/*--------------------------------*- C++ -*----------------------------------*\				
| =========                 |                                                 |				
| \\      /  F ield         | OpenFOAM: The Open Source CFD Toolbox           |				
|  \\    /   O peration     | Version:  2.3.0                                 |				
|   \\  /    A nd           | Web:      www.OpenFOAM.org                      |				
|    \\/     M anipulation  |                                                 |				
\*---------------------------------------------------------------------------*/				
FoamFile				
{				
    version     2.0;				
    format      ascii;				
    class       vectorField;				
    object      points;				
}				
// * * * * * * * * * * * * * * * * * * * * * * * * * * * * * * * * * * * * * //				
				
				
				
2800				
(				
(	-0.0458	8.96E-05	-2.28E-03	)
(	-0.0458	8.91E-05	-2.27E-03	)
(	-0.0458	2.68E-04	-2.27E-03	)
(	-0.0458	-8.96E-05	-2.28E-03	)
(	-0.0458	8.85E-05	-2.26E-03	)
(	-0.0458	2.67E-04	-2.26E-03	)
(	-0.0458	-8.91E-05	-2.27E-03	)
(	-0.0458	4.45E-04	-2.24E-03	)
(	-0.0458	-2.68E-04	-2.27E-03	)
(	-0.0458	8.80E-05	-2.25E-03	)
(	-0.0458	2.65E-04	-2.24E-03	)
(	-0.0458	-8.85E-05	-2.26E-03	)
(	-0.0458	4.43E-04	-2.23E-03	)
(	-0.0458	-2.67E-04	-2.26E-03	)
(	-0.0458	6.19E-04	-2.20E-03	)
(	-0.0458	-4.45E-04	-2.24E-03	)
(	-0.0458	8.74E-05	-2.24E-03	)
(	-0.0458	2.63E-04	-2.23E-03	)
(	-0.0458	-8.79E-05	-2.25E-03	)
(	-0.0458	4.40E-04	-2.22E-03	)
(	-0.0458	-2.65E-04	-2.24E-03	)
(	-0.0458	6.16E-04	-2.19E-03	)
(	-0.0458	-4.43E-04	-2.23E-03	)
(	-0.0458	7.90E-04	-2.14E-03	)
(	-0.0458	-6.19E-04	-2.20E-03	)
(	-0.0458	8.68E-05	-2.22E-03	)
(	-0.0458	2.62E-04	-2.22E-03	)
(	-0.0458	-8.73E-05	-2.24E-03	)
(	-0.0458	4.37E-04	-2.20E-03	)
(	-0.0458	-2.63E-04	-2.23E-03	)
(	-0.0458	6.12E-04	-2.17E-03	)
(	-0.0458	-4.40E-04	-2.22E-03	)
(	-0.0458	7.85E-04	-2.13E-03	)
(	-0.0458	-6.16E-04	-2.19E-03	)
(	-0.0458	9.55E-04	-2.07E-03	)
(	-0.0458	-7.90E-04	-2.14E-03	)
(	-0.0458	8.61E-05	-2.21E-03	)
(	-0.0458	2.60E-04	-2.21E-03	)
(	-0.0458	-8.67E-05	-2.22E-03	)
(	-0.0458	4.34E-04	-2.19E-03	)
(	-0.0458	-2.61E-04	-2.22E-03	)
(	-0.0458	6.08E-04	-2.16E-03	)
(	-0.0458	-4.37E-04	-2.20E-03	)
(	-0.0458	7.80E-04	-2.12E-03	)
(	-0.0458	-6.12E-04	-2.17E-03	)
(	-0.0458	9.50E-04	-2.06E-03	)
(	-0.0458	-7.85E-04	-2.13E-03	)
(	-0.0458	1.11E-03	-1.99E-03	)
(	-0.0458	-9.55E-04	-2.07E-03	)
(	-0.0458	8.54E-05	-2.20E-03	)
(	-0.0458	2.58E-04	-2.19E-03	)
(	-0.0458	-8.60E-05	-2.21E-03	)
(	-0.0458	4.31E-04	-2.18E-03	)
(	-0.0458	-2.60E-04	-2.21E-03	)
(	-0.0458	6.04E-04	-2.15E-03	)
(	-0.0458	-4.34E-04	-2.19E-03	)
(	-0.0458	7.75E-04	-2.11E-03	)
(	-0.0458	-6.08E-04	-2.16E-03	)
(	-0.0458	9.44E-04	-2.05E-03	)
(	-0.0458	-7.80E-04	-2.12E-03	)
(	-0.0458	1.11E-03	-1.98E-03	)
(	-0.0458	-9.50E-04	-2.06E-03	)
(	-0.0458	1.27E-03	-1.90E-03	)
(	-0.0458	-1.11E-03	-1.99E-03	)
(	-0.0458	8.47E-05	-2.18E-03	)
(	-0.0458	2.56E-04	-2.18E-03	)
(	-0.0458	-8.53E-05	-2.20E-03	)
(	-0.0458	4.28E-04	-2.16E-03	)
(	-0.0458	-2.57E-04	-2.19E-03	)
(	-0.0458	6.00E-04	-2.13E-03	)
(	-0.0458	-4.31E-04	-2.18E-03	)
(	-0.0458	7.70E-04	-2.09E-03	)
(	-0.0458	-6.04E-04	-2.15E-03	)
(	-0.0458	9.38E-04	-2.04E-03	)
(	-0.0458	-7.75E-04	-2.11E-03	)
(	-0.0458	1.10E-03	-1.97E-03	)
(	-0.0458	-9.44E-04	-2.05E-03	)
(	-0.0458	1.26E-03	-1.89E-03	)
(	-0.0458	-1.11E-03	-1.98E-03	)
(	-0.0458	1.41E-03	-1.79E-03	)
(	-0.0458	-1.27E-03	-1.90E-03	)
(	-0.0458	8.40E-05	-2.16E-03	)
(	-0.0458	2.54E-04	-2.16E-03	)
(	-0.0458	-8.46E-05	-2.18E-03	)
(	-0.0458	4.24E-04	-2.15E-03	)
(	-0.0458	-2.55E-04	-2.18E-03	)
(	-0.0458	5.95E-04	-2.12E-03	)
(	-0.0458	-4.27E-04	-2.16E-03	)
(	-0.0458	7.65E-04	-2.08E-03	)
(	-0.0458	-5.99E-04	-2.13E-03	)
(	-0.0458	9.31E-04	-2.02E-03	)
(	-0.0458	-7.70E-04	-2.09E-03	)
(	-0.0458	1.09E-03	-1.96E-03	)
(	-0.0458	-9.37E-04	-2.04E-03	)
(	-0.0458	1.25E-03	-1.88E-03	)
(	-0.0458	-1.10E-03	-1.97E-03	)
(	-0.0458	1.40E-03	-1.78E-03	)
(	-0.0458	-1.26E-03	-1.89E-03	)
(	-0.0458	1.55E-03	-1.68E-03	)
(	-0.0458	-1.41E-03	-1.79E-03	)
(	-0.0458	8.32E-05	-2.15E-03	)
(	-0.0458	2.51E-04	-2.15E-03	)
(	-0.0458	-8.38E-05	-2.16E-03	)
(	-0.0458	4.21E-04	-2.13E-03	)
(	-0.0458	-2.53E-04	-2.16E-03	)
(	-0.0458	5.90E-04	-2.10E-03	)
(	-0.0458	-4.24E-04	-2.15E-03	)
(	-0.0458	7.59E-04	-2.06E-03	)
(	-0.0458	-5.94E-04	-2.12E-03	)
(	-0.0458	9.25E-04	-2.01E-03	)
(	-0.0458	-7.64E-04	-2.08E-03	)
(	-0.0458	1.09E-03	-1.94E-03	)
(	-0.0458	-9.31E-04	-2.02E-03	)
(	-0.0458	1.24E-03	-1.86E-03	)
(	-0.0458	-1.09E-03	-1.96E-03	)
(	-0.0458	1.40E-03	-1.77E-03	)
(	-0.0458	-1.25E-03	-1.88E-03	)
(	-0.0458	1.54E-03	-1.67E-03	)
(	-0.0458	-1.40E-03	-1.78E-03	)
(	-0.0458	1.68E-03	-1.55E-03	)
(	-0.0458	-1.55E-03	-1.68E-03	)
(	-0.0458	8.23E-05	-2.13E-03	)
(	-0.0458	2.49E-04	-2.13E-03	)
(	-0.0458	-8.29E-05	-2.15E-03	)
(	-0.0458	4.17E-04	-2.11E-03	)
(	-0.0458	-2.51E-04	-2.15E-03	)
(	-0.0458	5.85E-04	-2.09E-03	)
(	-0.0458	-4.20E-04	-2.13E-03	)
(	-0.0458	7.53E-04	-2.05E-03	)
(	-0.0458	-5.89E-04	-2.10E-03	)
(	-0.0458	9.18E-04	-2.00E-03	)
(	-0.0458	-7.58E-04	-2.06E-03	)
(	-0.0458	1.08E-03	-1.93E-03	)
(	-0.0458	-9.24E-04	-2.01E-03	)
(	-0.0458	1.24E-03	-1.85E-03	)
(	-0.0458	-1.09E-03	-1.94E-03	)
(	-0.0458	1.39E-03	-1.76E-03	)
(	-0.0458	-1.24E-03	-1.86E-03	)
(	-0.0458	1.53E-03	-1.66E-03	)
(	-0.0458	-1.40E-03	-1.77E-03	)
(	-0.0458	1.67E-03	-1.54E-03	)
(	-0.0458	-1.54E-03	-1.67E-03	)
(	-0.0458	1.79E-03	-1.41E-03	)
(	-0.0458	-1.68E-03	-1.55E-03	)
(	-0.0458	8.14E-05	-2.11E-03	)
(	-0.0458	2.46E-04	-2.11E-03	)
(	-0.0458	-8.20E-05	-2.13E-03	)
(	-0.0458	4.13E-04	-2.10E-03	)
(	-0.0458	-2.48E-04	-2.13E-03	)
(	-0.0458	5.80E-04	-2.07E-03	)
(	-0.0458	-4.16E-04	-2.11E-03	)
(	-0.0458	7.47E-04	-2.03E-03	)
(	-0.0458	-5.84E-04	-2.09E-03	)
(	-0.0458	9.11E-04	-1.98E-03	)
(	-0.0458	-7.51E-04	-2.05E-03	)
(	-0.0458	1.07E-03	-1.92E-03	)
(	-0.0458	-9.17E-04	-2.00E-03	)
(	-0.0458	1.23E-03	-1.84E-03	)
(	-0.0458	-1.08E-03	-1.93E-03	)
(	-0.0458	1.38E-03	-1.75E-03	)
(	-0.0458	-1.24E-03	-1.85E-03	)
(	-0.0458	1.52E-03	-1.65E-03	)
(	-0.0458	-1.39E-03	-1.76E-03	)
(	-0.0458	1.66E-03	-1.53E-03	)
(	-0.0458	-1.53E-03	-1.66E-03	)
(	-0.0458	1.78E-03	-1.40E-03	)
(	-0.0458	-1.67E-03	-1.54E-03	)
(	-0.0458	1.90E-03	-1.27E-03	)
(	-0.0458	-1.79E-03	-1.41E-03	)
(	-0.0458	8.04E-05	-2.09E-03	)
(	-0.0458	2.44E-04	-2.09E-03	)
(	-0.0458	-8.10E-05	-2.11E-03	)
(	-0.0458	4.09E-04	-2.08E-03	)
(	-0.0458	-2.45E-04	-2.11E-03	)
(	-0.0458	5.75E-04	-2.05E-03	)
(	-0.0458	-4.11E-04	-2.10E-03	)
(	-0.0458	7.40E-04	-2.02E-03	)
(	-0.0458	-5.78E-04	-2.07E-03	)
(	-0.0458	9.03E-04	-1.97E-03	)
(	-0.0458	-7.45E-04	-2.03E-03	)
(	-0.0458	1.06E-03	-1.90E-03	)
(	-0.0458	-9.09E-04	-1.98E-03	)
(	-0.0458	1.22E-03	-1.83E-03	)
(	-0.0458	-1.07E-03	-1.92E-03	)
(	-0.0458	1.37E-03	-1.74E-03	)
(	-0.0458	-1.23E-03	-1.84E-03	)
(	-0.0458	1.51E-03	-1.63E-03	)
(	-0.0458	-1.38E-03	-1.75E-03	)
(	-0.0458	1.65E-03	-1.52E-03	)
(	-0.0458	-1.52E-03	-1.65E-03	)
(	-0.0458	1.77E-03	-1.40E-03	)
(	-0.0458	-1.66E-03	-1.53E-03	)
(	-0.0458	1.89E-03	-1.26E-03	)
(	-0.0458	-1.78E-03	-1.40E-03	)
(	-0.0458	1.99E-03	-1.11E-03	)
(	-0.0458	-1.90E-03	-1.27E-03	)
(	-0.0458	7.94E-05	-2.07E-03	)
(	-0.0458	2.41E-04	-2.07E-03	)
(	-0.0458	-8.00E-05	-2.09E-03	)
(	-0.0458	4.04E-04	-2.06E-03	)
(	-0.0458	-2.42E-04	-2.09E-03	)
(	-0.0458	5.69E-04	-2.03E-03	)
(	-0.0458	-4.07E-04	-2.08E-03	)
(	-0.0458	7.33E-04	-2.00E-03	)
(	-0.0458	-5.72E-04	-2.05E-03	)
(	-0.0458	8.95E-04	-1.95E-03	)
(	-0.0458	-7.37E-04	-2.01E-03	)
(	-0.0458	1.05E-03	-1.89E-03	)
(	-0.0458	-9.01E-04	-1.96E-03	)
(	-0.0458	1.21E-03	-1.81E-03	)
(	-0.0458	-1.06E-03	-1.90E-03	)
(	-0.0458	1.36E-03	-1.72E-03	)
(	-0.0458	-1.22E-03	-1.82E-03	)
(	-0.0458	1.50E-03	-1.62E-03	)
(	-0.0458	-1.37E-03	-1.74E-03	)
(	-0.0458	1.64E-03	-1.51E-03	)
(	-0.0458	-1.51E-03	-1.63E-03	)
(	-0.0458	1.76E-03	-1.39E-03	)
(	-0.0458	-1.65E-03	-1.52E-03	)
(	-0.0458	1.88E-03	-1.25E-03	)
(	-0.0458	-1.77E-03	-1.40E-03	)
(	-0.0458	1.98E-03	-1.11E-03	)
(	-0.0458	-1.89E-03	-1.26E-03	)
(	-0.0458	2.07E-03	-9.55E-04	)
(	-0.0458	-1.99E-03	-1.11E-03	)
(	-0.0458	7.83E-05	-2.04E-03	)
(	-0.0458	2.38E-04	-2.04E-03	)
(	-0.0458	-7.89E-05	-2.07E-03	)
(	-0.0458	4.00E-04	-2.03E-03	)
(	-0.0458	-2.39E-04	-2.07E-03	)
(	-0.0458	5.63E-04	-2.01E-03	)
(	-0.0458	-4.02E-04	-2.06E-03	)
(	-0.0458	7.25E-04	-1.98E-03	)
(	-0.0458	-5.66E-04	-2.03E-03	)
(	-0.0458	8.87E-04	-1.93E-03	)
(	-0.0458	-7.30E-04	-2.00E-03	)
(	-0.0458	1.05E-03	-1.87E-03	)
(	-0.0458	-8.92E-04	-1.95E-03	)
(	-0.0458	1.20E-03	-1.80E-03	)
(	-0.0458	-1.05E-03	-1.89E-03	)
(	-0.0458	1.35E-03	-1.71E-03	)
(	-0.0458	-1.21E-03	-1.81E-03	)
(	-0.0458	1.49E-03	-1.61E-03	)
(	-0.0458	-1.36E-03	-1.72E-03	)
(	-0.0458	1.62E-03	-1.50E-03	)
(	-0.0458	-1.50E-03	-1.62E-03	)
(	-0.0458	1.75E-03	-1.38E-03	)
(	-0.0458	-1.63E-03	-1.51E-03	)
(	-0.0458	1.86E-03	-1.24E-03	)
(	-0.0458	-1.76E-03	-1.39E-03	)
(	-0.0458	1.97E-03	-1.10E-03	)
(	-0.0458	-1.88E-03	-1.25E-03	)
(	-0.0458	2.06E-03	-9.50E-04	)
(	-0.0458	-1.98E-03	-1.11E-03	)
(	-0.0458	2.14E-03	-7.90E-04	)
(	-0.0458	-2.07E-03	-9.55E-04	)
(	-0.0458	7.71E-05	-2.02E-03	)
(	-0.0458	2.34E-04	-2.02E-03	)
(	-0.0458	-7.77E-05	-2.04E-03	)
(	-0.0458	3.94E-04	-2.01E-03	)
(	-0.0458	-2.36E-04	-2.04E-03	)
(	-0.0458	5.56E-04	-1.99E-03	)
(	-0.0458	-3.97E-04	-2.03E-03	)
(	-0.0458	7.17E-04	-1.96E-03	)
(	-0.0458	-5.59E-04	-2.01E-03	)
(	-0.0458	8.78E-04	-1.91E-03	)
(	-0.0458	-7.21E-04	-1.98E-03	)
(	-0.0458	1.04E-03	-1.85E-03	)
(	-0.0458	-8.83E-04	-1.93E-03	)
(	-0.0458	1.19E-03	-1.78E-03	)
(	-0.0458	-1.04E-03	-1.87E-03	)
(	-0.0458	1.34E-03	-1.70E-03	)
(	-0.0458	-1.20E-03	-1.79E-03	)
(	-0.0458	1.48E-03	-1.60E-03	)
(	-0.0458	-1.34E-03	-1.71E-03	)
(	-0.0458	1.61E-03	-1.49E-03	)
(	-0.0458	-1.49E-03	-1.61E-03	)
(	-0.0458	1.74E-03	-1.37E-03	)
(	-0.0458	-1.62E-03	-1.50E-03	)
(	-0.0458	1.85E-03	-1.24E-03	)
(	-0.0458	-1.75E-03	-1.38E-03	)
(	-0.0458	1.96E-03	-1.09E-03	)
(	-0.0458	-1.86E-03	-1.24E-03	)
(	-0.0458	2.05E-03	-9.44E-04	)
(	-0.0458	-1.97E-03	-1.10E-03	)
(	-0.0458	2.13E-03	-7.85E-04	)
(	-0.0458	-2.06E-03	-9.50E-04	)
(	-0.0458	2.20E-03	-6.19E-04	)
(	-0.0458	-2.14E-03	-7.90E-04	)
(	-0.0458	7.59E-05	-1.99E-03	)
(	-0.0458	2.31E-04	-1.99E-03	)
(	-0.0458	-7.64E-05	-2.02E-03	)
(	-0.0458	3.89E-04	-1.98E-03	)
(	-0.0458	-2.32E-04	-2.02E-03	)
(	-0.0458	5.49E-04	-1.97E-03	)
(	-0.0458	-3.91E-04	-2.01E-03	)
(	-0.0458	7.09E-04	-1.93E-03	)
(	-0.0458	-5.52E-04	-1.99E-03	)
(	-0.0458	8.68E-04	-1.89E-03	)
(	-0.0458	-7.13E-04	-1.96E-03	)
(	-0.0458	1.02E-03	-1.83E-03	)
(	-0.0458	-8.73E-04	-1.91E-03	)
(	-0.0458	1.18E-03	-1.76E-03	)
(	-0.0458	-1.03E-03	-1.85E-03	)
(	-0.0458	1.33E-03	-1.68E-03	)
(	-0.0458	-1.18E-03	-1.78E-03	)
(	-0.0458	1.47E-03	-1.58E-03	)
(	-0.0458	-1.33E-03	-1.69E-03	)
(	-0.0458	1.60E-03	-1.48E-03	)
(	-0.0458	-1.48E-03	-1.60E-03	)
(	-0.0458	1.73E-03	-1.36E-03	)
(	-0.0458	-1.61E-03	-1.49E-03	)
(	-0.0458	1.84E-03	-1.23E-03	)
(	-0.0458	-1.74E-03	-1.37E-03	)
(	-0.0458	1.95E-03	-1.09E-03	)
(	-0.0458	-1.85E-03	-1.24E-03	)
(	-0.0458	2.04E-03	-9.38E-04	)
(	-0.0458	-1.96E-03	-1.09E-03	)
(	-0.0458	2.12E-03	-7.80E-04	)
(	-0.0458	-2.05E-03	-9.44E-04	)
(	-0.0458	2.19E-03	-6.16E-04	)
(	-0.0458	-2.13E-03	-7.85E-04	)
(	-0.0458	2.24E-03	-4.45E-04	)
(	-0.0458	-2.20E-03	-6.19E-04	)
(	-0.0458	7.45E-05	-1.96E-03	)
(	-0.0458	2.27E-04	-1.96E-03	)
(	-0.0458	-7.50E-05	-1.99E-03	)
(	-0.0458	3.83E-04	-1.96E-03	)
(	-0.0458	-2.28E-04	-1.99E-03	)
(	-0.0458	5.41E-04	-1.94E-03	)
(	-0.0458	-3.85E-04	-1.98E-03	)
(	-0.0458	7.00E-04	-1.91E-03	)
(	-0.0458	-5.44E-04	-1.96E-03	)
(	-0.0458	8.58E-04	-1.87E-03	)
(	-0.0458	-7.03E-04	-1.93E-03	)
(	-0.0458	1.01E-03	-1.81E-03	)
(	-0.0458	-8.62E-04	-1.89E-03	)
(	-0.0458	1.17E-03	-1.74E-03	)
(	-0.0458	-1.02E-03	-1.83E-03	)
(	-0.0458	1.31E-03	-1.66E-03	)
(	-0.0458	-1.17E-03	-1.76E-03	)
(	-0.0458	1.45E-03	-1.57E-03	)
(	-0.0458	-1.32E-03	-1.68E-03	)
(	-0.0458	1.59E-03	-1.46E-03	)
(	-0.0458	-1.46E-03	-1.58E-03	)
(	-0.0458	1.71E-03	-1.35E-03	)
(	-0.0458	-1.60E-03	-1.48E-03	)
(	-0.0458	1.83E-03	-1.22E-03	)
(	-0.0458	-1.72E-03	-1.36E-03	)
(	-0.0458	1.93E-03	-1.08E-03	)
(	-0.0458	-1.84E-03	-1.23E-03	)
(	-0.0458	2.03E-03	-9.31E-04	)
(	-0.0458	-1.94E-03	-1.09E-03	)
(	-0.0458	2.11E-03	-7.75E-04	)
(	-0.0458	-2.04E-03	-9.37E-04	)
(	-0.0458	2.17E-03	-6.12E-04	)
(	-0.0458	-2.12E-03	-7.80E-04	)
(	-0.0458	2.23E-03	-4.43E-04	)
(	-0.0458	-2.19E-03	-6.16E-04	)
(	-0.0458	2.27E-03	-2.68E-04	)
(	-0.0458	-2.24E-03	-4.45E-04	)
(	-0.0458	7.29E-05	-1.92E-03	)
(	-0.0458	2.23E-04	-1.93E-03	)
(	-0.0458	-7.35E-05	-1.96E-03	)
(	-0.0458	3.77E-04	-1.93E-03	)
(	-0.0458	-2.24E-04	-1.96E-03	)
(	-0.0458	5.33E-04	-1.91E-03	)
(	-0.0458	-3.79E-04	-1.96E-03	)
(	-0.0458	6.90E-04	-1.89E-03	)
(	-0.0458	-5.36E-04	-1.94E-03	)
(	-0.0458	8.47E-04	-1.84E-03	)
(	-0.0458	-6.93E-04	-1.91E-03	)
(	-0.0458	1.00E-03	-1.79E-03	)
(	-0.0458	-8.51E-04	-1.87E-03	)
(	-0.0458	1.15E-03	-1.73E-03	)
(	-0.0458	-1.01E-03	-1.81E-03	)
(	-0.0458	1.30E-03	-1.65E-03	)
(	-0.0458	-1.16E-03	-1.74E-03	)
(	-0.0458	1.44E-03	-1.55E-03	)
(	-0.0458	-1.31E-03	-1.66E-03	)
(	-0.0458	1.57E-03	-1.45E-03	)
(	-0.0458	-1.45E-03	-1.57E-03	)
(	-0.0458	1.70E-03	-1.33E-03	)
(	-0.0458	-1.58E-03	-1.46E-03	)
(	-0.0458	1.82E-03	-1.21E-03	)
(	-0.0458	-1.71E-03	-1.34E-03	)
(	-0.0458	1.92E-03	-1.07E-03	)
(	-0.0458	-1.82E-03	-1.22E-03	)
(	-0.0458	2.01E-03	-9.24E-04	)
(	-0.0458	-1.93E-03	-1.08E-03	)
(	-0.0458	2.09E-03	-7.70E-04	)
(	-0.0458	-2.02E-03	-9.31E-04	)
(	-0.0458	2.16E-03	-6.08E-04	)
(	-0.0458	-2.11E-03	-7.75E-04	)
(	-0.0458	2.22E-03	-4.40E-04	)
(	-0.0458	-2.17E-03	-6.12E-04	)
(	-0.0458	2.26E-03	-2.67E-04	)
(	-0.0458	-2.23E-03	-4.43E-04	)
(	-0.0458	2.28E-03	-8.96E-05	)
(	-0.0458	-2.27E-03	-2.68E-04	)
(	-0.0458	7.13E-05	-1.89E-03	)
(	-0.0458	2.18E-04	-1.90E-03	)
(	-0.0458	-7.19E-05	-1.92E-03	)
(	-0.0458	3.70E-04	-1.90E-03	)
(	-0.0458	-2.20E-04	-1.93E-03	)
(	-0.0458	5.24E-04	-1.88E-03	)
(	-0.0458	-3.72E-04	-1.93E-03	)
(	-0.0458	6.80E-04	-1.86E-03	)
(	-0.0458	-5.27E-04	-1.91E-03	)
(	-0.0458	8.35E-04	-1.82E-03	)
(	-0.0458	-6.83E-04	-1.88E-03	)
(	-0.0458	9.89E-04	-1.77E-03	)
(	-0.0458	-8.39E-04	-1.84E-03	)
(	-0.0458	1.14E-03	-1.70E-03	)
(	-0.0458	-9.93E-04	-1.79E-03	)
(	-0.0458	1.29E-03	-1.63E-03	)
(	-0.0458	-1.14E-03	-1.72E-03	)
(	-0.0458	1.43E-03	-1.54E-03	)
(	-0.0458	-1.29E-03	-1.64E-03	)
(	-0.0458	1.56E-03	-1.44E-03	)
(	-0.0458	-1.43E-03	-1.55E-03	)
(	-0.0458	1.69E-03	-1.32E-03	)
(	-0.0458	-1.57E-03	-1.45E-03	)
(	-0.0458	1.80E-03	-1.20E-03	)
(	-0.0458	-1.69E-03	-1.33E-03	)
(	-0.0458	1.91E-03	-1.06E-03	)
(	-0.0458	-1.81E-03	-1.21E-03	)
(	-0.0458	2.00E-03	-9.17E-04	)
(	-0.0458	-1.92E-03	-1.07E-03	)
(	-0.0458	2.08E-03	-7.64E-04	)
(	-0.0458	-2.01E-03	-9.24E-04	)
(	-0.0458	2.15E-03	-6.04E-04	)
(	-0.0458	-2.09E-03	-7.70E-04	)
(	-0.0458	2.20E-03	-4.37E-04	)
(	-0.0458	-2.16E-03	-6.08E-04	)
(	-0.0458	2.25E-03	-2.65E-04	)
(	-0.0458	-2.22E-03	-4.40E-04	)
(	-0.0458	2.27E-03	-8.91E-05	)
(	-0.0458	-2.26E-03	-2.67E-04	)
(	-0.0458	2.28E-03	8.96E-05	)
(	-0.0458	-2.28E-03	-8.96E-05	)
(	-0.0458	6.95E-05	-1.85E-03	)
(	-0.0458	2.13E-04	-1.86E-03	)
(	-0.0458	-7.01E-05	-1.89E-03	)
(	-0.0458	3.62E-04	-1.86E-03	)
(	-0.0458	-2.15E-04	-1.90E-03	)
(	-0.0458	5.14E-04	-1.85E-03	)
(	-0.0458	-3.64E-04	-1.90E-03	)
(	-0.0458	6.68E-04	-1.83E-03	)
(	-0.0458	-5.17E-04	-1.88E-03	)
(	-0.0458	8.23E-04	-1.79E-03	)
(	-0.0458	-6.71E-04	-1.86E-03	)
(	-0.0458	9.76E-04	-1.74E-03	)
(	-0.0458	-8.26E-04	-1.82E-03	)
(	-0.0458	1.13E-03	-1.68E-03	)
(	-0.0458	-9.79E-04	-1.77E-03	)
(	-0.0458	1.27E-03	-1.61E-03	)
(	-0.0458	-1.13E-03	-1.70E-03	)
(	-0.0458	1.41E-03	-1.52E-03	)
(	-0.0458	-1.28E-03	-1.62E-03	)
(	-0.0458	1.55E-03	-1.42E-03	)
(	-0.0458	-1.42E-03	-1.54E-03	)
(	-0.0458	1.67E-03	-1.31E-03	)
(	-0.0458	-1.55E-03	-1.43E-03	)
(	-0.0458	1.79E-03	-1.19E-03	)
(	-0.0458	-1.68E-03	-1.32E-03	)
(	-0.0458	1.89E-03	-1.05E-03	)
(	-0.0458	-1.79E-03	-1.20E-03	)
(	-0.0458	1.99E-03	-9.10E-04	)
(	-0.0458	-1.90E-03	-1.06E-03	)
(	-0.0458	2.07E-03	-7.58E-04	)
(	-0.0458	-2.00E-03	-9.17E-04	)
(	-0.0458	2.14E-03	-5.99E-04	)
(	-0.0458	-2.08E-03	-7.64E-04	)
(	-0.0458	2.19E-03	-4.34E-04	)
(	-0.0458	-2.15E-03	-6.04E-04	)
(	-0.0458	2.23E-03	-2.63E-04	)
(	-0.0458	-2.20E-03	-4.37E-04	)
(	-0.0458	2.26E-03	-8.85E-05	)
(	-0.0458	-2.24E-03	-2.65E-04	)
(	-0.0458	2.27E-03	8.91E-05	)
(	-0.0458	-2.27E-03	-8.91E-05	)
(	-0.0458	2.27E-03	2.68E-04	)
(	-0.0458	-2.28E-03	8.96E-05	)
(	-0.0458	6.74E-05	-1.81E-03	)
(	-0.0458	2.08E-04	-1.82E-03	)
(	-0.0458	-6.81E-05	-1.85E-03	)
(	-0.0458	3.54E-04	-1.82E-03	)
(	-0.0458	-2.09E-04	-1.86E-03	)
(	-0.0458	5.04E-04	-1.82E-03	)
(	-0.0458	-3.56E-04	-1.86E-03	)
(	-0.0458	6.56E-04	-1.80E-03	)
(	-0.0458	-5.06E-04	-1.85E-03	)
(	-0.0458	8.09E-04	-1.76E-03	)
(	-0.0458	-6.59E-04	-1.83E-03	)
(	-0.0458	9.61E-04	-1.72E-03	)
(	-0.0458	-8.12E-04	-1.79E-03	)
(	-0.0458	1.11E-03	-1.66E-03	)
(	-0.0458	-9.64E-04	-1.74E-03	)
(	-0.0458	1.26E-03	-1.59E-03	)
(	-0.0458	-1.11E-03	-1.68E-03	)
(	-0.0458	1.40E-03	-1.50E-03	)
(	-0.0458	-1.26E-03	-1.60E-03	)
(	-0.0458	1.53E-03	-1.40E-03	)
(	-0.0458	-1.40E-03	-1.52E-03	)
(	-0.0458	1.66E-03	-1.30E-03	)
(	-0.0458	-1.54E-03	-1.42E-03	)
(	-0.0458	1.77E-03	-1.17E-03	)
(	-0.0458	-1.66E-03	-1.31E-03	)
(	-0.0458	1.88E-03	-1.04E-03	)
(	-0.0458	-1.78E-03	-1.18E-03	)
(	-0.0458	1.97E-03	-9.02E-04	)
(	-0.0458	-1.89E-03	-1.05E-03	)
(	-0.0458	2.05E-03	-7.52E-04	)
(	-0.0458	-1.98E-03	-9.09E-04	)
(	-0.0458	2.12E-03	-5.95E-04	)
(	-0.0458	-2.06E-03	-7.58E-04	)
(	-0.0458	2.18E-03	-4.31E-04	)
(	-0.0458	-2.13E-03	-5.99E-04	)
(	-0.0458	2.22E-03	-2.62E-04	)
(	-0.0458	-2.19E-03	-4.34E-04	)
(	-0.0458	2.25E-03	-8.80E-05	)
(	-0.0458	-2.23E-03	-2.63E-04	)
(	-0.0458	2.26E-03	8.85E-05	)
(	-0.0458	-2.26E-03	-8.85E-05	)
(	-0.0458	2.26E-03	2.67E-04	)
(	-0.0458	-2.27E-03	8.91E-05	)
(	-0.0458	2.24E-03	4.45E-04	)
(	-0.0458	-2.27E-03	2.68E-04	)
(	-0.0458	6.52E-05	-1.76E-03	)
(	-0.0458	2.02E-04	-1.78E-03	)
(	-0.0458	-6.60E-05	-1.81E-03	)
(	-0.0458	3.45E-04	-1.78E-03	)
(	-0.0458	-2.04E-04	-1.82E-03	)
(	-0.0458	4.92E-04	-1.78E-03	)
(	-0.0458	-3.47E-04	-1.82E-03	)
(	-0.0458	6.43E-04	-1.76E-03	)
(	-0.0458	-4.95E-04	-1.81E-03	)
(	-0.0458	7.94E-04	-1.73E-03	)
(	-0.0458	-6.45E-04	-1.79E-03	)
(	-0.0458	9.45E-04	-1.69E-03	)
(	-0.0458	-7.97E-04	-1.76E-03	)
(	-0.0458	1.09E-03	-1.63E-03	)
(	-0.0458	-9.48E-04	-1.71E-03	)
(	-0.0458	1.24E-03	-1.56E-03	)
(	-0.0458	-1.10E-03	-1.65E-03	)
(	-0.0458	1.38E-03	-1.48E-03	)
(	-0.0458	-1.24E-03	-1.58E-03	)
(	-0.0458	1.51E-03	-1.39E-03	)
(	-0.0458	-1.38E-03	-1.50E-03	)
(	-0.0458	1.64E-03	-1.28E-03	)
(	-0.0458	-1.52E-03	-1.40E-03	)
(	-0.0458	1.75E-03	-1.16E-03	)
(	-0.0458	-1.64E-03	-1.29E-03	)
(	-0.0458	1.86E-03	-1.03E-03	)
(	-0.0458	-1.76E-03	-1.17E-03	)
(	-0.0458	1.96E-03	-8.94E-04	)
(	-0.0458	-1.87E-03	-1.04E-03	)
(	-0.0458	2.04E-03	-7.46E-04	)
(	-0.0458	-1.96E-03	-9.01E-04	)
(	-0.0458	2.11E-03	-5.90E-04	)
(	-0.0458	-2.05E-03	-7.51E-04	)
(	-0.0458	2.17E-03	-4.28E-04	)
(	-0.0458	-2.12E-03	-5.94E-04	)
(	-0.0458	2.21E-03	-2.60E-04	)
(	-0.0458	-2.18E-03	-4.31E-04	)
(	-0.0458	2.24E-03	-8.74E-05	)
(	-0.0458	-2.22E-03	-2.61E-04	)
(	-0.0458	2.25E-03	8.80E-05	)
(	-0.0458	-2.25E-03	-8.79E-05	)
(	-0.0458	2.25E-03	2.65E-04	)
(	-0.0458	-2.26E-03	8.85E-05	)
(	-0.0458	2.23E-03	4.43E-04	)
(	-0.0458	-2.26E-03	2.67E-04	)
(	-0.0458	2.20E-03	6.19E-04	)
(	-0.0458	-2.24E-03	4.45E-04	)
(	-0.0458	6.26E-05	-1.71E-03	)
(	-0.0458	1.95E-04	-1.73E-03	)
(	-0.0458	-6.37E-05	-1.76E-03	)
(	-0.0458	3.34E-04	-1.74E-03	)
(	-0.0458	-1.97E-04	-1.78E-03	)
(	-0.0458	4.79E-04	-1.74E-03	)
(	-0.0458	-3.37E-04	-1.78E-03	)
(	-0.0458	6.28E-04	-1.72E-03	)
(	-0.0458	-4.82E-04	-1.78E-03	)
(	-0.0458	7.78E-04	-1.70E-03	)
(	-0.0458	-6.31E-04	-1.76E-03	)
(	-0.0458	9.28E-04	-1.66E-03	)
(	-0.0458	-7.81E-04	-1.73E-03	)
(	-0.0458	1.08E-03	-1.61E-03	)
(	-0.0458	-9.31E-04	-1.68E-03	)
(	-0.0458	1.22E-03	-1.54E-03	)
(	-0.0458	-1.08E-03	-1.63E-03	)
(	-0.0458	1.36E-03	-1.46E-03	)
(	-0.0458	-1.22E-03	-1.56E-03	)
(	-0.0458	1.49E-03	-1.37E-03	)
(	-0.0458	-1.36E-03	-1.48E-03	)
(	-0.0458	1.62E-03	-1.26E-03	)
(	-0.0458	-1.50E-03	-1.38E-03	)
(	-0.0458	1.74E-03	-1.15E-03	)
(	-0.0458	-1.62E-03	-1.28E-03	)
(	-0.0458	1.84E-03	-1.02E-03	)
(	-0.0458	-1.74E-03	-1.16E-03	)
(	-0.0458	1.94E-03	-8.85E-04	)
(	-0.0458	-1.85E-03	-1.03E-03	)
(	-0.0458	2.02E-03	-7.39E-04	)
(	-0.0458	-1.95E-03	-8.92E-04	)
(	-0.0458	2.10E-03	-5.85E-04	)
(	-0.0458	-2.03E-03	-7.45E-04	)
(	-0.0458	2.15E-03	-4.24E-04	)
(	-0.0458	-2.10E-03	-5.89E-04	)
(	-0.0458	2.20E-03	-2.58E-04	)
(	-0.0458	-2.16E-03	-4.27E-04	)
(	-0.0458	2.23E-03	-8.67E-05	)
(	-0.0458	-2.21E-03	-2.60E-04	)
(	-0.0458	2.24E-03	8.74E-05	)
(	-0.0458	-2.24E-03	-8.73E-05	)
(	-0.0458	2.23E-03	2.63E-04	)
(	-0.0458	-2.25E-03	8.79E-05	)
(	-0.0458	2.22E-03	4.40E-04	)
(	-0.0458	-2.24E-03	2.65E-04	)
(	-0.0458	2.19E-03	6.16E-04	)
(	-0.0458	-2.23E-03	4.43E-04	)
(	-0.0458	2.14E-03	7.90E-04	)
(	-0.0458	-2.20E-03	6.19E-04	)
(	-0.0458	5.97E-05	-1.65E-03	)
(	-0.0458	1.87E-04	-1.67E-03	)
(	-0.0458	-6.11E-05	-1.71E-03	)
(	-0.0458	3.23E-04	-1.69E-03	)
(	-0.0458	-1.90E-04	-1.73E-03	)
(	-0.0458	4.65E-04	-1.69E-03	)
(	-0.0458	-3.27E-04	-1.74E-03	)
(	-0.0458	6.12E-04	-1.68E-03	)
(	-0.0458	-4.69E-04	-1.73E-03	)
(	-0.0458	7.60E-04	-1.66E-03	)
(	-0.0458	-6.15E-04	-1.72E-03	)
(	-0.0458	9.09E-04	-1.62E-03	)
(	-0.0458	-7.63E-04	-1.69E-03	)
(	-0.0458	1.06E-03	-1.58E-03	)
(	-0.0458	-9.12E-04	-1.65E-03	)
(	-0.0458	1.20E-03	-1.51E-03	)
(	-0.0458	-1.06E-03	-1.60E-03	)
(	-0.0458	1.34E-03	-1.44E-03	)
(	-0.0458	-1.20E-03	-1.53E-03	)
(	-0.0458	1.48E-03	-1.35E-03	)
(	-0.0458	-1.34E-03	-1.46E-03	)
(	-0.0458	1.60E-03	-1.25E-03	)
(	-0.0458	-1.48E-03	-1.36E-03	)
(	-0.0458	1.72E-03	-1.13E-03	)
(	-0.0458	-1.60E-03	-1.26E-03	)
(	-0.0458	1.83E-03	-1.01E-03	)
(	-0.0458	-1.72E-03	-1.14E-03	)
(	-0.0458	1.92E-03	-8.75E-04	)
(	-0.0458	-1.83E-03	-1.02E-03	)
(	-0.0458	2.01E-03	-7.32E-04	)
(	-0.0458	-1.93E-03	-8.83E-04	)
(	-0.0458	2.08E-03	-5.80E-04	)
(	-0.0458	-2.01E-03	-7.37E-04	)
(	-0.0458	2.14E-03	-4.21E-04	)
(	-0.0458	-2.09E-03	-5.84E-04	)
(	-0.0458	2.18E-03	-2.56E-04	)
(	-0.0458	-2.15E-03	-4.24E-04	)
(	-0.0458	2.21E-03	-8.61E-05	)
(	-0.0458	-2.19E-03	-2.57E-04	)
(	-0.0458	2.23E-03	8.68E-05	)
(	-0.0458	-2.22E-03	-8.67E-05	)
(	-0.0458	2.22E-03	2.62E-04	)
(	-0.0458	-2.24E-03	8.73E-05	)
(	-0.0458	2.20E-03	4.37E-04	)
(	-0.0458	-2.23E-03	2.63E-04	)
(	-0.0458	2.17E-03	6.12E-04	)
(	-0.0458	-2.22E-03	4.40E-04	)
(	-0.0458	2.13E-03	7.85E-04	)
(	-0.0458	-2.19E-03	6.16E-04	)
(	-0.0458	2.07E-03	9.55E-04	)
(	-0.0458	-2.14E-03	7.90E-04	)
(	-0.0458	5.64E-05	-1.58E-03	)
(	-0.0458	1.79E-04	-1.61E-03	)
(	-0.0458	-5.82E-05	-1.65E-03	)
(	-0.0458	3.10E-04	-1.63E-03	)
(	-0.0458	-1.82E-04	-1.67E-03	)
(	-0.0458	4.49E-04	-1.64E-03	)
(	-0.0458	-3.15E-04	-1.69E-03	)
(	-0.0458	5.94E-04	-1.64E-03	)
(	-0.0458	-4.54E-04	-1.69E-03	)
(	-0.0458	7.41E-04	-1.62E-03	)
(	-0.0458	-5.97E-04	-1.68E-03	)
(	-0.0458	8.89E-04	-1.59E-03	)
(	-0.0458	-7.44E-04	-1.65E-03	)
(	-0.0458	1.04E-03	-1.54E-03	)
(	-0.0458	-8.91E-04	-1.62E-03	)
(	-0.0458	1.18E-03	-1.48E-03	)
(	-0.0458	-1.04E-03	-1.57E-03	)
(	-0.0458	1.32E-03	-1.41E-03	)
(	-0.0458	-1.18E-03	-1.51E-03	)
(	-0.0458	1.45E-03	-1.33E-03	)
(	-0.0458	-1.32E-03	-1.43E-03	)
(	-0.0458	1.58E-03	-1.23E-03	)
(	-0.0458	-1.46E-03	-1.34E-03	)
(	-0.0458	1.70E-03	-1.12E-03	)
(	-0.0458	-1.58E-03	-1.24E-03	)
(	-0.0458	1.81E-03	-9.98E-04	)
(	-0.0458	-1.70E-03	-1.13E-03	)
(	-0.0458	1.91E-03	-8.66E-04	)
(	-0.0458	-1.81E-03	-1.01E-03	)
(	-0.0458	1.99E-03	-7.24E-04	)
(	-0.0458	-1.91E-03	-8.73E-04	)
(	-0.0458	2.06E-03	-5.74E-04	)
(	-0.0458	-2.00E-03	-7.30E-04	)
(	-0.0458	2.12E-03	-4.17E-04	)
(	-0.0458	-2.07E-03	-5.78E-04	)
(	-0.0458	2.17E-03	-2.54E-04	)
(	-0.0458	-2.13E-03	-4.20E-04	)
(	-0.0458	2.20E-03	-8.54E-05	)
(	-0.0458	-2.18E-03	-2.55E-04	)
(	-0.0458	2.21E-03	8.61E-05	)
(	-0.0458	-2.21E-03	-8.60E-05	)
(	-0.0458	2.21E-03	2.60E-04	)
(	-0.0458	-2.22E-03	8.67E-05	)
(	-0.0458	2.19E-03	4.34E-04	)
(	-0.0458	-2.22E-03	2.61E-04	)
(	-0.0458	2.16E-03	6.08E-04	)
(	-0.0458	-2.20E-03	4.37E-04	)
(	-0.0458	2.12E-03	7.80E-04	)
(	-0.0458	-2.17E-03	6.12E-04	)
(	-0.0458	2.06E-03	9.50E-04	)
(	-0.0458	-2.13E-03	7.85E-04	)
(	-0.0458	1.99E-03	1.11E-03	)
(	-0.0458	-2.07E-03	9.55E-04	)
(	-0.0458	5.26E-05	-1.51E-03	)
(	-0.0458	1.69E-04	-1.55E-03	)
(	-0.0458	-5.49E-05	-1.58E-03	)
(	-0.0458	2.96E-04	-1.57E-03	)
(	-0.0458	-1.74E-04	-1.61E-03	)
(	-0.0458	4.32E-04	-1.58E-03	)
(	-0.0458	-3.02E-04	-1.63E-03	)
(	-0.0458	5.73E-04	-1.58E-03	)
(	-0.0458	-4.37E-04	-1.64E-03	)
(	-0.0458	7.19E-04	-1.57E-03	)
(	-0.0458	-5.78E-04	-1.63E-03	)
(	-0.0458	8.66E-04	-1.55E-03	)
(	-0.0458	-7.23E-04	-1.61E-03	)
(	-0.0458	1.01E-03	-1.51E-03	)
(	-0.0458	-8.69E-04	-1.58E-03	)
(	-0.0458	1.16E-03	-1.45E-03	)
(	-0.0458	-1.01E-03	-1.54E-03	)
(	-0.0458	1.30E-03	-1.39E-03	)
(	-0.0458	-1.16E-03	-1.48E-03	)
(	-0.0458	1.43E-03	-1.30E-03	)
(	-0.0458	-1.30E-03	-1.41E-03	)
(	-0.0458	1.56E-03	-1.21E-03	)
(	-0.0458	-1.43E-03	-1.32E-03	)
(	-0.0458	1.68E-03	-1.10E-03	)
(	-0.0458	-1.56E-03	-1.22E-03	)
(	-0.0458	1.79E-03	-9.84E-04	)
(	-0.0458	-1.68E-03	-1.11E-03	)
(	-0.0458	1.89E-03	-8.55E-04	)
(	-0.0458	-1.79E-03	-9.93E-04	)
(	-0.0458	1.97E-03	-7.16E-04	)
(	-0.0458	-1.89E-03	-8.62E-04	)
(	-0.0458	2.05E-03	-5.68E-04	)
(	-0.0458	-1.98E-03	-7.21E-04	)
(	-0.0458	2.11E-03	-4.13E-04	)
(	-0.0458	-2.05E-03	-5.72E-04	)
(	-0.0458	2.15E-03	-2.51E-04	)
(	-0.0458	-2.11E-03	-4.16E-04	)
(	-0.0458	2.19E-03	-8.47E-05	)
(	-0.0458	-2.16E-03	-2.53E-04	)
(	-0.0458	2.20E-03	8.55E-05	)
(	-0.0458	-2.20E-03	-8.53E-05	)
(	-0.0458	2.20E-03	2.58E-04	)
(	-0.0458	-2.21E-03	8.60E-05	)
(	-0.0458	2.18E-03	4.31E-04	)
(	-0.0458	-2.21E-03	2.59E-04	)
(	-0.0458	2.15E-03	6.04E-04	)
(	-0.0458	-2.19E-03	4.34E-04	)
(	-0.0458	2.11E-03	7.75E-04	)
(	-0.0458	-2.16E-03	6.08E-04	)
(	-0.0458	2.05E-03	9.44E-04	)
(	-0.0458	-2.12E-03	7.80E-04	)
(	-0.0458	1.98E-03	1.11E-03	)
(	-0.0458	-2.06E-03	9.50E-04	)
(	-0.0458	1.90E-03	1.27E-03	)
(	-0.0458	-1.99E-03	1.11E-03	)
(	-0.0458	4.81E-05	-1.43E-03	)
(	-0.0458	1.57E-04	-1.47E-03	)
(	-0.0458	-5.13E-05	-1.51E-03	)
(	-0.0458	2.79E-04	-1.50E-03	)
(	-0.0458	-1.64E-04	-1.54E-03	)
(	-0.0458	4.11E-04	-1.52E-03	)
(	-0.0458	-2.87E-04	-1.57E-03	)
(	-0.0458	5.51E-04	-1.53E-03	)
(	-0.0458	-4.19E-04	-1.58E-03	)
(	-0.0458	6.95E-04	-1.52E-03	)
(	-0.0458	-5.57E-04	-1.58E-03	)
(	-0.0458	8.41E-04	-1.50E-03	)
(	-0.0458	-7.00E-04	-1.57E-03	)
(	-0.0458	9.87E-04	-1.47E-03	)
(	-0.0458	-8.44E-04	-1.54E-03	)
(	-0.0458	1.13E-03	-1.42E-03	)
(	-0.0458	-9.89E-04	-1.50E-03	)
(	-0.0458	1.27E-03	-1.36E-03	)
(	-0.0458	-1.13E-03	-1.45E-03	)
(	-0.0458	1.41E-03	-1.28E-03	)
(	-0.0458	-1.27E-03	-1.38E-03	)
(	-0.0458	1.54E-03	-1.19E-03	)
(	-0.0458	-1.41E-03	-1.30E-03	)
(	-0.0458	1.66E-03	-1.09E-03	)
(	-0.0458	-1.53E-03	-1.20E-03	)
(	-0.0458	1.77E-03	-9.70E-04	)
(	-0.0458	-1.65E-03	-1.10E-03	)
(	-0.0458	1.87E-03	-8.43E-04	)
(	-0.0458	-1.77E-03	-9.79E-04	)
(	-0.0458	1.95E-03	-7.07E-04	)
(	-0.0458	-1.87E-03	-8.51E-04	)
(	-0.0458	2.03E-03	-5.62E-04	)
(	-0.0458	-1.96E-03	-7.13E-04	)
(	-0.0458	2.09E-03	-4.08E-04	)
(	-0.0458	-2.03E-03	-5.66E-04	)
(	-0.0458	2.14E-03	-2.49E-04	)
(	-0.0458	-2.10E-03	-4.11E-04	)
(	-0.0458	2.17E-03	-8.39E-05	)
(	-0.0458	-2.15E-03	-2.51E-04	)
(	-0.0458	2.19E-03	8.47E-05	)
(	-0.0458	-2.18E-03	-8.46E-05	)
(	-0.0458	2.18E-03	2.56E-04	)
(	-0.0458	-2.20E-03	8.53E-05	)
(	-0.0458	2.17E-03	4.28E-04	)
(	-0.0458	-2.19E-03	2.57E-04	)
(	-0.0458	2.14E-03	5.99E-04	)
(	-0.0458	-2.18E-03	4.31E-04	)
(	-0.0458	2.09E-03	7.70E-04	)
(	-0.0458	-2.15E-03	6.04E-04	)
(	-0.0458	2.04E-03	9.38E-04	)
(	-0.0458	-2.11E-03	7.75E-04	)
(	-0.0458	1.97E-03	1.10E-03	)
(	-0.0458	-2.05E-03	9.44E-04	)
(	-0.0458	1.89E-03	1.26E-03	)
(	-0.0458	-1.98E-03	1.11E-03	)
(	-0.0458	1.79E-03	1.41E-03	)
(	-0.0458	-1.90E-03	1.27E-03	)
(	-0.0458	4.28E-05	-1.33E-03	)
(	-0.0458	1.44E-04	-1.38E-03	)
(	-0.0458	-4.71E-05	-1.43E-03	)
(	-0.0458	2.60E-04	-1.42E-03	)
(	-0.0458	-1.53E-04	-1.47E-03	)
(	-0.0458	3.88E-04	-1.45E-03	)
(	-0.0458	-2.71E-04	-1.50E-03	)
(	-0.0458	5.25E-04	-1.47E-03	)
(	-0.0458	-3.99E-04	-1.52E-03	)
(	-0.0458	6.67E-04	-1.47E-03	)
(	-0.0458	-5.34E-04	-1.52E-03	)
(	-0.0458	8.13E-04	-1.45E-03	)
(	-0.0458	-6.74E-04	-1.52E-03	)
(	-0.0458	9.59E-04	-1.43E-03	)
(	-0.0458	-8.17E-04	-1.50E-03	)
(	-0.0458	1.10E-03	-1.38E-03	)
(	-0.0458	-9.61E-04	-1.46E-03	)
(	-0.0458	1.24E-03	-1.32E-03	)
(	-0.0458	-1.10E-03	-1.41E-03	)
(	-0.0458	1.38E-03	-1.25E-03	)
(	-0.0458	-1.24E-03	-1.35E-03	)
(	-0.0458	1.51E-03	-1.17E-03	)
(	-0.0458	-1.38E-03	-1.27E-03	)
(	-0.0458	1.63E-03	-1.07E-03	)
(	-0.0458	-1.51E-03	-1.18E-03	)
(	-0.0458	1.74E-03	-9.55E-04	)
(	-0.0458	-1.63E-03	-1.08E-03	)
(	-0.0458	1.84E-03	-8.31E-04	)
(	-0.0458	-1.74E-03	-9.64E-04	)
(	-0.0458	1.93E-03	-6.98E-04	)
(	-0.0458	-1.84E-03	-8.39E-04	)
(	-0.0458	2.01E-03	-5.55E-04	)
(	-0.0458	-1.93E-03	-7.03E-04	)
(	-0.0458	2.07E-03	-4.04E-04	)
(	-0.0458	-2.01E-03	-5.59E-04	)
(	-0.0458	2.12E-03	-2.46E-04	)
(	-0.0458	-2.08E-03	-4.07E-04	)
(	-0.0458	2.16E-03	-8.31E-05	)
(	-0.0458	-2.13E-03	-2.48E-04	)
(	-0.0458	2.17E-03	8.40E-05	)
(	-0.0458	-2.16E-03	-8.38E-05	)
(	-0.0458	2.17E-03	2.54E-04	)
(	-0.0458	-2.18E-03	8.45E-05	)
(	-0.0458	2.15E-03	4.24E-04	)
(	-0.0458	-2.18E-03	2.55E-04	)
(	-0.0458	2.12E-03	5.95E-04	)
(	-0.0458	-2.16E-03	4.27E-04	)
(	-0.0458	2.08E-03	7.64E-04	)
(	-0.0458	-2.13E-03	5.99E-04	)
(	-0.0458	2.03E-03	9.31E-04	)
(	-0.0458	-2.09E-03	7.70E-04	)
(	-0.0458	1.96E-03	1.09E-03	)
(	-0.0458	-2.04E-03	9.37E-04	)
(	-0.0458	1.88E-03	1.25E-03	)
(	-0.0458	-1.97E-03	1.10E-03	)
(	-0.0458	1.78E-03	1.40E-03	)
(	-0.0458	-1.89E-03	1.26E-03	)
(	-0.0458	1.68E-03	1.55E-03	)
(	-0.0458	-1.79E-03	1.41E-03	)
(	-0.0458	-4.78E-09	-1.25E-03	)
(	-0.0458	1.27E-04	-1.28E-03	)
(	-0.0458	-4.24E-05	-1.33E-03	)
(	-0.0458	2.37E-04	-1.33E-03	)
(	-0.0458	-1.40E-04	-1.38E-03	)
(	-0.0458	3.61E-04	-1.37E-03	)
(	-0.0458	-2.53E-04	-1.42E-03	)
(	-0.0458	4.95E-04	-1.40E-03	)
(	-0.0458	-3.76E-04	-1.45E-03	)
(	-0.0458	6.36E-04	-1.41E-03	)
(	-0.0458	-5.08E-04	-1.46E-03	)
(	-0.0458	7.81E-04	-1.40E-03	)
(	-0.0458	-6.46E-04	-1.46E-03	)
(	-0.0458	9.27E-04	-1.38E-03	)
(	-0.0458	-7.88E-04	-1.45E-03	)
(	-0.0458	1.07E-03	-1.34E-03	)
(	-0.0458	-9.31E-04	-1.42E-03	)
(	-0.0458	1.21E-03	-1.29E-03	)
(	-0.0458	-1.07E-03	-1.37E-03	)
(	-0.0458	1.35E-03	-1.22E-03	)
(	-0.0458	-1.21E-03	-1.32E-03	)
(	-0.0458	1.48E-03	-1.14E-03	)
(	-0.0458	-1.35E-03	-1.24E-03	)
(	-0.0458	1.60E-03	-1.05E-03	)
(	-0.0458	-1.48E-03	-1.16E-03	)
(	-0.0458	1.72E-03	-9.38E-04	)
(	-0.0458	-1.60E-03	-1.06E-03	)
(	-0.0458	1.82E-03	-8.18E-04	)
(	-0.0458	-1.71E-03	-9.48E-04	)
(	-0.0458	1.91E-03	-6.87E-04	)
(	-0.0458	-1.82E-03	-8.26E-04	)
(	-0.0458	1.99E-03	-5.47E-04	)
(	-0.0458	-1.91E-03	-6.93E-04	)
(	-0.0458	2.05E-03	-3.99E-04	)
(	-0.0458	-1.99E-03	-5.52E-04	)
(	-0.0458	2.11E-03	-2.44E-04	)
(	-0.0458	-2.06E-03	-4.02E-04	)
(	-0.0458	2.14E-03	-8.23E-05	)
(	-0.0458	-2.11E-03	-2.45E-04	)
(	-0.0458	2.16E-03	8.32E-05	)
(	-0.0458	-2.15E-03	-8.29E-05	)
(	-0.0458	2.15E-03	2.51E-04	)
(	-0.0458	-2.16E-03	8.37E-05	)
(	-0.0458	2.14E-03	4.21E-04	)
(	-0.0458	-2.16E-03	2.53E-04	)
(	-0.0458	2.11E-03	5.90E-04	)
(	-0.0458	-2.15E-03	4.24E-04	)
(	-0.0458	2.07E-03	7.58E-04	)
(	-0.0458	-2.12E-03	5.94E-04	)
(	-0.0458	2.01E-03	9.24E-04	)
(	-0.0458	-2.08E-03	7.64E-04	)
(	-0.0458	1.95E-03	1.09E-03	)
(	-0.0458	-2.02E-03	9.31E-04	)
(	-0.0458	1.86E-03	1.24E-03	)
(	-0.0458	-1.96E-03	1.09E-03	)
(	-0.0458	1.77E-03	1.40E-03	)
(	-0.0458	-1.88E-03	1.25E-03	)
(	-0.0458	1.67E-03	1.54E-03	)
(	-0.0458	-1.78E-03	1.40E-03	)
(	-0.0458	1.55E-03	1.68E-03	)
(	-0.0458	-1.68E-03	1.55E-03	)
(	-0.0458	-7.82E-05	-1.19E-03	)
(	-0.0458	7.82E-05	-1.19E-03	)
(	-0.0458	2.10E-04	-1.23E-03	)
(	-0.0458	-1.26E-04	-1.28E-03	)
(	-0.0458	3.29E-04	-1.28E-03	)
(	-0.0458	-2.32E-04	-1.33E-03	)
(	-0.0458	4.61E-04	-1.32E-03	)
(	-0.0458	-3.51E-04	-1.37E-03	)
(	-0.0458	6.00E-04	-1.34E-03	)
(	-0.0458	-4.79E-04	-1.39E-03	)
(	-0.0458	7.44E-04	-1.34E-03	)
(	-0.0458	-6.15E-04	-1.40E-03	)
(	-0.0458	8.91E-04	-1.33E-03	)
(	-0.0458	-7.55E-04	-1.39E-03	)
(	-0.0458	1.04E-03	-1.30E-03	)
(	-0.0458	-8.97E-04	-1.37E-03	)
(	-0.0458	1.18E-03	-1.25E-03	)
(	-0.0458	-1.04E-03	-1.33E-03	)
(	-0.0458	1.32E-03	-1.19E-03	)
(	-0.0458	-1.18E-03	-1.28E-03	)
(	-0.0458	1.45E-03	-1.11E-03	)
(	-0.0458	-1.32E-03	-1.21E-03	)
(	-0.0458	1.57E-03	-1.02E-03	)
(	-0.0458	-1.45E-03	-1.13E-03	)
(	-0.0458	1.69E-03	-9.20E-04	)
(	-0.0458	-1.57E-03	-1.04E-03	)
(	-0.0458	1.79E-03	-8.04E-04	)
(	-0.0458	-1.68E-03	-9.31E-04	)
(	-0.0458	1.89E-03	-6.77E-04	)
(	-0.0458	-1.79E-03	-8.12E-04	)
(	-0.0458	1.97E-03	-5.40E-04	)
(	-0.0458	-1.88E-03	-6.83E-04	)
(	-0.0458	2.03E-03	-3.94E-04	)
(	-0.0458	-1.96E-03	-5.44E-04	)
(	-0.0458	2.09E-03	-2.41E-04	)
(	-0.0458	-2.03E-03	-3.97E-04	)
(	-0.0458	2.13E-03	-8.14E-05	)
(	-0.0458	-2.09E-03	-2.42E-04	)
(	-0.0458	2.14E-03	8.23E-05	)
(	-0.0458	-2.13E-03	-8.20E-05	)
(	-0.0458	2.14E-03	2.49E-04	)
(	-0.0458	-2.15E-03	8.28E-05	)
(	-0.0458	2.12E-03	4.17E-04	)
(	-0.0458	-2.15E-03	2.51E-04	)
(	-0.0458	2.10E-03	5.85E-04	)
(	-0.0458	-2.13E-03	4.20E-04	)
(	-0.0458	2.05E-03	7.52E-04	)
(	-0.0458	-2.10E-03	5.89E-04	)
(	-0.0458	2.00E-03	9.17E-04	)
(	-0.0458	-2.06E-03	7.58E-04	)
(	-0.0458	1.93E-03	1.08E-03	)
(	-0.0458	-2.01E-03	9.24E-04	)
(	-0.0458	1.85E-03	1.24E-03	)
(	-0.0458	-1.94E-03	1.09E-03	)
(	-0.0458	1.76E-03	1.39E-03	)
(	-0.0458	-1.86E-03	1.24E-03	)
(	-0.0458	1.66E-03	1.53E-03	)
(	-0.0458	-1.77E-03	1.40E-03	)
(	-0.0458	1.54E-03	1.67E-03	)
(	-0.0458	-1.67E-03	1.54E-03	)
(	-0.0458	1.41E-03	1.79E-03	)
(	-0.0458	-1.55E-03	1.68E-03	)
(	-0.0458	-1.54E-04	-1.14E-03	)
(	-0.0458	-3.45E-09	-1.12E-03	)
(	-0.0458	1.54E-04	-1.14E-03	)
(	-0.0458	2.91E-04	-1.18E-03	)
(	-0.0458	-2.08E-04	-1.23E-03	)
(	-0.0458	4.20E-04	-1.23E-03	)
(	-0.0458	-3.21E-04	-1.28E-03	)
(	-0.0458	5.58E-04	-1.26E-03	)
(	-0.0458	-4.46E-04	-1.31E-03	)
(	-0.0458	7.03E-04	-1.27E-03	)
(	-0.0458	-5.80E-04	-1.33E-03	)
(	-0.0458	8.50E-04	-1.27E-03	)
(	-0.0458	-7.18E-04	-1.33E-03	)
(	-0.0458	9.97E-04	-1.25E-03	)
(	-0.0458	-8.60E-04	-1.32E-03	)
(	-0.0458	1.14E-03	-1.21E-03	)
(	-0.0458	-1.00E-03	-1.29E-03	)
(	-0.0458	1.28E-03	-1.15E-03	)
(	-0.0458	-1.14E-03	-1.24E-03	)
(	-0.0458	1.42E-03	-1.08E-03	)
(	-0.0458	-1.28E-03	-1.18E-03	)
(	-0.0458	1.54E-03	-9.99E-04	)
(	-0.0458	-1.41E-03	-1.10E-03	)
(	-0.0458	1.66E-03	-9.00E-04	)
(	-0.0458	-1.54E-03	-1.01E-03	)
(	-0.0458	1.77E-03	-7.88E-04	)
(	-0.0458	-1.65E-03	-9.12E-04	)
(	-0.0458	1.86E-03	-6.65E-04	)
(	-0.0458	-1.76E-03	-7.97E-04	)
(	-0.0458	1.94E-03	-5.31E-04	)
(	-0.0458	-1.86E-03	-6.71E-04	)
(	-0.0458	2.01E-03	-3.88E-04	)
(	-0.0458	-1.94E-03	-5.36E-04	)
(	-0.0458	2.07E-03	-2.37E-04	)
(	-0.0458	-2.01E-03	-3.91E-04	)
(	-0.0458	2.11E-03	-8.04E-05	)
(	-0.0458	-2.07E-03	-2.39E-04	)
(	-0.0458	2.13E-03	8.14E-05	)
(	-0.0458	-2.11E-03	-8.10E-05	)
(	-0.0458	2.12E-03	2.46E-04	)
(	-0.0458	-2.13E-03	8.19E-05	)
(	-0.0458	2.11E-03	4.13E-04	)
(	-0.0458	-2.13E-03	2.48E-04	)
(	-0.0458	2.08E-03	5.80E-04	)
(	-0.0458	-2.11E-03	4.16E-04	)
(	-0.0458	2.04E-03	7.46E-04	)
(	-0.0458	-2.09E-03	5.84E-04	)
(	-0.0458	1.99E-03	9.10E-04	)
(	-0.0458	-2.05E-03	7.51E-04	)
(	-0.0458	1.92E-03	1.07E-03	)
(	-0.0458	-2.00E-03	9.17E-04	)
(	-0.0458	1.84E-03	1.23E-03	)
(	-0.0458	-1.93E-03	1.08E-03	)
(	-0.0458	1.75E-03	1.38E-03	)
(	-0.0458	-1.85E-03	1.24E-03	)
(	-0.0458	1.65E-03	1.52E-03	)
(	-0.0458	-1.76E-03	1.39E-03	)
(	-0.0458	1.53E-03	1.66E-03	)
(	-0.0458	-1.66E-03	1.53E-03	)
(	-0.0458	1.40E-03	1.78E-03	)
(	-0.0458	-1.54E-03	1.67E-03	)
(	-0.0458	1.27E-03	1.90E-03	)
(	-0.0458	-1.41E-03	1.79E-03	)
(	-0.0458	-2.28E-04	-1.08E-03	)
(	-0.0458	-7.43E-05	-1.06E-03	)
(	-0.0458	7.43E-05	-1.06E-03	)
(	-0.0458	2.28E-04	-1.08E-03	)
(	-0.0458	3.71E-04	-1.12E-03	)
(	-0.0458	-2.88E-04	-1.18E-03	)
(	-0.0458	5.09E-04	-1.17E-03	)
(	-0.0458	-4.09E-04	-1.22E-03	)
(	-0.0458	6.54E-04	-1.19E-03	)
(	-0.0458	-5.40E-04	-1.25E-03	)
(	-0.0458	8.02E-04	-1.20E-03	)
(	-0.0458	-6.78E-04	-1.26E-03	)
(	-0.0458	9.51E-04	-1.19E-03	)
(	-0.0458	-8.19E-04	-1.26E-03	)
(	-0.0458	1.10E-03	-1.16E-03	)
(	-0.0458	-9.61E-04	-1.24E-03	)
(	-0.0458	1.24E-03	-1.11E-03	)
(	-0.0458	-1.10E-03	-1.20E-03	)
(	-0.0458	1.38E-03	-1.05E-03	)
(	-0.0458	-1.24E-03	-1.14E-03	)
(	-0.0458	1.51E-03	-9.72E-04	)
(	-0.0458	-1.37E-03	-1.07E-03	)
(	-0.0458	1.63E-03	-8.79E-04	)
(	-0.0458	-1.50E-03	-9.89E-04	)
(	-0.0458	1.74E-03	-7.71E-04	)
(	-0.0458	-1.62E-03	-8.91E-04	)
(	-0.0458	1.83E-03	-6.52E-04	)
(	-0.0458	-1.73E-03	-7.81E-04	)
(	-0.0458	1.92E-03	-5.22E-04	)
(	-0.0458	-1.83E-03	-6.59E-04	)
(	-0.0458	1.99E-03	-3.82E-04	)
(	-0.0458	-1.91E-03	-5.27E-04	)
(	-0.0458	2.05E-03	-2.34E-04	)
(	-0.0458	-1.98E-03	-3.85E-04	)
(	-0.0458	2.09E-03	-7.94E-05	)
(	-0.0458	-2.04E-03	-2.36E-04	)
(	-0.0458	2.11E-03	8.05E-05	)
(	-0.0458	-2.09E-03	-8.00E-05	)
(	-0.0458	2.11E-03	2.44E-04	)
(	-0.0458	-2.11E-03	8.10E-05	)
(	-0.0458	2.09E-03	4.08E-04	)
(	-0.0458	-2.11E-03	2.45E-04	)
(	-0.0458	2.06E-03	5.74E-04	)
(	-0.0458	-2.10E-03	4.11E-04	)
(	-0.0458	2.02E-03	7.39E-04	)
(	-0.0458	-2.07E-03	5.78E-04	)
(	-0.0458	1.97E-03	9.02E-04	)
(	-0.0458	-2.03E-03	7.45E-04	)
(	-0.0458	1.91E-03	1.06E-03	)
(	-0.0458	-1.98E-03	9.09E-04	)
(	-0.0458	1.83E-03	1.22E-03	)
(	-0.0458	-1.92E-03	1.07E-03	)
(	-0.0458	1.74E-03	1.37E-03	)
(	-0.0458	-1.84E-03	1.23E-03	)
(	-0.0458	1.64E-03	1.51E-03	)
(	-0.0458	-1.75E-03	1.38E-03	)
(	-0.0458	1.52E-03	1.65E-03	)
(	-0.0458	-1.65E-03	1.52E-03	)
(	-0.0458	1.40E-03	1.77E-03	)
(	-0.0458	-1.53E-03	1.66E-03	)
(	-0.0458	1.26E-03	1.89E-03	)
(	-0.0458	-1.40E-03	1.78E-03	)
(	-0.0458	1.11E-03	1.99E-03	)
(	-0.0458	-1.27E-03	1.90E-03	)
(	-0.0458	-3.00E-04	-1.02E-03	)
(	-0.0458	-1.46E-04	-9.92E-04	)
(	-0.0458	-3.59E-09	-9.82E-04	)
(	-0.0458	1.46E-04	-9.92E-04	)
(	-0.0458	3.00E-04	-1.02E-03	)
(	-0.0458	4.49E-04	-1.06E-03	)
(	-0.0458	-3.67E-04	-1.12E-03	)
(	-0.0458	5.96E-04	-1.11E-03	)
(	-0.0458	-4.95E-04	-1.16E-03	)
(	-0.0458	7.47E-04	-1.13E-03	)
(	-0.0458	-6.32E-04	-1.19E-03	)
(	-0.0458	8.98E-04	-1.13E-03	)
(	-0.0458	-7.73E-04	-1.19E-03	)
(	-0.0458	1.05E-03	-1.11E-03	)
(	-0.0458	-9.15E-04	-1.18E-03	)
(	-0.0458	1.19E-03	-1.07E-03	)
(	-0.0458	-1.06E-03	-1.15E-03	)
(	-0.0458	1.33E-03	-1.01E-03	)
(	-0.0458	-1.20E-03	-1.10E-03	)
(	-0.0458	1.47E-03	-9.43E-04	)
(	-0.0458	-1.33E-03	-1.04E-03	)
(	-0.0458	1.59E-03	-8.55E-04	)
(	-0.0458	-1.46E-03	-9.61E-04	)
(	-0.0458	1.70E-03	-7.53E-04	)
(	-0.0458	-1.58E-03	-8.69E-04	)
(	-0.0458	1.80E-03	-6.38E-04	)
(	-0.0458	-1.69E-03	-7.63E-04	)
(	-0.0458	1.89E-03	-5.12E-04	)
(	-0.0458	-1.79E-03	-6.45E-04	)
(	-0.0458	1.96E-03	-3.76E-04	)
(	-0.0458	-1.88E-03	-5.17E-04	)
(	-0.0458	2.02E-03	-2.31E-04	)
(	-0.0458	-1.96E-03	-3.79E-04	)
(	-0.0458	2.07E-03	-7.83E-05	)
(	-0.0458	-2.02E-03	-2.32E-04	)
(	-0.0458	2.09E-03	7.94E-05	)
(	-0.0458	-2.07E-03	-7.89E-05	)
(	-0.0458	2.09E-03	2.41E-04	)
(	-0.0458	-2.09E-03	7.99E-05	)
(	-0.0458	2.07E-03	4.04E-04	)
(	-0.0458	-2.09E-03	2.42E-04	)
(	-0.0458	2.05E-03	5.68E-04	)
(	-0.0458	-2.08E-03	4.07E-04	)
(	-0.0458	2.01E-03	7.32E-04	)
(	-0.0458	-2.05E-03	5.72E-04	)
(	-0.0458	1.96E-03	8.94E-04	)
(	-0.0458	-2.01E-03	7.37E-04	)
(	-0.0458	1.89E-03	1.05E-03	)
(	-0.0458	-1.96E-03	9.01E-04	)
(	-0.0458	1.82E-03	1.21E-03	)
(	-0.0458	-1.90E-03	1.06E-03	)
(	-0.0458	1.73E-03	1.36E-03	)
(	-0.0458	-1.82E-03	1.22E-03	)
(	-0.0458	1.62E-03	1.50E-03	)
(	-0.0458	-1.74E-03	1.37E-03	)
(	-0.0458	1.51E-03	1.63E-03	)
(	-0.0458	-1.63E-03	1.51E-03	)
(	-0.0458	1.39E-03	1.76E-03	)
(	-0.0458	-1.52E-03	1.65E-03	)
(	-0.0458	1.25E-03	1.88E-03	)
(	-0.0458	-1.40E-03	1.77E-03	)
(	-0.0458	1.11E-03	1.98E-03	)
(	-0.0458	-1.26E-03	1.89E-03	)
(	-0.0458	9.55E-04	2.07E-03	)
(	-0.0458	-1.11E-03	1.99E-03	)
(	-0.0458	-3.71E-04	-9.60E-04	)
(	-0.0458	-2.17E-04	-9.30E-04	)
(	-0.0458	-7.11E-05	-9.14E-04	)
(	-0.0458	7.11E-05	-9.14E-04	)
(	-0.0458	2.17E-04	-9.30E-04	)
(	-0.0458	3.71E-04	-9.60E-04	)
(	-0.0458	5.26E-04	-1.00E-03	)
(	-0.0458	-4.44E-04	-1.06E-03	)
(	-0.0458	6.81E-04	-1.04E-03	)
(	-0.0458	-5.79E-04	-1.10E-03	)
(	-0.0458	8.37E-04	-1.05E-03	)
(	-0.0458	-7.20E-04	-1.12E-03	)
(	-0.0458	9.91E-04	-1.05E-03	)
(	-0.0458	-8.64E-04	-1.12E-03	)
(	-0.0458	1.14E-03	-1.02E-03	)
(	-0.0458	-1.01E-03	-1.10E-03	)
(	-0.0458	1.29E-03	-9.74E-04	)
(	-0.0458	-1.15E-03	-1.06E-03	)
(	-0.0458	1.42E-03	-9.10E-04	)
(	-0.0458	-1.29E-03	-1.00E-03	)
(	-0.0458	1.55E-03	-8.29E-04	)
(	-0.0458	-1.42E-03	-9.31E-04	)
(	-0.0458	1.66E-03	-7.33E-04	)
(	-0.0458	-1.54E-03	-8.44E-04	)
(	-0.0458	1.77E-03	-6.23E-04	)
(	-0.0458	-1.65E-03	-7.44E-04	)
(	-0.0458	1.86E-03	-5.01E-04	)
(	-0.0458	-1.76E-03	-6.31E-04	)
(	-0.0458	1.94E-03	-3.69E-04	)
(	-0.0458	-1.85E-03	-5.06E-04	)
(	-0.0458	2.00E-03	-2.27E-04	)
(	-0.0458	-1.93E-03	-3.72E-04	)
(	-0.0458	2.05E-03	-7.71E-05	)
(	-0.0458	-1.99E-03	-2.28E-04	)
(	-0.0458	2.07E-03	7.83E-05	)
(	-0.0458	-2.04E-03	-7.77E-05	)
(	-0.0458	2.07E-03	2.38E-04	)
(	-0.0458	-2.07E-03	7.88E-05	)
(	-0.0458	2.05E-03	3.99E-04	)
(	-0.0458	-2.07E-03	2.39E-04	)
(	-0.0458	2.03E-03	5.62E-04	)
(	-0.0458	-2.06E-03	4.02E-04	)
(	-0.0458	1.99E-03	7.24E-04	)
(	-0.0458	-2.03E-03	5.66E-04	)
(	-0.0458	1.94E-03	8.85E-04	)
(	-0.0458	-2.00E-03	7.30E-04	)
(	-0.0458	1.88E-03	1.04E-03	)
(	-0.0458	-1.95E-03	8.92E-04	)
(	-0.0458	1.80E-03	1.20E-03	)
(	-0.0458	-1.89E-03	1.05E-03	)
(	-0.0458	1.71E-03	1.35E-03	)
(	-0.0458	-1.81E-03	1.21E-03	)
(	-0.0458	1.61E-03	1.49E-03	)
(	-0.0458	-1.72E-03	1.36E-03	)
(	-0.0458	1.50E-03	1.62E-03	)
(	-0.0458	-1.62E-03	1.50E-03	)
(	-0.0458	1.38E-03	1.75E-03	)
(	-0.0458	-1.51E-03	1.63E-03	)
(	-0.0458	1.24E-03	1.86E-03	)
(	-0.0458	-1.39E-03	1.76E-03	)
(	-0.0458	1.10E-03	1.97E-03	)
(	-0.0458	-1.25E-03	1.88E-03	)
(	-0.0458	9.50E-04	2.06E-03	)
(	-0.0458	-1.11E-03	1.98E-03	)
(	-0.0458	7.90E-04	2.14E-03	)
(	-0.0458	-9.55E-04	2.07E-03	)
(	-0.0458	-4.42E-04	-8.99E-04	)
(	-0.0458	-2.86E-04	-8.68E-04	)
(	-0.0458	-1.40E-04	-8.48E-04	)
(	-0.0458	-3.45E-09	-8.42E-04	)
(	-0.0458	1.40E-04	-8.48E-04	)
(	-0.0458	2.86E-04	-8.68E-04	)
(	-0.0458	4.42E-04	-8.99E-04	)
(	-0.0458	6.01E-04	-9.40E-04	)
(	-0.0458	-5.20E-04	-1.00E-03	)
(	-0.0458	7.64E-04	-9.72E-04	)
(	-0.0458	-6.61E-04	-1.03E-03	)
(	-0.0458	9.24E-04	-9.79E-04	)
(	-0.0458	-8.06E-04	-1.05E-03	)
(	-0.0458	1.08E-03	-9.65E-04	)
(	-0.0458	-9.52E-04	-1.04E-03	)
(	-0.0458	1.23E-03	-9.29E-04	)
(	-0.0458	-1.10E-03	-1.01E-03	)
(	-0.0458	1.37E-03	-8.73E-04	)
(	-0.0458	-1.24E-03	-9.61E-04	)
(	-0.0458	1.50E-03	-8.00E-04	)
(	-0.0458	-1.37E-03	-8.97E-04	)
(	-0.0458	1.62E-03	-7.11E-04	)
(	-0.0458	-1.50E-03	-8.17E-04	)
(	-0.0458	1.73E-03	-6.06E-04	)
(	-0.0458	-1.61E-03	-7.23E-04	)
(	-0.0458	1.82E-03	-4.89E-04	)
(	-0.0458	-1.72E-03	-6.15E-04	)
(	-0.0458	1.91E-03	-3.61E-04	)
(	-0.0458	-1.81E-03	-4.95E-04	)
(	-0.0458	1.97E-03	-2.22E-04	)
(	-0.0458	-1.90E-03	-3.64E-04	)
(	-0.0458	2.02E-03	-7.58E-05	)
(	-0.0458	-1.96E-03	-2.24E-04	)
(	-0.0458	2.05E-03	7.71E-05	)
(	-0.0458	-2.02E-03	-7.64E-05	)
(	-0.0458	2.05E-03	2.34E-04	)
(	-0.0458	-2.04E-03	7.76E-05	)
(	-0.0458	2.03E-03	3.94E-04	)
(	-0.0458	-2.04E-03	2.36E-04	)
(	-0.0458	2.01E-03	5.55E-04	)
(	-0.0458	-2.03E-03	3.97E-04	)
(	-0.0458	1.97E-03	7.16E-04	)
(	-0.0458	-2.01E-03	5.59E-04	)
(	-0.0458	1.92E-03	8.76E-04	)
(	-0.0458	-1.98E-03	7.21E-04	)
(	-0.0458	1.86E-03	1.03E-03	)
(	-0.0458	-1.93E-03	8.83E-04	)
(	-0.0458	1.79E-03	1.19E-03	)
(	-0.0458	-1.87E-03	1.04E-03	)
(	-0.0458	1.70E-03	1.33E-03	)
(	-0.0458	-1.79E-03	1.20E-03	)
(	-0.0458	1.60E-03	1.48E-03	)
(	-0.0458	-1.71E-03	1.34E-03	)
(	-0.0458	1.49E-03	1.61E-03	)
(	-0.0458	-1.61E-03	1.49E-03	)
(	-0.0458	1.37E-03	1.74E-03	)
(	-0.0458	-1.50E-03	1.62E-03	)
(	-0.0458	1.24E-03	1.85E-03	)
(	-0.0458	-1.38E-03	1.75E-03	)
(	-0.0458	1.09E-03	1.96E-03	)
(	-0.0458	-1.24E-03	1.86E-03	)
(	-0.0458	9.44E-04	2.05E-03	)
(	-0.0458	-1.10E-03	1.97E-03	)
(	-0.0458	7.85E-04	2.13E-03	)
(	-0.0458	-9.50E-04	2.06E-03	)
(	-0.0458	6.19E-04	2.20E-03	)
(	-0.0458	-7.90E-04	2.14E-03	)
(	-0.0458	-5.10E-04	-8.37E-04	)
(	-0.0458	-3.54E-04	-8.06E-04	)
(	-0.0458	-2.08E-04	-7.84E-04	)
(	-0.0458	-6.86E-05	-7.74E-04	)
(	-0.0458	6.86E-05	-7.74E-04	)
(	-0.0458	2.08E-04	-7.84E-04	)
(	-0.0458	3.54E-04	-8.06E-04	)
(	-0.0458	5.10E-04	-8.37E-04	)
(	-0.0458	6.75E-04	-8.75E-04	)
(	-0.0458	-5.94E-04	-9.38E-04	)
(	-0.0458	8.44E-04	-9.01E-04	)
(	-0.0458	-7.41E-04	-9.65E-04	)
(	-0.0458	1.01E-03	-9.00E-04	)
(	-0.0458	-8.90E-04	-9.69E-04	)
(	-0.0458	1.16E-03	-8.77E-04	)
(	-0.0458	-1.04E-03	-9.52E-04	)
(	-0.0458	1.31E-03	-8.32E-04	)
(	-0.0458	-1.18E-03	-9.15E-04	)
(	-0.0458	1.45E-03	-7.68E-04	)
(	-0.0458	-1.32E-03	-8.60E-04	)
(	-0.0458	1.57E-03	-6.86E-04	)
(	-0.0458	-1.45E-03	-7.88E-04	)
(	-0.0458	1.69E-03	-5.88E-04	)
(	-0.0458	-1.57E-03	-7.00E-04	)
(	-0.0458	1.79E-03	-4.76E-04	)
(	-0.0458	-1.68E-03	-5.97E-04	)
(	-0.0458	1.87E-03	-3.52E-04	)
(	-0.0458	-1.78E-03	-4.82E-04	)
(	-0.0458	1.94E-03	-2.18E-04	)
(	-0.0458	-1.86E-03	-3.56E-04	)
(	-0.0458	2.00E-03	-7.44E-05	)
(	-0.0458	-1.93E-03	-2.20E-04	)
(	-0.0458	2.02E-03	7.58E-05	)
(	-0.0458	-1.99E-03	-7.50E-05	)
(	-0.0458	2.02E-03	2.31E-04	)
(	-0.0458	-2.02E-03	7.63E-05	)
(	-0.0458	2.01E-03	3.88E-04	)
(	-0.0458	-2.02E-03	2.32E-04	)
(	-0.0458	1.99E-03	5.47E-04	)
(	-0.0458	-2.01E-03	3.91E-04	)
(	-0.0458	1.95E-03	7.07E-04	)
(	-0.0458	-1.99E-03	5.52E-04	)
(	-0.0458	1.91E-03	8.66E-04	)
(	-0.0458	-1.96E-03	7.13E-04	)
(	-0.0458	1.84E-03	1.02E-03	)
(	-0.0458	-1.91E-03	8.73E-04	)
(	-0.0458	1.77E-03	1.17E-03	)
(	-0.0458	-1.85E-03	1.03E-03	)
(	-0.0458	1.69E-03	1.32E-03	)
(	-0.0458	-1.78E-03	1.18E-03	)
(	-0.0458	1.59E-03	1.46E-03	)
(	-0.0458	-1.69E-03	1.33E-03	)
(	-0.0458	1.48E-03	1.60E-03	)
(	-0.0458	-1.60E-03	1.48E-03	)
(	-0.0458	1.36E-03	1.72E-03	)
(	-0.0458	-1.49E-03	1.61E-03	)
(	-0.0458	1.23E-03	1.84E-03	)
(	-0.0458	-1.37E-03	1.74E-03	)
(	-0.0458	1.09E-03	1.94E-03	)
(	-0.0458	-1.24E-03	1.85E-03	)
(	-0.0458	9.38E-04	2.04E-03	)
(	-0.0458	-1.09E-03	1.96E-03	)
(	-0.0458	7.80E-04	2.12E-03	)
(	-0.0458	-9.44E-04	2.05E-03	)
(	-0.0458	6.16E-04	2.19E-03	)
(	-0.0458	-7.85E-04	2.13E-03	)
(	-0.0458	4.45E-04	2.24E-03	)
(	-0.0458	-6.19E-04	2.20E-03	)
(	-0.0458	-5.78E-04	-7.74E-04	)
(	-0.0458	-4.21E-04	-7.43E-04	)
(	-0.0458	-2.75E-04	-7.21E-04	)
(	-0.0458	-1.36E-04	-7.08E-04	)
(	-0.0458	-3.34E-09	-7.04E-04	)
(	-0.0458	1.36E-04	-7.08E-04	)
(	-0.0458	2.75E-04	-7.21E-04	)
(	-0.0458	4.21E-04	-7.43E-04	)
(	-0.0458	5.78E-04	-7.74E-04	)
(	-0.0458	7.47E-04	-8.09E-04	)
(	-0.0458	-6.66E-04	-8.73E-04	)
(	-0.0458	9.22E-04	-8.26E-04	)
(	-0.0458	-8.18E-04	-8.93E-04	)
(	-0.0458	1.09E-03	-8.18E-04	)
(	-0.0458	-9.69E-04	-8.90E-04	)
(	-0.0458	1.24E-03	-7.85E-04	)
(	-0.0458	-1.12E-03	-8.64E-04	)
(	-0.0458	1.39E-03	-7.31E-04	)
(	-0.0458	-1.26E-03	-8.19E-04	)
(	-0.0458	1.52E-03	-6.58E-04	)
(	-0.0458	-1.39E-03	-7.55E-04	)
(	-0.0458	1.64E-03	-5.68E-04	)
(	-0.0458	-1.52E-03	-6.74E-04	)
(	-0.0458	1.75E-03	-4.62E-04	)
(	-0.0458	-1.63E-03	-5.78E-04	)
(	-0.0458	1.84E-03	-3.43E-04	)
(	-0.0458	-1.73E-03	-4.69E-04	)
(	-0.0458	1.91E-03	-2.13E-04	)
(	-0.0458	-1.82E-03	-3.47E-04	)
(	-0.0458	1.97E-03	-7.29E-05	)
(	-0.0458	-1.90E-03	-2.15E-04	)
(	-0.0458	2.00E-03	7.44E-05	)
(	-0.0458	-1.96E-03	-7.35E-05	)
(	-0.0458	2.00E-03	2.27E-04	)
(	-0.0458	-1.99E-03	7.49E-05	)
(	-0.0458	1.99E-03	3.82E-04	)
(	-0.0458	-1.99E-03	2.28E-04	)
(	-0.0458	1.97E-03	5.40E-04	)
(	-0.0458	-1.98E-03	3.85E-04	)
(	-0.0458	1.93E-03	6.98E-04	)
(	-0.0458	-1.96E-03	5.44E-04	)
(	-0.0458	1.89E-03	8.55E-04	)
(	-0.0458	-1.93E-03	7.03E-04	)
(	-0.0458	1.83E-03	1.01E-03	)
(	-0.0458	-1.89E-03	8.62E-04	)
(	-0.0458	1.75E-03	1.16E-03	)
(	-0.0458	-1.83E-03	1.02E-03	)
(	-0.0458	1.67E-03	1.31E-03	)
(	-0.0458	-1.76E-03	1.17E-03	)
(	-0.0458	1.57E-03	1.45E-03	)
(	-0.0458	-1.68E-03	1.32E-03	)
(	-0.0458	1.47E-03	1.58E-03	)
(	-0.0458	-1.58E-03	1.46E-03	)
(	-0.0458	1.35E-03	1.71E-03	)
(	-0.0458	-1.48E-03	1.60E-03	)
(	-0.0458	1.22E-03	1.83E-03	)
(	-0.0458	-1.36E-03	1.72E-03	)
(	-0.0458	1.08E-03	1.93E-03	)
(	-0.0458	-1.23E-03	1.84E-03	)
(	-0.0458	9.31E-04	2.02E-03	)
(	-0.0458	-1.09E-03	1.94E-03	)
(	-0.0458	7.75E-04	2.11E-03	)
(	-0.0458	-9.37E-04	2.04E-03	)
(	-0.0458	6.12E-04	2.17E-03	)
(	-0.0458	-7.80E-04	2.12E-03	)
(	-0.0458	4.43E-04	2.23E-03	)
(	-0.0458	-6.16E-04	2.19E-03	)
(	-0.0458	2.68E-04	2.27E-03	)
(	-0.0458	-4.45E-04	2.24E-03	)
(	-0.0458	-6.45E-04	-7.10E-04	)
(	-0.0458	-4.87E-04	-6.80E-04	)
(	-0.0458	-3.40E-04	-6.59E-04	)
(	-0.0458	-2.01E-04	-6.44E-04	)
(	-0.0458	-6.66E-05	-6.37E-04	)
(	-0.0458	6.66E-05	-6.37E-04	)
(	-0.0458	2.01E-04	-6.44E-04	)
(	-0.0458	3.40E-04	-6.59E-04	)
(	-0.0458	4.87E-04	-6.80E-04	)
(	-0.0458	6.45E-04	-7.10E-04	)
(	-0.0458	8.17E-04	-7.40E-04	)
(	-0.0458	-7.37E-04	-8.06E-04	)
(	-0.0458	9.96E-04	-7.49E-04	)
(	-0.0458	-8.93E-04	-8.18E-04	)
(	-0.0458	1.16E-03	-7.32E-04	)
(	-0.0458	-1.05E-03	-8.06E-04	)
(	-0.0458	1.32E-03	-6.90E-04	)
(	-0.0458	-1.19E-03	-7.73E-04	)
(	-0.0458	1.46E-03	-6.27E-04	)
(	-0.0458	-1.33E-03	-7.18E-04	)
(	-0.0458	1.59E-03	-5.45E-04	)
(	-0.0458	-1.46E-03	-6.46E-04	)
(	-0.0458	1.70E-03	-4.46E-04	)
(	-0.0458	-1.58E-03	-5.57E-04	)
(	-0.0458	1.79E-03	-3.33E-04	)
(	-0.0458	-1.69E-03	-4.54E-04	)
(	-0.0458	1.87E-03	-2.07E-04	)
(	-0.0458	-1.78E-03	-3.37E-04	)
(	-0.0458	1.94E-03	-7.12E-05	)
(	-0.0458	-1.86E-03	-2.09E-04	)
(	-0.0458	1.97E-03	7.29E-05	)
(	-0.0458	-1.92E-03	-7.19E-05	)
(	-0.0458	1.97E-03	2.22E-04	)
(	-0.0458	-1.96E-03	7.34E-05	)
(	-0.0458	1.96E-03	3.76E-04	)
(	-0.0458	-1.96E-03	2.24E-04	)
(	-0.0458	1.94E-03	5.31E-04	)
(	-0.0458	-1.96E-03	3.79E-04	)
(	-0.0458	1.91E-03	6.88E-04	)
(	-0.0458	-1.94E-03	5.36E-04	)
(	-0.0458	1.87E-03	8.43E-04	)
(	-0.0458	-1.91E-03	6.93E-04	)
(	-0.0458	1.81E-03	9.98E-04	)
(	-0.0458	-1.87E-03	8.51E-04	)
(	-0.0458	1.74E-03	1.15E-03	)
(	-0.0458	-1.81E-03	1.01E-03	)
(	-0.0458	1.66E-03	1.30E-03	)
(	-0.0458	-1.74E-03	1.16E-03	)
(	-0.0458	1.56E-03	1.44E-03	)
(	-0.0458	-1.66E-03	1.31E-03	)
(	-0.0458	1.45E-03	1.57E-03	)
(	-0.0458	-1.57E-03	1.45E-03	)
(	-0.0458	1.34E-03	1.70E-03	)
(	-0.0458	-1.46E-03	1.58E-03	)
(	-0.0458	1.21E-03	1.81E-03	)
(	-0.0458	-1.34E-03	1.71E-03	)
(	-0.0458	1.07E-03	1.92E-03	)
(	-0.0458	-1.22E-03	1.82E-03	)
(	-0.0458	9.25E-04	2.01E-03	)
(	-0.0458	-1.08E-03	1.93E-03	)
(	-0.0458	7.70E-04	2.09E-03	)
(	-0.0458	-9.31E-04	2.02E-03	)
(	-0.0458	6.08E-04	2.16E-03	)
(	-0.0458	-7.75E-04	2.11E-03	)
(	-0.0458	4.40E-04	2.22E-03	)
(	-0.0458	-6.12E-04	2.17E-03	)
(	-0.0458	2.67E-04	2.26E-03	)
(	-0.0458	-4.43E-04	2.23E-03	)
(	-0.0458	8.96E-05	2.28E-03	)
(	-0.0458	-2.68E-04	2.27E-03	)
(	-0.0458	-7.10E-04	-6.45E-04	)
(	-0.0458	-5.53E-04	-6.17E-04	)
(	-0.0458	-4.05E-04	-5.96E-04	)
(	-0.0458	-2.66E-04	-5.81E-04	)
(	-0.0458	-1.32E-04	-5.72E-04	)
(	-0.0458	-3.32E-09	-5.69E-04	)
(	-0.0458	1.32E-04	-5.72E-04	)
(	-0.0458	2.66E-04	-5.81E-04	)
(	-0.0458	4.05E-04	-5.96E-04	)
(	-0.0458	5.53E-04	-6.17E-04	)
(	-0.0458	7.10E-04	-6.45E-04	)
(	-0.0458	8.85E-04	-6.69E-04	)
(	-0.0458	-8.06E-04	-7.37E-04	)
(	-0.0458	1.07E-03	-6.70E-04	)
(	-0.0458	-9.65E-04	-7.41E-04	)
(	-0.0458	1.24E-03	-6.43E-04	)
(	-0.0458	-1.12E-03	-7.20E-04	)
(	-0.0458	1.39E-03	-5.91E-04	)
(	-0.0458	-1.26E-03	-6.78E-04	)
(	-0.0458	1.52E-03	-5.19E-04	)
(	-0.0458	-1.40E-03	-6.15E-04	)
(	-0.0458	1.64E-03	-4.28E-04	)
(	-0.0458	-1.52E-03	-5.34E-04	)
(	-0.0458	1.75E-03	-3.21E-04	)
(	-0.0458	-1.64E-03	-4.37E-04	)
(	-0.0458	1.83E-03	-2.01E-04	)
(	-0.0458	-1.74E-03	-3.27E-04	)
(	-0.0458	1.90E-03	-6.94E-05	)
(	-0.0458	-1.82E-03	-2.04E-04	)
(	-0.0458	1.94E-03	7.12E-05	)
(	-0.0458	-1.89E-03	-7.01E-05	)
(	-0.0458	1.94E-03	2.18E-04	)
(	-0.0458	-1.92E-03	7.18E-05	)
(	-0.0458	1.94E-03	3.69E-04	)
(	-0.0458	-1.93E-03	2.20E-04	)
(	-0.0458	1.92E-03	5.22E-04	)
(	-0.0458	-1.93E-03	3.72E-04	)
(	-0.0458	1.89E-03	6.77E-04	)
(	-0.0458	-1.91E-03	5.27E-04	)
(	-0.0458	1.84E-03	8.31E-04	)
(	-0.0458	-1.88E-03	6.83E-04	)
(	-0.0458	1.79E-03	9.84E-04	)
(	-0.0458	-1.84E-03	8.39E-04	)
(	-0.0458	1.72E-03	1.13E-03	)
(	-0.0458	-1.79E-03	9.93E-04	)
(	-0.0458	1.64E-03	1.28E-03	)
(	-0.0458	-1.72E-03	1.14E-03	)
(	-0.0458	1.55E-03	1.42E-03	)
(	-0.0458	-1.64E-03	1.29E-03	)
(	-0.0458	1.44E-03	1.55E-03	)
(	-0.0458	-1.55E-03	1.43E-03	)
(	-0.0458	1.33E-03	1.68E-03	)
(	-0.0458	-1.45E-03	1.57E-03	)
(	-0.0458	1.20E-03	1.80E-03	)
(	-0.0458	-1.33E-03	1.69E-03	)
(	-0.0458	1.06E-03	1.90E-03	)
(	-0.0458	-1.21E-03	1.81E-03	)
(	-0.0458	9.18E-04	2.00E-03	)
(	-0.0458	-1.07E-03	1.92E-03	)
(	-0.0458	7.65E-04	2.08E-03	)
(	-0.0458	-9.24E-04	2.01E-03	)
(	-0.0458	6.04E-04	2.15E-03	)
(	-0.0458	-7.70E-04	2.09E-03	)
(	-0.0458	4.37E-04	2.20E-03	)
(	-0.0458	-6.08E-04	2.16E-03	)
(	-0.0458	2.65E-04	2.24E-03	)
(	-0.0458	-4.40E-04	2.22E-03	)
(	-0.0458	8.91E-05	2.27E-03	)
(	-0.0458	-2.67E-04	2.26E-03	)
(	-0.0458	-8.96E-05	2.28E-03	)
(	-0.0458	-7.74E-04	-5.78E-04	)
(	-0.0458	-6.17E-04	-5.53E-04	)
(	-0.0458	-4.69E-04	-5.33E-04	)
(	-0.0458	-3.30E-04	-5.18E-04	)
(	-0.0458	-1.96E-04	-5.08E-04	)
(	-0.0458	-6.48E-05	-5.03E-04	)
(	-0.0458	6.48E-05	-5.03E-04	)
(	-0.0458	1.96E-04	-5.08E-04	)
(	-0.0458	3.30E-04	-5.18E-04	)
(	-0.0458	4.69E-04	-5.33E-04	)
(	-0.0458	6.17E-04	-5.53E-04	)
(	-0.0458	7.74E-04	-5.78E-04	)
(	-0.0458	9.51E-04	-5.97E-04	)
(	-0.0458	-8.73E-04	-6.66E-04	)
(	-0.0458	1.14E-03	-5.87E-04	)
(	-0.0458	-1.03E-03	-6.61E-04	)
(	-0.0458	1.30E-03	-5.50E-04	)
(	-0.0458	-1.19E-03	-6.32E-04	)
(	-0.0458	1.45E-03	-4.89E-04	)
(	-0.0458	-1.33E-03	-5.80E-04	)
(	-0.0458	1.58E-03	-4.08E-04	)
(	-0.0458	-1.46E-03	-5.08E-04	)
(	-0.0458	1.69E-03	-3.09E-04	)
(	-0.0458	-1.58E-03	-4.19E-04	)
(	-0.0458	1.79E-03	-1.94E-04	)
(	-0.0458	-1.69E-03	-3.15E-04	)
(	-0.0458	1.86E-03	-6.73E-05	)
(	-0.0458	-1.78E-03	-1.97E-04	)
(	-0.0458	1.90E-03	6.94E-05	)
(	-0.0458	-1.85E-03	-6.81E-05	)
(	-0.0458	1.91E-03	2.13E-04	)
(	-0.0458	-1.89E-03	7.00E-05	)
(	-0.0458	1.91E-03	3.61E-04	)
(	-0.0458	-1.90E-03	2.15E-04	)
(	-0.0458	1.89E-03	5.12E-04	)
(	-0.0458	-1.90E-03	3.64E-04	)
(	-0.0458	1.86E-03	6.65E-04	)
(	-0.0458	-1.88E-03	5.17E-04	)
(	-0.0458	1.82E-03	8.18E-04	)
(	-0.0458	-1.86E-03	6.71E-04	)
(	-0.0458	1.77E-03	9.70E-04	)
(	-0.0458	-1.82E-03	8.26E-04	)
(	-0.0458	1.70E-03	1.12E-03	)
(	-0.0458	-1.77E-03	9.79E-04	)
(	-0.0458	1.62E-03	1.26E-03	)
(	-0.0458	-1.70E-03	1.13E-03	)
(	-0.0458	1.53E-03	1.40E-03	)
(	-0.0458	-1.62E-03	1.28E-03	)
(	-0.0458	1.43E-03	1.54E-03	)
(	-0.0458	-1.54E-03	1.42E-03	)
(	-0.0458	1.31E-03	1.66E-03	)
(	-0.0458	-1.43E-03	1.55E-03	)
(	-0.0458	1.19E-03	1.78E-03	)
(	-0.0458	-1.32E-03	1.68E-03	)
(	-0.0458	1.05E-03	1.89E-03	)
(	-0.0458	-1.20E-03	1.79E-03	)
(	-0.0458	9.11E-04	1.98E-03	)
(	-0.0458	-1.06E-03	1.90E-03	)
(	-0.0458	7.59E-04	2.06E-03	)
(	-0.0458	-9.17E-04	2.00E-03	)
(	-0.0458	6.00E-04	2.13E-03	)
(	-0.0458	-7.64E-04	2.08E-03	)
(	-0.0458	4.34E-04	2.19E-03	)
(	-0.0458	-6.04E-04	2.15E-03	)
(	-0.0458	2.63E-04	2.23E-03	)
(	-0.0458	-4.37E-04	2.20E-03	)
(	-0.0458	8.85E-05	2.26E-03	)
(	-0.0458	-2.65E-04	2.24E-03	)
(	-0.0458	-8.91E-05	2.27E-03	)
(	-0.0458	-8.37E-04	-5.10E-04	)
(	-0.0458	-6.80E-04	-4.87E-04	)
(	-0.0458	-5.33E-04	-4.69E-04	)
(	-0.0458	-3.93E-04	-4.56E-04	)
(	-0.0458	-2.59E-04	-4.46E-04	)
(	-0.0458	-1.28E-04	-4.40E-04	)
(	-0.0458	-3.35E-09	-4.38E-04	)
(	-0.0458	1.28E-04	-4.40E-04	)
(	-0.0458	2.59E-04	-4.46E-04	)
(	-0.0458	3.93E-04	-4.56E-04	)
(	-0.0458	5.33E-04	-4.69E-04	)
(	-0.0458	6.80E-04	-4.87E-04	)
(	-0.0458	8.37E-04	-5.10E-04	)
(	-0.0458	1.02E-03	-5.23E-04	)
(	-0.0458	-9.38E-04	-5.94E-04	)
(	-0.0458	1.20E-03	-5.03E-04	)
(	-0.0458	-1.10E-03	-5.79E-04	)
(	-0.0458	1.37E-03	-4.56E-04	)
(	-0.0458	-1.25E-03	-5.40E-04	)
(	-0.0458	1.51E-03	-3.85E-04	)
(	-0.0458	-1.39E-03	-4.79E-04	)
(	-0.0458	1.63E-03	-2.94E-04	)
(	-0.0458	-1.52E-03	-3.99E-04	)
(	-0.0458	1.74E-03	-1.87E-04	)
(	-0.0458	-1.63E-03	-3.02E-04	)
(	-0.0458	1.82E-03	-6.51E-05	)
(	-0.0458	-1.73E-03	-1.90E-04	)
(	-0.0458	1.86E-03	6.74E-05	)
(	-0.0458	-1.81E-03	-6.60E-05	)
(	-0.0458	1.87E-03	2.07E-04	)
(	-0.0458	-1.85E-03	6.81E-05	)
(	-0.0458	1.87E-03	3.52E-04	)
(	-0.0458	-1.86E-03	2.09E-04	)
(	-0.0458	1.86E-03	5.01E-04	)
(	-0.0458	-1.86E-03	3.56E-04	)
(	-0.0458	1.83E-03	6.52E-04	)
(	-0.0458	-1.85E-03	5.06E-04	)
(	-0.0458	1.79E-03	8.04E-04	)
(	-0.0458	-1.83E-03	6.59E-04	)
(	-0.0458	1.74E-03	9.55E-04	)
(	-0.0458	-1.79E-03	8.12E-04	)
(	-0.0458	1.68E-03	1.10E-03	)
(	-0.0458	-1.74E-03	9.64E-04	)
(	-0.0458	1.60E-03	1.25E-03	)
(	-0.0458	-1.68E-03	1.11E-03	)
(	-0.0458	1.51E-03	1.39E-03	)
(	-0.0458	-1.60E-03	1.26E-03	)
(	-0.0458	1.41E-03	1.52E-03	)
(	-0.0458	-1.52E-03	1.40E-03	)
(	-0.0458	1.30E-03	1.65E-03	)
(	-0.0458	-1.42E-03	1.54E-03	)
(	-0.0458	1.18E-03	1.76E-03	)
(	-0.0458	-1.31E-03	1.66E-03	)
(	-0.0458	1.05E-03	1.87E-03	)
(	-0.0458	-1.18E-03	1.78E-03	)
(	-0.0458	9.03E-04	1.97E-03	)
(	-0.0458	-1.05E-03	1.89E-03	)
(	-0.0458	7.53E-04	2.05E-03	)
(	-0.0458	-9.09E-04	1.98E-03	)
(	-0.0458	5.95E-04	2.12E-03	)
(	-0.0458	-7.58E-04	2.06E-03	)
(	-0.0458	4.31E-04	2.18E-03	)
(	-0.0458	-5.99E-04	2.13E-03	)
(	-0.0458	2.62E-04	2.22E-03	)
(	-0.0458	-4.34E-04	2.19E-03	)
(	-0.0458	8.80E-05	2.25E-03	)
(	-0.0458	-2.63E-04	2.23E-03	)
(	-0.0458	-8.85E-05	2.26E-03	)
(	-0.0458	-8.99E-04	-4.42E-04	)
(	-0.0458	-7.43E-04	-4.21E-04	)
(	-0.0458	-5.96E-04	-4.05E-04	)
(	-0.0458	-4.56E-04	-3.93E-04	)
(	-0.0458	-3.21E-04	-3.83E-04	)
(	-0.0458	-1.91E-04	-3.77E-04	)
(	-0.0458	-6.34E-05	-3.74E-04	)
(	-0.0458	6.34E-05	-3.74E-04	)
(	-0.0458	1.91E-04	-3.77E-04	)
(	-0.0458	3.21E-04	-3.83E-04	)
(	-0.0458	4.56E-04	-3.93E-04	)
(	-0.0458	5.96E-04	-4.05E-04	)
(	-0.0458	7.43E-04	-4.21E-04	)
(	-0.0458	8.99E-04	-4.42E-04	)
(	-0.0458	1.08E-03	-4.47E-04	)
(	-0.0458	-1.00E-03	-5.20E-04	)
(	-0.0458	1.26E-03	-4.16E-04	)
(	-0.0458	-1.16E-03	-4.95E-04	)
(	-0.0458	1.42E-03	-3.58E-04	)
(	-0.0458	-1.31E-03	-4.46E-04	)
(	-0.0458	1.56E-03	-2.78E-04	)
(	-0.0458	-1.45E-03	-3.76E-04	)
(	-0.0458	1.68E-03	-1.78E-04	)
(	-0.0458	-1.57E-03	-2.87E-04	)
(	-0.0458	1.77E-03	-6.25E-05	)
(	-0.0458	-1.67E-03	-1.82E-04	)
(	-0.0458	1.82E-03	6.51E-05	)
(	-0.0458	-1.76E-03	-6.37E-05	)
(	-0.0458	1.83E-03	2.01E-04	)
(	-0.0458	-1.81E-03	6.60E-05	)
(	-0.0458	1.84E-03	3.43E-04	)
(	-0.0458	-1.82E-03	2.04E-04	)
(	-0.0458	1.82E-03	4.89E-04	)
(	-0.0458	-1.82E-03	3.47E-04	)
(	-0.0458	1.80E-03	6.38E-04	)
(	-0.0458	-1.81E-03	4.95E-04	)
(	-0.0458	1.77E-03	7.88E-04	)
(	-0.0458	-1.79E-03	6.45E-04	)
(	-0.0458	1.72E-03	9.38E-04	)
(	-0.0458	-1.76E-03	7.97E-04	)
(	-0.0458	1.66E-03	1.09E-03	)
(	-0.0458	-1.71E-03	9.48E-04	)
(	-0.0458	1.58E-03	1.23E-03	)
(	-0.0458	-1.65E-03	1.10E-03	)
(	-0.0458	1.49E-03	1.37E-03	)
(	-0.0458	-1.58E-03	1.24E-03	)
(	-0.0458	1.40E-03	1.50E-03	)
(	-0.0458	-1.50E-03	1.38E-03	)
(	-0.0458	1.29E-03	1.63E-03	)
(	-0.0458	-1.40E-03	1.52E-03	)
(	-0.0458	1.17E-03	1.74E-03	)
(	-0.0458	-1.29E-03	1.64E-03	)
(	-0.0458	1.04E-03	1.85E-03	)
(	-0.0458	-1.17E-03	1.76E-03	)
(	-0.0458	8.95E-04	1.95E-03	)
(	-0.0458	-1.04E-03	1.87E-03	)
(	-0.0458	7.47E-04	2.03E-03	)
(	-0.0458	-9.01E-04	1.96E-03	)
(	-0.0458	5.90E-04	2.10E-03	)
(	-0.0458	-7.51E-04	2.05E-03	)
(	-0.0458	4.28E-04	2.16E-03	)
(	-0.0458	-5.94E-04	2.12E-03	)
(	-0.0458	2.60E-04	2.21E-03	)
(	-0.0458	-4.31E-04	2.18E-03	)
(	-0.0458	8.74E-05	2.24E-03	)
(	-0.0458	-2.61E-04	2.22E-03	)
(	-0.0458	-8.79E-05	2.25E-03	)
(	-0.0458	-9.60E-04	-3.71E-04	)
(	-0.0458	-8.06E-04	-3.54E-04	)
(	-0.0458	-6.59E-04	-3.40E-04	)
(	-0.0458	-5.18E-04	-3.30E-04	)
(	-0.0458	-3.83E-04	-3.21E-04	)
(	-0.0458	-2.53E-04	-3.15E-04	)
(	-0.0458	-1.26E-04	-3.11E-04	)
(	-0.0458	-3.44E-09	-3.10E-04	)
(	-0.0458	1.26E-04	-3.11E-04	)
(	-0.0458	2.53E-04	-3.15E-04	)
(	-0.0458	3.83E-04	-3.21E-04	)
(	-0.0458	5.18E-04	-3.30E-04	)
(	-0.0458	6.59E-04	-3.40E-04	)
(	-0.0458	8.06E-04	-3.54E-04	)
(	-0.0458	9.60E-04	-3.71E-04	)
(	-0.0458	1.14E-03	-3.69E-04	)
(	-0.0458	-1.06E-03	-4.44E-04	)
(	-0.0458	1.32E-03	-3.27E-04	)
(	-0.0458	-1.22E-03	-4.09E-04	)
(	-0.0458	1.48E-03	-2.58E-04	)
(	-0.0458	-1.37E-03	-3.51E-04	)
(	-0.0458	1.61E-03	-1.68E-04	)
(	-0.0458	-1.50E-03	-2.71E-04	)
(	-0.0458	1.71E-03	-5.96E-05	)
(	-0.0458	-1.61E-03	-1.74E-04	)
(	-0.0458	1.77E-03	6.25E-05	)
(	-0.0458	-1.71E-03	-6.11E-05	)
(	-0.0458	1.79E-03	1.94E-04	)
(	-0.0458	-1.76E-03	6.36E-05	)
(	-0.0458	1.79E-03	3.33E-04	)
(	-0.0458	-1.78E-03	1.97E-04	)
(	-0.0458	1.79E-03	4.76E-04	)
(	-0.0458	-1.78E-03	3.37E-04	)
(	-0.0458	1.77E-03	6.23E-04	)
(	-0.0458	-1.78E-03	4.82E-04	)
(	-0.0458	1.74E-03	7.72E-04	)
(	-0.0458	-1.76E-03	6.31E-04	)
(	-0.0458	1.69E-03	9.20E-04	)
(	-0.0458	-1.73E-03	7.81E-04	)
(	-0.0458	1.63E-03	1.07E-03	)
(	-0.0458	-1.68E-03	9.30E-04	)
(	-0.0458	1.56E-03	1.21E-03	)
(	-0.0458	-1.63E-03	1.08E-03	)
(	-0.0458	1.48E-03	1.35E-03	)
(	-0.0458	-1.56E-03	1.22E-03	)
(	-0.0458	1.38E-03	1.48E-03	)
(	-0.0458	-1.48E-03	1.36E-03	)
(	-0.0458	1.27E-03	1.61E-03	)
(	-0.0458	-1.38E-03	1.50E-03	)
(	-0.0458	1.15E-03	1.73E-03	)
(	-0.0458	-1.28E-03	1.62E-03	)
(	-0.0458	1.02E-03	1.83E-03	)
(	-0.0458	-1.16E-03	1.74E-03	)
(	-0.0458	8.87E-04	1.93E-03	)
(	-0.0458	-1.03E-03	1.85E-03	)
(	-0.0458	7.40E-04	2.02E-03	)
(	-0.0458	-8.92E-04	1.95E-03	)
(	-0.0458	5.85E-04	2.09E-03	)
(	-0.0458	-7.45E-04	2.03E-03	)
(	-0.0458	4.24E-04	2.15E-03	)
(	-0.0458	-5.89E-04	2.10E-03	)
(	-0.0458	2.58E-04	2.19E-03	)
(	-0.0458	-4.27E-04	2.16E-03	)
(	-0.0458	8.68E-05	2.22E-03	)
(	-0.0458	-2.60E-04	2.21E-03	)
(	-0.0458	-8.73E-05	2.24E-03	)
(	-0.0458	-1.02E-03	-3.00E-04	)
(	-0.0458	-8.68E-04	-2.86E-04	)
(	-0.0458	-7.21E-04	-2.75E-04	)
(	-0.0458	-5.81E-04	-2.66E-04	)
(	-0.0458	-4.46E-04	-2.59E-04	)
(	-0.0458	-3.15E-04	-2.53E-04	)
(	-0.0458	-1.88E-04	-2.49E-04	)
(	-0.0458	-6.23E-05	-2.47E-04	)
(	-0.0458	6.23E-05	-2.47E-04	)
(	-0.0458	1.88E-04	-2.49E-04	)
(	-0.0458	3.15E-04	-2.53E-04	)
(	-0.0458	4.46E-04	-2.59E-04	)
(	-0.0458	5.81E-04	-2.66E-04	)
(	-0.0458	7.21E-04	-2.75E-04	)
(	-0.0458	8.68E-04	-2.86E-04	)
(	-0.0458	1.02E-03	-3.00E-04	)
(	-0.0458	1.19E-03	-2.90E-04	)
(	-0.0458	-1.12E-03	-3.67E-04	)
(	-0.0458	1.37E-03	-2.36E-04	)
(	-0.0458	-1.28E-03	-3.21E-04	)
(	-0.0458	1.52E-03	-1.57E-04	)
(	-0.0458	-1.42E-03	-2.53E-04	)
(	-0.0458	1.64E-03	-5.63E-05	)
(	-0.0458	-1.54E-03	-1.64E-04	)
(	-0.0458	1.71E-03	5.96E-05	)
(	-0.0458	-1.65E-03	-5.82E-05	)
(	-0.0458	1.74E-03	1.87E-04	)
(	-0.0458	-1.71E-03	6.10E-05	)
(	-0.0458	1.75E-03	3.21E-04	)
(	-0.0458	-1.73E-03	1.90E-04	)
(	-0.0458	1.75E-03	4.62E-04	)
(	-0.0458	-1.74E-03	3.27E-04	)
(	-0.0458	1.73E-03	6.07E-04	)
(	-0.0458	-1.73E-03	4.69E-04	)
(	-0.0458	1.70E-03	7.53E-04	)
(	-0.0458	-1.72E-03	6.15E-04	)
(	-0.0458	1.66E-03	9.00E-04	)
(	-0.0458	-1.69E-03	7.63E-04	)
(	-0.0458	1.60E-03	1.05E-03	)
(	-0.0458	-1.65E-03	9.12E-04	)
(	-0.0458	1.54E-03	1.19E-03	)
(	-0.0458	-1.60E-03	1.06E-03	)
(	-0.0458	1.45E-03	1.33E-03	)
(	-0.0458	-1.53E-03	1.20E-03	)
(	-0.0458	1.36E-03	1.46E-03	)
(	-0.0458	-1.46E-03	1.34E-03	)
(	-0.0458	1.26E-03	1.59E-03	)
(	-0.0458	-1.36E-03	1.48E-03	)
(	-0.0458	1.14E-03	1.70E-03	)
(	-0.0458	-1.26E-03	1.60E-03	)
(	-0.0458	1.01E-03	1.81E-03	)
(	-0.0458	-1.14E-03	1.72E-03	)
(	-0.0458	8.78E-04	1.91E-03	)
(	-0.0458	-1.02E-03	1.83E-03	)
(	-0.0458	7.33E-04	2.00E-03	)
(	-0.0458	-8.83E-04	1.93E-03	)
(	-0.0458	5.80E-04	2.07E-03	)
(	-0.0458	-7.37E-04	2.01E-03	)
(	-0.0458	4.21E-04	2.13E-03	)
(	-0.0458	-5.84E-04	2.09E-03	)
(	-0.0458	2.56E-04	2.18E-03	)
(	-0.0458	-4.24E-04	2.15E-03	)
(	-0.0458	8.61E-05	2.21E-03	)
(	-0.0458	-2.57E-04	2.19E-03	)
(	-0.0458	-8.67E-05	2.22E-03	)
(	-0.0458	-1.08E-03	-2.28E-04	)
(	-0.0458	-9.30E-04	-2.17E-04	)
(	-0.0458	-7.84E-04	-2.08E-04	)
(	-0.0458	-6.44E-04	-2.01E-04	)
(	-0.0458	-5.08E-04	-1.96E-04	)
(	-0.0458	-3.77E-04	-1.91E-04	)
(	-0.0458	-2.49E-04	-1.88E-04	)
(	-0.0458	-1.24E-04	-1.85E-04	)
(	-0.0458	-3.57E-09	-1.85E-04	)
(	-0.0458	1.24E-04	-1.85E-04	)
(	-0.0458	2.49E-04	-1.88E-04	)
(	-0.0458	3.77E-04	-1.91E-04	)
(	-0.0458	5.08E-04	-1.96E-04	)
(	-0.0458	6.44E-04	-2.01E-04	)
(	-0.0458	7.84E-04	-2.08E-04	)
(	-0.0458	9.30E-04	-2.17E-04	)
(	-0.0458	1.08E-03	-2.28E-04	)
(	-0.0458	1.25E-03	-2.10E-04	)
(	-0.0458	-1.18E-03	-2.88E-04	)
(	-0.0458	1.42E-03	-1.43E-04	)
(	-0.0458	-1.33E-03	-2.32E-04	)
(	-0.0458	1.56E-03	-5.25E-05	)
(	-0.0458	-1.47E-03	-1.53E-04	)
(	-0.0458	1.64E-03	5.63E-05	)
(	-0.0458	-1.58E-03	-5.49E-05	)
(	-0.0458	1.68E-03	1.78E-04	)
(	-0.0458	-1.65E-03	5.81E-05	)
(	-0.0458	1.69E-03	3.09E-04	)
(	-0.0458	-1.67E-03	1.82E-04	)
(	-0.0458	1.70E-03	4.46E-04	)
(	-0.0458	-1.69E-03	3.15E-04	)
(	-0.0458	1.69E-03	5.88E-04	)
(	-0.0458	-1.69E-03	4.54E-04	)
(	-0.0458	1.66E-03	7.33E-04	)
(	-0.0458	-1.68E-03	5.97E-04	)
(	-0.0458	1.63E-03	8.79E-04	)
(	-0.0458	-1.65E-03	7.44E-04	)
(	-0.0458	1.57E-03	1.02E-03	)
(	-0.0458	-1.62E-03	8.91E-04	)
(	-0.0458	1.51E-03	1.17E-03	)
(	-0.0458	-1.57E-03	1.04E-03	)
(	-0.0458	1.43E-03	1.30E-03	)
(	-0.0458	-1.51E-03	1.18E-03	)
(	-0.0458	1.34E-03	1.44E-03	)
(	-0.0458	-1.43E-03	1.32E-03	)
(	-0.0458	1.24E-03	1.56E-03	)
(	-0.0458	-1.34E-03	1.46E-03	)
(	-0.0458	1.13E-03	1.68E-03	)
(	-0.0458	-1.24E-03	1.58E-03	)
(	-0.0458	1.00E-03	1.79E-03	)
(	-0.0458	-1.13E-03	1.70E-03	)
(	-0.0458	8.68E-04	1.89E-03	)
(	-0.0458	-1.01E-03	1.81E-03	)
(	-0.0458	7.25E-04	1.98E-03	)
(	-0.0458	-8.73E-04	1.91E-03	)
(	-0.0458	5.75E-04	2.05E-03	)
(	-0.0458	-7.30E-04	2.00E-03	)
(	-0.0458	4.17E-04	2.11E-03	)
(	-0.0458	-5.78E-04	2.07E-03	)
(	-0.0458	2.54E-04	2.16E-03	)
(	-0.0458	-4.20E-04	2.13E-03	)
(	-0.0458	8.54E-05	2.20E-03	)
(	-0.0458	-2.55E-04	2.18E-03	)
(	-0.0458	-8.60E-05	2.21E-03	)
(	-0.0458	-1.14E-03	-1.54E-04	)
(	-0.0458	-9.92E-04	-1.46E-04	)
(	-0.0458	-8.48E-04	-1.40E-04	)
(	-0.0458	-7.08E-04	-1.36E-04	)
(	-0.0458	-5.72E-04	-1.32E-04	)
(	-0.0458	-4.40E-04	-1.28E-04	)
(	-0.0458	-3.11E-04	-1.26E-04	)
(	-0.0458	-1.85E-04	-1.24E-04	)
(	-0.0458	-6.16E-05	-1.23E-04	)
(	-0.0458	6.16E-05	-1.23E-04	)
(	-0.0458	1.85E-04	-1.24E-04	)
(	-0.0458	3.11E-04	-1.26E-04	)
(	-0.0458	4.40E-04	-1.28E-04	)
(	-0.0458	5.72E-04	-1.32E-04	)
(	-0.0458	7.08E-04	-1.36E-04	)
(	-0.0458	8.48E-04	-1.40E-04	)
(	-0.0458	9.92E-04	-1.46E-04	)
(	-0.0458	1.14E-03	-1.54E-04	)
(	-0.0458	1.30E-03	-1.27E-04	)
(	-0.0458	-1.23E-03	-2.08E-04	)
(	-0.0458	1.47E-03	-4.81E-05	)
(	-0.0458	-1.38E-03	-1.40E-04	)
(	-0.0458	1.56E-03	5.25E-05	)
(	-0.0458	-1.51E-03	-5.13E-05	)
(	-0.0458	1.61E-03	1.68E-04	)
(	-0.0458	-1.58E-03	5.49E-05	)
(	-0.0458	1.63E-03	2.94E-04	)
(	-0.0458	-1.61E-03	1.74E-04	)
(	-0.0458	1.64E-03	4.28E-04	)
(	-0.0458	-1.63E-03	3.02E-04	)
(	-0.0458	1.64E-03	5.68E-04	)
(	-0.0458	-1.64E-03	4.37E-04	)
(	-0.0458	1.62E-03	7.11E-04	)
(	-0.0458	-1.63E-03	5.78E-04	)
(	-0.0458	1.59E-03	8.55E-04	)
(	-0.0458	-1.61E-03	7.23E-04	)
(	-0.0458	1.54E-03	9.99E-04	)
(	-0.0458	-1.58E-03	8.69E-04	)
(	-0.0458	1.48E-03	1.14E-03	)
(	-0.0458	-1.54E-03	1.01E-03	)
(	-0.0458	1.41E-03	1.28E-03	)
(	-0.0458	-1.48E-03	1.16E-03	)
(	-0.0458	1.32E-03	1.41E-03	)
(	-0.0458	-1.41E-03	1.30E-03	)
(	-0.0458	1.22E-03	1.54E-03	)
(	-0.0458	-1.32E-03	1.43E-03	)
(	-0.0458	1.11E-03	1.66E-03	)
(	-0.0458	-1.22E-03	1.56E-03	)
(	-0.0458	9.89E-04	1.77E-03	)
(	-0.0458	-1.11E-03	1.68E-03	)
(	-0.0458	8.58E-04	1.87E-03	)
(	-0.0458	-9.93E-04	1.79E-03	)
(	-0.0458	7.17E-04	1.96E-03	)
(	-0.0458	-8.62E-04	1.89E-03	)
(	-0.0458	5.69E-04	2.03E-03	)
(	-0.0458	-7.21E-04	1.98E-03	)
(	-0.0458	4.13E-04	2.10E-03	)
(	-0.0458	-5.72E-04	2.05E-03	)
(	-0.0458	2.51E-04	2.15E-03	)
(	-0.0458	-4.16E-04	2.11E-03	)
(	-0.0458	8.47E-05	2.18E-03	)
(	-0.0458	-2.53E-04	2.16E-03	)
(	-0.0458	-8.53E-05	2.20E-03	)
(	-0.0458	-1.19E-03	-7.82E-05	)
(	-0.0458	-1.06E-03	-7.43E-05	)
(	-0.0458	-9.14E-04	-7.11E-05	)
(	-0.0458	-7.74E-04	-6.86E-05	)
(	-0.0458	-6.37E-04	-6.66E-05	)
(	-0.0458	-5.03E-04	-6.48E-05	)
(	-0.0458	-3.74E-04	-6.34E-05	)
(	-0.0458	-2.47E-04	-6.23E-05	)
(	-0.0458	-1.23E-04	-6.16E-05	)
(	-0.0458	-3.72E-09	-6.14E-05	)
(	-0.0458	1.23E-04	-6.16E-05	)
(	-0.0458	2.47E-04	-6.23E-05	)
(	-0.0458	3.74E-04	-6.34E-05	)
(	-0.0458	5.03E-04	-6.48E-05	)
(	-0.0458	6.37E-04	-6.66E-05	)
(	-0.0458	7.74E-04	-6.86E-05	)
(	-0.0458	9.14E-04	-7.11E-05	)
(	-0.0458	1.06E-03	-7.43E-05	)
(	-0.0458	1.19E-03	-7.82E-05	)
(	-0.0458	1.35E-03	-4.27E-05	)
(	-0.0458	-1.28E-03	-1.26E-04	)
(	-0.0458	1.47E-03	4.81E-05	)
(	-0.0458	-1.43E-03	-4.71E-05	)
(	-0.0458	1.52E-03	1.57E-04	)
(	-0.0458	-1.51E-03	5.13E-05	)
(	-0.0458	1.56E-03	2.78E-04	)
(	-0.0458	-1.54E-03	1.64E-04	)
(	-0.0458	1.58E-03	4.08E-04	)
(	-0.0458	-1.57E-03	2.87E-04	)
(	-0.0458	1.59E-03	5.45E-04	)
(	-0.0458	-1.58E-03	4.19E-04	)
(	-0.0458	1.57E-03	6.86E-04	)
(	-0.0458	-1.58E-03	5.57E-04	)
(	-0.0458	1.55E-03	8.29E-04	)
(	-0.0458	-1.57E-03	7.00E-04	)
(	-0.0458	1.51E-03	9.72E-04	)
(	-0.0458	-1.54E-03	8.44E-04	)
(	-0.0458	1.45E-03	1.11E-03	)
(	-0.0458	-1.50E-03	9.89E-04	)
(	-0.0458	1.38E-03	1.25E-03	)
(	-0.0458	-1.45E-03	1.13E-03	)
(	-0.0458	1.30E-03	1.39E-03	)
(	-0.0458	-1.38E-03	1.27E-03	)
(	-0.0458	1.20E-03	1.51E-03	)
(	-0.0458	-1.30E-03	1.41E-03	)
(	-0.0458	1.09E-03	1.63E-03	)
(	-0.0458	-1.20E-03	1.53E-03	)
(	-0.0458	9.76E-04	1.74E-03	)
(	-0.0458	-1.10E-03	1.65E-03	)
(	-0.0458	8.47E-04	1.84E-03	)
(	-0.0458	-9.79E-04	1.77E-03	)
(	-0.0458	7.09E-04	1.93E-03	)
(	-0.0458	-8.51E-04	1.87E-03	)
(	-0.0458	5.63E-04	2.01E-03	)
(	-0.0458	-7.13E-04	1.96E-03	)
(	-0.0458	4.09E-04	2.08E-03	)
(	-0.0458	-5.66E-04	2.03E-03	)
(	-0.0458	2.49E-04	2.13E-03	)
(	-0.0458	-4.11E-04	2.10E-03	)
(	-0.0458	8.40E-05	2.16E-03	)
(	-0.0458	-2.51E-04	2.15E-03	)
(	-0.0458	-8.46E-05	2.18E-03	)
(	-0.0458	-1.25E-03	-4.06E-09	)
(	-0.0458	-1.12E-03	-2.65E-09	)
(	-0.0458	-9.82E-04	-2.70E-09	)
(	-0.0458	-8.42E-04	-2.62E-09	)
(	-0.0458	-7.04E-04	-2.31E-09	)
(	-0.0458	-5.69E-04	-1.93E-09	)
(	-0.0458	-4.38E-04	-1.53E-09	)
(	-0.0458	-3.10E-04	-1.10E-09	)
(	-0.0458	-1.85E-04	-6.53E-10	)
(	-0.0458	-6.14E-05	-1.98E-10	)
(	-0.0458	6.13E-05	2.58E-10	)
(	-0.0458	1.85E-04	7.17E-10	)
(	-0.0458	3.10E-04	1.17E-09	)
(	-0.0458	4.38E-04	1.60E-09	)
(	-0.0458	5.69E-04	2.00E-09	)
(	-0.0458	7.04E-04	2.38E-09	)
(	-0.0458	8.42E-04	2.80E-09	)
(	-0.0458	9.82E-04	3.51E-09	)
(	-0.0458	1.12E-03	4.51E-09	)
(	-0.0458	1.25E-03	4.34E-09	)
(	-0.0458	1.35E-03	4.28E-05	)
(	-0.0458	-1.33E-03	-4.24E-05	)
(	-0.0458	1.42E-03	1.43E-04	)
(	-0.0458	-1.43E-03	4.71E-05	)
(	-0.0458	1.48E-03	2.59E-04	)
(	-0.0458	-1.47E-03	1.53E-04	)
(	-0.0458	1.51E-03	3.85E-04	)
(	-0.0458	-1.50E-03	2.71E-04	)
(	-0.0458	1.52E-03	5.19E-04	)
(	-0.0458	-1.52E-03	3.99E-04	)
(	-0.0458	1.52E-03	6.58E-04	)
(	-0.0458	-1.52E-03	5.34E-04	)
(	-0.0458	1.50E-03	8.00E-04	)
(	-0.0458	-1.52E-03	6.74E-04	)
(	-0.0458	1.47E-03	9.43E-04	)
(	-0.0458	-1.50E-03	8.17E-04	)
(	-0.0458	1.42E-03	1.08E-03	)
(	-0.0458	-1.46E-03	9.61E-04	)
(	-0.0458	1.35E-03	1.22E-03	)
(	-0.0458	-1.41E-03	1.10E-03	)
(	-0.0458	1.27E-03	1.36E-03	)
(	-0.0458	-1.35E-03	1.24E-03	)
(	-0.0458	1.18E-03	1.48E-03	)
(	-0.0458	-1.27E-03	1.38E-03	)
(	-0.0458	1.08E-03	1.61E-03	)
(	-0.0458	-1.18E-03	1.51E-03	)
(	-0.0458	9.61E-04	1.72E-03	)
(	-0.0458	-1.08E-03	1.63E-03	)
(	-0.0458	8.35E-04	1.82E-03	)
(	-0.0458	-9.64E-04	1.74E-03	)
(	-0.0458	7.00E-04	1.91E-03	)
(	-0.0458	-8.39E-04	1.84E-03	)
(	-0.0458	5.56E-04	1.99E-03	)
(	-0.0458	-7.03E-04	1.93E-03	)
(	-0.0458	4.04E-04	2.06E-03	)
(	-0.0458	-5.59E-04	2.01E-03	)
(	-0.0458	2.46E-04	2.11E-03	)
(	-0.0458	-4.07E-04	2.08E-03	)
(	-0.0458	8.32E-05	2.15E-03	)
(	-0.0458	-2.48E-04	2.13E-03	)
(	-0.0458	-8.38E-05	2.16E-03	)
(	-0.0458	-1.19E-03	7.82E-05	)
(	-0.0458	-1.33E-03	4.24E-05	)
(	-0.0458	-1.06E-03	7.43E-05	)
(	-0.0458	-9.14E-04	7.11E-05	)
(	-0.0458	-7.74E-04	6.86E-05	)
(	-0.0458	-6.37E-04	6.66E-05	)
(	-0.0458	-5.03E-04	6.48E-05	)
(	-0.0458	-3.74E-04	6.34E-05	)
(	-0.0458	-2.47E-04	6.23E-05	)
(	-0.0458	-1.23E-04	6.16E-05	)
(	-0.0458	-3.90E-09	6.14E-05	)
(	-0.0458	1.23E-04	6.16E-05	)
(	-0.0458	2.47E-04	6.23E-05	)
(	-0.0458	3.74E-04	6.34E-05	)
(	-0.0458	5.03E-04	6.48E-05	)
(	-0.0458	6.37E-04	6.66E-05	)
(	-0.0458	7.74E-04	6.86E-05	)
(	-0.0458	9.14E-04	7.11E-05	)
(	-0.0458	1.06E-03	7.43E-05	)
(	-0.0458	1.19E-03	7.82E-05	)
(	-0.0458	1.30E-03	1.27E-04	)
(	-0.0458	1.37E-03	2.36E-04	)
(	-0.0458	-1.38E-03	1.40E-04	)
(	-0.0458	1.42E-03	3.58E-04	)
(	-0.0458	-1.42E-03	2.53E-04	)
(	-0.0458	1.45E-03	4.89E-04	)
(	-0.0458	-1.45E-03	3.76E-04	)
(	-0.0458	1.46E-03	6.27E-04	)
(	-0.0458	-1.46E-03	5.08E-04	)
(	-0.0458	1.45E-03	7.68E-04	)
(	-0.0458	-1.46E-03	6.46E-04	)
(	-0.0458	1.42E-03	9.10E-04	)
(	-0.0458	-1.45E-03	7.88E-04	)
(	-0.0458	1.38E-03	1.05E-03	)
(	-0.0458	-1.42E-03	9.31E-04	)
(	-0.0458	1.32E-03	1.19E-03	)
(	-0.0458	-1.37E-03	1.07E-03	)
(	-0.0458	1.24E-03	1.32E-03	)
(	-0.0458	-1.32E-03	1.21E-03	)
(	-0.0458	1.16E-03	1.45E-03	)
(	-0.0458	-1.24E-03	1.35E-03	)
(	-0.0458	1.06E-03	1.58E-03	)
(	-0.0458	-1.16E-03	1.48E-03	)
(	-0.0458	9.45E-04	1.69E-03	)
(	-0.0458	-1.06E-03	1.60E-03	)
(	-0.0458	8.23E-04	1.79E-03	)
(	-0.0458	-9.48E-04	1.71E-03	)
(	-0.0458	6.90E-04	1.89E-03	)
(	-0.0458	-8.26E-04	1.82E-03	)
(	-0.0458	5.49E-04	1.97E-03	)
(	-0.0458	-6.93E-04	1.91E-03	)
(	-0.0458	4.00E-04	2.03E-03	)
(	-0.0458	-5.52E-04	1.99E-03	)
(	-0.0458	2.44E-04	2.09E-03	)
(	-0.0458	-4.02E-04	2.06E-03	)
(	-0.0458	8.23E-05	2.13E-03	)
(	-0.0458	-2.45E-04	2.11E-03	)
(	-0.0458	-8.29E-05	2.15E-03	)
(	-0.0458	-1.14E-03	1.54E-04	)
(	-0.0458	-1.28E-03	1.26E-04	)
(	-0.0458	-9.92E-04	1.46E-04	)
(	-0.0458	-8.48E-04	1.40E-04	)
(	-0.0458	-7.08E-04	1.36E-04	)
(	-0.0458	-5.72E-04	1.32E-04	)
(	-0.0458	-4.40E-04	1.28E-04	)
(	-0.0458	-3.11E-04	1.26E-04	)
(	-0.0458	-1.85E-04	1.24E-04	)
(	-0.0458	-6.16E-05	1.23E-04	)
(	-0.0458	6.16E-05	1.23E-04	)
(	-0.0458	1.85E-04	1.24E-04	)
(	-0.0458	3.11E-04	1.26E-04	)
(	-0.0458	4.40E-04	1.28E-04	)
(	-0.0458	5.72E-04	1.32E-04	)
(	-0.0458	7.08E-04	1.36E-04	)
(	-0.0458	8.48E-04	1.40E-04	)
(	-0.0458	9.92E-04	1.46E-04	)
(	-0.0458	1.14E-03	1.54E-04	)
(	-0.0458	1.25E-03	2.10E-04	)
(	-0.0458	1.32E-03	3.27E-04	)
(	-0.0458	-1.33E-03	2.32E-04	)
(	-0.0458	1.37E-03	4.56E-04	)
(	-0.0458	-1.37E-03	3.51E-04	)
(	-0.0458	1.39E-03	5.91E-04	)
(	-0.0458	-1.39E-03	4.79E-04	)
(	-0.0458	1.39E-03	7.31E-04	)
(	-0.0458	-1.40E-03	6.15E-04	)
(	-0.0458	1.37E-03	8.73E-04	)
(	-0.0458	-1.39E-03	7.55E-04	)
(	-0.0458	1.33E-03	1.01E-03	)
(	-0.0458	-1.37E-03	8.97E-04	)
(	-0.0458	1.28E-03	1.15E-03	)
(	-0.0458	-1.33E-03	1.04E-03	)
(	-0.0458	1.21E-03	1.29E-03	)
(	-0.0458	-1.28E-03	1.18E-03	)
(	-0.0458	1.13E-03	1.42E-03	)
(	-0.0458	-1.21E-03	1.32E-03	)
(	-0.0458	1.04E-03	1.54E-03	)
(	-0.0458	-1.13E-03	1.45E-03	)
(	-0.0458	9.28E-04	1.66E-03	)
(	-0.0458	-1.04E-03	1.57E-03	)
(	-0.0458	8.09E-04	1.76E-03	)
(	-0.0458	-9.31E-04	1.68E-03	)
(	-0.0458	6.80E-04	1.86E-03	)
(	-0.0458	-8.12E-04	1.79E-03	)
(	-0.0458	5.41E-04	1.94E-03	)
(	-0.0458	-6.83E-04	1.88E-03	)
(	-0.0458	3.94E-04	2.01E-03	)
(	-0.0458	-5.44E-04	1.96E-03	)
(	-0.0458	2.41E-04	2.07E-03	)
(	-0.0458	-3.97E-04	2.03E-03	)
(	-0.0458	8.14E-05	2.11E-03	)
(	-0.0458	-2.42E-04	2.09E-03	)
(	-0.0458	-8.20E-05	2.13E-03	)
(	-0.0458	-1.08E-03	2.28E-04	)
(	-0.0458	-1.23E-03	2.08E-04	)
(	-0.0458	-9.30E-04	2.17E-04	)
(	-0.0458	-7.84E-04	2.08E-04	)
(	-0.0458	-6.44E-04	2.01E-04	)
(	-0.0458	-5.08E-04	1.96E-04	)
(	-0.0458	-3.77E-04	1.91E-04	)
(	-0.0458	-2.49E-04	1.88E-04	)
(	-0.0458	-1.24E-04	1.85E-04	)
(	-0.0458	-4.09E-09	1.85E-04	)
(	-0.0458	1.24E-04	1.85E-04	)
(	-0.0458	2.49E-04	1.88E-04	)
(	-0.0458	3.77E-04	1.91E-04	)
(	-0.0458	5.08E-04	1.96E-04	)
(	-0.0458	6.44E-04	2.01E-04	)
(	-0.0458	7.84E-04	2.08E-04	)
(	-0.0458	9.30E-04	2.17E-04	)
(	-0.0458	1.08E-03	2.28E-04	)
(	-0.0458	1.19E-03	2.90E-04	)
(	-0.0458	1.26E-03	4.16E-04	)
(	-0.0458	-1.28E-03	3.21E-04	)
(	-0.0458	1.30E-03	5.50E-04	)
(	-0.0458	-1.31E-03	4.46E-04	)
(	-0.0458	1.32E-03	6.90E-04	)
(	-0.0458	-1.33E-03	5.80E-04	)
(	-0.0458	1.31E-03	8.32E-04	)
(	-0.0458	-1.33E-03	7.18E-04	)
(	-0.0458	1.29E-03	9.74E-04	)
(	-0.0458	-1.32E-03	8.60E-04	)
(	-0.0458	1.24E-03	1.11E-03	)
(	-0.0458	-1.29E-03	1.00E-03	)
(	-0.0458	1.18E-03	1.25E-03	)
(	-0.0458	-1.24E-03	1.14E-03	)
(	-0.0458	1.10E-03	1.38E-03	)
(	-0.0458	-1.18E-03	1.28E-03	)
(	-0.0458	1.01E-03	1.51E-03	)
(	-0.0458	-1.10E-03	1.41E-03	)
(	-0.0458	9.09E-04	1.62E-03	)
(	-0.0458	-1.01E-03	1.54E-03	)
(	-0.0458	7.94E-04	1.73E-03	)
(	-0.0458	-9.12E-04	1.65E-03	)
(	-0.0458	6.68E-04	1.83E-03	)
(	-0.0458	-7.97E-04	1.76E-03	)
(	-0.0458	5.33E-04	1.91E-03	)
(	-0.0458	-6.71E-04	1.86E-03	)
(	-0.0458	3.89E-04	1.98E-03	)
(	-0.0458	-5.36E-04	1.94E-03	)
(	-0.0458	2.38E-04	2.04E-03	)
(	-0.0458	-3.91E-04	2.01E-03	)
(	-0.0458	8.04E-05	2.09E-03	)
(	-0.0458	-2.39E-04	2.07E-03	)
(	-0.0458	-8.10E-05	2.11E-03	)
(	-0.0458	-1.02E-03	3.00E-04	)
(	-0.0458	-1.18E-03	2.88E-04	)
(	-0.0458	-8.68E-04	2.86E-04	)
(	-0.0458	-7.21E-04	2.75E-04	)
(	-0.0458	-5.81E-04	2.66E-04	)
(	-0.0458	-4.46E-04	2.59E-04	)
(	-0.0458	-3.15E-04	2.53E-04	)
(	-0.0458	-1.88E-04	2.49E-04	)
(	-0.0458	-6.23E-05	2.47E-04	)
(	-0.0458	6.23E-05	2.47E-04	)
(	-0.0458	1.88E-04	2.49E-04	)
(	-0.0458	3.15E-04	2.53E-04	)
(	-0.0458	4.46E-04	2.59E-04	)
(	-0.0458	5.81E-04	2.66E-04	)
(	-0.0458	7.21E-04	2.75E-04	)
(	-0.0458	8.68E-04	2.86E-04	)
(	-0.0458	1.02E-03	3.00E-04	)
(	-0.0458	1.14E-03	3.69E-04	)
(	-0.0458	1.20E-03	5.03E-04	)
(	-0.0458	-1.22E-03	4.09E-04	)
(	-0.0458	1.24E-03	6.43E-04	)
(	-0.0458	-1.25E-03	5.40E-04	)
(	-0.0458	1.24E-03	7.85E-04	)
(	-0.0458	-1.26E-03	6.78E-04	)
(	-0.0458	1.23E-03	9.29E-04	)
(	-0.0458	-1.26E-03	8.19E-04	)
(	-0.0458	1.19E-03	1.07E-03	)
(	-0.0458	-1.24E-03	9.61E-04	)
(	-0.0458	1.14E-03	1.21E-03	)
(	-0.0458	-1.20E-03	1.10E-03	)
(	-0.0458	1.07E-03	1.34E-03	)
(	-0.0458	-1.14E-03	1.24E-03	)
(	-0.0458	9.87E-04	1.47E-03	)
(	-0.0458	-1.07E-03	1.37E-03	)
(	-0.0458	8.89E-04	1.59E-03	)
(	-0.0458	-9.89E-04	1.50E-03	)
(	-0.0458	7.78E-04	1.70E-03	)
(	-0.0458	-8.91E-04	1.62E-03	)
(	-0.0458	6.56E-04	1.80E-03	)
(	-0.0458	-7.81E-04	1.73E-03	)
(	-0.0458	5.24E-04	1.88E-03	)
(	-0.0458	-6.59E-04	1.83E-03	)
(	-0.0458	3.83E-04	1.96E-03	)
(	-0.0458	-5.27E-04	1.91E-03	)
(	-0.0458	2.34E-04	2.02E-03	)
(	-0.0458	-3.85E-04	1.98E-03	)
(	-0.0458	7.94E-05	2.07E-03	)
(	-0.0458	-2.36E-04	2.04E-03	)
(	-0.0458	-8.00E-05	2.09E-03	)
(	-0.0458	-9.60E-04	3.71E-04	)
(	-0.0458	-1.12E-03	3.67E-04	)
(	-0.0458	-8.06E-04	3.54E-04	)
(	-0.0458	-6.59E-04	3.40E-04	)
(	-0.0458	-5.18E-04	3.30E-04	)
(	-0.0458	-3.83E-04	3.21E-04	)
(	-0.0458	-2.53E-04	3.15E-04	)
(	-0.0458	-1.26E-04	3.11E-04	)
(	-0.0458	-4.28E-09	3.10E-04	)
(	-0.0458	1.26E-04	3.11E-04	)
(	-0.0458	2.53E-04	3.15E-04	)
(	-0.0458	3.83E-04	3.21E-04	)
(	-0.0458	5.18E-04	3.30E-04	)
(	-0.0458	6.59E-04	3.40E-04	)
(	-0.0458	8.06E-04	3.54E-04	)
(	-0.0458	9.60E-04	3.71E-04	)
(	-0.0458	1.08E-03	4.47E-04	)
(	-0.0458	1.14E-03	5.87E-04	)
(	-0.0458	-1.16E-03	4.95E-04	)
(	-0.0458	1.16E-03	7.32E-04	)
(	-0.0458	-1.19E-03	6.32E-04	)
(	-0.0458	1.16E-03	8.77E-04	)
(	-0.0458	-1.19E-03	7.72E-04	)
(	-0.0458	1.14E-03	1.02E-03	)
(	-0.0458	-1.18E-03	9.15E-04	)
(	-0.0458	1.10E-03	1.16E-03	)
(	-0.0458	-1.15E-03	1.06E-03	)
(	-0.0458	1.04E-03	1.30E-03	)
(	-0.0458	-1.10E-03	1.20E-03	)
(	-0.0458	9.59E-04	1.43E-03	)
(	-0.0458	-1.04E-03	1.33E-03	)
(	-0.0458	8.66E-04	1.55E-03	)
(	-0.0458	-9.61E-04	1.46E-03	)
(	-0.0458	7.60E-04	1.66E-03	)
(	-0.0458	-8.69E-04	1.58E-03	)
(	-0.0458	6.43E-04	1.76E-03	)
(	-0.0458	-7.63E-04	1.69E-03	)
(	-0.0458	5.14E-04	1.85E-03	)
(	-0.0458	-6.45E-04	1.79E-03	)
(	-0.0458	3.77E-04	1.93E-03	)
(	-0.0458	-5.17E-04	1.88E-03	)
(	-0.0458	2.31E-04	1.99E-03	)
(	-0.0458	-3.79E-04	1.96E-03	)
(	-0.0458	7.83E-05	2.04E-03	)
(	-0.0458	-2.32E-04	2.02E-03	)
(	-0.0458	-7.89E-05	2.07E-03	)
(	-0.0458	-8.99E-04	4.42E-04	)
(	-0.0458	-1.06E-03	4.44E-04	)
(	-0.0458	-7.43E-04	4.21E-04	)
(	-0.0458	-5.96E-04	4.05E-04	)
(	-0.0458	-4.56E-04	3.93E-04	)
(	-0.0458	-3.21E-04	3.83E-04	)
(	-0.0458	-1.91E-04	3.77E-04	)
(	-0.0458	-6.34E-05	3.74E-04	)
(	-0.0458	6.34E-05	3.74E-04	)
(	-0.0458	1.91E-04	3.77E-04	)
(	-0.0458	3.21E-04	3.83E-04	)
(	-0.0458	4.56E-04	3.93E-04	)
(	-0.0458	5.96E-04	4.05E-04	)
(	-0.0458	7.43E-04	4.21E-04	)
(	-0.0458	8.99E-04	4.42E-04	)
(	-0.0458	1.02E-03	5.23E-04	)
(	-0.0458	1.07E-03	6.70E-04	)
(	-0.0458	-1.10E-03	5.79E-04	)
(	-0.0458	1.09E-03	8.18E-04	)
(	-0.0458	-1.12E-03	7.20E-04	)
(	-0.0458	1.08E-03	9.65E-04	)
(	-0.0458	-1.12E-03	8.64E-04	)
(	-0.0458	1.05E-03	1.11E-03	)
(	-0.0458	-1.10E-03	1.01E-03	)
(	-0.0458	9.97E-04	1.25E-03	)
(	-0.0458	-1.06E-03	1.15E-03	)
(	-0.0458	9.27E-04	1.38E-03	)
(	-0.0458	-1.00E-03	1.29E-03	)
(	-0.0458	8.41E-04	1.50E-03	)
(	-0.0458	-9.31E-04	1.42E-03	)
(	-0.0458	7.41E-04	1.62E-03	)
(	-0.0458	-8.44E-04	1.54E-03	)
(	-0.0458	6.28E-04	1.72E-03	)
(	-0.0458	-7.44E-04	1.65E-03	)
(	-0.0458	5.04E-04	1.82E-03	)
(	-0.0458	-6.31E-04	1.76E-03	)
(	-0.0458	3.70E-04	1.90E-03	)
(	-0.0458	-5.06E-04	1.85E-03	)
(	-0.0458	2.27E-04	1.96E-03	)
(	-0.0458	-3.72E-04	1.93E-03	)
(	-0.0458	7.71E-05	2.02E-03	)
(	-0.0458	-2.28E-04	1.99E-03	)
(	-0.0458	-7.77E-05	2.04E-03	)
(	-0.0458	-8.37E-04	5.10E-04	)
(	-0.0458	-1.00E-03	5.19E-04	)
(	-0.0458	-6.80E-04	4.87E-04	)
(	-0.0458	-5.33E-04	4.69E-04	)
(	-0.0458	-3.93E-04	4.56E-04	)
(	-0.0458	-2.59E-04	4.46E-04	)
(	-0.0458	-1.28E-04	4.40E-04	)
(	-0.0458	-4.47E-09	4.38E-04	)
(	-0.0458	1.28E-04	4.40E-04	)
(	-0.0458	2.59E-04	4.46E-04	)
(	-0.0458	3.93E-04	4.56E-04	)
(	-0.0458	5.33E-04	4.69E-04	)
(	-0.0458	6.80E-04	4.87E-04	)
(	-0.0458	8.37E-04	5.10E-04	)
(	-0.0458	9.51E-04	5.97E-04	)
(	-0.0458	9.96E-04	7.49E-04	)
(	-0.0458	-1.03E-03	6.61E-04	)
(	-0.0458	1.01E-03	9.00E-04	)
(	-0.0458	-1.05E-03	8.06E-04	)
(	-0.0458	9.91E-04	1.05E-03	)
(	-0.0458	-1.04E-03	9.52E-04	)
(	-0.0458	9.51E-04	1.19E-03	)
(	-0.0458	-1.01E-03	1.10E-03	)
(	-0.0458	8.91E-04	1.33E-03	)
(	-0.0458	-9.61E-04	1.24E-03	)
(	-0.0458	8.13E-04	1.45E-03	)
(	-0.0458	-8.97E-04	1.37E-03	)
(	-0.0458	7.19E-04	1.57E-03	)
(	-0.0458	-8.17E-04	1.50E-03	)
(	-0.0458	6.12E-04	1.68E-03	)
(	-0.0458	-7.23E-04	1.61E-03	)
(	-0.0458	4.92E-04	1.78E-03	)
(	-0.0458	-6.15E-04	1.72E-03	)
(	-0.0458	3.62E-04	1.86E-03	)
(	-0.0458	-4.95E-04	1.81E-03	)
(	-0.0458	2.23E-04	1.93E-03	)
(	-0.0458	-3.64E-04	1.90E-03	)
(	-0.0458	7.59E-05	1.99E-03	)
(	-0.0458	-2.24E-04	1.96E-03	)
(	-0.0458	-7.64E-05	2.02E-03	)
(	-0.0458	-7.74E-04	5.78E-04	)
(	-0.0458	-9.38E-04	5.94E-04	)
(	-0.0458	-6.17E-04	5.53E-04	)
(	-0.0458	-4.69E-04	5.33E-04	)
(	-0.0458	-3.30E-04	5.18E-04	)
(	-0.0458	-1.96E-04	5.08E-04	)
(	-0.0458	-6.48E-05	5.03E-04	)
(	-0.0458	6.48E-05	5.03E-04	)
(	-0.0458	1.96E-04	5.08E-04	)
(	-0.0458	3.30E-04	5.18E-04	)
(	-0.0458	4.69E-04	5.33E-04	)
(	-0.0458	6.17E-04	5.53E-04	)
(	-0.0458	7.74E-04	5.78E-04	)
(	-0.0458	8.85E-04	6.69E-04	)
(	-0.0458	9.22E-04	8.26E-04	)
(	-0.0458	-9.65E-04	7.41E-04	)
(	-0.0458	9.24E-04	9.79E-04	)
(	-0.0458	-9.69E-04	8.90E-04	)
(	-0.0458	8.98E-04	1.13E-03	)
(	-0.0458	-9.52E-04	1.04E-03	)
(	-0.0458	8.50E-04	1.27E-03	)
(	-0.0458	-9.15E-04	1.18E-03	)
(	-0.0458	7.81E-04	1.40E-03	)
(	-0.0458	-8.60E-04	1.32E-03	)
(	-0.0458	6.95E-04	1.52E-03	)
(	-0.0458	-7.88E-04	1.45E-03	)
(	-0.0458	5.94E-04	1.64E-03	)
(	-0.0458	-7.00E-04	1.57E-03	)
(	-0.0458	4.79E-04	1.74E-03	)
(	-0.0458	-5.97E-04	1.68E-03	)
(	-0.0458	3.54E-04	1.82E-03	)
(	-0.0458	-4.82E-04	1.78E-03	)
(	-0.0458	2.18E-04	1.90E-03	)
(	-0.0458	-3.56E-04	1.86E-03	)
(	-0.0458	7.45E-05	1.96E-03	)
(	-0.0458	-2.20E-04	1.93E-03	)
(	-0.0458	-7.50E-05	1.99E-03	)
(	-0.0458	-7.10E-04	6.45E-04	)
(	-0.0458	-8.73E-04	6.66E-04	)
(	-0.0458	-5.53E-04	6.17E-04	)
(	-0.0458	-4.05E-04	5.96E-04	)
(	-0.0458	-2.66E-04	5.81E-04	)
(	-0.0458	-1.32E-04	5.72E-04	)
(	-0.0458	-4.63E-09	5.69E-04	)
(	-0.0458	1.32E-04	5.72E-04	)
(	-0.0458	2.66E-04	5.81E-04	)
(	-0.0458	4.05E-04	5.96E-04	)
(	-0.0458	5.53E-04	6.17E-04	)
(	-0.0458	7.10E-04	6.45E-04	)
(	-0.0458	8.17E-04	7.40E-04	)
(	-0.0458	8.44E-04	9.01E-04	)
(	-0.0458	-8.93E-04	8.18E-04	)
(	-0.0458	8.37E-04	1.05E-03	)
(	-0.0458	-8.90E-04	9.69E-04	)
(	-0.0458	8.02E-04	1.20E-03	)
(	-0.0458	-8.64E-04	1.12E-03	)
(	-0.0458	7.44E-04	1.34E-03	)
(	-0.0458	-8.19E-04	1.26E-03	)
(	-0.0458	6.67E-04	1.47E-03	)
(	-0.0458	-7.55E-04	1.39E-03	)
(	-0.0458	5.73E-04	1.58E-03	)
(	-0.0458	-6.74E-04	1.52E-03	)
(	-0.0458	4.65E-04	1.69E-03	)
(	-0.0458	-5.78E-04	1.63E-03	)
(	-0.0458	3.45E-04	1.78E-03	)
(	-0.0458	-4.69E-04	1.73E-03	)
(	-0.0458	2.13E-04	1.86E-03	)
(	-0.0458	-3.47E-04	1.82E-03	)
(	-0.0458	7.29E-05	1.92E-03	)
(	-0.0458	-2.15E-04	1.90E-03	)
(	-0.0458	-7.35E-05	1.96E-03	)
(	-0.0458	-6.45E-04	7.10E-04	)
(	-0.0458	-8.06E-04	7.37E-04	)
(	-0.0458	-4.87E-04	6.80E-04	)
(	-0.0458	-3.40E-04	6.59E-04	)
(	-0.0458	-2.01E-04	6.44E-04	)
(	-0.0458	-6.66E-05	6.37E-04	)
(	-0.0458	6.66E-05	6.37E-04	)
(	-0.0458	2.01E-04	6.44E-04	)
(	-0.0458	3.40E-04	6.59E-04	)
(	-0.0458	4.87E-04	6.80E-04	)
(	-0.0458	6.45E-04	7.10E-04	)
(	-0.0458	7.47E-04	8.09E-04	)
(	-0.0458	7.64E-04	9.72E-04	)
(	-0.0458	-8.18E-04	8.93E-04	)
(	-0.0458	7.47E-04	1.13E-03	)
(	-0.0458	-8.06E-04	1.05E-03	)
(	-0.0458	7.03E-04	1.27E-03	)
(	-0.0458	-7.73E-04	1.19E-03	)
(	-0.0458	6.36E-04	1.41E-03	)
(	-0.0458	-7.18E-04	1.33E-03	)
(	-0.0458	5.51E-04	1.53E-03	)
(	-0.0458	-6.46E-04	1.46E-03	)
(	-0.0458	4.49E-04	1.64E-03	)
(	-0.0458	-5.57E-04	1.58E-03	)
(	-0.0458	3.34E-04	1.74E-03	)
(	-0.0458	-4.54E-04	1.69E-03	)
(	-0.0458	2.08E-04	1.82E-03	)
(	-0.0458	-3.37E-04	1.78E-03	)
(	-0.0458	7.13E-05	1.89E-03	)
(	-0.0458	-2.09E-04	1.86E-03	)
(	-0.0458	-7.19E-05	1.92E-03	)
(	-0.0458	-5.78E-04	7.74E-04	)
(	-0.0458	-7.37E-04	8.06E-04	)
(	-0.0458	-4.21E-04	7.43E-04	)
(	-0.0458	-2.75E-04	7.21E-04	)
(	-0.0458	-1.36E-04	7.08E-04	)
(	-0.0458	-4.76E-09	7.04E-04	)
(	-0.0458	1.36E-04	7.08E-04	)
(	-0.0458	2.75E-04	7.21E-04	)
(	-0.0458	4.21E-04	7.43E-04	)
(	-0.0458	5.78E-04	7.74E-04	)
(	-0.0458	6.75E-04	8.75E-04	)
(	-0.0458	6.81E-04	1.04E-03	)
(	-0.0458	-7.41E-04	9.65E-04	)
(	-0.0458	6.54E-04	1.19E-03	)
(	-0.0458	-7.20E-04	1.12E-03	)
(	-0.0458	6.00E-04	1.34E-03	)
(	-0.0458	-6.78E-04	1.26E-03	)
(	-0.0458	5.25E-04	1.47E-03	)
(	-0.0458	-6.15E-04	1.40E-03	)
(	-0.0458	4.32E-04	1.58E-03	)
(	-0.0458	-5.34E-04	1.52E-03	)
(	-0.0458	3.23E-04	1.69E-03	)
(	-0.0458	-4.37E-04	1.64E-03	)
(	-0.0458	2.02E-04	1.78E-03	)
(	-0.0458	-3.27E-04	1.74E-03	)
(	-0.0458	6.95E-05	1.85E-03	)
(	-0.0458	-2.04E-04	1.82E-03	)
(	-0.0458	-7.01E-05	1.89E-03	)
(	-0.0458	-5.10E-04	8.37E-04	)
(	-0.0458	-6.66E-04	8.73E-04	)
(	-0.0458	-3.54E-04	8.06E-04	)
(	-0.0458	-2.08E-04	7.84E-04	)
(	-0.0458	-6.86E-05	7.74E-04	)
(	-0.0458	6.86E-05	7.74E-04	)
(	-0.0458	2.08E-04	7.84E-04	)
(	-0.0458	3.54E-04	8.06E-04	)
(	-0.0458	5.10E-04	8.37E-04	)
(	-0.0458	6.01E-04	9.40E-04	)
(	-0.0458	5.96E-04	1.11E-03	)
(	-0.0458	-6.61E-04	1.03E-03	)
(	-0.0458	5.58E-04	1.26E-03	)
(	-0.0458	-6.32E-04	1.19E-03	)
(	-0.0458	4.95E-04	1.40E-03	)
(	-0.0458	-5.80E-04	1.33E-03	)
(	-0.0458	4.11E-04	1.52E-03	)
(	-0.0458	-5.08E-04	1.46E-03	)
(	-0.0458	3.10E-04	1.63E-03	)
(	-0.0458	-4.19E-04	1.58E-03	)
(	-0.0458	1.95E-04	1.73E-03	)
(	-0.0458	-3.15E-04	1.69E-03	)
(	-0.0458	6.74E-05	1.81E-03	)
(	-0.0458	-1.97E-04	1.78E-03	)
(	-0.0458	-6.81E-05	1.85E-03	)
(	-0.0458	-4.42E-04	8.99E-04	)
(	-0.0458	-5.94E-04	9.38E-04	)
(	-0.0458	-2.86E-04	8.68E-04	)
(	-0.0458	-1.40E-04	8.48E-04	)
(	-0.0458	-4.86E-09	8.42E-04	)
(	-0.0458	1.40E-04	8.48E-04	)
(	-0.0458	2.86E-04	8.68E-04	)
(	-0.0458	4.42E-04	8.99E-04	)
(	-0.0458	5.26E-04	1.00E-03	)
(	-0.0458	5.09E-04	1.17E-03	)
(	-0.0458	-5.79E-04	1.10E-03	)
(	-0.0458	4.61E-04	1.32E-03	)
(	-0.0458	-5.40E-04	1.25E-03	)
(	-0.0458	3.88E-04	1.45E-03	)
(	-0.0458	-4.79E-04	1.39E-03	)
(	-0.0458	2.96E-04	1.57E-03	)
(	-0.0458	-3.99E-04	1.52E-03	)
(	-0.0458	1.87E-04	1.67E-03	)
(	-0.0458	-3.02E-04	1.63E-03	)
(	-0.0458	6.52E-05	1.76E-03	)
(	-0.0458	-1.90E-04	1.73E-03	)
(	-0.0458	-6.60E-05	1.81E-03	)
(	-0.0458	-3.71E-04	9.60E-04	)
(	-0.0458	-5.20E-04	1.00E-03	)
(	-0.0458	-2.17E-04	9.30E-04	)
(	-0.0458	-7.11E-05	9.14E-04	)
(	-0.0458	7.11E-05	9.14E-04	)
(	-0.0458	2.17E-04	9.30E-04	)
(	-0.0458	3.71E-04	9.60E-04	)
(	-0.0458	4.49E-04	1.06E-03	)
(	-0.0458	4.20E-04	1.23E-03	)
(	-0.0458	-4.95E-04	1.16E-03	)
(	-0.0458	3.61E-04	1.37E-03	)
(	-0.0458	-4.46E-04	1.31E-03	)
(	-0.0458	2.79E-04	1.50E-03	)
(	-0.0458	-3.76E-04	1.45E-03	)
(	-0.0458	1.79E-04	1.61E-03	)
(	-0.0458	-2.87E-04	1.57E-03	)
(	-0.0458	6.26E-05	1.71E-03	)
(	-0.0458	-1.82E-04	1.67E-03	)
(	-0.0458	-6.37E-05	1.76E-03	)
(	-0.0458	-3.00E-04	1.02E-03	)
(	-0.0458	-4.44E-04	1.06E-03	)
(	-0.0458	-1.46E-04	9.92E-04	)
(	-0.0458	-4.87E-09	9.82E-04	)
(	-0.0458	1.46E-04	9.92E-04	)
(	-0.0458	3.00E-04	1.02E-03	)
(	-0.0458	3.71E-04	1.12E-03	)
(	-0.0458	3.29E-04	1.28E-03	)
(	-0.0458	-4.09E-04	1.22E-03	)
(	-0.0458	2.60E-04	1.42E-03	)
(	-0.0458	-3.51E-04	1.37E-03	)
(	-0.0458	1.69E-04	1.55E-03	)
(	-0.0458	-2.71E-04	1.50E-03	)
(	-0.0458	5.97E-05	1.65E-03	)
(	-0.0458	-1.74E-04	1.61E-03	)
(	-0.0458	-6.11E-05	1.71E-03	)
(	-0.0458	-2.28E-04	1.08E-03	)
(	-0.0458	-3.67E-04	1.12E-03	)
(	-0.0458	-7.43E-05	1.06E-03	)
(	-0.0458	7.43E-05	1.06E-03	)
(	-0.0458	2.28E-04	1.08E-03	)
(	-0.0458	2.91E-04	1.18E-03	)
(	-0.0458	2.37E-04	1.33E-03	)
(	-0.0458	-3.21E-04	1.28E-03	)
(	-0.0458	1.57E-04	1.47E-03	)
(	-0.0458	-2.53E-04	1.42E-03	)
(	-0.0458	5.64E-05	1.58E-03	)
(	-0.0458	-1.64E-04	1.54E-03	)
(	-0.0458	-5.82E-05	1.65E-03	)
(	-0.0458	-1.54E-04	1.14E-03	)
(	-0.0458	-2.88E-04	1.18E-03	)
(	-0.0458	-4.48E-09	1.12E-03	)
(	-0.0458	1.54E-04	1.14E-03	)
(	-0.0458	2.10E-04	1.23E-03	)
(	-0.0458	1.44E-04	1.38E-03	)
(	-0.0458	-2.32E-04	1.33E-03	)
(	-0.0458	5.26E-05	1.51E-03	)
(	-0.0458	-1.53E-04	1.47E-03	)
(	-0.0458	-5.49E-05	1.58E-03	)
(	-0.0458	-7.82E-05	1.19E-03	)
(	-0.0458	-2.08E-04	1.23E-03	)
(	-0.0458	7.82E-05	1.19E-03	)
(	-0.0458	1.27E-04	1.28E-03	)
(	-0.0458	4.81E-05	1.43E-03	)
(	-0.0458	-1.40E-04	1.38E-03	)
(	-0.0458	-5.13E-05	1.51E-03	)
(	-0.0458	-5.44E-09	1.25E-03	)
(	-0.0458	-1.26E-04	1.28E-03	)
(	-0.0458	4.28E-05	1.33E-03	)
(	-0.0458	-4.71E-05	1.43E-03	)
(	-0.0458	-4.24E-05	1.33E-03	)		
)				
