/*--------------------------------*- C++ -*----------------------------------*\
  =========                 |
  \\      /  F ield         | OpenFOAM: The Open Source CFD Toolbox
   \\    /   O peration     | Website:  https://openfoam.org
    \\  /    A nd           | Version:  10
     \\/     M anipulation  |
\*---------------------------------------------------------------------------*/
FoamFile
{
    format      ascii;
    class       volScalarField;
    location    "3000";
    object      a;
}
// * * * * * * * * * * * * * * * * * * * * * * * * * * * * * * * * * * * * * //

dimensions      [0 -1 0 0 0 0 0];

internalField   nonuniform List<scalar> 
5170
(
1.461893645
1.46190042
1.461915021
1.461929935
1.461944995
1.461471565
1.461474333
1.461477109
1.461472809
1.461433751
1.460945785
1.460946409
1.460944029
1.460928283
1.460863994
1.460543129
1.460542536
1.460537195
1.460511343
1.460430537
1.460199731
1.460198111
1.460189694
1.460154179
1.460056132
1.459815105
1.45981267
1.459800063
1.459753368
1.459640313
1.459381546
1.459377851
1.459361351
1.459302927
1.459177132
1.458922673
1.45891801
1.458897297
1.458827134
1.458690524
1.45846118
1.458454835
1.458429644
1.458347235
1.45820292
1.4580083
1.458000802
1.457970306
1.457875905
1.457727501
1.457567971
1.457559206
1.457522684
1.457417522
1.457269248
1.457137654
1.457127602
1.457085551
1.456971246
1.456829379
1.456709467
1.456697461
1.456650765
1.456530768
1.456400257
1.456282865
1.456269632
1.456218758
1.456095583
1.455978555
1.455866023
1.455851058
1.455796795
1.45567146
1.455567109
1.455462675
1.455446709
1.455387528
1.455260925
1.455167345
1.455075449
1.455057623
1.454993143
1.454862656
1.454774962
1.454699913
1.45467941
1.45460452
1.454470445
1.454384106
1.454302273
1.454296061
1.454217037
1.454075711
1.453985642
1.453772494
1.453747663
1.453697114
1.45372374
1.454272366
0.7240885127
0.7253870488
0.72586452
0.7250550917
0.723990374
0.7188039688
0.7202820503
0.7207398552
0.7198909183
0.7185585762
0.7160636143
0.7173040122
0.7176717839
0.716970463
0.715837057
0.7147165284
0.7156144591
0.7158673974
0.7153091582
0.7145845844
0.7141956766
0.7147274324
0.7148862074
0.7144806813
0.7141968807
0.7141779924
0.7143641641
0.7144394605
0.7142132685
0.7143600731
0.7144823516
0.7143568231
0.7143612474
0.71434205
0.7148853083
0.7150326506
0.7146211028
0.7145675133
0.7147805948
0.7156866784
0.7157918147
0.7151163901
0.7150202974
0.7154755359
0.7167110363
0.7167387365
0.7158193203
0.7156979084
0.7163919347
0.7179234168
0.7178632368
0.7167179267
0.7165850433
0.7175078365
0.7193056405
0.7191615441
0.7178046222
0.7176705616
0.7188101956
0.7208552241
0.720636508
0.7190763297
0.7189484993
0.7202937786
0.7225757669
0.7222944107
0.7205347623
0.7204183768
0.7219607907
0.7244783691
0.7241471332
0.7221858686
0.7220848601
0.7238199242
0.7265791606
0.7262053094
0.7240394494
0.7239544774
0.7258843742
0.7289047989
0.7284706234
0.7261088328
0.7260504001
0.7281791586
0.7314833989
0.730884305
0.7284057787
0.7284181527
0.7307595169
0.7343569474
0.7332500419
0.730936038
0.7311516896
0.7337585211
0.7376846297
0.7357619674
0.7334577335
0.7348782979
0.7385841068
0.7446860532
1.451924353
1.45198652
1.453742419
1.480597409
1.640256545
1.451474996
1.45197503
1.458869674
1.520138507
1.687729471
1.451686227
1.453189304
1.469241155
1.559656216
1.720709333
1.452205534
1.455790094
1.486356941
1.59414571
1.745160657
1.453278392
1.460601618
1.509625748
1.621082892
1.763280725
1.455360287
1.468768138
1.537522402
1.64533796
1.778456009
1.459406762
1.482826991
1.569607145
1.671031156
1.790666056
1.466970352
1.505194516
1.60043153
1.697041236
1.798710937
1.480126679
1.535095532
1.626792544
1.720729178
1.802623215
1.500746992
1.567814652
1.650313867
1.741187173
1.803566505
1.530409715
1.59805753
1.672522411
1.758044385
1.802348425
1.564318169
1.623224785
1.69387093
1.771375249
1.799290304
1.597082649
1.645863136
1.71460532
1.781460326
1.794484693
1.626982977
1.669132147
1.734726499
1.788582635
1.787954524
1.65694338
1.695262371
1.753832181
1.792688089
1.779516954
1.691410696
1.72463332
1.77092472
1.793205696
1.768247596
1.730217848
1.754483174
1.784000523
1.788794117
1.752461546
1.764936883
1.778050346
1.7893837
1.777287042
1.730477137
1.785142666
1.78796913
1.783099378
1.756693463
1.701471986
1.784626345
1.779810651
1.762943056
1.726253699
1.665589809
1.763360768
1.753802803
1.72953049
1.686887285
1.623990289
1.725375914
1.713360224
1.685467599
1.640530282
1.578123348
1.675479965
1.662606396
1.633774221
1.589166682
1.529137025
1.61769301
1.604900336
1.576724547
1.533976979
1.477399841
1.554510549
1.542256646
1.515492019
1.475324836
1.422717356
1.48694794
1.475447304
1.450477329
1.413237668
1.364727332
1.415509923
1.404886272
1.38185266
1.347616262
1.303150856
1.340946007
1.33122585
1.310181209
1.278942433
1.238414016
1.264431877
1.255616842
1.236507867
1.208159234
1.171436957
1.187391774
1.179437771
1.162209982
1.13665647
1.103566807
1.110965968
1.103839098
1.08838706
1.06547857
1.035845091
1.035540103
1.029177531
1.015396094
0.9949795784
0.9685934399
0.9605516969
0.9549194948
0.9427303769
0.9247312299
0.9015570118
0.8852697955
0.8804133878
0.8699375066
0.8545445532
0.8349009265
0.8111797896
0.8072778088
0.7988950842
0.7866656594
0.7712142775
0.7448495017
0.7420025706
0.7359026693
0.7270417118
0.7159042545
0.6921367952
0.6901973152
0.6860423191
0.6800160157
0.672466729
0.653310525
0.6520447853
0.6493413917
0.6454434769
0.6406147293
0.6258882241
0.6251379454
0.6235536337
0.6213270931
0.6186930113
0.6080455189
0.6077695703
0.6072317584
0.6066044055
0.6061320599
0.6010234046
0.6012876737
0.6019259358
0.6030436365
0.6047863711
0.6067829757
0.6073344352
0.6085557388
0.6104313049
0.6129748403
0.6180667719
0.6186544698
0.6199465248
0.6219096392
0.6245402382
0.6308210067
0.6314048197
0.6326899161
0.6346442793
0.6372666918
0.6443833782
0.6449688414
0.6462579374
0.6482277173
0.6508780592
0.6590963847
0.6596950436
0.6610145307
0.6630252602
0.6657290452
0.6753609837
0.6759746227
0.6773264398
0.6793857993
0.682154134
0.6934616793
0.6940893612
0.695472286
0.6975779832
0.7004063597
0.7135276347
0.7141662991
0.7155724723
0.7177121678
0.7205834116
0.7355411808
0.7361849632
0.7376022703
0.7397574303
0.7426465007
0.7593446769
0.7599874656
0.761401659
0.7635509825
0.7664291838
0.7846785403
0.7853136802
0.7867110496
0.7888334204
0.7916736854
0.8112104583
0.8118313393
0.8131967267
0.8152694319
0.818041107
0.8385588015
0.8391597571
0.8404812935
0.8424866545
0.8451667255
0.8663325535
0.8669091778
0.8681768289
0.8700997946
0.8726685009
0.8941640278
0.8947126334
0.8959187025
0.897747763
0.900190035
0.9217269598
0.922245205
0.9233842593
0.9251112989
0.9274165659
0.9487463742
0.9492325549
0.950301162
0.9519210769
0.9540827151
0.9749976854
0.9754510818
0.9764474195
0.9779575156
0.9799720889
1.000303921
1.000724173
1.001647707
1.003047233
1.004913849
1.024526967
1.02491436
1.025765512
1.027055146
1.028774807
1.047564315
1.047919301
1.048699282
1.049880896
1.051456167
1.069337126
1.069660576
1.070371125
1.071447377
1.07288186
1.089794557
1.090087395
1.090730736
1.091705032
1.093003307
1.108892154
1.109155583
1.109734199
1.11061031
1.111777468
1.126617632
1.126852872
1.127369606
1.128151863
1.129193692
1.142934527
1.143142921
1.143600592
1.144293281
1.145215527
1.157846762
1.158029737
1.158431596
1.159039664
1.159848922
1.17115249
1.171311574
1.171660918
1.172189389
1.172892425
1.181801091
1.181940083
1.18224547
1.182707354
1.183321549
1.853637105
1.848915182
1.842885852
1.834991111
1.827273749
1.820583026
1.813616052
1.805040579
1.795935648
1.787010287
1.778251336
1.769083318
1.759284368
1.748690997
1.736993022
1.722764096
1.703953841
1.679162719
1.64820649
1.611674006
1.570854572
1.526931927
1.480701127
1.432155424
1.380838655
1.326181777
1.267845101
1.206255209
1.142327424
1.077339916
1.012375369
0.9477403152
0.8833495683
0.819642925
0.7593616618
0.7074214201
0.6667555017
0.6370374127
0.6168987323
0.6061426251
0.6064341179
0.6151014367
0.6267143688
0.6394371505
0.6530755443
0.667970708
0.6844477901
0.702747225
0.7229568259
0.7450317555
0.7688038668
0.7940130567
0.820322921
0.847371748
0.8747808064
0.9021975458
0.9293108469
0.9558585046
0.9816266918
1.006446613
1.030186617
1.052749161
1.074059035
1.094068428
1.112734748
1.130047889
1.145971397
1.160511911
1.173468182
1.183824418
1.526545579
0.7277844933
0.7588297226
0.8277298759
1.002522749
1.65576983
0.996010186
0.7287579001
0.8716013919
1.119640579
1.701086411
1.145517815
0.6735437352
0.83559792
1.127516867
1.708803654
1.193661496
0.6679008054
0.7806175624
1.050672114
1.706080805
1.245459905
0.7815055787
0.7436697515
0.963170865
1.701487313
1.294452092
0.8800191885
0.7088121975
0.8742130892
1.696190149
1.328331069
0.9310849079
0.6781860235
0.7984641935
1.688235584
1.347506069
0.9628387412
0.6613300269
0.7474771132
1.680575378
1.366920791
1.012609105
0.7275756941
0.7225139122
1.67392574
1.385892556
1.060783433
0.7897198757
0.7037050191
1.667670725
1.400495595
1.095409085
0.8269090813
0.6851488124
1.66042617
1.409022144
1.119335918
0.8528406386
0.6703765288
1.652486785
1.415764611
1.144302576
0.8913701177
0.7036256181
1.644001551
1.421585544
1.168638938
0.9308499353
0.7471057848
1.634647502
1.425314742
1.188042542
0.9611491459
0.7774227222
1.622366726
1.423831937
1.19921863
0.9805681929
0.7959818276
1.605022217
1.415372532
1.201753062
0.9912277955
0.8077298943
1.581790908
1.400529022
1.19817625
0.9981687892
0.821285273
1.553136944
1.38063408
1.190615533
1.003022999
0.8358492905
1.520011015
1.357074686
1.179808848
1.004849242
0.8475147478
1.483738421
1.330971949
1.1661881
1.003170512
0.8550155838
1.445239453
1.302961941
1.150133503
0.9981874202
0.8583255535
1.404893808
1.273023018
1.131416813
0.9897134273
0.8577210139
1.362285036
1.240449761
1.1093806
0.977447698
0.8534640958
1.316764667
1.204541418
1.083527403
0.9611767012
0.8455123062
1.267615058
1.16452939
1.053240372
0.9403638528
0.8333203227
1.214500482
1.120215686
1.018261733
0.914727069
0.8165748651
1.157887292
1.072063171
0.9791335954
0.8848549972
0.7958609252
1.098699647
1.02099186
0.9368893454
0.8518564333
0.7723364308
1.038151575
0.9682623242
0.8928222716
0.8171232031
0.7474513437
0.9774019966
0.9149806105
0.8481121949
0.781956867
0.7224870874
0.9167515867
0.8617633991
0.8036712028
0.7474519429
0.698413187
0.8563891719
0.8092118612
0.7604634701
0.7145886866
0.6759353077
0.7971581929
0.7586575736
0.7198951802
0.684449139
0.6558177521
0.7419638491
0.7127436862
0.6839568728
0.6584439723
0.6392985751
0.6949903902
0.6743659924
0.6545149135
0.6379007306
0.6276036695
0.6584033379
0.6448234668
0.6324494368
0.6236660414
0.6215908343
0.6318529872
0.6239997756
0.6181337204
0.6166794876
0.6216453006
0.6144036943
0.6117805784
0.6122161759
0.6171842534
0.6260920774
0.6063931285
0.6090567314
0.6146682637
0.6229465408
0.6335310786
0.6090313903
0.6148461699
0.6224575162
0.6318309372
0.6429768393
0.6183444466
0.6248623685
0.6329003198
0.6425155086
0.6538106444
0.6300236631
0.6366067828
0.6446943464
0.6543693232
0.6657484811
0.6427461242
0.6493511524
0.657495985
0.6672678872
0.678776039
0.6564295398
0.6631328562
0.6714086386
0.681339126
0.693018415
0.6713927837
0.6782375668
0.6866825085
0.6967943619
0.7086504856
0.6879477139
0.6949430099
0.7035538868
0.7138330167
0.7258350211
0.706316322
0.7134369201
0.7221755095
0.7325680031
0.7446481749
0.7265718851
0.733769499
0.7425743159
0.7530053921
0.7650773567
0.7486608933
0.7558725216
0.7646676924
0.7750509169
0.7870197951
0.7724127454
0.7795707911
0.7882770115
0.7985215597
0.8102880411
0.7975647077
0.8045988722
0.813132414
0.8231476946
0.834615923
0.8237842468
0.8306322237
0.8389241089
0.8486308886
0.859715306
0.8507138589
0.8573194413
0.8653039537
0.8746316921
0.8852587061
0.8779800563
0.884297961
0.8919234597
0.900816318
0.9109280467
0.9052361131
0.9112324292
0.9184606353
0.9268776509
0.9364322306
0.9321763789
0.9378277382
0.944632628
0.9525464581
0.9615166392
0.9585433903
0.963835573
0.9702017234
0.9775967713
0.9859678685
0.9841271511
0.989053322
0.994973857
1.001843982
1.009611404
1.008761903
1.013321121
1.01879599
1.025142603
1.032309822
1.032318281
1.036513995
1.041548222
1.047378345
1.053954817
1.054700597
1.058539854
1.063142619
1.068467859
1.074467935
1.075834925
1.079327187
1.083510451
1.088345485
1.09378678
1.095674581
1.098831602
1.102609974
1.106972394
1.111875619
1.114177624
1.117012221
1.120401526
1.124310257
1.128697536
1.13133476
1.133861471
1.136879469
1.140355541
1.144251184
1.147109543
1.149342679
1.152006913
1.155071107
1.158499216
1.16150958
1.163465527
1.165795821
1.168471378
1.17145853
1.174334092
1.176029854
1.178047122
1.180358927
1.182934097
1.184580356
1.186058873
1.187814979
1.189823654
1.19205593
0.529568782
0.1842527836
0.1126970233
0.1015355597
0.09940353066
0.09886655964
0.0987168022
0.09867470152
0.09866200826
0.09865751791
0.098655582
0.09865461639
0.09865410591
0.098653844
0.09865373008
0.09865370793
0.09865374368
0.09865381595
0.09865391099
0.09865401991
0.09865413699
0.09865425857
0.09865438236
0.09865450695
0.09865463149
0.09865475546
0.09865487857
0.09865500062
0.09865512148
0.09865524104
0.09865535923
0.09865547594
0.09865559108
0.09865570453
0.09865581616
0.09865592585
0.09865603346
0.09865613884
0.09865624183
0.09865634228
0.09865644001
0.09865653485
0.09865662663
0.09865671516
0.09865680023
0.09865688165
0.09865695921
0.09865703267
0.09865710182
0.09865716639
0.09865722626
0.09865728128
0.0986573312
0.09865737572
0.09865741452
0.09865744737
0.09865747411
0.09865749462
0.09865750889
0.0986575123
0.7482366196
0.2634612783
0.1333800965
0.1064323632
0.1009069377
0.0994547843
0.09899380843
0.09882364909
0.09874710505
0.0987076185
0.09868527387
0.09867225275
0.09866456792
0.09866004268
0.0986573982
0.09865587612
0.09865502396
0.09865457114
0.09865435619
0.0986542825
0.09865429238
0.09865435134
0.09865443881
0.09865454249
0.09865465513
0.09865477242
0.09865489184
0.09865501193
0.0986551318
0.09865525094
0.09865536901
0.09865548579
0.0986556011
0.09865571477
0.09865582666
0.09865593663
0.09865604453
0.09865615021
0.09865625351
0.09865635426
0.0986564523
0.09865654746
0.09865663955
0.09865672838
0.09865681377
0.09865689549
0.09865697336
0.09865704716
0.09865711669
0.09865718173
0.09865724196
0.09865729711
0.09865734701
0.09865739153
0.09865743045
0.09865746346
0.0986574903
0.09865751083
0.09865752519
0.09865752835
0.8127658396
0.2938668816
0.1446369938
0.1119729479
0.103967377
0.1013010042
0.1001239408
0.0995272492
0.09918271684
0.09897666152
0.09884896083
0.09877064558
0.09872275475
0.09869396623
0.09867690093
0.09866696287
0.09866127594
0.0986580822
0.09865632898
0.09865539674
0.0986549286
0.09865472147
0.09865466083
0.09865468209
0.09865474886
0.09865484066
0.09865494591
0.09865505809
0.09865517354
0.09865529019
0.09865540684
0.09865552279
0.09865563762
0.09865575101
0.09865586275
0.09865597265
0.09865608054
0.09865618623
0.09865628957
0.09865639039
0.09865648851
0.09865658374
0.09865667592
0.09865676484
0.09865685032
0.09865693217
0.09865701016
0.09865708411
0.0986571538
0.09865721903
0.09865727959
0.0986573352
0.09865738558
0.09865743046
0.09865746961
0.0986575028
0.09865752981
0.09865755053
0.09865756506
0.09865756843
1.037897037
0.4270164233
0.185782492
0.126144809
0.1123038112
0.1068012911
0.1037676839
0.1019139918
0.1007314075
0.09997049274
0.09947770505
0.09916233752
0.09896234695
0.09883787295
0.09876161174
0.09871588093
0.098688989
0.09867352861
0.09866482543
0.09866003375
0.09865745541
0.09865610754
0.09865543439
0.09865512802
0.09865501976
0.09865501798
0.09865507308
0.09865515829
0.09865525914
0.09865536778
0.09865547997
0.09865559334
0.09865570661
0.098655819
0.09865593004
0.09865603943
0.09865614691
0.09865625228
0.09865635534
0.09865645591
0.09865655381
0.09865664886
0.09865674085
0.09865682962
0.09865691497
0.09865699671
0.09865707462
0.09865714851
0.09865721815
0.09865728332
0.09865734381
0.09865739937
0.09865744974
0.09865749466
0.09865753389
0.09865756721
0.09865759438
0.09865761523
0.09865762997
0.09865763393
1.136577139
0.6540551146
0.2774494613
0.1559777895
0.1290078665
0.1184430065
0.112038801
0.1076891886
0.1047108318
0.1026783304
0.1012963383
0.1003656533
0.09974497328
0.09933755882
0.09907403674
0.09890707464
0.09880328916
0.09874031067
0.09870293456
0.09868132283
0.09866912261
0.09866241451
0.09865881899
0.0986569496
0.09865601697
0.09865558463
0.09865541597
0.09865538503
0.09865542545
0.09865550251
0.09865559803
0.09865570248
0.09865581082
0.09865592038
0.09865602968
0.09865613787
0.09865624446
0.0986563491
0.09865645153
0.09865655153
0.09865664891
0.09865674347
0.09865683501
0.09865692333
0.09865700826
0.09865708958
0.0986571671
0.09865724061
0.09865730991
0.09865737476
0.09865743496
0.09865749026
0.09865754043
0.09865758521
0.09865762433
0.09865765764
0.09865768486
0.09865770592
0.09865772041
0.09865772281
1.109237596
0.9681301452
0.4482013032
0.2218345396
0.158486335
0.1376971881
0.1260697997
0.1180239916
0.1122870047
0.1081862927
0.1052597821
0.1031812565
0.1017160739
0.1006946679
0.09999109676
0.09951410899
0.09919616092
0.09898852872
0.09885572094
0.09877291204
0.0987225521
0.09869279491
0.09867567561
0.09866611283
0.09866092275
0.09865819786
0.09865682192
0.09865616685
0.0986558887
0.09865580433
0.09865581815
0.09865588101
0.09865596792
0.09865606619
0.09865616933
0.09865627394
0.09865637826
0.09865648128
0.09865658243
0.09865668134
0.09865677774
0.09865687139
0.09865696207
0.09865704959
0.09865713374
0.09865721433
0.09865729115
0.09865736399
0.09865743266
0.09865749693
0.09865755659
0.09865761139
0.09865766111
0.09865770549
0.0986577443
0.09865777731
0.09865780426
0.09865782493
0.09865783888
0.09865784088
1.021322894
1.122444138
0.7295105627
0.3498592858
0.2077212139
0.163441414
0.14391881
0.1314998478
0.1226478693
0.1161501482
0.1113455954
0.1077945071
0.1051793259
0.1032646815
0.1018735612
0.1008718436
0.1001578893
0.09965556436
0.09930749382
0.09907103745
0.09891386014
0.09881201639
0.09874773738
0.09870835122
0.09868494071
0.09867148619
0.09866400476
0.09865999122
0.09865792219
0.09865690972
0.09865645362
0.09865628259
0.09865625419
0.09865629561
0.09865637037
0.09865646038
0.09865655671
0.09865665496
0.09865675295
0.09865684955
0.0986569441
0.09865703617
0.09865712545
0.09865721167
0.09865729462
0.09865737407
0.09865744981
0.09865752165
0.09865758937
0.09865765275
0.09865771159
0.09865776565
0.09865781471
0.09865785847
0.09865789664
0.09865792913
0.09865795562
0.0986579758
0.09865798925
0.09865799132
0.9403582945
1.122331503
1.007132222
0.5484995345
0.2978700007
0.2018292437
0.1655060576
0.1467834522
0.1343632821
0.1253476331
0.1186014156
0.1135042827
0.1096485625
0.1067396835
0.1045551714
0.1029238803
0.1017133946
0.1008218125
0.1001701857
0.09969817479
0.09936010138
0.09912144893
0.09895602864
0.09884406291
0.09877038883
0.09872343126
0.09869448775
0.09867727599
0.09866742038
0.09866200359
0.09865915363
0.09865772975
0.09865706743
0.09865679676
0.09865672044
0.0986567376
0.0986567982
0.09865687803
0.09865696576
0.09865705613
0.09865714656
0.09865723565
0.09865732259
0.09865740684
0.09865748802
0.09865756585
0.09865764007
0.09865771048
0.09865777686
0.09865783901
0.09865789672
0.09865794976
0.09865799792
0.09865804099
0.09865807802
0.09865811002
0.09865813606
0.09865815588
0.09865816912
0.0986581713
0.8744102259
1.072196557
1.116484656
0.8183111963
0.4289470271
0.2611937981
0.1939118145
0.1642747392
0.1471528477
0.1353384109
0.1265903212
0.1199363245
0.1148261432
0.1108932733
0.107870594
0.1055544928
0.1037866843
0.1024434312
0.1014279014
0.1006643828
0.1000939876
0.09967119761
0.09936096964
0.09913595599
0.09897517917
0.09886259833
0.09878566029
0.09873468742
0.09870213378
0.09868217109
0.09867043724
0.09866384374
0.09866031543
0.09865852858
0.09865768253
0.0986573212
0.09865719981
0.09865719249
0.09865723729
0.0986573055
0.09865738385
0.0986574659
0.09865754836
0.09865762945
0.09865770816
0.09865778388
0.09865785622
0.09865792488
0.09865798964
0.09865805027
0.09865810657
0.09865815832
0.09865820529
0.09865824722
0.09865828381
0.098658315
0.09865834049
0.09865835993
0.09865837304
0.09865837528
0.8162933381
1.006175875
1.131285211
1.014227475
0.6289532478
0.3513451872
0.2352143591
0.1865122756
0.162019501
0.1465369677
0.1354642823
0.1271208586
0.1206913867
0.1156897801
0.1117861673
0.1087390396
0.1063640974
0.1045176827
0.1030866332
0.1019815331
0.1011311691
0.1004807181
0.09998575019
0.09961173402
0.09933167826
0.0991244934
0.09897362492
0.09886583311
0.09879057231
0.09873950418
0.09870602212
0.09868495491
0.09867231179
0.09866510212
0.09866120308
0.09865920711
0.09865824663
0.09865782465
0.09865767004
0.09865764308
0.09865767542
0.09865773473
0.09865780545
0.09865787996
0.09865795452
0.09865802725
0.09865809717
0.09865816374
0.09865822658
0.09865828546
0.09865834014
0.0986583904
0.09865843602
0.09865847677
0.09865851241
0.09865854275
0.09865856757
0.09865858645
0.09865859933
0.09865860132
0.7683688138
0.9388624309
1.099321783
1.110743785
0.8571661249
0.4885883562
0.3009370088
0.2183090164
0.1809046185
0.1599171116
0.1457748016
0.135380242
0.1274341011
0.121241846
0.1163704287
0.1125219779
0.1094780089
0.1070701472
0.105171648
0.1036768844
0.1025017093
0.1015800085
0.1008595131
0.1002988998
0.09986542349
0.09953305779
0.09928102318
0.09909257201
0.09895403538
0.09885425964
0.09878415649
0.09873628794
0.09870467111
0.09868460329
0.09867244643
0.0986654488
0.09866162507
0.09865964463
0.09865868359
0.09865825978
0.09865810474
0.09865807727
0.09865810792
0.09865816357
0.09865822867
0.09865829606
0.09865836246
0.09865842633
0.09865848691
0.09865854378
0.09865859663
0.09865864524
0.09865868937
0.09865872878
0.09865876327
0.09865879263
0.09865881663
0.09865883474
0.0986588472
0.09865884858
0.7331305147
0.8803904025
1.048703066
1.133913902
1.022447895
0.7018104292
0.4110975287
0.2720187824
0.2078497926
0.1766018034
0.1578431078
0.1447669047
0.1349994921
0.127449034
0.1215008393
0.1167874636
0.1130367117
0.1100396699
0.1076414151
0.1057223281
0.1041864673
0.1029583985
0.1019785319
0.1011993056
0.1005825218
0.1000973895
0.09971898732
0.09942699738
0.09920469708
0.09903820582
0.09891593686
0.09882819265
0.09876686918
0.09872529654
0.09869808167
0.09868095614
0.09867063164
0.09866468617
0.09866143276
0.09865975583
0.09865895778
0.09865862068
0.09865850921
0.09865850143
0.09865853834
0.0986585927
0.0986586524
0.09865871224
0.09865876993
0.09865882443
0.09865887522
0.09865892199
0.09865896449
0.09865900247
0.09865903572
0.09865906403
0.09865908718
0.09865910448
0.09865911666
0.09865911705
0.7139610938
0.8338919264
0.995327822
1.119209497
1.102986319
0.894436078
0.5808277257
0.3634277857
0.253088956
0.1993710012
0.1716387976
0.1544419802
0.1423095293
0.133300564
0.1262380702
0.120797871
0.116450625
0.1129478975
0.1101118386
0.1078105976
0.1059420053
0.1044254368
0.1031962715
0.1022023145
0.1014012758
0.1007587764
0.1002467761
0.09984224715
0.09952612119
0.09928245263
0.09909774552
0.09896045439
0.09886067751
0.09879000182
0.09874137236
0.09870896956
0.0986881231
0.09867520906
0.09866753293
0.09866318405
0.0986608546
0.09865969202
0.09865916497
0.098658961
0.09865891042
0.09865892686
0.09865896983
0.09865902167
0.0986590749
0.09865912643
0.0986591749
0.09865921966
0.09865926037
0.0986592968
0.0986593287
0.09865935586
0.09865937805
0.09865939475
0.09865940693
0.09865940633
0.7016053327
0.794841162
0.9417802247
1.083426873
1.133962765
1.024848666
0.7722130505
0.5042529813
0.3335479147
0.2376588683
0.1883939358
0.1625947826
0.1471142056
0.1366684932
0.128802509
0.1229555339
0.1183189798
0.1145947568
0.111573481
0.1091074561
0.1070882436
0.1054329843
0.1040764157
0.1029658679
0.1020583227
0.1013184415
0.1007173661
0.1002317652
0.09984275494
0.09953472801
0.09929432884
0.09911000121
0.09897163894
0.09887023139
0.09879782502
0.09874756362
0.09871370668
0.09869162476
0.09867771751
0.09866929136
0.09866440781
0.09866172111
0.09866033674
0.09865968233
0.09865941109
0.09865932641
0.09865932517
0.0986593578
0.0986594022
0.09865944904
0.09865949453
0.09865953707
0.09865957593
0.09865961073
0.09865964121
0.09865966717
0.09865968836
0.09865970432
0.09865971627
0.09865971703
0.6901954526
0.762037965
0.8911765483
1.036294645
1.129930681
1.101724571
0.9304510614
0.6793913626
0.459048563
0.31184004
0.2190809894
0.1712603606
0.1479942779
0.1354214728
0.1272845511
0.121499819
0.1171285991
0.1137021216
0.1109533709
0.1087160993
0.1068788639
0.1053621741
0.1041065496
0.1030658644
0.1022033162
0.101489158
0.1008990697
0.1004129822
0.1000143963
0.09969013528
0.0994296002
0.09922340101
0.09906309926
0.09894133718
0.09885126811
0.09878643277
0.09874110526
0.0987103687
0.09869015819
0.09867729679
0.09866940477
0.09866476056
0.09866215973
0.09866078986
0.09866012384
0.09865983669
0.09865973921
0.09865972879
0.09865975434
0.09865979254
0.0986598335
0.09865987321
0.09865991001
0.09865994315
0.09865997226
0.09865999709
0.09866001743
0.09866003296
0.09866004404
0.09866004554
0.6789466867
0.7349497683
0.8473658416
0.9861270329
1.103340663
1.134369689
1.040510254
0.840475625
0.6125364521
0.4280402677
0.2913221978
0.1957009862
0.1502635868
0.131467451
0.1223518895
0.1169440267
0.1132532782
0.1105228068
0.1084021554
0.1067041502
0.1053177598
0.1041714072
0.1032157157
0.1024147287
0.101741148
0.1011736184
0.1006951689
0.1002922018
0.09995371541
0.09967094618
0.09943699253
0.09924604851
0.09909286419
0.09897237104
0.09887979516
0.09881059215
0.09876033146
0.09872491998
0.09870072358
0.09868470583
0.09867444618
0.09866809791
0.09866432256
0.0986621827
0.09866104019
0.09866047652
0.09866022973
0.09866014465
0.09866013538
0.0986601579
0.09866019151
0.0986602273
0.0986602616
0.09866029293
0.09866032063
0.09866034437
0.09866036392
0.09866037899
0.09866038956
0.09866039124
0.6701614251
0.7134592602
0.8110693533
0.9394586127
1.065183865
1.135894459
1.105354159
0.966625132
0.7608252997
0.5579645664
0.3973818449
0.2645044177
0.1691934944
0.131214478
0.1180898615
0.1123233647
0.1090835294
0.1069578883
0.1054237249
0.1042481064
0.1033121609
0.102548355
0.1019145972
0.1013826687
0.1009325589
0.1005494151
0.1002218978
0.09994124248
0.09970067982
0.09949501833
0.09932019985
0.09917299604
0.09905077888
0.09895116473
0.09887177672
0.09881021332
0.09876383824
0.0987298585
0.09870567223
0.09868898683
0.09867784478
0.09867065975
0.09866619271
0.09866352101
0.09866199722
0.09866117979
0.09866077644
0.0986606021
0.09866054586
0.09866054536
0.09866056808
0.09866059845
0.09866062965
0.09866065891
0.09866068508
0.09866070767
0.09866072641
0.09866074104
0.09866075134
0.09866075318
0.6783949461
0.7000161281
0.7823696446
0.8983248156
1.023598539
1.117679842
1.135131308
1.054033033
0.8882096275
0.6859611008
0.5035411151
0.3571119408
0.2248253887
0.1437954363
0.1180051374
0.1098396405
0.1063603472
0.1044514727
0.1032235592
0.1023520778
0.1016962415
0.1011826417
0.1007689178
0.1004289538
0.1001455231
0.09990636928
0.09970266272
0.099527947
0.09937741749
0.0992474885
0.09913547534
0.09903935964
0.0989576082
0.09888899876
0.09883244191
0.09878686278
0.09875107943
0.0987237412
0.09870345788
0.09868884945
0.09867864497
0.09867175243
0.09866726648
0.09866446481
0.0986627874
0.09866183184
0.09866132284
0.09866107684
0.09866097667
0.09866095155
0.09866096144
0.09866098529
0.09866101294
0.09866103991
0.09866106442
0.09866108573
0.09866110353
0.09866111758
0.09866112763
0.09866113029
0.6961640132
0.6919630503
0.7592681062
0.8623469787
0.9822673151
1.088208567
1.140107365
1.107907041
0.9877999436
0.805354565
0.6097880342
0.4440887384
0.3037212142
0.1790344523
0.1248138674
0.1101569916
0.1053578453
0.1032085992
0.1020054016
0.101233859
0.1006964952
0.1003018396
0.1000010944
0.09976553323
0.099576921
0.09942293275
0.0992957183
0.09918922929
0.09909923492
0.09902267954
0.09895736366
0.09890153743
0.09885387962
0.09881340195
0.09877934512
0.09875109074
0.09872807726
0.09870973743
0.09869548563
0.0986847136
0.09867681538
0.098671216
0.0986673865
0.09866486914
0.09866328896
0.09866234558
0.09866181436
0.0986615386
0.09866141298
0.09866136997
0.09866136873
0.09866138615
0.09866141011
0.09866143479
0.09866145762
0.0986614776
0.09866149435
0.09866150769
0.09866151739
0.0986615209
0.7121830498
0.6858323791
0.7398905303
0.8306812583
0.9426221548
1.052723665
1.12800575
1.135599988
1.060350815
0.9100163656
0.7182636502
0.5329892624
0.3809293836
0.2423805049
0.1443724827
0.11399026
0.1059292235
0.1030002264
0.1015735222
0.1007424029
0.1002067548
0.0998395011
0.09957708574
0.09938385676
0.09923813999
0.09912596733
0.09903806059
0.0989681512
0.09891190037
0.09886616455
0.09882859119
0.09879761287
0.09877184576
0.09875027322
0.09873215681
0.09871695264
0.09870425202
0.09869376708
0.09868526825
0.09867853853
0.0986733544
0.09866948688
0.09866670296
0.09866477593
0.09866350039
0.09866269996
0.09866222765
0.09866196931
0.09866184326
0.09866179427
0.09866178684
0.09866179951
0.09866182021
0.09866184266
0.09866186389
0.09866188258
0.09866189828
0.09866191082
0.09866192006
0.09866192412
0.7239521005
0.6801171387
0.7232357734
0.8029322122
0.9058247667
1.015086311
1.104501461
1.143116033
1.108332294
0.995597167
0.8225600561
0.6299634157
0.4608424365
0.3182563509
0.1872829527
0.1247672442
0.1084518661
0.1036581615
0.1017020149
0.1006787842
0.1000638817
0.09966515139
0.09939479174
0.09920600666
0.09907133233
0.09897357614
0.09890144354
0.09884755756
0.09880698329
0.09877618932
0.09875264188
0.09873449472
0.09872034998
0.09870913554
0.09870002814
0.0986925034
0.09868618339
0.09868084838
0.0986763804
0.0986727005
0.09866973625
0.09866741806
0.09866566813
0.09866439801
0.09866351609
0.09866293469
0.09866257494
0.09866236915
0.09866226423
0.09866222148
0.0986622139
0.09866222438
0.09866224266
0.09866226307
0.0986622827
0.09866230016
0.09866231485
0.0986623266
0.0986623353
0.09866233964
0.7313441071
0.6744196565
0.7088082386
0.7788616018
0.8726010207
0.9778997471
1.07450467
1.13562567
1.135314665
1.06050995
0.9157608384
0.7289653847
0.5450232769
0.3936004295
0.2571693877
0.1507175079
0.1145875638
0.1053914066
0.1023163634
0.1009198665
0.100147718
0.09967314081
0.09936411476
0.09915601176
0.09901296111
0.09891330494
0.0988432198
0.09879355999
0.09875819256
0.09873300686
0.09871509631
0.09870235862
0.09869327621
0.09868672018
0.098681856
0.09867809737
0.09867506156
0.09867252375
0.09867036121
0.09866853065
0.09866700053
0.09866575434
0.09866477389
0.09866403171
0.0986634946
0.09866312667
0.09866289104
0.09866275266
0.09866268107
0.09866265232
0.09866264932
0.09866266005
0.09866267699
0.09866269568
0.09866271368
0.0986627298
0.09866274347
0.09866275445
0.09866276257
0.0986627669
0.7352321763
0.6691079714
0.6965878217
0.7584218202
0.8434844952
0.9430853535
1.041910663
1.117707312
1.145366973
1.105883548
0.9945972172
0.8263192615
0.6381727565
0.4716276551
0.3334013291
0.2031297533
0.1295295024
0.1092325886
0.103612288
0.101477191
0.1004209889
0.09981275538
0.0994331664
0.09918566213
0.09902016535
0.09890783461
0.09883093423
0.09877809008
0.09874177987
0.09871695909
0.09870015916
0.09868889381
0.09868140189
0.09867644827
0.09867314964
0.098670888
0.09866925386
0.09866799543
0.0986669703
0.09866610684
0.0986653731
0.09866475703
0.09866425477
0.09866386177
0.09866356744
0.09866335964
0.09866322376
0.09866314358
0.09866310347
0.09866309017
0.09866309341
0.09866310569
0.09866312207
0.09866313944
0.098663156
0.0986631708
0.09866318339
0.0986631936
0.09866320144
0.09866320584
0.7365426997
0.6650163354
0.6865687726
0.7414235945
0.8185866404
0.9117576627
1.009532812
1.093890774
1.142355378
1.133500353
1.055992479
0.9140186285
0.733197458
0.5551015391
0.4088139001
0.2792334471
0.1654570547
0.1183938598
0.1062119823
0.102466362
0.1008932715
0.1000677766
0.0995792542
0.099271115
0.09906984504
0.09893581917
0.09884566313
0.09878476518
0.09874362527
0.09871591626
0.09869748097
0.09868545238
0.09867773991
0.0986728735
0.09866984382
0.09866796268
0.09866677193
0.09866598134
0.09866541802
0.09866498596
0.09866463626
0.09866434679
0.09866410867
0.09866391824
0.09866377248
0.09866366743
0.09866359858
0.0986635592
0.09866354215
0.09866354063
0.0986635488
0.09866356226
0.09866357792
0.0986635938
0.09866360872
0.09866362205
0.09866363347
0.09866364263
0.09866364948
0.09866365351
0.7352637774
0.6632010431
0.6791641448
0.7278267334
0.7978400723
0.8843812806
0.9790026555
1.067375779
1.130192942
1.146475272
1.100473498
0.9886439539
0.8252171983
0.6442274752
0.4837288375
0.3536002262
0.2302062112
0.1407083099
0.1117700243
0.1042273772
0.1016412456
0.1004549733
0.09980196696
0.09940621727
0.09915395236
0.09898869626
0.09887886651
0.09880539741
0.09875621127
0.09872339983
0.09870167351
0.09868750377
0.09867846234
0.09867282511
0.09866939005
0.09866733868
0.09866612876
0.09866541254
0.09866497634
0.09866469532
0.09866450044
0.09866435586
0.09866424426
0.09866415776
0.0986640927
0.09866404686
0.09866401805
0.09866400367
0.09866400074
0.09866400612
0.09866401687
0.0986640304
0.09866404478
0.09866405877
0.09866407159
0.09866408276
0.09866409204
0.09866409935
0.09866410487
0.09866410898
0.7308579015
0.6620968467
0.6736139701
0.7170394431
0.7808110728
0.8609412774
0.9512358094
1.040446275
1.112397609
1.147980467
1.129543126
1.048199283
0.9090401872
0.7358883648
0.5656912751
0.4247862546
0.3030760525
0.1865032231
0.1245212199
0.1076397414
0.1028750788
0.1010363971
0.1001219306
0.09959729201
0.09927308359
0.09906471645
0.09892795598
0.09883724394
0.09877685429
0.09873671611
0.09871019305
0.09869285935
0.09868173887
0.09867476392
0.09867049489
0.09866794964
0.09866646946
0.09866562586
0.09866515015
0.09866488061
0.09866472393
0.09866462858
0.09866456734
0.09866452652
0.09866449944
0.0986644828
0.0986644747
0.09866447359
0.09866447798
0.09866448641
0.09866449745
0.09866450977
0.09866452228
0.09866453413
0.09866454477
0.09866455383
0.09866456111
0.09866456631
0.09866456866
0.09866457305
0.7229019115
0.6601840786
0.6692885874
0.7085616013
0.7669198177
0.8410787545
0.9264842531
1.014411592
1.091559627
1.141137397
1.145704223
1.092752724
0.9807059863
0.8235919398
0.6516639271
0.4980112462
0.3735493297
0.2564370725
0.1557190718
0.11560888
0.1052085132
0.1019628181
0.1005849058
0.09986015059
0.09943298399
0.09916576682
0.09899319606
0.09887985577
0.09880483492
0.09875510401
0.09872225692
0.0987007333
0.09868682651
0.09867802496
0.09867258213
0.09866930033
0.09866737512
0.09866627592
0.0986656638
0.09866533001
0.09866515073
0.09866505523
0.09866500453
0.09866497794
0.0986649648
0.09866495975
0.09866496008
0.09866496423
0.09866497114
0.09866497988
0.09866498966
0.09866499981
0.09866500975
0.098665019
0.09866502718
0.09866503403
0.09866503949
0.09866504359
0.0986650463
0.09866505138
0.7117878615
0.6569035141
0.6655900777
0.7017876258
0.7555793548
0.8243484901
0.9047618993
0.9901258241
1.069606153
1.128781844
1.151457774
1.123518376
1.038646703
0.902941856
0.7380374293
0.5757865335
0.4399521417
0.3261473136
0.2141576147
0.1354692884
0.1102230676
0.1035757582
0.1012790118
0.1002238228
0.09964522121
0.09929701052
0.09907700783
0.09893434855
0.09884060705
0.09877868634
0.09873781302
0.09871097971
0.0986935445
0.09868240633
0.09867544495
0.09867119545
0.09866866775
0.09866720574
0.09866638356
0.09866593384
0.09866569452
0.0986655708
0.09866550907
0.09866547997
0.09866546791
0.09866546482
0.09866546662
0.09866547123
0.09866547748
0.09866548463
0.09866549213
0.09866549951
0.09866550643
0.09866551262
0.09866551794
0.09866552224
0.09866552528
0.0986655276
0.09866553009
0.09866553279
0.6985719317
0.6528116464
0.6624695967
0.6964216878
0.7463419636
0.8102612087
0.8858256109
0.9679022665
1.047735003
1.113111596
1.149498696
1.142667601
1.083217499
0.9714234246
0.8207577395
0.6575790601
0.5103031521
0.3900209834
0.2805769821
0.175925788
0.1213782219
0.1065568699
0.1023610346
0.100736825
0.0999291273
0.0994675117
0.09918400594
0.09900317345
0.09888549566
0.09880817664
0.09875724151
0.09872378428
0.09870196675
0.09868792569
0.09867906182
0.09867359004
0.09867029318
0.09866835843
0.09866725458
0.09866664262
0.09866631313
0.09866614118
0.09866605467
0.09866601331
0.09866599525
0.09866598898
0.09866598858
0.09866599107
0.09866599492
0.09866599932
0.09866600378
0.09866600797
0.09866601162
0.09866601454
0.09866601674
0.09866601787
0.09866601839
0.09866601889
0.09866601973
0.09866602123
0.6845148889
0.648642685
0.6599231613
0.6922125643
0.7388864454
0.7985556099
0.8695872777
0.9480389916
1.026879094
1.095847103
1.142180443
1.152362104
1.115540802
1.027734928
0.8957252166
0.738901744
0.5845120272
0.4534870415
0.3444102029
0.2366439365
0.1472506112
0.1131012253
0.1042980339
0.1015172909
0.1003235979
0.09969299685
0.09932156892
0.09909012074
0.09894156893
0.09884475191
0.09878123589
0.09873955514
0.09871233139
0.09869472245
0.09868351397
0.09867652407
0.09867226321
0.09866973008
0.09866826435
0.09866744006
0.09866698969
0.09866675084
0.09866662814
0.09866656744
0.09866653887
0.09866652646
0.09866652192
0.09866652103
0.09866652168
0.09866652282
0.09866652392
0.09866652466
0.09866652487
0.09866652469
0.09866652346
0.09866652169
0.0986665204
0.09866651951
0.09866651889
0.0986665199
0.6706421173
0.6450368545
0.6581402166
0.6891656713
0.7330801455
0.788981918
0.8558297765
0.9306157726
1.007632205
1.078288624
1.131512342
1.154924455
1.137286164
1.071887906
0.9604414506
0.8156392655
0.660383529
0.5190792511
0.4026400876
0.2995772366
0.1968116298
0.129221239
0.1083836722
0.1028536314
0.1009056215
0.09999928694
0.09950038654
0.09920048721
0.09901176931
0.09889014577
0.09881084809
0.09875894877
0.0987250474
0.0987030534
0.09868896319
0.09868009596
0.098674633
0.09867134836
0.09866942488
0.09866832898
0.0986677219
0.09866739507
0.09866722413
0.0986671373
0.09866709445
0.09866707383
0.09866706399
0.09866705909
0.09866705622
0.09866705398
0.09866705169
0.09866704903
0.09866704623
0.09866704247
0.09866703819
0.09866703475
0.09866703202
0.09866703004
0.09866702873
0.09866702877
0.6576053962
0.6421722949
0.6571309453
0.6872095111
0.728829336
0.781507703
0.8446079359
0.9157989916
0.9904373652
1.061374722
1.119069324
1.152423201
1.150465336
1.105133746
1.014355199
0.8852873202
0.7353712318
0.5881612796
0.4619412938
0.3567461218
0.2555154634
0.1621681598
0.1171781129
0.105231605
0.1017853232
0.1004213799
0.09973484965
0.09934128906
0.09909995622
0.09894666269
0.09884751309
0.09878287334
0.09874068938
0.09871327493
0.09869562498
0.09868443783
0.09867748763
0.09867326641
0.09867076647
0.09866932515
0.09866851687
0.0986680761
0.09866784226
0.09866772134
0.09866766008
0.09866762921
0.09866761315
0.09866760391
0.09866759749
0.09866759199
0.09866758652
0.09866758107
0.09866757469
0.09866756785
0.09866756222
0.09866755751
0.09866755361
0.09866755049
0.09866754847
0.0986675477
0.6458135391
0.6399933604
0.6569111563
0.6863775501
0.7261267298
0.7760281133
0.8357528725
0.9035622732
0.9756217237
1.045877141
1.106162967
1.146665612
1.157094121
1.128887773
1.057488169
0.9457941526
0.805894243
0.6580209142
0.523208229
0.4112163595
0.3130429515
0.2132783314
0.137082152
0.1102200576
0.1033011578
0.1010466098
0.1000548423
0.09952515454
0.09921224858
0.09901755128
0.09889308067
0.09881243413
0.09875993602
0.09872581444
0.09870378552
0.09868974337
0.09868095153
0.09867556205
0.09867233663
0.09867045626
0.09866938973
0.09866880144
0.09866848569
0.09866832038
0.09866823539
0.09866819171
0.09866816836
0.09866815443
0.09866814447
0.0986681359
0.09866812788
0.09866811929
0.09866811006
0.09866810213
0.09866809544
0.09866808974
0.09866808495
0.09866808098
0.09866807817
0.09866807687
0.6359423139
0.6386276821
0.6575565078
0.6867130195
0.724989388
0.7725846665
0.8293746414
0.8939987607
0.9633099631
1.032205042
1.093675503
1.139097776
1.159055134
1.144934499
1.090928173
0.996672245
0.8697267587
0.7260650391
0.5861550628
0.4655246804
0.3645879859
0.2693204605
0.1765672981
0.1221416524
0.1063689792
0.1020897708
0.1005228954
0.09977489951
0.09935868204
0.09910786187
0.09895033892
0.09884928059
0.09878381806
0.09874133366
0.09871386915
0.09869628289
0.09868519618
0.0986783434
0.0986742023
0.0986717626
0.09867036379
0.09866958388
0.09866916091
0.0986689373
0.09866882135
0.09866876131
0.09866872908
0.09866870986
0.09866869625
0.09866868503
0.09866867409
0.0986686632
0.09866865355
0.09866864497
0.09866863768
0.0986686312
0.09866862548
0.09866862089
0.09866861768
0.09866861585
0.6295178427
0.6387388677
0.6593836721
0.6883814924
0.7254903678
0.7711433034
0.8253502743
0.8870551851
0.9536636424
1.020776813
1.082351012
1.130888936
1.157899452
1.15506854
1.116074775
1.038277959
0.9257139115
0.7901180718
0.6495081741
0.5217619507
0.4148740853
0.3212248982
0.2267978333
0.146512146
0.1126328504
0.1038552914
0.1012067511
0.1001129125
0.09954930947
0.09922308245
0.09902258397
0.09889547521
0.09881364829
0.0987606719
0.09872641292
0.09870440621
0.09869044932
0.09868175566
0.09867645468
0.09867330015
0.09867147234
0.09867044248
0.09866987832
0.09866957753
0.09866942055
0.09866933913
0.09866929574
0.0986692705
0.09866925346
0.0986692393
0.09866922682
0.09866921549
0.09866920573
0.09866919738
0.09866918933
0.09866918196
0.09866917563
0.09866917051
0.09866916689
0.09866916464
0.6274739137
0.6409248706
0.6627074208
0.6915310428
0.7276741617
0.7716869679
0.8236483823
0.8826642057
0.9465509017
1.011610799
1.072578111
1.12286315
1.154904182
1.16091144
1.13440486
1.071458356
0.9734411804
0.8483521117
0.710947553
0.5788905267
0.464885621
0.3688359522
0.2786515741
0.187834025
0.1269019624
0.1074615673
0.1023625179
0.1006100382
0.099809499
0.09937429053
0.09911539001
0.09895411023
0.09885125726
0.09878496225
0.09874213282
0.09871457174
0.09869700739
0.09868598933
0.09867921495
0.09867514455
0.0986727614
0.09867140426
0.09867065329
0.09867024936
0.0986700372
0.09866992711
0.09866986922
0.09866983677
0.09866981582
0.0986698
0.09866978686
0.09866977615
0.09866976747
0.09866975905
0.09866975035
0.09866974231
0.09866973542
0.09866972997
0.09866972583
0.09866972326
0.6287467257
0.6449786654
0.6675061184
0.6961474954
0.7314804274
0.7740883989
0.8240647925
0.8806391201
0.9419271885
1.004752322
1.064555394
1.115552675
1.151017248
1.163792545
1.147462225
1.097558397
1.013391469
0.9000192236
0.7688609079
0.6358545861
0.5157943643
0.4146042671
0.3254426201
0.2366383519
0.1561949965
0.1156424258
0.1045521306
0.101401009
0.1001810649
0.09957784506
0.09923645671
0.09902930061
0.09889903239
0.09881566143
0.09876194289
0.09872736042
0.09870524889
0.098691292
0.09868264194
0.09867739649
0.09867429345
0.09867250698
0.09867150784
0.09867096505
0.09867067772
0.09867052832
0.0986704505
0.09867040814
0.09867038285
0.09867036623
0.09867035428
0.09867034538
0.09867033705
0.09867032811
0.09867031928
0.09867031128
0.09867030423
0.0986702983
0.09867029386
0.0986702912
0.632929105
0.6507716701
0.6737154096
0.7021571507
0.7367938246
0.7781765988
0.8263713885
0.8807230546
0.9395441242
1.000073454
1.058371554
1.109316773
1.146931137
1.164740254
1.156575009
1.117765011
1.046294421
0.9449329872
0.8220785954
0.6912531734
0.5674125055
0.4604917616
0.3695981803
0.2842806444
0.1973548017
0.1323370624
0.1087995134
0.1026922699
0.1007160492
0.09985302707
0.09939498867
0.09912610839
0.09895996392
0.09885460932
0.09878701109
0.09874352343
0.09871565984
0.09869798275
0.09868694456
0.09868019076
0.09867615391
0.09867380352
0.09867247379
0.09867174321
0.0986713527
0.09867114871
0.09867104301
0.09867098745
0.09867095723
0.09867093981
0.09867092909
0.0986709214
0.09867091368
0.09867090578
0.09867089783
0.09867088946
0.09867088166
0.09867087532
0.09867087072
0.09867086785
0.6394457165
0.6581143105
0.6812488855
0.7094851618
0.7435200326
0.7838326663
0.8304457925
0.8827492411
0.9392326129
0.9974367316
1.053933199
1.104272666
1.143092375
1.164535019
1.162823036
1.133274102
1.073105051
0.9833807159
0.8699538524
0.74376827
0.6187066037
0.5066897978
0.4117029165
0.3273742694
0.2435567312
0.1641181968
0.1186141299
0.1052635479
0.1016015159
0.1002547845
0.09961135667
0.09925370904
0.09903882006
0.09890453252
0.09881899183
0.09876410254
0.09872890756
0.09870649747
0.09869240944
0.09868371333
0.09867846225
0.09867536947
0.09867359788
0.09867261208
0.09867207897
0.09867179797
0.09867165278
0.09867157858
0.09867154062
0.09867152105
0.09867151091
0.09867150537
0.09867149988
0.098671492
0.09867148254
0.09867147352
0.09867146587
0.09867145986
0.09867145531
0.09867145236
0.6477806327
0.666821667
0.6900220238
0.7180588757
0.7515582132
0.7909019543
0.8360886029
0.8864903909
0.9407460775
0.9966748787
1.051231974
1.100501513
1.139764346
1.163734814
1.167050811
1.145138827
1.094827635
1.01596497
0.9123688215
0.7925647996
0.668736375
0.5532820987
0.4535915302
0.3679018109
0.2870563044
0.2051765913
0.138975995
0.1107045338
0.103172458
0.1008711199
0.09991724401
0.09942624684
0.09914282567
0.09896946132
0.09886029171
0.09879060104
0.0987459539
0.09871745672
0.09869944383
0.0986882319
0.09868139204
0.09867731632
0.09867495082
0.09867361599
0.0986728839
0.09867249351
0.09867229037
0.09867218686
0.09867213526
0.0986721103
0.09867209896
0.09867209428
0.09867209031
0.09867208415
0.09867207581
0.09867206692
0.09867205911
0.09867205283
0.09867204809
0.09867204495
0.6575511374
0.6767535629
0.6999730146
0.7278310983
0.7608514236
0.7993156352
0.8431582917
0.8917577976
0.9438697576
0.9975427006
1.050071015
1.097997564
1.13713832
1.162742225
1.16989504
1.154203035
1.112377366
1.043384725
0.9495012028
0.8371374013
0.7165570611
0.5996295625
0.4956611422
0.4069100841
0.3273745358
0.2485120006
0.1715688099
0.1221397439
0.1061930086
0.1018787531
0.1003640512
0.0996643345
0.0992823249
0.09905529319
0.09891448059
0.09882525582
0.09876823465
0.09873179392
0.09870865799
0.09869414934
0.09868520925
0.09867981822
0.09867664623
0.09867482888
0.0986738161
0.09867326568
0.09867297351
0.09867282234
0.09867274649
0.09867271025
0.0986726949
0.09867269046
0.0986726887
0.09867268451
0.09867267706
0.09867266817
0.09867266024
0.09867265387
0.0986726492
0.09867264609
0.6685133322
0.6878201556
0.7110589197
0.7387584886
0.771331032
0.8089623978
0.851518015
0.8983888978
0.948427933
0.9998784896
1.050326777
1.096689526
1.135264009
1.161814568
1.171837708
1.161169049
1.126539913
1.066351991
0.9817189607
0.8772958394
0.7614620682
0.6449796652
0.5378758825
0.4453205508
0.3648714461
0.2886058896
0.2116495915
0.1455816484
0.1129883061
0.1037921429
0.1010847794
0.1000128869
0.09947688422
0.09917210738
0.09898728509
0.09887155808
0.09879796602
0.09875094969
0.09872100092
0.09870209686
0.09869033675
0.09868315934
0.09867887584
0.09867638122
0.09867496036
0.09867416769
0.09867373506
0.09867350449
0.09867338528
0.0986733268
0.09867330126
0.09867329349
0.09867329276
0.09867329088
0.09867328472
0.09867327639
0.09867326868
0.09867326251
0.09867325803
0.09867325517
0.6805687733
0.6999935561
0.723261883
0.7508027631
0.7829226353
0.8197342156
0.8610320269
0.9062201094
0.9542368741
1.003492937
1.051829411
1.096501532
1.134200928
1.161135604
1.17323164
1.166578423
1.13798566
1.085529886
1.009477035
0.9130740445
0.8029903452
0.6886211934
0.5798817981
0.4837564714
0.4010711329
0.3261870716
0.2519988766
0.1788533804
0.1269059167
0.1076076941
0.1023204793
0.1005464453
0.09975757738
0.09933576518
0.09908785369
0.09893510215
0.09883870143
0.09877724234
0.09873801426
0.09871311288
0.09869748187
0.0986878279
0.09868198136
0.0986785037
0.09867646936
0.09867529994
0.09867463957
0.09867427388
0.09867407673
0.0986739749
0.09867392626
0.0986739071
0.09867390314
0.09867390224
0.09867389804
0.09867389117
0.09867388405
0.09867387806
0.09867387358
0.09867387082
0.693753984
0.7133181119
0.7366120409
0.7639723913
0.7956238309
0.8315913693
0.871631563
0.9151605727
0.9611921667
1.008282635
1.054492019
1.09736475
1.133942274
1.160833517
1.174347036
1.170841087
1.147267195
1.101531753
1.033294076
0.944697428
0.8409320829
0.729973776
0.6211022462
0.5221792223
0.4365153005
0.3612295667
0.2895013745
0.2172759991
0.152331718
0.1159150308
0.1046932559
0.1014292407
0.1001821502
0.09957317893
0.09923093323
0.09902469598
0.09889605543
0.09881439702
0.0987622403
0.09872896685
0.0987078985
0.09869472594
0.0986865908
0.09868162712
0.09867863869
0.09867686319
0.09867582167
0.09867521981
0.09867487888
0.09867469107
0.09867459206
0.09867454426
0.09867452581
0.09867452054
0.09867451722
0.09867451197
0.09867450595
0.09867450077
0.09867449628
0.09867449363
0.7081745404
0.7278691274
0.7511599858
0.7782995661
0.8094280475
0.8445104018
0.8832739238
0.9251498585
0.9692193359
1.014165776
1.058239102
1.0992357
1.13450487
1.160995527
1.175376442
1.174289931
1.15482783
1.114853856
1.053617422
0.9724185297
0.8752093509
0.768612573
0.6609868293
0.5603767137
0.4717601717
0.3948594569
0.3244449598
0.2546469589
0.1860894677
0.133222903
0.1098068949
0.103055412
0.1008707218
0.09993406568
0.09944241004
0.09915567432
0.09897957974
0.09886866704
0.09879794779
0.09875268593
0.09872378994
0.09870542925
0.09869383312
0.09868656694
0.0986820519
0.09867926869
0.09867756806
0.09867653969
0.09867592535
0.09867556383
0.09867535567
0.09867524032
0.09867518133
0.09867515521
0.09867514444
0.09867513903
0.09867513466
0.09867513065
0.09867512751
0.09867512543
0.7239721722
0.7437604078
0.7669823601
0.7938213049
0.824351617
0.8584898716
0.8959422628
0.936156112
0.9782732071
1.021088411
1.063016306
1.102072213
1.135873064
1.161673859
1.17646684
1.177166561
1.161035898
1.125954286
1.070909752
0.9965752466
0.9058968783
0.8042788407
0.6990439206
0.5979501934
0.5069202302
0.4277777173
0.3574447894
0.2901548641
0.2227248772
0.1600443245
0.1201781915
0.1061892322
0.1020386943
0.1004981288
0.09976257212
0.09935248953
0.09910558785
0.09895121497
0.09885286473
0.09878972389
0.09874903173
0.09872274805
0.09870578375
0.09869485998
0.09868784302
0.09868334911
0.09868048406
0.09867866789
0.09867752327
0.098676806
0.09867636097
0.09867608987
0.09867593032
0.09867584222
0.09867579774
0.09867577737
0.09867576871
0.0986757645
0.09867576168
0.09867575983
0.7412650859
0.7610618042
0.7841184919
0.8105577991
0.8404010187
0.8735252632
0.9096217641
0.9481548306
0.98832089
1.029012004
1.068785756
1.105847668
1.138048687
1.162914015
1.177721598
1.179663473
1.166177977
1.135205978
1.085594815
1.017545884
0.9331996159
0.8369016309
0.7349358927
0.6344898977
0.5418609037
0.4603683113
0.3889974457
0.3230929575
0.2579089651
0.1936960766
0.1405218376
0.1130068426
0.1042691606
0.1014465907
0.100267193
0.09965653816
0.0993004784
0.09908036908
0.09894046168
0.09885002926
0.09879093917
0.09875211283
0.09872650162
0.09870954908
0.09869829731
0.09869081928
0.09868585036
0.09868255193
0.09868036414
0.0986789143
0.09867795719
0.09867733201
0.09867693191
0.09867668451
0.09867653939
0.09867646072
0.0986764229
0.09867640764
0.09867640221
0.09867640023
0.7600985328
0.77979477
0.8025707658
0.8284988655
0.8575549413
0.8895851935
0.9242709243
0.9610929757
0.9992964311
1.037858533
1.075462035
1.11047929
1.1409678
1.164693277
1.179194782
1.181915989
1.170490859
1.142948659
1.098047736
1.035678597
0.9573449765
0.8664939219
0.7684294514
0.669619768
0.5763276892
0.4928124148
0.4197935685
0.3542191413
0.2912429669
0.2283345162
0.1693137078
0.1271175732
0.1089264543
0.1031890149
0.1011103505
0.1001443441
0.09961087199
0.09928887987
0.09908481394
0.09895168962
0.0988633629
0.09880411902
0.09876407065
0.09873681164
0.09871814018
0.09870528798
0.09869641028
0.09869026073
0.09868599039
0.09868302126
0.09868096168
0.09867954351
0.09867858066
0.09867794222
0.09867753388
0.09867728632
0.09867714785
0.09867707985
0.09867705385
0.09867704702
0.7804413297
0.7999135831
0.8222825343
0.8475799809
0.8757423942
0.9065926174
0.9398056016
0.9748784901
1.011100129
1.047523035
1.082940661
1.115871846
1.144556867
1.166976333
1.180905479
1.184023868
1.174155618
1.149437179
1.108607719
1.051334495
0.9786276586
0.893189345
0.7994384042
0.7030704191
0.6100430364
0.5250974667
0.4502611395
0.3841085662
0.3226222072
0.2620100781
0.2024508311
0.1502570274
0.1184147529
0.1065774216
0.1026014735
0.100963733
0.1001278016
0.09963894487
0.09933092331
0.09912869936
0.09899253775
0.09889926827
0.09883456135
0.09878921213
0.09875716059
0.09873434745
0.09871801401
0.0987062633
0.09869777884
0.09869164442
0.09868721782
0.09868404303
0.09868179317
0.09868023069
0.09867917777
0.0986784977
0.09867808411
0.09867785364
0.09867774337
0.09867770563
0.802183941
0.8213005433
0.8431330683
0.8676734758
0.8948345413
0.924417152
0.9560928515
0.9893748899
1.023591925
1.057863838
1.091082616
1.121897375
1.148711306
1.169697397
1.182843843
1.186046877
1.177316231
1.154922658
1.117599919
1.064860705
0.9973614185
0.9171834691
0.8279691214
0.7346525622
0.6427268914
0.557068293
0.4805900194
0.4132793594
0.3523178018
0.2937629288
0.235577672
0.1804024202
0.1367468437
0.1137091276
0.1054703344
0.1024339214
0.1010332213
0.1002524517
0.09976731238
0.09944754595
0.09922931118
0.09907689957
0.0989686847
0.09889085451
0.09883429867
0.09879285348
0.09876226034
0.09873954069
0.09872260136
0.09870996013
0.09870055184
0.098693598
0.09868851975
0.09868488221
0.09868234819
0.09868064748
0.09867956094
0.09867891255
0.09867855922
0.09867839974
0.8251352984
0.8437634389
0.8649281515
0.8885953558
0.9146504409
0.9428803136
0.9729557601
1.004406225
1.036597278
1.068710593
1.099725994
1.128409106
1.153308746
1.172770624
1.184976247
1.188021579
1.180091191
1.159580846
1.125265124
1.076560067
1.013831344
0.938677316
0.8540751082
0.7642446383
0.6741339052
0.5885088618
0.5108048168
0.4421191764
0.3808925856
0.3237676694
0.2676944778
0.2126275389
0.1631380282
0.1280977846
0.1114866369
0.1053040598
0.1027139031
0.1013721094
0.1005626883
0.1000313881
0.09966602443
0.09940751013
0.09922091236
0.09908417656
0.09898277727
0.09890684235
0.09884951526
0.09880595949
0.0987727306
0.09874735116
0.09872801906
0.09871340724
0.09870250413
0.09869452037
0.09868882585
0.09868489737
0.09868229857
0.09868066994
0.09867971489
0.09867920989
0.8490366519
0.8670577268
0.8874403657
0.9101237954
0.9349758413
0.9617756049
0.9901952843
1.019780893
1.049933177
1.079889792
1.108709901
1.1352639
1.158231304
1.176112747
1.18726371
1.189960829
1.182552295
1.163564427
1.131831045
1.086695817
1.028320526
0.9579196644
0.8778963408
0.7918262568
0.7040930668
0.6191974575
0.5408109833
0.4708271758
0.4088183788
0.352333198
0.2982465715
0.2448967141
0.1940571753
0.1512780115
0.1238356299
0.1112530623
0.1060251364
0.1034927559
0.1020352341
0.101100866
0.1004626407
0.1000101737
0.09968142613
0.09943828674
0.09925600236
0.09911785439
0.09901222561
0.09893089019
0.09886795365
0.09881915153
0.09878137439
0.0987523317
0.09873029746
0.09871388893
0.09870195299
0.09869352004
0.0986877713
0.09868401878
0.09868168498
0.09868033871
0.8736104005
0.890913837
0.9104070617
0.9320105772
0.9555788333
0.9808853187
1.007606719
1.035306529
1.063418751
1.091232606
1.117879415
1.142323935
1.163363051
1.179636825
1.189657398
1.191866611
1.184766257
1.167001106
1.137466545
1.095485715
1.041062174
0.9750934638
0.8995285972
0.8173723054
0.7324546852
0.6489173032
0.5704546766
0.4994739908
0.4364683701
0.3799614392
0.327280642
0.2761088176
0.2263215859
0.181028438
0.1453730574
0.1234368842
0.1127507564
0.1075786924
0.104756946
0.1030343141
0.1018888523
0.1010841648
0.1005003295
0.1000675116
0.0997416489
0.099493398
0.09930248877
0.09915456792
0.09903931794
0.09894925921
0.09887894032
0.09882437673
0.09878248557
0.09875083718
0.09872741861
0.09871052788
0.09869871115
0.09869072223
0.09868550214
0.0986822837
0.8985450024
0.915040361
0.9335588109
0.9540069561
0.9762300283
0.9999990925
1.024997447
1.050806583
1.076892263
1.102591449
1.127101269
1.14947187
1.168605897
1.183268506
1.192112453
1.193728465
1.186758968
1.169963077
1.142307617
1.10311798
1.05227323
0.9904346039
0.9191720263
0.8409855838
0.7591925643
0.6775373636
0.5995947269
0.5280553005
0.4641024879
0.4071628116
0.355279733
0.3061651156
0.2585479664
0.2133495344
0.1739982781
0.1443589059
0.1256751854
0.1153917551
0.1097764572
0.1064838592
0.1043866128
0.1029499527
0.1019168183
0.1011530065
0.1005780134
0.1001393076
0.09980153779
0.09953939157
0.09933457389
0.09917407954
0.09904837842
0.09895036534
0.09887461446
0.09881686255
0.09877363479
0.09874199237
0.09871941418
0.0987037259
0.0986930536
0.09868611528
0.9235410523
0.9391595594
0.9566401994
0.9758795604
0.9967171473
1.018924373
1.042192879
1.066122519
1.090209465
1.113835102
1.136256813
1.15660223
1.173869374
1.186935893
1.194581135
1.195531324
1.188559259
1.172531743
1.146480969
1.1097442
1.062131063
1.004110642
0.9369348066
0.8626971116
0.7842453668
0.7049143469
0.6280642602
0.5564911987
0.4918559871
0.4343441161
0.3827686652
0.3351642236
0.2898078008
0.2463119049
0.2061533155
0.1721905969
0.1466219281
0.1295047711
0.1190136939
0.1127001828
0.1087556667
0.1061419645
0.1043064639
0.1029645829
0.1019629202
0.1012036118
0.1006203115
0.1001682426
0.09981574527
0.09953998611
0.09932422015
0.09915595431
0.09902567005
0.09892592481
0.09885076278
0.09879526049
0.09875518013
0.09872682993
0.09870698831
0.09869352593
0.9483262852
0.9630207209
0.9794224569
0.9974212513
1.016853739
1.03749393
1.05904317
1.081119851
1.103249258
1.124854209
1.145247413
1.163626997
1.17907723
1.190577124
1.197019965
1.197254635
1.190172246
1.174738354
1.150052164
1.115485474
1.070799872
1.016304427
0.9530049447
0.8826464538
0.8076576368
0.7309840119
0.6557252626
0.5846594867
0.5197414288
0.4617291801
0.4100819694
0.363308059
0.3197341781
0.2783326269
0.2392778996
0.2039173406
0.1741015354
0.1511088739
0.1347334454
0.1236891214
0.1164227025
0.11159033
0.1082690247
0.1059068953
0.104176299
0.1028788361
0.1018925187
0.1011352415
0.1005495901
0.1000945756
0.09974046551
0.09946534854
0.09925277128
0.09909008102
0.09896725799
0.0988762172
0.09881016258
0.09876308661
0.09872968166
0.09870633974
0.9726631665
0.9864057332
1.001707109
1.018452792
1.036478829
1.055563596
1.07541916
1.095682453
1.11590665
1.135553313
1.153986145
1.170467606
1.184160163
1.194134357
1.199386228
1.198876293
1.191603563
1.176625595
1.153108373
1.120457087
1.078404251
1.027154906
0.9675084793
0.9009121454
0.8294455973
0.7556897616
0.6824621071
0.6124342643
0.5476973412
0.4893650961
0.437415136
0.3909062729
0.3484514119
0.3088270744
0.2714812272
0.2367129545
0.2054511711
0.1787621794
0.1573401713
0.1410841308
0.1292107484
0.1207466916
0.1147362568
0.1105587232
0.1075763601
0.1053864966
0.1037532665
0.102521508
0.1015841229
0.1008657588
0.1003128436
0.09988687801
0.0995597595
0.09931050274
0.09912293175
0.09898409515
0.09888342113
0.09881179306
0.09876098084
0.09872492942
0.9963529243
1.00913244
1.023328747
1.038825126
1.055458828
1.073013945
1.091213956
1.109714187
1.128094502
1.14585276
1.162399781
1.177056932
1.189057817
1.197555904
1.201640201
1.200373356
1.19285196
1.178218295
1.155702718
1.124747937
1.085078024
1.036818468
0.9805977633
0.9176247456
0.8496813116
0.7790208159
0.7081778472
0.6396555301
0.5755328763
0.5171217652
0.4648290999
0.4182128478
0.3762612788
0.337820945
0.3020215697
0.26853112
0.2375532222
0.2096054861
0.1852145237
0.1646938199
0.1480408265
0.1349889777
0.1250781165
0.1177371925
0.1126101269
0.1089407794
0.1062851465
0.1043422312
0.1029032481
0.1018250706
0.1010099318
0.1003905777
0.09992001307
0.09956458505
0.09929929075
0.09910457989
0.09896448562
0.09886557586
0.0987959221
0.09874627797
1.019232769
1.031051312
1.044151162
1.058414997
1.07368266
1.089744965
1.106337274
1.123133053
1.139737715
1.155683206
1.170424033
1.183335666
1.193716597
1.200795577
1.203745774
1.201723477
1.193912335
1.179532446
1.157881769
1.128434888
1.090921873
1.045411737
0.992408721
0.9329251646
0.8684800944
0.8010348108
0.7328463815
0.6661912961
0.6030493736
0.5448549639
0.4923222306
0.4454181013
0.4035081057
0.3656431566
0.3308925993
0.2986027541
0.2684958412
0.2406035093
0.2151055735
0.1921835756
0.1719588383
0.1545209241
0.1399803691
0.1283970402
0.1198324473
0.1137629612
0.1095112672
0.1065291845
0.1044059132
0.1028671151
0.1017347116
0.1008931478
0.1002656802
0.09979945172
0.0994566181
0.09920873844
0.09903276769
0.09890987146
0.09882431792
0.09876363839
1.041174619
1.052044865
1.064067495
1.077125844
1.091063404
1.105678442
1.120718463
1.135874721
1.150777049
1.164989445
1.178006995
1.18925499
1.198091288
1.203813208
1.205673312
1.20290604
1.194781371
1.180589777
1.159694263
1.131602644
1.09605551
1.053082099
1.003092993
0.9469357915
0.8859133707
0.8217370116
0.7563754561
0.6918515074
0.6300260909
0.572372961
0.5198044718
0.4725976365
0.4304522057
0.3926716947
0.3584099938
0.3268986702
0.297582924
0.2701419362
0.2444251576
0.2203702276
0.1979698889
0.1773029475
0.1586325609
0.1424705383
0.1294496969
0.1199524712
0.1132773721
0.1088723486
0.1058759834
0.1037972915
0.102327443
0.101271131
0.1005043611
0.09994724104
0.09954567817
0.09926052198
0.09906162556
0.09892543096
0.09883278576
0.09876821209
1.062077105
1.072019524
1.082991945
1.094879346
1.107529679
1.120749189
1.134297649
1.147883695
1.161160526
1.173722337
1.185102038
1.194770955
1.202141441
1.206573483
1.20738987
1.203904491
1.195456758
1.181404817
1.161172376
1.134304892
1.100553772
1.059931223
1.01277348
0.9597976547
0.9021206277
0.8412034183
0.778740206
0.7165302435
0.6562945052
0.59948589
0.5471256647
0.4997079631
0.45720327
0.4191632369
0.3848934668
0.353636689
0.3247105424
0.2975715047
0.2718139399
0.2471411321
0.2233539162
0.2003947076
0.1784590541
0.1581594841
0.1405750443
0.1268276185
0.1172505749
0.1110200628
0.1070168612
0.1043965352
0.1026266892
0.1014005907
0.1005404245
0.09993584056
0.09951377584
0.09922309582
0.09902655453
0.09889673415
0.09881177894
0.09875461846
1.08186741
1.090908881
1.10086448
1.111621585
1.123033198
1.134913876
1.147035639
1.159124024
1.17085454
1.181849839
1.191678112
1.199853282
1.205837814
1.209049027
1.208874765
1.204700364
1.195927948
1.181978449
1.162333211
1.136582659
1.104485338
1.066049134
1.02155243
0.971600979
0.9171379727
0.8593982307
0.7998463452
0.7400715589
0.6816417371
0.6259443213
0.5740394618
0.5265587794
0.4836768046
0.4451626569
0.410493848
0.3789945626
0.3499576989
0.3227244068
0.2967185446
0.271455054
0.2465530373
0.2217881997
0.1972186916
0.1734059898
0.1516385745
0.1337226769
0.1207502651
0.1125910722
0.1076150862
0.1045171864
0.1025231827
0.1012070027
0.1003263916
0.09973673456
0.09934554119
0.09909017673
0.09892763768
0.09882754077
0.09876664871
0.0987287895
1.100486897
1.10865844
1.117634669
1.127305956
1.137530803
1.148132305
1.158894652
1.169559814
1.179824634
1.189338651
1.197703053
1.204471296
1.209152049
1.211215241
1.210109712
1.20528411
1.196198019
1.182330737
1.163217809
1.13849313
1.107938804
1.071537719
1.029527859
0.9824230443
0.9310057014
0.8763261903
0.8196494549
0.7623665063
0.7058855134
0.651499281
0.6002563606
0.552862695
0.5096361067
0.4705226852
0.4351660765
0.4030058306
0.3733762588
0.3455841794
0.3189583971
0.2928797853
0.2668136407
0.2403764974
0.2134810705
0.1866041084
0.1611357256
0.139400909
0.1234633306
0.1134488087
0.1075898336
0.104145596
0.1020524938
0.1007490577
0.09992869565
0.09941675333
0.09910370062
0.09891887941
0.09881451173
0.09875714581
0.09872512861
0.09870689045
1.117903353
1.125239998
1.133278218
1.141911804
1.15100504
1.160389636
1.169861746
1.179179209
1.188059204
1.196176624
1.203163505
1.208609978
1.212067311
1.213056578
1.211075687
1.205636547
1.196248909
1.182445912
1.163813484
1.140026687
1.11089132
1.076387115
1.036702219
0.9922547229
0.9437022267
0.8919440504
0.8380618094
0.7832623444
0.7287977766
0.6758501061
0.6254212284
0.578243432
0.5347273224
0.4949561766
0.4587230966
0.4255962864
0.3949930167
0.3662457449
0.3386526982
0.3115168834
0.2841897745
0.2561504711
0.2271697566
0.1976241976
0.1689595832
0.1439067081
0.1253047723
0.1137203419
0.1071981912
0.1035537382
0.1014576935
0.1002299147
0.09951541492
0.09911282184
0.09890031762
0.09879501115
0.0987432348
0.09871715904
0.09870336404
0.09869623603
1.134081477
1.140619893
1.147763011
1.155408398
1.163426352
1.171657261
1.17990907
1.187954999
1.195531694
1.202338052
1.208035039
1.212246912
1.214564291
1.214553135
1.211765007
1.205759032
1.196094183
1.182353001
1.164167265
1.141248962
1.113425003
1.080669867
1.043130743
1.00115316
0.9552901501
0.9062943669
0.8550872712
0.8027087337
0.7502461878
0.6987825745
0.6492501337
0.6023731985
0.5586166709
0.5181672168
0.4809478304
0.4466566369
0.4148170393
0.3848273884
0.3560037154
0.3276174164
0.2989414537
0.269336729
0.2384376639
0.2065194012
0.1750741264
0.1471703859
0.1263101026
0.113477358
0.1065191074
0.1028316291
0.1008317313
0.09974153326
0.09916814982
0.09889630536
0.09878118136
0.09873256845
0.09871052242
0.09869993623
0.09869454187
0.09869202845
1.149022318
1.154801936
1.161095421
1.167804322
1.174805032
1.181946516
1.189048183
1.195898025
1.202251181
1.207829162
1.212319978
1.21537955
1.216634809
1.215694594
1.212157616
1.205625617
1.195702841
1.182016964
1.164241331
1.142121216
1.115500694
1.084347292
1.048778071
1.00907311
0.9656872195
0.9192506293
0.8705528859
0.8204909079
0.770005548
0.7200267559
0.6714268984
0.6249119426
0.5809732063
0.5398736297
0.501646686
0.4661145764
0.4329174435
0.4015456153
0.3713699578
0.3416716158
0.3116838981
0.2806795568
0.2481684807
0.2143018545
0.1805331252
0.1501120688
0.1270927566
0.1130664355
0.1057683334
0.1021212033
0.1002702125
0.09934285212
0.0989310698
0.09877983501
0.0987270031
0.09870659634
0.09869771822
0.09869359012
0.0986915638
0.09869071219
1.162688385
1.167748276
1.173237352
1.179061403
1.185103078
1.191219938
1.197242668
1.202973567
1.208185466
1.212621268
1.215994338
1.21799005
1.218271803
1.216481458
1.212265849
1.205263285
1.195119358
1.181502461
1.164122779
1.142752824
1.117247568
1.087566535
1.053793304
1.016149578
0.9750173429
0.930933698
0.8845634693
0.8366670985
0.7880515082
0.7395293733
0.6918577574
0.6457203483
0.6016390927
0.5599307588
0.5207201836
0.4839425166
0.4493548043
0.4165514949
0.3849801128
0.3539584777
0.3227065857
0.2904287364
0.2565172594
0.2209873756
0.1852198774
0.1525868442
0.1275792318
0.1124657046
0.1049481689
0.101435053
0.09977346111
0.09904857674
0.09880002989
0.09872767571
0.09870508853
0.09869677226
0.0986932543
0.09869166496
0.09869091728
0.0986906321
1.175099178
1.179481474
1.184214054
1.189207021
1.194349242
1.199506678
1.204520901
1.209207878
1.213357184
1.216731793
1.219068682
1.220080504
1.21946264
1.216895185
1.212058654
1.204627676
1.194285008
1.180734927
1.163718403
1.143028927
1.118530859
1.090177881
1.058030839
1.022273682
0.9832114268
0.9412735354
0.8970096478
0.851068135
0.8041579357
0.7569884807
0.7102299655
0.6645200651
0.6203828303
0.578175803
0.5380991236
0.5001877556
0.4643100061
0.4301687535
0.397302639
0.3650892459
0.33276379
0.2994900773
0.2645580077
0.2278225524
0.19047496
0.1557785152
0.1285447159
0.1119973299
0.1041588172
0.1007843052
0.09936440724
0.09886991882
0.09873917617
0.09870642623
0.09869685172
0.09869345655
0.09869205912
0.0986914468
0.09869117207
0.098691076
1.186063346
1.189815009
1.193845461
1.198069418
1.202382152
1.206658055
1.210749371
1.214485227
1.217671045
1.220088526
1.221496375
1.221634952
1.220221875
1.216976628
1.211606527
1.203817801
1.193324943
1.179861699
1.163192945
1.143128782
1.119539509
1.092370896
1.061658366
1.027538023
0.9902557206
0.9501798785
0.9077833862
0.8636127066
0.8182624697
0.7723379055
0.7264382491
0.6811262076
0.636964067
0.594334612
0.553496078
0.5145663764
0.4775116396
0.4421355157
0.40806683
0.3747479062
0.3414377804
0.3072685422
0.2714316166
0.2336139639
0.1948237223
0.1582728484
0.1291248524
0.1114052819
0.103313271
0.1001489241
0.0990643292
0.09877606403
0.09871270065
0.09869813
0.09869406607
0.09869267589
0.09869212042
0.0986918847
0.09869178382
0.0986917509
1.194760013
1.197988152
1.201436554
1.205024013
1.208651367
1.212200243
1.215531998
1.218486876
1.220883483
1.222518914
1.223169682
1.22259697
1.220544026
1.216752336
1.210953028
1.202876744
1.192261563
1.178861905
1.162459395
1.142875012
1.119982332
1.093721309
1.064111675
1.031264611
0.9953873847
0.9567742025
0.9158088523
0.87295949
0.8287526191
0.7837460737
0.738495048
0.6935795924
0.6494844849
0.6066134777
0.5652683648
0.5256302848
0.4877422568
0.4514905346
0.416582982
0.3825269226
0.3486209985
0.3139981581
0.2777938619
0.239560974
0.2000342835
0.1620586338
0.1305525903
0.1105214955
0.1020939155
0.09955254923
0.0988804982
0.09873147838
0.09870172808
0.09869521984
0.09869347609
0.09869290197
0.09869268072
0.09869259031
0.09869255354
0.09869254236
)
;

boundaryField
{
    inletCH4
    {
        type            calculated;
        value           nonuniform List<scalar> 5(1.461893645 1.46190042 1.461915021 1.461929935 1.461944995);
    }
    wallOutside
    {
        type            calculated;
        value           nonuniform List<scalar> 
70
(
0.0986575123
0.09865752835
0.09865756843
0.09865763393
0.09865772281
0.09865784088
0.09865799132
0.0986581713
0.09865837528
0.09865860132
0.09865884858
0.09865911705
0.09865940633
0.09865971703
0.09866004554
0.09866039124
0.09866075318
0.09866113029
0.0986615209
0.09866192412
0.09866233964
0.0986627669
0.09866320584
0.09866365351
0.09866410898
0.09866457305
0.09866505138
0.09866553279
0.09866602123
0.0986665199
0.09866702877
0.0986675477
0.09866807687
0.09866861585
0.09866916464
0.09866972326
0.0986702912
0.09867086785
0.09867145236
0.09867204495
0.09867264609
0.09867325517
0.09867387082
0.09867449363
0.09867512543
0.09867575983
0.09867640023
0.09867704702
0.09867770563
0.09867839974
0.09867920989
0.09868033871
0.0986822837
0.09868611528
0.09869352593
0.09870633974
0.09872492942
0.09874627797
0.09876363839
0.09876821209
0.09875461846
0.0987287895
0.09870689045
0.09869623603
0.09869202845
0.09869071219
0.0986906321
0.098691076
0.0986917509
0.09869254236
)
;
    }
    wallTube
    {
        type            calculated;
        value           nonuniform List<scalar> 
61
(
1.461944995
1.461433751
1.460863994
1.460430537
1.460056132
1.459640313
1.459177132
1.458690524
1.45820292
1.457727501
1.457269248
1.456829379
1.456400257
1.455978555
1.455567109
1.455167345
1.454774962
1.454384106
1.453985642
1.454272366
1.853637105
0.7240885127
0.7188039688
0.7160636143
0.7147165284
0.7141956766
0.7141779924
0.7144823516
0.7150326506
0.7157918147
0.7167387365
0.7178632368
0.7191615441
0.720636508
0.7222944107
0.7241471332
0.7262053094
0.7284706234
0.730884305
0.7332500419
0.7357619674
0.723990374
0.7185585762
0.715837057
0.7145845844
0.7141968807
0.7143600731
0.7148853083
0.7156866784
0.7167110363
0.7179234168
0.7193056405
0.7208552241
0.7225757669
0.7244783691
0.7265791606
0.7289047989
0.7314833989
0.7343569474
0.7376846297
0.7446860532
)
;
    }
    inletPilot
    {
        type            calculated;
        value           nonuniform List<scalar> 5(0.7240885127 0.7253870488 0.72586452 0.7250550917 0.723990374);
    }
    inletAir
    {
        type            calculated;
        value           nonuniform List<scalar> 
60
(
0.529568782
0.1842527836
0.1126970233
0.1015355597
0.09940353066
0.09886655964
0.0987168022
0.09867470152
0.09866200826
0.09865751791
0.098655582
0.09865461639
0.09865410591
0.098653844
0.09865373008
0.09865370793
0.09865374368
0.09865381595
0.09865391099
0.09865401991
0.09865413699
0.09865425857
0.09865438236
0.09865450695
0.09865463149
0.09865475546
0.09865487857
0.09865500062
0.09865512148
0.09865524104
0.09865535923
0.09865547594
0.09865559108
0.09865570453
0.09865581616
0.09865592585
0.09865603346
0.09865613884
0.09865624183
0.09865634228
0.09865644001
0.09865653485
0.09865662663
0.09865671516
0.09865680023
0.09865688165
0.09865695921
0.09865703267
0.09865710182
0.09865716639
0.09865722626
0.09865728128
0.0986573312
0.09865737572
0.09865741452
0.09865744737
0.09865747411
0.09865749462
0.09865750889
0.0986575123
)
;
    }
    outlet
    {
        type            calculated;
        value           nonuniform List<scalar> 
71
(
1.181801091
1.181940083
1.18224547
1.182707354
1.183321549
1.183824418
1.184580356
1.186058873
1.187814979
1.189823654
1.19205593
1.194760013
1.197988152
1.201436554
1.205024013
1.208651367
1.212200243
1.215531998
1.218486876
1.220883483
1.222518914
1.223169682
1.22259697
1.220544026
1.216752336
1.210953028
1.202876744
1.192261563
1.178861905
1.162459395
1.142875012
1.119982332
1.093721309
1.064111675
1.031264611
0.9953873847
0.9567742025
0.9158088523
0.87295949
0.8287526191
0.7837460737
0.738495048
0.6935795924
0.6494844849
0.6066134777
0.5652683648
0.5256302848
0.4877422568
0.4514905346
0.416582982
0.3825269226
0.3486209985
0.3139981581
0.2777938619
0.239560974
0.2000342835
0.1620586338
0.1305525903
0.1105214955
0.1020939155
0.09955254923
0.0988804982
0.09873147838
0.09870172808
0.09869521984
0.09869347609
0.09869290197
0.09869268072
0.09869259031
0.09869255354
0.09869254236
)
;
    }
    axis
    {
        type            empty;
    }
    frontAndBack_pos
    {
        type            wedge;
    }
    frontAndBack_neg
    {
        type            wedge;
    }
}


// ************************************************************************* //
