/*--------------------------------*- C++ -*----------------------------------*\
  =========                 |
  \\      /  F ield         | OpenFOAM: The Open Source CFD Toolbox
   \\    /   O peration     | Website:  https://openfoam.org
    \\  /    A nd           | Version:  10
     \\/     M anipulation  |
\*---------------------------------------------------------------------------*/
FoamFile
{
    format      ascii;
    class       volScalarField;
    location    "3000";
    object      C;
}
// * * * * * * * * * * * * * * * * * * * * * * * * * * * * * * * * * * * * * //

dimensions      [0 0 0 0 0 0 0];

internalField   nonuniform List<scalar> 
5170
(
3.91315711e-80
1.751600586e-80
3.114414731e-81
2.027137256e-82
2.357695047e-84
3.052083109e-77
1.28216743e-77
1.905079655e-78
8.222981313e-80
7.469856563e-82
2.326095759e-74
9.114177909e-75
1.090779215e-75
3.378504783e-77
2.323097948e-79
1.746501875e-71
6.389399048e-72
6.220968755e-73
1.443379519e-74
4.555734098e-77
1.299675905e-68
4.480868856e-69
3.639679023e-70
6.620751868e-72
0
9.658742677e-66
3.185856589e-66
2.167521419e-67
3.250283327e-69
0
7.240613175e-63
2.31431165e-63
1.344015869e-64
1.70197978e-66
0
5.45326301e-60
1.703500418e-60
8.976309412e-62
1.02943884e-63
0
4.164988205e-57
1.323951339e-57
6.583894596e-59
7.434399292e-61
0
3.247070388e-54
1.092497293e-54
5.346666987e-56
7.779744662e-58
1.913960598e-58
2.59735205e-51
9.665013956e-52
5.143127637e-53
1.80456044e-54
2.036885925e-54
2.125594516e-48
9.136240633e-49
6.252591369e-50
7.780604526e-51
1.128935421e-50
1.783833442e-45
9.275821712e-46
1.007684846e-46
4.012465562e-47
5.30014304e-47
1.526797289e-42
1.002057422e-42
2.06062923e-43
2.093712304e-43
2.594928546e-43
1.335304902e-39
1.16087288e-39
4.944093318e-40
1.056792488e-39
1.464926987e-39
1.174096402e-36
1.417777828e-36
1.280263771e-36
4.907508255e-36
8.779832668e-36
1.03268321e-33
1.827817807e-33
3.369145542e-33
2.045086076e-32
5.353440841e-32
8.832519382e-31
2.386178002e-30
8.642562649e-30
7.854633118e-29
3.279727658e-28
6.993551217e-28
3.010120307e-27
2.039705944e-26
2.620009899e-25
2.012616114e-24
4.627988823e-25
3.454837477e-24
4.333980033e-23
7.935539007e-22
1.251945999e-20
2.024675689e-21
1.096121622e-21
8.567656774e-22
1.27558044e-21
2.082274696e-21
1.750228233e-21
1.291837814e-21
1.121268211e-21
1.420895049e-21
1.732360273e-21
1.295784872e-21
1.174011679e-21
1.089049431e-21
1.215885655e-21
1.237839739e-21
9.525327036e-22
9.796751067e-22
9.504597419e-22
9.778178831e-22
8.788941484e-22
7.127481605e-22
7.990612624e-22
7.963041694e-22
7.677059617e-22
6.279338453e-22
5.468030226e-22
6.470540292e-22
6.552683268e-22
5.958925542e-22
4.557195906e-22
4.287028222e-22
5.231197635e-22
5.333274192e-22
4.594473512e-22
3.372233393e-22
3.423142798e-22
4.235435955e-22
4.313763408e-22
3.545413045e-22
2.563391996e-22
2.779350541e-22
3.444277511e-22
3.483060505e-22
2.771707315e-22
2.01780666e-22
2.291715554e-22
2.819487143e-22
2.82324665e-22
2.214595415e-22
1.646760559e-22
1.919175947e-22
2.330655027e-22
2.310197098e-22
1.813797316e-22
1.3867315e-22
1.631128787e-22
1.949908706e-22
1.916450031e-22
1.521648727e-22
1.196619044e-22
1.405360794e-22
1.653280105e-22
1.614559971e-22
1.303043041e-22
1.050681853e-22
1.224412543e-22
1.41961629e-22
1.380826415e-22
1.133944956e-22
9.332302191e-23
1.029886893e-22
1.218066028e-22
1.192402449e-22
9.978140487e-23
8.345135034e-23
5.464176356e-23
7.011848962e-23
6.85722461e-23
8.244060176e-23
7.338170914e-23
8.075251399e-23
7.211319899e-23
4.570023746e-23
2.645356667e-23
1.941029468e-23
8.740115072e-21
7.408652285e-21
3.037543379e-21
6.882736869e-22
1.969118703e-22
1.489054868e-18
1.672164089e-18
7.283558474e-19
1.731489766e-19
4.188438792e-20
1.969634403e-16
3.412023181e-16
1.652546544e-16
4.336492459e-17
8.363601526e-18
8.816571438e-23
1.037738504e-21
3.007170612e-20
1.354003007e-18
7.789705576e-17
3.115070515e-21
2.864796218e-20
6.54067679e-19
2.319604873e-17
9.116413828e-16
7.658705163e-19
7.893617578e-18
1.861468791e-16
6.0755511e-15
1.810791214e-13
1.355769793e-16
1.611725696e-15
4.014380637e-14
1.184798613e-12
2.780413456e-11
4.204362164e-16
4.182133957e-15
8.100641544e-14
1.676379408e-12
2.532628907e-11
7.651561278e-16
6.333772364e-15
9.599575699e-14
1.459865811e-12
1.524717043e-11
1.19656583e-15
8.820522775e-15
1.106409802e-13
1.242528395e-12
9.173113563e-12
4.878711956e-15
5.117919646e-14
8.064315695e-13
1.010842085e-11
9.27679482e-11
1.535322136e-14
1.489690561e-13
1.792820829e-12
1.6025629e-11
1.076662172e-10
3.266907233e-14
2.646808931e-13
2.340191978e-12
1.51546167e-11
7.647434732e-11
5.826110582e-14
3.544051405e-13
2.265178585e-12
1.115877945e-11
4.434771409e-11
1.260494352e-13
6.553084228e-13
3.912386311e-12
2.049905445e-11
9.662894711e-11
2.971629031e-13
1.297639311e-12
6.766048058e-12
3.169953351e-11
1.32247565e-10
5.904059607e-13
2.044985438e-12
8.726769878e-12
3.409825344e-11
1.189202904e-10
9.529637059e-13
2.577931176e-12
8.854413135e-12
2.856790781e-11
8.316437017e-11
1.306141893e-12
2.806894877e-12
7.807503863e-12
2.116160593e-11
5.304438787e-11
2.179441322e-12
4.24767265e-12
1.145695847e-11
3.325393137e-11
9.823697774e-11
6.025406952e-12
1.124064568e-11
2.956924344e-11
8.497181496e-11
2.462870101e-10
1.522298547e-11
2.548191694e-11
5.833628953e-11
1.460821357e-10
3.697235399e-10
2.789035101e-11
4.191268272e-11
8.287437148e-11
1.794731599e-10
3.954000139e-10
3.870640911e-11
5.317997155e-11
9.242511378e-11
1.757587903e-10
3.421595251e-10
4.342818344e-11
5.564558945e-11
8.698060914e-11
1.482942009e-10
2.60321465e-10
4.397328842e-11
5.380751536e-11
7.837573142e-11
1.248497578e-10
2.074357885e-10
5.560839748e-11
6.855244618e-11
1.02300401e-10
1.709192638e-10
3.057526605e-10
1.101367163e-10
1.387530201e-10
2.145784703e-10
3.720188875e-10
6.868040623e-10
2.413095417e-10
2.999902231e-10
4.523473509e-10
7.588007795e-10
1.347393088e-09
4.685411675e-10
5.673815126e-10
8.180832053e-10
1.303379497e-09
2.193578692e-09
7.929705278e-10
9.358748322e-10
1.290739797e-09
1.955337701e-09
3.127366646e-09
1.194812362e-09
1.378929743e-09
1.828671738e-09
2.648384392e-09
4.045978355e-09
1.630582969e-09
1.846237983e-09
2.365319991e-09
3.288595146e-09
4.815693966e-09
2.060844116e-09
2.296181383e-09
2.855685432e-09
3.830757365e-09
5.402520523e-09
2.550487921e-09
2.810963922e-09
3.426383864e-09
4.48798442e-09
6.178316194e-09
3.422497851e-09
3.760035771e-09
4.558760661e-09
5.940889014e-09
8.152699289e-09
5.289664495e-09
5.812507427e-09
7.05171303e-09
9.201103799e-09
1.26497581e-08
8.847086828e-09
9.672198913e-09
1.161435109e-08
1.494060423e-08
2.017812372e-08
1.651991205e-08
1.785612083e-08
2.096025046e-08
2.6151181e-08
3.40555723e-08
3.272416623e-08
3.47281539e-08
3.930614726e-08
4.673991187e-08
5.761649358e-08
5.842272584e-08
6.10486358e-08
6.69719255e-08
7.637636499e-08
8.970811022e-08
9.150874374e-08
9.462564841e-08
1.015599801e-07
1.122761968e-07
1.267980875e-07
1.331479097e-07
1.361997315e-07
1.426529047e-07
1.515339455e-07
1.608981358e-07
1.531649729e-07
1.510436161e-07
1.454764664e-07
1.35078939e-07
1.194643513e-07
6.695652665e-08
6.542011115e-08
6.217334889e-08
5.754073932e-08
5.187366054e-08
2.81267949e-08
2.757533898e-08
2.640456928e-08
2.473330186e-08
2.268615739e-08
1.199805119e-08
1.179591541e-08
1.136515211e-08
1.074606117e-08
9.979399083e-09
5.181901527e-09
5.105694302e-09
4.942692083e-09
4.706795106e-09
4.411681536e-09
2.259536562e-09
2.230070701e-09
2.166854703e-09
2.074850901e-09
1.958821727e-09
9.926492749e-10
9.810269627e-10
9.560331064e-10
9.194952323e-10
8.731247393e-10
4.388178961e-10
4.341614147e-10
4.241287856e-10
4.094105285e-10
3.906375329e-10
1.951037869e-10
1.932146504e-10
1.891381574e-10
1.831404104e-10
1.754586082e-10
8.725592803e-11
8.64811371e-11
8.480707752e-11
8.233799636e-11
7.916454197e-11
3.92747266e-11
3.895375745e-11
3.825946743e-11
3.72332575e-11
3.591023998e-11
1.780622253e-11
1.76719223e-11
1.738111785e-11
1.695046346e-11
1.639372953e-11
8.138434871e-12
8.081662284e-12
7.95861335e-12
7.776067568e-12
7.539487129e-12
3.752731279e-12
3.728471318e-12
3.675842525e-12
3.59763891e-12
3.496052621e-12
1.74670668e-12
1.736221812e-12
1.713456902e-12
1.679577909e-12
1.635475068e-12
8.208494898e-13
8.162641212e-13
8.063004456e-13
7.914516678e-13
7.720840551e-13
3.894483904e-13
3.874186983e-13
3.830052628e-13
3.764196797e-13
3.678147509e-13
1.864825262e-13
1.855731786e-13
1.835947083e-13
1.806392718e-13
1.767716043e-13
9.007455334e-14
8.966234204e-14
8.876509288e-14
8.742355396e-14
8.566559285e-14
4.386155653e-14
4.367261157e-14
4.326121009e-14
4.264564152e-14
4.183810204e-14
2.151917886e-14
2.143167611e-14
2.124111587e-14
2.095582254e-14
2.058121823e-14
1.063243683e-14
1.05915275e-14
1.050242881e-14
1.036897893e-14
1.019362457e-14
5.288611305e-15
5.269319787e-15
5.22730378e-15
5.164353004e-15
5.081585786e-15
2.648200206e-15
2.639029294e-15
2.619055741e-15
2.589122307e-15
2.549746069e-15
1.334597582e-15
1.330205202e-15
1.320639497e-15
1.306300667e-15
1.287429911e-15
6.77429458e-16
6.753088795e-16
6.706907781e-16
6.637668859e-16
6.546508803e-16
3.459532039e-16
3.449225205e-16
3.426781172e-16
3.39312481e-16
3.348795003e-16
1.78277019e-16
1.777711824e-16
1.766696326e-16
1.750174491e-16
1.728405105e-16
9.232011896e-17
9.207049317e-17
9.152699121e-17
9.071173107e-17
8.963719562e-17
5.031875234e-17
5.018941378e-17
4.99077076e-17
4.948497652e-17
4.892752167e-17
1.333101223e-15
1.498113967e-14
2.205719644e-12
2.834412516e-10
1.694180071e-10
7.132004996e-11
3.355450483e-11
4.770720625e-10
4.170389072e-10
2.31550343e-10
1.110908144e-10
3.095413606e-10
3.725140987e-10
2.856733329e-10
1.721867234e-10
9.878327122e-11
2.253203884e-10
5.459479306e-10
7.313424925e-10
7.013820244e-10
5.528767161e-10
3.903985122e-10
3.022728858e-10
4.808468933e-10
1.099422734e-09
2.084520813e-09
3.25489404e-09
4.465939469e-09
5.584760653e-09
6.441292942e-09
7.027806794e-09
7.904101185e-09
1.042740594e-08
1.620402928e-08
2.54372246e-08
4.165321377e-08
6.757530857e-08
1.014209442e-07
1.386232618e-07
1.646449709e-07
1.075545057e-07
4.778164748e-08
2.118233367e-08
9.406562233e-09
4.188199129e-09
1.870048353e-09
8.37361924e-10
3.760661167e-10
1.694644329e-10
7.667710124e-11
3.486912852e-11
1.595407743e-11
7.352058597e-12
3.415333846e-12
1.600335966e-12
7.566142405e-13
3.609260456e-13
1.736691375e-13
8.425299522e-14
4.118825975e-14
2.027939849e-14
1.005219828e-14
5.014775741e-15
2.517938097e-15
1.272175947e-15
6.472776571e-16
3.31291816e-16
1.710777753e-16
8.876663586e-17
4.847560986e-17
4.617493764e-15
6.086811946e-14
3.369725048e-14
8.867812169e-15
1.411325066e-15
8.08954776e-14
1.090619001e-12
7.019601007e-12
1.870104683e-12
2.462417659e-13
1.230953025e-11
1.602613655e-10
1.795868835e-09
2.997887858e-10
3.038110623e-11
1.628036427e-09
2.737224059e-08
4.241928038e-07
3.507917846e-08
2.689592448e-09
7.028453483e-10
6.426231273e-09
3.789996213e-08
5.686562518e-09
6.013286342e-10
2.3115798e-10
1.308376025e-09
4.091741268e-09
9.259060965e-10
1.329863157e-10
9.662641272e-11
4.970985438e-10
2.046774312e-09
7.411161175e-09
1.56894633e-09
1.847041457e-09
1.863917027e-08
1.638018595e-07
1.381467237e-06
1.737463558e-07
1.300978811e-09
8.629454869e-09
4.512967593e-08
1.777135995e-07
4.10803696e-08
6.062976667e-10
2.824739973e-09
9.859931056e-09
2.333209621e-08
7.919897625e-09
2.558886451e-10
9.382979075e-10
2.701888439e-09
6.201342476e-09
1.023463249e-08
8.874439688e-10
5.697989212e-09
3.364445e-08
1.895871085e-07
1.038221451e-06
9.600264303e-10
4.852841383e-09
2.148248468e-08
8.551590651e-08
3.0645615e-07
6.530273924e-10
2.558474993e-09
8.535985822e-09
2.430577842e-08
5.611738088e-08
3.518389034e-10
1.092899172e-09
2.86982472e-09
6.331880078e-09
1.129053796e-08
1.871860488e-10
5.170668601e-10
1.300793771e-09
3.142545129e-09
7.740636015e-09
5.159752308e-10
2.280430071e-09
9.782324958e-09
4.105276898e-08
1.692352094e-07
1.203773681e-09
4.815444884e-09
1.814229131e-08
6.519115027e-08
2.251700317e-07
1.471569228e-09
4.897162202e-09
1.520971339e-08
4.426800976e-08
1.204834749e-07
1.290418526e-09
3.616489943e-09
9.485819044e-09
2.330058813e-08
5.356889895e-08
9.38981082e-10
2.27484116e-09
5.218657631e-09
1.136151531e-08
2.364521985e-08
6.203335436e-10
1.343180067e-09
2.810344765e-09
5.722938157e-09
1.152026226e-08
4.700444165e-10
1.016738295e-09
2.230898341e-09
5.005832812e-09
1.154920836e-08
8.071043385e-10
2.084787785e-09
5.508116909e-09
1.473248585e-08
3.952768495e-08
1.867167659e-09
4.866349958e-09
1.273297357e-08
3.325213721e-08
8.630207772e-08
3.426885425e-09
8.353601961e-09
2.038411729e-08
4.953848197e-08
1.194717461e-07
5.146123726e-09
1.165577652e-08
2.649603377e-08
6.012470273e-08
1.35705594e-07
6.807577344e-09
1.44362142e-08
3.086311293e-08
6.614241219e-08
1.415871894e-07
8.234562151e-09
1.646702667e-08
3.33417317e-08
6.793704516e-08
1.387642158e-07
9.199945756e-09
1.738531584e-08
3.334886269e-08
6.44886684e-08
1.250963655e-07
9.75161335e-09
1.751261856e-08
3.199616005e-08
5.901833865e-08
1.090878806e-07
1.078118343e-08
1.886535724e-08
3.378596794e-08
6.141096459e-08
1.11634093e-07
1.423076029e-08
2.50812354e-08
4.546294414e-08
8.363459456e-08
1.517646295e-07
2.214638746e-08
3.90880497e-08
7.049990707e-08
1.27137376e-07
2.208996575e-07
3.411768399e-08
5.752787267e-08
9.723839027e-08
1.598873866e-07
2.426974907e-07
5.394789016e-08
8.45303289e-08
1.311493076e-07
1.945898543e-07
2.526457693e-07
8.33549095e-08
1.194695475e-07
1.68426558e-07
2.202953469e-07
2.117837624e-07
1.196243162e-07
1.576098122e-07
1.988477535e-07
2.056862366e-07
1.345603813e-07
1.562313207e-07
1.829251399e-07
1.786785371e-07
1.230588829e-07
8.199004244e-08
1.671213665e-07
1.401301831e-07
9.988775115e-08
6.967018993e-08
4.783216148e-08
9.088278852e-08
6.945703099e-08
5.155141885e-08
3.735412195e-08
2.653420439e-08
4.191749067e-08
3.326427214e-08
2.561326431e-08
1.921925666e-08
1.410767811e-08
1.900480721e-08
1.557712768e-08
1.23833371e-08
9.58634287e-09
7.252172588e-09
8.571387402e-09
7.204803973e-09
5.880816358e-09
4.676394544e-09
3.633802867e-09
3.860740668e-09
3.310214642e-09
2.761041202e-09
2.246140022e-09
1.78667084e-09
1.739486641e-09
1.515472443e-09
1.286909673e-09
1.067359246e-09
8.664520351e-10
7.846129776e-10
6.926510757e-10
5.971186736e-10
5.035212888e-10
4.160513559e-10
3.545244974e-10
3.164796307e-10
2.763701493e-10
2.364198906e-10
1.984126687e-10
1.605861852e-10
1.44735764e-10
1.278162643e-10
1.107255957e-10
9.421364772e-11
7.29868868e-11
6.633758508e-11
5.916350824e-11
5.182787264e-11
4.464418619e-11
3.332239736e-11
3.051287367e-11
2.745305177e-11
2.429041146e-11
2.115584041e-11
1.530006346e-11
1.410362872e-11
1.278968723e-11
1.141843298e-11
1.004456144e-11
7.072912598e-12
6.559001356e-12
5.990366987e-12
5.39173153e-12
4.786026651e-12
3.29498196e-12
3.072145934e-12
2.823900785e-12
2.560476632e-12
2.291538495e-12
1.547889113e-12
1.450280588e-12
1.340869014e-12
1.223925036e-12
1.103550401e-12
7.3350265e-13
6.902895378e-13
6.415791378e-13
5.891720397e-13
5.34823514e-13
3.506254955e-13
3.312852642e-13
3.093742045e-13
2.856598339e-13
2.609004333e-13
1.690264958e-13
1.602768365e-13
1.503190395e-13
1.394841119e-13
1.28103018e-13
8.213771746e-14
7.813790415e-14
7.356734017e-14
6.857051471e-14
6.329343745e-14
4.021461138e-14
3.836806832e-14
3.625043055e-14
3.392553889e-14
3.145850547e-14
1.982697247e-14
1.896668289e-14
1.797693462e-14
1.688626581e-14
1.572401656e-14
9.840119041e-15
9.435902602e-15
8.96953156e-15
8.453903746e-15
7.902370146e-15
4.914555731e-15
4.723137826e-15
4.501719648e-15
4.256187553e-15
3.992670652e-15
2.470210568e-15
2.378875097e-15
2.272977248e-15
2.155228389e-15
2.028465971e-15
1.249281291e-15
1.205391189e-15
1.154393189e-15
1.097545734e-15
1.036172001e-15
6.362087907e-16
6.149539818e-16
5.902073726e-16
5.625579733e-16
5.326276193e-16
3.259044081e-16
3.155440374e-16
3.034590737e-16
2.89926895e-16
2.752414787e-16
1.684303739e-16
1.633318549e-16
1.573743346e-16
1.506897881e-16
1.434185482e-16
8.745874022e-17
8.493729144e-17
8.198649763e-17
7.866929738e-17
7.505282373e-17
4.779650427e-17
4.648539801e-17
4.494827696e-17
4.321677494e-17
4.132481054e-17
3.791800918e-17
3.116026344e-18
1.536673975e-18
6.503454062e-19
2.3099952e-19
7.175235077e-20
2.009785888e-20
5.483866775e-21
1.619085855e-21
5.944612694e-22
3.044538318e-22
2.113547518e-22
1.750673727e-22
1.56235227e-22
1.424243967e-22
1.291641508e-22
1.149337664e-22
9.956490835e-23
8.359416323e-23
6.783711336e-23
5.312426141e-23
4.011321118e-23
2.919513308e-23
2.048251525e-23
1.385780223e-23
9.048477113e-24
5.707605683e-24
3.482030561e-24
2.057189986e-24
1.178675838e-24
6.559737596e-25
3.5528895e-25
1.877306608e-25
9.708454276e-26
4.93502809e-26
2.478937649e-26
1.237434746e-26
6.164783443e-27
3.067686856e-27
1.518829227e-27
7.42193397e-28
3.543738925e-28
1.637269111e-28
7.263037085e-29
3.077527332e-29
1.242228488e-29
4.77387806e-30
1.748534125e-30
6.117787191e-31
2.051035292e-31
6.612295684e-32
2.057623592e-32
6.203513666e-33
1.818048481e-33
5.187810851e-34
1.435053253e-34
3.739449831e-35
8.343999044e-36
1.131765215e-36
4.529869866e-38
8.55400692e-15
3.204442197e-16
5.341625245e-17
1.120803347e-17
2.201310214e-18
4.106226647e-19
7.793657476e-20
1.750686115e-20
5.580991853e-21
2.706553847e-21
1.798222104e-21
1.426574752e-21
1.232449984e-21
1.101739193e-21
9.905040166e-22
8.804042497e-22
7.662897393e-22
6.496420693e-22
5.348927042e-22
4.268172083e-22
3.295896563e-22
2.460764061e-22
1.77567986e-22
1.238290449e-22
8.348004305e-23
5.444069885e-23
3.437338327e-23
2.103315359e-23
1.248622518e-23
7.199393763e-24
4.037429751e-24
2.206321754e-24
1.177802457e-24
6.163421937e-25
3.176590409e-25
1.621754465e-25
8.248021375e-26
4.193339685e-26
2.129238953e-26
1.073359711e-26
5.320239053e-27
2.565247702e-27
1.191857988e-27
5.298851635e-28
2.244813016e-28
9.046962255e-29
3.469870944e-29
1.268961685e-29
4.438199902e-30
1.489883311e-30
4.819189694e-31
1.507995199e-31
4.582156196e-32
1.356106787e-32
3.911491605e-33
1.091621009e-33
2.842861048e-34
6.1897698e-35
8.078712879e-36
3.197335779e-37
1.243254178e-12
2.457193328e-14
9.324651505e-16
8.390446425e-17
1.085699237e-17
1.550746761e-18
2.480137031e-19
5.456198719e-20
1.940796272e-20
1.029223598e-20
6.94436062e-21
5.410607361e-21
4.582145019e-21
4.079970539e-21
3.697675114e-21
3.325416942e-21
2.923513924e-21
2.492734456e-21
2.054499535e-21
1.634299228e-21
1.255062095e-21
9.310569826e-22
6.678459782e-22
4.636117835e-22
3.117708649e-22
2.033274953e-22
1.287430571e-22
7.922655875e-23
4.743444247e-23
2.766011468e-23
1.572864474e-23
8.737636133e-24
4.754386274e-24
2.54343324e-24
1.34462459e-24
7.067233532e-25
3.711830712e-25
1.951220894e-25
1.022663041e-25
5.296580846e-26
2.679924661e-26
1.310094221e-26
6.133880158e-27
2.734848549e-27
1.157995176e-27
4.655854822e-28
1.780914764e-28
6.50244693e-29
2.275542047e-29
7.665667651e-30
2.496413895e-30
7.891008105e-31
2.429580975e-31
7.30273938e-32
2.139753651e-32
6.035589839e-33
1.564668934e-33
3.269328441e-34
3.885645152e-35
1.401321549e-36
1.199405589e-10
2.911077909e-12
4.63352707e-14
1.175835575e-15
6.158163991e-17
5.662770776e-18
8.942114285e-19
2.444824841e-19
9.775601966e-20
4.900293653e-20
2.911336676e-20
1.999947058e-20
1.542089076e-20
1.284997875e-20
1.115070698e-20
9.783953211e-21
8.579961436e-21
7.404970502e-21
6.204127814e-21
5.009845516e-21
3.889602155e-21
2.902585626e-21
2.085476576e-21
1.446576417e-21
9.716753995e-22
6.337435493e-22
4.022480551e-22
2.488971276e-22
1.503518407e-22
8.87886213e-23
5.133993127e-23
2.91276643e-23
1.62618246e-23
8.969883071e-24
4.913789314e-24
2.68781812e-24
1.472771293e-24
8.070190123e-25
4.389139787e-25
2.342139597e-25
1.211211547e-25
6.006273661e-26
2.834873353e-26
1.268061291e-26
5.368988117e-27
2.154896708e-27
8.227977952e-28
3.003413774e-28
1.053724662e-28
3.57214662e-29
1.175734522e-29
3.771986696e-30
1.182687198e-30
3.626308743e-31
1.082068486e-31
3.081791971e-32
7.919244637e-33
1.579791543e-33
1.687444124e-34
5.451889133e-36
3.476770643e-11
1.105214814e-12
2.314999896e-14
6.670615619e-16
5.390116408e-17
1.135907427e-17
3.854196376e-18
1.538282859e-18
6.706360128e-19
3.177102989e-19
1.663248892e-19
9.755426438e-20
6.431985183e-20
4.709276464e-20
3.727738964e-20
3.088369875e-20
2.600368703e-20
2.180023445e-20
1.804065332e-20
1.467839043e-20
1.156762538e-20
8.769850327e-21
6.384405356e-21
4.469245628e-21
3.018273844e-21
1.97467337e-21
1.256635913e-21
7.805501166e-22
4.745131533e-22
2.829577782e-22
1.658723969e-22
9.583425325e-23
5.475665849e-23
3.107952615e-23
1.761754802e-23
1.001795802e-23
5.717292525e-24
3.256058927e-24
1.830030896e-24
1.001563379e-24
5.272248902e-25
2.644563366e-25
1.256550219e-25
5.640035368e-26
2.391858359e-26
9.610591657e-27
3.676165114e-27
1.346564062e-27
4.752984768e-28
1.626234861e-28
5.421204614e-29
1.767515979e-29
5.6467377e-30
1.765289765e-30
5.353342563e-31
1.53411293e-31
3.893360427e-32
7.438286861e-33
7.23116007e-34
2.18099111e-35
1.036306929e-11
4.588529592e-13
1.247001496e-14
3.341395244e-16
4.88050077e-17
2.412138868e-17
1.309655595e-17
6.850707474e-18
3.484118718e-18
1.775525389e-18
9.362268034e-19
5.249174786e-19
3.192434329e-19
2.123837595e-19
1.534990189e-19
1.182922326e-19
9.4715053e-20
7.689769466e-20
6.216632533e-20
4.951794918e-20
3.855067521e-20
2.917493972e-20
2.136644205e-20
1.511572152e-20
1.032581309e-20
6.823258856e-21
4.372785754e-21
2.727473287e-21
1.661938842e-21
9.93241169e-22
5.84586092e-22
3.402418049e-22
1.966994006e-22
1.135383895e-22
6.57996997e-23
3.842252794e-23
2.255849228e-23
1.31933476e-23
7.581037548e-24
4.217832125e-24
2.244094924e-24
1.132109837e-24
5.390511053e-25
2.419510843e-25
1.025789191e-25
4.127326428e-26
1.585759208e-26
5.855130775e-27
2.090139741e-27
7.251955266e-28
2.456268622e-28
8.147066192e-29
2.649087023e-29
8.419947404e-30
2.585482247e-30
7.433552537e-31
1.862153271e-31
3.431993529e-32
3.080819457e-33
8.893428722e-35
1.836765946e-10
1.126981037e-11
3.889285006e-13
1.056590232e-14
5.430183735e-16
1.535321137e-16
6.588899362e-17
3.100423951e-17
1.483653979e-17
7.163617503e-18
3.561042132e-18
1.878140973e-18
1.079729667e-18
6.870173227e-19
4.832385239e-19
3.691474174e-19
2.980155676e-19
2.47117544e-19
2.054965065e-19
1.684847371e-19
1.34618646e-19
1.041179188e-19
7.763902538e-20
5.580478791e-20
3.870990421e-20
2.598123929e-20
1.68977336e-20
1.066984636e-20
6.555694945e-21
3.932394055e-21
2.313333067e-21
1.342318991e-21
7.733576999e-22
4.454784609e-22
2.583079809e-22
1.514712026e-22
8.961011106e-23
5.287169872e-23
3.063267305e-23
1.715909385e-23
9.17120485e-24
4.637047939e-24
2.207473891e-24
9.883217663e-25
4.175712404e-25
1.677494164e-25
6.464471603e-26
2.408144248e-26
8.720582465e-27
3.08148781e-27
1.065031582e-27
3.604861652e-28
1.194331773e-28
3.855993158e-29
1.196659553e-29
3.450585804e-30
8.565640257e-31
1.541092419e-31
1.303016076e-32
3.670806114e-34
1.559083397e-08
1.164287183e-09
5.186501529e-11
1.333765112e-12
3.64018044e-14
3.101886905e-15
5.851796655e-16
1.604370737e-16
5.401270408e-17
2.095046845e-17
9.129082685e-18
4.441934881e-18
2.421929662e-18
1.487629267e-18
1.027421491e-18
7.853395904e-19
6.462557857e-19
5.55182375e-19
4.84729453e-19
4.214924916e-19
3.597186524e-19
2.981426364e-19
2.381536e-19
1.825453689e-19
1.339758176e-19
9.42108193e-20
6.353200937e-20
4.123603289e-20
2.588792626e-20
1.57961908e-20
9.404094725e-21
5.488793812e-21
3.160686631e-21
1.809515409e-21
1.037390398e-21
5.989768394e-22
3.488924337e-22
2.032589745e-22
1.166930992e-22
6.505344432e-23
3.474800094e-23
1.759559157e-23
8.392056108e-24
3.759293121e-24
1.58598357e-24
6.361217871e-25
2.455313992e-25
9.212166394e-26
3.380873628e-26
1.217057307e-26
4.299089592e-27
1.488580076e-27
5.038548126e-28
1.656202678e-28
5.204786315e-29
1.509817959e-29
3.74252781e-30
6.662601017e-31
5.455003119e-32
1.520138427e-33
5.578376177e-09
5.826955133e-10
4.74553649e-11
2.134554159e-12
6.086879616e-14
3.57361874e-15
5.724628e-16
1.634431456e-16
6.256329915e-17
2.766316596e-17
1.334178043e-17
6.925492419e-18
3.903397504e-18
2.431590925e-18
1.694804222e-18
1.314313403e-18
1.107350842e-18
9.826054254e-19
8.930971032e-19
8.144338529e-19
7.345937775e-19
6.489022213e-19
5.573129493e-19
4.626009322e-19
3.692715823e-19
2.822689123e-19
2.059170835e-19
1.432686535e-19
9.519891891e-20
6.064631918e-20
3.718256081e-20
2.210374341e-20
1.285795824e-20
7.38344682e-21
4.211692521e-21
2.393287382e-21
1.356895947e-21
7.662793651e-22
4.27147334e-22
2.324395045e-22
1.223566002e-22
6.177519398e-23
2.960984003e-23
1.335931295e-23
5.659052477e-24
2.273380328e-24
8.794042488e-25
3.314924795e-25
1.226921753e-25
4.474934847e-26
1.60879204e-26
5.687620769e-27
1.967694061e-27
6.600842761e-28
2.109170334e-28
6.188961386e-29
1.54479405e-29
2.757357211e-30
2.240660184e-31
6.307431483e-33
1.49245767e-09
2.056559157e-10
2.292638963e-11
1.846478552e-12
8.469717474e-14
3.687165179e-15
4.201386957e-16
1.172840879e-16
5.183838061e-17
2.708078619e-17
1.496958857e-17
8.5517253e-18
5.119607253e-18
3.308281828e-18
2.368383293e-18
1.887172875e-18
1.640702044e-18
1.508187998e-18
1.424003217e-18
1.352205953e-18
1.273498978e-18
1.17892217e-18
1.066175895e-18
9.376237008e-19
7.987418385e-19
6.568136932e-19
5.196554695e-19
3.941543314e-19
2.857280809e-19
1.974317572e-19
1.299228523e-19
8.167546551e-20
4.936768587e-20
2.894774584e-20
1.661716061e-20
9.400370165e-21
5.239859865e-21
2.873190748e-21
1.544160006e-21
8.106985633e-22
4.131109863e-22
2.036601191e-22
9.691511199e-23
4.420363088e-23
1.906285746e-23
7.750125538e-24
3.015962697e-24
1.14175366e-24
4.245369087e-25
1.557737833e-25
5.651020258e-26
2.024604842e-26
7.126564407e-27
2.437401505e-27
7.938681012e-28
2.371083228e-28
6.015902267e-29
1.093121908e-29
9.040541735e-31
2.631646447e-32
2.87844119e-09
5.52942003e-10
8.865067929e-11
1.176255629e-11
1.023049667e-12
5.300345077e-14
3.388105629e-15
5.202115453e-16
1.455154349e-16
5.58654238e-17
2.576516973e-17
1.3243573e-17
7.385035484e-18
4.537037214e-18
3.163788825e-18
2.524719383e-18
2.245706917e-18
2.134990217e-18
2.092308553e-18
2.063277861e-18
2.018130341e-18
1.941369928e-18
1.826920908e-18
1.675611732e-18
1.493477345e-18
1.290256449e-18
1.077822368e-18
8.68491745e-19
6.733533484e-19
5.010635707e-19
3.570518513e-19
2.431126241e-19
1.580604867e-19
9.830542666e-20
5.881454538e-20
3.405605781e-20
1.913162587e-20
1.04109447e-20
5.484694566e-21
2.800324319e-21
1.386792218e-21
6.648647311e-22
3.08492168e-22
1.388108187e-22
6.048956709e-23
2.52611819e-23
1.004511406e-23
3.834790052e-24
1.427150413e-24
5.233913016e-25
1.90082316e-25
6.8390138e-26
2.428053127e-26
8.415900034e-27
2.789235814e-27
8.505600898e-28
2.21295401e-28
4.15234681e-29
3.57371769e-30
1.096303317e-31
1.666942262e-07
2.341608604e-08
3.107269385e-09
3.83315676e-10
4.172166089e-11
2.926236974e-12
1.40453616e-13
1.003605258e-14
1.446083114e-15
3.097918156e-16
8.362853798e-17
2.790077435e-17
1.168863704e-17
6.144849383e-18
4.025626806e-18
3.209512462e-18
2.941405365e-18
2.90767439e-18
2.961770503e-18
3.027460762e-18
3.062073024e-18
3.04143002e-18
2.953696038e-18
2.796663339e-18
2.57611066e-18
2.304217681e-18
1.997723297e-18
1.675750491e-18
1.357471067e-18
1.059904293e-18
7.961386297e-19
5.74262349e-19
3.971287367e-19
2.630264472e-19
1.668232993e-19
1.01441444e-19
5.920751088e-20
3.317431352e-20
1.783006654e-20
9.16593757e-21
4.516767717e-21
2.142221439e-21
9.807457054e-22
4.344135168e-22
1.869357227e-22
7.837603612e-23
3.186974649e-23
1.248016527e-23
4.703570535e-24
1.723265458e-24
6.220033729e-25
2.228207754e-25
7.909383482e-26
2.754677825e-26
9.228984408e-27
2.867005985e-27
7.681043094e-28
1.506397207e-28
1.377522513e-29
4.545420562e-31
7.142570732e-08
1.320216321e-08
2.184745241e-09
3.31446898e-10
4.507013912e-11
5.19166036e-12
3.895106126e-13
2.296010425e-14
2.130170081e-15
3.717995104e-16
9.572677991e-17
3.146530623e-17
1.283232935e-17
6.731470248e-18
4.577674538e-18
3.910660178e-18
3.825730111e-18
3.980732204e-18
4.215206413e-18
4.44236515e-18
4.609803825e-18
4.684903937e-18
4.649436835e-18
4.497507255e-18
4.234309538e-18
3.874782081e-18
3.441690956e-18
2.963006019e-18
2.468795551e-18
1.987825138e-18
1.54440036e-18
1.156067094e-18
8.325762804e-19
5.761917545e-19
3.828416049e-19
2.440276529e-19
1.490943557e-19
8.718499512e-20
4.869754662e-20
2.596293639e-20
1.319822776e-20
6.407029127e-21
2.974210302e-21
1.322292648e-21
5.672050912e-22
2.362124393e-22
9.580587211e-23
3.796723124e-23
1.464856153e-23
5.472234446e-24
1.984193952e-24
7.052026176e-25
2.475980705e-25
8.565543672e-26
2.871591986e-26
9.018899322e-27
2.485561607e-27
5.159222207e-28
5.153425673e-29
1.882083378e-30
1.918898695e-08
4.650764888e-09
9.550625196e-10
1.757247042e-10
2.920183689e-11
4.270162227e-12
5.16319452e-13
4.078350198e-14
2.672941328e-15
2.807932561e-16
5.928494357e-17
2.0125261e-17
9.540137008e-18
6.137162478e-18
5.097386463e-18
5.027308503e-18
5.350265172e-18
5.822902336e-18
6.313947625e-18
6.743006224e-18
7.057043581e-18
7.221200136e-18
7.215698143e-18
7.034598381e-18
6.684979574e-18
6.18557584e-18
5.56550011e-18
4.862215058e-18
4.118553293e-18
3.377675844e-18
2.677987209e-18
2.050061793e-18
1.513981043e-18
1.077827075e-18
7.392257255e-19
4.880317606e-19
3.097985512e-19
1.888063463e-19
1.102284838e-19
6.14827843e-20
3.267381389e-20
1.650220047e-20
7.926772544e-21
3.629733839e-21
1.591557379e-21
6.711080829e-22
2.732832589e-22
1.08070353e-22
4.177551566e-23
1.581129158e-23
5.841655824e-24
2.09919565e-24
7.347089695e-25
2.511458451e-25
8.336558959e-26
2.623926684e-26
7.412383596e-27
1.646495783e-27
1.876435382e-28
7.802748484e-30
4.930540316e-09
1.488116508e-09
3.730246665e-10
8.183058065e-11
1.623785697e-11
2.906449963e-12
4.572023627e-13
6.012403598e-14
5.297024523e-15
3.680813121e-16
4.078635737e-17
1.21896739e-17
7.620541418e-18
6.712877758e-18
6.895046811e-18
7.517117869e-18
8.290368736e-18
9.059631473e-18
9.732626109e-18
1.025155716e-17
1.057989423e-17
1.069611883e-17
1.059132575e-17
1.026808293e-17
9.739633695e-18
9.02936566e-18
8.169673131e-18
7.200738297e-18
6.16885241e-18
5.126159512e-18
4.124617358e-18
3.207496002e-18
2.407403927e-18
1.743831644e-18
1.219378775e-18
8.229334107e-19
5.361257568e-19
3.369681797e-19
2.039633685e-19
1.185744226e-19
6.599661679e-20
3.504429649e-20
1.769713297e-20
8.483484377e-21
3.859130237e-21
1.671912372e-21
6.941388855e-22
2.779482323e-22
1.079661356e-22
4.091459255e-23
1.518930633e-23
5.516257883e-24
1.951238204e-24
6.711695861e-25
2.235115538e-25
7.086107146e-26
2.049708805e-26
4.874813104e-27
6.601130567e-28
3.199583916e-29
1.868448587e-08
5.191006204e-09
1.259409652e-09
2.745062943e-10
5.466951816e-11
1.031919918e-11
1.89938339e-12
3.435787464e-13
5.677511174e-14
6.257395094e-15
4.458434638e-16
4.167568839e-17
1.32909134e-17
1.050981748e-17
1.064577006e-17
1.140812427e-17
1.227116977e-17
1.303497597e-17
1.3613228e-17
1.396947519e-17
1.409090838e-17
1.397701885e-17
1.363498062e-17
1.307796788e-17
1.232467761e-17
1.139938069e-17
1.033205685e-17
9.158486543e-18
7.920123097e-18
6.664317544e-18
5.442156876e-18
4.302694572e-18
3.287295993e-18
2.422985508e-18
1.722447017e-18
1.18198146e-18
7.838057865e-19
5.027383672e-19
3.118392457e-19
1.869177639e-19
1.080094848e-19
5.993372174e-20
3.180021656e-20
1.60726744e-20
7.714814316e-21
3.510907887e-21
1.515940563e-21
6.23068452e-22
2.454812498e-22
9.355131771e-23
3.476488686e-23
1.266969788e-23
4.530142648e-24
1.582539796e-24
5.359648363e-25
1.733551522e-25
5.176928401e-26
1.312087747e-26
2.116509762e-27
1.214774881e-28
7.446218782e-07
1.531727699e-07
3.003772738e-08
5.606148154e-09
9.959411693e-10
1.700659442e-10
2.882938644e-11
4.966270708e-12
8.570939725e-13
1.353555872e-13
1.504742889e-14
1.057330123e-15
9.082934825e-17
2.339280325e-17
1.586768294e-17
1.496802746e-17
1.520930751e-17
1.5584094e-17
1.583287634e-17
1.588412046e-17
1.572386076e-17
1.535780319e-17
1.479919401e-17
1.406488176e-17
1.317425326e-17
1.214917885e-17
1.101441595e-17
9.798228988e-18
8.533256241e-18
7.256444472e-18
6.007626609e-18
4.827992521e-18
3.756608673e-18
2.824342857e-18
2.049445803e-18
1.436171868e-18
9.726977581e-19
6.368972346e-19
4.034319747e-19
2.473547277e-19
1.467172754e-19
8.411945724e-20
4.64658767e-20
2.459962505e-20
1.242363899e-20
5.96382225e-21
2.71431893e-21
1.170270786e-21
4.78874029e-22
1.870319925e-22
7.035575618e-23
2.576923287e-23
9.264833347e-24
3.273472312e-24
1.129443298e-24
3.75111704e-25
1.164313073e-25
3.150623249e-26
5.930160647e-27
4.141594739e-28
8.123722595e-07
2.05384329e-07
4.853856229e-08
1.082867302e-08
2.287904069e-09
4.582731129e-10
8.791667963e-11
1.626931842e-11
2.911200657e-12
5.002684645e-13
7.972506019e-14
9.573619981e-15
7.845538341e-16
8.668901397e-17
2.526697852e-17
1.707943269e-17
1.565984942e-17
1.539358044e-17
1.527862123e-17
1.508175064e-17
1.474449537e-17
1.425795449e-17
1.362884533e-17
1.287010537e-17
1.199801794e-17
1.103001423e-17
9.985626524e-18
8.887024864e-18
7.75950847e-18
6.631530751e-18
5.533855565e-18
4.497726366e-18
3.552331142e-18
2.721174379e-18
2.018860184e-18
1.449773099e-18
1.00774342e-18
6.779389292e-19
4.415987436e-19
2.783484668e-19
1.696998713e-19
9.99826774e-20
5.690442355e-20
3.124501471e-20
1.646786968e-20
8.285319681e-21
3.96349241e-21
1.797765022e-21
7.722319803e-22
3.145944717e-22
1.221850921e-22
4.567042168e-23
1.661498186e-23
5.931494225e-24
2.078657054e-24
7.079013874e-25
2.284427543e-25
6.579296284e-26
1.402394954e-26
1.196362106e-27
3.248238786e-07
1.079319297e-07
3.154387154e-08
8.427284896e-09
2.089897521e-09
4.842101974e-10
1.052367627e-10
2.171999544e-11
4.283713661e-12
8.17345668e-13
1.511812846e-13
2.557037806e-14
2.987019027e-15
2.667706871e-16
4.184534846e-17
1.814037984e-17
1.428787152e-17
1.331262881e-17
1.28691863e-17
1.249371558e-17
1.206902553e-17
1.156330063e-17
1.097133641e-17
1.029788334e-17
9.551619158e-18
8.742260814e-18
7.885742086e-18
6.997503621e-18
6.096461278e-18
5.204648182e-18
4.346780421e-18
3.545621722e-18
2.820847822e-18
2.186753778e-18
1.65050955e-18
1.21213837e-18
8.655714835e-19
6.003980466e-19
4.041017192e-19
2.635339815e-19
1.662828944e-19
1.014030657e-19
5.966203349e-20
3.381678582e-20
1.845538086e-20
9.663500258e-21
4.830010414e-21
2.295532438e-21
1.034608963e-21
4.417542875e-22
1.790221564e-22
6.926615514e-23
2.583856528e-23
9.39311459e-24
3.349094752e-24
1.167296184e-24
3.902902631e-25
1.187233111e-25
2.785013907e-26
2.813298544e-27
1.224498462e-07
4.713710257e-08
1.588152888e-08
4.847080604e-09
1.362049595e-09
3.55141693e-10
8.612244431e-11
1.964727728e-11
4.266966322e-12
8.980167417e-13
1.858692315e-13
3.674624467e-14
6.10732616e-15
6.5769919e-16
6.963033447e-17
1.86616283e-17
1.232894765e-17
1.082862856e-17
1.012833968e-17
9.603765907e-18
9.108905053e-18
8.598172475e-18
8.056203373e-18
7.479635793e-18
6.870858708e-18
6.235195933e-18
5.580404437e-18
4.916762721e-18
4.257012916e-18
3.615189719e-18
3.00539353e-18
2.445180007e-18
1.946059475e-18
1.515429513e-18
1.155301107e-18
8.623214891e-19
6.29461564e-19
4.486235202e-19
3.11559735e-19
2.103510371e-19
1.377118113e-19
8.723471918e-20
5.334656394e-20
3.140778049e-20
1.776698854e-20
9.651842995e-21
5.022810092e-21
2.492952538e-21
1.17588618e-21
5.260305921e-22
2.231599207e-22
9.005632634e-23
3.481390185e-23
1.301972141e-23
4.751842249e-24
1.696023464e-24
5.851145302e-25
1.863509995e-25
4.710766882e-26
5.388558166e-27
5.057923166e-08
2.05794814e-08
7.508929669e-09
2.506638777e-09
7.732008578e-10
2.21607385e-10
5.915532205e-11
1.478609218e-11
3.520174485e-12
8.117482545e-13
1.84836038e-13
4.112452444e-14
8.269082375e-15
1.188905907e-15
1.196476473e-16
2.054324931e-17
1.079728715e-17
8.910585617e-18
8.008038051e-18
7.336894935e-18
6.754176075e-18
6.213720163e-18
5.694288425e-18
5.184967663e-18
4.680989556e-18
4.181432625e-18
3.687530757e-18
3.204342951e-18
2.739354535e-18
2.300144097e-18
1.894702392e-18
1.530663666e-18
1.213574533e-18
9.454802891e-19
7.241135263e-19
5.458927653e-19
4.046262145e-19
2.942732164e-19
2.09531642e-19
1.456798099e-19
9.855172895e-20
6.466023702e-20
4.102744515e-20
2.510008769e-20
1.476379579e-20
8.335796333e-21
4.514082221e-21
2.337858925e-21
1.153320565e-21
5.404048717e-22
2.402568616e-22
1.014965418e-22
4.09340187e-23
1.588081224e-23
5.975109002e-24
2.189654977e-24
7.767213822e-25
2.56763874e-25
6.897840894e-26
8.548358406e-27
2.47971386e-08
1.216994424e-08
4.603720841e-09
1.632509166e-09
5.442629128e-10
1.708127699e-10
5.041606647e-11
1.394722658e-11
3.639123684e-12
9.017590505e-13
2.147641215e-13
4.966781945e-14
1.09235241e-14
2.083052265e-15
2.690001779e-16
3.306840788e-17
1.145846138e-17
8.25955295e-18
6.91542706e-18
5.991238752e-18
5.258885427e-18
4.644058602e-18
4.108065318e-18
3.626985609e-18
3.186042717e-18
2.776677545e-18
2.394592462e-18
2.038477835e-18
1.709140282e-18
1.409493429e-18
1.142449912e-18
9.102069948e-19
7.138805518e-19
5.524915646e-19
4.228152102e-19
3.202344202e-19
2.398009312e-19
1.771109201e-19
1.284910483e-19
9.13935981e-20
6.344721966e-20
4.283321236e-20
2.803640981e-20
1.773143796e-20
1.080138482e-20
6.323389801e-21
3.553872276e-21
1.915297087e-21
9.866553366e-22
4.840552879e-22
2.257177264e-22
1.000620107e-22
4.228279627e-23
1.711677752e-23
6.677950973e-24
2.520935442e-24
9.175514358e-25
3.123952451e-25
8.823350625e-26
1.141693717e-26
2.923993537e-08
5.700574716e-08
1.911666053e-08
6.278253248e-09
2.010300598e-09
6.236143898e-10
1.857696824e-10
5.248714408e-11
1.384473566e-11
3.394282107e-12
7.683398505e-13
1.624822734e-13
3.31311948e-14
6.553971607e-15
1.09180191e-15
1.304229271e-16
2.366009649e-17
1.0757106e-17
7.346714095e-18
5.66780693e-18
4.586233947e-18
3.800460552e-18
3.190943033e-18
2.696366811e-18
2.280995872e-18
1.923081338e-18
1.609518574e-18
1.332793513e-18
1.088972337e-18
8.76528578e-19
6.947158417e-19
5.422833299e-19
4.174843361e-19
3.180033551e-19
2.405100409e-19
1.810233464e-19
1.355957303e-19
1.008573562e-19
7.419734832e-20
5.373538294e-20
3.811884529e-20
2.635768862e-20
1.769985659e-20
1.151152563e-20
7.217242016e-21
4.351700513e-21
2.522257181e-21
1.404791508e-21
7.508500459e-22
3.839496469e-22
1.872298994e-22
8.695625319e-23
3.849944582e-23
1.629112203e-23
6.609712791e-24
2.576162625e-24
9.611077659e-25
3.348458684e-25
9.82319827e-26
1.293932403e-26
1.136042512e-07
3.517701893e-07
1.113288721e-07
3.467842775e-08
1.060439768e-08
3.166527448e-09
9.169736556e-10
2.55087625e-10
6.726889431e-11
1.664552157e-11
3.852426349e-12
8.364476119e-13
1.746460675e-13
3.610852689e-14
7.13469343e-15
1.057768031e-15
1.264880202e-16
2.644795407e-17
1.09655341e-17
6.580914488e-18
4.63331002e-18
3.504740882e-18
2.749875209e-18
2.200819999e-18
1.778895984e-18
1.442008506e-18
1.165891572e-18
9.359877483e-19
7.432251051e-19
5.817546227e-19
4.484034208e-19
3.406922588e-19
2.556053722e-19
1.89907621e-19
1.403201192e-19
1.035438199e-19
7.647362366e-20
5.649020293e-20
4.159253972e-20
3.036430809e-20
2.184867147e-20
1.540649651e-20
1.059083634e-20
7.0638739e-21
4.549138865e-21
2.815127791e-21
1.674575151e-21
9.567964158e-22
5.252961008e-22
2.771119417e-22
1.401965291e-22
6.777499281e-23
3.125146797e-23
1.374992058e-23
5.777504695e-24
2.317051973e-24
8.822303986e-25
3.11811738e-25
9.324855078e-26
1.226218401e-26
2.381689872e-07
7.242546951e-07
2.404667419e-07
7.822126536e-08
2.489309017e-08
7.722337345e-09
2.324902138e-09
6.751001017e-10
1.875335762e-10
4.930990524e-11
1.228019724e-11
2.910090295e-12
6.657627812e-13
1.497495763e-13
3.263371547e-14
6.308697673e-15
8.558262422e-16
1.076724855e-16
2.374777777e-17
9.499873941e-18
5.3934113e-18
3.616760783e-18
2.623954332e-18
1.981492059e-18
1.528129285e-18
1.190228135e-18
9.291907615e-19
7.228625184e-19
5.577394287e-19
4.251461114e-19
3.192146707e-19
2.358788043e-19
1.717898001e-19
1.236949234e-19
8.845749812e-20
6.31644501e-20
4.525180007e-20
3.26036108e-20
2.360061258e-20
1.709251273e-20
1.230924838e-20
8.754109954e-21
6.106954395e-21
4.153097901e-21
2.737617581e-21
1.740702951e-21
1.063842336e-21
6.234151362e-22
3.50144163e-22
1.886499596e-22
9.780076473e-23
4.86339063e-23
2.310716189e-23
1.046373111e-23
4.509967512e-24
1.8435442e-24
7.088369516e-25
2.503504784e-25
7.421389602e-26
9.308302556e-27
3.048265166e-07
8.48729685e-07
3.054320192e-07
1.066834724e-07
3.625982264e-08
1.197548701e-08
3.83225023e-09
1.18400308e-09
3.515137315e-10
9.972792277e-11
2.689619718e-11
6.973249661e-12
1.751669386e-12
4.297969363e-13
1.019102724e-13
2.212970863e-14
3.816004759e-15
4.554315869e-16
6.363036783e-17
1.640477527e-17
7.133466646e-18
4.131325772e-18
2.743767577e-18
1.949774941e-18
1.435445721e-18
1.076417379e-18
8.136464991e-19
6.153817511e-19
4.630132128e-19
3.449175303e-19
2.533758576e-19
1.830514868e-19
1.300159801e-19
9.093583276e-20
6.28476251e-20
4.315670911e-20
2.963600434e-20
2.046977381e-20
1.426723828e-20
1.003040978e-20
7.084145703e-21
4.993141919e-21
3.485033977e-21
2.390055836e-21
1.599028724e-21
1.037084488e-21
6.488332159e-22
3.900149616e-22
2.246686628e-22
1.239512596e-22
6.552226351e-23
3.317358568e-23
1.60549579e-23
7.40112764e-24
3.235055526e-24
1.332528734e-24
5.108987544e-25
1.771684695e-25
5.023384383e-26
5.472203037e-27
3.236940635e-07
8.329067563e-07
3.193952124e-07
1.18662313e-07
4.280413956e-08
1.498848312e-08
5.086683577e-09
1.669422881e-09
5.28378575e-10
1.607855211e-10
4.68969335e-11
1.315274264e-11
3.581468254e-12
9.491845112e-13
2.427562239e-13
5.815724084e-14
1.231116877e-14
1.901791404e-15
2.240953147e-16
3.752975053e-17
1.13953211e-17
5.336736226e-18
3.144913397e-18
2.075304844e-18
1.452287218e-18
1.048772846e-18
7.69595354e-19
5.681372698e-19
4.188700505e-19
3.066244019e-19
2.217819973e-19
1.578549536e-19
1.102877685e-19
7.562194186e-20
5.095931037e-20
3.386172173e-20
2.231316378e-20
1.468205981e-20
9.712322188e-21
6.48981291e-21
4.3857313e-21
2.988906842e-21
2.041416875e-21
1.38593541e-21
9.272099955e-22
6.062834514e-22
3.847261297e-22
2.356517649e-22
1.387748814e-22
7.830468287e-23
4.224032146e-23
2.174723564e-23
1.066860372e-23
4.974805248e-24
2.192738366e-24
9.04603979e-25
3.435839395e-25
1.157767278e-25
3.017455457e-26
2.796565763e-27
3.206805381e-07
7.709714643e-07
3.08676361e-07
1.200337682e-07
4.537070879e-08
1.667438672e-08
5.950303302e-09
2.058311412e-09
6.891033834e-10
2.229240568e-10
6.958486731e-11
2.092198413e-11
6.109832168e-12
1.734594928e-12
4.749711719e-13
1.22947461e-13
2.912355368e-14
5.964976512e-15
8.745051998e-16
1.121574542e-16
2.241620953e-17
7.789776065e-18
3.88449968e-18
2.336876949e-18
1.545619493e-18
1.074735803e-18
7.67483619e-19
5.550987151e-19
4.028536875e-19
2.913051542e-19
2.086847553e-19
1.473791692e-19
1.021960643e-19
6.942724141e-20
4.619113222e-20
3.012263621e-20
1.930901462e-20
1.222869776e-20
7.702495764e-21
4.859822402e-21
3.090480862e-21
1.987699517e-21
1.292328009e-21
8.454483212e-22
5.522812064e-22
3.569582141e-22
2.261659329e-22
1.393905986e-22
8.305726395e-23
4.759281212e-23
2.610450573e-23
1.364823642e-23
6.774914485e-24
3.179017959e-24
1.401751025e-24
5.742843214e-25
2.141795149e-25
6.854988179e-26
1.519730343e-26
1.27696284e-27
2.996446163e-07
6.612142538e-07
2.756115599e-07
1.117386259e-07
4.409270167e-08
1.693339518e-08
6.325200737e-09
2.295848388e-09
8.090026134e-10
2.765139959e-10
9.159746748e-11
2.936679012e-11
9.117509317e-12
2.751241046e-12
8.008617177e-13
2.214604532e-13
5.68463253e-14
1.309269971e-14
2.475988845e-15
3.317908422e-16
4.781774311e-17
1.19237065e-17
4.916017707e-18
2.685914532e-18
1.683702216e-18
1.13159366e-18
7.892617498e-19
5.612362544e-19
4.023495955e-19
2.884726678e-19
2.055268895e-19
1.447236002e-19
1.002261999e-19
6.801330588e-20
4.513492063e-20
2.926784608e-20
1.855152718e-20
1.151769972e-20
7.032542691e-21
4.246848908e-21
2.55350438e-21
1.539109932e-21
9.35002149e-22
5.738478992e-22
3.551926105e-22
2.204170957e-22
1.359463045e-22
8.256560363e-23
4.89443599e-23
2.809227473e-23
1.549110712e-23
8.150605445e-24
4.065529024e-24
1.908223177e-24
8.344028685e-25
3.350058465e-25
1.190890713e-25
3.421316037e-26
6.016280103e-27
5.099749664e-28
2.543588977e-07
4.766469789e-07
2.112221826e-07
9.053703053e-08
3.765242991e-08
1.521133605e-08
5.977400131e-09
2.284275285e-09
8.486252228e-10
3.064297862e-10
1.074971021e-10
3.65953265e-11
1.205199441e-11
3.848309134e-12
1.185347769e-12
3.479609244e-13
9.570661827e-14
2.418829427e-14
5.424088255e-15
9.15046305e-16
1.181765385e-16
2.105706078e-17
6.713655186e-18
3.205891548e-18
1.877720867e-18
1.214000559e-18
8.26212717e-19
5.779884407e-19
4.099213922e-19
2.919909979e-19
2.07398237e-19
1.460167907e-19
1.013520346e-19
6.903502088e-20
4.599506567e-20
2.991342234e-20
1.896644105e-20
1.172187471e-20
7.07084602e-21
4.175206463e-21
2.42359979e-21
1.390527334e-21
7.935153892e-22
4.532134445e-22
2.603074664e-22
1.506056039e-22
8.755250417e-23
5.081064225e-23
2.917396819e-23
1.640345739e-23
8.929711182e-24
4.656395781e-24
2.301947183e-24
1.066386805e-24
4.563402243e-25
1.749134747e-25
5.675359759e-26
1.370631534e-26
2.151326828e-27
1.912988944e-28
2.065630132e-07
2.740927932e-07
1.332973077e-07
6.180021315e-08
2.755194726e-08
1.186272858e-08
4.9470818e-09
2.002080212e-09
7.870914611e-10
3.007419719e-10
1.116736672e-10
4.025773145e-11
1.404864377e-11
4.731790608e-12
1.536785046e-12
4.767233934e-13
1.395107937e-13
3.800279466e-14
9.501601613e-15
2.089432503e-15
3.358272399e-16
4.768415124e-17
1.064383849e-17
4.059739271e-18
2.131064926e-18
1.307089835e-18
8.653745437e-19
5.961170268e-19
4.191343959e-19
2.973018455e-19
2.110026827e-19
1.488589852e-19
1.037979258e-19
7.11685358e-20
4.778190011e-20
3.13156085e-20
1.998741614e-20
1.240717888e-20
7.48819159e-21
4.396752271e-21
2.515500331e-21
1.406053017e-21
7.707013016e-22
4.162866652e-22
2.228713888e-22
1.189849925e-22
6.363943143e-23
3.415175383e-23
1.833592679e-23
9.768888695e-24
5.10153972e-24
2.574701236e-24
1.236339203e-24
5.549963462e-25
2.256296063e-25
7.910645417e-26
2.218543827e-26
4.797581566e-27
7.194535566e-28
6.974773974e-29
2.001639478e-07
1.497885487e-07
7.822548889e-08
3.879833125e-08
1.843308237e-08
8.432127706e-09
3.727239043e-09
1.597095882e-09
6.641009517e-10
2.681168102e-10
1.051172584e-10
3.998622541e-11
1.472301246e-11
5.221608525e-12
1.78256707e-12
5.824552512e-13
1.805174814e-13
5.256268944e-14
1.424303827e-14
3.518277967e-15
7.233677047e-16
1.071300132e-16
1.753654044e-17
5.077474247e-18
2.34385895e-18
1.366368235e-18
8.858185612e-19
6.047489327e-19
4.238100327e-19
3.006393316e-19
2.139115806e-19
1.516144296e-19
1.064231906e-19
7.358607661e-20
4.987902214e-20
3.302215738e-20
2.129308816e-20
1.334237919e-20
8.112448963e-21
4.782577452e-21
2.733353836e-21
1.515077023e-21
8.153016435e-22
4.267026447e-22
2.178331196e-22
1.089426473e-22
5.36887609e-23
2.623522657e-23
1.277097141e-23
6.197814044e-24
2.982129837e-24
1.404447831e-24
6.348422272e-25
2.657942257e-25
9.782170973e-26
2.988316809e-26
7.701047518e-27
1.58606501e-27
2.319352959e-28
2.5127637e-29
2.617883956e-07
1.301290324e-07
6.32080871e-08
3.037318522e-08
1.434528075e-08
6.633161503e-09
2.995041037e-09
1.31915331e-09
5.667746786e-10
2.373541837e-10
9.677251699e-11
3.835197732e-11
1.473561308e-11
5.465234017e-12
1.94864561e-12
6.671267803e-13
2.178322875e-13
6.736722666e-14
1.959381177e-14
5.302415852e-15
1.283622397e-15
2.328201462e-16
3.337899355e-17
7.003875968e-18
2.644515301e-18
1.419357924e-18
8.932630847e-19
6.038161883e-19
4.224249342e-19
3.003530873e-19
2.14737805e-19
1.532171638e-19
1.084400159e-19
7.571915074e-20
5.189971181e-20
3.47737079e-20
2.270034605e-20
1.439721741e-20
8.851519194e-21
5.266672526e-21
3.029037329e-21
1.682302786e-21
9.015222061e-22
4.658340103e-22
2.320442267e-22
1.11514717e-22
5.178149373e-23
2.330314822e-23
1.021878817e-23
4.396332843e-24
1.865461297e-24
7.794618917e-25
3.130604262e-25
1.148159508e-25
3.655169745e-26
1.042377175e-26
2.560228539e-27
5.100755797e-28
7.334455735e-29
9.02426191e-30
3.50983146e-07
1.594364083e-07
7.253930232e-08
3.297912142e-08
1.492825777e-08
6.702704784e-09
2.974875527e-09
1.301468309e-09
5.601354985e-10
2.366136162e-10
9.787379073e-11
3.954780902e-11
1.556293136e-11
5.94060405e-12
2.18716089e-12
7.763134613e-13
2.644916613e-13
8.600533371e-14
2.653040306e-14
7.697206976e-15
2.062655133e-15
4.803340006e-16
8.126728571e-17
1.2907517e-17
3.448996325e-18
1.549162147e-18
9.087228837e-19
5.991500516e-19
4.164061656e-19
2.964958257e-19
2.131362083e-19
1.532693977e-19
1.095164414e-19
7.731665598e-20
5.365140491e-20
3.642339989e-20
2.410228237e-20
1.549684558e-20
9.65422599e-21
5.814289944e-21
3.378686702e-21
1.8909548e-21
1.01728419e-21
5.249348595e-22
2.59275545e-22
1.222237616e-22
5.480245584e-23
2.330685563e-23
9.389075479e-24
3.588461486e-24
1.309087281e-24
4.566059941e-25
1.498422435e-25
4.502375336e-26
1.310791909e-26
3.538210736e-27
8.374776755e-28
1.622151534e-28
2.305451636e-29
3.252377457e-30
2.820982581e-07
1.391963104e-07
6.70445882e-08
3.167928897e-08
1.472113695e-08
6.733680079e-09
3.032020846e-09
1.342756934e-09
5.845146948e-10
2.500977934e-10
1.049856553e-10
4.31381341e-11
1.730764083e-11
6.758632882e-12
2.55734077e-12
9.350198292e-13
3.300008192e-13
1.118954466e-13
3.625282165e-14
1.113696313e-14
3.198572244e-15
8.295592676e-16
1.726255912e-16
2.64534904e-17
4.999069707e-18
1.743044791e-18
9.22768141e-19
5.881042311e-19
4.052188233e-19
2.890062617e-19
2.090791024e-19
1.516994462e-19
1.09549365e-19
7.826601006e-20
5.502661666e-20
3.788533821e-20
2.543649678e-20
1.659710124e-20
1.049132828e-20
6.407058296e-21
3.771029907e-21
2.133999882e-21
1.157970212e-21
6.008440626e-22
2.970360231e-22
1.391534163e-22
6.135562134e-23
2.52542855e-23
9.610402094e-24
3.347573427e-24
1.054467958e-24
2.946488974e-25
7.120149212e-26
1.769991974e-26
4.65881096e-27
1.195871825e-27
2.737931543e-28
5.160421042e-29
7.284834148e-30
1.182620672e-30
1.647539406e-07
9.116454769e-08
4.809716167e-08
2.446905369e-08
1.208475786e-08
5.817252437e-09
2.735936245e-09
1.258927063e-09
5.669723179e-10
2.499827161e-10
1.07930939e-10
4.557947141e-11
1.879358098e-11
7.549165068e-12
2.945131979e-12
1.111434773e-12
4.063039293e-13
1.433441928e-13
4.857944716e-14
1.571086228e-14
4.794907225e-15
1.352825139e-15
3.351518242e-16
6.132450809e-17
9.500408619e-18
2.323083777e-18
1.003803287e-18
5.901431222e-19
3.956972339e-19
2.805327812e-19
2.036216985e-19
1.489091026e-19
1.086647767e-19
7.858228837e-20
5.599665256e-20
3.911757057e-20
2.666514048e-20
1.766984702e-20
1.134458394e-20
7.034647849e-21
4.201063433e-21
2.409387554e-21
1.323038774e-21
6.933431684e-22
3.451200447e-22
1.620540975e-22
7.114456667e-23
2.885396076e-23
1.06397707e-23
3.485060407e-24
9.715451747e-25
2.132463764e-25
3.807000887e-26
7.299297295e-27
1.686390258e-27
4.088117645e-28
9.031309082e-29
1.655241223e-29
2.333909113e-30
4.352044158e-31
1.206510849e-07
6.575666487e-08
3.517397971e-08
1.839691558e-08
9.399446427e-09
4.691833395e-09
2.289061217e-09
1.092047181e-09
5.094627291e-10
2.324078239e-10
1.03694582e-10
4.522171193e-11
1.925116711e-11
7.98663061e-12
3.221747974e-12
1.259500704e-12
4.773807269e-13
1.751514405e-13
6.197480903e-14
2.103366084e-14
6.787065744e-15
2.050367849e-15
5.643142197e-16
1.319507444e-16
2.26297267e-17
3.997378932e-18
1.238029423e-18
6.210478072e-19
3.922217193e-19
2.727393185e-19
1.975085668e-19
1.45239476e-19
1.070048736e-19
7.830789789e-20
5.65565495e-20
4.009339166e-20
2.776072585e-20
1.869423131e-20
1.219963279e-20
7.689372975e-21
4.666089743e-21
2.717418219e-21
1.513989852e-21
8.040177196e-22
4.04820289e-22
1.918134111e-22
8.46810188e-23
3.43626415e-23
1.256701521e-23
3.991031222e-24
1.021357203e-24
1.809844254e-25
2.504657216e-26
3.455786354e-27
6.454836047e-28
1.433984459e-28
3.033612378e-29
5.398770526e-30
7.63151773e-31
1.622371924e-31
8.023513826e-08
4.516468741e-08
2.484870097e-08
1.336757339e-08
7.032692894e-09
3.618854818e-09
1.821622989e-09
8.970783891e-10
4.322040553e-10
2.036060692e-10
9.376358921e-11
4.222203102e-11
1.85681061e-11
7.961859205e-12
3.322899766e-12
1.346394166e-12
5.292129369e-13
2.018044189e-13
7.443714742e-14
2.64439499e-14
8.985242417e-15
2.886393678e-15
8.595521409e-16
2.276131785e-16
4.639186018e-17
7.367304373e-18
1.640720454e-18
6.684289582e-19
3.894006664e-19
2.639572842e-19
1.903091468e-19
1.406129463e-19
1.045639003e-19
7.743528921e-20
5.668952241e-20
4.078814829e-20
2.869480226e-20
1.964714073e-20
1.30414995e-20
8.363214446e-21
5.163488476e-21
3.058892335e-21
1.733132117e-21
9.355224496e-22
4.784789963e-22
2.302004711e-22
1.031912369e-22
4.254994978e-23
1.576208119e-23
5.018873749e-24
1.253930201e-24
2.055200194e-25
2.411235273e-26
2.351125064e-27
2.956471254e-28
5.362782826e-29
1.053417582e-29
1.812538558e-30
2.566917397e-31
6.128292485e-32
5.065898568e-08
2.952416676e-08
1.677813786e-08
9.308992957e-09
5.047210852e-09
2.67586823e-09
1.387765996e-09
7.042159433e-10
3.496756275e-10
1.698793435e-10
8.068796298e-11
3.745151615e-11
1.698890413e-11
7.522178509e-12
3.245246686e-12
1.361467228e-12
5.545018973e-13
2.194942381e-13
8.42469942e-14
3.12465468e-14
1.113778849e-14
3.781686017e-15
1.205348807e-15
3.520144384e-16
8.880345259e-17
1.651065294e-17
2.842647847e-18
8.233898814e-19
4.049224408e-19
2.58316327e-19
1.831266224e-19
1.353516207e-19
1.014377599e-19
7.598467919e-20
5.638575792e-20
4.118093543e-20
2.944188294e-20
2.050612595e-20
1.385455113e-20
9.04696527e-21
5.689845627e-21
3.434575821e-21
1.983335086e-21
1.091461862e-21
5.695670366e-22
2.801233279e-22
1.288830013e-22
5.471530584e-23
2.09263298e-23
6.910441611e-24
1.801830002e-24
3.050692403e-25
3.57600155e-26
3.009162478e-27
2.438094823e-28
2.659573946e-29
4.063082058e-30
6.426070441e-31
8.990599425e-32
2.350313486e-32
3.057676133e-08
1.844438471e-08
1.083417798e-08
6.205722247e-09
3.470244642e-09
1.896256685e-09
1.013178598e-09
5.295606391e-10
2.708221747e-10
1.355165289e-10
6.633128683e-11
3.174118167e-11
1.484215375e-11
6.777921622e-12
3.019126547e-12
1.309567452e-12
5.519651215e-13
2.264572426e-13
9.027118942e-14
3.486681115e-14
1.2993002e-14
4.639286799e-15
1.569726031e-15
4.942629171e-16
1.401181369e-16
3.26070303e-17
5.684891221e-18
1.173606295e-18
4.447287376e-19
2.560737977e-19
1.760158397e-19
1.295134636e-19
9.765681774e-20
7.395890166e-20
5.563269233e-20
4.125269751e-20
2.998052577e-20
2.124883577e-20
1.462194303e-20
9.730882024e-21
6.241071499e-21
3.844822929e-21
2.267845131e-21
1.276419586e-21
6.82918193e-22
3.459795355e-22
1.646951859e-22
7.269945015e-23
2.913763209e-23
1.019337917e-23
2.850122771e-24
5.262166966e-25
6.966121385e-26
6.539493806e-27
5.051728183e-28
3.704840094e-29
3.142925623e-30
3.250436976e-31
3.728036844e-32
9.693135613e-33
1.759276562e-08
1.100162646e-08
6.687533211e-09
3.958419502e-09
2.284846466e-09
1.287600006e-09
7.090479263e-10
3.81782689e-10
2.010831851e-10
1.036163829e-10
5.223385917e-11
2.574729727e-11
1.240457485e-11
5.840147066e-12
2.684187311e-12
1.20264185e-12
5.242658578e-13
2.226737931e-13
9.204419122e-14
3.694671345e-14
1.435246201e-14
5.3666999e-15
1.915170602e-15
6.434150086e-16
1.989839939e-16
5.384659374e-17
1.088610066e-17
1.884050021e-18
5.2315714e-19
2.575250545e-19
1.684836303e-19
1.228680364e-19
9.31480202e-20
7.134132242e-20
5.442108606e-20
4.098989698e-20
3.029472394e-20
2.185893986e-20
1.53289634e-20
1.040592208e-20
6.81428924e-21
4.291297593e-21
2.591609112e-21
1.497272522e-21
8.260375321e-22
4.333683136e-22
2.146198434e-22
9.92269787e-23
4.200342413e-23
1.568826062e-23
4.798776506e-24
1.020955956e-24
1.63006124e-25
1.912738405e-26
1.832756289e-27
1.573557457e-28
1.303755847e-29
9.952467715e-31
6.935815537e-32
1.110536631e-32
9.69628792e-09
6.286214269e-09
3.95527514e-09
2.420136551e-09
1.44248003e-09
8.38648889e-10
4.761194745e-10
2.641610329e-10
1.433120771e-10
7.605020885e-11
3.947917463e-11
2.004671318e-11
9.951290871e-12
4.826863307e-12
2.287401713e-12
1.057848645e-12
4.765690927e-13
2.093492419e-13
8.962023389e-14
3.732213645e-14
1.507901643e-14
5.885335159e-15
2.204194617e-15
7.838496519e-16
2.602390992e-16
7.842111649e-17
1.999922612e-17
3.798091508e-18
7.613313519e-19
2.794596952e-19
1.637905053e-19
1.162171591e-19
8.815174525e-20
6.820634208e-20
5.276627501e-20
4.038690176e-20
3.03710305e-20
2.232165419e-20
1.596277383e-20
1.106376794e-20
7.407197621e-21
4.77729774e-21
2.96236843e-21
1.764692378e-21
1.007666302e-21
5.492680694e-22
2.841134959e-22
1.380663937e-22
6.195409372e-23
2.495898513e-23
8.602499114e-24
2.252513184e-24
4.381620883e-25
6.597449837e-26
8.330304801e-27
9.631599908e-28
1.025834836e-28
9.14555513e-30
6.655746384e-31
9.117767852e-32
5.155708363e-09
3.460332536e-09
2.251681308e-09
1.42350749e-09
8.758904606e-10
5.253106864e-10
3.074521035e-10
1.757675413e-10
9.821954993e-11
5.367262297e-11
2.868837623e-11
1.499908328e-11
7.668873918e-12
3.833161093e-12
1.872219191e-12
8.92955706e-13
4.153467456e-13
1.885282927e-13
8.348899963e-14
3.602093853e-14
1.510786508e-14
6.138777212e-15
2.403623251e-15
8.994051455e-16
3.17478542e-16
1.035327707e-16
2.994640038e-17
6.781407783e-18
1.236241347e-18
3.28053688e-19
1.618172758e-19
1.094826165e-19
8.269043905e-20
6.458981117e-20
5.069460211e-20
3.94511863e-20
3.020453065e-20
2.262731896e-20
1.651416069e-20
1.169847274e-20
8.019252709e-21
5.308983438e-21
3.392509822e-21
2.08976881e-21
1.237917088e-21
7.029345197e-22
3.80668588e-22
1.949533779e-22
9.330329414e-23
4.103443163e-23
1.607605275e-23
5.21639559e-24
1.254895839e-24
2.467186231e-25
4.109485737e-26
6.295597947e-27
8.496187399e-28
9.099241923e-29
7.571897159e-30
1.012389768e-30
2.663880254e-09
1.846566632e-09
1.240539442e-09
8.093073721e-10
5.136100421e-10
3.175528223e-10
1.915134099e-10
1.12776126e-10
6.489390073e-11
3.650884294e-11
2.008855066e-11
1.081234804e-11
5.692512274e-12
2.930442634e-12
1.474612247e-12
7.252463058e-13
3.481833205e-13
1.632138133e-13
7.470549753e-14
3.335124565e-14
1.449675627e-14
6.11814225e-15
2.496192407e-15
9.780671745e-16
3.643253205e-16
1.269863566e-16
4.036932037e-17
1.10449373e-17
2.274560716e-18
4.593341513e-19
1.692787669e-19
1.036996421e-19
7.699098026e-20
6.057144282e-20
4.823112987e-20
3.818069082e-20
2.97822954e-20
2.276094231e-20
1.697208884e-20
1.230647513e-20
8.656960123e-21
5.902753181e-21
3.896703902e-21
2.486471001e-21
1.531081949e-21
9.0758296e-22
5.157118924e-22
2.793092721e-22
1.431736469e-22
6.877484218e-23
3.036857899e-23
1.18220004e-23
3.683158628e-24
9.267995112e-25
2.008391986e-25
3.926696517e-26
6.56114892e-27
8.50438254e-28
8.300068403e-29
1.05189291e-29
1.346125629e-09
9.610521221e-10
6.651020207e-10
4.469767083e-10
2.921736798e-10
1.860258669e-10
1.155074614e-10
7.001475727e-11
4.146304933e-11
2.400424435e-11
1.359102392e-11
7.527659553e-12
4.078891105e-12
2.161979382e-12
1.120627576e-12
5.677864383e-13
2.810561972e-13
1.359474442e-13
6.426026102e-14
2.965484647e-14
1.334106807e-14
5.837468686e-15
2.475449707e-15
1.011929667e-15
3.95572881e-16
1.460824717e-16
5.000281467e-17
1.537215913e-17
3.943775248e-18
7.944699734e-19
2.044199647e-19
1.014471655e-19
7.162681656e-20
5.632591549e-20
4.544839245e-20
3.660674009e-20
2.910331025e-20
2.270546057e-20
1.73167921e-20
1.287610299e-20
9.320248943e-21
6.558796113e-21
4.480863057e-21
2.96839793e-21
1.904164918e-21
1.180267881e-21
7.049550748e-22
4.044666989e-22
2.220596062e-22
1.160013288e-22
5.700867609e-23
2.574949482e-23
1.019916341e-23
3.258203682e-24
9.002093599e-25
2.176724272e-25
4.431196487e-26
6.98385648e-27
8.226771413e-28
9.859375204e-29
6.687984349e-10
4.903829337e-10
3.487657056e-10
2.409662569e-10
1.619668334e-10
1.060491684e-10
6.771677147e-11
4.221009491e-11
2.570487341e-11
1.530266069e-11
8.909879458e-12
5.075311265e-12
2.828823399e-12
1.542791866e-12
8.230486119e-13
4.293935659e-13
2.190050221e-13
1.092033594e-13
5.324822407e-14
2.536983165e-14
1.179587884e-14
5.341910132e-15
2.349254854e-15
9.989040431e-16
4.080227947e-16
1.585981974e-16
5.783064931e-17
1.934939622e-17
5.68455589e-18
1.295662676e-18
2.736388388e-19
1.026478521e-19
6.633257339e-20
5.177102677e-20
4.232422184e-20
3.472968987e-20
2.81827226e-20
2.247193461e-20
1.754638372e-20
1.339396862e-20
9.982642312e-21
7.253948177e-21
5.133452406e-21
3.534365751e-21
2.364247055e-21
1.534018411e-21
9.639402243e-22
5.858158709e-22
3.43696774e-22
1.939274197e-22
1.045426895e-22
5.312705436e-23
2.485178559e-23
1.025240016e-23
3.479066836e-24
1.025739616e-24
2.508939472e-25
4.829866768e-26
6.97450453e-27
8.157280003e-28
3.280818122e-10
2.464022563e-10
1.796704168e-10
1.273586962e-10
8.786855482e-11
5.907304165e-11
3.873885446e-11
2.48027725e-11
1.551611961e-11
9.489998527e-12
5.677510283e-12
3.323598867e-12
1.904198422e-12
1.06783462e-12
5.860813029e-13
3.146992789e-13
1.652345639e-13
8.48701439e-14
4.265515127e-14
2.095948119e-14
1.005837205e-14
4.706575396e-15
2.142125033e-15
9.448964666e-16
4.018602564e-16
1.635627344e-16
6.302010757e-17
2.261029771e-17
7.362031182e-18
2.054876974e-18
4.543381895e-19
1.201997524e-19
6.282135747e-20
4.720730778e-20
3.890769724e-20
3.25348101e-20
2.698494626e-20
2.202432531e-20
1.763626466e-20
1.383256854e-20
1.061325849e-20
7.960123885e-21
5.831670221e-21
4.169201346e-21
2.905398035e-21
1.97148061e-21
1.301708217e-21
8.359368156e-22
5.216253166e-22
3.154575358e-22
1.839952885e-22
1.026815093e-22
5.411473105e-23
2.634347019e-23
1.136501153e-23
4.01844132e-24
1.176707471e-24
2.749051035e-25
4.857960017e-26
5.63980497e-27
1.594536496e-10
1.223715544e-10
9.128249312e-11
6.625163389e-11
4.683288587e-11
3.22758878e-11
2.170581407e-11
1.42561316e-11
9.150925779e-12
5.744145288e-12
3.527688133e-12
2.120387146e-12
1.247688449e-12
7.188144532e-13
4.054566825e-13
2.238594246e-13
1.209280961e-13
6.390983678e-14
3.306434815e-14
1.673527561e-14
8.278577312e-15
3.996845766e-15
1.879410173e-15
8.581872022e-16
3.789506453e-16
1.608669992e-16
6.510146014e-17
2.480964367e-17
8.739900493e-18
2.763231926e-18
7.33841147e-19
1.722614035e-19
6.410812703e-20
4.310249299e-20
3.53095873e-20
3.002190041e-20
2.546319823e-20
2.13057506e-20
1.751750441e-20
1.412579423e-20
1.116065891e-20
8.634868577e-21
6.539535431e-21
4.84551894e-21
3.510323104e-21
2.485184288e-21
1.719127206e-21
1.161836412e-21
7.665868021e-22
4.928374637e-22
3.077113615e-22
1.855674162e-22
1.07129206e-22
5.837217665e-23
2.929994852e-23
1.293830884e-23
4.563830781e-24
1.286024781e-24
2.750265292e-25
3.136164341e-26
7.700427212e-11
6.025998666e-11
4.589209083e-11
3.403959029e-11
2.461093178e-11
1.735910762e-11
1.195431927e-11
8.043329947e-12
5.291040031e-12
3.404714576e-12
2.144136607e-12
1.321934199e-12
7.981106912e-13
4.719301255e-13
2.733164112e-13
1.550154607e-13
8.605459303e-14
4.674949732e-14
2.487400386e-14
1.295441557e-14
6.597796905e-15
3.282256484e-15
1.592161212e-15
7.512433572e-16
3.436215019e-16
1.516539003e-16
6.416091153e-17
2.578125663e-17
9.70642231e-18
3.356488857e-18
1.028400932e-18
2.586038714e-19
7.274873399e-20
3.966903402e-20
3.153874751e-20
2.719247251e-20
2.359827205e-20
2.0253385e-20
1.710100108e-20
1.417956794e-20
1.153672997e-20
9.206565562e-21
7.204327799e-21
5.526809214e-21
4.155937883e-21
3.063159858e-21
2.21323041e-21
1.567626206e-21
1.087850681e-21
7.385449505e-22
4.892026316e-22
3.146650829e-22
1.951099867e-22
1.153711659e-22
6.399414816e-23
3.239634891e-23
1.423074707e-23
4.898553847e-24
1.242114773e-24
1.407868307e-25
3.704617014e-11
2.9506911e-11
2.290066628e-11
1.732905911e-11
1.279347129e-11
9.221076958e-12
6.492966496e-12
4.469360678e-12
3.009098089e-12
1.982591566e-12
1.278848152e-12
8.078663521e-13
4.999216632e-13
3.030911069e-13
1.800414731e-13
1.047753392e-13
5.971688499e-14
3.332161353e-14
1.821101755e-14
9.746621049e-15
5.104666797e-15
2.61326254e-15
1.305782699e-15
6.355638062e-16
3.005088751e-16
1.375146345e-16
6.059353976e-17
2.552826741e-17
1.018037267e-17
3.787101867e-18
1.287240867e-18
3.853740593e-19
1.02182958e-19
3.938369767e-20
2.789559565e-20
2.40966362e-20
2.137535086e-20
1.882019885e-20
1.632048595e-20
1.391182321e-20
1.165041573e-20
9.583764989e-21
7.743868329e-21
6.146358373e-21
4.792612013e-21
3.672153673e-21
2.76518787e-21
2.04595157e-21
1.486311263e-21
1.058584914e-21
7.372321812e-22
4.999070647e-22
3.279333869e-22
2.062748119e-22
1.229007882e-22
6.808587546e-23
3.399118511e-23
1.440775074e-23
4.341980915e-24
5.16538554e-25
1.779658995e-11
1.440389348e-11
1.137404175e-11
8.766543938e-12
6.598395006e-12
4.852643437e-12
3.48887948e-12
2.453528515e-12
1.688526371e-12
1.137699553e-12
7.507823655e-13
4.854005971e-13
3.075288339e-13
1.909566234e-13
1.162170515e-13
6.931993684e-14
4.05127155e-14
2.318812339e-14
1.300452188e-14
7.14471898e-15
3.843029572e-15
2.021963841e-15
1.039334526e-15
5.21073861e-16
2.542366345e-16
1.203597746e-16
5.506797341e-17
2.421799379e-17
1.016082381e-17
4.023856689e-18
1.481729144e-18
4.977074764e-19
1.496140311e-19
4.675369352e-20
2.529023475e-20
2.088055349e-20
1.881890681e-20
1.698589949e-20
1.512353617e-20
1.324486401e-20
1.140587979e-20
9.660324423e-21
8.049151753e-21
6.599607772e-21
5.326159474e-21
4.231792052e-21
3.310115608e-21
2.547969781e-21
1.928230126e-21
1.432134858e-21
1.041057805e-21
7.37808959e-22
5.069703936e-22
3.35318534e-22
2.114670733e-22
1.253392758e-22
6.812417929e-23
3.228226744e-23
1.136524933e-23
1.361233792e-24
8.554633473e-12
7.025610788e-12
5.636296262e-12
4.418320231e-12
3.385587894e-12
2.536911102e-12
1.859776561e-12
1.334412417e-12
9.375045983e-13
6.451712963e-13
4.350485958e-13
2.875274922e-13
1.862898367e-13
1.183380234e-13
7.370648755e-14
4.500964898e-14
2.694220242e-14
1.580288347e-14
9.085540888e-15
5.118173593e-15
2.82431238e-15
1.525459743e-15
8.055737869e-16
4.153841194e-16
2.087686988e-16
1.020313176e-16
4.833975466e-17
2.210910546e-17
9.706789554e-18
4.059058775e-18
1.59939644e-18
5.859242361e-19
1.970769265e-19
6.23993825e-20
2.549130508e-20
1.798680196e-20
1.60615563e-20
1.478392016e-20
1.34910461e-20
1.212529483e-20
1.072378307e-20
9.335622797e-21
8.003779403e-21
6.760991312e-21
5.629402131e-21
4.621187663e-21
3.739870354e-21
2.982247845e-21
2.34057899e-21
1.804517195e-21
1.362802709e-21
1.004490085e-21
7.194716964e-22
4.979749817e-22
3.304200113e-22
2.07573476e-22
1.207233094e-22
6.183523006e-23
2.368085905e-23
2.805048645e-24
4.122037354e-12
3.43064798e-12
2.792434582e-12
2.223354428e-12
1.73206225e-12
1.32063002e-12
9.858455814e-13
7.207723009e-13
5.162931115e-13
3.624437825e-13
2.494318013e-13
1.683178813e-13
1.113915735e-13
7.230468295e-14
4.603513692e-14
2.874733792e-14
1.760397515e-14
1.05674152e-14
6.219807293e-15
3.588658967e-15
2.029060631e-15
1.123589141e-15
6.088476879e-16
3.224922006e-16
1.667309387e-16
8.398281844e-17
4.111384134e-17
1.949956506e-17
8.92198859e-18
3.915892994e-18
1.636261411e-18
6.448865062e-19
2.379985539e-19
8.349593541e-20
3.083255869e-20
1.655650221e-20
1.337754529e-20
1.227832507e-20
1.143615326e-20
1.054382609e-20
9.575413907e-21
8.562311302e-21
7.543297679e-21
6.552022178e-21
5.614206279e-21
4.747355292e-21
3.961510898e-21
3.260592662e-21
2.644043319e-21
2.108516828e-21
1.649385342e-21
1.261931572e-21
9.407659839e-22
6.801017441e-22
4.73501863e-22
3.140050779e-22
1.942752666e-22
1.067725162e-22
4.424388579e-23
5.558247588e-24
1.993812075e-12
1.679667283e-12
1.385468308e-12
1.119021786e-12
8.851502415e-13
6.858428153e-13
5.206789354e-13
3.874089683e-13
2.825792943e-13
2.021122423e-13
1.417834481e-13
9.757128359e-14
6.58787126e-14
4.364496236e-14
2.837265278e-14
1.8097527e-14
1.132454282e-14
6.949746261e-15
4.183666331e-15
2.4699023e-15
1.429424671e-15
8.107192095e-16
4.502889548e-16
2.446881844e-16
1.299443419e-16
6.734472191e-17
3.399759759e-17
1.667825901e-17
7.926084565e-18
3.634299461e-18
1.599624579e-18
6.719043667e-19
2.680172028e-19
1.020391267e-19
3.899545123e-20
1.745976335e-20
1.12331498e-20
9.631520614e-21
9.041363077e-21
8.557375437e-21
8.002308083e-21
7.366895809e-21
6.678983495e-21
5.969315137e-21
5.263744111e-21
4.581613956e-21
3.937353856e-21
3.339705982e-21
2.792958253e-21
2.299378898e-21
1.859742532e-21
1.473902058e-21
1.140928422e-21
8.59084163e-22
6.255720833e-22
4.36338768e-22
2.861363381e-22
1.685308696e-22
7.63137182e-23
1.087640286e-23
9.690918577e-13
8.254960371e-13
6.892314627e-13
5.640464862e-13
4.524768509e-13
3.558495945e-13
2.744098864e-13
2.075300524e-13
1.539566631e-13
1.120567344e-13
8.003451753e-14
5.610250309e-14
3.860131886e-14
2.607153272e-14
1.728544748e-14
1.124917343e-14
7.184963967e-15
4.502747512e-15
2.768908386e-15
1.670495433e-15
9.885070422e-16
5.735578882e-16
3.261467553e-16
1.816289532e-16
9.897031391e-17
5.270936062e-17
2.739831147e-17
1.38753849e-17
6.831069302e-18
3.260340726e-18
1.503695749e-18
6.677479181e-19
2.845147349e-19
1.163768949e-19
4.659465547e-20
1.972731789e-20
1.027284138e-20
7.362011781e-21
6.601160912e-21
6.356472019e-21
6.144245356e-21
5.856081605e-21
5.489095201e-21
5.065086617e-21
4.60778498e-21
4.136603848e-21
3.665557941e-21
3.205388175e-21
2.764061783e-21
2.347571722e-21
1.960515517e-21
1.606458266e-21
1.288049298e-21
1.006948779e-21
7.637372338e-22
5.575256178e-22
3.854314686e-22
2.422463153e-22
1.200883684e-22
1.988203059e-23
4.736195518e-13
4.075344323e-13
3.440632312e-13
2.849853727e-13
2.315895201e-13
1.84651808e-13
1.444678331e-13
1.109246971e-13
8.359634785e-14
6.184592835e-14
4.492187492e-14
3.20388485e-14
2.24390693e-14
1.543341921e-14
1.042435448e-14
6.91418608e-15
4.502808594e-15
2.878599572e-15
1.806420763e-15
1.112773019e-15
6.726903855e-16
3.989269143e-16
2.320228641e-16
1.322772931e-16
7.386655136e-17
4.037092889e-17
2.157303387e-17
1.125738828e-17
5.72790905e-18
2.83676187e-18
1.364756668e-18
6.363332784e-19
2.868790459e-19
1.249807827e-19
5.298288552e-20
2.252560898e-20
1.044146784e-20
6.049938493e-21
4.643727257e-21
4.299764147e-21
4.24902956e-21
4.214792576e-21
4.118554183e-21
3.953034681e-21
3.73226692e-21
3.470748441e-21
3.181211351e-21
2.874347445e-21
2.559144707e-21
2.243298592e-21
1.933532811e-21
1.635787869e-21
1.355261227e-21
1.096293807e-21
8.62109547e-22
6.546204995e-22
4.734869587e-22
3.148226254e-22
1.697377538e-22
3.320813207e-23
2.328111587e-13
2.02177501e-13
1.724305733e-13
1.444095139e-13
1.187555098e-13
9.589331463e-14
7.603581252e-14
5.920727949e-14
4.527917711e-14
3.401187405e-14
2.509640093e-14
1.819179267e-14
1.295530392e-14
9.064417746e-15
6.230864566e-15
4.207732863e-15
2.791208766e-15
1.818466247e-15
1.163413775e-15
7.310118974e-16
4.509867072e-16
2.731203584e-16
1.623275625e-16
9.464816299e-17
5.411299347e-17
3.031826728e-17
1.663478225e-17
8.930600556e-18
4.686822606e-18
2.401897244e-18
1.200545623e-18
5.844236016e-19
2.766838885e-19
1.273248078e-19
5.710118117e-20
2.524153335e-20
1.137578329e-20
5.656523728e-21
3.486614478e-21
2.783677004e-21
2.645317772e-21
2.692009282e-21
2.761954897e-21
2.790249487e-21
2.762692657e-21
2.683080571e-21
2.55910909e-21
2.399122486e-21
2.211223709e-21
2.003094259e-21
1.782002999e-21
1.554839114e-21
1.328098581e-21
1.107764934e-21
8.990008129e-22
7.056165281e-22
5.294857665e-22
3.68502807e-22
2.132000075e-22
4.92439362e-23
1.151048525e-13
1.008004274e-13
8.677042431e-14
7.340915951e-14
6.103139111e-14
4.986076088e-14
4.002798074e-14
3.157750923e-14
2.448052675e-14
1.865160354e-14
1.396652493e-14
1.02791752e-14
7.436015581e-15
5.287364578e-15
3.695280004e-15
2.538288235e-15
1.713478922e-15
1.136582452e-15
7.406660174e-16
4.742602952e-16
2.983421874e-16
1.843444244e-16
1.118564954e-16
6.663988624e-17
3.896864838e-17
2.23577009e-17
1.257980663e-17
6.937898999e-18
3.748459174e-18
1.982873775e-18
1.026233707e-18
5.192186753e-19
2.566173407e-19
1.238699168e-19
5.84672492e-20
2.71066579e-20
1.249982872e-20
5.91835841e-21
3.081280981e-21
1.949833463e-21
1.579050421e-21
1.537036296e-21
1.623163598e-21
1.739426892e-21
1.831625592e-21
1.88264235e-21
1.888087553e-21
1.849951617e-21
1.773191553e-21
1.66398125e-21
1.52891111e-21
1.37468441e-21
1.208020028e-21
1.035530832e-21
8.634424285e-22
6.969031082e-22
5.390422503e-22
3.890832941e-22
2.375266445e-22
6.12518592e-23
5.723026365e-14
5.050285503e-14
4.38441364e-14
3.743911817e-14
3.144098763e-14
2.596467826e-14
2.108451913e-14
1.683566719e-14
1.321857806e-14
1.020551364e-14
7.748024625e-15
5.784454151e-15
4.24672685e-15
3.065952631e-15
2.176631792e-15
1.519463757e-15
1.0429075e-15
7.037238133e-16
4.667567649e-16
3.043322292e-16
1.950609048e-16
1.228823557e-16
7.60742058e-17
4.627732988e-17
2.765548161e-17
1.623184754e-17
9.35442089e-18
5.292008988e-18
2.938227294e-18
1.600634735e-18
8.55240291e-19
4.480313997e-19
2.300613387e-19
1.158089907e-19
5.719276268e-20
2.776531718e-20
1.33122386e-20
6.374561528e-21
3.13116986e-21
1.671224008e-21
1.06283224e-21
8.615005718e-22
8.574858137e-22
9.473969691e-22
1.068977653e-21
1.182657532e-21
1.266311165e-21
1.310626437e-21
1.314805878e-21
1.282141335e-21
1.217742848e-21
1.127473186e-21
1.01749847e-21
8.94112306e-22
7.6352165e-22
6.312693589e-22
5.007253135e-22
3.718036517e-22
2.359020673e-22
6.452652591e-23
2.860862866e-14
2.542296489e-14
2.224353782e-14
1.915713992e-14
1.623792248e-14
1.354402535e-14
1.1115902e-14
8.976307787e-15
7.131715261e-15
5.574782161e-15
4.287437808e-15
3.244166518e-15
2.415135257e-15
1.768912352e-15
1.274632076e-15
9.035576852e-16
6.300709099e-16
4.321621195e-16
2.915262798e-16
1.934064088e-16
1.262016698e-16
8.098698062e-17
5.110854701e-17
3.171479267e-17
1.935081303e-17
1.160787645e-17
6.844873653e-18
3.967537967e-18
2.26048816e-18
1.265835875e-18
6.966311374e-19
3.767468528e-19
2.002398976e-19
1.0462743e-19
5.377804413e-20
2.72184902e-20
1.358860861e-20
6.715892755e-21
3.314264821e-21
1.668615433e-21
9.013911969e-22
5.729314947e-22
4.680117301e-22
4.830551704e-22
5.642949283e-22
6.726142977e-22
7.79113777e-22
8.596270148e-22
9.075114277e-22
9.218764563e-22
9.053963983e-22
8.622478465e-22
7.97350142e-22
7.159847528e-22
6.235312157e-22
5.249197728e-22
4.235741113e-22
3.202656622e-22
2.081599238e-22
5.732809811e-23
1.437486296e-14
1.285653674e-14
1.132963623e-14
9.83490901e-15
8.408132982e-15
7.078410594e-15
5.867162865e-15
4.787847495e-15
3.84633468e-15
3.041805632e-15
2.368000607e-15
1.814634273e-15
1.368814566e-15
1.016336969e-15
7.427694196e-16
5.342861867e-16
3.782447493e-16
2.635245449e-16
1.806691479e-16
1.21877098e-16
8.090709936e-17
5.285506876e-17
3.39786655e-17
2.149473152e-17
1.337991556e-17
8.195053696e-18
4.939185995e-18
2.929607662e-18
1.710235301e-18
9.827157678e-19
5.55852233e-19
3.095342096e-19
1.697409233e-19
9.169904574e-20
4.882636185e-20
2.563718594e-20
1.328104216e-20
6.7932998e-21
3.437986191e-21
1.732290671e-21
8.853804834e-22
4.825986043e-22
3.110679343e-22
2.649124701e-22
2.927036673e-22
3.648786967e-22
4.540454441e-22
5.353904274e-22
5.950650087e-22
6.280608109e-22
6.349017336e-22
6.184218216e-22
5.82192165e-22
5.302213832e-22
4.667620244e-22
3.959550107e-22
3.21211645e-22
2.442383551e-22
1.598922879e-22
4.563524861e-23
7.259321851e-15
6.531168091e-15
5.79378028e-15
5.066318925e-15
4.366020492e-15
3.707352589e-15
3.101456324e-15
2.55590148e-15
2.074740964e-15
1.658817728e-15
1.306256505e-15
1.013065055e-15
7.737689179e-16
5.820178814e-16
4.311187213e-16
3.14466869e-16
2.258657027e-16
1.59735471e-16
1.11225809e-16
7.625024672e-17
5.146411179e-17
3.420337421e-17
2.238317605e-17
1.442262322e-17
9.15071296e-18
5.717525692e-18
3.518658557e-18
2.133277005e-18
1.274376825e-18
7.502437924e-19
4.353513556e-19
2.490648454e-19
1.405254699e-19
7.822090597e-20
4.296859005e-20
2.329708806e-20
1.246581669e-20
6.58025578e-21
3.42541857e-21
1.759791723e-21
8.970352629e-22
4.629503051e-22
2.570520632e-22
1.748989104e-22
1.645359858e-22
1.996989201e-22
2.608404569e-22
3.249628466e-22
3.764425892e-22
4.088431737e-22
4.215504713e-22
4.159168945e-22
3.942206127e-22
3.593278454e-22
3.145106817e-22
2.632839631e-22
2.093849796e-22
1.55266613e-22
9.779554904e-23
2.97961154e-23
3.684193197e-15
3.332908364e-15
2.974872255e-15
2.619114026e-15
2.273934943e-15
1.946495852e-15
1.642521762e-15
1.366140711e-15
1.119857401e-15
9.046466267e-16
7.201407318e-16
5.648800643e-16
4.365934306e-16
3.324783915e-16
2.494585612e-16
1.844019675e-16
1.342915444e-16
9.634575189e-17
6.809314019e-17
4.74080133e-17
3.251430721e-17
2.196719419e-17
1.462103002e-17
9.587752676e-18
6.195202454e-18
3.945445261e-18
2.477081261e-18
1.53348712e-18
9.362838496e-19
5.639157483e-19
3.351182639e-19
1.965484639e-19
1.138013654e-19
6.506297547e-20
3.673427724e-20
2.047811877e-20
1.126572288e-20
6.110272027e-21
3.262976344e-21
1.713388732e-21
8.849429196e-22
4.527555182e-22
2.364397715e-22
1.381562689e-22
1.070117195e-22
1.174311222e-22
1.530315268e-22
1.964930337e-22
2.336630266e-22
2.580450034e-22
2.681182329e-22
2.644379762e-22
2.484366538e-22
2.219812215e-22
1.873798239e-22
1.484824682e-22
1.108525123e-22
7.721329583e-23
4.641583646e-23
1.494446261e-23
1.879526816e-15
1.709028468e-15
1.534212566e-15
1.359346693e-15
1.188432707e-15
1.025007087e-15
8.719887425e-16
7.315841599e-16
6.05252687e-16
4.937280638e-16
3.970865013e-16
3.148489187e-16
2.461030282e-16
1.896313625e-16
1.440337856e-16
1.078359809e-16
7.957827061e-17
5.788227682e-17
4.149623848e-17
2.932103501e-17
2.041994161e-17
1.401595024e-17
9.481997583e-18
6.323722022e-18
4.158465301e-18
2.697298821e-18
1.726034254e-18
1.089895627e-18
6.792642538e-19
4.179347013e-19
2.539152334e-19
1.52360128e-19
9.030912918e-20
5.288116528e-20
3.0586257e-20
1.746728632e-20
9.84113186e-21
5.462945828e-21
2.982595255e-21
1.598132314e-21
8.389086405e-22
4.320391033e-22
2.214438983e-22
1.196010827e-22
7.911719334e-23
7.533040697e-23
9.358721985e-23
1.204127224e-22
1.442242137e-22
1.593949998e-22
1.644536893e-22
1.595093822e-22
1.452452301e-22
1.228448114e-22
9.593682393e-23
7.108524117e-23
5.174337465e-23
3.538679624e-23
2.072726917e-23
7.58391239e-24
9.638127399e-16
8.805757279e-16
7.947546903e-16
7.083731588e-16
6.233632712e-16
5.414697507e-16
4.641729445e-16
3.926361961e-16
3.276799559e-16
2.697819475e-16
2.190998739e-16
1.75512064e-16
1.386698153e-16
1.080551241e-16
8.303831806e-17
6.293115504e-17
4.703209064e-17
3.466208352e-17
2.519064623e-17
1.805258958e-17
1.275668744e-17
8.888758209e-18
6.108243532e-18
4.140601528e-18
2.769448053e-18
1.82818953e-18
1.191344545e-18
7.665194996e-19
4.870039981e-19
3.056481051e-19
1.89523566e-19
1.161202217e-19
7.030275049e-20
4.205430345e-20
2.484730656e-20
1.449117919e-20
8.33375638e-21
4.718932894e-21
2.625597106e-21
1.431765586e-21
7.630904273e-22
3.969987814e-22
2.029235555e-22
1.056211861e-22
6.297581024e-23
5.219942745e-23
6.000635231e-23
7.547169495e-23
8.948557073e-23
9.745233949e-23
9.815461199e-23
9.154553804e-23
7.802717849e-23
6.083209678e-23
4.65044899e-23
3.418248933e-23
2.41829319e-23
1.602642879e-23
9.105600807e-24
3.985743183e-24
4.972266865e-16
4.563177317e-16
4.139187592e-16
3.709936774e-16
3.284782855e-16
2.872342281e-16
2.480105257e-16
2.114153975e-16
1.778998822e-16
1.477533607e-16
1.211100833e-16
9.79648021e-17
7.819481217e-17
6.158567739e-17
4.785805098e-17
3.66933183e-17
2.775632992e-17
2.071420537e-17
1.525077512e-17
1.107662995e-17
7.936220287e-18
5.610116495e-18
3.91352093e-18
2.694526723e-18
1.831507602e-18
1.22927525e-18
8.14956301e-19
5.337436832e-19
3.453680681e-19
2.2080461e-19
1.395143245e-19
8.712762019e-20
5.377404464e-20
3.27906775e-20
1.974560919e-20
1.173242604e-20
6.870672758e-21
3.959178674e-21
2.24006776e-21
1.240927803e-21
6.708629276e-22
3.529720479e-22
1.811146764e-22
9.267146423e-23
5.162633001e-23
3.78562283e-23
3.968410333e-23
4.818501452e-23
5.602923517e-23
5.945493706e-23
5.750989278e-23
5.014416693e-23
3.992623681e-23
3.116389049e-23
2.333858023e-23
1.666502511e-23
1.132950798e-23
7.220505918e-24
4.031879105e-24
2.080718454e-24
2.578194147e-16
2.376013733e-16
2.165446652e-16
1.951099536e-16
1.737514229e-16
1.528947813e-16
1.329182126e-16
1.141376313e-16
9.67970868e-17
8.106459826e-17
6.703328516e-17
5.472704685e-17
4.410965816e-17
3.509606081e-17
2.756468047e-17
2.136967238e-17
1.635216152e-17
1.234993718e-17
9.20523048e-18
6.771330356e-18
4.916190642e-18
3.523418566e-18
2.493211515e-18
1.742158664e-18
1.20247659e-18
8.200568032e-19
5.52686172e-19
3.681380342e-19
2.423483128e-19
1.57677317e-19
1.013816245e-19
6.442543815e-20
4.046144569e-20
2.510321447e-20
1.53759867e-20
9.289348236e-21
5.528542652e-21
3.235804923e-21
1.858294156e-21
1.044047734e-21
5.717810802e-22
3.041416107e-22
1.570278424e-22
7.978288755e-23
4.259555311e-23
2.834602808e-23
2.70474935e-23
3.145625496e-23
3.559374047e-23
3.63909509e-23
3.30780346e-23
2.695179609e-23
2.158716857e-23
1.642056832e-23
1.183032936e-23
8.113331079e-24
5.282195696e-24
3.236755604e-24
1.80347658e-24
1.062070218e-24
1.347681014e-16
1.24689026e-16
1.141438168e-16
1.033542033e-16
9.254194939e-17
8.191830833e-17
7.167461632e-17
6.19746853e-17
5.294945039e-17
4.469408813e-17
3.72676209e-17
3.06947796e-17
2.496966452e-17
2.006065626e-17
1.591601764e-17
1.246967033e-17
9.646703122e-18
7.368290747e-18
5.55647431e-18
4.13725348e-18
3.041988596e-18
2.209037588e-18
1.58463535e-18
1.12312478e-18
7.86601646e-19
5.444589303e-19
3.724945119e-19
2.519449035e-19
1.684888193e-19
1.113997238e-19
7.280019898e-20
4.702204274e-20
3.001438383e-20
1.892311148e-20
1.177537501e-20
7.225170696e-21
4.365591097e-21
2.592994973e-21
1.510479125e-21
8.603168742e-22
4.772840001e-22
2.568337036e-22
1.337186415e-22
6.786916158e-23
3.520463424e-23
2.157904701e-23
1.868042049e-23
2.074701487e-23
2.285703201e-23
2.228025547e-23
1.878099701e-23
1.546366046e-23
1.203218477e-23
8.734577742e-24
6.005866316e-24
3.941573414e-24
2.455839319e-24
1.452070888e-24
8.162287142e-25
5.312445718e-25
7.073880818e-17
6.569377079e-17
6.039253963e-17
5.494194072e-17
4.945031613e-17
4.402248102e-17
3.875509319e-17
3.373276246e-17
2.902514279e-17
2.468515811e-17
2.07483847e-17
1.723351437e-17
1.414373992e-17
1.146883272e-17
9.187654276e-18
7.270839857e-18
5.683458295e-18
4.387963339e-18
3.346281797e-18
2.520888432e-18
1.876256158e-18
1.379884398e-18
1.002935998e-18
7.205225339e-19
5.117126087e-19
3.593460085e-19
2.495629176e-19
1.714148004e-19
1.164317467e-19
7.818788666e-20
5.189642201e-20
3.403252678e-20
2.205348524e-20
1.411326813e-20
8.9124733e-21
5.547979287e-21
3.399728552e-21
2.047130897e-21
1.208382832e-21
6.970457791e-22
3.913688053e-22
2.128949681e-22
1.117661178e-22
5.679925417e-23
2.891527471e-23
1.666444761e-23
1.321265675e-23
1.386091187e-23
1.462518751e-23
1.33147883e-23
1.133725758e-23
9.091300488e-24
6.690681459e-24
4.597324058e-24
3.010960863e-24
1.89080994e-24
1.129602579e-24
6.477900438e-25
3.700543542e-25
2.599481253e-25
3.906219361e-17
3.640677515e-17
3.360506607e-17
3.071107233e-17
2.778024679e-17
2.486699103e-17
2.202229378e-17
1.929170959e-17
1.671381171e-17
1.431905403e-17
1.212915316e-17
1.015716143e-17
8.407999815e-18
6.879338052e-18
5.562731295e-18
4.444894271e-18
3.509385898e-18
2.737866802e-18
2.110738818e-18
1.608198206e-18
1.211096037e-18
9.015875429e-19
6.635710442e-19
4.829273237e-19
3.475721586e-19
2.47391343e-19
1.741450726e-19
1.212387449e-19
8.34777769e-20
5.683774503e-20
3.825352915e-20
2.544733293e-20
1.672407172e-20
1.085158107e-20
6.94600314e-21
4.381316767e-21
2.719583242e-21
1.658218057e-21
9.907920826e-22
5.782994797e-22
3.283828141e-22
1.805148193e-22
9.558897125e-23
4.873799341e-23
2.444274417e-23
1.321276031e-23
9.263437928e-24
8.782827291e-24
8.900103015e-24
8.518481431e-24
7.14430816e-24
5.372937088e-24
3.702791843e-24
2.404934362e-24
1.49938911e-24
9.003528936e-25
5.166212439e-25
2.887553606e-25
1.684001853e-25
1.255104974e-25
)
;

boundaryField
{
    inletCH4
    {
        type            fixedValue;
        value           uniform 0;
    }
    wallOutside
    {
        type            zeroGradient;
    }
    wallTube
    {
        type            zeroGradient;
    }
    inletPilot
    {
        type            fixedValue;
        value           uniform 0;
    }
    inletAir
    {
        type            fixedValue;
        value           uniform 0;
    }
    outlet
    {
        type            zeroGradient;
    }
    axis
    {
        type            empty;
    }
    frontAndBack_pos
    {
        type            wedge;
    }
    frontAndBack_neg
    {
        type            wedge;
    }
}


// ************************************************************************* //
