/*--------------------------------*- C++ -*----------------------------------*\
  =========                 |
  \\      /  F ield         | OpenFOAM: The Open Source CFD Toolbox
   \\    /   O peration     | Website:  https://openfoam.org
    \\  /    A nd           | Version:  10
     \\/     M anipulation  |
\*---------------------------------------------------------------------------*/
FoamFile
{
    format      ascii;
    class       volScalarField;
    location    "3000";
    object      C2H4;
}
// * * * * * * * * * * * * * * * * * * * * * * * * * * * * * * * * * * * * * //

dimensions      [0 0 0 0 0 0 0];

internalField   nonuniform List<scalar> 
5170
(
9.636145519e-61
7.784591569e-61
4.839138259e-61
2.389107031e-61
1.891264332e-61
3.263026066e-58
2.608543175e-58
1.595805874e-58
9.221728498e-59
1.625237813e-58
1.116672112e-55
8.861300685e-56
5.400016361e-56
4.244669385e-56
1.276745099e-55
3.898113383e-53
3.090003667e-53
1.943326297e-53
2.177650799e-53
9.199278134e-53
1.387875984e-50
1.109515905e-50
7.478059829e-51
1.183933656e-50
6.184142298e-50
5.061858265e-48
4.132096229e-48
3.053782467e-48
6.632534117e-48
3.929178719e-47
1.889363166e-45
1.588535418e-45
1.340086815e-45
3.784300722e-45
2.412596896e-44
7.206692893e-43
6.311040289e-43
6.340942421e-43
2.189908412e-42
1.449340534e-41
2.816299564e-40
2.620749706e-40
3.160169165e-40
1.282133782e-39
8.565804517e-39
1.129081106e-37
1.136377128e-37
1.639759549e-37
7.605558206e-37
4.998617641e-36
4.631647882e-35
5.124109402e-35
8.800705069e-35
4.560377739e-34
2.886940273e-33
1.934448179e-32
2.393227252e-32
4.884791465e-32
2.757474762e-31
1.652731527e-30
8.188265292e-30
1.149380333e-29
2.809433841e-29
1.69019112e-28
9.386823655e-28
3.483094408e-27
5.621927457e-27
1.65693254e-26
1.050073645e-25
5.295112846e-25
1.481600479e-24
2.77557089e-24
9.87262206e-24
6.579595297e-23
2.970074249e-22
6.201320818e-22
1.36110092e-21
5.823661747e-21
4.025356002e-20
1.659187125e-19
2.541560608e-19
6.615243294e-19
3.317489098e-18
2.383087026e-17
9.265527795e-17
9.979066728e-17
3.129989959e-16
1.82746163e-15
1.342334606e-14
5.179683311e-14
3.599695101e-14
1.413455131e-13
9.478357624e-13
7.061246103e-12
2.916452768e-11
1.11344831e-11
6.186174863e-11
4.800857295e-10
3.41415763e-09
1.677326018e-08
5.269308151e-28
9.561632735e-29
7.29381832e-29
3.362215814e-28
5.123924522e-28
2.417066073e-28
8.968806831e-29
7.629509225e-29
2.558343247e-28
3.305692104e-28
1.473403055e-28
6.936649774e-29
6.016698931e-29
1.339006182e-28
1.702590625e-28
8.308717901e-29
5.010310253e-29
4.473542102e-29
7.387685534e-29
8.655152994e-29
4.567558609e-29
3.458816711e-29
3.137126256e-29
4.008247562e-29
4.100172788e-29
2.504058517e-29
2.294615499e-29
2.076246156e-29
2.031221882e-29
1.784798449e-29
1.349322835e-29
1.449429406e-29
1.302121119e-29
9.26842517e-30
7.073663912e-30
7.206502364e-30
8.752228105e-30
7.662520412e-30
3.856039399e-30
2.639282206e-30
4.058579432e-30
5.176894253e-30
4.302238202e-30
1.741787196e-30
9.89606545e-31
3.282163541e-29
1.076139958e-29
3.802002745e-30
8.453923304e-31
4.106772864e-31
5.032679894e-27
1.258113747e-27
2.31248693e-28
2.787867158e-29
8.218787029e-30
8.307380432e-25
2.045271453e-25
3.643683568e-26
4.280934013e-27
1.166118013e-27
1.385183359e-22
3.373598832e-23
5.856648003e-24
6.753941191e-25
1.708225418e-25
2.331303828e-20
5.614592062e-21
9.497178411e-22
1.073467445e-22
2.516096547e-23
3.968408967e-18
9.417473041e-19
1.543399894e-19
1.699468775e-20
3.687862363e-21
6.806819517e-16
1.578240733e-16
2.485511474e-17
2.648096484e-18
5.304024653e-19
1.175977267e-13
2.624917491e-14
3.900637865e-15
3.987509856e-16
7.328611051e-17
2.052920162e-11
4.281958374e-12
5.867059764e-13
5.706882165e-14
9.688300671e-15
3.754306262e-09
6.826511159e-10
8.34008889e-11
7.675319173e-12
1.19774448e-12
7.62054959e-07
1.048656395e-07
1.103563658e-08
9.505754711e-10
1.3213711e-10
4.21129598e-10
3.231644192e-09
4.943291775e-08
7.419432938e-07
9.952003042e-06
4.042361383e-09
2.913595203e-08
3.896986659e-07
4.748220882e-06
4.575776426e-05
1.974696348e-08
1.302423742e-07
1.484943304e-06
1.429331799e-05
9.5265506e-05
7.068985754e-08
4.274658791e-07
4.133448884e-06
3.083062812e-05
0.0001441223504
2.02628122e-07
1.117657845e-06
9.070758164e-06
5.296819371e-05
0.0001893638375
5.084210646e-07
2.542433134e-06
1.738791268e-05
8.189340586e-05
0.0002406441333
1.20954421e-06
5.537615266e-06
3.178947297e-05
0.0001205039647
0.0003006835882
2.737434737e-06
1.147227096e-05
5.383019211e-05
0.00016523644
0.0003586751884
5.824672534e-06
2.184579213e-05
8.254247094e-05
0.0002101676598
0.000406874497
1.157162213e-05
3.783301195e-05
0.0001160749522
0.0002537950597
0.0004493279118
2.199409505e-05
6.001222823e-05
0.0001522768573
0.0002966735295
0.0004911623616
3.842312807e-05
8.732435761e-05
0.0001901051495
0.0003394244182
0.0005329042543
6.233790214e-05
0.0001199596337
0.000230148436
0.0003822079103
0.0005725449404
9.601674485e-05
0.0001590970334
0.0002734849214
0.0004256223425
0.000610452467
0.0001425568152
0.0002067025546
0.0003215949954
0.0004711487392
0.0006491664869
0.0002041815884
0.0002653419239
0.0003768624126
0.0005216255267
0.000692722051
0.0002819291724
0.0003375720788
0.0004426032828
0.0005807902604
0.0007448598893
0.00037399615
0.0004234938541
0.0005204129472
0.0006505801994
0.0008063116153
0.0004780102531
0.0005216000006
0.0006094854904
0.0007299039027
0.0008752409159
0.0005897639318
0.0006280248019
0.0007067157325
0.0008163164672
0.0009498029103
0.0007051925352
0.0007386630765
0.0008085078305
0.0009071702942
0.001028612948
0.000820833776
0.0008501979716
0.0009121297676
0.001000708161
0.001111079666
0.0009354414972
0.0009613479761
0.00101648539
0.001096326097
0.001197130266
0.001049316772
0.001072432621
0.001122026742
0.001194589471
0.001287360883
0.001164136162
0.001185119499
0.001230362476
0.001297090319
0.001383113055
0.001283119488
0.001302496669
0.001344401231
0.001406488513
0.001487058452
0.001410296778
0.001428497135
0.001467963939
0.001526623668
0.001602970371
0.001549889628
0.001567248771
0.001604899866
0.001660848704
0.001733625814
0.00170707032
0.001723946277
0.001760585425
0.001814775902
0.001884445887
0.001888647354
0.001905147378
0.001940689505
0.001992881544
0.002058926412
0.002102913505
0.002118554153
0.002151960208
0.002199721713
0.002257095852
0.002359258146
0.002372261036
0.002399025344
0.002434581539
0.002472240481
0.002649386604
0.002654869019
0.002663880749
0.00266837467
0.002659191068
0.002858998797
0.002846713357
0.002815438016
0.002758921057
0.002666048566
0.002689918925
0.002654362978
0.0025754204
0.0024530697
0.00228542198
0.002013534153
0.001973720755
0.001887763588
0.001761393618
0.001600770451
0.00123644293
0.001208200331
0.001147985209
0.001061400638
0.0009543230567
0.000665873333
0.000649896369
0.0006159853826
0.0005676195237
0.0005084596203
0.0003253444201
0.0003174224108
0.0003006607148
0.0002768932921
0.0002480713102
0.0001462499438
0.0001428035218
0.0001355445222
0.0001253345368
0.0001130847797
6.289338119e-05
6.15993637e-05
5.886739839e-05
5.500113091e-05
5.030617506e-05
2.712960408e-05
2.664390342e-05
2.561187073e-05
2.413529328e-05
2.231626498e-05
1.176898233e-05
1.158225751e-05
1.118381002e-05
1.06093826e-05
9.894354024e-06
5.129808548e-06
5.056689198e-06
4.900192828e-06
4.67331941e-06
4.388711859e-06
2.244792348e-06
2.215758886e-06
2.153477177e-06
2.062798004e-06
1.94834873e-06
9.857037315e-07
9.74051086e-07
9.490090817e-07
9.124234642e-07
8.660197004e-07
4.342718598e-07
4.295562458e-07
4.194066469e-07
4.045351138e-07
3.85593899e-07
1.920340105e-07
1.901121496e-07
1.859700683e-07
1.798855781e-07
1.721079469e-07
8.529615529e-08
8.450776767e-08
8.280649409e-08
8.03016841e-08
7.708940107e-08
3.809779909e-08
3.777215035e-08
3.706860888e-08
3.603059022e-08
3.469541265e-08
1.713328962e-08
1.699775708e-08
1.670462447e-08
1.627127527e-08
1.571231929e-08
7.767942975e-09
7.711060559e-09
7.587904535e-09
7.405503921e-09
7.169631916e-09
3.554749232e-09
3.530673236e-09
3.478496543e-09
3.401092515e-09
3.300769371e-09
1.644008082e-09
1.633752093e-09
1.61150888e-09
1.578469208e-09
1.535573236e-09
7.700545727e-10
7.65695715e-10
7.562399907e-10
7.421895952e-10
7.239409537e-10
3.672870873e-10
3.654938152e-10
3.616086205e-10
3.558491121e-10
3.483959064e-10
1.811125648e-10
1.804786417e-10
1.791154972e-10
1.771222044e-10
1.745962964e-10
9.613575825e-11
9.607465151e-11
9.59619989e-11
9.584770152e-11
9.58020567e-11
5.9980948e-11
6.026854421e-11
6.092203232e-11
6.197191838e-11
6.348761685e-11
4.949276508e-11
5.008538628e-11
5.141456747e-11
5.350581217e-11
5.644583165e-11
5.600204267e-11
5.692710691e-11
5.899177558e-11
6.221296716e-11
6.668965271e-11
7.606440343e-11
7.742738015e-11
8.046501878e-11
8.519270962e-11
9.174213234e-11
1.133057235e-10
1.152929654e-10
1.197150291e-10
1.265786967e-10
1.360509678e-10
1.752587119e-10
1.781169026e-10
1.844673155e-10
1.942976781e-10
2.078136385e-10
2.737124588e-10
2.777582672e-10
2.867337305e-10
3.005909015e-10
3.19573389e-10
4.265644791e-10
4.321901795e-10
4.446520761e-10
4.638423015e-10
4.90036147e-10
6.573139256e-10
6.649578114e-10
6.818651995e-10
7.078345703e-10
7.431559333e-10
9.968637946e-10
1.006960571e-09
1.029261499e-09
1.063430811e-09
1.109746319e-09
1.46054132e-09
1.473377546e-09
1.501692103e-09
1.544980606e-09
1.60348076e-09
1.984163101e-09
1.999606809e-09
2.033640497e-09
2.085586073e-09
2.155623241e-09
3.588240035e-05
0.0001676694041
0.000263954349
0.0003123378482
0.0003546095054
0.0004157648173
0.0004872140053
0.0005422828142
0.0005786456171
0.0006115878864
0.0006490206431
0.0006870898261
0.000720288493
0.0007504082077
0.0007820962167
0.0008201842933
0.0008674285984
0.0009228013077
0.0009839315813
0.001049859249
0.001120286949
0.001195364388
0.001275155153
0.001360028806
0.001451068885
0.001551071651
0.001663665558
0.001791139023
0.001938480648
0.002108499251
0.002296617873
0.002490801277
0.002633408488
0.002572415507
0.002145533065
0.001477601152
0.0008747747835
0.0004650955789
0.0002271915093
0.0001043045298
4.687530382e-05
2.096423106e-05
9.356123265e-06
4.172388541e-06
1.860687487e-06
8.302532395e-07
3.709167023e-07
1.660531733e-07
7.457823141e-08
3.364766138e-08
1.527213699e-08
6.983276544e-09
3.221280068e-09
1.501513888e-09
7.094477547e-10
3.425079007e-10
1.726606634e-10
9.587958466e-11
6.485895419e-11
5.902717064e-11
7.056660829e-11
9.738946224e-11
1.441788685e-10
2.193567415e-10
3.35709866e-10
5.122019826e-10
7.729114444e-10
1.148595159e-09
1.652364914e-09
2.213976969e-09
8.633852237e-05
1.52270519e-05
1.461197578e-06
1.149080704e-07
1.260780511e-08
0.0004761454243
0.002080167826
0.0001667513545
1.070919997e-05
9.789922046e-07
0.0006246681103
0.001650584104
0.0001604774711
1.23738321e-05
1.232998983e-06
0.0006308269156
0.001164827222
0.0003259846546
2.364858705e-05
1.487108676e-06
0.0006578251293
0.001206463254
0.001707304885
0.0001364927109
9.367062291e-06
0.0007374048156
0.001413944663
0.002379682192
0.0002498197874
2.158539695e-05
0.0008215862628
0.001511929352
0.002362800936
0.0003138012865
3.522829393e-05
0.0008566879746
0.001416150798
0.001887870075
0.0003205534879
4.380178179e-05
0.0008618291687
0.001315014639
0.00166921025
0.001031862194
0.0001560343163
0.0008746647408
0.001302898429
0.001738834526
0.001785982033
0.0003175627148
0.0009034160456
0.001337897067
0.001837637367
0.00213405839
0.0004341562438
0.000933340933
0.001352308636
0.001814037351
0.002083671988
0.000477767672
0.0009530278646
0.001331797762
0.001711200154
0.001900148358
0.0007419870758
0.000968367953
0.001313490401
0.001656081968
0.001881146173
0.001263259159
0.0009880540624
0.001315661255
0.001656928979
0.001943434174
0.001655317838
0.001017611899
0.001336868765
0.001681299287
0.001997216333
0.00186901144
0.001057082352
0.001366210979
0.001698986818
0.001999489107
0.001924931935
0.00110220639
0.001392620879
0.001695673017
0.001950493785
0.001877363681
0.001150265284
0.001417131301
0.001687702872
0.001905538542
0.001845616448
0.001202126241
0.001446615065
0.001692961037
0.001892798334
0.001858292556
0.001259386624
0.001486051647
0.0017174893
0.001910940046
0.001899277557
0.001323165757
0.001536435262
0.001758418442
0.001948377964
0.001949913264
0.001393566659
0.001595939994
0.001809397554
0.001992125601
0.001993228481
0.001470437068
0.001662375647
0.001864945197
0.002033081961
0.00201904184
0.001554351146
0.001735465125
0.001924248913
0.002071040119
0.002028388782
0.001648307674
0.001819317785
0.001991087057
0.002109803826
0.00202350693
0.001755576496
0.001914975477
0.002067271974
0.002148824022
0.001999263208
0.001877721962
0.002023175772
0.002150939412
0.002180421027
0.001944159837
0.00201911795
0.002146528546
0.002236266068
0.002188455716
0.001842939903
0.00218106731
0.002278522693
0.002305770843
0.002146350167
0.00168492408
0.002351623908
0.002396997103
0.002323272895
0.002021202471
0.0014709495
0.002510442617
0.002457246355
0.002235511537
0.001792499723
0.001217559211
0.002582194005
0.002373998467
0.001991059776
0.001472344048
0.0009505251166
0.002419912412
0.002057448255
0.001592535476
0.001107507128
0.000696020924
0.001932509498
0.001538155753
0.0011274357
0.0007590669753
0.0004753597822
0.001295722757
0.0009958484193
0.0007125786311
0.0004763277171
0.0003031248727
0.0007587537181
0.0005759423985
0.0004105196017
0.0002776362687
0.0001822574244
0.0004022360091
0.0003053882169
0.0002201373132
0.0001531286303
0.0001040552118
0.0001970954527
0.0001517110427
0.0001124304538
8.092061883e-05
5.684002909e-05
9.168989582e-05
7.262645071e-05
5.557914801e-05
4.129552982e-05
2.992015285e-05
4.190726215e-05
3.409586086e-05
2.683263714e-05
2.051025279e-05
1.528594308e-05
1.899523519e-05
1.580144701e-05
1.273587038e-05
9.979808763e-06
7.628036806e-06
8.568855104e-06
7.260582759e-06
5.972030965e-06
4.781829996e-06
3.737782905e-06
3.854894633e-06
3.317075629e-06
2.776109185e-06
2.265001761e-06
1.805934396e-06
1.731680767e-06
1.5097221e-06
1.282549217e-06
1.063780187e-06
8.632518488e-07
7.77501515e-07
6.85556283e-07
5.900619324e-07
4.965856417e-07
4.093760737e-07
3.492291554e-07
3.110067798e-07
2.708046963e-07
2.308881255e-07
1.930630533e-07
1.570919143e-07
1.411448926e-07
1.241848473e-07
1.071313948e-07
9.074460066e-08
7.085617611e-08
6.417531877e-08
5.699925297e-08
4.97012393e-08
4.259927476e-08
3.209258159e-08
2.927963226e-08
2.623097705e-08
2.309832902e-08
2.001445306e-08
1.461798503e-08
1.342641646e-08
1.212446902e-08
1.077404847e-08
9.430674194e-09
6.706007736e-09
6.197802945e-09
5.638490502e-09
5.053516939e-09
4.466236764e-09
3.10288855e-09
2.884750199e-09
2.643231532e-09
2.388936981e-09
2.13184101e-09
1.450748217e-09
1.356882702e-09
1.252579429e-09
1.142387761e-09
1.030723669e-09
6.878462941e-10
6.479276237e-10
6.036724674e-10
5.571671409e-10
5.105388275e-10
3.337535935e-10
3.177872157e-10
3.004652415e-10
2.828974526e-10
2.663076327e-10
1.698221814e-10
1.650245771e-10
1.604751728e-10
1.569408194e-10
1.553505824e-10
9.606911941e-11
9.712644266e-11
9.949102758e-11
1.03876873e-10
1.112103899e-10
6.701109561e-11
7.201936878e-11
7.929569043e-11
8.967051009e-11
1.042588649e-10
6.303163375e-11
7.187870547e-11
8.401007151e-11
1.00387808e-10
1.222857353e-10
7.65509837e-11
8.956043967e-11
1.0717868e-10
1.306386893e-10
1.615572993e-10
1.060906709e-10
1.248525604e-10
1.500066334e-10
1.831068205e-10
2.261468621e-10
1.566769471e-10
1.833854631e-10
2.188169718e-10
2.64886978e-10
3.240048344e-10
2.370720686e-10
2.746056469e-10
3.238825886e-10
3.871972829e-10
4.673811687e-10
3.604280394e-10
4.123548488e-10
4.798327264e-10
5.655225821e-10
6.726446715e-10
5.46092958e-10
6.167036158e-10
7.075484334e-10
8.216032526e-10
9.623804194e-10
8.1832469e-10
9.121554399e-10
1.031655584e-09
1.179923457e-09
1.360536157e-09
1.207780439e-09
1.329113866e-09
1.482177311e-09
1.67002865e-09
1.896121746e-09
1.726730997e-09
1.878117428e-09
2.067507558e-09
2.297730914e-09
2.571911427e-09
2.302646005e-09
2.482182298e-09
2.705347841e-09
2.974627243e-09
3.292699503e-09
2.740725954e-09
4.114553681e-10
9.286472182e-11
4.537428034e-11
3.326305326e-11
2.559149495e-11
1.905015069e-11
1.372492401e-11
9.632672163e-12
6.642665348e-12
4.519660533e-12
3.041130602e-12
2.024575697e-12
1.332867112e-12
8.672005369e-13
5.572460553e-13
3.535707033e-13
2.215129337e-13
1.370717913e-13
8.381593769e-14
5.06824381e-14
3.033987859e-14
1.801046032e-14
1.063167782e-14
6.27172477e-15
3.728765455e-15
2.264688627e-15
1.432080927e-15
9.631531346e-16
6.996661666e-16
5.494259002e-16
4.596125873e-16
4.006483671e-16
3.565316252e-16
3.190500866e-16
2.84336576e-16
2.508693818e-16
2.183568236e-16
1.871256477e-16
1.577629178e-16
1.308766377e-16
1.069363223e-16
8.618960147e-17
6.865058359e-17
5.413993747e-17
4.235000978e-17
3.291213543e-17
2.544619343e-17
1.959288383e-17
1.502999648e-17
1.148019309e-17
8.713925178e-18
6.547167466e-18
4.836111192e-18
3.47007172e-18
2.364483121e-18
1.456497405e-18
7.280544119e-19
2.105369657e-19
2.069660103e-20
1.552942091e-07
1.591231573e-08
2.423619998e-09
9.051019252e-10
5.760403148e-10
4.11162502e-10
2.870261086e-10
1.963851802e-10
1.300687682e-10
8.441699919e-11
5.360405321e-11
3.352592354e-11
2.070092455e-11
1.26635177e-11
7.691413061e-12
4.645008565e-12
2.791907394e-12
1.670565935e-12
9.952165177e-13
5.901240426e-13
3.482125734e-13
2.044952505e-13
1.196303026e-13
6.985337162e-14
4.088627284e-14
2.417991825e-14
1.463808745e-14
9.240216469e-15
6.209219993e-15
4.508107216e-15
3.538135422e-15
2.958192654e-15
2.577749724e-15
2.293883046e-15
2.053758038e-15
1.832302417e-15
1.61931834e-15
1.412426691e-15
1.213302126e-15
1.025491587e-15
8.528877165e-16
6.986393596e-16
5.645262959e-16
4.508104092e-16
3.564677683e-16
2.796139198e-16
2.179303542e-16
1.690047485e-16
1.305359567e-16
1.00448697e-16
7.695789837e-17
5.858511992e-17
4.41399543e-17
3.268787895e-17
2.350879866e-17
1.605943127e-17
9.953338268e-18
5.082688197e-18
1.641237666e-18
2.222392583e-19
2.691658309e-07
3.542234382e-08
7.975545767e-09
4.392237538e-09
3.125728974e-09
2.315411811e-09
1.660334202e-09
1.166292295e-09
7.911550289e-10
5.242132523e-10
3.370415458e-10
2.117198257e-10
1.298121322e-10
7.801973525e-11
4.606528555e-11
2.682635506e-11
1.546863381e-11
8.864930036e-12
5.06632819e-12
2.893222143e-12
1.652640212e-12
9.44486174e-13
5.403577152e-13
3.099120173e-13
1.787950133e-13
1.044849709e-13
6.258674808e-14
3.909395069e-14
2.59774076e-14
1.864344996e-14
1.447760877e-14
1.200562492e-14
1.04082612e-14
9.242283962e-15
8.277592667e-15
7.401549126e-15
6.564696761e-15
5.751509723e-15
4.965107947e-15
4.218114913e-15
3.526121646e-15
2.902775395e-15
2.356752041e-15
1.890660485e-15
1.501692469e-15
1.183189078e-15
9.263760212e-16
7.217786828e-16
5.601857958e-16
4.332020463e-16
3.335503007e-16
2.551614041e-16
1.931405972e-16
1.43640529e-16
1.036954845e-16
7.109867495e-17
4.436750749e-17
2.299292756e-17
7.829645412e-18
1.214703616e-18
3.813591479e-07
1.005113099e-07
2.696247567e-08
1.452913039e-08
1.062265553e-08
8.083850967e-09
6.025428846e-09
4.375596745e-09
3.086547135e-09
2.121870012e-09
1.418574564e-09
9.245761993e-10
5.868312614e-10
3.634867827e-10
2.197041777e-10
1.299121443e-10
7.527201099e-11
4.289641829e-11
2.413006778e-11
1.345838756e-11
7.471755448e-12
4.142935977e-12
2.30045343e-12
1.282791744e-12
7.211029505e-13
4.111344368e-13
2.401716175e-13
1.459566845e-13
9.403671547e-14
6.530743143e-14
4.916874959e-14
3.975955708e-14
3.387109459e-14
2.977636639e-14
2.656750346e-14
2.377768582e-14
2.117667795e-14
1.866641129e-14
1.622822963e-14
1.388962318e-14
1.169808128e-14
9.700793723e-15
7.932137643e-15
6.407447654e-15
5.123689937e-15
4.063837331e-15
3.202633511e-15
2.511448147e-15
1.961665359e-15
1.526719744e-15
1.183144507e-15
9.10988992e-16
6.939638213e-16
5.192395084e-16
3.769435117e-16
2.598807935e-16
1.635384241e-16
8.606597804e-17
3.056580192e-17
5.360444478e-18
1.527270891e-06
3.802209859e-07
8.172479909e-08
3.39855223e-08
2.437990057e-08
1.918536701e-08
1.498922653e-08
1.142361904e-08
8.489790738e-09
6.159974933e-09
4.36204767e-09
3.016234247e-09
2.03463919e-09
1.339573227e-09
8.597902169e-10
5.383935519e-10
3.286995164e-10
1.959531018e-10
1.141213103e-10
6.511498439e-11
3.648377881e-11
2.016086802e-11
1.103145594e-11
6.00781656e-12
3.274747668e-12
1.799343982e-12
1.00602498e-12
5.800009594e-13
3.509132446e-13
2.270848092e-13
1.592846731e-13
1.211200847e-13
9.851165713e-14
8.401106352e-14
7.370706378e-14
6.553717437e-14
5.840361335e-14
5.174421752e-14
4.532777787e-14
3.913173168e-14
3.32487151e-14
2.780942738e-14
2.292783137e-14
1.867156606e-14
1.505328641e-14
1.203951444e-14
9.568303133e-15
7.565756494e-15
5.95717837e-15
4.672243843e-15
3.647878912e-15
2.829405838e-15
2.171131226e-15
1.636346734e-15
1.196612197e-15
8.314715592e-16
5.287523289e-16
2.833054807e-16
1.048530998e-16
2.113070978e-17
1.955739439e-06
6.193943601e-07
1.833128432e-07
6.612452801e-08
4.37275909e-08
3.480103544e-08
2.826740081e-08
2.259742488e-08
1.770988485e-08
1.360725852e-08
1.024871708e-08
7.564362032e-09
5.467392634e-09
3.868081565e-09
2.67537713e-09
1.807805898e-09
1.191923049e-09
7.663921432e-10
4.799346257e-10
2.928112351e-10
1.739964643e-10
1.008884683e-10
5.714511312e-11
3.172373715e-11
1.732280664e-11
9.364363817e-12
5.052513436e-12
2.753421712e-12
1.54006351e-12
9.024034072e-13
5.65907315e-13
3.855184589e-13
2.856809976e-13
2.274604318e-13
1.908862515e-13
1.655985853e-13
1.460732236e-13
1.293390912e-13
1.139041767e-13
9.91675461e-14
8.506597626e-14
7.181780618e-14
5.972090577e-14
4.901803224e-14
3.982459224e-14
3.211141755e-14
2.574535056e-14
2.054726066e-14
1.633281679e-14
1.29302e-14
1.018637806e-14
7.96889351e-15
6.166016024e-15
4.686340935e-15
3.458146867e-15
2.429054914e-15
1.567407478e-15
8.603359771e-16
3.343540094e-16
7.857246205e-17
2.853149164e-06
7.673549917e-07
2.996610743e-07
1.186744978e-07
6.850763858e-08
5.28847592e-08
4.371885523e-08
3.616899262e-08
2.953539046e-08
2.374648737e-08
1.879090832e-08
1.463533219e-08
1.121760133e-08
8.458330659e-09
6.270153315e-09
4.56496577e-09
3.258947205e-09
2.277399725e-09
1.554495507e-09
1.034829387e-09
6.706868e-10
4.228346262e-10
2.589964226e-10
1.541295635e-10
8.913544454e-11
5.022187059e-11
2.765892988e-11
1.498338418e-11
8.062634454e-12
4.377920505e-12
2.45157564e-12
1.452719986e-12
9.316912083e-13
6.533090439e-13
4.978699762e-13
4.051792083e-13
3.445055295e-13
2.998499042e-13
2.630193807e-13
2.299586536e-13
1.989430732e-13
1.696552204e-13
1.424378761e-13
1.178566123e-13
9.639458937e-14
7.821378841e-14
6.313388626e-14
5.078015896e-14
4.072216211e-14
3.254938534e-14
2.589939156e-14
2.046527418e-14
1.599348787e-14
1.227948893e-14
9.164281374e-15
6.530141472e-15
4.299561441e-15
2.438513294e-15
1.009160101e-15
2.786751509e-16
4.27325477e-06
7.702131156e-07
3.66700322e-07
1.817200494e-07
1.022825552e-07
7.381134384e-08
6.016222193e-08
5.057303767e-08
4.240346561e-08
3.517044468e-08
2.879994805e-08
2.327504577e-08
1.856583195e-08
1.461903963e-08
1.13631714e-08
8.716653999e-09
6.595018941e-09
4.917392369e-09
3.608046765e-09
2.599768903e-09
1.834920467e-09
1.264951484e-09
8.490610571e-10
5.534815563e-10
3.497507055e-10
2.140513989e-10
1.26825614e-10
7.28207754e-11
4.063640306e-11
2.218641551e-11
1.198382302e-11
6.520894853e-12
3.667574595e-12
2.196066897e-12
1.432812595e-12
1.02610481e-12
7.97517733e-13
6.568829742e-13
5.59620619e-13
4.840042499e-13
4.193260547e-13
3.605215356e-13
3.0587505e-13
2.555743066e-13
2.106400808e-13
1.71902139e-13
1.394402716e-13
1.12723777e-13
9.094514621e-14
7.323592913e-14
5.87898487e-14
4.691990999e-14
3.706832113e-14
2.879885393e-14
2.17832876e-14
1.578282164e-14
1.063190841e-14
6.245407645e-15
2.757324773e-15
8.81141742e-16
1.712684284e-05
1.948723367e-06
6.950788223e-07
3.292287321e-07
1.628694389e-07
1.016160017e-07
7.872820745e-08
6.586731319e-08
5.605464001e-08
4.753393046e-08
3.993319362e-08
3.318511838e-08
2.727283236e-08
2.216975578e-08
1.782871668e-08
1.418541051e-08
1.116529647e-08
8.690475733e-09
6.684561442e-09
5.075738789e-09
3.799029676e-09
2.79747063e-09
2.022169533e-09
1.430605836e-09
9.87090164e-10
6.619833982e-10
4.299067106e-10
2.696257961e-10
1.631188663e-10
9.526932393e-11
5.386610327e-11
2.967774079e-11
1.613682248e-11
8.84485398e-12
5.030193689e-12
3.061263183e-12
2.039377156e-12
1.490527442e-12
1.172551371e-12
9.683052674e-13
8.21511286e-13
7.042453948e-13
6.02282516e-13
5.093349451e-13
4.242709667e-13
3.489413325e-13
2.846127241e-13
2.310263244e-13
1.870938902e-13
1.513543944e-13
1.222666672e-13
9.840318787e-14
7.856531969e-14
6.181822689e-14
4.747916103e-14
3.5059732e-14
2.4222486e-14
1.477353827e-14
6.97230814e-15
2.536469458e-15
4.123626863e-05
4.711124886e-06
1.14481486e-06
5.317019135e-07
2.666403214e-07
1.44031973e-07
1.014477495e-07
8.307936394e-08
7.108166912e-08
6.122624711e-08
5.246522483e-08
4.457256374e-08
3.750931853e-08
3.126447215e-08
2.581477402e-08
2.111812795e-08
1.711714776e-08
1.37450371e-08
1.093095814e-08
8.604451264e-09
6.69716494e-09
5.149473679e-09
3.904828889e-09
2.914248274e-09
2.135363685e-09
1.531923109e-09
1.072898612e-09
7.310912414e-10
4.828947614e-10
3.080857246e-10
1.893213029e-10
1.119779163e-10
6.394878642e-11
3.555808958e-11
1.954377559e-11
1.086216524e-11
6.285277168e-12
3.907900577e-12
2.66137516e-12
1.978477317e-12
1.572445593e-12
1.303984815e-12
1.104699885e-12
9.402600709e-13
7.940009895e-13
6.61233064e-13
5.439574102e-13
4.439967217e-13
3.609439686e-13
2.929351167e-13
2.375608595e-13
1.923125572e-13
1.548789229e-13
1.233344013e-13
9.622955105e-14
7.252728856e-14
5.148953519e-14
3.267481156e-14
1.650601211e-14
6.717135104e-15
6.559328254e-05
8.451636374e-06
1.45190117e-06
6.482897377e-07
3.602002357e-07
2.012079214e-07
1.307509274e-07
1.031370657e-07
8.805929356e-08
7.67175092e-08
6.680977337e-08
5.780297478e-08
4.960099886e-08
4.219760904e-08
3.559157478e-08
2.976603452e-08
2.468627302e-08
2.030012889e-08
1.655594914e-08
1.338658243e-08
1.072352838e-08
8.502560178e-09
6.66455292e-09
5.156337068e-09
3.930720089e-09
2.946154899e-09
2.166163739e-09
1.558478151e-09
1.094140713e-09
7.473246575e-10
4.951413278e-10
3.172557491e-10
1.960607006e-10
1.167793137e-10
6.726672226e-11
3.78128037e-11
2.106554471e-11
1.189821089e-11
7.032826428e-12
4.496291478e-12
3.160896561e-12
2.417368946e-12
1.959788005e-12
1.640493378e-12
1.389165705e-12
1.172578854e-12
9.787624776e-13
8.072142705e-13
6.602156571e-13
5.378321569e-13
4.375771083e-13
3.556996117e-13
2.883035726e-13
2.31879646e-13
1.83570413e-13
1.411853786e-13
1.030858912e-13
6.81540085e-14
3.685797371e-14
1.650433992e-14
8.216804358e-05
1.21330636e-05
1.850198199e-06
6.8431611e-07
4.114862094e-07
2.610975374e-07
1.699273434e-07
1.278851732e-07
1.073345778e-07
9.375831234e-08
8.260118162e-08
7.252591979e-08
6.324520368e-08
5.471791138e-08
4.694693338e-08
3.996723957e-08
3.377214902e-08
2.83216831e-08
2.356908729e-08
1.94603086e-08
1.593288144e-08
1.292535627e-08
1.037959176e-08
8.241311977e-09
6.460583953e-09
4.992066164e-09
3.794902594e-09
2.832223211e-09
2.070518068e-09
1.479137847e-09
1.02998914e-09
6.973761825e-10
4.579654731e-10
2.910860896e-10
1.788933679e-10
1.064194644e-10
6.152481272e-11
3.486698378e-11
1.96942871e-11
1.139856627e-11
7.020202971e-12
4.742921305e-12
3.52136421e-12
2.805011618e-12
2.32594085e-12
1.96078271e-12
1.654801312e-12
1.386176713e-12
1.148717707e-12
9.433529845e-13
7.7088101e-13
6.288636945e-13
5.122133134e-13
4.152281508e-13
3.327999867e-13
2.607676376e-13
1.957367925e-13
1.349164745e-13
7.807098684e-14
3.79266283e-14
0.0001391156925
2.254980305e-05
3.503348563e-06
8.825274549e-07
4.703898649e-07
3.13704839e-07
2.17482943e-07
1.590777596e-07
1.292306615e-07
1.112674949e-07
9.799909279e-08
8.666996407e-08
7.631650361e-08
6.683449589e-08
5.799998855e-08
5.014185045e-08
4.304606061e-08
3.669110703e-08
3.104525359e-08
2.606961837e-08
2.171771891e-08
1.793920474e-08
1.468194648e-08
1.189423404e-08
9.52663545e-09
7.533001155e-09
5.870916786e-09
4.501474322e-09
3.388844682e-09
2.499752371e-09
1.802935382e-09
1.268779489e-09
8.693535578e-10
5.788494232e-10
3.739788476e-10
2.342571848e-10
1.423206849e-10
8.405403317e-11
4.854275458e-11
2.779013918e-11
1.616251324e-11
9.897132961e-12
6.599095913e-12
4.835302957e-12
3.820641114e-12
3.155407328e-12
2.654980501e-12
2.242146856e-12
1.885240146e-12
1.57176723e-12
1.298930407e-12
1.06672759e-12
8.730275143e-13
7.121152205e-13
5.765632638e-13
4.592304113e-13
3.538245429e-13
2.543241151e-13
1.573771277e-13
8.207167512e-14
0.0002587322964
4.591837244e-05
7.656615363e-06
1.474911905e-06
6.149450053e-07
3.831529536e-07
2.703061272e-07
1.976114423e-07
1.528740576e-07
1.265329372e-07
1.087425267e-07
9.515294682e-08
8.381356827e-08
7.387713006e-08
6.463837756e-08
5.649420323e-08
4.906581658e-08
4.234638832e-08
3.63062029e-08
3.091219067e-08
2.612847331e-08
2.191589127e-08
1.823247658e-08
1.503388063e-08
1.227485631e-08
9.910795404e-09
7.89981997e-09
6.20444296e-09
4.791660272e-09
3.631553271e-09
2.695371007e-09
1.955214882e-09
1.383879337e-09
9.543521393e-10
6.404693541e-10
4.179025837e-10
2.649845929e-10
1.633458816e-10
9.810437758e-11
5.774310796e-11
3.373558614e-11
2.001650642e-11
1.247155708e-11
8.421970718e-12
6.224746906e-12
4.945139518e-12
4.097256139e-12
3.454847063e-12
2.924349285e-12
2.468009806e-12
2.069937375e-12
1.722944728e-12
1.424559074e-12
1.171676359e-12
9.577696636e-13
7.73861124e-13
6.10228825e-13
4.56308873e-13
3.015164155e-13
1.680393259e-13
0.0003758457759
7.414507579e-05
1.375236405e-05
2.526667903e-06
8.054481993e-07
4.570887085e-07
3.181118513e-07
2.350610572e-07
1.772718949e-07
1.36444756e-07
1.097189387e-07
9.219192122e-08
7.962140659e-08
6.989904557e-08
6.155704059e-08
5.416510685e-08
4.750372304e-08
4.147329486e-08
3.601608029e-08
3.109279437e-08
2.667165839e-08
2.272286158e-08
1.921638468e-08
1.612139786e-08
1.340608062e-08
1.103867272e-08
8.988123352e-09
7.224490044e-09
5.719952543e-09
4.450769002e-09
3.39669975e-09
2.536994356e-09
1.850216701e-09
1.315629642e-09
9.11446857e-10
6.147635973e-10
4.036751461e-10
2.582186442e-10
1.611034762e-10
9.833516274e-11
5.913615444e-11
3.553121698e-11
2.183421091e-11
1.414864529e-11
9.913351073e-12
7.537891093e-12
6.099303817e-12
5.108170024e-12
4.334934494e-12
3.685413625e-12
3.124074942e-12
2.63511647e-12
2.209193743e-12
1.84099018e-12
1.524383249e-12
1.250234474e-12
1.006692185e-12
7.792528609e-13
5.474227993e-13
3.263359312e-13
0.0004664416479
0.00010147654
2.078853681e-05
4.080030269e-06
1.028651393e-06
5.115908138e-07
3.479467884e-07
2.587225021e-07
1.955564452e-07
1.455565133e-07
1.05360226e-07
7.917611946e-08
6.460257558e-08
5.549429213e-08
4.874893171e-08
4.31630104e-08
3.824549662e-08
3.381174474e-08
2.977858045e-08
2.610237976e-08
2.275649291e-08
1.972135402e-08
1.697980016e-08
1.451497098e-08
1.230957252e-08
1.034592195e-08
8.606608973e-09
7.075128683e-09
5.736132385e-09
4.576382993e-09
3.585130808e-09
2.752252333e-09
2.066630022e-09
1.514925093e-09
1.082513327e-09
7.536080769e-10
5.110726908e-10
3.378817175e-10
2.180882221e-10
1.378465693e-10
8.579889946e-11
5.309051049e-11
3.319634821e-11
2.148619501e-11
1.477375629e-11
1.095202879e-11
8.69907521e-12
7.2399985e-12
6.163335686e-12
5.279522624e-12
4.515822694e-12
3.848573069e-12
3.26626779e-12
2.759411968e-12
2.318654266e-12
1.93317094e-12
1.58913368e-12
1.268023259e-12
9.404186542e-13
6.009932022e-13
0.0005233142046
0.000124154227
2.776456608e-05
5.908305207e-06
1.342007811e-06
5.488002105e-07
3.556002281e-07
2.653367534e-07
2.018811294e-07
1.505243548e-07
1.063416892e-07
7.005419953e-08
4.840116038e-08
3.866214883e-08
3.34134949e-08
2.967042595e-08
2.654180009e-08
2.37575269e-08
2.121499335e-08
1.88695809e-08
1.670163716e-08
1.470182216e-08
1.286408174e-08
1.118274917e-08
9.651508295e-09
8.263057571e-09
7.009515436e-09
5.883098322e-09
4.876816619e-09
3.98492064e-09
3.202554816e-09
2.52552464e-09
1.95001147e-09
1.471380913e-09
1.083343467e-09
7.780624729e-10
5.452968368e-10
3.729759103e-10
2.492019811e-10
1.630827909e-10
1.050590486e-10
6.723196276e-11
4.334446969e-11
2.868443813e-11
1.99182987e-11
1.475856255e-11
1.168558e-11
9.739905909e-12
8.358461458e-12
7.246313955e-12
6.275821224e-12
5.408994434e-12
4.640707054e-12
3.967499852e-12
3.379838097e-12
2.863826748e-12
2.401825825e-12
1.970364756e-12
1.531282445e-12
1.049988478e-12
0.0005877258636
0.0001492787761
3.588257129e-05
8.225093773e-06
1.872671638e-06
6.147158203e-07
3.588185518e-07
2.629575776e-07
2.009883985e-07
1.508202578e-07
1.080463169e-07
7.072943698e-08
4.173445672e-08
2.726702759e-08
2.179958508e-08
1.90341466e-08
1.706779102e-08
1.540356537e-08
1.38917695e-08
1.24803142e-08
1.115690375e-08
9.918842736e-09
8.765676775e-09
7.697838726e-09
6.715162613e-09
5.815241795e-09
4.994810614e-09
4.250384229e-09
3.578489286e-09
2.975992513e-09
2.440193751e-09
1.968780059e-09
1.559718896e-09
1.210933728e-09
9.198046402e-10
6.828593081e-10
4.953807485e-10
3.512424818e-10
2.437231022e-10
1.658933354e-10
1.112222907e-10
7.401789983e-11
4.952207966e-11
3.391796245e-11
2.423140497e-11
1.831388307e-11
1.469175137e-11
1.238310995e-11
1.076716753e-11
9.484078937e-12
8.3543588e-12
7.313876573e-12
6.359121053e-12
5.502468507e-12
4.746944577e-12
4.082044137e-12
3.487385909e-12
2.933165224e-12
2.371686724e-12
1.738488465e-12
0.0007433307265
0.0001979123302
5.020348675e-05
1.221872065e-05
2.8980739e-06
8.0576579e-07
3.912620151e-07
2.686033044e-07
2.018769021e-07
1.51712564e-07
1.101178161e-07
7.4595664e-08
4.416141991e-08
2.353312736e-08
1.550080575e-08
1.261861639e-08
1.107495381e-08
9.933265235e-09
8.948756398e-09
8.046208723e-09
7.202171794e-09
6.410959866e-09
5.672386837e-09
4.987409543e-09
4.356192768e-09
3.777140276e-09
3.250688969e-09
2.774482006e-09
2.346451166e-09
1.964550939e-09
1.626946054e-09
1.331042493e-09
1.074181457e-09
8.537770556e-10
6.672708671e-10
5.120908497e-10
3.855289527e-10
2.846107e-10
2.061477495e-10
1.467807848e-10
1.031509455e-10
7.207841141e-11
5.064122233e-11
3.631259733e-11
2.702808298e-11
2.11385661e-11
1.74072066e-11
1.496929294e-11
1.324672999e-11
1.187750884e-11
1.066012123e-11
9.507552593e-12
8.407139096e-12
7.381307953e-12
6.452977399e-12
5.627090614e-12
4.888624597e-12
4.203442219e-12
3.513291106e-12
2.72915287e-12
0.0009316414686
0.0002630935905
7.092698859e-05
1.840051896e-05
4.630976552e-06
1.216360476e-06
4.788965789e-07
2.939392658e-07
2.11668401e-07
1.572285773e-07
1.150658624e-07
8.019240763e-08
5.037647313e-08
2.647071092e-08
1.368825762e-08
9.481580672e-09
7.831464527e-09
6.8438115e-09
6.073886065e-09
5.400108879e-09
4.785775392e-09
4.219122866e-09
3.696773182e-09
3.217941795e-09
2.78217209e-09
2.388398948e-09
2.0351319e-09
1.720798143e-09
1.443793015e-09
1.201982752e-09
9.926114585e-10
8.138014336e-10
6.62108795e-10
5.341949871e-10
4.269437074e-10
3.375102477e-10
2.634079874e-10
2.027068967e-10
1.538072791e-10
1.152398996e-10
8.556797964e-11
6.338501737e-11
4.73024222e-11
3.599266861e-11
2.826884908e-11
2.312204573e-11
1.971766336e-11
1.740622536e-11
1.572349448e-11
1.435951443e-11
1.31256371e-11
1.192802059e-11
1.074353399e-11
9.593635225e-12
8.514497918e-12
7.531330178e-12
6.645101158e-12
5.82545836e-12
5.005552128e-12
4.077905204e-12
0.001107590452
0.0003323818244
9.544511402e-05
2.64467611e-05
7.105142709e-06
1.903865716e-06
6.361773951e-07
3.384061995e-07
2.299403866e-07
1.675235621e-07
1.229536933e-07
8.781636841e-08
5.854197418e-08
3.352818514e-08
1.585887276e-08
8.705364253e-09
6.359142011e-09
5.273813702e-09
4.55425107e-09
3.971971614e-09
3.461025317e-09
3.000529213e-09
2.58379695e-09
2.208382023e-09
1.872877752e-09
1.575704407e-09
1.314550611e-09
1.087514592e-09
8.929728063e-10
7.286153283e-10
5.917722971e-10
4.795007191e-10
3.884497482e-10
3.149794702e-10
2.553780778e-10
2.068082315e-10
1.668055773e-10
1.336959627e-10
1.064181176e-10
8.421183926e-11
6.64374155e-11
5.253657589e-11
4.195696975e-11
3.41295071e-11
2.849039548e-11
2.451313633e-11
2.17281924e-11
1.973369569e-11
1.821032278e-11
1.692746704e-11
1.573374186e-11
1.454524883e-11
1.333450781e-11
1.211665607e-11
1.092999529e-11
9.813432713e-12
8.787406776e-12
7.835841009e-12
6.891497871e-12
5.83211819e-12
0.001251213786
0.0003973523714
0.0001210835547
3.569593061e-05
1.021312917e-05
2.86966238e-06
8.815024814e-07
4.005097506e-07
2.53117417e-07
1.801589324e-07
1.322592775e-07
9.617499507e-08
6.683337198e-08
4.207217242e-08
2.187490993e-08
1.01064824e-08
6.083428525e-09
4.624305026e-09
3.835580092e-09
3.267288563e-09
2.796090946e-09
2.384043997e-09
2.018102905e-09
1.693174005e-09
1.406783993e-09
1.15705631e-09
9.419517052e-10
7.590680666e-10
6.058207217e-10
4.798902341e-10
3.785886083e-10
2.987914831e-10
2.372170307e-10
1.903700319e-10
1.54773858e-10
1.273585361e-10
1.05718231e-10
8.818868011e-11
7.36958902e-11
6.170641641e-11
5.181820795e-11
4.378625615e-11
3.740514606e-11
3.24481011e-11
2.867768676e-11
2.585380226e-11
2.374116306e-11
2.212283696e-11
2.08084514e-11
1.96448647e-11
1.852292731e-11
1.737683148e-11
1.618053171e-11
1.494254111e-11
1.369582642e-11
1.248278678e-11
1.133775776e-11
1.026420607e-11
9.207200268e-12
8.0331315e-12
0.0013563709
0.0004541832296
0.0001463280701
4.569666935e-05
1.386074852e-05
4.104932739e-06
1.24238677e-06
4.878256144e-07
2.797938944e-07
1.930247636e-07
1.415178362e-07
1.046164966e-07
7.529845192e-08
5.07708158e-08
2.985255726e-08
1.419612027e-08
6.981741913e-09
4.609612162e-09
3.600364608e-09
2.982548354e-09
2.510592634e-09
2.113359309e-09
1.767581364e-09
1.464614944e-09
1.200405287e-09
9.721931295e-10
7.774835125e-10
6.137839348e-10
4.785096734e-10
3.69127668e-10
2.829614001e-10
2.168165263e-10
1.673317179e-10
1.312547115e-10
1.054136872e-10
8.693358012e-11
7.347004379e-11
6.331036608e-11
5.53185117e-11
4.881218016e-11
4.340698651e-11
3.889582375e-11
3.516589565e-11
3.213100356e-11
2.968495915e-11
2.772690403e-11
2.615061769e-11
2.484558252e-11
2.370969082e-11
2.265176051e-11
2.159800342e-11
2.049885865e-11
1.933206215e-11
1.810102256e-11
1.683022956e-11
1.555727262e-11
1.43212871e-11
1.314267303e-11
1.198911006e-11
1.072546748e-11
0.0014201164
0.0004998632545
0.0001691435313
5.557099025e-05
1.775849551e-05
5.529934932e-06
1.710625729e-06
6.075906486e-07
3.101808252e-07
2.044860512e-07
1.490430491e-07
1.117176872e-07
8.275156807e-08
5.866591872e-08
3.822218835e-08
2.105718298e-08
9.696007139e-09
5.269525645e-09
3.717927759e-09
2.955488381e-09
2.444414512e-09
2.03866658e-09
1.694328765e-09
1.396140346e-09
1.137756467e-09
9.156720951e-10
7.271396393e-10
5.694644424e-10
4.397532028e-10
3.349346034e-10
2.524139072e-10
1.895529161e-10
1.431273474e-10
1.098478818e-10
8.666527864e-11
7.085879775e-11
6.014165815e-11
5.275417783e-11
4.745896478e-11
4.345611139e-11
4.026770861e-11
3.762893042e-11
3.539936435e-11
3.350174577e-11
3.188067871e-11
3.048342074e-11
2.926488622e-11
2.816925462e-11
2.714429755e-11
2.614369451e-11
2.512545918e-11
2.405318134e-11
2.290623729e-11
2.168366794e-11
2.040237916e-11
1.909222221e-11
1.778998564e-11
1.652587568e-11
1.529275404e-11
1.397552355e-11
0.001438433023
0.0005304668835
0.0001882675831
6.491744127e-05
2.177564066e-05
7.109568697e-06
2.278886693e-06
7.726599052e-07
3.492223038e-07
2.15597039e-07
1.547145593e-07
1.170657017e-07
8.882840004e-08
6.546526051e-08
4.549513816e-08
2.846510523e-08
1.480840741e-08
6.98890964e-09
4.206743643e-09
3.123305955e-09
2.517475052e-09
2.080201861e-09
1.723334941e-09
1.418804955e-09
1.156295738e-09
9.30957556e-10
7.395907126e-10
5.793586456e-10
4.474159059e-10
3.407999407e-10
2.564588766e-10
1.915693954e-10
1.433037846e-10
1.086259826e-10
8.455014415e-11
6.835512521e-11
5.772724701e-11
5.082685369e-11
4.629494598e-11
4.320068685e-11
4.095042504e-11
3.919048632e-11
3.772291759e-11
3.644219896e-11
3.52913772e-11
3.423410899e-11
3.323999526e-11
3.227760366e-11
3.131701934e-11
3.033268249e-11
2.930844735e-11
2.822661583e-11
2.707303012e-11
2.584374668e-11
2.454883635e-11
2.320971805e-11
2.18581004e-11
2.052810873e-11
1.923522633e-11
1.790976006e-11
0.001414037308
0.0005437151232
0.0002012814603
7.239265837e-05
2.535964539e-05
8.651903307e-06
2.884259261e-06
9.743789502e-07
3.986497221e-07
2.266310325e-07
1.583354313e-07
1.203258584e-07
9.318930232e-08
7.097679964e-08
5.18577155e-08
3.528339905e-08
2.10200559e-08
1.031721378e-08
5.261922037e-09
3.494361152e-09
2.697826423e-09
2.197759795e-09
1.814732135e-09
1.495555409e-09
1.222333828e-09
9.878803982e-10
7.88277438e-10
6.205028295e-10
4.816754211e-10
3.688676852e-10
2.790522385e-10
2.092587517e-10
1.566722461e-10
1.183875661e-10
9.149280536e-11
7.328596778e-11
6.138430815e-11
5.382471322e-11
4.909822748e-11
4.612288698e-11
4.417226503e-11
4.278842687e-11
4.16999241e-11
4.075541948e-11
3.987505798e-11
3.90169515e-11
3.815741801e-11
3.727803294e-11
3.635922774e-11
3.538344401e-11
3.433955832e-11
3.322271694e-11
3.203320216e-11
3.077340446e-11
2.945018022e-11
2.808122528e-11
2.669462404e-11
2.53263896e-11
2.400743854e-11
2.28317868e-11
0.001348305693
0.0005386146203
0.0002074560725
7.771397524e-05
2.836095922e-05
1.008437078e-05
3.498435645e-06
1.205579005e-06
4.632318644e-07
2.401720202e-07
1.611043305e-07
1.218465087e-07
9.575512907e-08
7.488918776e-08
5.686237e-08
4.102756962e-08
2.723150066e-08
1.546137354e-08
7.487057513e-09
4.225998823e-09
3.006522491e-09
2.378723079e-09
1.949040837e-09
1.606692682e-09
1.317882492e-09
1.07059166e-09
8.594478155e-10
6.81055221e-10
5.324892375e-10
4.108547397e-10
3.132043667e-10
2.365327239e-10
1.77954177e-10
1.346672373e-10
1.037988509e-10
8.260006048e-11
6.861101504e-11
5.973295377e-11
5.428991865e-11
5.102893767e-11
4.907142826e-11
4.783759695e-11
4.696681316e-11
4.62480275e-11
4.556565652e-11
4.486063959e-11
4.410434661e-11
4.328502952e-11
4.239445338e-11
4.142292228e-11
4.036268463e-11
3.921097989e-11
3.797295306e-11
3.666152767e-11
3.529421075e-11
3.38931874e-11
3.249340048e-11
3.114407894e-11
2.997820033e-11
2.921003574e-11
0.001245245687
0.0005147555254
0.0002056829075
8.002707355e-05
3.034577267e-05
1.122218145e-05
4.048803582e-06
1.438131349e-06
5.384361651e-07
2.562468134e-07
1.628982963e-07
1.216656286e-07
9.651883761e-08
7.713771714e-08
6.043899562e-08
4.55777661e-08
3.237385848e-08
2.083907024e-08
1.135995969e-08
5.689653006e-09
3.531605623e-09
2.638951662e-09
2.122231149e-09
1.743801833e-09
1.434207167e-09
1.171126747e-09
9.461836876e-10
7.551504798e-10
5.949560435e-10
4.627436686e-10
3.556322994e-10
2.706706295e-10
2.049201661e-10
1.555755488e-10
1.198387612e-10
9.49174089e-11
7.824093031e-11
6.757290198e-11
6.106131632e-11
5.72680847e-11
5.514442539e-11
5.396954549e-11
5.327571474e-11
5.277665056e-11
5.23081456e-11
5.178326408e-11
5.11608709e-11
5.042525712e-11
4.957459002e-11
4.861116412e-11
4.753637039e-11
4.635538441e-11
4.507707371e-11
4.37187461e-11
4.231139835e-11
4.090139852e-11
3.955776937e-11
3.845192844e-11
3.774974614e-11
3.756080288e-11
0.001112393291
0.0004751896626
0.0001968170258
7.946271459e-05
3.129573929e-05
1.20242685e-05
4.50843674e-06
1.657959078e-06
6.216556652e-07
2.765728511e-07
1.647425924e-07
1.203074282e-07
9.571140477e-08
7.780114037e-08
6.259436366e-08
4.895712015e-08
3.66198745e-08
2.555493006e-08
1.580711552e-08
8.245216439e-09
4.433436591e-09
3.01109343e-09
2.338294828e-09
1.903903858e-09
1.566890451e-09
1.285219913e-09
1.044770471e-09
8.39710188e-10
6.665957177e-10
5.225672077e-10
4.048142244e-10
3.104741943e-10
2.366057497e-10
1.803667126e-10
1.389901744e-10
1.096901046e-10
8.979698691e-11
7.692037145e-11
6.90347598e-11
6.450991952e-11
6.211182708e-11
6.095998515e-11
6.046060458e-11
6.023484983e-11
6.005510685e-11
5.979451393e-11
5.938949204e-11
5.881418202e-11
5.806595714e-11
5.715383061e-11
5.60916912e-11
5.489901322e-11
5.36012252e-11
5.223376455e-11
5.08512541e-11
4.954478956e-11
4.853388117e-11
4.800388429e-11
4.806554131e-11
4.83344116e-11
0.0009617724931
0.0004246185297
0.0001821214781
7.618718053e-05
3.111371024e-05
1.240287749e-05
4.830428171e-06
1.842955268e-06
7.04359797e-07
3.006836118e-07
1.672755214e-07
1.180569925e-07
9.354071665e-08
7.697005728e-08
6.330770807e-08
5.103930584e-08
3.976034096e-08
2.942237469e-08
2.008968217e-08
1.186264893e-08
6.09008569e-09
3.611135364e-09
2.624409715e-09
2.090091509e-09
1.713692385e-09
1.409940512e-09
1.152730547e-09
9.328245504e-10
7.459962389e-10
5.893161925e-10
4.60064975e-10
3.554730206e-10
2.726769585e-10
2.088120207e-10
1.611107874e-10
1.267999893e-10
1.031489397e-10
8.76353671e-11
7.805817295e-11
7.259418871e-11
6.981337282e-11
6.865872882e-11
6.839158437e-11
6.852239905e-11
6.874386002e-11
6.887490354e-11
6.881788534e-11
6.852904264e-11
6.79990338e-11
6.723956193e-11
6.627729683e-11
6.514914124e-11
6.390811529e-11
6.263078829e-11
6.143394888e-11
6.058209026e-11
6.027994083e-11
6.059800823e-11
6.130095994e-11
6.169473866e-11
0.0008045750054
0.000367276712
0.0001630912457
7.067802187e-05
2.992412253e-05
1.237449676e-05
4.999205877e-06
1.977321289e-06
7.762734118e-07
3.255571824e-07
1.70204451e-07
1.149515246e-07
9.009042627e-08
7.471151555e-08
6.260563402e-08
5.180643722e-08
4.173876887e-08
3.229238489e-08
2.3529837e-08
1.558478491e-08
8.847471354e-09
4.710547076e-09
3.055811351e-09
2.323806954e-09
1.879226732e-09
1.54515235e-09
1.268914645e-09
1.033508989e-09
8.325385316e-10
6.62665216e-10
5.212540365e-10
4.056844849e-10
3.132176167e-10
2.410267111e-10
1.863294077e-10
1.463597802e-10
1.183637505e-10
9.973173655e-11
8.810237137e-11
8.145272948e-11
7.814949384e-11
7.694650775e-11
7.694271485e-11
7.75194365e-11
7.827247373e-11
7.895169088e-11
7.941342686e-11
7.958519942e-11
7.944339732e-11
7.899948865e-11
7.829188488e-11
7.738393389e-11
7.637494686e-11
7.54157252e-11
7.482510149e-11
7.48297016e-11
7.545355654e-11
7.644301988e-11
7.726312141e-11
7.755352544e-11
0.0006503263238
0.0003070170732
0.0001411256176
6.332722848e-05
2.776830612e-05
1.189852263e-05
4.983175958e-06
2.044159113e-06
8.28131319e-07
3.475097991e-07
1.72996822e-07
1.111613709e-07
8.55277569e-08
7.119915441e-08
6.062012201e-08
5.135106068e-08
4.261916108e-08
3.424293194e-08
2.626159683e-08
1.878792574e-08
1.196398186e-08
6.543888548e-09
3.743064123e-09
2.631805311e-09
2.070585777e-09
1.692795949e-09
1.393522914e-09
1.141423127e-09
9.259026094e-10
7.425177593e-10
5.884973076e-10
4.61358708e-10
3.585312085e-10
2.772911761e-10
2.148702255e-10
1.685556546e-10
1.356094909e-10
1.133329122e-10
9.922378512e-11
9.107749012e-11
8.705736948e-11
8.571725737e-11
8.597813935e-11
8.7074407e-11
8.848795942e-11
8.988469293e-11
9.106087417e-11
9.190624117e-11
9.237676522e-11
9.247917454e-11
9.226471404e-11
9.183611969e-11
9.136557668e-11
9.122351344e-11
9.166051175e-11
9.266484476e-11
9.392860801e-11
9.497853833e-11
9.554980076e-11
9.568410812e-11
0.0005058738297
0.0002470446018
0.0001175330251
5.458940719e-05
2.477899159e-05
1.099593081e-05
4.769416809e-06
2.024145689e-06
8.461756287e-07
3.597623143e-07
1.73598347e-07
1.063367311e-07
7.988826864e-08
6.655615139e-08
5.747422778e-08
4.975581108e-08
4.242564615e-08
3.5221297e-08
2.815401923e-08
2.133879436e-08
1.491993095e-08
9.075273094e-09
4.926109021e-09
3.09403779e-09
2.309841601e-09
1.857513946e-09
1.527178877e-09
1.25638417e-09
1.02584204e-09
8.287366068e-10
6.618110347e-10
5.226392086e-10
4.088364717e-10
3.178657112e-10
2.470537421e-10
1.93724017e-10
1.551671868e-10
1.28647058e-10
1.115527193e-10
1.015182773e-10
9.651121492e-11
9.488046537e-11
9.535591141e-11
9.700857834e-11
9.918935946e-11
1.014631303e-10
1.035563381e-10
1.053126578e-10
1.066606746e-10
1.076013734e-10
1.082074468e-10
1.086370504e-10
1.092729455e-10
1.103760483e-10
1.119281644e-10
1.135478603e-10
1.147939407e-10
1.155024291e-10
1.157647256e-10
1.157839976e-10
0.0003764416473
0.000190251596
9.368971891e-05
4.503471283e-05
2.115210744e-05
9.711737143e-06
4.359751175e-06
1.915125852e-06
8.270837802e-07
3.590885e-07
1.707327652e-07
1.00299276e-07
7.335084588e-08
6.099080942e-08
5.336745144e-08
4.717545268e-08
4.126326781e-08
3.528561951e-08
2.922042233e-08
2.316823495e-08
1.727091442e-08
1.169449571e-08
6.856736477e-09
3.887923755e-09
2.649122155e-09
2.056386435e-09
1.675371081e-09
1.380232908e-09
1.133134237e-09
9.218235836e-10
7.41652427e-10
5.900193525e-10
4.646901361e-10
3.633315451e-10
2.834186945e-10
2.22331434e-10
1.774233427e-10
1.459747963e-10
1.252975659e-10
1.128891683e-10
1.065342351e-10
1.043769993e-10
1.049464865e-10
1.07135007e-10
1.101439787e-10
1.134263497e-10
1.166290425e-10
1.195382753e-10
1.220516453e-10
1.241679995e-10
1.259938425e-10
1.278727785e-10
1.300297233e-10
1.324521768e-10
1.347339796e-10
1.363304048e-10
1.371880176e-10
1.375068306e-10
1.37535561e-10
1.374952141e-10
0.0002654988155
0.0001390840392
7.095664341e-05
3.531248611e-05
1.716280673e-05
8.151737843e-06
3.785371929e-06
1.719188766e-06
7.663876835e-07
3.413082764e-07
1.622092109e-07
9.250252782e-08
6.596531806e-08
5.470482179e-08
4.851367021e-08
4.379783882e-08
3.92807814e-08
3.45458942e-08
2.953891071e-08
2.435013042e-08
1.911567149e-08
1.397791462e-08
9.086413828e-09
5.16684792e-09
3.159233479e-09
2.307878216e-09
1.842785623e-09
1.51434631e-09
1.248240465e-09
1.022131408e-09
8.28479299e-10
6.640658824e-10
5.26716057e-10
4.143123932e-10
3.245471311e-10
2.549213923e-10
2.028623231e-10
1.657114611e-10
1.407547627e-10
1.25382577e-10
1.172155075e-10
1.141987523e-10
1.146543965e-10
1.172814367e-10
1.211182913e-10
1.254948108e-10
1.299651798e-10
1.342548893e-10
1.382302474e-10
1.418903679e-10
1.454902351e-10
1.492001841e-10
1.529724893e-10
1.564371484e-10
1.588550424e-10
1.601013091e-10
1.605655641e-10
1.605993058e-10
1.604839842e-10
1.604150735e-10
0.0001760035568
9.58261022e-05
5.07360287e-05
2.617263413e-05
1.317316947e-05
6.474904861e-06
3.110036135e-06
1.461029244e-06
6.730352487e-07
3.081063064e-07
1.478858786e-07
8.290676572e-08
5.793024e-08
4.79711252e-08
4.316525653e-08
3.984210827e-08
3.665160034e-08
3.312577695e-08
2.917936446e-08
2.488645268e-08
2.037417701e-08
1.577895442e-08
1.124196482e-08
6.99407713e-09
4.011414455e-09
2.670094334e-09
2.047626324e-09
1.663515812e-09
1.372409751e-09
1.130059201e-09
9.226068385e-10
7.451977904e-10
5.954457554e-10
4.714200366e-10
3.710681216e-10
2.920965851e-10
2.320398797e-10
1.883375458e-10
1.583108965e-10
1.39278891e-10
1.287246511e-10
1.2440686e-10
1.244396411e-10
1.273173979e-10
1.319033144e-10
1.373890592e-10
1.432280774e-10
1.490842271e-10
1.547988628e-10
1.604810807e-10
1.662185316e-10
1.7191008e-10
1.771896979e-10
1.812156565e-10
1.834542452e-10
1.843547251e-10
1.845463806e-10
1.844120026e-10
1.842077318e-10
1.841288513e-10
0.0001100612859
6.232125962e-05
3.426504366e-05
1.833119706e-05
9.55793389e-06
4.86264454e-06
2.416019592e-06
1.173536147e-06
5.586425686e-07
2.635201386e-07
1.287429813e-07
7.184170829e-08
4.957553414e-08
4.111827593e-08
3.761810438e-08
3.556051252e-08
3.358136952e-08
3.118628988e-08
2.826185712e-08
2.486241023e-08
2.110347906e-08
1.711024139e-08
1.300832908e-08
8.950688989e-09
5.391356807e-09
3.255399258e-09
2.323704799e-09
1.839117085e-09
1.509623704e-09
1.24706047e-09
1.024715716e-09
8.33926437e-10
6.714136443e-10
5.35247062e-10
4.236091788e-10
3.344755538e-10
2.655606036e-10
2.144131465e-10
1.784404303e-10
1.54951254e-10
1.413232351e-10
1.351486551e-10
1.343392409e-10
1.371787559e-10
1.423421214e-10
1.488677658e-10
1.56100142e-10
1.63641069e-10
1.713978467e-10
1.793450734e-10
1.873397556e-10
1.95033666e-10
2.01644223e-10
2.060273627e-10
2.081285912e-10
2.087981139e-10
2.087916116e-10
2.085380739e-10
2.082952546e-10
2.082177512e-10
6.531504689e-05
3.844949803e-05
2.19465957e-05
1.217368642e-05
6.574167268e-06
3.461105871e-06
1.778334372e-06
8.928066749e-07
4.39156884e-07
2.13685893e-07
1.068408427e-07
5.998145656e-08
4.126687067e-08
3.445849044e-08
3.215569185e-08
3.1197817e-08
3.027984461e-08
2.89001304e-08
2.692285945e-08
2.43808977e-08
2.137530601e-08
1.802372228e-08
1.444183113e-08
1.074767275e-08
7.083030394e-09
4.175266697e-09
2.72057421e-09
2.056566069e-09
1.66443396e-09
1.374821613e-09
1.135577755e-09
9.307744439e-10
7.55118629e-10
6.063414101e-10
4.827888232e-10
3.827092642e-10
3.040645179e-10
2.445549772e-10
2.017036616e-10
1.728712647e-10
1.553755303e-10
1.46672358e-10
1.444855135e-10
1.468880869e-10
1.523554135e-10
1.597577617e-10
1.6831893e-10
1.776337449e-10
1.87480582e-10
1.976463144e-10
2.078401554e-10
2.17496359e-10
2.25474749e-10
2.304516639e-10
2.326510645e-10
2.331751955e-10
2.329636288e-10
2.325714784e-10
2.323192998e-10
2.322521869e-10
3.703153598e-05
2.263781736e-05
1.340221171e-05
7.702341269e-06
4.30540267e-06
2.344310185e-06
1.245001961e-06
6.457651611e-07
3.280647656e-07
1.648044196e-07
8.468808255e-08
4.824818181e-08
3.341195813e-08
2.827426055e-08
2.702229259e-08
2.697545909e-08
2.694402257e-08
2.643697477e-08
2.530207165e-08
2.35495901e-08
2.126136963e-08
1.85411857e-08
1.549092193e-08
1.220996866e-08
8.811215649e-09
5.577101609e-09
3.373216375e-09
2.36108242e-09
1.852117944e-09
1.518188878e-09
1.256843956e-09
1.036481165e-09
8.471113062e-10
6.852811268e-10
5.492526029e-10
4.374992268e-10
3.482637473e-10
2.794660613e-10
2.287647464e-10
1.936218008e-10
1.713614597e-10
1.59341002e-10
1.551187286e-10
1.565650593e-10
1.619474942e-10
1.699530899e-10
1.797111003e-10
1.906651018e-10
2.024142757e-10
2.146140032e-10
2.268372533e-10
2.384360883e-10
2.481122268e-10
2.541595454e-10
2.56723066e-10
2.571683893e-10
2.567142791e-10
2.561815631e-10
2.559066174e-10
2.558464374e-10
2.018997027e-05
1.279519903e-05
7.846104748e-06
4.666554031e-06
2.697384171e-06
1.517779783e-06
8.325330326e-07
4.458614542e-07
2.338503456e-07
1.21275354e-07
6.422130437e-08
3.744906318e-08
2.637185627e-08
2.278857788e-08
2.240833784e-08
2.307316301e-08
2.374290857e-08
2.395150881e-08
2.353571285e-08
2.248371466e-08
2.085587999e-08
1.873951311e-08
1.622444812e-08
1.339458748e-08
1.033694934e-08
7.17704964e-09
4.416638875e-09
2.825854758e-09
2.096280592e-09
1.685685572e-09
1.392235266e-09
1.152905569e-09
9.485000791e-10
7.729027293e-10
6.237984175e-10
4.996761099e-10
3.990085308e-10
3.199717267e-10
2.604160676e-10
2.179301543e-10
1.899045396e-10
1.736561823e-10
1.666085169e-10
1.66443882e-10
1.712190192e-10
1.794517381e-10
1.900763184e-10
2.023413086e-10
2.157024888e-10
2.297051773e-10
2.43888107e-10
2.575863773e-10
2.69330627e-10
2.76834111e-10
2.799606515e-10
2.803291215e-10
2.796804186e-10
2.790780975e-10
2.787891829e-10
2.787294604e-10
1.065481619e-05
6.984740387e-06
4.428365947e-06
2.721690328e-06
1.624823308e-06
9.438133226e-07
5.342377298e-07
2.951981909e-07
1.597746575e-07
8.557343303e-08
4.679617257e-08
2.811333175e-08
2.034581418e-08
1.811655656e-08
1.842356502e-08
1.961110082e-08
2.080273445e-08
2.156971451e-08
2.17426044e-08
2.128955216e-08
2.024882895e-08
1.868913897e-08
1.668641295e-08
1.43129406e-08
1.164031863e-08
8.75374098e-09
5.816968592e-09
3.557742487e-09
2.441096166e-09
1.892846865e-09
1.547058047e-09
1.282401683e-09
1.06075361e-09
8.704216669e-10
7.075417494e-10
5.703208491e-10
4.573740449e-10
3.671256478e-10
2.976584426e-10
2.467308347e-10
2.11841699e-10
1.90325433e-10
1.795162035e-10
1.769305997e-10
1.804369838e-10
1.88315517e-10
1.99281235e-10
2.124104182e-10
2.270339085e-10
2.42639569e-10
2.587350106e-10
2.746030552e-10
2.886556109e-10
2.980130071e-10
3.019453971e-10
3.023486171e-10
3.016482799e-10
3.010369297e-10
3.007545131e-10
3.00702999e-10
5.475898479e-06
3.703926064e-06
2.422909905e-06
1.536154524e-06
9.458003746e-07
5.664613014e-07
3.305529172e-07
1.883077136e-07
1.051364152e-07
5.818255683e-08
3.294787857e-08
2.053443497e-08
1.543511266e-08
1.429246801e-08
1.510601389e-08
1.664880136e-08
1.820277722e-08
1.938291305e-08
2.0017965e-08
2.00591403e-08
1.95237486e-08
1.84612573e-08
1.693208994e-08
1.499571514e-08
1.270714894e-08
1.012754558e-08
7.352278758e-09
4.717361148e-09
2.990155398e-09
2.174345602e-09
1.733729539e-09
1.429977585e-09
1.186540641e-09
9.79665898e-10
8.019579425e-10
6.508110108e-10
5.247144888e-10
4.222675856e-10
3.417949514e-10
2.812642415e-10
2.383217872e-10
2.10370735e-10
1.947098301e-10
1.887384745e-10
1.900803142e-10
1.96798561e-10
2.074222057e-10
2.208697019e-10
2.36362324e-10
2.532936834e-10
2.710562419e-10
2.888927368e-10
3.052659552e-10
3.169708427e-10
3.222177423e-10
3.231034472e-10
3.22569384e-10
3.220092342e-10
3.217369415e-10
3.216901966e-10
2.755270721e-06
1.91798968e-06
1.291675874e-06
8.43247681e-07
5.346190928e-07
3.297179766e-07
1.981410862e-07
1.16281019e-07
6.694938323e-08
3.830963288e-08
2.253689942e-08
1.468356038e-08
1.159452044e-08
1.127107527e-08
1.243139155e-08
1.419348706e-08
1.597900169e-08
1.744767649e-08
1.843069313e-08
1.886625161e-08
1.875334273e-08
1.812329482e-08
1.702115296e-08
1.54942472e-08
1.358707845e-08
1.134477389e-08
8.827131395e-09
6.143009385e-09
3.850067289e-09
2.586261819e-09
1.97322086e-09
1.604084722e-09
1.330030805e-09
1.103280854e-09
9.091976701e-10
7.430681228e-10
6.028631543e-10
4.872037e-10
3.94610441e-10
3.232657895e-10
2.709967675e-10
2.353315318e-10
2.136082258e-10
2.030160928e-10
2.010208984e-10
2.055451367e-10
2.149547703e-10
2.280181439e-10
2.438031014e-10
2.615399272e-10
2.805181633e-10
2.99925458e-10
3.183398313e-10
3.32760097e-10
3.402351229e-10
3.42420397e-10
3.424347687e-10
3.420251798e-10
3.417599622e-10
3.417042983e-10
1.363236053e-06
9.741776589e-07
6.739679295e-07
4.522084573e-07
2.947566923e-07
1.869436586e-07
1.155685117e-07
6.981837323e-08
4.145005675e-08
2.45559992e-08
1.507667866e-08
1.036726591e-08
8.705656799e-09
8.960780155e-09
1.034031703e-08
1.221816264e-08
1.413338608e-08
1.57894174e-08
1.702322174e-08
1.776380045e-08
1.799503427e-08
1.773209662e-08
1.70054172e-08
1.585010961e-08
1.430000965e-08
1.238672417e-08
1.014842579e-08
7.65144489e-09
5.111731866e-09
3.239811882e-09
2.307316422e-09
1.820368843e-09
1.498008704e-09
1.245280721e-09
1.03219301e-09
8.495157201e-10
6.941107876e-10
5.642478966e-10
4.584982813e-10
3.751934037e-10
3.123571265e-10
2.677087372e-10
2.384079728e-10
2.216122061e-10
2.14791807e-10
2.157759431e-10
2.227932216e-10
2.344511986e-10
2.496418654e-10
2.674435961e-10
2.870293721e-10
3.074825184e-10
3.274297221e-10
3.444375178e-10
3.551851996e-10
3.598329763e-10
3.611270307e-10
3.611350075e-10
3.609054074e-10
3.608309693e-10
6.656912399e-07
4.872204728e-07
3.45566109e-07
2.37875593e-07
1.591619656e-07
1.036750448e-07
6.586755773e-08
4.094272793e-08
2.507490877e-08
1.541830844e-08
9.946944842e-09
7.305610595e-09
6.607806825e-09
7.248423838e-09
8.749973012e-09
1.067083795e-08
1.264426398e-08
1.441128232e-08
1.581770361e-08
1.678720763e-08
1.729224219e-08
1.733455866e-08
1.693161649e-08
1.610716453e-08
1.488527654e-08
1.328782434e-08
1.133727643e-08
9.071560577e-09
6.588391407e-09
4.281484002e-09
2.823853472e-09
2.110551701e-09
1.703017063e-09
1.412066436e-09
1.175479494e-09
9.741174625e-10
8.019447827e-10
6.566744931e-10
5.36715981e-10
4.404445069e-10
3.660209089e-10
3.108727212e-10
2.722022873e-10
2.473548449e-10
2.338695645e-10
2.295619518e-10
2.325838868e-10
2.414035107e-10
2.547548646e-10
2.715652926e-10
2.908730744e-10
3.116590001e-10
3.325719769e-10
3.515717394e-10
3.659953448e-10
3.744308124e-10
3.782165529e-10
3.793185456e-10
3.793137382e-10
3.792399245e-10
3.218199e-07
2.407459019e-07
1.747247024e-07
1.231866921e-07
8.448585912e-08
5.645343479e-08
3.683134701e-08
2.355606881e-08
1.490933837e-08
9.562455808e-09
6.547153145e-09
5.211893082e-09
5.135777388e-09
6.017983813e-09
7.575709135e-09
9.493189687e-09
1.147604042e-08
1.329957463e-08
1.48191052e-08
1.595606864e-08
1.667493207e-08
1.696702018e-08
1.683902275e-08
1.630481729e-08
1.537997785e-08
1.407889155e-08
1.241542791e-08
1.04112769e-08
8.115999537e-09
5.657868757e-09
3.628863072e-09
2.529079137e-09
1.966933618e-09
1.613211527e-09
1.344978047e-09
1.121983709e-09
9.317116625e-10
7.699151729e-10
6.345896051e-10
5.243051717e-10
4.367622202e-10
3.692627222e-10
3.192469471e-10
2.84249323e-10
2.619321991e-10
2.501821233e-10
2.471485813e-10
2.512226956e-10
2.610127922e-10
2.75323081e-10
2.930714623e-10
3.131534866e-10
3.342686392e-10
3.546510098e-10
3.721055972e-10
3.849958018e-10
3.927734162e-10
3.962257376e-10
3.970629448e-10
3.97152869e-10
1.544429108e-07
1.17876068e-07
8.739375832e-08
6.301135607e-08
4.423862767e-08
3.029383447e-08
2.028835429e-08
1.336262503e-08
8.772236991e-09
5.919732634e-09
4.36565933e-09
3.830062723e-09
4.141697904e-09
5.167923559e-09
6.740220464e-09
8.626358901e-09
1.058915583e-08
1.243224518e-08
1.402082483e-08
1.527721178e-08
1.616069113e-08
1.665484068e-08
1.675777082e-08
1.647507769e-08
1.581489838e-08
1.478490696e-08
1.339155738e-08
1.164326226e-08
9.562975874e-09
7.217686659e-09
4.871918305e-09
3.195514584e-09
2.338596697e-09
1.869523976e-09
1.551424692e-09
1.30066845e-09
1.090067407e-09
9.10749837e-10
7.596888307e-10
6.341508303e-10
5.314925071e-10
4.494483688e-10
3.857418723e-10
3.381042206e-10
3.043816113e-10
2.8259866e-10
2.709642299e-10
2.678537517e-10
2.718089423e-10
2.815458299e-10
2.959114461e-10
3.137660646e-10
3.338443965e-10
3.546068841e-10
3.742022005e-10
3.908532681e-10
4.033864332e-10
4.108212735e-10
4.137425388e-10
4.145299168e-10
7.375740249e-08
5.734504715e-08
4.336775352e-08
3.193412896e-08
2.292626734e-08
1.607949889e-08
1.105837041e-08
7.518848633e-09
5.153837983e-09
3.712233958e-09
3.008526902e-09
2.952236289e-09
3.500424269e-09
4.608501748e-09
6.172969252e-09
8.016170284e-09
9.942728122e-09
1.178221624e-08
1.341014413e-08
1.475024032e-08
1.575933992e-08
1.641579723e-08
1.671129274e-08
1.664481311e-08
1.621830438e-08
1.543381177e-08
1.429221098e-08
1.279435557e-08
1.094707544e-08
8.783827911e-09
6.413179867e-09
4.259955642e-09
2.911822818e-09
2.222592738e-09
1.815769785e-09
1.52335274e-09
1.287493206e-09
1.089715248e-09
9.218850613e-10
7.794789614e-10
6.598268725e-10
5.608694855e-10
4.807212872e-10
4.174837861e-10
3.692745185e-10
3.343126305e-10
3.109238749e-10
2.975330894e-10
2.926861497e-10
2.950784244e-10
3.035291415e-10
3.168918367e-10
3.339642689e-10
3.533829532e-10
3.735596201e-10
3.92766217e-10
4.092790117e-10
4.214815383e-10
4.281805077e-10
4.30833426e-10
3.513494012e-08
2.778929927e-08
2.141003602e-08
1.608395804e-08
1.179987164e-08
8.47749112e-09
5.998159911e-09
4.232890896e-09
3.066066404e-09
2.406064341e-09
2.193144189e-09
2.423314362e-09
3.116346822e-09
4.270282211e-09
5.816576313e-09
7.614569717e-09
9.499779497e-09
1.132332924e-08
1.297051346e-08
1.436843832e-08
1.547322594e-08
1.625993991e-08
1.671570813e-08
1.683450984e-08
1.661339199e-08
1.60498805e-08
1.514059894e-08
1.388150036e-08
1.227128336e-08
1.032279974e-08
8.090916916e-09
5.733888701e-09
3.816741191e-09
2.745618018e-09
2.176129817e-09
1.814444344e-09
1.544368574e-09
1.323388024e-09
1.135314953e-09
9.735072272e-10
8.345456839e-10
7.162212664e-10
6.168019293e-10
5.347184677e-10
4.684504016e-10
4.165026368e-10
3.774068112e-10
3.497401791e-10
3.321559508e-10
3.23416955e-10
3.223793882e-10
3.279482728e-10
3.390194843e-10
3.543915163e-10
3.726749205e-10
3.922434838e-10
4.111921918e-10
4.272921878e-10
4.386340367e-10
4.449669593e-10
1.673237878e-08
1.344811597e-08
1.054517168e-08
8.077078112e-09
6.056291176e-09
4.464616395e-09
3.265774328e-09
2.418428357e-09
1.889158889e-09
1.661461317e-09
1.731544014e-09
2.1357247e-09
2.920787861e-09
4.102162781e-09
5.628594333e-09
7.384763179e-09
9.228779866e-09
1.102969601e-08
1.268403255e-08
1.412235573e-08
1.530067466e-08
1.619261933e-08
1.678229324e-08
1.706005403e-08
1.701923784e-08
1.665385391e-08
1.595721251e-08
1.492167899e-08
1.354035509e-08
1.181250179e-08
9.761042092e-09
7.469581438e-09
5.21241274e-09
3.579950077e-09
2.706299024e-09
2.220533558e-09
1.893588508e-09
1.637804289e-09
1.422631204e-09
1.236480886e-09
1.074144444e-09
9.32745681e-10
8.104037365e-10
7.05643466e-10
6.171754253e-10
5.437733066e-10
4.84212054e-10
4.372862768e-10
4.018662382e-10
3.769158221e-10
3.614671373e-10
3.545851776e-10
3.553249457e-10
3.626696456e-10
3.754097866e-10
3.920287303e-10
4.106051464e-10
4.287271859e-10
4.438721548e-10
4.550448343e-10
7.98478511e-09
6.516356256e-09
5.198504333e-09
4.061354624e-09
3.118578635e-09
2.371386061e-09
1.81414375e-09
1.441233467e-09
1.255395136e-09
1.266005723e-09
1.502472714e-09
2.017449941e-09
2.865667e-09
4.066095774e-09
5.575569895e-09
7.295682232e-09
9.102553275e-09
1.088053694e-08
1.253536074e-08
1.400207443e-08
1.52380721e-08
1.621611367e-08
1.691853569e-08
1.733329021e-08
1.74510819e-08
1.726333759e-08
1.676092966e-08
1.593373923e-08
1.477145967e-08
1.32668783e-08
1.142463216e-08
9.286562642e-09
6.985971721e-09
4.910397309e-09
3.558738275e-09
2.831606235e-09
2.393219994e-09
2.076497115e-09
1.819127386e-09
1.598233574e-09
1.404475347e-09
1.233331281e-09
1.08215152e-09
9.491548852e-10
8.329938789e-10
7.325170646e-10
6.466744138e-10
5.744958914e-10
5.151099474e-10
4.677442362e-10
4.317078685e-10
4.063636181e-10
3.910417138e-10
3.84965337e-10
3.871311124e-10
3.961640566e-10
4.102252279e-10
4.269700884e-10
4.43847383e-10
4.592086079e-10
3.828047409e-09
3.172044692e-09
2.576663452e-09
2.058582804e-09
1.628540203e-09
1.293216661e-09
1.058319328e-09
9.330203168e-10
9.363633906e-10
1.085411405e-09
1.427892931e-09
2.021173497e-09
2.918865065e-09
4.136177068e-09
5.634427045e-09
7.326045332e-09
9.101679431e-09
1.085810087e-08
1.251008578e-08
1.399797156e-08
1.528045515e-08
1.633027571e-08
1.712907822e-08
1.766325373e-08
1.792173088e-08
1.789418594e-08
1.756988761e-08
1.693721911e-08
1.598413123e-08
1.470032275e-08
1.308270647e-08
1.115022443e-08
8.97841897e-09
6.768726026e-09
4.948757847e-09
3.810744461e-09
3.152480664e-09
2.716821283e-09
2.383461047e-09
2.105937772e-09
1.86467239e-09
1.650883286e-09
1.459950503e-09
1.289107532e-09
1.136527167e-09
1.000874795e-09
8.810822846e-10
7.762592853e-10
6.856718796e-10
6.087319763e-10
5.449927212e-10
4.94132014e-10
4.558725171e-10
4.297658918e-10
4.150397067e-10
4.105115584e-10
4.145214241e-10
4.249449705e-10
4.394915112e-10
4.564352189e-10
1.850598712e-09
1.559553161e-09
1.294731867e-09
1.065900793e-09
8.81414697e-10
7.495245714e-10
6.806804537e-10
6.912457634e-10
7.996009961e-10
1.039677144e-09
1.4598647e-09
2.116319017e-09
3.057801379e-09
4.294391048e-09
5.787732853e-09
7.458384268e-09
9.209045332e-09
1.094770821e-08
1.259729482e-08
1.410241786e-08
1.542408934e-08
1.653574549e-08
1.741862381e-08
1.805848076e-08
1.844334235e-08
1.856196476e-08
1.840284668e-08
1.795381884e-08
1.720238849e-08
1.613733385e-08
1.475291871e-08
1.305912659e-08
1.110763258e-08
9.014857863e-09
6.999277763e-09
5.402013804e-09
4.362397997e-09
3.691200354e-09
3.211307114e-09
2.834098788e-09
2.516120596e-09
2.236989165e-09
1.987404791e-09
1.762368927e-09
1.558914421e-09
1.375120059e-09
1.209638271e-09
1.061457364e-09
9.298011233e-10
8.141107302e-10
7.140598004e-10
6.295886593e-10
5.606153038e-10
5.069488639e-10
4.680647989e-10
4.429981373e-10
4.302891899e-10
4.280410688e-10
4.342775985e-10
4.475400805e-10
9.085934071e-10
7.829997945e-10
6.710524842e-10
5.792902255e-10
5.148599494e-10
4.867385365e-10
5.078650001e-10
5.963607598e-10
7.752512692e-10
1.08323923e-09
1.568623416e-09
2.28401874e-09
3.270044924e-09
4.530026962e-09
6.025150041e-09
7.682545996e-09
9.415105991e-09
1.11403936e-08
1.278876744e-08
1.430927153e-08
1.566580628e-08
1.683252118e-08
1.779094333e-08
1.85269159e-08
1.902817536e-08
1.928329456e-08
1.9280862e-08
1.900920315e-08
1.845682765e-08
1.761416981e-08
1.647814173e-08
1.506131207e-08
1.338799241e-08
1.151027579e-08
9.558399858e-09
7.741556786e-09
6.27249316e-09
5.215394506e-09
4.465472644e-09
3.903115344e-09
3.451737686e-09
3.06694431e-09
2.726564415e-09
2.42042545e-09
2.142999367e-09
1.890807291e-09
1.661884079e-09
1.454681716e-09
1.267934476e-09
1.100960192e-09
9.534037728e-10
8.251451088e-10
7.161598245e-10
6.263532174e-10
5.553457703e-10
5.022672196e-10
4.656972891e-10
4.43744545e-10
4.34427168e-10
4.366307811e-10
4.60549293e-10
4.115343239e-10
3.722548363e-10
3.480414371e-10
3.458770571e-10
3.757382663e-10
4.525454139e-10
5.932853344e-10
8.278502493e-10
1.19516046e-09
1.742065531e-09
2.516831838e-09
3.549508859e-09
4.837006848e-09
6.339868942e-09
7.990816138e-09
9.711578316e-09
1.142829553e-08
1.307856563e-08
1.461551738e-08
1.600534052e-08
1.722368627e-08
1.825292494e-08
1.907925632e-08
1.969099006e-08
2.007739206e-08
2.022811719e-08
2.013321749e-08
1.978404083e-08
1.917570288e-08
1.831152604e-08
1.719573724e-08
1.583232809e-08
1.424449759e-08
1.249252482e-08
1.06958146e-08
9.006559272e-09
7.557840356e-09
6.410237718e-09
5.52629622e-09
4.831006171e-09
4.259543902e-09
3.767848815e-09
3.331991522e-09
2.941236304e-09
2.588773527e-09
2.269478914e-09
1.98017951e-09
1.71872852e-09
1.483713708e-09
1.274253374e-09
1.089829796e-09
9.301121529e-10
7.947568202e-10
6.832500571e-10
5.946719986e-10
5.274186972e-10
4.792035687e-10
4.47379367e-10
4.306955906e-10
2.503263676e-10
2.386165172e-10
2.363963524e-10
2.489498216e-10
2.839466111e-10
3.526543832e-10
4.684873858e-10
6.543000219e-10
9.407802265e-10
1.366920599e-09
1.977112355e-09
2.813052479e-09
3.894884009e-09
5.213746768e-09
6.729771114e-09
8.380700625e-09
1.009609321e-08
1.180979154e-08
1.346589054e-08
1.502110411e-08
1.64445371e-08
1.771392138e-08
1.881252843e-08
1.97275585e-08
2.044855564e-08
2.096621078e-08
2.127226335e-08
2.135992692e-08
2.122534933e-08
2.087000822e-08
2.029372822e-08
1.949033287e-08
1.845778583e-08
1.72025987e-08
1.574683362e-08
1.413731023e-08
1.245491229e-08
1.081070936e-08
9.305374553e-09
7.999979237e-09
6.909524494e-09
6.005941489e-09
5.245503432e-09
4.592133749e-09
4.020309514e-09
3.513028895e-09
3.060237675e-09
2.654892792e-09
2.291834529e-09
1.967302903e-09
1.678614796e-09
1.423892263e-09
1.201800334e-09
1.011269182e-09
8.511909294e-10
7.202622155e-10
6.165713058e-10
5.37102453e-10
4.778841082e-10
4.364856112e-10
1.570028685e-10
1.658506152e-10
1.858179354e-10
2.22915069e-10
2.852415444e-10
3.839730844e-10
5.367460059e-10
7.676757889e-10
1.108270803e-09
1.596720049e-09
2.274385549e-09
3.173821846e-09
4.307345902e-09
5.661093188e-09
7.195190913e-09
8.852048184e-09
1.05682457e-08
1.228459709e-08
1.39512665e-08
1.552877386e-08
1.698903469e-08
1.831160582e-08
1.948146101e-08
2.048741492e-08
2.132070097e-08
2.197437511e-08
2.244338969e-08
2.272543389e-08
2.282229655e-08
2.273374398e-08
2.245250867e-08
2.197125914e-08
2.128356747e-08
2.038532603e-08
1.927715048e-08
1.796776852e-08
1.64793376e-08
1.485569119e-08
1.317153397e-08
1.151472737e-08
9.961380199e-09
8.565738502e-09
7.343824576e-09
6.318642994e-09
5.44855796e-09
4.698230705e-09
4.04614242e-09
3.476293671e-09
2.976226167e-09
2.536334153e-09
2.149411674e-09
1.810215424e-09
1.515009304e-09
1.261091018e-09
1.046268133e-09
8.683007127e-10
7.246273836e-10
6.115399739e-10
5.234405085e-10
4.554691866e-10
1.240515854e-10
1.472426385e-10
1.845421018e-10
2.417945717e-10
3.284843667e-10
4.585344495e-10
6.510386308e-10
9.313624039e-10
1.331374287e-09
1.887797708e-09
2.636864692e-09
3.602536852e-09
4.7902686e-09
6.182211844e-09
7.739023811e-09
9.407591301e-09
1.113092368e-08
1.285624426e-08
1.45394241e-08
1.614469338e-08
1.76466889e-08
1.90272491e-08
2.027354895e-08
2.137629744e-08
2.232905728e-08
2.312805224e-08
2.37722995e-08
2.426440693e-08
2.460521982e-08
2.478893104e-08
2.480839499e-08
2.465493613e-08
2.431828228e-08
2.378665975e-08
2.304707165e-08
2.208621347e-08
2.089295451e-08
1.946383481e-08
1.78120819e-08
1.59801122e-08
1.404366847e-08
1.210823076e-08
1.028154155e-08
8.642867418e-09
7.285950098e-09
6.151438882e-09
5.201454416e-09
4.401580469e-09
3.72222521e-09
3.140193718e-09
2.638305824e-09
2.204310474e-09
1.829749584e-09
1.508921938e-09
1.237848144e-09
1.013122146e-09
8.309740929e-10
6.864992619e-10
5.723033981e-10
4.804962992e-10
1.268803736e-10
1.631619121e-10
2.16469865e-10
2.94673726e-10
4.090199293e-10
5.748549412e-10
8.127562345e-10
1.149052777e-09
1.615268937e-09
2.246045206e-09
3.070103076e-09
4.104560144e-09
5.348875975e-09
6.782248244e-09
8.366403706e-09
1.005260163e-08
1.178980302e-08
1.353115056e-08
1.523751514e-08
1.687743705e-08
1.842807084e-08
1.987376322e-08
2.120401497e-08
2.24120465e-08
2.349448736e-08
2.445118455e-08
2.528533238e-08
2.599885538e-08
2.65878176e-08
2.704668152e-08
2.73676603e-08
2.754003121e-08
2.754946196e-08
2.737737198e-08
2.700028688e-08
2.638974442e-08
2.551352969e-08
2.433921504e-08
2.284068475e-08
2.100982293e-08
1.887040396e-08
1.649686331e-08
1.402711062e-08
1.164186913e-08
9.556576457e-09
7.838182556e-09
6.453114606e-09
5.340782134e-09
4.436300219e-09
3.688771184e-09
3.061932737e-09
2.531310384e-09
2.080715496e-09
1.699421103e-09
1.380225172e-09
1.117742696e-09
9.06145261e-10
7.385419344e-10
6.059725427e-10
4.978773331e-10
1.548121189e-10
2.054437092e-10
2.779810399e-10
3.816723233e-10
5.291817829e-10
7.374564275e-10
1.028354887e-09
1.428657636e-09
1.969072414e-09
2.679105588e-09
3.581466116e-09
4.686988811e-09
5.990142649e-09
7.468148604e-09
9.084283866e-09
1.07940848e-08
1.255204714e-08
1.43168017e-08
1.605395472e-08
1.77364342e-08
1.934408866e-08
2.086390257e-08
2.228783583e-08
2.361203882e-08
2.483628171e-08
2.596385559e-08
2.699745036e-08
2.793471033e-08
2.877176155e-08
2.950235728e-08
3.011693377e-08
3.060160539e-08
3.093710505e-08
3.109769924e-08
3.105028618e-08
3.075400364e-08
3.016114979e-08
2.921996541e-08
2.78798468e-08
2.60997516e-08
2.386257935e-08
2.119483293e-08
1.819829095e-08
1.507798937e-08
1.212938884e-08
9.647745169e-09
7.651469406e-09
6.148417601e-09
4.982510234e-09
4.060042909e-09
3.315682328e-09
2.704805114e-09
2.197994422e-09
1.776683167e-09
1.428919246e-09
1.146016515e-09
9.200462056e-10
7.42953725e-10
6.04811669e-10
4.92832806e-10
2.06820152e-10
2.759213214e-10
3.727728522e-10
5.080550725e-10
6.959777533e-10
9.548871706e-10
1.30751577e-09
1.780584085e-09
2.401818361e-09
3.195640161e-09
4.179214977e-09
5.357792264e-09
6.721924815e-09
8.247779676e-09
9.900617965e-09
1.164018527e-08
1.342617477e-08
1.522235261e-08
1.699882077e-08
1.873264852e-08
2.04066756e-08
2.201027197e-08
2.353816094e-08
2.498938308e-08
2.63667247e-08
2.767290459e-08
2.890655606e-08
3.006498086e-08
3.114325889e-08
3.213317112e-08
3.30220419e-08
3.379150615e-08
3.441622297e-08
3.486264535e-08
3.508811785e-08
3.504070658e-08
3.466019256e-08
3.388071993e-08
3.263536571e-08
3.086326111e-08
2.852124087e-08
2.560322881e-08
2.21721468e-08
1.84072753e-08
1.463905674e-08
1.128188213e-08
8.627959198e-09
6.668080963e-09
5.232487738e-09
4.158034733e-09
3.326530237e-09
2.665181537e-09
2.131221046e-09
1.698180452e-09
1.348538451e-09
1.06959917e-09
8.511400637e-10
6.843933275e-10
5.584728524e-10
4.595911585e-10
2.882148517e-10
3.811854506e-10
5.088632738e-10
6.833830635e-10
9.203600183e-10
1.239213398e-09
1.663094822e-09
2.216947639e-09
2.9246959e-09
3.80623986e-09
4.873459165e-09
6.126865429e-09
7.554128905e-09
9.131174928e-09
1.082559614e-08
1.26012557e-08
1.442271128e-08
1.625849245e-08
1.808291168e-08
1.987659605e-08
2.162610827e-08
2.332289116e-08
2.496436329e-08
2.655224245e-08
2.808856211e-08
2.957213486e-08
3.100088382e-08
3.23707133e-08
3.367445442e-08
3.49006349e-08
3.603217511e-08
3.704503275e-08
3.790686904e-08
3.857590875e-08
3.900027874e-08
3.911819131e-08
3.885925893e-08
3.814720809e-08
3.690422749e-08
3.505752255e-08
3.254969392e-08
2.935665215e-08
2.551828411e-08
2.118985787e-08
1.670493901e-08
1.256753379e-08
9.205499517e-09
6.815246434e-09
5.152308069e-09
3.96335673e-09
3.079545634e-09
2.402647719e-09
1.874866007e-09
1.461211807e-09
1.138711278e-09
8.907694976e-10
7.05361927e-10
5.724750738e-10
4.794917572e-10
4.129946766e-10
4.080500969e-10
5.316398225e-10
6.980142372e-10
9.206581899e-10
1.216318862e-09
1.605109878e-09
2.108960856e-09
2.750214062e-09
3.549294761e-09
4.521550445e-09
5.674105794e-09
7.003642491e-09
8.495910359e-09
1.012728065e-08
1.18679298e-08
1.368571073e-08
1.554971648e-08
1.74328812e-08
1.93134292e-08
2.117533202e-08
2.300815154e-08
2.480663966e-08
2.65699101e-08
2.829859318e-08
2.99911523e-08
3.164539442e-08
3.325750618e-08
3.482103767e-08
3.632549151e-08
3.775504502e-08
3.908722032e-08
4.02915493e-08
4.132835872e-08
4.214787509e-08
4.268990917e-08
4.288439181e-08
4.265299411e-08
4.19119297e-08
4.057622046e-08
3.856607818e-08
3.581707098e-08
3.229747619e-08
2.803881101e-08
2.318808243e-08
1.808204471e-08
1.328247609e-08
9.381249953e-09
6.624879325e-09
4.781179922e-09
3.525670551e-09
2.633556445e-09
1.979317615e-09
1.491076411e-09
1.127108715e-09
8.596009614e-10
6.700010266e-10
5.435923715e-10
4.640836762e-10
4.148232175e-10
3.833752431e-10
5.797707392e-10
7.420515161e-10
9.562496022e-10
1.23697749e-09
1.601597335e-09
2.069362092e-09
2.660596149e-09
3.395006228e-09
4.289266387e-09
5.354384586e-09
6.593392164e-09
8.000042757e-09
9.559017055e-09
1.124768322e-08
1.303896134e-08
1.490453536e-08
1.681770108e-08
1.875542742e-08
2.069951377e-08
2.263699669e-08
2.456004767e-08
2.646561568e-08
2.835237391e-08
3.02174244e-08
3.205800148e-08
3.386979419e-08
3.564663029e-08
3.737884318e-08
3.905168369e-08
4.064425863e-08
4.212825379e-08
4.346671863e-08
4.461308102e-08
4.551057404e-08
4.60922827e-08
4.628200972e-08
4.599611578e-08
4.514648113e-08
4.364480579e-08
4.140907954e-08
3.837387202e-08
3.450767065e-08
2.984289465e-08
2.452788648e-08
1.890727973e-08
1.358280535e-08
9.248207579e-09
6.225010109e-09
4.274595564e-09
3.002506532e-09
2.136915401e-09
1.530365953e-09
1.103384392e-09
8.090766077e-10
6.185060864e-10
5.053440077e-10
4.423605914e-10
4.086003103e-10
3.900556209e-10
3.791994122e-10
8.207127199e-10
1.030706126e-09
1.30254415e-09
1.651156945e-09
2.093506561e-09
2.647846762e-09
3.332528569e-09
4.164234773e-09
5.155890376e-09
6.314585908e-09
7.640007316e-09
9.123846431e-09
1.075044891e-08
1.249860183e-08
1.43440329e-08
1.626204358e-08
1.822977986e-08
2.022786424e-08
2.224132094e-08
2.425990317e-08
2.627796288e-08
2.829179238e-08
3.029681843e-08
3.228896346e-08
3.426355471e-08
3.62141377e-08
3.813138683e-08
4.000179219e-08
4.180641697e-08
4.351847058e-08
4.510405178e-08
4.652038698e-08
4.771510895e-08
4.862602277e-08
4.918147554e-08
4.930148414e-08
4.889974056e-08
4.788663898e-08
4.617363458e-08
4.367971836e-08
4.034171959e-08
3.613158435e-08
3.108656851e-08
2.536204758e-08
1.931599411e-08
1.358047942e-08
8.921013905e-09
5.719338585e-09
3.722793034e-09
2.476607793e-09
1.666707528e-09
1.130114225e-09
7.820561978e-10
5.768737659e-10
4.716832276e-10
4.22241463e-10
4.004299511e-10
3.914966697e-10
3.874280252e-10
3.849032498e-10
1.154240872e-09
1.421290738e-09
1.759951151e-09
2.185119042e-09
2.713047047e-09
3.360455324e-09
4.143260852e-09
5.074971889e-09
6.164957609e-09
7.416920993e-09
8.827948701e-09
1.038843466e-08
1.208297251e-08
1.389205e-08
1.579417672e-08
1.776802016e-08
1.979420645e-08
2.185660239e-08
2.394303272e-08
2.604549755e-08
2.815794679e-08
3.027379189e-08
3.238733232e-08
3.44930254e-08
3.658412844e-08
3.865127372e-08
4.068119942e-08
4.265612867e-08
4.455279417e-08
4.634071612e-08
4.798032437e-08
4.9423796e-08
5.061454787e-08
5.148688894e-08
5.196666749e-08
5.197259912e-08
5.141838346e-08
5.021576901e-08
4.82789381e-08
4.553097535e-08
4.19140638e-08
3.740637382e-08
3.205114851e-08
2.60075539e-08
1.963405203e-08
1.356589406e-08
8.612461146e-09
5.246188371e-09
3.221950181e-09
2.017823222e-09
1.275131381e-09
8.154148844e-10
5.603081376e-10
4.457340241e-10
4.02099017e-10
3.883933559e-10
3.863391731e-10
3.877629382e-10
3.889557936e-10
3.890496931e-10
1.603279602e-09
1.935176013e-09
2.348202165e-09
2.856704001e-09
3.475693211e-09
4.219915383e-09
5.102634931e-09
6.134251201e-09
7.320952856e-09
8.663680472e-09
1.015765695e-08
1.179264669e-08
1.355393902e-08
1.54238785e-08
1.738364242e-08
1.94149552e-08
2.150151393e-08
2.362998242e-08
2.57905216e-08
2.797504955e-08
3.017518934e-08
3.238369506e-08
3.459363402e-08
3.679751931e-08
3.898544675e-08
4.114442789e-08
4.325782105e-08
4.530423922e-08
4.72565349e-08
4.908028215e-08
5.073313655e-08
5.216313423e-08
5.331032667e-08
5.410736727e-08
5.447948782e-08
5.434595342e-08
5.362221126e-08
5.222291476e-08
5.006621064e-08
4.708006988e-08
4.321214354e-08
3.844597254e-08
3.282874492e-08
2.652016245e-08
1.987547972e-08
1.352828715e-08
8.312297069e-09
4.798610372e-09
2.766282282e-09
1.621556867e-09
9.525756128e-10
5.864324613e-10
4.308375327e-10
3.807903186e-10
3.702505542e-10
3.728827381e-10
3.78563171e-10
3.832806161e-10
3.857792908e-10
3.86444797e-10
2.196119486e-09
2.599630489e-09
3.093142779e-09
3.689952449e-09
4.403409612e-09
5.24600517e-09
6.228290929e-09
7.357759972e-09
8.637869399e-09
1.00674074e-08
1.164036933e-08
1.334641263e-08
1.517183316e-08
1.710089668e-08
1.911729891e-08
2.120553061e-08
2.335198537e-08
2.55457025e-08
2.777703422e-08
3.003599998e-08
3.231375726e-08
3.460190366e-08
3.689162064e-08
3.917270432e-08
4.143318869e-08
4.365791941e-08
4.582713652e-08
4.791559061e-08
4.989192039e-08
5.171861612e-08
5.33510088e-08
5.473523907e-08
5.581020523e-08
5.650856081e-08
5.675671126e-08
5.647627547e-08
5.55861737e-08
5.400552225e-08
5.165771236e-08
4.847643662e-08
4.441497442e-08
3.94612479e-08
3.366328588e-08
2.717376755e-08
2.032648018e-08
1.371960802e-08
8.19142728e-09
4.451045254e-09
2.375500172e-09
1.279496459e-09
6.969426594e-10
4.407065526e-10
3.61150468e-10
3.463135733e-10
3.508700442e-10
3.597627591e-10
3.675907507e-10
3.726917507e-10
3.751026237e-10
3.757395767e-10
2.931646451e-09
3.40855235e-09
3.983041309e-09
4.667013197e-09
5.471937949e-09
6.408023621e-09
7.483311806e-09
8.702819672e-09
1.006787445e-08
1.157577952e-08
1.321990653e-08
1.49902302e-08
1.687423528e-08
1.885804918e-08
2.092762632e-08
2.306983121e-08
2.527328176e-08
2.752733911e-08
2.982083274e-08
3.214363474e-08
3.448617979e-08
3.683882441e-08
3.919111488e-08
4.153100566e-08
4.384384665e-08
4.611075843e-08
4.830860222e-08
5.040975685e-08
5.238121691e-08
5.418399598e-08
5.577178709e-08
5.709073737e-08
5.807825991e-08
5.866811821e-08
5.878871237e-08
5.836449203e-08
5.731790015e-08
5.557205503e-08
5.305454121e-08
4.970299653e-08
4.547368942e-08
4.035541948e-08
3.439304956e-08
2.772851099e-08
2.067769971e-08
1.382293629e-08
8.026393366e-09
4.108162369e-09
1.998051282e-09
9.647825739e-10
5.064984305e-10
3.535019319e-10
3.204219442e-10
3.225269118e-10
3.329215271e-10
3.432630505e-10
3.508062212e-10
3.552011252e-10
3.571197297e-10
3.5758983e-10
3.706385956e-09
4.248686713e-09
4.894283287e-09
5.65364493e-09
6.536475021e-09
7.550983275e-09
8.703157225e-09
9.996124804e-09
1.142968711e-08
1.300016151e-08
1.470064349e-08
1.652158469e-08
1.845159784e-08
2.04784214e-08
2.258989432e-08
2.477481941e-08
2.702218658e-08
2.932017361e-08
3.165777172e-08
3.402451579e-08
3.641001446e-08
3.88033378e-08
4.119230163e-08
4.35626768e-08
4.589760229e-08
4.817733759e-08
5.037778724e-08
5.246946689e-08
5.441734727e-08
5.618048026e-08
5.771189193e-08
5.895684667e-08
5.985629174e-08
6.034577428e-08
6.035630121e-08
5.981564356e-08
5.865015872e-08
5.678731139e-08
5.415922921e-08
5.070787167e-08
4.639290218e-08
4.120430034e-08
3.518349148e-08
2.846050222e-08
2.131692975e-08
1.427307353e-08
8.109598751e-09
3.750529391e-09
1.547865187e-09
6.817978435e-10
3.79384309e-10
2.999817733e-10
2.913632819e-10
3.005790967e-10
3.123464458e-10
3.220575305e-10
3.284627842e-10
3.319034048e-10
3.333110529e-10
3.336331621e-10
)
;

boundaryField
{
    inletCH4
    {
        type            fixedValue;
        value           uniform 0;
    }
    wallOutside
    {
        type            zeroGradient;
    }
    wallTube
    {
        type            zeroGradient;
    }
    inletPilot
    {
        type            fixedValue;
        value           uniform 0;
    }
    inletAir
    {
        type            fixedValue;
        value           uniform 0;
    }
    outlet
    {
        type            zeroGradient;
    }
    axis
    {
        type            empty;
    }
    frontAndBack_pos
    {
        type            wedge;
    }
    frontAndBack_neg
    {
        type            wedge;
    }
}


// ************************************************************************* //
