/*--------------------------------*- C++ -*----------------------------------*\
  =========                 |
  \\      /  F ield         | OpenFOAM: The Open Source CFD Toolbox
   \\    /   O peration     | Website:  https://openfoam.org
    \\  /    A nd           | Version:  10
     \\/     M anipulation  |
\*---------------------------------------------------------------------------*/
FoamFile
{
    format      ascii;
    class       volScalarField;
    location    "3000";
    object      CH2CO;
}
// * * * * * * * * * * * * * * * * * * * * * * * * * * * * * * * * * * * * * //

dimensions      [0 0 0 0 0 0 0];

internalField   nonuniform List<scalar> 
5170
(
3.462702673e-62
2.795162582e-62
1.734978134e-62
8.556764666e-63
6.77935611e-63
1.17435619e-59
9.381135407e-60
5.730765785e-60
3.308310861e-60
5.833230446e-60
4.021306486e-57
3.189047986e-57
1.940957844e-57
1.524107528e-57
4.583287503e-57
1.40305227e-54
1.111643062e-54
6.984820413e-55
7.818090783e-55
3.299405307e-54
4.987029205e-52
3.985530621e-52
2.684917592e-52
4.245191623e-52
2.213586507e-51
1.813865787e-49
1.48044055e-49
1.094036975e-49
2.372549258e-49
1.402253957e-48
6.745899327e-47
5.671304944e-47
4.785373347e-47
1.349119519e-46
8.578439519e-46
2.562578687e-44
2.24385042e-44
2.255067366e-44
7.775247267e-44
5.132690865e-43
9.973183077e-42
9.278432469e-42
1.118909149e-41
4.532890066e-41
3.021996486e-40
3.98409869e-39
4.00808615e-39
5.782172221e-39
2.678940138e-38
1.758469505e-37
1.630346226e-36
1.802637402e-36
3.094308091e-36
1.602595318e-35
1.014414068e-34
6.804045804e-34
8.413030783e-34
1.716038701e-33
9.689945399e-33
5.814176029e-32
2.883882338e-31
4.047061583e-31
9.888514812e-31
5.957009711e-30
3.315066001e-29
1.231229803e-28
1.987921057e-28
5.861066048e-28
3.723617071e-27
1.882243273e-26
5.268663159e-26
9.881061401e-26
3.519314169e-25
2.353439899e-24
1.064673028e-23
2.222850061e-23
4.888385823e-23
2.095814037e-22
1.453938179e-21
6.000341413e-21
9.195728233e-21
2.399398314e-20
1.205722508e-19
8.684562027e-19
3.374646234e-18
3.645960432e-18
1.146100726e-17
6.697369492e-17
4.920840228e-16
1.891930071e-15
1.327107662e-15
5.214998744e-15
3.491510892e-14
2.591695571e-13
1.061500261e-12
4.135362757e-13
2.2918049e-12
1.769734763e-11
1.248062945e-10
6.03932526e-10
2.979389533e-22
1.654969023e-22
5.162507148e-23
1.762229111e-22
2.246972167e-22
1.421088517e-22
1.038483823e-22
6.671814334e-23
2.31452864e-22
1.554470561e-22
8.758889174e-23
6.507161968e-23
4.947368888e-23
1.027041753e-22
8.214629502e-23
4.940374499e-23
4.177497024e-23
3.597294878e-23
5.234824682e-23
4.426648065e-23
2.768041162e-23
2.744107597e-23
2.517938697e-23
2.806828591e-23
2.252938478e-23
1.572209259e-23
1.781092712e-23
1.67480477e-23
1.460177741e-23
1.054987912e-23
8.837835921e-24
1.119568887e-23
1.060883219e-23
6.934132485e-24
4.520061549e-24
4.96499602e-24
6.872113056e-24
6.318482871e-24
3.072153427e-24
2.25080408e-24
2.830937443e-24
4.182968966e-24
4.02437203e-24
2.745873488e-24
1.516778488e-24
1.783801067e-24
2.515960696e-24
2.543580819e-24
1.039601673e-24
6.487068321e-25
1.25655654e-24
1.557365643e-24
1.791451899e-24
1.422877239e-24
5.831616143e-25
7.944878137e-25
1.381444145e-24
1.415918198e-24
2.867836499e-24
9.79299794e-25
6.163350118e-24
2.197042759e-24
1.704328187e-24
8.887910765e-25
7.858078176e-25
9.584124855e-22
2.477391199e-22
4.602582507e-23
5.903721874e-24
1.779349876e-24
1.622900089e-19
4.268908637e-20
7.81311056e-21
9.673670345e-22
2.621101868e-22
2.775771801e-17
7.494448842e-18
1.361268739e-18
1.689087522e-19
4.398180568e-20
4.79943114e-15
1.339188451e-15
2.379849025e-16
2.96874331e-17
7.424644195e-18
8.374378719e-13
2.41820903e-13
4.116535409e-14
5.224524843e-15
1.263759384e-15
1.505352784e-10
4.410044747e-11
6.944259007e-12
9.330190646e-13
2.149022075e-13
2.813605915e-08
7.760895329e-09
1.126345545e-09
1.543289783e-10
3.526765049e-11
1.653234716e-11
1.242500966e-10
1.857634863e-09
2.718476185e-08
3.524240332e-07
3.898218262e-10
2.958434471e-09
4.179189717e-08
5.415361097e-07
5.635969622e-06
2.360164084e-09
1.623590488e-08
1.928371648e-07
1.9311795e-06
1.338500403e-05
9.236138307e-09
5.775997019e-08
5.760094469e-07
4.412447168e-06
2.108727857e-05
2.772955733e-08
1.574181884e-07
1.313045319e-06
7.866107658e-06
2.886010777e-05
7.207040586e-08
3.700906813e-07
2.602040346e-06
1.262126224e-05
3.83559108e-05
1.774469929e-07
8.33005912e-07
4.91456278e-06
1.91888163e-05
4.939435984e-05
4.144490569e-07
1.77647723e-06
8.539175285e-06
2.686504353e-05
5.961982905e-05
9.053548352e-07
3.461085307e-06
1.334099359e-05
3.462721641e-05
6.812188464e-05
1.837684973e-06
6.104652677e-06
1.904450637e-05
4.230628753e-05
7.59763043e-05
3.557730362e-06
9.833673259e-06
2.53107858e-05
5.000305064e-05
8.389662878e-05
6.309339475e-06
1.449165356e-05
3.19372167e-05
5.769786648e-05
9.157917174e-05
1.036482723e-05
2.01155471e-05
3.898378935e-05
6.534478666e-05
9.868044163e-05
1.613173263e-05
2.690470092e-05
4.661967487e-05
7.308178577e-05
0.0001054905999
2.416116709e-05
3.520125781e-05
5.511372365e-05
8.122902847e-05
0.0001125734497
3.486106951e-05
4.546073376e-05
6.489307762e-05
9.028659787e-05
0.0001205590271
4.842789561e-05
5.812923344e-05
7.651417603e-05
0.0001008328802
0.0001299204568
6.453421531e-05
7.319756952e-05
9.020249166e-05
0.0001131247062
0.000140694404
8.271996847e-05
9.035854106e-05
0.0001057814469
0.0001269678292
0.0001526404192
0.0001022156676
0.0001089229267
0.0001227363426
0.0001420279632
0.0001656215917
0.0001223461617
0.000128229342
0.0001405294153
0.0001579667346
0.0001795366867
0.0001426014029
0.000147796492
0.0001587789764
0.0001745508032
0.0001943024546
0.0001628504526
0.0001674742133
0.0001773365175
0.0001916677849
0.0002098399694
0.0001831638041
0.0001873221729
0.0001962576231
0.0002093635743
0.0002261790724
0.0002037957743
0.0002075913522
0.0002157835565
0.0002278926117
0.0002435445283
0.000225292598
0.0002288139523
0.0002364361703
0.0002477493816
0.00026246558
0.0002483924318
0.0002517185261
0.0002589387617
0.000269695333
0.0002837298301
0.0002739733128
0.0002771790502
0.0002841436907
0.0002945270139
0.0003080841279
0.0003032051422
0.0003063708159
0.0003132565115
0.0003234944517
0.0003367541586
0.0003377293702
0.0003409071837
0.0003477784597
0.0003579334797
0.0003709199719
0.0003798948299
0.000383051546
0.0003898321515
0.0003996551365
0.0004117564756
0.0004330401899
0.0004359379444
0.0004420117071
0.0004503907296
0.0004598842637
0.0004988570536
0.0005006891169
0.0005041895133
0.0005080113183
0.0005102418708
0.0005622400573
0.0005610328061
0.0005576865368
0.0005506531991
0.000537690267
0.0005653779318
0.0005594486343
0.0005460683435
0.000524905259
0.000495290904
0.0004622004762
0.0004544888443
0.0004377610371
0.0004129747811
0.0003811482735
0.0003177870871
0.00031174322
0.0002988053125
0.0002800573827
0.0002565969481
0.0001982538011
0.0001944141189
0.0001862103729
0.00017435889
0.0001595684938
0.000116651092
0.0001143683503
0.0001094783437
0.0001023797286
9.34566153e-05
6.421132887e-05
6.2837433e-05
5.988465423e-05
5.557890845e-05
5.015208977e-05
3.035762851e-05
2.959346482e-05
2.798441678e-05
2.573365452e-05
2.307564805e-05
1.276234163e-05
1.249298706e-05
1.192550263e-05
1.112571242e-05
1.016069173e-05
5.435624075e-06
5.338518632e-06
5.132325609e-06
4.837719855e-06
4.475458952e-06
2.34162973e-06
2.305205959e-06
2.227468813e-06
2.115372983e-06
1.975787783e-06
1.017242411e-06
1.003194997e-06
9.731098236e-07
9.294488056e-07
8.745957028e-07
4.447711979e-07
4.392446046e-07
4.273785478e-07
4.100768268e-07
3.881955571e-07
1.955145711e-07
1.93308454e-07
1.885624193e-07
1.816166959e-07
1.727864341e-07
8.63760461e-08
8.548531532e-08
8.356599559e-08
8.074862758e-08
7.715142388e-08
3.835962219e-08
3.799656564e-08
3.721317973e-08
3.606027272e-08
3.458281957e-08
1.713691796e-08
1.698763897e-08
1.666513591e-08
1.618943333e-08
1.557785462e-08
7.709292008e-09
7.647391232e-09
7.513512312e-09
7.315635821e-09
7.06050932e-09
3.496662798e-09
3.470782774e-09
3.414753719e-09
3.331793615e-09
3.224563572e-09
1.601312832e-09
1.59042117e-09
1.566821992e-09
1.531829094e-09
1.486508893e-09
7.42022751e-10
7.374369892e-10
7.274967564e-10
7.127469816e-10
6.936271297e-10
3.495205996e-10
3.476302874e-10
3.435357489e-10
3.374682381e-10
3.29619985e-10
1.69433697e-10
1.687309069e-10
1.67216188e-10
1.649919377e-10
1.62154731e-10
8.763374376e-11
8.749910569e-11
8.722309287e-11
8.68559778e-11
8.646269174e-11
5.40428747e-11
5.423033336e-11
5.465719189e-11
5.534484929e-11
5.634022e-11
4.317645968e-11
4.356296831e-11
4.442807576e-11
4.578396423e-11
4.767983299e-11
4.460383324e-11
4.51989916e-11
4.652630304e-11
4.859417195e-11
5.146243924e-11
5.639768013e-11
5.7266566e-11
5.920022449e-11
6.220177517e-11
6.634418217e-11
8.017703784e-11
8.140727163e-11
8.413920657e-11
8.836392986e-11
9.416368983e-11
1.194407465e-10
1.211321263e-10
1.248804705e-10
1.306564057e-10
1.385464909e-10
1.79427433e-10
1.816799805e-10
1.866622419e-10
1.943135486e-10
2.04716199e-10
2.666552784e-10
2.695534527e-10
2.759518422e-10
2.857464846e-10
2.990041109e-10
3.888503667e-10
3.924463784e-10
4.003714787e-10
4.124668211e-10
4.287705981e-10
5.532503035e-10
5.575387051e-10
5.669737317e-10
5.813327697e-10
6.006124651e-10
7.658647868e-10
7.707653718e-10
7.815300216e-10
7.978693141e-10
8.197285047e-10
1.022021685e-09
1.027372928e-09
1.039109728e-09
1.056882276e-09
1.080582805e-09
1.278953465e-09
1.284548646e-09
1.296806225e-09
1.315332679e-09
1.339976043e-09
1.272417391e-06
2.281069571e-05
3.836045386e-05
4.636852365e-05
5.548344358e-05
6.850340085e-05
8.202928738e-05
9.134479437e-05
9.781949797e-05
0.0001045114937
0.0001120260779
0.0001189939782
0.0001248153511
0.0001302835435
0.0001362799229
0.0001434133176
0.000151880819
0.0001614580655
0.0001719273685
0.0001833834868
0.000195900066
0.0002094684363
0.0002239803904
0.0002394073141
0.0002559532208
0.000274195251
0.0002949308032
0.0003188617912
0.0003471448844
0.0003808436763
0.0004204499367
0.0004655770053
0.0005087655972
0.000523503572
0.0004700301769
0.00035641123
0.0002388636148
0.0001484022204
8.665618791e-05
4.603983891e-05
2.121689202e-05
9.461059784e-06
4.206731724e-06
1.870648725e-06
8.328226778e-07
3.713925788e-07
1.659603828e-07
7.435538477e-08
3.34290101e-08
1.509827401e-08
6.859714841e-09
3.139901087e-09
1.450637985e-09
6.784790659e-10
3.234223493e-10
1.59958932e-10
8.624305116e-11
5.724253619e-11
4.933272235e-11
5.393905744e-11
6.98973931e-11
9.91063584e-11
1.452285077e-10
2.134735747e-10
3.101023215e-10
4.423471574e-10
6.165882249e-10
8.37759193e-10
1.100054265e-09
1.360157862e-09
3.020135956e-06
1.425023651e-06
1.755132349e-07
1.779235993e-08
5.895215742e-09
6.885803516e-05
0.0003294001141
2.658208656e-05
1.761292193e-06
4.356334282e-07
9.241805309e-05
0.0002471329216
2.445386312e-05
1.9494307e-06
5.921231967e-07
9.458737974e-05
0.0001794122139
0.0001038429499
7.456921266e-06
7.264173868e-07
0.0001058520415
0.0002158669864
0.0003842648059
3.092428661e-05
2.36490894e-06
0.0001255132712
0.0002611344121
0.0004703125988
4.966069146e-05
4.378427316e-06
0.0001413728636
0.0002696832306
0.000420754663
5.640376199e-05
6.412941073e-06
0.0001459002311
0.0002431617094
0.0003156818499
7.678797978e-05
1.035527125e-05
0.000147088805
0.0002284281059
0.0002978479786
0.0002493516472
3.76223114e-05
0.0001512902661
0.0002321306953
0.0003229988516
0.0003742698075
6.693878578e-05
0.0001578331792
0.0002398035084
0.0003371640987
0.0004050447167
8.305121224e-05
0.0001630396316
0.0002393250001
0.0003215360497
0.0003648059175
9.264960287e-05
0.0001661531359
0.0002341764849
0.0003018225663
0.0003376900915
0.0001839567049
0.0001690928217
0.0002318497658
0.0002959719877
0.0003450225629
0.0002840013712
0.0001732449973
0.0002336738054
0.00029873686
0.0003582962126
0.0003386207405
0.0001790256937
0.0002378803097
0.0003023167628
0.000362676417
0.0003546823795
0.0001859988585
0.0002421043726
0.0003021131618
0.0003549458113
0.0003452965433
0.0001935019396
0.0002453197618
0.0002986405643
0.0003421669148
0.0003321684291
0.0002014726653
0.0002487621734
0.0002964051262
0.0003348440835
0.0003305856137
0.0002104412491
0.0002539963108
0.000298216997
0.0003353876207
0.0003381391222
0.0002207713336
0.0002616497437
0.0003041147908
0.0003413994993
0.0003489433952
0.0002325149903
0.0002714235624
0.0003126952601
0.0003497083786
0.0003590393314
0.0002454845016
0.0002826345349
0.0003224360446
0.0003578862929
0.0003660290466
0.0002595399649
0.000294834418
0.0003325258894
0.0003649595358
0.0003695218965
0.0002748385089
0.0003081875905
0.0003433296316
0.000371875962
0.0003713836877
0.0002920356798
0.0003236248859
0.0003559260371
0.000379903648
0.0003726571359
0.0003119224009
0.0003417184056
0.0003709919917
0.000389281393
0.0003724987047
0.0003351337141
0.000363000925
0.0003886072768
0.0003991011775
0.0003689288726
0.0003627170738
0.0003881788109
0.0004082356031
0.0004071451685
0.0003590996506
0.0003954917607
0.0004168695723
0.0004277173106
0.0004093391652
0.0003402721651
0.0004328391194
0.0004466260746
0.0004419153768
0.0003996472317
0.0003110092689
0.0004727919348
0.0004711634307
0.0004416810388
0.0003722354399
0.0002723458796
0.0005043685397
0.0004757315002
0.0004150934291
0.000325492718
0.0002271982468
0.0004998617362
0.0004391604755
0.000356375653
0.0002644274576
0.0001791864943
0.0004312650613
0.0003569228837
0.0002760948926
0.0001988286133
0.0001324737017
0.0003196771502
0.0002572026746
0.0001951673441
0.0001388375395
9.15298336e-05
0.0002127975905
0.0001698462088
0.0001279351052
8.997414264e-05
5.856387005e-05
0.0001319999307
0.0001047912859
7.796175248e-05
5.381080298e-05
3.55492062e-05
7.663949642e-05
5.978332076e-05
4.342559941e-05
3.01829863e-05
2.058013802e-05
4.002809476e-05
3.054795113e-05
2.250737395e-05
1.61804933e-05
1.139339745e-05
1.857235783e-05
1.465422288e-05
1.119783571e-05
8.328681537e-06
6.054745687e-06
8.451008095e-06
6.875951436e-06
5.419860121e-06
4.156100266e-06
3.112139593e-06
3.81574051e-06
3.182351487e-06
2.574545746e-06
2.027301044e-06
1.558859394e-06
1.716855855e-06
1.460673745e-06
1.207581641e-06
9.727985479e-07
7.657045794e-07
7.71480804e-07
6.671234651e-07
5.616372583e-07
4.613713524e-07
3.706754708e-07
3.466449852e-07
3.03841543e-07
2.597715424e-07
2.170329687e-07
1.775427702e-07
1.558832448e-07
1.382181718e-07
1.197522391e-07
1.015396198e-07
8.440256847e-08
7.021963769e-08
6.288782038e-08
5.512468456e-08
4.735667339e-08
3.993124211e-08
3.171951399e-08
2.865959665e-08
2.538361177e-08
2.206411646e-08
1.884677993e-08
1.438667898e-08
1.310224756e-08
1.171376762e-08
1.029124499e-08
8.895614078e-09
6.561388092e-09
6.018970863e-09
5.427662562e-09
4.816033421e-09
4.209656068e-09
3.013971455e-09
2.783596168e-09
2.530688481e-09
2.267036186e-09
2.003480098e-09
1.397235829e-09
1.299101289e-09
1.190848841e-09
1.077452872e-09
9.636355801e-10
6.559220471e-10
6.144245091e-10
5.686524843e-10
5.208166203e-10
4.73114467e-10
3.142080179e-10
2.974005053e-10
2.791330756e-10
2.605129495e-10
2.427250124e-10
1.567239547e-10
1.51108288e-10
1.455002086e-10
1.40600763e-10
1.372385722e-10
8.597616882e-11
8.606211541e-11
8.71407548e-11
8.977319781e-11
9.441485013e-11
5.865913314e-11
6.195434995e-11
6.671833415e-11
7.343928516e-11
8.273204976e-11
5.189045631e-11
5.750574909e-11
6.518482607e-11
7.549685392e-11
8.917460761e-11
5.775685702e-11
6.600330094e-11
7.708068374e-11
9.166875116e-11
1.106194295e-10
7.535983806e-11
8.701404932e-11
1.0242942e-10
1.223791779e-10
1.477990027e-10
1.066850081e-10
1.226678294e-10
1.43512541e-10
1.700510076e-10
2.032529488e-10
1.554479221e-10
1.767527339e-10
2.041536098e-10
2.384872991e-10
2.806891869e-10
2.268343812e-10
2.543849002e-10
2.893514901e-10
3.325022579e-10
3.846520034e-10
3.269959073e-10
3.614733763e-10
4.046881126e-10
4.572560639e-10
5.197789607e-10
4.629688016e-10
5.046522992e-10
5.562921882e-10
6.182679403e-10
6.908766546e-10
6.40806152e-10
6.893178782e-10
7.487598762e-10
8.191920616e-10
9.00534703e-10
8.650405119e-10
9.192440711e-10
9.849994282e-10
1.062014056e-09
1.149813177e-09
1.129470195e-09
1.187490568e-09
1.25726605e-09
1.338166088e-09
1.429353506e-09
1.390608461e-09
1.450333149e-09
1.521671674e-09
1.603728203e-09
1.69539187e-09
6.567486332e-10
9.545842979e-11
2.064059482e-11
9.557443329e-12
6.918642627e-12
5.377984539e-12
4.066214761e-12
2.97088295e-12
2.106730137e-12
1.462498922e-12
9.986775661e-13
6.728536448e-13
4.477940607e-13
2.943959418e-13
1.911712072e-13
1.225931589e-13
7.765717951e-14
4.861996301e-14
3.011863772e-14
1.848937492e-14
1.127410857e-14
6.851213688e-15
4.169236867e-15
2.557749893e-15
1.596068698e-15
1.023830782e-15
6.820264288e-16
4.749715014e-16
3.460243001e-16
2.622708054e-16
2.049639395e-16
1.636068886e-16
1.323602337e-16
1.079245279e-16
8.833860481e-17
7.234152186e-17
5.906790093e-17
4.791752161e-17
3.849248563e-17
3.054433038e-17
2.391497655e-17
1.848193769e-17
1.412141481e-17
1.069432343e-17
8.050132199e-18
6.039118955e-18
4.524764605e-18
3.390931515e-18
2.543876623e-18
1.910452575e-18
1.434848962e-18
1.075230525e-18
8.005949921e-19
5.881326963e-19
4.210826545e-19
2.871152756e-19
1.773716118e-19
8.90519542e-20
2.588921399e-20
2.558040878e-21
4.879908287e-08
4.743072619e-09
6.330261873e-10
2.009150863e-10
1.223917796e-10
8.772344622e-11
6.197077491e-11
4.284861285e-11
2.858816633e-11
1.863619328e-11
1.185750842e-11
7.417482165e-12
4.574909214e-12
2.793203752e-12
1.692513489e-12
1.019744738e-12
6.117605216e-13
3.657276155e-13
2.180674356e-13
1.297862703e-13
7.720674663e-14
4.601645051e-14
2.758931905e-14
1.673861849e-14
1.036231158e-14
6.611512107e-15
4.38964949e-15
3.051240565e-15
2.22063383e-15
1.682240809e-15
1.314397756e-15
1.049354939e-15
8.494521561e-16
6.933927827e-16
5.684944115e-16
4.665657952e-16
3.819537808e-16
3.107338803e-16
2.503317738e-16
1.991873881e-16
1.563552181e-16
1.211248436e-16
9.276312757e-17
7.041548332e-17
5.313358642e-17
3.996186696e-17
3.002121949e-17
2.256126112e-17
1.697399122e-17
1.278372029e-17
9.627698063e-18
7.23384705e-18
5.399829795e-18
3.97618488e-18
2.852943372e-18
1.950047042e-18
1.212139089e-18
6.219247438e-19
2.021621524e-19
2.76500948e-20
9.012986105e-08
1.046191003e-08
1.907895009e-09
9.438545338e-10
6.639242498e-10
4.955890743e-10
3.588237303e-10
2.541178e-10
1.733979477e-10
1.1531886e-10
7.427770194e-11
4.667024915e-11
2.858671265e-11
1.71490222e-11
1.010103111e-11
5.867473411e-12
3.375804112e-12
1.932058018e-12
1.104504502e-12
6.326303796e-13
3.639656109e-13
2.108419978e-13
1.234259138e-13
7.339937971e-14
4.467461263e-14
2.808824199e-14
1.840725062e-14
1.264611312e-14
9.110419404e-15
6.845038633e-15
5.316626415e-15
4.22971168e-15
3.420048152e-15
2.794457971e-15
2.297439452e-15
1.893338307e-15
1.557829495e-15
1.274335001e-15
1.032340331e-15
8.258338461e-16
6.515074367e-16
5.070492917e-16
3.899890831e-16
2.972298986e-16
2.25153609e-16
1.69993033e-16
1.282113284e-16
9.674520089e-17
7.309222573e-17
5.528515138e-17
4.181773806e-17
3.155512527e-17
2.365196655e-17
1.748283373e-17
1.258719772e-17
8.633515593e-18
5.403266259e-18
2.814817993e-18
9.665994713e-19
1.524601639e-19
1.263813119e-07
2.838665621e-08
6.21568323e-09
3.10648655e-09
2.261724507e-09
1.731068964e-09
1.298964844e-09
9.48996711e-10
6.726012629e-10
4.639152476e-10
3.107405818e-10
2.026570322e-10
1.28565373e-10
7.952349281e-11
4.796733439e-11
2.82933545e-11
1.635240732e-11
9.300001273e-12
5.22677128e-12
2.918780164e-12
1.628125868e-12
9.120472137e-13
5.15899929e-13
2.965719629e-13
1.746286234e-13
1.062698886e-13
6.743535066e-14
4.491067679e-14
3.144266877e-14
2.305453458e-14
1.756833095e-14
1.379047318e-14
1.106200684e-14
9.010498646e-15
7.415520573e-15
6.137135429e-15
5.081936884e-15
4.188397204e-15
3.419617225e-15
2.756547252e-15
2.190489974e-15
1.716388693e-15
1.328532089e-15
1.018622805e-15
7.760615966e-16
5.892148287e-16
4.46827674e-16
3.38975459e-16
2.574554327e-16
1.95766683e-16
1.48881851e-16
1.129672051e-16
8.514185447e-17
6.32702768e-17
4.578140523e-17
3.156225563e-17
1.991732359e-17
1.054223438e-17
3.784286021e-18
6.812625395e-19
4.549311694e-07
1.061045557e-07
2.136789764e-08
7.698793945e-09
5.312627839e-09
4.1514434e-09
3.242020962e-09
2.474846257e-09
1.84322642e-09
1.339988694e-09
9.501603004e-10
6.574038325e-10
4.433781338e-10
2.916385963e-10
1.86883406e-10
1.167732379e-10
7.11148845e-11
4.22875404e-11
2.457524801e-11
1.400682397e-11
7.85549947e-12
4.360443666e-12
2.41038781e-12
1.337874464e-12
7.526460941e-13
4.338500966e-13
2.591126846e-13
1.619182965e-13
1.065235177e-13
7.384433217e-14
5.370761792e-14
4.067367207e-14
3.180923031e-14
2.550021591e-14
2.082208342e-14
1.721079469e-14
1.430322133e-14
1.186751053e-14
9.769115374e-15
7.94267577e-15
6.363932908e-15
5.024854568e-15
3.916850713e-15
3.023206848e-15
2.318441631e-15
1.771922159e-15
1.352654712e-15
1.032816482e-15
7.893193437e-16
6.037649883e-16
4.61825671e-16
3.524549806e-16
2.672248533e-16
1.997992829e-16
1.454941753e-16
1.010230886e-16
6.44031813e-17
3.472105894e-17
1.30228612e-17
2.724066415e-18
9.634267178e-07
2.342974187e-07
5.917105171e-08
1.673329527e-08
9.925838612e-09
7.678901168e-09
6.174725137e-09
4.915773265e-09
3.84666289e-09
2.954353142e-09
2.22501482e-09
1.641985187e-09
1.186232005e-09
8.384608111e-10
5.79101028e-10
3.905637952e-10
2.569076705e-10
1.64756223e-10
1.028961125e-10
6.262330846e-11
3.714886006e-11
2.153614575e-11
1.222981463e-11
6.838072813e-12
3.788221158e-12
2.100053719e-12
1.178823233e-12
6.79440345e-13
4.075856002e-13
2.571968896e-13
1.715710547e-13
1.208308925e-13
8.931175344e-14
6.874697468e-14
5.466921854e-14
4.45401888e-14
3.683198806e-14
3.061355623e-14
2.535262485e-14
2.078137652e-14
1.679435238e-14
1.336603694e-14
1.048956096e-14
8.143011894e-15
6.278462744e-15
4.825946414e-15
3.707411543e-15
2.850158154e-15
2.19352459e-15
1.689518711e-15
1.300976112e-15
9.993007361e-16
7.625493103e-16
5.740165069e-16
4.212392917e-16
2.953676107e-16
1.909609621e-16
1.054982753e-16
4.166781933e-17
1.027546402e-17
8.984055495e-07
2.331978232e-07
8.423305339e-08
3.043570915e-08
1.593142819e-08
1.184672995e-08
9.645730577e-09
7.916415582e-09
6.434825186e-09
5.159294281e-09
4.075237274e-09
3.169632464e-09
2.426329216e-09
1.826959734e-09
1.352112979e-09
9.824916354e-10
6.998123125e-10
4.877782264e-10
3.320089639e-10
2.203767505e-10
1.42433637e-10
8.959221679e-11
5.480788188e-11
3.263472654e-11
1.89420473e-11
1.076443089e-11
6.024367054e-12
3.35180209e-12
1.877489209e-12
1.075999465e-12
6.415662952e-13
4.034195939e-13
2.693587181e-13
1.908362527e-13
1.425950892e-13
1.113512953e-13
8.979327688e-14
7.376096129e-14
6.095805131e-14
5.017754975e-14
4.085286197e-14
3.278464593e-14
2.591933906e-14
2.023021274e-14
1.565613046e-14
1.207228624e-14
9.308252118e-15
7.189656332e-15
5.565374767e-15
4.315136367e-15
3.346555121e-15
2.589549386e-15
1.991031515e-15
1.510908639e-15
1.119413855e-15
7.951608967e-16
5.24092925e-16
2.991767503e-16
1.261535842e-16
3.687547901e-17
1.093908588e-06
3.639820117e-07
1.331444629e-07
5.515296317e-08
2.602299912e-08
1.710918263e-08
1.348310862e-08
1.116342188e-08
9.279847655e-09
7.655006392e-09
6.244973716e-09
5.032793746e-09
4.005165929e-09
3.146979289e-09
2.440869671e-09
1.868170139e-09
1.410031914e-09
1.048600343e-09
7.672415496e-10
5.512180487e-10
3.878981152e-10
2.666436189e-10
1.785231419e-10
1.161574931e-10
7.335106747e-11
4.494899704e-11
2.674897473e-11
1.549907854e-11
8.788641267e-12
4.922185101e-12
2.758819261e-12
1.575025341e-12
9.343722551e-13
5.862027251e-13
3.926290261e-13
2.807634106e-13
2.125425951e-13
1.676756376e-13
1.355066669e-13
1.105919793e-13
9.015551007e-14
7.283523925e-14
5.806125233e-14
4.563487491e-14
3.547129608e-14
2.741122607e-14
2.11608434e-14
1.636741165e-14
1.270099685e-14
9.886910523e-15
7.709926046e-15
6.006876148e-15
4.65569065e-15
3.565952613e-15
2.671794314e-15
1.926267183e-15
1.297228772e-15
7.66566527e-16
3.453671151e-16
1.173279266e-16
4.175810491e-06
8.978467735e-07
2.899376354e-07
1.155000933e-07
4.7381759e-08
2.499061663e-08
1.802468485e-08
1.466992678e-08
1.231523867e-08
1.035711109e-08
8.651936016e-09
7.159678425e-09
5.864151897e-09
4.752838531e-09
3.811720187e-09
3.024684155e-09
2.374303048e-09
1.842927644e-09
1.413520709e-09
1.070200416e-09
7.986648118e-10
5.864107066e-10
4.227274625e-10
2.983272757e-10
2.054339877e-10
1.376100488e-10
8.937339238e-11
5.616543972e-11
3.414808737e-11
2.013102799e-11
1.156084626e-11
6.523904025e-12
3.669619313e-12
2.099572211e-12
1.250087961e-12
7.895538086e-13
5.344985966e-13
3.867164854e-13
2.944409135e-13
2.316807211e-13
1.85560933e-13
1.494909108e-13
1.199458493e-13
9.518390337e-14
7.453178386e-14
5.782344182e-14
4.47029013e-14
3.457436848e-14
2.681903435e-14
2.088824913e-14
1.632888136e-14
1.278325686e-14
9.979799116e-15
7.718539889e-15
5.856781281e-15
4.293767242e-15
2.96031766e-15
1.81419836e-15
8.73957818e-16
3.381761131e-16
8.766997842e-06
1.339378692e-06
4.743697072e-07
1.917726295e-07
8.429055754e-08
3.82845343e-08
2.393187314e-08
1.869296632e-08
1.566443571e-08
1.33368093e-08
1.134143057e-08
9.58169224e-09
8.027894102e-09
6.666539861e-09
5.486293034e-09
4.474300392e-09
3.615855405e-09
2.8950721e-09
2.295706978e-09
1.801917222e-09
1.398525325e-09
1.072356647e-09
8.11007539e-10
6.037734304e-10
4.41430356e-10
3.161152746e-10
2.211274749e-10
1.506288658e-10
9.958566475e-11
6.371568857e-11
3.937554626e-11
2.35183393e-11
1.364271519e-11
7.765531087e-12
4.408326189e-12
2.549177005e-12
1.535609525e-12
9.825484468e-13
6.728202976e-13
4.895802068e-13
3.724997782e-13
2.916354963e-13
2.318090106e-13
1.848696959e-13
1.463951875e-13
1.145935192e-13
8.89666705e-14
6.887463142e-14
5.33797021e-14
4.151537382e-14
3.243440498e-14
2.543352831e-14
1.995235533e-14
1.556401885e-14
1.196057272e-14
8.925849109e-15
6.308960066e-15
4.015443614e-15
2.0679962e-15
8.930406028e-16
1.263931865e-05
1.7586593e-06
6.313211299e-07
2.528533202e-07
1.216116186e-07
5.820639225e-08
3.231345374e-08
2.353827569e-08
1.946217838e-08
1.668604056e-08
1.438781567e-08
1.236151519e-08
1.055072286e-08
8.936547003e-09
7.508958808e-09
6.258492212e-09
5.174023494e-09
4.241977802e-09
3.44965759e-09
2.78156787e-09
2.22227802e-09
1.757505913e-09
1.374225436e-09
1.060802491e-09
8.069692667e-10
6.037325651e-10
4.432367608e-10
3.185720482e-10
2.235787999e-10
1.52800474e-10
1.014348828e-10
6.524703651e-11
4.059584075e-11
2.444623595e-11
1.432033294e-11
8.248961057e-12
4.748150809e-12
2.786411893e-12
1.70561605e-12
1.10984124e-12
7.720675311e-13
5.682929635e-13
4.35203881e-13
3.412792864e-13
2.704040796e-13
2.139521954e-13
1.679030259e-13
1.306985868e-13
1.013689935e-13
7.871010834e-14
6.137104155e-14
4.808615458e-14
3.779461019e-14
2.965670131e-14
2.304152007e-14
1.749133161e-14
1.267934749e-14
8.385999649e-15
4.611085089e-15
2.181067463e-15
1.60639027e-05
2.448932284e-06
6.650404307e-07
2.864534094e-07
1.466016158e-07
8.105435381e-08
4.504389553e-08
3.000688373e-08
2.386136136e-08
2.035733899e-08
1.770271157e-08
1.540993302e-08
1.335293672e-08
1.149464329e-08
9.820829449e-09
8.330318255e-09
7.01619686e-09
5.866369361e-09
4.868483076e-09
4.009384132e-09
3.274653089e-09
2.65043689e-09
2.123829683e-09
1.682923144e-09
1.316860981e-09
1.015858243e-09
7.711552632e-10
5.74896531e-10
4.199882785e-10
2.999852851e-10
2.090194206e-10
1.417590181e-10
9.339387425e-11
5.968814913e-11
3.700565131e-11
2.231228722e-11
1.315866311e-11
7.66706898e-12
4.485045204e-12
2.692284771e-12
1.699627768e-12
1.146160393e-12
8.234317367e-13
6.204039452e-13
4.814794441e-13
3.792453998e-13
2.997598679e-13
2.359870858e-13
1.844855606e-13
1.435503573e-13
1.117339122e-13
8.734659236e-14
6.861999158e-14
5.400936354e-14
4.23016553e-14
3.259231252e-14
2.420610513e-14
1.663606284e-14
9.747574721e-15
4.970247871e-15
3.39249689e-05
5.462926637e-06
1.025781168e-06
4.188528816e-07
1.913119919e-07
1.086968134e-07
6.42844898e-08
3.986888521e-08
2.930747791e-08
2.419435974e-08
2.090079333e-08
1.827920054e-08
1.597375278e-08
1.391059606e-08
1.201716369e-08
1.035060306e-08
8.857486309e-09
7.52851644e-09
6.353847686e-09
5.323124088e-09
4.425047343e-09
3.647959326e-09
2.980155538e-09
2.410257736e-09
1.927537766e-09
1.522080667e-09
1.184845332e-09
9.075953571e-10
6.827955744e-10
5.034933397e-10
3.631993923e-10
2.558060723e-10
1.75587658e-10
1.172820727e-10
7.616390391e-11
4.809475056e-11
2.958022009e-11
1.778923141e-11
1.053923504e-11
6.236001425e-12
3.759933218e-12
2.366158372e-12
1.582422279e-12
1.126414192e-12
8.430165725e-13
6.512892103e-13
5.112590386e-13
4.037367853e-13
3.186553315e-13
2.503836941e-13
1.958959283e-13
1.531553637e-13
1.201254236e-13
9.458310573e-14
7.445235801e-14
5.805063273e-14
4.407881161e-14
3.146749436e-14
1.961365119e-14
1.065054972e-14
5.835379151e-05
1.039091704e-05
1.835927763e-06
6.373982131e-07
2.733543212e-07
1.460924009e-07
8.893394932e-08
5.526174388e-08
3.673005666e-08
2.794177076e-08
2.315740037e-08
1.992089389e-08
1.737809929e-08
1.522044661e-08
1.325300011e-08
1.154065307e-08
9.992727061e-09
8.601958803e-09
7.358427253e-09
6.25275901e-09
5.275777704e-09
4.418147728e-09
3.670316808e-09
3.022509149e-09
2.464963065e-09
1.98819593e-09
1.583390718e-09
1.242701391e-09
9.592493769e-10
7.268281388e-10
5.39510811e-10
3.915810251e-10
2.774952665e-10
1.917795011e-10
1.291563785e-10
8.473728525e-11
5.418197577e-11
3.382057611e-11
2.06868924e-11
1.249060456e-11
7.540297168e-12
4.636295795e-12
2.968282139e-12
2.011365855e-12
1.445276094e-12
1.087853096e-12
8.426017837e-13
6.61867808e-13
5.22861636e-13
4.134599635e-13
3.264267807e-13
2.570903769e-13
2.023711081e-13
1.596091685e-13
1.260818687e-13
9.920321496e-14
7.674603223e-14
5.675132923e-14
3.755063092e-14
2.158715967e-14
7.749140522e-05
1.539201569e-05
2.931280188e-06
8.073467369e-07
3.66160902e-07
1.85830539e-07
1.12907624e-07
7.287585162e-08
4.741520732e-08
3.196786641e-08
2.377813569e-08
1.928012515e-08
1.638090425e-08
1.425782386e-08
1.248786817e-08
1.094598075e-08
9.57173129e-09
8.337185471e-09
7.22631298e-09
6.228499363e-09
5.335568779e-09
4.540297735e-09
3.835777891e-09
3.215181392e-09
2.671655209e-09
2.198485101e-09
1.789192101e-09
1.437588436e-09
1.137961559e-09
8.854490756e-10
6.759139339e-10
5.051410948e-10
3.687996637e-10
2.627152683e-10
1.825211136e-10
1.236434981e-10
8.171982661e-11
5.278271638e-11
3.340179858e-11
2.080485985e-11
1.286041255e-11
7.994433301e-12
5.087973985e-12
3.377727786e-12
2.365036678e-12
1.742725843e-12
1.333589669e-12
1.042739959e-12
8.23125358e-13
6.519241964e-13
5.169044515e-13
4.099596432e-13
3.251330858e-13
2.581359311e-13
2.052609255e-13
1.630007429e-13
1.281171277e-13
9.76141653e-14
6.825352316e-14
4.153695101e-14
8.944753251e-05
1.962521642e-05
4.084709266e-06
9.597305049e-07
4.427322515e-07
2.200683611e-07
1.313009033e-07
8.668443445e-08
5.830016272e-08
3.838644555e-08
2.470525664e-08
1.705097615e-08
1.333635452e-08
1.125123985e-08
9.798952886e-09
8.633680418e-09
7.625714633e-09
6.726594678e-09
5.914455521e-09
5.177820531e-09
4.509755994e-09
3.905348155e-09
3.360513191e-09
2.871446108e-09
2.434399287e-09
2.045645306e-09
1.701578587e-09
1.398821175e-09
1.134256961e-09
9.05210409e-10
7.095123301e-10
5.451268922e-10
4.098305501e-10
3.00968641e-10
2.156381712e-10
1.507117191e-10
1.02800384e-10
6.854117754e-11
4.47871891e-11
2.88087521e-11
1.836900084e-11
1.172610748e-11
7.598928187e-12
5.081449028e-12
3.553597634e-12
2.608650284e-12
1.994283072e-12
1.564251603e-12
1.241079221e-12
9.874585577e-13
7.856486609e-13
6.255159841e-13
4.989701419e-13
3.990940088e-13
3.200814799e-13
2.569210419e-13
2.050944446e-13
1.603010933e-13
1.176405107e-13
7.594817796e-14
9.990143239e-05
2.375606524e-05
5.345136008e-06
1.218408418e-06
4.84021906e-07
2.49246455e-07
1.439766465e-07
9.558472907e-08
6.584785098e-08
4.469487302e-08
2.862090431e-08
1.684117496e-08
1.046559836e-08
7.913706126e-09
6.695188518e-09
5.890275962e-09
5.243810906e-09
4.680533285e-09
4.172326729e-09
3.706957535e-09
3.278819222e-09
2.885103779e-09
2.524039964e-09
2.194152696e-09
1.893972857e-09
1.621922644e-09
1.376366369e-09
1.155725391e-09
9.586015345e-10
7.838561934e-10
6.305362052e-10
4.978230248e-10
3.849742506e-10
2.910884534e-10
2.149391518e-10
1.549946928e-10
1.092500773e-10
7.533959825e-11
5.09300726e-11
3.388527448e-11
2.233095082e-11
1.471992258e-11
9.828467931e-12
6.736786103e-12
4.797004165e-12
3.56811856e-12
2.760661898e-12
2.194932832e-12
1.7677136e-12
1.42600537e-12
1.146177044e-12
9.18367248e-13
7.361260281e-13
5.921803973e-13
4.787012782e-13
3.883999751e-13
3.147766383e-13
2.517737612e-13
1.925829196e-13
1.321158235e-13
0.000131553335
3.280561408e-05
7.786052987e-06
1.809727681e-06
5.609566825e-07
2.894524484e-07
1.61034665e-07
1.039433926e-07
7.188064977e-08
4.970590735e-08
3.30417739e-08
1.985362095e-08
1.032123597e-08
5.911811154e-09
4.43196862e-09
3.778018139e-09
3.353392713e-09
3.011062686e-09
2.708025592e-09
2.429171788e-09
2.169925939e-09
1.928635273e-09
1.704578759e-09
1.497467528e-09
1.307044297e-09
1.132708462e-09
9.737498816e-10
8.294525051e-10
6.991270632e-10
5.821665346e-10
4.780586429e-10
3.863731978e-10
3.067376828e-10
2.387715991e-10
1.81986699e-10
1.357245319e-10
9.907862812e-11
7.086237117e-11
4.976883271e-11
3.444754305e-11
2.362418202e-11
1.618818667e-11
1.121256615e-11
7.956155189e-12
5.84334952e-12
4.460798569e-12
3.528711302e-12
2.864356203e-12
2.355511236e-12
1.939912535e-12
1.588344686e-12
1.290690637e-12
1.044347007e-12
8.460175068e-13
6.889970555e-13
5.646258599e-13
4.641313081e-13
3.790808466e-13
3.003183283e-13
2.184846094e-13
0.0001755925685
4.638806356e-05
1.168628108e-05
2.852094011e-06
7.683002224e-07
3.56565503e-07
1.939951603e-07
1.182678261e-07
7.976095275e-08
5.524225365e-08
3.751415618e-08
2.381394902e-08
1.28598913e-08
5.841473565e-09
3.329688313e-09
2.545144677e-09
2.180274074e-09
1.934297703e-09
1.732844622e-09
1.55336144e-09
1.388241721e-09
1.234950642e-09
1.092686862e-09
9.611955804e-10
8.402481042e-10
7.293830357e-10
6.285918131e-10
5.373713723e-10
4.553010922e-10
3.819828537e-10
3.170715403e-10
2.600851835e-10
2.105341321e-10
1.679442902e-10
1.318457874e-10
1.017624887e-10
7.718659675e-11
5.755292523e-11
4.224975858e-11
3.062816694e-11
2.203687997e-11
1.585850437e-11
1.152601879e-11
8.550409375e-12
6.534909006e-12
5.165218941e-12
4.208119642e-12
3.504157759e-12
2.950565719e-12
2.486616092e-12
2.081871091e-12
1.725941481e-12
1.419045782e-12
1.163242548e-12
9.565306373e-13
7.919460543e-13
6.597771132e-13
5.491830928e-13
4.481742385e-13
3.434755536e-13
0.0002156780079
6.099350655e-05
1.645155347e-05
4.283179427e-06
1.137027916e-06
4.457872369e-07
2.425374158e-07
1.408530843e-07
9.122024289e-08
6.243060265e-08
4.286046496e-08
2.821396105e-08
1.657656271e-08
7.743702593e-09
3.307076062e-09
2.002480901e-09
1.565794286e-09
1.337128046e-09
1.173145401e-09
1.036408282e-09
9.152168957e-10
8.053291873e-10
7.050990267e-10
6.138210224e-10
5.310825001e-10
4.564864854e-10
3.896349186e-10
3.301617483e-10
2.777260152e-10
2.319069701e-10
1.921787428e-10
1.581900181e-10
1.292976444e-10
1.048807124e-10
8.436103094e-11
6.721046509e-11
5.296570679e-11
4.126571835e-11
3.180888364e-11
2.431536962e-11
1.850927232e-11
1.411931022e-11
1.087749331e-11
8.528235759e-12
6.844645029e-12
5.636831734e-12
4.750720777e-12
4.06898503e-12
3.511280701e-12
3.028020758e-12
2.593069813e-12
2.197557987e-12
1.843560054e-12
1.537072912e-12
1.281443729e-12
1.074054527e-12
9.06920149e-13
7.681577211e-13
6.430213605e-13
5.148054082e-13
0.0002467287472
7.436195568e-05
2.14208757e-05
5.958702917e-06
1.641919037e-06
5.56841566e-07
2.96682011e-07
1.697447409e-07
1.055694333e-07
7.099592473e-08
4.897363486e-08
3.316928403e-08
2.093401245e-08
1.10682958e-08
4.473312569e-09
2.017059755e-09
1.319517651e-09
1.044844289e-09
8.828796015e-10
7.608559937e-10
6.582725761e-10
5.682306436e-10
4.88105525e-10
4.167095887e-10
3.533591756e-10
2.975065718e-10
2.485673269e-10
2.060961296e-10
1.697362572e-10
1.390261722e-10
1.134527058e-10
9.245977175e-11
7.541915284e-11
6.165049287e-11
5.046061977e-11
4.132031268e-11
3.376971492e-11
2.749646253e-11
2.230246765e-11
1.804513755e-11
1.460336329e-11
1.18705835e-11
9.741031394e-12
8.106096897e-12
6.859213486e-12
5.902898074e-12
5.153152346e-12
4.54087145e-12
4.013787367e-12
3.537834345e-12
3.094983685e-12
2.679995321e-12
2.296755883e-12
1.953490791e-12
1.657322907e-12
1.410247118e-12
1.208013707e-12
1.04011411e-12
8.903953994e-13
7.389829419e-13
0.0002681120649
8.553096069e-05
2.6152268e-05
7.735799921e-06
2.242266502e-06
7.085918192e-07
3.463108833e-07
2.009878062e-07
1.213579864e-07
7.995040561e-08
5.520749661e-08
3.815023329e-08
2.524594155e-08
1.497920206e-08
7.028383684e-09
2.680208236e-09
1.350853664e-09
9.42257269e-10
7.520292015e-10
6.278399423e-10
5.308666826e-10
4.49157911e-10
3.783030709e-10
3.163798887e-10
2.623892729e-10
2.156629667e-10
1.756268838e-10
1.417162536e-10
1.133799525e-10
9.014532238e-11
7.14900421e-11
5.682277656e-11
4.552813509e-11
3.69534189e-11
3.045027102e-11
2.544627593e-11
2.149267195e-11
1.827880675e-11
1.560396503e-11
1.336778213e-11
1.149450653e-11
9.937570917e-12
8.658077241e-12
7.613397163e-12
6.759555996e-12
6.053586876e-12
5.45559619e-12
4.931621947e-12
4.454353852e-12
4.004447659e-12
3.571986597e-12
3.155799709e-12
2.761387774e-12
2.397934465e-12
2.074412705e-12
1.796100297e-12
1.562718208e-12
1.367120792e-12
1.194225536e-12
1.021397506e-12
0.0002809054582
9.466163743e-05
3.059302366e-05
9.581619716e-06
2.928160673e-06
9.18626421e-07
3.934026894e-07
2.304967054e-07
1.37870444e-07
8.874082659e-08
6.110987002e-08
4.293942852e-08
2.952502184e-08
1.895673672e-08
1.039239261e-08
4.312095904e-09
1.725345534e-09
9.865856189e-10
7.211101434e-10
5.783679372e-10
4.77921225e-10
3.975618776e-10
3.298405849e-10
2.717655766e-10
2.218629216e-10
1.792091415e-10
1.430952433e-10
1.129088762e-10
8.807961575e-11
6.808318119e-11
5.239109867e-11
4.039543639e-11
3.146686729e-11
2.499988769e-11
2.040538576e-11
1.714966804e-11
1.479726925e-11
1.302949787e-11
1.163431859e-11
1.048367778e-11
9.504754606e-12
8.657717632e-12
7.920559031e-12
7.277173799e-12
6.70821399e-12
6.196622469e-12
5.726564165e-12
5.283473099e-12
4.856711544e-12
4.438994571e-12
4.026871894e-12
3.62194843e-12
3.230628609e-12
2.862016404e-12
2.525243443e-12
2.22700394e-12
1.969915906e-12
1.75076287e-12
1.557919343e-12
1.367555322e-12
0.0002870018179
0.0001032351535
3.498368653e-05
1.151154046e-05
3.693766798e-06
1.184074781e-06
4.521895219e-07
2.556339333e-07
1.5453652e-07
9.720982883e-08
6.63067034e-08
4.710546955e-08
3.334579341e-08
2.262411871e-08
1.398415248e-08
7.062992157e-09
2.74415376e-09
1.224789077e-09
7.718346457e-10
5.822260977e-10
4.685064382e-10
3.842439708e-10
3.157576205e-10
2.580948501e-10
2.090748694e-10
1.675060615e-10
1.325642857e-10
1.035608083e-10
7.984526748e-11
6.078145968e-11
4.584863135e-11
3.453483754e-11
2.62335713e-11
2.0333986e-11
1.627251518e-11
1.35469886e-11
1.173523134e-11
1.05118333e-11
9.647153067e-12
8.991839176e-12
8.455787504e-12
7.988325326e-12
7.562109904e-12
7.162100256e-12
6.778165047e-12
6.401294421e-12
6.026297303e-12
5.647755975e-12
5.263506958e-12
4.874810447e-12
4.484531876e-12
4.096106008e-12
3.715632264e-12
3.351442194e-12
3.012044004e-12
2.704240226e-12
2.432075601e-12
2.195465689e-12
1.987271106e-12
1.785938217e-12
0.0002883026222
0.0001119009536
3.96188418e-05
1.36384656e-05
4.575857159e-06
1.513991334e-06
5.432852509e-07
2.789734553e-07
1.704028722e-07
1.059220451e-07
7.105990247e-08
5.067032629e-08
3.665300651e-08
2.58897112e-08
1.719931842e-08
1.012251983e-08
4.712098311e-09
1.828063476e-09
9.259116278e-10
6.306946037e-10
4.878717972e-10
3.939577109e-10
3.215737526e-10
2.620036754e-10
2.118735282e-10
1.69553609e-10
1.340442328e-10
1.045805059e-10
8.04915874e-11
6.114322431e-11
4.592143262e-11
3.4276015e-11
2.566976546e-11
1.953707864e-11
1.532717487e-11
1.254036694e-11
1.075226115e-11
9.625083923e-12
8.908606331e-12
8.430529467e-12
8.080030418e-12
7.790247366e-12
7.523137288e-12
7.258154419e-12
6.984483736e-12
6.696215579e-12
6.389887395e-12
6.063520554e-12
5.717569713e-12
5.355409484e-12
4.984672481e-12
4.611993097e-12
4.244143162e-12
3.888501321e-12
3.552573548e-12
3.242463725e-12
2.962723197e-12
2.715334734e-12
2.497490716e-12
2.294037195e-12
0.0002851025889
0.0001179282613
4.345821749e-05
1.55714802e-05
5.44190284e-06
1.865900902e-06
6.596991486e-07
3.028598399e-07
1.835155789e-07
1.145083314e-07
7.549192619e-08
5.367305788e-08
3.941487355e-08
2.87268335e-08
2.012449235e-08
1.303085407e-08
7.192303139e-09
3.048899647e-09
1.266611907e-09
7.340437181e-10
5.318017112e-10
4.195229633e-10
3.398106528e-10
2.76430159e-10
2.237920295e-10
1.79537566e-10
1.424017179e-10
1.115173321e-10
8.616905439e-11
6.570677494e-11
4.950756e-11
3.698734424e-11
2.760770207e-11
2.082529779e-11
1.610300056e-11
1.294582352e-11
1.091879477e-11
9.663815767e-12
8.905245166e-12
8.444708095e-12
8.148164432e-12
7.930297215e-12
7.739873458e-12
7.547952125e-12
7.339314796e-12
7.106658448e-12
6.847295458e-12
6.561068228e-12
6.249350482e-12
5.915682134e-12
5.566271751e-12
5.209235249e-12
4.853496824e-12
4.50709765e-12
4.17681392e-12
3.868692989e-12
3.587573541e-12
3.336832186e-12
3.116892026e-12
2.93534019e-12
0.0002762903459
0.0001192260714
4.571846227e-05
1.705853851e-05
6.20614719e-06
2.209475189e-06
7.908464628e-07
3.329882202e-07
1.939916593e-07
1.225717924e-07
8.006059048e-08
5.634864268e-08
4.16729175e-08
3.105377513e-08
2.259878234e-08
1.559577806e-08
9.770330171e-09
5.033081573e-09
2.038138066e-09
9.513538523e-10
6.099538236e-10
4.597951659e-10
3.670982486e-10
2.977205953e-10
2.414258994e-10
1.944325386e-10
1.549992747e-10
1.220933073e-10
9.494058327e-11
7.286844699e-11
5.525188225e-11
4.149081511e-11
3.10290009e-11
2.333922514e-11
1.789062493e-11
1.418040616e-11
1.176096065e-11
1.025136386e-11
9.347503946e-12
8.821615975e-12
8.513357422e-12
8.316234972e-12
8.163421493e-12
8.015432492e-12
7.850610566e-12
7.658348021e-12
7.434628069e-12
7.179815828e-12
6.896623617e-12
6.588809494e-12
6.261668589e-12
5.92228383e-12
5.579257178e-12
5.241837064e-12
4.91827388e-12
4.615349275e-12
4.339435791e-12
4.096519473e-12
3.901260315e-12
3.779367622e-12
0.0002614126834
0.0001155441538
4.600001559e-05
1.783696464e-05
6.744433734e-06
2.493764793e-06
9.155694035e-07
3.683013947e-07
2.009195303e-07
1.283698901e-07
8.41461243e-08
5.862468582e-08
4.340747224e-08
3.284574885e-08
2.459533574e-08
1.776150012e-08
1.20015959e-08
7.201042948e-09
3.471811109e-09
1.426301074e-09
7.531959837e-10
5.205126664e-10
4.032717682e-10
3.244387275e-10
2.631646374e-10
2.1273738e-10
1.705202266e-10
1.351856891e-10
1.058642054e-10
8.185336151e-11
6.251934876e-11
4.725974245e-11
3.550196489e-11
2.671459017e-11
2.037855019e-11
1.598305382e-11
1.306143006e-11
1.120927102e-11
1.009230133e-11
9.450939676e-12
9.095531292e-12
8.895280783e-12
8.764890863e-12
8.651879165e-12
8.526129667e-12
8.372066361e-12
8.183183036e-12
7.958703093e-12
7.70159462e-12
7.416736095e-12
7.109927641e-12
6.788214407e-12
6.459557199e-12
6.132878201e-12
5.818141875e-12
5.52577631e-12
5.267268854e-12
5.065247546e-12
4.939781864e-12
4.903525856e-12
0.0002409379897
0.0001079350727
4.457055001e-05
1.794428564e-05
7.050224826e-06
2.707171619e-06
1.02562369e-06
4.074056299e-07
2.067234337e-07
1.317962205e-07
8.745157191e-08
6.056285033e-08
4.466291765e-08
3.411286244e-08
2.610485569e-08
1.952692179e-08
1.394026266e-08
9.178472205e-09
5.198263507e-09
2.319574633e-09
1.021329781e-09
6.129735708e-10
4.500856109e-10
3.562776074e-10
2.882578292e-10
2.33676703e-10
1.882716949e-10
1.502118175e-10
1.184656283e-10
9.228227419e-11
7.101437941e-11
5.406040662e-11
4.083852441e-11
3.080595211e-11
2.344679805e-11
1.825049096e-11
1.473285303e-11
1.246282747e-11
1.1076302e-11
1.028063408e-11
9.854289578e-12
9.639009565e-12
9.527857206e-12
9.452503354e-12
9.371987512e-12
9.263844666e-12
9.117610036e-12
8.930487272e-12
8.704713332e-12
8.445510088e-12
8.159675695e-12
7.855468679e-12
7.542451919e-12
7.231400555e-12
6.93504383e-12
6.66999689e-12
6.468201431e-12
6.355005957e-12
6.344339952e-12
6.37784756e-12
0.0002163992403
9.793962695e-05
4.187396802e-05
1.746767102e-05
7.116536453e-06
2.83401107e-06
1.11067365e-06
4.449190143e-07
2.128004801e-07
1.329633283e-07
8.953068463e-08
6.202680088e-08
4.545463305e-08
3.485548973e-08
2.709730982e-08
2.082580852e-08
1.548933067e-08
1.087746104e-08
6.931366278e-09
3.661509989e-09
1.560721519e-09
7.761005768e-10
5.159432553e-10
3.945565479e-10
3.164984272e-10
2.567734249e-10
2.078139306e-10
1.668193207e-10
1.32477578e-10
1.039599309e-10
8.06011555e-11
6.179737142e-11
4.69698104e-11
3.556547349e-11
2.706511367e-11
2.095894777e-11
1.675154697e-11
1.398882409e-11
1.227631064e-11
1.128811738e-11
1.076894707e-11
1.053017441e-11
1.043999761e-11
1.041115772e-11
1.038912403e-11
1.034225674e-11
1.025432029e-11
1.01192857e-11
9.937892473e-12
9.715239707e-12
9.459372274e-12
9.180474436e-12
8.891455746e-12
8.608428573e-12
8.352593109e-12
8.163938859e-12
8.072855699e-12
8.089684619e-12
8.178434553e-12
8.234136491e-12
0.000189332125
8.686325294e-05
3.838831024e-05
1.656925598e-05
6.991954972e-06
2.885531897e-06
1.169483748e-06
4.773008398e-07
2.198134871e-07
1.322258733e-07
8.993959226e-08
6.270183848e-08
4.571016622e-08
3.505086481e-08
2.755425128e-08
2.163119856e-08
1.661007326e-08
1.222156624e-08
8.38487322e-09
5.109016289e-09
2.529580651e-09
1.107320416e-09
6.240242376e-10
4.450887573e-10
3.491542757e-10
2.82110901e-10
2.289651264e-10
1.848325692e-10
1.477826128e-10
1.168193007e-10
9.124737165e-11
7.04655416e-11
5.39037648e-11
4.100810385e-11
3.125239933e-11
2.412602512e-11
1.912861336e-11
1.579063798e-11
1.368980035e-11
1.246564852e-11
1.182780374e-11
1.155506019e-11
1.148770939e-11
1.151636994e-11
1.157000786e-11
1.160529393e-11
1.159821011e-11
1.153784774e-11
1.142238625e-11
1.125642801e-11
1.104938693e-11
1.081500385e-11
1.05725005e-11
1.034831419e-11
1.019132571e-11
1.013655267e-11
1.018948475e-11
1.031293862e-11
1.042626204e-11
1.046967913e-11
0.0001609244992
7.542674498e-05
3.440185224e-05
1.533770413e-05
6.689707563e-06
2.855417287e-06
1.196222787e-06
5.006224546e-07
2.267071156e-07
1.301573283e-07
8.852885203e-08
6.234192472e-08
4.537609251e-08
3.472634137e-08
2.75040515e-08
2.196318068e-08
1.731360348e-08
1.32275888e-08
9.593886542e-09
6.39963654e-09
3.678817588e-09
1.704723778e-09
8.11357283e-10
5.155089512e-10
3.880074113e-10
3.101531231e-10
2.517898607e-10
2.041948651e-10
1.64319893e-10
1.30836828e-10
1.0296656e-10
8.010241079e-11
6.168789104e-11
4.71780591e-11
3.604392818e-11
2.778150246e-11
2.189199557e-11
1.78897588e-11
1.532787941e-11
1.381442813e-11
1.30238938e-11
1.270055278e-11
1.265403122e-11
1.274970411e-11
1.289704425e-11
1.30384249e-11
1.313970344e-11
1.318355647e-11
1.316456513e-11
1.308630744e-11
1.295998323e-11
1.280499334e-11
1.265106992e-11
1.2555544e-11
1.255792942e-11
1.265952585e-11
1.281632474e-11
1.295826628e-11
1.304092498e-11
1.306260542e-11
0.0001317617373
6.354554241e-05
2.991146852e-05
1.376842233e-05
6.202665297e-06
2.73614259e-06
1.183920527e-06
5.085693315e-07
2.299209922e-07
1.265801885e-07
8.525360069e-08
6.070173353e-08
4.432369062e-08
3.386948469e-08
2.695929117e-08
2.18304383e-08
1.759136482e-08
1.385883349e-08
1.049242508e-08
7.467699853e-09
4.810938482e-09
2.581099328e-09
1.163755116e-09
6.297949691e-10
4.388912532e-10
3.421368026e-10
2.765070782e-10
2.249036144e-10
1.820507774e-10
1.459845854e-10
1.157550987e-10
9.072621003e-11
7.035394911e-11
5.411509727e-11
4.149105773e-11
3.198064237e-11
2.508831693e-11
2.032116509e-11
1.721310376e-11
1.534420986e-11
1.435509135e-11
1.395461075e-11
1.391938709e-11
1.408661312e-11
1.434323018e-11
1.461436981e-11
1.485390948e-11
1.503659486e-11
1.515231442e-11
1.520349096e-11
1.520442081e-11
1.518277871e-11
1.519867732e-11
1.529410892e-11
1.546985767e-11
1.567177449e-11
1.583636671e-11
1.593547756e-11
1.597555202e-11
1.598031044e-11
0.0001023994402
5.107431638e-05
2.486338478e-05
1.183158253e-05
5.508699487e-06
2.510954437e-06
1.122447574e-06
4.965285967e-07
2.26880077e-07
1.212802347e-07
8.028341776e-08
5.763283244e-08
4.241900963e-08
3.24525726e-08
2.594491465e-08
2.126197376e-08
1.746363456e-08
1.41222694e-08
1.107177361e-08
8.271668417e-09
5.740753346e-09
3.529047348e-09
1.785325157e-09
8.456369017e-10
5.162200798e-10
3.82197239e-10
3.043640058e-10
2.473616359e-10
2.011338371e-10
1.623539928e-10
1.296899124e-10
1.024179666e-10
7.999362463e-11
6.191539836e-11
4.768294765e-11
3.680056503e-11
2.87814769e-11
2.313467138e-11
1.938020638e-11
1.707437605e-11
1.582613275e-11
1.530892996e-11
1.526463312e-11
1.549952958e-11
1.587479988e-11
1.629615334e-11
1.670363253e-11
1.706214266e-11
1.735617716e-11
1.758747133e-11
1.77753073e-11
1.797453145e-11
1.822256866e-11
1.85213472e-11
1.881249801e-11
1.902021977e-11
1.913490843e-11
1.918023885e-11
1.918644348e-11
1.918189997e-11
7.471534437e-05
3.867752983e-05
1.951965773e-05
9.619485405e-06
4.634433786e-06
2.184644597e-06
1.009442403e-06
4.60378869e-07
2.142388379e-07
1.129950641e-07
7.352352867e-08
5.312435922e-08
3.957631197e-08
3.045912466e-08
2.448849526e-08
2.029511382e-08
1.69641997e-08
1.404287474e-08
1.134703498e-08
8.825494015e-09
6.488894731e-09
4.374511866e-09
2.534818151e-09
1.219086281e-09
6.404150697e-10
4.347955948e-10
3.363602414e-10
2.718385205e-10
2.21651713e-10
1.800031425e-10
1.448457851e-10
1.152707659e-10
9.070969248e-11
7.068172332e-11
5.471532041e-11
4.233078973e-11
3.305136875e-11
2.639539466e-11
2.187791619e-11
1.903647408e-11
1.745161178e-11
1.676235991e-11
1.667476719e-11
1.69616997e-11
1.745601904e-11
1.80418738e-11
1.864314852e-11
1.92140853e-11
1.973354071e-11
2.020290069e-11
2.066340637e-11
2.114425515e-11
2.164200211e-11
2.210097483e-11
2.241892825e-11
2.258061134e-11
2.264049375e-11
2.264443361e-11
2.262863325e-11
2.261923434e-11
5.214860624e-05
2.791644172e-05
1.457341423e-05
7.427660137e-06
3.699693233e-06
1.802515825e-06
8.604790501e-07
4.050528888e-07
1.931001573e-07
1.017580943e-07
6.535065009e-08
4.745806745e-08
3.587108229e-08
2.792107031e-08
2.263287609e-08
1.897910828e-08
1.613539031e-08
1.364990754e-08
1.132990952e-08
9.116061481e-09
7.012321016e-09
5.051221856e-09
3.280558337e-09
1.785353039e-09
8.652089537e-10
5.152982442e-10
3.767642836e-10
2.994195414e-10
2.438875758e-10
1.990177175e-10
1.612784628e-10
1.293532565e-10
1.025886608e-10
8.051415847e-11
6.269136616e-11
4.86702518e-11
3.798928463e-11
3.018216821e-11
2.476944041e-11
2.127602111e-11
1.925865099e-11
1.832414473e-11
1.814264233e-11
1.845162243e-11
1.905339239e-11
1.980791452e-11
2.062135753e-11
2.14368874e-11
2.222854263e-11
2.30137842e-11
2.380814372e-11
2.459887924e-11
2.533071785e-11
2.587845633e-11
2.617343443e-11
2.628558389e-11
2.630512704e-11
2.628303279e-11
2.625267241e-11
2.624120968e-11
3.451041393e-05
1.913389593e-05
1.03366092e-05
5.448059089e-06
2.804661127e-06
1.411691728e-06
6.959820679e-07
3.380795196e-07
1.655883857e-07
8.813258343e-08
5.623109076e-08
4.106891811e-08
3.156011047e-08
2.496200202e-08
2.047336413e-08
1.739548211e-08
1.504157861e-08
1.299221402e-08
1.105475976e-08
9.164834968e-09
7.321326094e-09
5.551023109e-09
3.895384831e-09
2.412401626e-09
1.255254297e-09
6.551382609e-10
4.336933801e-10
3.325497515e-10
2.686459266e-10
2.196772832e-10
1.791094626e-10
1.4475018e-10
1.157169501e-10
9.150862897e-11
7.171311977e-11
5.59197005e-11
4.369405348e-11
3.458669187e-11
2.813218382e-11
2.385345729e-11
2.128899847e-11
2.001697045e-11
1.967268907e-11
1.995722756e-11
2.064016113e-11
2.155472093e-11
2.258783426e-11
2.367139218e-11
2.478847369e-11
2.593500692e-11
2.709024076e-11
2.82016621e-11
2.914203041e-11
2.974781514e-11
3.002297922e-11
3.009890089e-11
3.008613754e-11
3.004370876e-11
3.000601201e-11
2.999427514e-11
2.170540439e-05
1.247151436e-05
6.974338891e-06
3.801623735e-06
2.022463659e-06
1.051405533e-06
5.351577518e-07
2.682249226e-07
1.352508863e-07
7.328003711e-08
4.686611546e-08
3.446366207e-08
2.696363002e-08
2.175544195e-08
1.812833759e-08
1.563442864e-08
1.375683024e-08
1.212845058e-08
1.056562875e-08
9.002170146e-09
7.433111743e-09
5.882120894e-09
4.385990977e-09
2.989923329e-09
1.749514516e-09
8.874588699e-10
5.191220141e-10
3.744442718e-10
2.96794904e-10
2.422839698e-10
1.984687697e-10
1.61545003e-10
1.301730132e-10
1.037520213e-10
8.188005139e-11
6.418466863e-11
5.026974706e-11
3.970953012e-11
3.205749545e-11
2.684527773e-11
2.360105947e-11
2.18796574e-11
2.128420246e-11
2.147949095e-11
2.220059825e-11
2.325159504e-11
2.449825826e-11
2.586974336e-11
2.732764485e-11
2.883752843e-11
3.035450471e-11
3.178880682e-11
3.295071009e-11
3.365185446e-11
3.39402686e-11
3.398883148e-11
3.393928487e-11
3.387179021e-11
3.383099263e-11
3.382044902e-11
1.302020763e-05
7.753493769e-06
4.488367423e-06
2.53000713e-06
1.390723558e-06
7.465773807e-07
3.922562865e-07
2.02895308e-07
1.054664096e-07
5.850195147e-08
3.780338873e-08
2.80855384e-08
2.240521491e-08
1.850109698e-08
1.572521154e-08
1.379526683e-08
1.236204716e-08
1.112388974e-08
9.913227605e-09
8.664466195e-09
7.368824511e-09
6.045641211e-09
4.726475953e-09
3.450003554e-09
2.262689127e-09
1.26136385e-09
6.687663377e-10
4.354862444e-10
3.315190795e-10
2.677961221e-10
2.196663895e-10
1.798657005e-10
1.460456597e-10
1.173363205e-10
9.329571284e-11
7.357875234e-11
5.78322384e-11
4.566548991e-11
3.665398605e-11
3.034647421e-11
2.6272414e-11
2.396992816e-11
2.301398673e-11
2.303471921e-11
2.373157244e-11
2.487712619e-11
2.632014754e-11
2.796401452e-11
2.974064914e-11
3.159390558e-11
3.345646435e-11
3.522308547e-11
3.666890409e-11
3.754294386e-11
3.788361654e-11
3.791093144e-11
3.781529795e-11
3.772103249e-11
3.767476401e-11
3.766490941e-11
7.469126465e-06
4.609747741e-06
2.762108004e-06
1.609849168e-06
9.141987779e-07
5.066868848e-07
2.747668896e-07
1.467040455e-07
7.872708887e-08
4.49341005e-08
2.952931266e-08
2.227602158e-08
1.816586229e-08
1.539132746e-08
1.338919033e-08
1.197471689e-08
1.093714651e-08
1.004531971e-08
9.152405475e-09
8.195176011e-09
7.161285559e-09
6.065445235e-09
4.934935877e-09
3.802497351e-09
2.706086497e-09
1.695998048e-09
9.201999105e-10
5.327615038e-10
3.776953953e-10
2.978450896e-10
2.433810784e-10
2.000379474e-10
1.635213462e-10
1.323981045e-10
1.060894886e-10
8.423728265e-11
6.652073293e-11
5.258992977e-11
4.205184488e-11
3.44764984e-11
2.94049504e-11
2.636887319e-11
2.492051045e-11
2.465811274e-11
2.524535218e-11
2.642565914e-11
2.801438291e-11
2.988215738e-11
3.193698664e-11
3.41044606e-11
3.631129934e-11
3.844823113e-11
4.025042203e-11
4.136513603e-11
4.178957893e-11
4.179301256e-11
4.165714292e-11
4.154706731e-11
4.149672859e-11
4.148656708e-11
4.111442376e-06
2.629125406e-06
1.630176835e-06
9.821647046e-07
5.760795597e-07
3.295904898e-07
1.844660299e-07
1.017051049e-07
5.644960019e-08
3.333125257e-08
2.240526933e-08
1.723782354e-08
1.44128764e-08
1.256423686e-08
1.122003994e-08
1.025216072e-08
9.551304909e-09
8.953575196e-09
8.335693155e-09
7.638008729e-09
6.844847589e-09
5.965843038e-09
5.023480683e-09
4.045948473e-09
3.065448846e-09
2.119608682e-09
1.266536217e-09
6.92157925e-10
4.446178367e-10
3.354115674e-10
2.705744346e-10
2.224693845e-10
1.828462467e-10
1.491382422e-10
1.204448139e-10
9.633805763e-11
7.651259805e-11
6.065710835e-11
4.841674264e-11
3.939011869e-11
3.313706807e-11
2.919283487e-11
2.709500309e-11
2.641409818e-11
2.678192738e-11
2.790124576e-11
2.955040185e-11
3.157115627e-11
3.385049963e-11
3.63042585e-11
3.885425172e-11
4.138334112e-11
4.359620334e-11
4.502712378e-11
4.557926573e-11
4.557808662e-11
4.542615362e-11
4.53106068e-11
4.52597606e-11
4.525067623e-11
2.184759931e-06
1.445634405e-06
9.266793368e-07
5.767423032e-07
3.492245252e-07
2.06180694e-07
1.190899984e-07
6.783457673e-08
3.90081588e-08
2.390442161e-08
1.65616861e-08
1.306716781e-08
1.124176115e-08
1.010808823e-08
9.28798138e-09
8.6858899e-09
8.258077195e-09
7.89922209e-09
7.509655648e-09
7.034209467e-09
6.454287324e-09
5.774283577e-09
5.011351328e-09
4.188725061e-09
3.332374989e-09
2.472364307e-09
1.647879374e-09
9.550874371e-10
5.553256906e-10
3.874609114e-10
3.0357964e-10
2.480583147e-10
2.044810634e-10
1.67864007e-10
1.366062086e-10
1.101088401e-10
8.803222142e-11
7.008970763e-11
5.596578976e-11
4.529431519e-11
3.766054027e-11
3.261212575e-11
2.968146282e-11
2.841976103e-11
2.841705666e-11
2.933952445e-11
3.093437118e-11
3.301674889e-11
3.54551266e-11
3.814970269e-11
4.100349571e-11
4.389426074e-11
4.653726143e-11
4.83821734e-11
4.915735567e-11
4.923310491e-11
4.910501927e-11
4.89954813e-11
4.894510419e-11
4.893657668e-11
1.128173078e-06
7.707849048e-07
5.09983682e-07
3.27487016e-07
2.045337594e-07
1.24542127e-07
7.422697254e-08
4.370623065e-08
2.608939831e-08
1.665131363e-08
1.196510289e-08
9.744448078e-09
8.66217656e-09
8.054518907e-09
7.628549585e-09
7.30990362e-09
7.09327802e-09
6.919719396e-09
6.711842308e-09
6.419553806e-09
6.021951194e-09
5.518457202e-09
4.920833726e-09
4.24743247e-09
3.519723693e-09
2.761745024e-09
2.002132045e-09
1.280356328e-09
7.334868595e-10
4.651540942e-10
3.462738576e-10
2.783000088e-10
2.291415665e-10
1.890201201e-10
1.549321627e-10
1.258690713e-10
1.01384757e-10
8.118926817e-11
6.499790103e-11
5.248041398e-11
4.325310364e-11
3.688575989e-11
3.291839518e-11
3.086641904e-11
3.029345135e-11
3.084242284e-11
3.223322107e-11
3.425576509e-11
3.67529951e-11
3.95980318e-11
4.267653666e-11
4.585793041e-11
4.889316325e-11
5.123413161e-11
5.240433615e-11
5.270783361e-11
5.267537146e-11
5.259181515e-11
5.254228677e-11
5.253206677e-11
5.69529782e-07
4.007413555e-07
2.731282181e-07
1.806807457e-07
1.162579725e-07
7.295471595e-08
4.485725426e-08
2.732514512e-08
1.697402198e-08
1.13287422e-08
8.495773051e-09
7.189618192e-09
6.634615076e-09
6.394646916e-09
6.248803271e-09
6.137875506e-09
6.07639457e-09
6.039455979e-09
5.969741365e-09
5.82261478e-09
5.575569286e-09
5.223571174e-09
4.773155829e-09
4.237675099e-09
3.633976813e-09
2.980764366e-09
2.299783203e-09
1.619367477e-09
1.000147091e-09
5.914131159e-10
4.065677134e-10
3.159965374e-10
2.579975362e-10
2.132822929e-10
1.759101359e-10
1.440197913e-10
1.169502069e-10
9.434154192e-11
7.591411092e-11
6.136201558e-11
5.033533708e-11
4.243714562e-11
3.71769764e-11
3.406539212e-11
3.266781589e-11
3.261203176e-11
3.359503911e-11
3.538001316e-11
3.778059944e-11
4.064434466e-11
4.38371211e-11
4.721151059e-11
5.053986904e-11
5.337520154e-11
5.514086685e-11
5.588841414e-11
5.608925754e-11
5.608468531e-11
5.604363134e-11
5.603056221e-11
2.825223542e-07
2.042008414e-07
1.430545625e-07
9.731996613e-08
6.442975592e-08
4.163486097e-08
2.641126894e-08
1.667093206e-08
1.081337527e-08
7.581257128e-09
5.973566036e-09
5.28875773e-09
5.089254293e-09
5.092933806e-09
5.134366088e-09
5.16613003e-09
5.212200296e-09
5.270525398e-09
5.300915066e-09
5.264318227e-09
5.137433604e-09
4.911543983e-09
4.588457545e-09
4.17675397e-09
3.688862666e-09
3.139193371e-09
2.54386673e-09
1.923290901e-09
1.310502103e-09
7.967239141e-10
5.013048124e-10
3.668802823e-10
2.9322643e-10
2.417304653e-10
2.00295222e-10
1.652201404e-10
1.353084718e-10
1.100923931e-10
8.925971919e-11
7.25105674e-11
5.95181596e-11
4.98355798e-11
4.298018747e-11
3.849558109e-11
3.595972421e-11
3.499874437e-11
3.52973921e-11
3.659584606e-11
3.868126141e-11
4.137566979e-11
4.452209516e-11
4.795601299e-11
5.145722293e-11
5.467781151e-11
5.71275007e-11
5.856752932e-11
5.922988308e-11
5.943672398e-11
5.944489206e-11
5.943448732e-11
1.382978596e-07
1.024265566e-07
7.360146186e-08
5.14039391e-08
3.497145632e-08
2.325921153e-08
1.523515598e-08
1.000172895e-08
6.814446063e-09
5.049805136e-09
4.204571663e-09
3.917445974e-09
3.943989895e-09
4.098686185e-09
4.256587484e-09
4.379661646e-09
4.49507852e-09
4.61533681e-09
4.714225944e-09
4.75823996e-09
4.724043774e-09
4.600119872e-09
4.384275358e-09
4.08080853e-09
3.698090235e-09
3.246810919e-09
2.739238712e-09
2.190385158e-09
1.621251272e-09
1.06749529e-09
6.502742776e-10
4.406202159e-10
3.38569596e-10
2.759543921e-10
2.290564679e-10
1.903090416e-10
1.573467205e-10
1.293491133e-10
1.059278125e-10
8.68147395e-11
7.160452537e-11
5.982915835e-11
5.104733379e-11
4.483569863e-11
4.079390002e-11
3.856092868e-11
3.782191147e-11
3.830454766e-11
3.97749744e-11
4.203430757e-11
4.490524274e-11
4.820904613e-11
5.173536287e-11
5.519354997e-11
5.82092469e-11
6.047224749e-11
6.187833757e-11
6.25403796e-11
6.272393376e-11
6.275135054e-11
6.703984549e-08
5.076637935e-08
3.734674046e-08
2.67364934e-08
1.867336169e-08
1.278133404e-08
8.657605452e-09
5.932218352e-09
4.271676936e-09
3.375004589e-09
2.993568203e-09
2.95251344e-09
3.115701144e-09
3.357082338e-09
3.580845147e-09
3.756670904e-09
3.91249023e-09
4.069248092e-09
4.211606842e-09
4.311520146e-09
4.346313982e-09
4.302545865e-09
4.174823118e-09
3.963769462e-09
3.67409534e-09
3.313038169e-09
2.889385127e-09
2.413508915e-09
1.89936117e-09
1.369275185e-09
8.820828442e-10
5.589042297e-10
4.024958682e-10
3.194518198e-10
2.639566958e-10
2.205157597e-10
1.841514208e-10
1.532283924e-10
1.271771887e-10
1.055065502e-10
8.775285317e-11
7.352287938e-11
6.242456507e-11
5.406887573e-11
4.808759266e-11
4.414404375e-11
4.193414731e-11
4.118340113e-11
4.164686947e-11
4.311079883e-11
4.53858681e-11
4.828762472e-11
5.161261767e-11
5.511212459e-11
5.848378895e-11
6.143220727e-11
6.372604136e-11
6.515529918e-11
6.576262536e-11
6.593786997e-11
3.227940979e-08
2.494644612e-08
1.875807102e-08
1.374857289e-08
9.852761914e-09
6.945815334e-09
4.880627877e-09
3.51279077e-09
2.697086163e-09
2.293151908e-09
2.184138566e-09
2.289262244e-09
2.52973331e-09
2.815145947e-09
3.070598529e-09
3.272354306e-09
3.447882346e-09
3.6226915e-09
3.789857332e-09
3.926291446e-09
4.010549829e-09
4.028094995e-09
3.97116074e-09
3.837387872e-09
3.628344891e-09
3.34822018e-09
3.002856924e-09
2.599384882e-09
2.146883522e-09
1.659863118e-09
1.166175007e-09
7.484086439e-10
5.011830665e-10
3.791969127e-10
3.084388281e-10
2.579785902e-10
2.174190774e-10
1.834501971e-10
1.54626877e-10
1.30152922e-10
1.095610154e-10
9.249414247e-11
7.862815077e-11
6.763838329e-11
5.920393965e-11
5.302218307e-11
4.880960036e-11
4.630051197e-11
4.525092705e-11
4.544377017e-11
4.668526211e-11
4.879011029e-11
5.15661721e-11
5.479649071e-11
5.82283588e-11
6.158752272e-11
6.459728424e-11
6.69365923e-11
6.829829531e-11
6.885942617e-11
1.54814676e-08
1.219244051e-08
9.359681143e-09
7.019297423e-09
5.16439584e-09
3.760167085e-09
2.757590878e-09
2.105936598e-09
1.74359283e-09
1.610596792e-09
1.656965788e-09
1.845159757e-09
2.124986747e-09
2.427199559e-09
2.692038892e-09
2.902105581e-09
3.083544637e-09
3.263970533e-09
3.442599015e-09
3.600923532e-09
3.719145815e-09
3.782330521e-09
3.781100459e-09
3.710811382e-09
3.57046153e-09
3.361645882e-09
3.087701938e-09
2.753208207e-09
2.364178286e-09
1.929753335e-09
1.466650581e-09
1.008644485e-09
6.564945031e-10
4.672918182e-10
3.687111523e-10
3.06639767e-10
2.604452391e-10
2.226916252e-10
1.905625929e-10
1.629034996e-10
1.391220174e-10
1.188377717e-10
1.017545217e-10
8.760525114e-11
7.613211508e-11
6.70822652e-11
6.020806564e-11
5.527040335e-11
5.204407386e-11
5.03240181e-11
4.992316099e-11
5.06651707e-11
5.237503755e-11
5.486463255e-11
5.791782716e-11
6.128273144e-11
6.466323732e-11
6.769648355e-11
6.997016042e-11
7.12826641e-11
7.4166071e-09
5.946294383e-09
4.657951883e-09
3.576167296e-09
2.707981355e-09
2.048799993e-09
1.58633252e-09
1.305366309e-09
1.181885234e-09
1.194183977e-09
1.326165686e-09
1.55857299e-09
1.854196331e-09
2.156566453e-09
2.417240776e-09
2.624387498e-09
2.802861338e-09
2.980737341e-09
3.161760422e-09
3.331459819e-09
3.471807482e-09
3.568052398e-09
3.609855685e-09
3.590927772e-09
3.50826037e-09
3.361318189e-09
3.151320119e-09
2.880724805e-09
2.553120468e-09
2.173796429e-09
1.752503249e-09
1.309127155e-09
8.947410719e-10
6.070360304e-10
4.567212385e-10
3.739717972e-10
3.184720702e-10
2.750962274e-10
2.386028011e-10
2.070077715e-10
1.794216126e-10
1.553553133e-10
1.344907928e-10
1.165796842e-10
1.014055631e-10
8.87630328e-11
7.844721374e-11
7.025701617e-11
6.400505485e-11
5.952128121e-11
5.664916356e-11
5.524008136e-11
5.51466379e-11
5.621311969e-11
5.825591977e-11
6.10445663e-11
6.428419218e-11
6.759375722e-11
7.054875912e-11
7.284512698e-11
3.559949803e-09
2.905085483e-09
2.323935148e-09
1.831475398e-09
1.436224009e-09
1.141761334e-09
9.512674026e-10
8.604752184e-10
8.612413788e-10
9.516272282e-10
1.13016535e-09
1.384023114e-09
1.681413339e-09
1.974174373e-09
2.222911883e-09
2.42049503e-09
2.590752267e-09
2.761347025e-09
2.939025522e-09
3.112760768e-09
3.266501529e-09
3.385999717e-09
3.46048111e-09
3.482572059e-09
3.447783524e-09
3.353905234e-09
3.200427289e-09
2.988075977e-09
2.718578297e-09
2.394896808e-09
2.02238174e-09
1.612761246e-09
1.192445012e-09
8.27957962e-10
5.969085359e-10
4.742518683e-10
4.00635468e-10
3.474965098e-10
3.042925504e-10
2.671680795e-10
2.345536175e-10
2.056928721e-10
1.801450706e-10
1.576155012e-10
1.378821342e-10
1.207556226e-10
1.060635054e-10
9.36469133e-11
8.336417727e-11
7.509150593e-11
6.872051531e-11
6.415421634e-11
6.129299496e-11
6.00230488e-11
6.01972655e-11
6.161073641e-11
6.398437738e-11
6.695485937e-11
7.012351191e-11
7.323869039e-11
1.718797977e-09
1.429320945e-09
1.171167052e-09
9.533288626e-10
7.829441672e-10
6.667084504e-10
6.133570285e-10
6.185550104e-10
6.850866314e-10
8.206442795e-10
1.025636946e-09
1.288475089e-09
1.579799442e-09
1.857607809e-09
2.090532515e-09
2.275172192e-09
2.434561878e-09
2.595383262e-09
2.766317804e-09
2.93930373e-09
3.100187398e-09
3.235489634e-09
3.33442777e-09
3.388989199e-09
3.393653443e-09
3.344954046e-09
3.24103006e-09
3.081237775e-09
2.865907584e-09
2.596413895e-09
2.275777444e-09
1.910859435e-09
1.517652484e-09
1.131651047e-09
8.226811148e-10
6.329034056e-10
5.23918739e-10
4.518906147e-10
3.96723093e-10
3.507102172e-10
3.106180893e-10
2.750026827e-10
2.431090685e-10
2.144885692e-10
1.888473073e-10
1.65972291e-10
1.456941077e-10
1.278725348e-10
1.123934801e-10
9.916774361e-11
8.813088975e-11
7.924141299e-11
7.246843444e-11
6.775596762e-11
6.499736626e-11
6.402102741e-11
6.457872324e-11
6.634804279e-11
6.899272382e-11
7.235465594e-11
8.404411105e-10
7.155129833e-10
6.058370104e-10
5.174248174e-10
4.565896054e-10
4.311752934e-10
4.433007148e-10
4.971892262e-10
6.019069423e-10
7.645479225e-10
9.846264481e-10
1.24909337e-09
1.529770506e-09
1.790326821e-09
2.005806845e-09
2.176108389e-09
2.323592154e-09
2.473721346e-09
2.636338634e-09
2.805692136e-09
2.969473368e-09
3.115175525e-09
3.23223471e-09
3.312381435e-09
3.349466188e-09
3.339155686e-09
3.27860077e-09
3.166134967e-09
3.001069523e-09
2.783690318e-09
2.515697098e-09
2.201582421e-09
1.852532671e-09
1.489994719e-09
1.150419589e-09
8.869603552e-10
7.174878886e-10
6.084703869e-10
5.304751131e-10
4.690172559e-10
4.170437822e-10
3.71258707e-10
3.30167368e-10
2.929737739e-10
2.592117137e-10
2.285845937e-10
2.008885975e-10
1.759739846e-10
1.537288982e-10
1.340769277e-10
1.169804735e-10
1.024480201e-10
9.048621369e-11
8.108613748e-11
7.418549393e-11
6.965062294e-11
6.726735595e-11
6.675253946e-11
6.783002887e-11
7.04298022e-11
4.222059441e-10
3.724266202e-10
3.322836089e-10
3.065184614e-10
3.012079709e-10
3.193342971e-10
3.660291631e-10
4.495009462e-10
5.78821829e-10
7.591655001e-10
9.877870801e-10
1.249786005e-09
1.517743033e-09
1.760277443e-09
1.958068636e-09
2.11392275e-09
2.249591577e-09
2.38913934e-09
2.5429503e-09
2.707103055e-09
2.871052612e-09
3.023309511e-09
3.153758386e-09
3.254173057e-09
3.318087217e-09
3.340633821e-09
3.318313591e-09
3.248781227e-09
3.130710306e-09
2.963848628e-09
2.749518395e-09
2.491802275e-09
2.196952724e-09
1.875644906e-09
1.550265474e-09
1.253927217e-09
1.017954861e-09
8.494041393e-10
7.299624849e-10
6.401847363e-10
5.678385227e-10
5.058756627e-10
4.507889766e-10
4.009846956e-10
3.556103904e-10
3.141403236e-10
2.762920525e-10
2.418481644e-10
2.10633833e-10
1.825678746e-10
1.576216076e-10
1.358047196e-10
1.171430196e-10
1.016513554e-10
8.929778428e-11
7.996844588e-11
7.345730503e-11
6.948122026e-11
6.775907754e-11
6.827681205e-11
2.251408004e-10
2.110507102e-10
2.053163557e-10
2.119445198e-10
2.337378067e-10
2.756042686e-10
3.446144145e-10
4.493368973e-10
5.968942131e-10
7.900474156e-10
1.023301563e-09
1.280248968e-09
1.534305642e-09
1.758790759e-09
1.939373412e-09
2.081360603e-09
2.205888824e-09
2.335541781e-09
2.48085254e-09
2.63933321e-09
2.801946022e-09
2.958280486e-09
3.098840674e-09
3.215612626e-09
3.302105907e-09
3.353234545e-09
3.365176902e-09
3.335259353e-09
3.261935756e-09
3.144982219e-09
2.985982979e-09
2.787241648e-09
2.551395987e-09
2.284037627e-09
1.996199377e-09
1.707224084e-09
1.439969977e-09
1.213086078e-09
1.034013005e-09
8.958991072e-10
7.868034496e-10
6.966276494e-10
6.185434095e-10
5.488601092e-10
4.859574365e-10
4.288286998e-10
3.767249469e-10
3.292020455e-10
2.859746026e-10
2.4687054e-10
2.117993231e-10
1.807259968e-10
1.53643086e-10
1.305382191e-10
1.113684926e-10
9.602082515e-11
8.426400981e-11
7.574901893e-11
7.007331463e-11
6.717186112e-11
1.36294573e-10
1.411074493e-10
1.535522902e-10
1.767076684e-10
2.147941443e-10
2.736797114e-10
3.606937107e-10
4.829804862e-10
6.456008959e-10
8.486194462e-10
1.083901283e-09
1.333686875e-09
1.573068247e-09
1.779823016e-09
1.944044965e-09
2.073149685e-09
2.187617541e-09
2.308507394e-09
2.446162502e-09
2.599135898e-09
2.759758916e-09
2.918751315e-09
3.067298436e-09
3.197784976e-09
3.303922957e-09
3.380658738e-09
3.424143235e-09
3.431718983e-09
3.402017507e-09
3.335175693e-09
3.231824574e-09
3.092308928e-09
2.917841716e-09
2.710989496e-09
2.476521424e-09
2.222486835e-09
1.961230671e-09
1.70865572e-09
1.478529802e-09
1.278881493e-09
1.111398476e-09
9.717150038e-10
8.532605533e-10
7.506466728e-10
6.600860642e-10
5.790762822e-10
5.061747208e-10
4.403920436e-10
3.810195432e-10
3.275563301e-10
2.796611478e-10
2.371116157e-10
1.99764157e-10
1.675103661e-10
1.402280207e-10
1.177558837e-10
9.982386974e-11
8.596686021e-11
7.555309322e-11
6.828108129e-11
1.026501105e-10
1.174105397e-10
1.405035891e-10
1.754580884e-10
2.271020208e-10
3.014323018e-10
4.048662693e-10
5.430344663e-10
7.187446615e-10
9.293047314e-10
1.164389789e-09
1.405259836e-09
1.629488965e-09
1.819065469e-09
1.967994293e-09
2.08542291e-09
2.191105273e-09
2.304558041e-09
2.435711159e-09
2.583917693e-09
2.742713456e-09
2.903849236e-09
3.059294993e-09
3.201988382e-09
3.325996184e-09
3.426539983e-09
3.500018628e-09
3.544084561e-09
3.557764652e-09
3.540622938e-09
3.491946827e-09
3.41144942e-09
3.299257803e-09
3.155947468e-09
2.982718877e-09
2.781676191e-09
2.55637293e-09
2.312882651e-09
2.061266997e-09
1.81340142e-09
1.579804928e-09
1.3683114e-09
1.181476069e-09
1.023207388e-09
8.875647592e-10
7.694599309e-10
6.658440374e-10
5.74460822e-10
4.935571541e-10
4.217875258e-10
3.581532329e-10
3.019422015e-10
2.526637232e-10
2.09977786e-10
1.736132608e-10
1.432775781e-10
1.186121514e-10
9.90512592e-11
8.369303472e-11
7.179428927e-11
9.687945291e-11
1.193327992e-10
1.518041788e-10
1.982596397e-10
2.635501123e-10
3.532062068e-10
4.726065521e-10
6.256450785e-10
8.127327612e-10
1.028674711e-09
1.261194878e-09
1.491661202e-09
1.700457688e-09
1.873563641e-09
2.008407198e-09
2.115507505e-09
2.213814253e-09
2.321313801e-09
2.447379689e-09
2.591948964e-09
2.749596659e-09
2.913079797e-09
3.07521768e-09
3.229573946e-09
3.370715503e-09
3.494325295e-09
3.597251549e-09
3.677608905e-09
3.734104615e-09
3.76531399e-09
3.770173683e-09
3.747818204e-09
3.697435742e-09
3.618134001e-09
3.508809003e-09
3.368097208e-09
3.19455501e-09
2.98733517e-09
2.747514463e-09
2.480134659e-09
2.195204094e-09
1.907596215e-09
1.633204678e-09
1.384327329e-09
1.175931096e-09
9.99777596e-10
8.506957645e-10
7.238645934e-10
6.150647895e-10
5.209622022e-10
4.390838737e-10
3.676765411e-10
3.055490665e-10
2.519231686e-10
2.062766196e-10
1.681599427e-10
1.370420379e-10
1.121791293e-10
9.237965173e-11
7.63731743e-11
1.092690152e-10
1.399836198e-10
1.828133129e-10
2.417528603e-10
3.214913464e-10
4.268541175e-10
5.619444009e-10
7.287170573e-10
9.252310979e-10
1.144176498e-09
1.371788051e-09
1.590570597e-09
1.783854394e-09
1.941349344e-09
2.06343935e-09
2.161675507e-09
2.254125277e-09
2.357274798e-09
2.479828335e-09
2.622187255e-09
2.779817294e-09
2.946434949e-09
3.11569589e-09
3.281874041e-09
3.440175265e-09
3.58686196e-09
3.719317675e-09
3.83552913e-09
3.93347336e-09
4.011508445e-09
4.068178044e-09
4.102000983e-09
4.111255762e-09
4.093760551e-09
4.046623341e-09
3.966067213e-09
3.847458258e-09
3.685709548e-09
3.476202725e-09
3.216576588e-09
2.908963558e-09
2.563059689e-09
2.198407069e-09
1.841731272e-09
1.526035173e-09
1.262706698e-09
1.047926924e-09
8.734330641e-10
7.299529345e-10
6.100992753e-10
5.085740362e-10
4.218063255e-10
3.474563555e-10
2.84001727e-10
2.304489233e-10
1.860679421e-10
1.50020141e-10
1.212535201e-10
9.832958848e-11
7.952505045e-11
1.378486649e-10
1.782536527e-10
2.32844832e-10
3.055668155e-10
4.006421516e-10
5.219744648e-10
6.721553656e-10
8.511363219e-10
1.054870509e-09
1.273985707e-09
1.494479721e-09
1.700483155e-09
1.878359771e-09
2.021238635e-09
2.13200311e-09
2.222913491e-09
2.311073753e-09
2.411509733e-09
2.53221998e-09
2.67395563e-09
2.832979947e-09
3.003918576e-09
3.181247679e-09
3.359998177e-09
3.536041041e-09
3.706221037e-09
3.867964159e-09
4.01874322e-09
4.156417979e-09
4.27904962e-09
4.384684775e-09
4.47111986e-09
4.53564633e-09
4.574777636e-09
4.583989299e-09
4.55751412e-09
4.488347989e-09
4.368558602e-09
4.190002066e-09
3.94557063e-09
3.631376993e-09
3.249799164e-09
2.814407328e-09
2.354564799e-09
1.914183392e-09
1.53867602e-09
1.232674878e-09
9.993000565e-10
8.159943787e-10
6.692086356e-10
5.494018222e-10
4.500140579e-10
3.667187839e-10
2.968136224e-10
2.385911882e-10
1.908214984e-10
1.523495999e-10
1.219544061e-10
9.805381501e-11
7.855408896e-11
1.835754094e-10
2.352759988e-10
3.031340552e-10
3.907954034e-10
5.017959991e-10
6.388655656e-10
8.029460137e-10
9.920714491e-10
1.200118139e-09
1.41657548e-09
1.62794821e-09
1.820344568e-09
1.983150687e-09
2.112570919e-09
2.213547673e-09
2.29874537e-09
2.384236492e-09
2.483643878e-09
2.604262303e-09
2.74708914e-09
2.909110896e-09
3.085762743e-09
3.272328504e-09
3.464574605e-09
3.659021918e-09
3.85267128e-09
4.042594559e-09
4.22621758e-09
4.401169712e-09
4.565083129e-09
4.715364599e-09
4.848943671e-09
4.961999684e-09
5.049681839e-09
5.105864228e-09
5.123001261e-09
5.092156727e-09
5.003306635e-09
4.845957252e-09
4.610172852e-09
4.288297703e-09
3.877851258e-09
3.38635365e-09
2.838624582e-09
2.282624395e-09
1.780449926e-09
1.377962468e-09
1.076586301e-09
8.527388208e-10
6.829169826e-10
5.497834373e-10
4.425919252e-10
3.550464937e-10
2.832752662e-10
2.247312855e-10
1.775676081e-10
1.402772247e-10
1.11543605e-10
8.963766489e-11
7.22991332e-11
2.490606781e-10
3.135787827e-10
3.959508424e-10
4.992912084e-10
6.262091836e-10
7.780867374e-10
9.542020299e-10
1.150640657e-09
1.359791818e-09
1.5708661e-09
1.771355338e-09
1.949601443e-09
2.097903348e-09
2.215171723e-09
2.307987657e-09
2.389141799e-09
2.473616094e-09
2.573689951e-09
2.695966616e-09
2.841579085e-09
3.008203204e-09
3.191988075e-09
3.388973521e-09
3.595615095e-09
3.808653829e-09
4.024856198e-09
4.241309617e-09
4.455272183e-09
4.664008422e-09
4.864580384e-09
5.053612909e-09
5.227037909e-09
5.379827753e-09
5.505742504e-09
5.59713537e-09
5.644878738e-09
5.638458917e-09
5.566293776e-09
5.416315048e-09
5.176892306e-09
4.838331029e-09
4.3954894e-09
3.852324187e-09
3.229637517e-09
2.574916504e-09
1.962354529e-09
1.457378553e-09
1.092964105e-09
8.355289541e-10
6.486536184e-10
5.076711421e-10
3.981587535e-10
3.116221446e-10
2.429354068e-10
1.887348186e-10
1.465717627e-10
1.14666515e-10
9.151479834e-11
7.510427175e-11
6.323491806e-11
3.378148094e-10
4.163146935e-10
5.139135248e-10
6.329720766e-10
7.749887447e-10
9.399294986e-10
1.125293722e-09
1.325651024e-09
1.532662488e-09
1.735793301e-09
1.923947092e-09
2.087822639e-09
2.222439137e-09
2.329022925e-09
2.415387371e-09
2.49419092e-09
2.579274773e-09
2.681639227e-09
2.807222693e-09
2.957238763e-09
3.129907197e-09
3.32214561e-09
3.53061133e-09
3.751990549e-09
3.982899184e-09
4.220169297e-09
4.460767428e-09
4.701670057e-09
4.939655248e-09
5.171095988e-09
5.391733075e-09
5.596434261e-09
5.778957101e-09
5.931745025e-09
6.045797655e-09
6.110661591e-09
6.114585015e-09
6.04485172e-09
5.888344315e-09
5.632425465e-09
5.266374523e-09
4.783881806e-09
4.187503703e-09
3.496437555e-09
2.757896371e-09
2.053535603e-09
1.472412732e-09
1.055288535e-09
7.71559048e-10
5.749910739e-10
4.329171518e-10
3.269969876e-10
2.466956491e-10
1.859159005e-10
1.405685572e-10
1.079293216e-10
8.580222055e-11
7.162224343e-11
6.26426617e-11
5.681892601e-11
4.539690391e-10
5.470036382e-10
6.597803922e-10
7.937270993e-10
9.490898606e-10
1.124270658e-09
1.315378971e-09
1.516055519e-09
1.717738306e-09
1.910632499e-09
2.085347227e-09
2.234946328e-09
2.356916542e-09
2.45440436e-09
2.536076566e-09
2.61422972e-09
2.701528687e-09
2.807758785e-09
2.938220569e-09
3.094157071e-09
3.274228119e-09
3.475931794e-09
3.696236058e-09
3.931756645e-09
4.179217615e-09
4.435360113e-09
4.696952125e-09
4.960589498e-09
5.222461263e-09
5.478182849e-09
5.722586749e-09
5.949509185e-09
6.151596959e-09
6.320161693e-09
6.445114724e-09
6.515016838e-09
6.517271344e-09
6.438487011e-09
6.265036211e-09
5.983933263e-09
5.584265784e-09
5.059655406e-09
4.412595962e-09
3.662112457e-09
2.855929992e-09
2.080640742e-09
1.439587832e-09
9.849012579e-10
6.861582856e-10
4.875461353e-10
3.497625017e-10
2.513529438e-10
1.807605355e-10
1.311678254e-10
9.840196703e-11
7.84872059e-11
6.706591732e-11
6.071989314e-11
5.709533845e-11
5.495767161e-11
6.01465042e-10
7.0867909e-10
8.355507243e-10
9.823761938e-10
1.148099538e-09
1.32988477e-09
1.522864059e-09
1.720187997e-09
1.91355986e-09
2.094308006e-09
2.254909756e-09
2.390697035e-09
2.501315788e-09
2.591427698e-09
2.670189732e-09
2.749333992e-09
2.840329024e-09
2.951815535e-09
3.08849291e-09
3.251593961e-09
3.44012784e-09
3.651791822e-09
3.883498629e-09
4.132011505e-09
4.394048016e-09
4.66624917e-09
4.945087288e-09
5.226708783e-09
5.506757218e-09
5.779997862e-09
6.040426071e-09
6.280979442e-09
6.493390887e-09
6.668101054e-09
6.794249006e-09
6.859767754e-09
6.851606071e-09
6.75609992e-09
6.559535016e-09
6.249009559e-09
5.813848456e-09
5.248029736e-09
4.554512479e-09
3.752960079e-09
2.892434698e-09
2.063147627e-09
1.378322745e-09
8.992469918e-10
5.945101543e-10
4.002177904e-10
2.71165018e-10
1.837629262e-10
1.257693611e-10
9.071071207e-11
7.213809883e-11
6.300984586e-11
5.869099862e-11
5.671720479e-11
5.57167334e-11
5.513293853e-11
7.841949595e-10
9.040639652e-10
1.042638251e-09
1.199138753e-09
1.371412178e-09
1.555667425e-09
1.746428817e-09
1.936809809e-09
2.119188645e-09
2.286280786e-09
2.432480398e-09
2.555214398e-09
2.6559525e-09
2.74047865e-09
2.818109927e-09
2.899839377e-09
2.995927876e-09
3.113931658e-09
3.257972413e-09
3.429223654e-09
3.626699375e-09
3.847996282e-09
4.090177111e-09
4.350084779e-09
4.624400375e-09
4.90956487e-09
5.201653747e-09
5.496308715e-09
5.788621053e-09
6.072876179e-09
6.34224759e-09
6.588910773e-09
6.803941906e-09
6.977214518e-09
7.097437102e-09
7.152283351e-09
7.128633128e-09
7.012947425e-09
6.79182975e-09
6.452877581e-09
5.986067244e-09
5.386107346e-09
4.656582422e-09
3.817353515e-09
2.917019765e-09
2.045492162e-09
1.321640843e-09
8.202004007e-10
5.120805565e-10
3.244251577e-10
2.058138508e-10
1.305102886e-10
8.751259104e-11
6.742776554e-11
5.928007928e-11
5.633451048e-11
5.551971135e-11
5.544625708e-11
5.545978508e-11
5.539703324e-11
1.003488542e-09
1.133131368e-09
1.279862939e-09
1.44194697e-09
1.616349781e-09
1.79865063e-09
1.983167906e-09
2.163373411e-09
2.332622163e-09
2.485149788e-09
2.617196374e-09
2.728027584e-09
2.820563599e-09
2.901322627e-09
2.979483872e-09
3.065169049e-09
3.167452173e-09
3.292882276e-09
3.445038999e-09
3.624769171e-09
3.830847624e-09
4.061006591e-09
4.312418844e-09
4.581938539e-09
4.866060113e-09
5.160909764e-09
5.462231546e-09
5.765267456e-09
6.064638405e-09
6.35412011e-09
6.62653622e-09
6.873457994e-09
7.085431234e-09
7.252045045e-09
7.361859827e-09
7.402560172e-09
7.361202252e-09
7.224581134e-09
6.979772388e-09
6.61495856e-09
6.120753896e-09
5.492447779e-09
4.733938477e-09
3.864814452e-09
2.932705307e-09
2.026591835e-09
1.268185569e-09
7.467151343e-10
4.379129614e-10
2.593803798e-10
1.521343751e-10
9.165634222e-11
6.491232766e-11
5.569327717e-11
5.326868402e-11
5.323185771e-11
5.385648282e-11
5.444496353e-11
5.475571769e-11
5.482855942e-11
1.259410378e-09
1.394964263e-09
1.545470216e-09
1.708419917e-09
1.88018379e-09
2.056060842e-09
2.230529971e-09
2.397738145e-09
2.552216631e-09
2.689755163e-09
2.808296376e-09
2.90865436e-09
2.994828842e-09
3.073708738e-09
3.154073812e-09
3.24506488e-09
3.354590894e-09
3.488259582e-09
3.648915076e-09
3.836891504e-09
4.05095371e-09
4.288884487e-09
4.547858803e-09
4.824614459e-09
5.11557001e-09
5.416751634e-09
5.723645486e-09
6.031092616e-09
6.33320339e-09
6.623368044e-09
6.894110756e-09
7.136735441e-09
7.341596861e-09
7.49824222e-09
7.595343424e-09
7.620853576e-09
7.562246764e-09
7.406865965e-09
7.142432021e-09
6.75782375e-09
6.24431631e-09
5.597653369e-09
4.821641778e-09
3.934586511e-09
2.980624619e-09
2.042969325e-09
1.243050244e-09
6.898620761e-10
3.749039313e-10
2.036437151e-10
1.097063315e-10
6.681595867e-11
5.270491501e-11
4.952830881e-11
4.978454081e-11
5.092031102e-11
5.20013765e-11
5.272319004e-11
5.306332389e-11
5.315033928e-11
1.54181251e-09
1.678731401e-09
1.828232783e-09
1.987297085e-09
2.152010683e-09
2.317717146e-09
2.479340873e-09
2.631891999e-09
2.771122813e-09
2.894258299e-09
3.000675848e-09
3.092371529e-09
3.174039018e-09
3.252620789e-09
3.336326681e-09
3.433313748e-09
3.550435321e-09
3.692264542e-09
3.860823012e-09
4.056211593e-09
4.2771447e-09
4.521418361e-09
4.786215412e-09
5.06825645e-09
5.363817883e-09
5.668598756e-09
5.977744829e-09
6.285862171e-09
6.586914554e-09
6.874156678e-09
7.139927225e-09
7.375582774e-09
7.571209708e-09
7.716478872e-09
7.80029426e-09
7.810946409e-09
7.736332616e-09
7.564273779e-09
7.282980496e-09
6.881767824e-09
6.352190175e-09
5.689940584e-09
4.898156439e-09
3.993324867e-09
3.016599652e-09
2.048306193e-09
1.212638465e-09
6.346072837e-10
3.145739896e-10
1.52611376e-10
7.803371309e-11
5.195503438e-11
4.570498166e-11
4.551096797e-11
4.686184765e-11
4.832884932e-11
4.942817112e-11
5.007590081e-11
5.035870271e-11
5.042720327e-11
1.807364848e-09
1.942012966e-09
2.087112245e-09
2.239391967e-09
2.394903588e-09
2.549235256e-09
2.697868545e-09
2.836667114e-09
2.962455245e-09
3.073617095e-09
3.17060505e-09
3.256213326e-09
3.335491494e-09
3.415217872e-09
3.502975512e-09
3.606033326e-09
3.730159105e-09
3.878919005e-09
4.053892133e-09
4.254981494e-09
4.480844017e-09
4.729261229e-09
4.997377334e-09
5.281809158e-09
5.578697005e-09
5.883757906e-09
6.192150987e-09
6.498348228e-09
6.796119302e-09
7.078480271e-09
7.337679105e-09
7.564879359e-09
7.750712394e-09
7.885065262e-09
7.957163262e-09
7.955708977e-09
7.869087125e-09
7.685660513e-09
7.394204914e-09
6.984567202e-09
6.44870346e-09
5.78239445e-09
4.988205341e-09
4.080817631e-09
3.096320765e-09
2.10569706e-09
1.220312545e-09
5.785532222e-10
2.438470579e-10
1.068304886e-10
5.689087785e-11
4.298170289e-11
4.095532359e-11
4.206909222e-11
4.373540413e-11
4.515972031e-11
4.611347517e-11
4.662990135e-11
4.684169925e-11
4.689010433e-11
)
;

boundaryField
{
    inletCH4
    {
        type            fixedValue;
        value           uniform 0;
    }
    wallOutside
    {
        type            zeroGradient;
    }
    wallTube
    {
        type            zeroGradient;
    }
    inletPilot
    {
        type            fixedValue;
        value           uniform 0;
    }
    inletAir
    {
        type            fixedValue;
        value           uniform 0;
    }
    outlet
    {
        type            zeroGradient;
    }
    axis
    {
        type            empty;
    }
    frontAndBack_pos
    {
        type            wedge;
    }
    frontAndBack_neg
    {
        type            wedge;
    }
}


// ************************************************************************* //
