/*--------------------------------*- C++ -*----------------------------------*\
  =========                 |
  \\      /  F ield         | OpenFOAM: The Open Source CFD Toolbox
   \\    /   O peration     | Website:  https://openfoam.org
    \\  /    A nd           | Version:  10
     \\/     M anipulation  |
\*---------------------------------------------------------------------------*/
FoamFile
{
    format      ascii;
    class       volScalarField;
    location    "3000";
    object      CH4;
}
// * * * * * * * * * * * * * * * * * * * * * * * * * * * * * * * * * * * * * //

dimensions      [0 0 0 0 0 0 0];

internalField   nonuniform List<scalar> 
5170
(
0.1561
0.1561
0.1561
0.1561
0.1561
0.1561
0.1561
0.1561
0.1561
0.1561
0.1561
0.1561
0.1561
0.1561
0.1561
0.1561
0.1561
0.1561
0.1561
0.1561
0.1561
0.1561
0.1561
0.1561
0.1561
0.1561
0.1561
0.1561
0.1561
0.1561
0.1561
0.1561
0.1561
0.1561
0.1561
0.1561
0.1561
0.1561
0.1561
0.1561
0.1561
0.1561
0.1561
0.1561
0.1561
0.1561
0.1561
0.1561
0.1561
0.1561
0.1561
0.1561
0.1561
0.1561
0.1561
0.1561
0.1561
0.1561
0.1561
0.1561
0.1561
0.1561
0.1561
0.1561
0.1561
0.1561
0.1561
0.1561
0.1561
0.1561
0.1561
0.1561
0.1561
0.1561
0.1561
0.1561
0.1561
0.1561
0.1561
0.1561
0.1561
0.1561
0.1561
0.1561
0.1561
0.1561
0.1561
0.1561
0.1561
0.1561
0.1561
0.1560999999
0.1560999991
0.1560999933
0.1560999722
0.1560999895
0.1560999414
0.1560995431
0.1560967426
0.1560839901
7.595038439e-21
2.885245943e-21
1.75986253e-21
3.186249001e-21
8.065743846e-21
3.124107822e-21
2.427296634e-21
1.831676116e-21
2.907506261e-21
3.338391656e-21
1.511567082e-21
1.41566323e-21
1.228651112e-21
1.620404024e-21
1.633790909e-21
8.685083502e-22
8.788390738e-22
8.181769502e-22
9.30153996e-22
9.385956818e-22
6.007583201e-22
5.719876432e-22
5.561203025e-22
6.245616009e-22
6.23317082e-22
4.602965816e-22
4.382295904e-22
4.16568077e-22
4.842200771e-22
4.409096458e-22
3.642972416e-22
3.673650158e-22
3.642322457e-22
3.915471704e-22
3.10599503e-22
2.856886536e-22
3.181740423e-22
3.226178575e-22
3.299149758e-22
2.280176942e-22
2.188055569e-22
2.638217845e-22
2.818355844e-22
2.690286378e-22
1.78898307e-22
1.861079974e-22
2.225389724e-22
2.441890676e-22
2.278978673e-22
1.607070658e-22
1.649674908e-22
1.916699115e-22
2.093659667e-22
2.105112126e-22
1.421140548e-22
7.900704904e-22
3.312239203e-22
2.008954076e-22
1.872928288e-22
1.269125096e-22
1.148720105e-19
2.767631954e-20
4.794216689e-21
6.590300541e-22
2.500760804e-22
1.931612663e-17
4.556486245e-18
7.501855932e-19
8.244701509e-20
1.836610308e-20
3.285455332e-15
7.554946852e-16
1.191578303e-16
1.262563504e-17
2.568913448e-18
5.647644389e-13
1.247633001e-13
1.860359128e-14
1.880963875e-15
3.469541059e-16
9.848189443e-11
2.039301784e-11
2.801649989e-12
2.66340712e-13
4.394271606e-14
1.746090941e-08
3.241726144e-09
3.966505891e-10
3.48400723e-11
5.140265807e-12
3.222891623e-06
4.887372859e-07
5.060629557e-08
4.031608503e-09
5.266049765e-10
0.0006452879194
6.515293213e-05
5.316754303e-06
3.756387253e-07
4.201247659e-08
0.1560996069
0.1560969575
0.1560532087
0.1553961753
0.1466569175
0.1560978536
0.1560855734
0.1559246082
0.1542433302
0.1419649565
0.1560929118
0.156057783
0.1556782226
0.1527114151
0.1387715458
0.1560811809
0.1559985821
0.1552479321
0.1507722327
0.1362050167
0.1560568379
0.1558880237
0.1545983249
0.1486377977
0.1339382364
0.1560097386
0.1556966288
0.1536769401
0.1462814675
0.1315878051
0.1559177784
0.1553519897
0.152306363
0.1435920205
0.129119423
0.1557427149
0.1547506663
0.150454552
0.1407965755
0.1266916968
0.1554256354
0.153800984
0.1482585638
0.1381216026
0.1244519926
0.1548861609
0.1524541035
0.1458707275
0.1355762647
0.1223598445
0.1539808845
0.1507161901
0.1434491566
0.1331576785
0.1203962225
0.1526496267
0.1487128533
0.1410571986
0.1308467216
0.1185388437
0.1508342061
0.1464562717
0.1386344214
0.1285863626
0.1167394204
0.1484232193
0.1438748009
0.1360780879
0.1262824457
0.1149131413
0.1452539935
0.1408398875
0.133270634
0.1238362796
0.1129872302
0.1412316318
0.1371946311
0.1300646477
0.121111244
0.1108267253
0.1363368694
0.1328004144
0.1262757971
0.1179142193
0.1082365867
0.1307180428
0.1276778668
0.1218209326
0.1141158892
0.1050927601
0.1245276657
0.1219265225
0.1167391033
0.109735119
0.1014064821
0.1179940937
0.1157588602
0.1111918541
0.1048869798
0.09727043809
0.1113230629
0.109394812
0.1053856175
0.09974942875
0.09284009564
0.1047051276
0.1030319594
0.09951181127
0.09449449299
0.08826484306
0.09824170182
0.09678651742
0.0936975165
0.08924370362
0.08365148977
0.09197485792
0.09070448098
0.08798798388
0.08403581988
0.07902252818
0.08587997011
0.08476106655
0.08235739814
0.07883624548
0.07433465639
0.0798642711
0.078870605
0.07672952179
0.07357554111
0.0695151308
0.07382403689
0.07293460821
0.07101159345
0.06816623091
0.06448190732
0.06768599505
0.06688320758
0.06514397038
0.06256033854
0.05919797641
0.06142460755
0.06069468932
0.0591091921
0.05674672859
0.05366286227
0.05504654438
0.0543778318
0.05292396822
0.05075303772
0.04791202659
0.04855749807
0.04794182714
0.04660173409
0.04459866523
0.04197552285
0.04191625438
0.04134698313
0.04010805377
0.03825670481
0.03583280423
0.03500339635
0.03447812913
0.03333664762
0.03163839914
0.02942594552
0.02771078744
0.027240891
0.02622467118
0.02472246545
0.02279216428
0.02025728351
0.01987516467
0.01905291316
0.01785143647
0.01633328555
0.01359107716
0.01331943333
0.01273802996
0.01189627477
0.0108426847
0.008542829149
0.00836793799
0.007993887758
0.007452904487
0.006777143721
0.005100909488
0.004992276239
0.00475987498
0.004423695765
0.004004063645
0.002847586447
0.002781512446
0.002640510042
0.002437580376
0.00218657755
0.001413915516
0.001377428415
0.001300374873
0.001191706262
0.001061441653
0.0006102980594
0.0005956641059
0.0005651078948
0.0005226792566
0.0004723825167
0.0002587187419
0.0002535705123
0.0002426969086
0.0002272991105
0.0002085803056
0.0001109947904
0.0001090965327
0.0001050587353
9.92706592e-05
9.212060516e-05
4.803936392e-05
4.731589605e-05
4.57702364e-05
4.353695901e-05
4.074825282e-05
2.092875748e-05
2.064667054e-05
2.004217788e-05
1.916385465e-05
1.805848399e-05
9.165034863e-06
9.053221436e-06
8.813077947e-06
8.462679225e-06
8.019063967e-06
4.031349982e-06
3.986490388e-06
3.889972737e-06
3.748664916e-06
3.568902293e-06
1.780963669e-06
1.762792135e-06
1.723636906e-06
1.666150037e-06
1.59272504e-06
7.905821199e-07
7.831615501e-07
7.671512138e-07
7.435878263e-07
7.133867865e-07
3.529755886e-07
3.499227267e-07
3.433283472e-07
3.336022744e-07
3.21098626e-07
1.587281892e-07
1.574641203e-07
1.547309061e-07
1.506922977e-07
1.454869851e-07
7.203871483e-08
7.151364752e-08
7.037749479e-08
6.869653884e-08
6.652615419e-08
3.311990738e-08
3.290373961e-08
3.243598579e-08
3.174395876e-08
3.085064572e-08
1.555913544e-08
1.547464371e-08
1.529224374e-08
1.502355689e-08
1.467904828e-08
7.638620757e-09
7.612674164e-09
7.557448551e-09
7.478222912e-09
7.380805075e-09
4.138888031e-09
4.141760582e-09
4.149415239e-09
4.164600319e-09
4.191697134e-09
2.734535196e-09
2.755122924e-09
2.801718345e-09
2.876129249e-09
2.98277147e-09
2.40756885e-09
2.443371414e-09
2.523675311e-09
2.65004455e-09
2.827763545e-09
2.755279175e-09
2.808727218e-09
2.92830334e-09
3.115670287e-09
3.377686388e-09
3.715449844e-09
3.79370455e-09
3.968617443e-09
4.242269171e-09
4.624163851e-09
5.518852836e-09
5.630805595e-09
5.880499674e-09
6.269643691e-09
6.809753257e-09
8.32987227e-09
8.489235744e-09
8.844238362e-09
9.396316823e-09
1.016029837e-08
1.277356066e-08
1.299994242e-08
1.350350811e-08
1.428461962e-08
1.536166005e-08
1.972540997e-08
2.00434676e-08
2.074989715e-08
2.184278942e-08
2.334417967e-08
3.038938377e-08
3.082862549e-08
3.180273015e-08
3.330572755e-08
3.536287555e-08
4.643621895e-08
4.703053332e-08
4.834659559e-08
5.037199076e-08
5.313422824e-08
6.983955596e-08
7.062351037e-08
7.235707652e-08
7.501856723e-08
7.863620357e-08
1.031336274e-07
1.041420937e-07
1.063692585e-07
1.097810019e-07
1.14404248e-07
1.473477421e-07
1.486017458e-07
1.51367963e-07
1.555972797e-07
1.613132354e-07
1.963745298e-07
1.978606537e-07
2.011361823e-07
2.061369418e-07
2.128819343e-07
0.1218847157
0.1214935395
0.1214645281
0.1209663632
0.1199743184
0.1185212076
0.1168389882
0.1151659822
0.1136015258
0.1121038655
0.1106749604
0.1093075528
0.1079675223
0.1065769592
0.1050825631
0.1033473756
0.1011826698
0.09848002057
0.09525394899
0.09158866303
0.08763193317
0.08352091377
0.07935047356
0.07512948083
0.07080924333
0.06631089389
0.06155578591
0.05651490941
0.05119410551
0.04563229098
0.03986948383
0.03389170658
0.02767014973
0.02128809651
0.0151746753
0.01004692247
0.006267521164
0.003688254012
0.002000540033
0.0009689616675
0.0004365754179
0.0001948750013
8.678690881e-05
3.864052679e-05
1.721487394e-05
7.677936102e-06
3.429821052e-06
1.535624154e-06
6.897955794e-07
3.112936845e-07
1.413918889e-07
6.481502452e-08
3.014681138e-08
1.441027931e-08
7.309486903e-09
4.221367781e-09
3.078496881e-09
2.983876488e-09
3.60630397e-09
4.956571023e-09
7.276560308e-09
1.081811981e-08
1.628482704e-08
2.462507051e-08
3.710970179e-08
5.546918706e-08
8.168139117e-08
1.182809256e-07
1.660902477e-07
2.185046415e-07
0.07236521359
0.006924181403
0.0004352673777
2.599365101e-05
2.042845833e-06
0.08493852511
0.03040976204
0.002501502358
0.0001626850246
1.456119234e-05
0.09097000195
0.04545161281
0.004208680518
0.0003103654565
3.250736377e-05
0.09414591688
0.0523720854
0.006205572022
0.0004700800093
3.671828021e-05
0.09559365335
0.0568474377
0.01428182738
0.001159633471
8.258796358e-05
0.09606465362
0.06049885716
0.02299201829
0.002400721224
0.0002076328002
0.09621069557
0.06359309439
0.0291264491
0.003813224713
0.0004248860396
0.09619260689
0.06614288128
0.03411396212
0.005434336011
0.0007231942087
0.09602700169
0.06814717399
0.03842686012
0.009958410216
0.001526511112
0.09570685375
0.06972591899
0.04214766198
0.01526559944
0.0027329393
0.09530717759
0.07100445229
0.04519980068
0.01958263187
0.003976213039
0.0948448248
0.0720261104
0.04785032696
0.02352729672
0.00532355685
0.09432136042
0.07286182216
0.0502325526
0.02735799088
0.007935807735
0.09368535169
0.07346729668
0.05221818708
0.03068336885
0.01142712461
0.09290932308
0.07383374667
0.05378238939
0.03335861033
0.01452040776
0.09185113513
0.07381850021
0.05483757359
0.0354066294
0.01708091677
0.09035921623
0.07332274305
0.05536319418
0.03692287215
0.01923527417
0.08835970939
0.07232527424
0.05538171131
0.0379632631
0.02106117602
0.08586385531
0.07083332325
0.05491359241
0.03851265257
0.02245649375
0.0829420249
0.06892086193
0.05401279372
0.03860222713
0.02340956625
0.07972518402
0.06670613427
0.05278528109
0.03833225724
0.02400596159
0.07633144163
0.06429999225
0.0513437653
0.03781753602
0.02432315935
0.07283617397
0.06175502237
0.04972107558
0.03707623986
0.02438590147
0.06923124777
0.05903901405
0.04786991055
0.03606111098
0.0241629469
0.06546322155
0.05608670876
0.04572011584
0.03469914696
0.02356737214
0.06144789617
0.05280297799
0.04317759068
0.03289574495
0.02250937812
0.05711320896
0.0491283844
0.04017723114
0.03059241897
0.02095295949
0.05244150657
0.04505272873
0.03672406928
0.02781753621
0.01895747413
0.04744706186
0.0405997474
0.03286836932
0.02465286559
0.01663688586
0.04217467831
0.03583440544
0.02869914861
0.02122505226
0.01414389894
0.0366795507
0.03082778238
0.024321716
0.01767923569
0.01162660545
0.03095911944
0.02563374002
0.0198526255
0.01417000456
0.009213062863
0.02503065914
0.0203500935
0.01545687313
0.0108583822
0.007002560233
0.01904565597
0.01521188885
0.01137249412
0.007901378585
0.005071787553
0.01346175752
0.01062560666
0.007867990215
0.005429121061
0.003478626656
0.008876065113
0.006961071035
0.005119007979
0.003508518258
0.00225158086
0.005519041776
0.004295402141
0.0031270156
0.002128639061
0.00138652408
0.003225625568
0.002475858271
0.001780470844
0.001219644137
0.0008172197797
0.001730327144
0.001310825847
0.0009484934964
0.0006684552098
0.0004617671473
0.0008370209798
0.0006455964298
0.0004826645995
0.0003515837046
0.0002505257555
0.0003851930627
0.0003073861293
0.0002375256916
0.0001785618663
0.0001311181158
0.0001750206361
0.0001435979658
0.0001141545168
8.827467141e-05
6.66411476e-05
7.901091594e-05
6.629373071e-05
5.397322725e-05
4.277613894e-05
3.310452749e-05
3.555353398e-05
3.037920982e-05
2.523328176e-05
2.042724108e-05
1.615942101e-05
1.597506163e-05
1.385704199e-05
1.170623103e-05
9.651960392e-06
7.784603685e-06
7.175257297e-06
6.303365753e-06
5.402796125e-06
4.526439184e-06
3.713815165e-06
3.224431459e-06
2.863691804e-06
2.485759243e-06
2.112116795e-06
1.759659907e-06
1.451147377e-06
1.301192343e-06
1.142175935e-06
9.828024888e-07
8.302044787e-07
6.548394161e-07
5.92218345e-07
5.251137817e-07
4.570558059e-07
3.910382763e-07
2.96745412e-07
2.704778117e-07
2.420759841e-07
2.129785302e-07
1.844448562e-07
1.353088076e-07
1.24255349e-07
1.122191462e-07
9.979442032e-08
8.751918194e-08
6.227145858e-08
5.763208993e-08
5.256298108e-08
4.731805648e-08
4.213751076e-08
2.910109061e-08
2.719877273e-08
2.513322533e-08
2.302248593e-08
2.098621226e-08
1.401277238e-08
1.330713419e-08
1.25722398e-08
1.187387715e-08
1.128585466e-08
7.207120511e-09
7.055326619e-09
6.950002815e-09
6.939758753e-09
7.084992255e-09
4.270881713e-09
4.412801817e-09
4.655044231e-09
5.044919682e-09
5.645006183e-09
3.228310023e-09
3.573168482e-09
4.069535522e-09
4.772156745e-09
5.755257093e-09
3.226217145e-09
3.76605108e-09
4.518197286e-09
5.551552489e-09
6.96008431e-09
3.96026569e-09
4.740169569e-09
5.814210854e-09
7.272970198e-09
9.24021796e-09
5.470737356e-09
6.596777034e-09
8.127179327e-09
1.016577903e-08
1.285565152e-08
7.996479188e-09
9.555372173e-09
1.165681609e-08
1.444090013e-08
1.809113593e-08
1.183103862e-08
1.400904964e-08
1.692024337e-08
2.073883969e-08
2.568742355e-08
1.770372987e-08
2.072992707e-08
2.473497265e-08
2.992848574e-08
3.657284978e-08
2.659002862e-08
3.074511361e-08
3.618733878e-08
4.316074404e-08
5.196478272e-08
3.978434755e-08
4.539176964e-08
5.266057214e-08
6.186482199e-08
7.333444923e-08
5.903772976e-08
6.645777215e-08
7.598088487e-08
8.79033307e-08
1.025753491e-07
8.632756833e-08
9.591398535e-08
1.081042789e-07
1.232058438e-07
1.415760339e-07
1.241862681e-07
1.362862514e-07
1.515435047e-07
1.702632641e-07
1.927948756e-07
1.733578805e-07
1.881573254e-07
2.066829698e-07
2.292246003e-07
2.561093059e-07
2.270503187e-07
2.443715144e-07
2.659336828e-07
2.920034568e-07
3.228780987e-07
2.367167711e-07
3.09162883e-08
5.72657464e-09
2.095602423e-09
1.309681214e-09
9.467200617e-10
6.857158794e-10
4.860237311e-10
3.36442661e-10
2.287995539e-10
1.534036743e-10
1.016482956e-10
6.662614809e-11
4.32052265e-11
2.772595459e-11
1.761732653e-11
1.110040151e-11
6.951796893e-12
4.342573656e-12
2.718661985e-12
1.716384889e-12
1.101052762e-12
7.23755235e-13
4.914316179e-13
3.466797714e-13
2.544232227e-13
1.934228085e-13
1.510009035e-13
1.19762589e-13
9.55398349e-14
7.608002381e-14
6.019753852e-14
4.723878536e-14
3.677030606e-14
2.842159115e-14
2.183157078e-14
1.665453236e-14
1.258691292e-14
9.38744793e-15
6.878933472e-15
4.934117061e-15
3.456095867e-15
2.362561498e-15
1.577933401e-15
1.032297269e-15
6.63764211e-16
4.210430365e-16
2.643913753e-16
1.64835456e-16
1.022727901e-16
6.327172821e-17
3.909521116e-17
2.415388723e-17
1.490861131e-17
9.136013883e-18
5.453665323e-18
3.018203668e-18
1.383796091e-18
3.725577276e-19
3.469375386e-20
2.303869396e-06
2.808895115e-07
5.92281423e-08
2.908062913e-08
2.000007092e-08
1.449057177e-08
1.010262736e-08
6.86332669e-09
4.499166451e-09
2.883714131e-09
1.805483663e-09
1.112200872e-09
6.760980239e-10
4.073060505e-10
2.439294322e-10
1.45621989e-10
8.688742638e-11
5.195039047e-11
3.122879333e-11
1.894912786e-11
1.166727877e-11
7.338440499e-12
4.751969006e-12
3.191741431e-12
2.235326695e-12
1.633402408e-12
1.239058454e-12
9.664294914e-13
7.66309793e-13
6.113522853e-13
4.869705576e-13
3.85556926e-13
3.029044205e-13
2.362030826e-13
1.830415709e-13
1.410679999e-13
1.080370627e-13
8.199341181e-14
6.140551313e-14
4.5171297e-14
3.251493934e-14
2.284936674e-14
1.566906533e-14
1.049934058e-14
6.892998168e-15
4.449583247e-15
2.834725743e-15
1.788375213e-15
1.120378522e-15
6.984655296e-16
4.340478552e-16
2.692774303e-16
1.669365517e-16
1.033092017e-16
6.34068121e-17
3.78731406e-17
2.100495207e-17
9.762181011e-18
2.892775679e-18
3.615847297e-19
6.334942648e-06
8.239660463e-07
2.272838811e-07
1.443291128e-07
1.068000923e-07
7.99318219e-08
5.736309092e-08
4.01288908e-08
2.701736033e-08
1.771967763e-08
1.125278066e-08
6.969907603e-09
4.209052983e-09
2.490607972e-09
1.448685817e-09
8.327490829e-10
4.757756816e-10
2.718437544e-10
1.563559351e-10
9.109086444e-11
5.409576481e-11
3.297113697e-11
2.078395363e-11
1.365024016e-11
9.387875348e-12
6.763083117e-12
5.074912293e-12
3.926113293e-12
3.094651266e-12
2.459052281e-12
1.954593596e-12
1.547126653e-12
1.217427418e-12
9.526306049e-13
7.420520208e-13
5.756767679e-13
4.442302139e-13
3.398405957e-13
2.565225971e-13
1.901178904e-13
1.378018455e-13
9.746452692e-14
6.724739575e-14
4.533259298e-14
2.994560455e-14
1.945659665e-14
1.248175902e-14
7.93249863e-15
5.007099961e-15
3.144845438e-15
1.968125681e-15
1.228722559e-15
7.657259459e-16
4.756605169e-16
2.924877632e-16
1.746673225e-16
9.687253758e-17
4.517771385e-17
1.387837047e-17
1.941516563e-18
1.081095109e-05
2.5392244e-06
7.470274612e-07
4.616957123e-07
3.52151713e-07
2.718070481e-07
2.036036501e-07
1.478405308e-07
1.038816328e-07
7.091998014e-08
4.696423818e-08
3.02543876e-08
1.894721526e-08
1.156650063e-08
6.887393522e-09
4.014754435e-09
2.298258488e-09
1.299745479e-09
7.309774929e-10
4.123354222e-10
2.354532516e-10
1.374690019e-10
8.291119429e-11
5.216785221e-11
3.449059448e-11
2.400333699e-11
1.749850649e-11
1.322655691e-11
1.023939805e-11
8.028717461e-12
6.324323168e-12
4.980872252e-12
3.914936251e-12
3.071267985e-12
2.406623798e-12
1.883317006e-12
1.468616405e-12
1.136248718e-12
8.673849496e-13
6.49826838e-13
4.758492859e-13
3.398431298e-13
2.366929637e-13
1.610449092e-13
1.07382638e-13
7.044132251e-14
4.563455001e-14
2.929054138e-14
1.867006211e-14
1.183736064e-14
7.474436061e-15
4.704282752e-15
2.95164974e-15
1.842616182e-15
1.135802592e-15
6.780008639e-16
3.756122847e-16
1.753526883e-16
5.504344756e-17
8.457347789e-18
2.134101291e-05
6.442325658e-06
1.882920582e-06
1.017906469e-06
7.8071376e-07
6.27287376e-07
4.947793458e-07
3.785764383e-07
2.81314543e-07
2.034238783e-07
1.431712115e-07
9.816651314e-08
6.553346207e-08
4.263106208e-08
2.700508184e-08
1.668148445e-08
1.005100022e-08
5.924124253e-09
3.424186481e-09
1.952148071e-09
1.104902187e-09
6.272115552e-10
3.612778576e-10
2.141196821e-10
1.322940985e-10
8.599217008e-11
5.889654039e-11
4.223939555e-11
3.136879378e-11
2.383700399e-11
1.835618969e-11
1.423627238e-11
1.108801069e-11
8.668423772e-12
6.804416372e-12
5.358774217e-12
4.220300749e-12
3.304755707e-12
2.555603203e-12
1.93948763e-12
1.438022956e-12
1.039343522e-12
7.322928119e-13
5.040070579e-13
3.400363851e-13
2.257845449e-13
1.480944384e-13
9.622266172e-14
6.20511449e-14
3.976618146e-14
2.53513577e-14
1.608912911e-14
1.016429676e-14
6.376577227e-15
3.9402104e-15
2.351416334e-15
1.30072977e-15
6.07918238e-16
1.943201624e-16
3.318548021e-17
2.881395139e-05
1.123715699e-05
3.948599533e-06
1.848170442e-06
1.352122094e-06
1.109106441e-06
9.132956403e-07
7.352844141e-07
5.778457057e-07
4.437586811e-07
3.331742852e-07
2.445799652e-07
1.754804192e-07
1.230317648e-07
8.421375456e-08
5.625900003e-08
3.665380679e-08
2.329421247e-08
1.44358547e-08
8.739723554e-09
5.179138197e-09
3.019762079e-09
1.742950187e-09
1.006142765e-09
5.881763361e-10
3.535437964e-10
2.213194939e-10
1.453005587e-10
9.988726483e-11
7.134151688e-11
5.241145778e-11
3.927382492e-11
2.986010718e-11
2.2983759e-11
1.789885825e-11
1.408263399e-11
1.114615572e-11
8.810741269e-12
6.897732989e-12
5.306965025e-12
3.989697132e-12
2.921961907e-12
2.084190828e-12
1.451152832e-12
9.90421118e-13
6.657451868e-13
4.424389316e-13
2.91406465e-13
1.904462579e-13
1.235727122e-13
7.964072381e-14
5.10018534e-14
3.24471263e-14
2.045540929e-14
1.267550525e-14
7.573611471e-15
4.193540472e-15
1.971236912e-15
6.449311018e-16
1.236681948e-16
3.899494767e-05
1.440348648e-05
6.556170672e-06
3.127280422e-06
2.059956592e-06
1.656474611e-06
1.391245145e-06
1.160298863e-06
9.511595864e-07
7.654144544e-07
6.047963643e-07
4.694331175e-07
3.579704639e-07
2.681471812e-07
1.972278509e-07
1.423282576e-07
1.006418835e-07
6.96357216e-08
4.706942055e-08
3.105666817e-08
1.998812932e-08
1.255648511e-08
7.706922579e-09
4.637285355e-09
2.749656425e-09
1.621773398e-09
9.624511739e-10
5.82626242e-10
3.641619283e-10
2.368135283e-10
1.603350236e-10
1.125181878e-10
8.134895082e-11
6.029915319e-11
4.569897711e-11
3.533981184e-11
2.775586074e-11
2.195102803e-11
1.730532421e-11
1.346858602e-11
1.02675028e-11
7.630339785e-12
5.518034144e-12
3.888226006e-12
2.681477883e-12
1.820659333e-12
1.223080348e-12
8.151891937e-13
5.395446616e-13
3.545753439e-13
2.312733561e-13
1.496662699e-13
9.602275924e-14
6.091119751e-14
3.791227364e-14
2.274604418e-14
1.2670645e-14
6.039646153e-15
2.048117613e-15
4.434943701e-16
7.021231057e-05
1.797328977e-05
9.473555867e-06
4.937599955e-06
3.003668484e-06
2.274037466e-06
1.890067621e-06
1.603286847e-06
1.350372914e-06
1.121878593e-06
9.182139575e-07
7.404137242e-07
5.884379455e-07
4.610796419e-07
3.562742498e-07
2.714612354e-07
2.038863827e-07
1.508593045e-07
1.098382837e-07
7.855908122e-08
5.508063899e-08
3.777424758e-08
2.528292348e-08
1.649641905e-08
1.049490429e-08
6.524337259e-09
3.979199195e-09
2.397483003e-09
1.441087612e-09
8.752372501e-10
5.438741334e-10
3.49257653e-10
2.329668982e-10
1.614657434e-10
1.15944326e-10
8.596875881e-11
6.554107409e-11
5.093598508e-11
3.9891892e-11
3.113609987e-11
2.398202268e-11
1.808470601e-11
1.328786729e-11
9.50072261e-12
6.630314916e-12
4.545074966e-12
3.079496305e-12
2.070365337e-12
1.383375251e-12
9.186624412e-13
6.058222858e-13
3.963222424e-13
2.567996545e-13
1.642707396e-13
1.029598788e-13
6.219523355e-14
3.496913852e-14
1.695230161e-14
5.968151458e-15
1.440106958e-15
0.0001697011998
2.643239196e-05
1.314879062e-05
7.460088736e-06
4.310374508e-06
3.005836979e-06
2.427956549e-06
2.062273427e-06
1.766581855e-06
1.502194721e-06
1.262569638e-06
1.047959263e-06
8.591200469e-07
6.959255822e-07
5.57246341e-07
4.411880139e-07
3.453954986e-07
2.673300521e-07
2.044643689e-07
1.54406892e-07
1.149901583e-07
8.431659051e-08
6.076381039e-08
4.293303426e-08
2.966120699e-08
1.99930711e-08
1.312323838e-08
8.388353739e-09
5.235478381e-09
3.209537812e-09
1.949609234e-09
1.187580861e-09
7.356755682e-10
4.697271044e-10
3.1184795e-10
2.157761825e-10
1.552968182e-10
1.155760612e-10
8.795185931e-11
6.759024963e-11
5.190131293e-11
3.946934557e-11
2.947503553e-11
2.147217857e-11
1.522595461e-11
1.056441063e-11
7.224654676e-12
4.893327956e-12
3.291365426e-12
2.201074662e-12
1.463440579e-12
9.664143097e-13
6.325665959e-13
4.08767825e-13
2.587599119e-13
1.579347943e-13
8.996863162e-14
4.453220821e-14
1.63330528e-14
4.335458704e-15
0.0003573506713
4.490542138e-05
1.705445985e-05
1.008432897e-05
6.091902028e-06
3.950173139e-06
3.046167591e-06
2.567958547e-06
2.220633219e-06
1.921445131e-06
1.649280201e-06
1.401128304e-06
1.177671201e-06
9.795697353e-07
8.066283374e-07
6.577793921e-07
5.31303412e-07
4.250831514e-07
3.368187516e-07
2.641977698e-07
2.049703607e-07
1.571672786e-07
1.189312315e-07
8.865960901e-08
6.497457348e-08
4.670565408e-08
3.285961332e-08
2.257521873e-08
1.511361078e-08
9.849250256e-09
6.252419842e-09
3.88223893e-09
2.378576532e-09
1.457244867e-09
9.070072387e-10
5.81821032e-10
3.879597094e-10
2.695580592e-10
1.942517429e-10
1.437150744e-10
1.077993336e-10
8.114423149e-11
6.08203709e-11
4.503341296e-11
3.264160131e-11
2.307101477e-11
1.598042785e-11
1.091994278e-11
7.392388871e-12
4.968791426e-12
3.3204132e-12
2.206655443e-12
1.456332354e-12
9.505783789e-13
6.087232537e-13
3.765839294e-13
2.182034249e-13
1.107885108e-13
4.253797583e-14
1.225601856e-14
0.0006010914964
7.909280075e-05
2.004462435e-05
1.18487618e-05
7.786764039e-06
5.143557183e-06
3.803831861e-06
3.153277574e-06
2.737545691e-06
2.401601987e-06
2.098376527e-06
1.818123553e-06
1.560621837e-06
1.327072429e-06
1.118199324e-06
9.338893335e-07
7.732605087e-07
6.347545198e-07
5.167532114e-07
4.171059338e-07
3.336000264e-07
2.64152576e-07
2.068448366e-07
1.599533048e-07
1.219520399e-07
9.150226786e-08
6.743343727e-08
4.871530239e-08
3.442879006e-08
2.375932159e-08
1.598976722e-08
1.04876807e-08
6.709813696e-09
4.204223432e-09
2.602884911e-09
1.613926975e-09
1.017410394e-09
6.601677408e-10
4.44172117e-10
3.100268325e-10
2.230520254e-10
1.635176098e-10
1.208257896e-10
8.928555759e-11
6.553256795e-11
4.73674492e-11
3.351761134e-11
2.323403905e-11
1.585921369e-11
1.071388508e-11
7.187215455e-12
4.795447702e-12
3.181949617e-12
2.093327416e-12
1.355299161e-12
8.508821008e-13
5.030933666e-13
2.632030792e-13
1.063631709e-13
3.288613798e-14
0.0009052756516
0.0001335734049
2.47523423e-05
1.274815365e-05
8.953349936e-06
6.451668594e-06
4.766452913e-06
3.867055061e-06
3.337074341e-06
2.947516983e-06
2.611623776e-06
2.300906438e-06
2.010778217e-06
1.741995604e-06
1.495775606e-06
1.27390083e-06
1.076568761e-06
9.027544399e-07
7.511134613e-07
6.200031968e-07
5.074713462e-07
4.115729268e-07
3.304539863e-07
2.62376102e-07
2.057356142e-07
1.590738447e-07
1.210749783e-07
9.05508803e-08
6.642172042e-08
4.770050006e-08
3.348378134e-08
2.294725308e-08
1.534505967e-08
1.001957354e-08
6.406391049e-09
4.035317432e-09
2.527508479e-09
1.593034542e-09
1.023410946e-09
6.770070672e-10
4.634652116e-10
3.274188777e-10
2.364017256e-10
1.725217277e-10
1.261765369e-10
9.190339195e-11
6.62338385e-11
4.694277878e-11
3.260792159e-11
2.224514861e-11
1.498801807e-11
1.002677539e-11
6.674700424e-12
4.414449802e-12
2.883061236e-12
1.835324629e-12
1.109034264e-12
6.004106049e-13
2.568959876e-13
8.458648437e-14
0.001484774959
0.0002406044001
3.980202092e-05
1.482950174e-05
9.95187339e-06
7.548999685e-06
5.850689708e-06
4.718554441e-06
4.031791852e-06
3.54382892e-06
3.152521511e-06
2.805083705e-06
2.480528867e-06
2.179190434e-06
1.895797002e-06
1.642051467e-06
1.411778061e-06
1.204748971e-06
1.020264575e-06
8.572972223e-07
7.145024223e-07
5.903576078e-07
4.832424247e-07
3.915204673e-07
3.136079197e-07
2.480122665e-07
1.933516851e-07
1.483501705e-07
1.118256175e-07
8.267426333e-08
5.985521539e-08
4.238089012e-08
2.932029858e-08
1.98153149e-08
1.309493895e-08
8.484896577e-09
5.41750499e-09
3.434495826e-09
2.183960267e-09
1.410148591e-09
9.344978988e-10
6.392543449e-10
4.504595685e-10
3.239934778e-10
2.35491639e-10
1.714719319e-10
1.242554206e-10
8.923719034e-11
6.323550229e-11
4.401252981e-11
3.006596325e-11
2.023914413e-11
1.350359844e-11
8.954449988e-12
5.882922144e-12
3.789225998e-12
2.339958012e-12
1.316514801e-12
6.005302642e-13
2.100041857e-13
0.002368163082
0.0004245300176
7.267758512e-05
1.915921108e-05
1.123651811e-05
8.482030617e-06
6.811944914e-06
5.600566606e-06
4.744549419e-06
4.115167411e-06
3.610805309e-06
3.193147883e-06
2.831151018e-06
2.507092649e-06
2.201502449e-06
1.929345198e-06
1.679176697e-06
1.451500748e-06
1.245847641e-06
1.061496368e-06
8.97527299e-07
7.528276877e-07
6.261248739e-07
5.160130833e-07
4.210150934e-07
3.396447637e-07
2.704871256e-07
2.122620103e-07
1.638312117e-07
1.241530285e-07
9.221798583e-08
6.7041296e-08
4.766178595e-08
3.31280933e-08
2.252381016e-08
1.500333486e-08
9.820186311e-09
6.347233282e-09
4.081195622e-09
2.636430255e-09
1.730592777e-09
1.16540613e-09
8.087829915e-10
5.765645169e-10
4.183306648e-10
3.056508225e-10
2.228656776e-10
1.612302442e-10
1.15430083e-10
8.159536146e-11
5.679936884e-11
3.886639125e-11
2.619349028e-11
1.745784411e-11
1.152387176e-11
7.492928937e-12
4.719179601e-12
2.762213829e-12
1.351250382e-12
5.042487853e-13
0.003315810952
0.0006578927222
0.0001234456642
2.636481721e-05
1.245820268e-05
9.115166344e-06
7.444728686e-06
6.256669435e-06
5.310115009e-06
4.491725605e-06
3.809183632e-06
3.275604575e-06
2.858123095e-06
2.522982994e-06
2.229777273e-06
1.966583225e-06
1.727217456e-06
1.50904505e-06
1.310611526e-06
1.13094458e-06
9.692175347e-07
8.245779778e-07
6.960924749e-07
5.827410443e-07
4.834227547e-07
3.970047948e-07
3.223550352e-07
2.583639234e-07
2.039875501e-07
1.583226945e-07
1.20586204e-07
8.997255009e-08
6.56525768e-08
4.682633023e-08
3.266525316e-08
2.231364941e-08
1.4965577e-08
9.89765056e-09
6.492595156e-09
4.257773283e-09
2.819084395e-09
1.903919979e-09
1.32139012e-09
9.437021199e-10
6.892680599e-10
5.093170076e-10
3.765212914e-10
2.761503972e-10
2.000458652e-10
1.429387419e-10
1.007413776e-10
6.999451317e-11
4.790147944e-11
3.233812784e-11
2.157340785e-11
1.419133122e-11
9.103714091e-12
5.524961603e-12
2.90010952e-12
1.167889301e-12
0.004253234291
0.0009243069312
0.0001896525176
3.901333032e-05
1.384433073e-05
9.341569963e-06
7.657839384e-06
6.520307147e-06
5.562951992e-06
4.656719252e-06
3.752157224e-06
3.019947575e-06
2.529596184e-06
2.190048741e-06
1.92807946e-06
1.70734688e-06
1.511246568e-06
1.33352082e-06
1.171413436e-06
1.023520292e-06
8.889925443e-07
7.671814624e-07
6.574740462e-07
5.592249919e-07
4.71739326e-07
3.942839729e-07
3.261202025e-07
2.665321217e-07
2.148417847e-07
1.704479486e-07
1.328422775e-07
1.01539604e-07
7.601761422e-08
5.567647965e-08
3.988091564e-08
2.796863459e-08
1.924680238e-08
1.304750663e-08
8.761713894e-09
5.872671046e-09
3.965426568e-09
2.722951319e-09
1.9163505e-09
1.387138321e-09
1.029573251e-09
7.764721679e-10
5.87884095e-10
4.417641172e-10
3.26872955e-10
2.374170776e-10
1.693904274e-10
1.190201445e-10
8.251381189e-11
5.650332348e-11
3.824209561e-11
2.554986557e-11
1.672829907e-11
1.049450422e-11
5.884615139e-12
2.585929783e-12
0.005177608528
0.001216481541
0.0002700568331
5.79727009e-05
1.624276477e-05
9.346358837e-06
7.512266389e-06
6.442675755e-06
5.504882415e-06
4.60066311e-06
3.672355439e-06
2.756171815e-06
2.089026156e-06
1.717981766e-06
1.489383462e-06
1.318056513e-06
1.172703959e-06
1.042971915e-06
9.247372592e-07
8.161636585e-07
7.164321759e-07
6.251339845e-07
5.419708947e-07
4.666346815e-07
3.987687395e-07
3.379604293e-07
2.837630094e-07
2.357268875e-07
1.934323818e-07
1.565082918e-07
1.246186556e-07
9.745596718e-08
7.473021352e-08
5.61239388e-08
4.126533259e-08
2.973933671e-08
2.106053531e-08
1.469980422e-08
1.015960081e-08
7.001283033e-09
4.852988487e-09
3.416788628e-09
2.463526227e-09
1.825245853e-09
1.386864995e-09
1.072785123e-09
8.356053645e-10
6.476697481e-10
4.944219704e-10
3.692108773e-10
2.691104887e-10
1.919379693e-10
1.346445028e-10
9.331578852e-11
6.404072627e-11
4.350784204e-11
2.911193848e-11
1.886514239e-11
1.123233491e-11
5.427949852e-12
0.006313559786
0.001583984167
0.0003767399522
8.603711084e-05
2.144199555e-05
9.774449467e-06
7.311653042e-06
6.209282588e-06
5.301686087e-06
4.423010177e-06
3.550952394e-06
2.668148659e-06
1.86370167e-06
1.367248558e-06
1.124831324e-06
9.798391485e-07
8.703943995e-07
7.76590893e-07
6.916956862e-07
6.132171257e-07
5.405694727e-07
4.735846607e-07
4.121718208e-07
3.562646099e-07
3.057495952e-07
2.603866225e-07
2.19888932e-07
1.83957019e-07
1.522880458e-07
1.245907873e-07
1.005893543e-07
8.002113073e-08
6.263587859e-08
4.818608175e-08
3.641304452e-08
2.704195455e-08
1.977234965e-08
1.427502433e-08
1.022392181e-08
7.308602441e-09
5.253183006e-09
3.828170009e-09
2.849800499e-09
2.176844379e-09
1.703415555e-09
1.356122202e-09
1.087777196e-09
8.696858462e-10
6.859973562e-10
5.294346941e-10
3.977444402e-10
2.906887816e-10
2.075629787e-10
1.458203273e-10
1.014100561e-10
7.000567597e-11
4.785551153e-11
3.198935952e-11
2.008430164e-11
1.066734649e-11
0.007679679724
0.002048118207
0.0005194280063
0.0001265100941
3.109442225e-05
1.122973748e-05
7.333783408e-06
6.012232665e-06
5.094282141e-06
4.249907153e-06
3.43436362e-06
2.638072356e-06
1.85962963e-06
1.23496266e-06
9.181170923e-07
7.653891176e-07
6.681303494e-07
5.91550695e-07
5.246079154e-07
4.635788617e-07
4.072674908e-07
3.553770794e-07
3.07867425e-07
2.647257897e-07
2.258672685e-07
1.910916576e-07
1.603169383e-07
1.332906102e-07
1.097739284e-07
8.952265573e-08
7.2293163e-08
5.779145085e-08
4.571638866e-08
3.577440279e-08
2.768594479e-08
2.119324027e-08
1.606135891e-08
1.207428912e-08
9.034666421e-09
6.761551758e-09
5.092334125e-09
3.88546375e-09
3.019719395e-09
2.396429793e-09
1.939870054e-09
1.593133803e-09
1.316098233e-09
1.08342946e-09
8.807890743e-10
7.015316003e-10
5.441116125e-10
4.097302065e-10
3.000126592e-10
2.149229709e-10
1.518836049e-10
1.065775014e-10
7.437690534e-11
5.118214941e-11
3.365033337e-11
1.945846041e-11
0.00898005548
0.002552672008
0.0006912724981
0.0001800011449
4.605046296e-05
1.419773979e-05
7.726468e-06
5.947711234e-06
4.957553698e-06
4.133307172e-06
3.371333053e-06
2.645789224e-06
1.94263998e-06
1.294243302e-06
8.627621086e-07
6.644200374e-07
5.597368435e-07
4.869577474e-07
4.268685188e-07
3.733852409e-07
3.246679279e-07
2.80171201e-07
2.397573099e-07
2.033798355e-07
1.70963463e-07
1.42358785e-07
1.17369478e-07
9.579439239e-08
7.742382359e-08
6.200707594e-08
4.925109798e-08
3.890953218e-08
3.063111943e-08
2.407123862e-08
1.890566585e-08
1.484570063e-08
1.165232568e-08
9.145836501e-09
7.190185949e-09
5.677938745e-09
4.520294258e-09
3.642255876e-09
2.978735568e-09
2.473590298e-09
2.080926556e-09
1.765527494e-09
1.501214171e-09
1.269696348e-09
1.060263449e-09
8.682972274e-10
6.934318191e-10
5.380102899e-10
4.05353188e-10
2.977494465e-10
2.14869745e-10
1.536441329e-10
1.094630335e-10
7.739128648e-11
5.297931369e-11
3.293801172e-11
0.01010194131
0.003049160119
0.0008794722069
0.0002445776577
6.627735159e-05
1.919167491e-05
8.581542111e-06
6.007898275e-06
4.884561367e-06
4.065903022e-06
3.350952917e-06
2.691135793e-06
2.06487666e-06
1.455320327e-06
9.391284823e-07
6.565195981e-07
5.218236756e-07
4.411866905e-07
3.808257175e-07
3.293933207e-07
2.83333522e-07
2.416066163e-07
2.03968286e-07
1.703552066e-07
1.406971901e-07
1.148538935e-07
9.258593596e-08
7.366810324e-08
5.789603651e-08
4.500513055e-08
3.469666682e-08
2.665165069e-08
2.051962178e-08
1.592923201e-08
1.2512605e-08
9.971070753e-09
8.053018392e-09
6.5805994e-09
5.435125041e-09
4.535602339e-09
3.824267603e-09
3.259147799e-09
2.806948916e-09
2.439547821e-09
2.13321391e-09
1.868987547e-09
1.632884926e-09
1.415168499e-09
1.209861405e-09
1.014880708e-09
8.314028658e-10
6.628525491e-10
5.13700579e-10
3.878467882e-10
2.869766141e-10
2.09828945e-10
1.527712003e-10
1.108017192e-10
7.864597464e-11
5.196038976e-11
0.0110044511
0.003509369754
0.001073086996
0.000317297763
9.125434715e-05
2.654587118e-05
1.006098548e-05
6.188777329e-06
4.843270831e-06
4.016140781e-06
3.344579981e-06
2.74226765e-06
2.178441226e-06
1.636317534e-06
1.118572832e-06
7.315392439e-07
5.37947664e-07
4.36933115e-07
3.697326875e-07
3.163457496e-07
2.699810454e-07
2.285140849e-07
1.913115922e-07
1.581832957e-07
1.290429599e-07
1.037810084e-07
8.222146364e-08
6.411453161e-08
4.9177304e-08
3.714622666e-08
2.77163468e-08
2.053776176e-08
1.524983112e-08
1.147519645e-08
8.842363126e-09
7.022043879e-09
5.751811884e-09
4.842610927e-09
4.166837164e-09
3.6478215e-09
3.233660881e-09
2.892858193e-09
2.604592008e-09
2.353095806e-09
2.126178293e-09
1.914619101e-09
1.7119193e-09
1.514387072e-09
1.320448105e-09
1.13035488e-09
9.464882161e-10
7.730174918e-10
6.150194718e-10
4.772558874e-10
3.62768763e-10
2.719666295e-10
2.026752617e-10
1.50672431e-10
1.105422128e-10
7.688369193e-11
0.01169896855
0.003929024061
0.001269147145
0.0003973219222
0.0001209541737
3.642939214e-05
1.247144325e-05
6.557598763e-06
4.820728369e-06
3.960117928e-06
3.331931762e-06
2.789260751e-06
2.28679198e-06
1.805565134e-06
1.329375711e-06
8.89501139e-07
6.068263957e-07
4.653937619e-07
3.831785944e-07
3.240045003e-07
2.750365008e-07
2.320453028e-07
1.937257208e-07
1.596885565e-07
1.297779853e-07
1.038496995e-07
8.171552735e-08
6.314335385e-08
4.786198201e-08
3.55901777e-08
2.602602306e-08
1.879996038e-08
1.352019271e-08
9.80772696e-09
7.293174193e-09
5.639855852e-09
4.569366508e-09
3.872742866e-09
3.405449826e-09
3.074273733e-09
2.821772329e-09
2.613668041e-09
2.429942921e-09
2.258610136e-09
2.091141524e-09
1.922461069e-09
1.750020963e-09
1.573077899e-09
1.392916108e-09
1.211957121e-09
1.033447593e-09
8.617209626e-10
7.019136833e-10
5.58957443e-10
4.364703382e-10
3.359607109e-10
2.566419047e-10
1.955643045e-10
1.479543987e-10
1.075949005e-10
0.01217219353
0.00429532353
0.001456022305
0.0004792504343
0.0001535451801
4.824287149e-05
1.589992777e-05
7.175444891e-06
4.817344704e-06
3.878609959e-06
3.289616059e-06
2.808990682e-06
2.367856662e-06
1.944359565e-06
1.528433519e-06
1.108478156e-06
7.424775855e-07
5.297444796e-07
4.176668757e-07
3.466239078e-07
2.924715296e-07
2.465052058e-07
2.059783648e-07
1.700439053e-07
1.384178975e-07
1.109431479e-07
8.744402605e-08
6.768778065e-08
5.137788862e-08
3.817048471e-08
2.776860284e-08
1.986330686e-08
1.40618293e-08
9.956135289e-09
7.1635703e-09
5.338556255e-09
4.186194133e-09
3.474817157e-09
3.036710631e-09
2.758687161e-09
2.568676431e-09
2.422931319e-09
2.295821119e-09
2.172729626e-09
2.045325213e-09
1.908654307e-09
1.761283983e-09
1.603311942e-09
1.437003627e-09
1.266363991e-09
1.095914389e-09
9.299221778e-10
7.730619938e-10
6.300124234e-10
5.044739075e-10
3.984784834e-10
3.12201123e-10
2.439249185e-10
1.899614474e-10
1.438754336e-10
0.01229990213
0.004554558915
0.001618334042
0.0005587287098
0.0001877349715
6.159545568e-05
2.03739929e-05
8.169692543e-06
4.878179589e-06
3.780735313e-06
3.214522052e-06
2.79497092e-06
2.416890688e-06
2.050310052e-06
1.686023235e-06
1.316524322e-06
9.421834763e-07
6.412084649e-07
4.754952855e-07
3.827046796e-07
3.192986518e-07
2.686615782e-07
2.249854293e-07
1.864401599e-07
1.524611524e-07
1.228211859e-07
9.733957071e-08
7.579335545e-08
5.790531872e-08
4.334845765e-08
3.176035122e-08
2.279751304e-08
1.610621138e-08
1.129372343e-08
7.964934776e-09
5.753038657e-09
4.340579509e-09
3.470163805e-09
2.947189508e-09
2.634322565e-09
2.440317659e-09
2.307613291e-09
2.201492947e-09
2.101885094e-09
1.997695727e-09
1.883206073e-09
1.755979468e-09
1.615771977e-09
1.46434897e-09
1.305205526e-09
1.143813539e-09
9.850035235e-10
8.333484428e-10
6.931080162e-10
5.67805507e-10
4.595619764e-10
3.69135026e-10
2.95757019e-10
2.368558961e-10
1.865302674e-10
0.01201958997
0.004651641652
0.001724126794
0.0006208152604
0.0002177594631
7.451140542e-05
2.525086678e-05
9.468671821e-06
5.003284683e-06
3.665340449e-06
3.102972441e-06
2.742021468e-06
2.429244919e-06
2.122558257e-06
1.811836267e-06
1.49166067e-06
1.150282514e-06
8.066197809e-07
5.643770644e-07
4.335931309e-07
3.544981413e-07
2.967426278e-07
2.488885173e-07
2.071563333e-07
1.703698011e-07
1.381424552e-07
1.102690405e-07
8.653762375e-08
6.668284517e-08
5.038804919e-08
3.72927599e-08
2.702444286e-08
1.921990394e-08
1.349119487e-08
9.438265859e-09
6.681933324e-09
4.881080159e-09
3.749177255e-09
3.061451816e-09
2.652918768e-09
2.409522729e-09
2.256527934e-09
2.147270623e-09
2.053932988e-09
1.960761098e-09
1.859454564e-09
1.746352817e-09
1.620675187e-09
1.483524058e-09
1.33761389e-09
1.187014499e-09
1.036550283e-09
8.911657212e-10
7.551227958e-10
6.316994895e-10
5.232013202e-10
4.307366425e-10
3.541839617e-10
2.918235968e-10
2.404055165e-10
0.01132707645
0.00456168897
0.001760350198
0.0006604856199
0.0002413898628
8.602184682e-05
3.012472e-05
1.103248771e-05
5.233145624e-06
3.55584199e-06
2.965504625e-06
2.652183627e-06
2.402150271e-06
2.155440844e-06
1.898104265e-06
1.626463092e-06
1.335150266e-06
1.012433424e-06
7.031906562e-07
5.082761897e-07
4.00407723e-07
3.304952288e-07
2.767533343e-07
2.311648892e-07
1.912153555e-07
1.561198537e-07
1.255807052e-07
9.938512682e-08
7.728589581e-08
5.898035641e-08
4.412039656e-08
3.232349449e-08
2.320754667e-08
1.639020407e-08
1.146590479e-08
8.037038498e-09
5.740855134e-09
4.261969785e-09
3.343851915e-09
2.790944025e-09
2.463021259e-09
2.264926789e-09
2.135243838e-09
2.036184935e-09
1.945661217e-09
1.8515879e-09
1.748098044e-09
1.633325116e-09
1.507897643e-09
1.373807772e-09
1.234154447e-09
1.092914339e-09
9.545123539e-10
8.23302614e-10
7.028027257e-10
5.954571267e-10
5.028194903e-10
4.254280952e-10
3.632113869e-10
3.17018159e-10
0.01029387587
0.004291620148
0.001719545204
0.0006705511728
0.0002547569428
9.441544231e-05
3.427400149e-05
1.261661788e-05
5.534696233e-06
3.452795121e-06
2.803265488e-06
2.527067949e-06
2.335904486e-06
2.148763744e-06
1.945629872e-06
1.72243946e-06
1.476068969e-06
1.199978597e-06
8.920031978e-07
6.217916067e-07
4.633085734e-07
3.719340664e-07
3.087560968e-07
2.581288132e-07
2.145699853e-07
1.763577551e-07
1.429445442e-07
1.14073936e-07
8.95128464e-08
6.897978167e-08
5.214101613e-08
3.862036501e-08
2.802170279e-08
1.995453309e-08
1.401691542e-08
9.795894132e-09
6.903536064e-09
4.996522349e-09
3.785711418e-09
3.042836994e-09
2.598466708e-09
2.333757507e-09
2.169569348e-09
2.055727658e-09
1.961991814e-09
1.871209211e-09
1.774500309e-09
1.668228704e-09
1.552047345e-09
1.427489859e-09
1.297184311e-09
1.164488077e-09
1.033169862e-09
9.070974983e-10
7.89981468e-10
6.849458216e-10
5.944559651e-10
5.209534048e-10
4.650401475e-10
4.30337508e-10
0.009032312244
0.003888029814
0.001615888931
0.0006542477646
0.000258284363
9.946891491e-05
3.746851673e-05
1.40862439e-05
5.90358148e-06
3.376969175e-06
2.630264751e-06
2.374614289e-06
2.234829641e-06
2.105071012e-06
1.956684926e-06
1.783663863e-06
1.583703815e-06
1.352043737e-06
1.079029491e-06
7.792746366e-07
5.513402571e-07
4.237912557e-07
3.455541003e-07
2.879954495e-07
2.401978567e-07
1.986175537e-07
1.621650122e-07
1.304609326e-07
1.032680897e-07
8.032838667e-08
6.132842267e-08
4.59073939e-08
3.366544202e-08
2.420048858e-08
1.710927841e-08
1.197344238e-08
8.382791103e-09
5.963696085e-09
4.394950786e-09
3.414295003e-09
2.820382872e-09
2.467400931e-09
2.255299001e-09
2.118809094e-09
2.017444598e-09
1.927460719e-09
1.835987346e-09
1.737046117e-09
1.628914039e-09
1.512403787e-09
1.389710199e-09
1.263912882e-09
1.138678351e-09
1.017845388e-09
9.052795922e-10
8.049835564e-10
7.218525544e-10
6.587297668e-10
6.172090262e-10
5.958533168e-10
0.007668185489
0.003406352133
0.001466585921
0.0006154923381
0.0002520440208
0.0001007284481
3.938352015e-05
1.524831768e-05
6.283640577e-06
3.331317042e-06
2.457639267e-06
2.202116823e-06
2.104064654e-06
2.027311856e-06
1.932345961e-06
1.809403915e-06
1.655801091e-06
1.46849339e-06
1.241480426e-06
9.640043276e-07
6.797079512e-07
4.942307982e-07
3.897654435e-07
3.211288798e-07
2.6790299e-07
2.226436923e-07
1.83054609e-07
1.484304284e-07
1.184926394e-07
9.300881909e-08
7.169616454e-08
5.421418589e-08
4.017519512e-08
2.916953549e-08
2.078876484e-08
1.461128273e-08
1.021150992e-08
7.189306973e-09
5.190619627e-09
3.918648837e-09
3.137867592e-09
2.672288305e-09
2.397598108e-09
2.230426385e-09
2.1175961e-09
2.026984297e-09
1.940464761e-09
1.848900435e-09
1.748783922e-09
1.640001626e-09
1.524358894e-09
1.404855792e-09
1.285391489e-09
1.170417225e-09
1.064981087e-09
9.758323244e-10
9.076369748e-10
8.623226625e-10
8.377277335e-10
8.257775724e-10
0.006300414039
0.002890524676
0.00128857006
0.0005602951521
0.0002379086529
9.864491663e-05
3.999276675e-05
1.598613259e-05
6.604851508e-06
3.303251268e-06
2.290437256e-06
2.016945432e-06
1.949709241e-06
1.919959777e-06
1.875661757e-06
1.801738296e-06
1.693978177e-06
1.549681213e-06
1.364549924e-06
1.131840269e-06
8.516726797e-07
5.982348676e-07
4.479106689e-07
3.599847055e-07
2.983183158e-07
2.484824515e-07
2.055317522e-07
1.679293203e-07
1.351854978e-07
1.07057841e-07
8.330218852e-08
6.361277197e-08
4.762502459e-08
3.493380802e-08
2.512407136e-08
1.777064512e-08
1.243922753e-08
8.710823784e-09
6.200828442e-09
4.575822309e-09
3.564047255e-09
2.95662814e-09
2.601637534e-09
2.394294334e-09
2.265933526e-09
2.173855974e-09
2.093105109e-09
2.010367521e-09
1.919754338e-09
1.819926527e-09
1.712321898e-09
1.600239112e-09
1.488396268e-09
1.382769352e-09
1.291967898e-09
1.222022689e-09
1.175118723e-09
1.148544616e-09
1.134613948e-09
1.127241214e-09
0.005000208448
0.002371697374
0.001094556472
0.0004928675715
0.000216774459
9.314657335e-05
3.914230323e-05
1.61896551e-05
6.798043461e-06
3.275257008e-06
2.132631631e-06
1.827591478e-06
1.779404323e-06
1.789335019e-06
1.7917149e-06
1.765037408e-06
1.702671607e-06
1.60178235e-06
1.459112272e-06
1.269117958e-06
1.023488802e-06
7.421384515e-07
5.278272548e-07
4.07362734e-07
3.323890534e-07
2.764516843e-07
2.296746622e-07
1.889592924e-07
1.533541288e-07
1.225183784e-07
9.622129201e-08
7.419598333e-08
5.611202458e-08
4.158200173e-08
3.019013264e-08
2.151648311e-08
1.512561229e-08
1.05788871e-08
7.46373747e-09
5.412552893e-09
4.116503693e-09
3.331042558e-09
2.873199952e-09
2.613281009e-09
2.463982749e-09
2.369486915e-09
2.296107278e-09
2.225062698e-09
2.147242742e-09
2.059730864e-09
1.96362032e-09
1.86286324e-09
1.763818705e-09
1.676894777e-09
1.609351203e-09
1.563409031e-09
1.535792879e-09
1.519413557e-09
1.509177412e-09
1.503596996e-09
0.003815824401
0.001872910098
0.000894930792
0.0004172312169
0.0001900166089
8.457886172e-05
3.681171609e-05
1.573264776e-05
6.754712297e-06
3.19733196e-06
1.972446073e-06
1.637002938e-06
1.599659736e-06
1.64195931e-06
1.686079227e-06
1.703635071e-06
1.684912576e-06
1.62621176e-06
1.524737022e-06
1.376397888e-06
1.174957836e-06
9.128401353e-07
6.432053552e-07
4.705846814e-07
3.726768784e-07
3.071167553e-07
2.555567484e-07
2.11507131e-07
1.729918434e-07
1.39408552e-07
1.104989372e-07
8.602960612e-08
6.571198648e-08
4.919373419e-08
3.607439815e-08
2.593707539e-08
1.834752583e-08
1.285652752e-08
9.028587904e-09
6.464649963e-09
4.819119203e-09
3.809883581e-09
3.219661758e-09
2.890132505e-09
2.711850469e-09
2.612925888e-09
2.548667524e-09
2.493242553e-09
2.433382582e-09
2.364114084e-09
2.286145355e-09
2.204506514e-09
2.130145496e-09
2.071150376e-09
2.030212459e-09
2.003164849e-09
1.984079086e-09
1.969795081e-09
1.960075991e-09
1.955331898e-09
0.002788652268
0.001416994771
0.000701068674
0.0003383667059
0.0001595003675
7.347650501e-05
3.310369771e-05
1.463449643e-05
6.455381976e-06
3.049574562e-06
1.805388381e-06
1.449071432e-06
1.417548359e-06
1.485197702e-06
1.565112091e-06
1.622783838e-06
1.644946828e-06
1.626459488e-06
1.564393977e-06
1.455218749e-06
1.293675551e-06
1.073387721e-06
8.01322692e-07
5.630349132e-07
4.247299681e-07
3.426873729e-07
2.839506968e-07
2.358549788e-07
1.94241045e-07
1.57840256e-07
1.262464102e-07
9.923362124e-08
7.655599947e-08
5.790330618e-08
4.290215232e-08
3.11431795e-08
2.219991395e-08
1.562247084e-08
1.095758304e-08
7.778354175e-09
5.703735254e-09
4.412952426e-09
3.651499054e-09
3.228725268e-09
3.009211607e-09
2.90149771e-09
2.847331424e-09
2.811985021e-09
2.776815997e-09
2.73421039e-09
2.684466889e-09
2.636396752e-09
2.597022884e-09
2.569058926e-09
2.548261263e-09
2.52840113e-09
2.509628936e-09
2.494372938e-09
2.484421576e-09
2.480324919e-09
0.001952247085
0.001026177283
0.0005252911189
0.0002622630839
0.0001278579325
6.090952454e-05
2.837898368e-05
1.296319092e-05
5.882053047e-06
2.806080546e-06
1.620687536e-06
1.264746164e-06
1.238690415e-06
1.325925993e-06
1.435376961e-06
1.528331753e-06
1.587872418e-06
1.607181316e-06
1.582886399e-06
1.511945809e-06
1.390068235e-06
1.211185014e-06
9.679951595e-07
6.928321007e-07
4.955482093e-07
3.855811416e-07
3.155605457e-07
2.622283286e-07
2.171906005e-07
1.778942462e-07
1.435699345e-07
1.139377025e-07
8.878578133e-08
6.785248678e-08
5.080662995e-08
3.725982229e-08
2.679584793e-08
1.897253927e-08
1.33282663e-08
9.412983082e-09
6.812669102e-09
5.167816786e-09
4.18439892e-09
3.635916855e-09
3.356649862e-09
3.231929579e-09
3.186951451e-09
3.175874444e-09
3.173235297e-09
3.167995575e-09
3.162329085e-09
3.159496644e-09
3.159490875e-09
3.157482376e-09
3.145289845e-09
3.124815777e-09
3.104226873e-09
3.08785789e-09
3.07766084e-09
3.073975077e-09
0.001304136903
0.0007094441181
0.0003757090348
0.0001939852655
9.776402093e-05
4.813292848e-05
2.317300946e-05
1.093782248e-05
5.115649584e-06
2.482473116e-06
1.419295175e-06
1.086858784e-06
1.068652878e-06
1.17070411e-06
1.303565035e-06
1.426273195e-06
1.518835559e-06
1.572652271e-06
1.583521938e-06
1.54837415e-06
1.463408614e-06
1.32330693e-06
1.121663701e-06
8.567984829e-07
5.991074151e-07
4.424278037e-07
3.528439837e-07
2.912962205e-07
2.420147837e-07
1.996368456e-07
1.625397312e-07
1.302402136e-07
1.025246427e-07
7.918088055e-08
5.993047826e-08
4.442382633e-08
3.22622477e-08
2.301854668e-08
1.623445402e-08
1.144296817e-08
8.201264949e-09
6.112406069e-09
4.841788528e-09
4.123579544e-09
3.757570126e-09
3.601893088e-09
3.561785466e-09
3.577720489e-09
3.615802573e-09
3.663175251e-09
3.714258904e-09
3.763292054e-09
3.801905848e-09
3.816737924e-09
3.805828156e-09
3.783022274e-09
3.760968102e-09
3.743983697e-09
3.733300845e-09
3.729910122e-09
0.000830962849
0.0004680465263
0.0002564606091
0.0001369149134
7.130734872e-05
3.6266253e-05
1.803181257e-05
8.787868769e-06
4.23874009e-06
2.10552492e-06
1.208049146e-06
9.188529352e-07
9.120743554e-07
1.025127056e-06
1.175565929e-06
1.322043635e-06
1.442833544e-06
1.527335477e-06
1.570319545e-06
1.568365908e-06
1.51788183e-06
1.413954114e-06
1.250268876e-06
1.021357574e-06
7.465063779e-07
5.247548393e-07
4.002177697e-07
3.247485844e-07
2.693401652e-07
2.233105137e-07
1.832852701e-07
1.482527711e-07
1.178951009e-07
9.202476303e-08
7.041711158e-08
5.277614397e-08
3.873636646e-08
2.788823454e-08
1.978658174e-08
1.395930292e-08
9.94022765e-09
7.298015022e-09
5.657711682e-09
4.71142817e-09
4.220652385e-09
4.01211181e-09
3.967170916e-09
4.009692945e-09
4.097634568e-09
4.207299109e-09
4.322404102e-09
4.428003519e-09
4.503303966e-09
4.531567053e-09
4.521828334e-09
4.49693698e-09
4.472500145e-09
4.454056884e-09
4.443132327e-09
4.440018051e-09
0.0005066832275
0.0002954356694
0.0001674427216
9.23959303e-05
4.970758059e-05
2.610198036e-05
1.339552264e-05
6.737210583e-06
3.352756047e-06
1.711863454e-06
9.972652849e-07
7.641288372e-07
7.720628508e-07
8.932246705e-07
1.055988759e-06
1.22057419e-06
1.364555919e-06
1.475579075e-06
1.547331036e-06
1.575852657e-06
1.557581189e-06
1.48815137e-06
1.361952202e-06
1.172687361e-06
9.153928099e-07
6.422916206e-07
4.640041401e-07
3.649438198e-07
2.999171954e-07
2.492068841e-07
2.059520646e-07
1.68086954e-07
1.350117444e-07
1.065119396e-07
8.240924987e-08
6.246551463e-08
4.636365599e-08
3.372121215e-08
2.411218513e-08
1.707160458e-08
1.211856226e-08
8.792556597e-09
6.680249249e-09
5.430423136e-09
4.763007955e-09
4.469077536e-09
4.401859308e-09
4.466810275e-09
4.604521756e-09
4.777338612e-09
4.95948083e-09
5.126044135e-09
5.243802991e-09
5.292548818e-09
5.288033268e-09
5.260046409e-09
5.230050913e-09
5.207710309e-09
5.196640569e-09
5.193891373e-09
0.0002962341818
0.0001787973671
0.0001047950366
5.975084364e-05
3.319186482e-05
1.798785743e-05
9.524309307e-06
4.942200593e-06
2.538372909e-06
1.337427673e-06
7.999251707e-07
6.263945646e-07
6.505203884e-07
7.774033348e-07
9.480075739e-07
1.125621373e-06
1.287905364e-06
1.421192665e-06
1.518130864e-06
1.574074518e-06
1.585214753e-06
1.547329028e-06
1.455041793e-06
1.301879672e-06
1.081863237e-06
8.041505528e-07
5.590382843e-07
4.180706328e-07
3.360957875e-07
2.781063752e-07
2.308184676e-07
1.898826973e-07
1.53993538e-07
1.227740175e-07
9.605493037e-08
7.365182021e-08
5.530550463e-08
4.067597161e-08
2.936096398e-08
2.091244087e-08
1.484821763e-08
1.068577967e-08
7.976919437e-09
6.327869582e-09
5.41482399e-09
4.989115338e-09
4.87256129e-09
4.942363925e-09
5.1181826e-09
5.348412004e-09
5.596598506e-09
5.830336217e-09
6.005422895e-09
6.088690465e-09
6.094330698e-09
6.061742931e-09
6.022391331e-09
5.994742254e-09
5.982636205e-09
5.980054839e-09
0.0001663270108
0.0001039226534
6.29822018e-05
3.709750717e-05
2.127293847e-05
1.189407034e-05
6.495626367e-06
3.477288985e-06
1.844704249e-06
1.006462281e-06
6.248271544e-07
5.081876616e-07
5.481320864e-07
6.787503534e-07
8.535221457e-07
1.039772702e-06
1.215888674e-06
1.367360546e-06
1.485922137e-06
1.566203078e-06
1.604017647e-06
1.595146713e-06
1.53453009e-06
1.415919561e-06
1.232541367e-06
9.806624496e-07
6.979742128e-07
4.936678105e-07
3.814908755e-07
3.114226075e-07
2.585311915e-07
2.139803324e-07
1.75059221e-07
1.409889539e-07
1.115308451e-07
8.652117815e-08
6.575280539e-08
4.893794077e-08
3.571105465e-08
2.564646353e-08
1.827277997e-08
1.309751947e-08
9.643105889e-09
7.47577598e-09
6.227301475e-09
5.606711533e-09
5.393560991e-09
5.433813729e-09
5.625225852e-09
5.900163956e-09
6.212292885e-09
6.52221542e-09
6.77098657e-09
6.901998234e-09
6.922499634e-09
6.883207387e-09
6.834722083e-09
6.803551706e-09
6.790537954e-09
6.787890918e-09
9.00128821e-05
5.818731795e-05
3.644728704e-05
2.216879277e-05
1.311796142e-05
7.564737498e-06
4.260325501e-06
2.353294747e-06
1.291229955e-06
7.330220395e-07
4.778255765e-07
4.102626551e-07
4.644092594e-07
5.97163396e-07
7.73322081e-07
9.6465097e-07
1.150649028e-06
1.31658858e-06
1.453381052e-06
1.554977303e-06
1.616751076e-06
1.634361602e-06
1.602944111e-06
1.516648066e-06
1.368862396e-06
1.153789196e-06
8.735349997e-07
6.043279277e-07
4.426116171e-07
3.517155679e-07
2.90005322e-07
2.408024557e-07
1.984888195e-07
1.614029817e-07
1.290731896e-07
1.013086557e-07
7.794260027e-08
5.874126773e-08
4.338627785e-08
3.148448392e-08
2.258424811e-08
1.619491427e-08
1.181899387e-08
8.987710324e-09
7.290244391e-09
6.380803578e-09
5.997198621e-09
5.953976364e-09
6.123808168e-09
6.421484476e-09
6.788707193e-09
7.176351982e-09
7.510125197e-09
7.70436989e-09
7.74847247e-09
7.706435172e-09
7.653974501e-09
7.621533829e-09
7.608401134e-09
7.605998616e-09
4.720933722e-05
3.152752978e-05
2.038836866e-05
1.279533317e-05
7.808170228e-06
4.642099489e-06
2.695624763e-06
1.537200823e-06
8.743575903e-07
5.199062495e-07
3.608870381e-07
3.325260778e-07
3.981324025e-07
5.316135725e-07
7.071992937e-07
9.008589948e-07
1.093555415e-06
1.270719433e-06
1.42264678e-06
1.54269098e-06
1.625772844e-06
1.667340348e-06
1.662575765e-06
1.605850002e-06
1.49051829e-06
1.309756459e-06
1.059929154e-06
7.662738477e-07
5.333899683e-07
4.043640742e-07
3.273203129e-07
2.712221578e-07
2.247699384e-07
1.843697284e-07
1.489826281e-07
1.183055497e-07
9.216781416e-08
7.037996469e-08
5.267585415e-08
3.870510249e-08
2.804491663e-08
2.021742012e-08
1.471735296e-08
1.105038531e-08
8.746198051e-09
7.413228692e-09
6.752701558e-09
6.544987095e-09
6.63504726e-09
6.915971278e-09
7.311381487e-09
7.759750693e-09
8.179252328e-09
8.455909354e-09
8.543605168e-09
8.516796411e-09
8.469561675e-09
8.438788486e-09
8.425961517e-09
8.423741093e-09
2.41347601e-05
1.661578771e-05
1.107559266e-05
7.163004487e-06
4.50372829e-06
2.7588369e-06
1.651738951e-06
9.734440668e-07
5.761768921e-07
3.623046954e-07
2.723238202e-07
2.732766787e-07
3.475281746e-07
4.806439814e-07
6.542793297e-07
8.483626439e-07
1.045339505e-06
1.231043322e-06
1.395395662e-06
1.531275127e-06
1.633191591e-06
1.696361477e-06
1.715965521e-06
1.686605818e-06
1.602016678e-06
1.455334072e-06
1.240705423e-06
9.578189065e-07
6.66866274e-07
4.778308342e-07
3.739801329e-07
3.067155004e-07
2.546522709e-07
2.103843905e-07
1.716815329e-07
1.37904809e-07
1.088148978e-07
8.424314776e-08
6.39708438e-08
4.769435148e-08
3.502837141e-08
2.552133947e-08
1.86771075e-08
1.394618596e-08
1.082089013e-08
8.880909463e-09
7.791952467e-09
7.299836719e-09
7.21857987e-09
7.413188745e-09
7.784159087e-09
8.25375622e-09
8.738170059e-09
9.109139999e-09
9.274447572e-09
9.294540752e-09
9.268432214e-09
9.244403445e-09
9.232442314e-09
9.230036131e-09
1.208954019e-05
8.559604093e-06
5.869742768e-06
3.906197818e-06
2.527727318e-06
1.594429206e-06
9.844377521e-07
6.008360623e-07
3.724116448e-07
2.51193342e-07
2.084685746e-07
2.302334853e-07
3.105341289e-07
4.426322636e-07
6.136823096e-07
8.068917625e-07
1.00628194e-06
1.198331119e-06
1.372792735e-06
1.522192549e-06
1.640686408e-06
1.723255592e-06
1.765023354e-06
1.760720943e-06
1.704328836e-06
1.589008049e-06
1.407918731e-06
1.15707951e-06
8.51634045e-07
5.87626849e-07
4.366381014e-07
3.499506647e-07
2.893293224e-07
2.40178418e-07
1.977272652e-07
1.605861062e-07
1.283533256e-07
1.008175968e-07
7.778477023e-08
5.898857796e-08
4.408827476e-08
3.26753424e-08
2.420259851e-08
1.810627853e-08
1.387998942e-08
1.10836804e-08
9.352283131e-09
8.398771391e-09
8.003171044e-09
7.998088969e-09
8.256585755e-09
8.67940706e-09
9.175172094e-09
9.623461342e-09
9.898348971e-09
1.000600735e-08
1.002909386e-08
1.002398665e-08
1.001549731e-08
1.001297496e-08
5.960423418e-06
4.329536237e-06
3.048303556e-06
2.084073158e-06
1.386466317e-06
9.002037873e-07
5.737747037e-07
3.641982669e-07
2.390374925e-07
1.764150436e-07
1.647666936e-07
2.007548002e-07
2.851505816e-07
4.159208648e-07
5.840653364e-07
7.757107101e-07
9.763746496e-07
1.173126594e-06
1.35578935e-06
1.516687404e-06
1.649712852e-06
1.749643207e-06
1.811526802e-06
1.830175393e-06
1.799785068e-06
1.713739798e-06
1.564833941e-06
1.346997876e-06
1.061412126e-06
7.523217306e-07
5.286483579e-07
4.061912679e-07
3.309661473e-07
2.748865655e-07
2.279589712e-07
1.871179868e-07
1.514835338e-07
1.207799637e-07
9.480590682e-08
7.33193111e-08
5.601751936e-08
4.241881853e-08
3.197652039e-08
2.416516636e-08
1.849099707e-08
1.450899818e-08
1.183949792e-08
1.016886837e-08
9.243061839e-09
8.860276168e-09
8.862646489e-09
9.125383904e-09
9.54194274e-09
1.000050178e-08
1.037475705e-08
1.060368454e-08
1.071597125e-08
1.075687274e-08
1.076195012e-08
1.07611645e-08
2.903200529e-06
2.158723085e-06
1.557574504e-06
1.092427285e-06
7.465426388e-07
4.991114749e-07
3.293499586e-07
2.192207601e-07
1.551023751e-07
1.28484134e-07
1.367343164e-07
1.822809324e-07
2.694594781e-07
3.98944011e-07
5.644106713e-07
7.54248421e-07
9.553670005e-07
1.155626813e-06
1.344990436e-06
1.515701359e-06
1.661480377e-06
1.77695382e-06
1.857109773e-06
1.896830274e-06
1.890525044e-06
1.831907153e-06
1.714051388e-06
1.530310842e-06
1.277148693e-06
9.62014698e-07
6.651835491e-07
4.843151638e-07
3.833358974e-07
3.161804003e-07
2.634334945e-07
2.184573344e-07
1.792577099e-07
1.452369259e-07
1.161477211e-07
9.181441715e-08
7.183696011e-08
5.570340475e-08
4.291778133e-08
3.299344852e-08
2.546040761e-08
1.988789134e-08
1.589699454e-08
1.315912704e-08
1.139283998e-08
1.036359092e-08
9.883573166e-09
9.801564198e-09
9.991885959e-09
1.033758722e-08
1.072177142e-08
1.105184929e-08
1.128331068e-08
1.141039767e-08
1.145487771e-08
1.146390975e-08
1.401585075e-06
1.064790024e-06
7.860759843e-07
5.64999305e-07
3.966137967e-07
2.736065251e-07
1.881500125e-07
1.333637159e-07
1.04487549e-07
9.956528947e-08
1.205316511e-07
1.726886806e-07
2.62030362e-07
3.906227626e-07
5.538347534e-07
7.418592929e-07
9.430418317e-07
1.145958205e-06
1.340791633e-06
1.519890456e-06
1.676883719e-06
1.806293694e-06
1.903063798e-06
1.962133007e-06
1.978085776e-06
1.944904996e-06
1.855894529e-06
1.703993578e-06
1.483398279e-06
1.194040125e-06
8.654607313e-07
6.027418988e-07
4.546329857e-07
3.676933699e-07
3.060546074e-07
2.559795345e-07
2.12934263e-07
1.755214923e-07
1.433515398e-07
1.159941914e-07
9.298345586e-08
7.390800722e-08
5.83363897e-08
4.582439692e-08
3.594097651e-08
2.828539157e-08
2.249193919e-08
1.822796919e-08
1.519499812e-08
1.313453255e-08
1.183283537e-08
1.111601665e-08
1.083846631e-08
1.087075722e-08
1.109212169e-08
1.139840589e-08
1.170623854e-08
1.19411714e-08
1.206230323e-08
1.21016251e-08
6.726647482e-07
5.213456077e-07
3.933992721e-07
2.897432687e-07
2.09300725e-07
1.498478642e-07
1.088619402e-07
8.432815359e-08
7.557171438e-08
8.377506934e-08
1.131197092e-07
1.701854679e-07
2.615154813e-07
3.897487435e-07
5.51371571e-07
7.379477233e-07
9.389781701e-07
1.143965569e-06
1.343442456e-06
1.529806241e-06
1.69671677e-06
1.838659825e-06
1.950565562e-06
2.027430735e-06
2.063993367e-06
2.054483869e-06
1.992493307e-06
1.871076137e-06
1.683496007e-06
1.426129041e-06
1.106332369e-06
7.829030421e-07
5.600384369e-07
4.365777707e-07
3.595258635e-07
3.020525263e-07
2.54441617e-07
2.13647352e-07
1.783272749e-07
1.47719681e-07
1.213777187e-07
9.894522234e-08
8.00806288e-08
6.44234786e-08
5.160356715e-08
4.12634571e-08
3.306257082e-08
2.667661521e-08
2.180353733e-08
1.817440452e-08
1.556143929e-08
1.377297157e-08
1.264540433e-08
1.203551865e-08
1.181301437e-08
1.185991162e-08
1.207040099e-08
1.233701565e-08
1.254373313e-08
1.264348756e-08
3.219294103e-07
2.543514191e-07
1.961996282e-07
1.483617438e-07
1.109176921e-07
8.349799442e-08
6.57109903e-08
5.76447176e-08
6.051470766e-08
7.698046153e-08
1.123292481e-07
1.735146269e-07
2.670147115e-07
3.95551351e-07
5.562954618e-07
7.418702686e-07
9.428647705e-07
1.149635275e-06
1.353076699e-06
1.545790966e-06
1.721531833e-06
1.874797475e-06
2.000537987e-06
2.093820035e-06
2.149529581e-06
2.162134711e-06
2.125538394e-06
2.033094296e-06
1.878008857e-06
1.654948064e-06
1.36441724e-06
1.023507209e-06
7.194551596e-07
5.350524982e-07
4.304792517e-07
3.610193338e-07
3.075064838e-07
2.626515063e-07
2.236673308e-07
1.894448725e-07
1.59425344e-07
1.332440524e-07
1.106036054e-07
9.122004203e-08
7.480482169e-08
6.106371226e-08
4.969964311e-08
4.04186042e-08
3.293821627e-08
2.700090397e-08
2.237952351e-08
1.8875051e-08
1.631459553e-08
1.454689271e-08
1.343365469e-08
1.284384522e-08
1.264961431e-08
1.271790529e-08
1.290006134e-08
1.305999123e-08
1.542390758e-07
1.243039974e-07
9.826936195e-08
7.678371967e-08
6.02269686e-08
4.889395599e-08
4.325715818e-08
4.434021608e-08
5.428529521e-08
7.651960042e-08
1.167378169e-07
1.818354107e-07
2.778944915e-07
4.074412457e-07
5.680508278e-07
7.532042978e-07
9.543618452e-07
1.162659979e-06
1.369616991e-06
1.568037241e-06
1.751733233e-06
1.915312274e-06
2.053775886e-06
2.162272813e-06
2.235833805e-06
2.269150795e-06
2.256424641e-06
2.191327013e-06
2.067193118e-06
1.877786528e-06
1.619902542e-06
1.299642786e-06
9.550001574e-07
6.856661132e-07
5.313752068e-07
4.410196607e-07
3.778853282e-07
3.270814551e-07
2.833567368e-07
2.447562127e-07
2.104282958e-07
1.799100537e-07
1.528959551e-07
1.291351898e-07
1.083959978e-07
9.04455514e-08
7.503955565e-08
6.192827157e-08
5.087246508e-08
4.165330641e-08
3.407269729e-08
2.795050526e-08
2.312285736e-08
1.944349231e-08
1.677503901e-08
1.49782586e-08
1.390548141e-08
1.339590745e-08
1.326818968e-08
1.335169894e-08
7.444156186e-08
6.142514276e-08
5.016587291e-08
4.113584453e-08
3.478206189e-08
3.165422054e-08
3.261179548e-08
3.915619781e-08
5.397881724e-08
8.08047762e-08
1.254948924e-07
1.9462855e-07
2.937181006e-07
4.249439367e-07
5.861018513e-07
7.713630465e-07
9.730049276e-07
1.182920487e-06
1.393114886e-06
1.596699425e-06
1.78768496e-06
1.960752143e-06
2.110989561e-06
2.233650429e-06
2.323917154e-06
2.376700067e-06
2.386490276e-06
2.347298588e-06
2.252752215e-06
2.09653756e-06
1.873748002e-06
1.584907797e-06
1.245568823e-06
9.160212301e-07
6.872974499e-07
5.572765763e-07
4.754087382e-07
4.142911348e-07
3.633430579e-07
3.186752316e-07
2.787376836e-07
2.428033452e-07
2.104505742e-07
1.813913564e-07
1.553982281e-07
1.322635222e-07
1.117846036e-07
9.376325715e-08
7.801397364e-08
6.436888748e-08
5.267864606e-08
4.281346331e-08
3.465003575e-08
2.806922949e-08
2.295173796e-08
1.915928423e-08
1.652902425e-08
1.487253149e-08
1.397188879e-08
1.362499549e-08
3.664790247e-08
3.129162361e-08
2.690123789e-08
2.386045982e-08
2.264299808e-08
2.39283026e-08
2.879732503e-08
3.90610067e-08
5.781850364e-08
8.892682965e-08
1.381631662e-07
2.116648845e-07
3.143068235e-07
4.478637715e-07
6.102456246e-07
7.961899529e-07
9.986956161e-07
1.210288408e-06
1.423517378e-06
1.631922902e-06
1.82966402e-06
2.011535533e-06
2.172772767e-06
2.30873986e-06
2.414772641e-06
2.485999253e-06
2.517204622e-06
2.502765367e-06
2.436707231e-06
2.313006825e-06
2.126449215e-06
1.874989977e-06
1.565669941e-06
1.227490895e-06
9.315186167e-07
7.363043056e-07
6.181398405e-07
5.370759022e-07
4.732693443e-07
4.189114324e-07
3.707139983e-07
3.27237076e-07
2.877398288e-07
2.517821156e-07
2.190694929e-07
1.893776978e-07
1.625149346e-07
1.383091593e-07
1.166082311e-07
9.728169084e-08
8.022436162e-08
6.536078493e-08
5.264108609e-08
4.200626702e-08
3.33660177e-08
2.659320313e-08
2.151809714e-08
1.792664729e-08
1.555891792e-08
1.417821538e-08
1.892154176e-08
1.712235013e-08
1.604646964e-08
1.605789616e-08
1.767669044e-08
2.170276198e-08
2.942656449e-08
4.298788098e-08
6.524047756e-08
1.006425917e-07
1.546760543e-07
2.329342297e-07
3.396169135e-07
4.760662242e-07
6.402512193e-07
8.273802819e-07
1.031098311e-06
1.244579023e-06
1.46090028e-06
1.673919093e-06
1.878053418e-06
2.068277051e-06
2.239928494e-06
2.388527684e-06
2.509595981e-06
2.598503804e-06
2.650355189e-06
2.659933425e-06
2.621749638e-06
2.530282913e-06
2.380634811e-06
2.17023719e-06
1.903244405e-06
1.594797183e-06
1.279096106e-06
1.015769688e-06
8.366889056e-07
7.167819921e-07
6.284527775e-07
5.572909614e-07
4.960505416e-07
4.413218862e-07
3.915868792e-07
3.460451814e-07
3.04226952e-07
2.658259266e-07
2.30620048e-07
1.984321592e-07
1.691150593e-07
1.425523517e-07
1.18667366e-07
9.74428743e-08
7.886741515e-08
6.29297989e-08
4.957919435e-08
3.87103233e-08
3.015211467e-08
2.365729956e-08
1.890120909e-08
1.561902983e-08
1.084343398e-08
1.080803846e-08
1.148508649e-08
1.326321908e-08
1.673449404e-08
2.283255739e-08
3.306508106e-08
4.969266113e-08
7.581168173e-08
1.159059676e-07
1.751635334e-07
2.586132652e-07
3.698036712e-07
5.096749246e-07
6.762278253e-07
8.650760902e-07
1.070439545e-06
1.286057274e-06
1.505511351e-06
1.723013806e-06
1.933323589e-06
2.131564915e-06
2.31323673e-06
2.474067585e-06
2.609782286e-06
2.716023047e-06
2.788258172e-06
2.821749847e-06
2.8116249e-06
2.753150445e-06
2.642467633e-06
2.478168749e-06
2.260766653e-06
1.995453612e-06
1.701084065e-06
1.412382801e-06
1.168765835e-06
9.871389429e-07
8.544316874e-07
7.524331397e-07
6.688458711e-07
5.963176552e-07
5.311560463e-07
4.717033025e-07
4.170736877e-07
3.667096273e-07
3.203076643e-07
2.776168017e-07
2.3841683e-07
2.025876531e-07
1.700654707e-07
1.40832794e-07
1.148994258e-07
9.227858323e-08
7.295059511e-08
5.682109671e-08
4.369966022e-08
3.327986863e-08
2.511512489e-08
1.888924522e-08
7.505561264e-09
8.485513831e-09
1.028184457e-08
1.334142227e-08
1.836035738e-08
2.644285904e-08
3.934351035e-08
5.926207162e-08
8.967863479e-08
1.34939861e-07
1.998835527e-07
2.889539686e-07
4.050879554e-07
5.488573135e-07
7.182822351e-07
9.093284682e-07
1.116733382e-06
1.334770678e-06
1.557572862e-06
1.779701917e-06
1.996173844e-06
2.202359892e-06
2.39398049e-06
2.566952075e-06
2.7172781e-06
2.840944449e-06
2.933866233e-06
2.99190176e-06
3.010997983e-06
2.987593699e-06
2.919372001e-06
2.804140678e-06
2.639706302e-06
2.427120479e-06
2.173955535e-06
1.898764798e-06
1.628045299e-06
1.387481088e-06
1.1914665e-06
1.036992108e-06
9.131370952e-07
8.096538662e-07
7.193212672e-07
6.381801833e-07
5.645025982e-07
4.971932054e-07
4.354089879e-07
3.786341349e-07
3.265207613e-07
2.788433272e-07
2.354675148e-07
1.963259521e-07
1.613917554e-07
1.306469802e-07
1.040593682e-07
8.153696566e-08
6.285433951e-08
4.7603995e-08
3.513670157e-08
2.499220055e-08
6.643894159e-09
8.383021009e-09
1.112460902e-08
1.540729863e-08
2.207402214e-08
3.244885078e-08
4.818116765e-08
7.192768754e-08
1.071803117e-07
1.581381437e-07
2.292404816e-07
3.243516806e-07
4.458455641e-07
5.939706486e-07
7.667714416e-07
9.605336995e-07
1.170470566e-06
1.391355315e-06
1.617836077e-06
1.844775469e-06
2.06753602e-06
2.281826955e-06
2.483578717e-06
2.668968857e-06
2.834344984e-06
2.976096923e-06
3.090683026e-06
3.174711678e-06
3.225181766e-06
3.239888683e-06
3.216360018e-06
3.151163272e-06
3.041561306e-06
2.886337729e-06
2.687167348e-06
2.450528844e-06
2.189751507e-06
1.924786084e-06
1.675227695e-06
1.454245386e-06
1.266633591e-06
1.109042553e-06
9.747833068e-07
8.580770133e-07
7.547638967e-07
6.620407236e-07
5.782630177e-07
5.022823317e-07
4.332612497e-07
3.705963367e-07
3.138675007e-07
2.627959916e-07
2.172038783e-07
1.769696833e-07
1.419764182e-07
1.120860211e-07
8.704567587e-08
6.632967894e-08
4.903506223e-08
3.440006171e-08
7.280706106e-09
9.779299757e-09
1.355203714e-08
1.926855925e-08
2.790545805e-08
4.077389463e-08
5.99197393e-08
8.810406757e-08
1.288034908e-07
1.860108297e-07
2.63738275e-07
3.652930764e-07
4.925439093e-07
6.454661507e-07
8.221400686e-07
1.019146084e-06
1.232134243e-06
1.456348631e-06
1.68694432e-06
1.919144874e-06
2.148663435e-06
2.371499106e-06
2.583902164e-06
2.782391289e-06
2.96368488e-06
3.12468176e-06
3.26250777e-06
3.374666639e-06
3.459275106e-06
3.514140811e-06
3.535971947e-06
3.521462387e-06
3.46748684e-06
3.371451157e-06
3.231853297e-06
3.049071529e-06
2.826490915e-06
2.572049553e-06
2.299727717e-06
2.026294385e-06
1.766446195e-06
1.530645938e-06
1.322403757e-06
1.146125828e-06
9.950879842e-07
8.63497168e-07
7.47844227e-07
6.455271053e-07
5.545257847e-07
4.732902321e-07
4.006689917e-07
3.358420118e-07
2.782510843e-07
2.275262789e-07
1.833991568e-07
1.456010626e-07
1.138060219e-07
8.742420188e-08
6.531748289e-08
4.625298721e-08
9.097725811e-09
1.252274942e-08
1.760390563e-08
2.503791574e-08
3.593217018e-08
5.189266216e-08
7.510416375e-08
1.083944244e-07
1.55176092e-07
2.191835255e-07
3.039883421e-07
4.123760859e-07
5.457732923e-07
7.039347588e-07
8.849938944e-07
1.085811268e-06
1.302448158e-06
1.530602503e-06
1.765928592e-06
2.004022195e-06
2.240940581e-06
2.473039248e-06
2.696963691e-06
2.909595943e-06
3.108096133e-06
3.289957729e-06
3.453057642e-06
3.595810134e-06
3.716379537e-06
3.811918792e-06
3.879361756e-06
3.915410375e-06
3.916573475e-06
3.879283294e-06
3.800091625e-06
3.675981042e-06
3.504928496e-06
3.286909911e-06
3.025352343e-06
2.728933925e-06
2.411866792e-06
2.092848225e-06
1.790317038e-06
1.517606222e-06
1.290281666e-06
1.098630714e-06
9.365411541e-07
7.984779432e-07
6.796848563e-07
5.764377687e-07
4.859872198e-07
4.063911264e-07
3.363413832e-07
2.750059497e-07
2.218649345e-07
1.76511332e-07
1.384697414e-07
1.070122271e-07
8.077068923e-08
5.799952077e-08
1.219749257e-08
1.681102177e-08
2.343413897e-08
3.297895124e-08
4.673649357e-08
6.645630388e-08
9.443689818e-08
1.33532194e-07
1.870323585e-07
2.583744918e-07
3.506923951e-07
4.662961063e-07
6.062363338e-07
7.70100888e-07
9.560980725e-07
1.161362056e-06
1.382346328e-06
1.615186115e-06
1.855970866e-06
2.100772093e-06
2.345968976e-06
2.588304932e-06
2.82482288e-06
3.052844286e-06
3.270068245e-06
3.474620949e-06
3.665108974e-06
3.839974016e-06
3.996796253e-06
4.132903127e-06
4.245271324e-06
4.330443025e-06
4.384475339e-06
4.402926158e-06
4.38088117e-06
4.313072418e-06
4.194195947e-06
4.019557262e-06
3.786108456e-06
3.494162361e-06
3.149351402e-06
2.765252283e-06
2.365063589e-06
1.97811109e-06
1.63888357e-06
1.357821037e-06
1.129446634e-06
9.441137575e-07
7.915227553e-07
6.635990623e-07
5.54599911e-07
4.606758047e-07
3.793236207e-07
3.089459521e-07
2.485514987e-07
1.974771267e-07
1.549661788e-07
1.200128189e-07
9.107149305e-08
6.5995118e-08
1.681163109e-08
2.290392155e-08
3.154711993e-08
4.379428039e-08
6.107603883e-08
8.527616344e-08
1.187686574e-07
1.6437779e-07
2.252206119e-07
3.044129292e-07
4.046674978e-07
5.278716442e-07
6.747655601e-07
8.448202644e-07
1.036339162e-06
1.246723696e-06
1.472800312e-06
1.711123133e-06
1.958208552e-06
2.21063035e-06
2.465121123e-06
2.718830546e-06
2.969208451e-06
3.21406705e-06
3.451627626e-06
3.680581523e-06
3.899555888e-06
4.106456828e-06
4.298957392e-06
4.474364903e-06
4.629484173e-06
4.760491741e-06
4.86282798e-06
4.931111809e-06
4.959100678e-06
4.939750391e-06
4.865456871e-06
4.728554332e-06
4.522127729e-06
4.241237421e-06
3.884975976e-06
3.459320364e-06
2.981757007e-06
2.485328167e-06
2.016462179e-06
1.621002213e-06
1.301166468e-06
1.0582115e-06
8.675439323e-07
7.145411534e-07
5.890403852e-07
4.841157408e-07
3.952343293e-07
3.196039349e-07
2.55519973e-07
2.01826475e-07
1.574759823e-07
1.2135054e-07
9.184903659e-08
6.650902149e-08
2.340710662e-08
3.147389996e-08
4.271393484e-08
5.831916003e-08
7.985420004e-08
1.093021051e-07
1.490642967e-07
2.018834271e-07
2.706644268e-07
3.581929076e-07
4.667891673e-07
5.979747662e-07
7.522425186e-07
9.289935499e-07
1.126646699e-06
1.342868302e-06
1.574844861e-06
1.819536787e-06
2.073879606e-06
2.334924401e-06
2.599801555e-06
2.866015622e-06
3.131455247e-06
3.394397814e-06
3.653547925e-06
3.90758961e-06
4.154635404e-06
4.392589146e-06
4.619016814e-06
4.830986779e-06
5.024909182e-06
5.196382274e-06
5.340052281e-06
5.449502254e-06
5.517203983e-06
5.53458602e-06
5.492275014e-06
5.380550859e-06
5.190046025e-06
4.9127743e-06
4.54379042e-06
4.083997061e-06
3.544835807e-06
2.955243347e-06
2.366651686e-06
1.842470493e-06
1.426853696e-06
1.117860874e-06
8.891371176e-07
7.155702541e-07
5.789704315e-07
4.681553358e-07
3.766194895e-07
3.004151943e-07
2.370112566e-07
1.846449054e-07
1.419462943e-07
1.07784489e-07
8.05067115e-08
5.755247257e-08
3.279863795e-08
4.340238693e-08
5.789220052e-08
7.758699519e-08
1.041582889e-07
1.396479859e-07
1.864367838e-07
2.471413301e-07
3.244286754e-07
4.207590254e-07
5.380972312e-07
6.776567569e-07
8.397414996e-07
1.023724178e-06
1.22815602e-06
1.45096392e-06
1.689677328e-06
1.941640599e-06
2.204186365e-06
2.47476131e-06
2.750997579e-06
3.030696966e-06
3.312164894e-06
3.594102275e-06
3.875170001e-06
4.153559364e-06
4.427310477e-06
4.694150397e-06
4.951345047e-06
5.195525428e-06
5.422513658e-06
5.627157256e-06
5.803184226e-06
5.943102546e-06
6.038180696e-06
6.078553401e-06
6.053489813e-06
5.951844789e-06
5.762711982e-06
5.476364237e-06
5.085732033e-06
4.588970971e-06
3.993938252e-06
3.325722865e-06
2.635798259e-06
2.000471702e-06
1.483621085e-06
1.114273329e-06
8.548956539e-07
6.669119101e-07
5.246644452e-07
4.132888784e-07
3.241056423e-07
2.519440805e-07
1.934866151e-07
1.463985244e-07
1.091158281e-07
8.047839386e-08
5.871976553e-08
4.164668093e-08
4.598772784e-08
5.977147803e-08
7.823378726e-08
1.027986599e-07
1.352107099e-07
1.775278546e-07
2.320656393e-07
3.012800665e-07
3.875873933e-07
4.931382356e-07
6.195839529e-07
7.678854479e-07
9.382095024e-07
1.129934488e-06
1.341754965e-06
1.571849449e-06
1.818069222e-06
2.078116364e-06
2.34969285e-06
2.630614015e-06
2.918895458e-06
3.212826316e-06
3.510969219e-06
3.811924271e-06
4.113921028e-06
4.415031479e-06
4.713060884e-06
5.005417998e-06
5.288913161e-06
5.559586846e-06
5.81254091e-06
6.041782003e-06
6.240095989e-06
6.39898019e-06
6.508666276e-06
6.558266324e-06
6.536065388e-06
6.429971724e-06
6.228149103e-06
5.919927366e-06
5.497243998e-06
4.957125852e-06
4.306082279e-06
3.567696087e-06
2.793365639e-06
2.067173278e-06
1.476683271e-06
1.057751939e-06
7.750260054e-07
5.797348896e-07
4.381764484e-07
3.31613215e-07
2.493796383e-07
1.853846182e-07
1.356407252e-07
9.769663603e-08
6.990399902e-08
5.031938174e-08
3.649955375e-08
2.670703316e-08
6.426268758e-08
8.193806374e-08
1.051479939e-07
1.353931502e-07
1.744540226e-07
2.243631256e-07
2.873332722e-07
3.656359839e-07
4.614350591e-07
5.765949174e-07
7.124965486e-07
8.698987837e-07
1.048874813e-06
1.24883459e-06
1.468621249e-06
1.706652531e-06
1.961076819e-06
2.229922088e-06
2.511223294e-06
2.803125802e-06
3.103966492e-06
3.412336343e-06
3.72679749e-06
4.045535427e-06
4.36663343e-06
4.68787395e-06
5.006749498e-06
5.320235926e-06
5.624565356e-06
5.915102143e-06
6.186189191e-06
6.431012754e-06
6.641510425e-06
6.808345669e-06
6.920974372e-06
6.967826334e-06
6.936617357e-06
6.814804366e-06
6.590217294e-06
6.251976391e-06
5.791943123e-06
5.207177674e-06
4.504214652e-06
3.706506483e-06
2.865962078e-06
2.071512615e-06
1.424627146e-06
9.716357705e-07
6.766715083e-07
4.812592096e-07
3.451736743e-07
2.466648647e-07
1.741151461e-07
1.20799264e-07
8.295969239e-08
5.744613555e-08
4.067903404e-08
2.976868792e-08
2.251813083e-08
1.802381301e-08
8.913296799e-08
1.114355289e-07
1.40167944e-07
1.768744333e-07
2.233331764e-07
2.815135909e-07
3.534962238e-07
4.413546374e-07
5.470079031e-07
6.720628085e-07
8.176724582e-07
9.844384642e-07
1.172375718e-06
1.380943584e-06
1.609131674e-06
1.855577995e-06
2.118698228e-06
2.396810349e-06
2.688243666e-06
2.991428377e-06
3.304961089e-06
3.627370451e-06
3.956839226e-06
4.291419222e-06
4.628950619e-06
4.966950707e-06
5.30249536e-06
5.63205415e-06
5.951329537e-06
6.254895352e-06
6.536402224e-06
6.78834147e-06
7.001988695e-06
7.167422025e-06
7.273626245e-06
7.308700857e-06
7.260184045e-06
7.115507138e-06
6.862621784e-06
6.490912567e-06
5.992636353e-06
5.365345046e-06
4.616142788e-06
3.769153928e-06
2.87750808e-06
2.033367092e-06
1.347317197e-06
8.738285969e-07
5.755098362e-07
3.859157897e-07
2.591936586e-07
1.7162827e-07
1.110327782e-07
7.141692509e-08
4.746989882e-08
3.319091659e-08
2.444895043e-08
1.905488611e-08
1.566205834e-08
1.383270013e-08
1.225168578e-07
1.501926866e-07
1.852120695e-07
2.291284387e-07
2.836818584e-07
3.507469654e-07
4.322509305e-07
5.300642743e-07
6.458745663e-07
7.810599539e-07
9.365830053e-07
1.11292373e-06
1.310063245e-06
1.527518002e-06
1.764414008e-06
2.019584851e-06
2.291678361e-06
2.579259931e-06
2.880903024e-06
3.195260605e-06
3.520871375e-06
3.855922359e-06
4.198463839e-06
4.546382566e-06
4.897274456e-06
5.248289807e-06
5.59598466e-06
5.936274038e-06
6.264327754e-06
6.574335051e-06
6.859245544e-06
7.110979069e-06
7.320395353e-06
7.477277068e-06
7.570465599e-06
7.588088032e-06
7.517886845e-06
7.347670625e-06
7.065933934e-06
6.662758823e-06
6.131224449e-06
5.469745536e-06
4.686116845e-06
3.804613517e-06
2.877673621e-06
1.996667603e-06
1.277021025e-06
7.855432391e-07
4.865440488e-07
3.048828832e-07
1.889153214e-07
1.130026159e-07
6.652388052e-08
4.147699244e-08
2.835978037e-08
2.108780825e-08
1.683261373e-08
1.431904933e-08
1.282625372e-08
1.211941773e-08
1.662382067e-07
1.999317874e-07
2.418684872e-07
2.935772766e-07
3.56728586e-07
4.330780711e-07
5.243876443e-07
6.323284433e-07
7.583756006e-07
9.037089039e-07
1.069134514e-06
1.255040152e-06
1.46139003e-06
1.687758285e-06
1.933391693e-06
2.197290193e-06
2.478295071e-06
2.775173435e-06
3.086690528e-06
3.411452505e-06
3.74771505e-06
4.093590921e-06
4.446999945e-06
4.805608549e-06
5.166610602e-06
5.526686197e-06
5.881981483e-06
6.227985555e-06
6.559423722e-06
6.870054648e-06
7.152617164e-06
7.398594038e-06
7.598535376e-06
7.742192134e-06
7.818524453e-06
7.815938948e-06
7.722614499e-06
7.526938571e-06
7.218105106e-06
6.786982805e-06
6.227462606e-06
5.53867152e-06
4.728778785e-06
3.821728989e-06
2.868737082e-06
1.959681801e-06
1.211895523e-06
7.05363425e-07
4.084881229e-07
2.370661865e-07
1.325185814e-07
7.068415336e-08
3.98518851e-08
2.592557723e-08
1.923407939e-08
1.570158276e-08
1.371649742e-08
1.259273412e-08
1.196399916e-08
1.169817993e-08
2.227057565e-07
2.629912469e-07
3.123878525e-07
3.723699381e-07
4.445122802e-07
5.304338011e-07
6.317250152e-07
7.49864505e-07
8.861332154e-07
1.0415376e-06
1.216752547e-06
1.412092146e-06
1.627511289e-06
1.862636041e-06
2.116816071e-06
2.389190833e-06
2.678760879e-06
2.984453962e-06
3.304991927e-06
3.638730951e-06
3.983856146e-06
4.338341089e-06
4.699881767e-06
5.065809445e-06
5.433104066e-06
5.798241509e-06
6.157025594e-06
6.504496804e-06
6.834880779e-06
7.141636141e-06
7.417336505e-06
7.65337298e-06
7.840314961e-06
7.968103397e-06
8.026054391e-06
8.003089114e-06
7.888042836e-06
7.670074872e-06
7.339229258e-06
6.887248749e-06
6.308827521e-06
5.603638602e-06
4.779774863e-06
3.859799847e-06
2.891189258e-06
1.95766518e-06
1.175659848e-06
6.434342172e-07
3.43725998e-07
1.807580589e-07
8.930464375e-08
4.425182542e-08
2.601101323e-08
1.866656475e-08
1.53472405e-08
1.368331445e-08
1.279206098e-08
1.230993767e-08
1.205500827e-08
1.195679064e-08
2.914546641e-07
3.384722295e-07
3.953835303e-07
4.635851481e-07
5.445403963e-07
6.397261214e-07
7.505683273e-07
8.783718031e-07
1.024251099e-06
1.189071099e-06
1.37340483e-06
1.577513747e-06
1.801352433e-06
2.044594839e-06
2.306677185e-06
2.586851756e-06
2.884242049e-06
3.197726083e-06
3.525802673e-06
3.866777468e-06
4.218740061e-06
4.579523656e-06
4.946650956e-06
5.31727208e-06
5.688067895e-06
6.055057098e-06
6.413645764e-06
6.758653531e-06
7.084215549e-06
7.383735867e-06
7.649709379e-06
7.873716934e-06
8.046242305e-06
8.157550186e-06
8.197398487e-06
8.155256624e-06
8.020588691e-06
7.783228082e-06
7.433892251e-06
6.964928104e-06
6.371453173e-06
5.653203902e-06
4.817671077e-06
3.885590162e-06
2.901322521e-06
1.945313165e-06
1.135816631e-06
5.852156574e-07
2.838828103e-07
1.311077588e-07
5.820081565e-08
2.945670334e-08
1.941065521e-08
1.565763704e-08
1.406383968e-08
1.331517152e-08
1.293894723e-08
1.274533899e-08
1.26472525e-08
1.261229986e-08
3.631668767e-07
4.162507525e-07
4.798665339e-07
5.553280127e-07
6.439900351e-07
7.47199593e-07
8.66240194e-07
1.002273077e-06
1.156277689e-06
1.329002105e-06
1.520935602e-06
1.732297843e-06
1.963043191e-06
2.212883615e-06
2.481324712e-06
2.767708976e-06
3.071109595e-06
3.390212354e-06
3.7234875e-06
4.069177607e-06
4.42526934e-06
4.789450006e-06
5.159049139e-06
5.530968993e-06
5.901649622e-06
6.267093741e-06
6.622693253e-06
6.963109071e-06
7.282290506e-06
7.573455951e-06
7.829114225e-06
8.04080431e-06
8.199691732e-06
8.29640214e-06
8.321162579e-06
8.263999784e-06
8.115002931e-06
7.86467326e-06
7.504404084e-06
7.027166695e-06
6.42854788e-06
5.708412401e-06
4.8736901e-06
3.943301808e-06
2.956540824e-06
1.984674303e-06
1.133620788e-06
5.283307732e-07
2.167821363e-07
8.832203332e-08
3.878821141e-08
2.208998904e-08
1.673837166e-08
1.486243306e-08
1.412554673e-08
1.381053029e-08
1.366760464e-08
1.359871568e-08
1.356398413e-08
1.355217666e-08
)
;

boundaryField
{
    inletCH4
    {
        type            fixedValue;
        value           uniform 0.1561;
    }
    wallOutside
    {
        type            zeroGradient;
    }
    wallTube
    {
        type            zeroGradient;
    }
    inletPilot
    {
        type            fixedValue;
        value           uniform 0;
    }
    inletAir
    {
        type            fixedValue;
        value           uniform 0;
    }
    outlet
    {
        type            zeroGradient;
    }
    axis
    {
        type            empty;
    }
    frontAndBack_pos
    {
        type            wedge;
    }
    frontAndBack_neg
    {
        type            wedge;
    }
}


// ************************************************************************* //
