/*--------------------------------*- C++ -*----------------------------------*\
  =========                 |
  \\      /  F ield         | OpenFOAM: The Open Source CFD Toolbox
   \\    /   O peration     | Website:  https://openfoam.org
    \\  /    A nd           | Version:  10
     \\/     M anipulation  |
\*---------------------------------------------------------------------------*/
FoamFile
{
    format      ascii;
    class       volScalarField;
    location    "3000";
    object      CO2;
}
// * * * * * * * * * * * * * * * * * * * * * * * * * * * * * * * * * * * * * //

dimensions      [0 0 0 0 0 0 0];

internalField   nonuniform List<scalar> 
5170
(
6.905614616e-57
3.285199844e-57
3.542053278e-57
4.326507965e-57
0
2.281117607e-55
1.824953373e-55
1.143016293e-55
6.668062605e-56
1.328081547e-55
7.483311237e-53
5.933382359e-53
3.611824206e-53
2.840887607e-53
8.558327009e-53
2.617639076e-50
2.073785486e-50
1.302676399e-50
1.459981961e-50
6.175038974e-50
9.332038804e-48
7.45712196e-48
5.021636843e-48
7.950529355e-48
4.154893403e-47
3.404347687e-45
2.778426006e-45
2.052541175e-45
4.456946143e-45
2.639425672e-44
1.269403568e-42
1.067313962e-42
9.005212426e-43
2.541605008e-42
1.61846724e-41
4.831052647e-40
4.231695219e-40
4.254430835e-40
1.468036108e-39
9.698311801e-39
1.881653211e-37
1.751690479e-37
2.114214528e-37
8.56837221e-37
5.712038365e-36
7.513042882e-35
7.564909992e-35
1.092723783e-34
5.062543699e-34
3.320213541e-33
3.068602801e-32
3.396304732e-32
5.838718932e-32
3.022681719e-31
1.910523727e-30
1.276502468e-29
1.579953058e-29
3.227558739e-29
1.821166582e-28
1.09095196e-27
5.386970914e-27
7.566786004e-27
1.851349836e-26
1.114293071e-25
6.192993812e-25
2.288227757e-24
3.69789823e-24
1.091549896e-23
6.929885312e-23
3.501451702e-22
9.739883827e-22
1.828590499e-21
6.521460127e-21
4.360983025e-20
1.974557428e-19
4.088843367e-19
9.005605346e-19
3.868916301e-18
2.687541386e-17
1.111935226e-16
1.684576007e-16
4.406134522e-16
2.2216567e-15
1.605473206e-14
6.267751575e-14
6.660498295e-14
2.101724076e-13
1.234680715e-12
9.123684038e-12
3.53401553e-11
2.421111504e-11
9.568297926e-11
6.453732769e-10
4.830815538e-09
2.000563382e-08
7.541240536e-09
4.214621821e-08
3.284724626e-07
2.34151769e-06
1.150882508e-05
0.1120345215
0.1118031297
0.1117141712
0.1118650549
0.1120537565
0.1133219112
0.1130046711
0.1129122631
0.1130902939
0.1133874617
0.114074646
0.1137693897
0.1136906607
0.1138570654
0.1141625668
0.1145531466
0.1142793056
0.1142182882
0.1143810261
0.1146592721
0.1148752919
0.1146382309
0.1145911339
0.1147524307
0.1150005204
0.1151000032
0.1149016315
0.1148663334
0.1150220822
0.1152358909
0.1152638843
0.1151016908
0.115077209
0.1152213013
0.1153992321
0.1153867391
0.1152558612
0.1152405684
0.115367827
0.1155123764
0.1154802086
0.1153754311
0.1153674718
0.1154754231
0.1155911179
0.1155522636
0.1154688784
0.115466024
0.1155552131
0.1156469939
0.115608289
0.1155421086
0.1155425437
0.115615183
0.1156877919
0.1156523671
0.1155997634
0.1156020958
0.1156608959
0.1157185893
0.1156874963
0.1156454443
0.1156487729
0.1156963464
0.1157426411
0.1157159387
0.1156820386
0.1156857568
0.1157243996
0.1157620806
0.1157393412
0.1157116774
0.1157154538
0.1157471081
0.1157783389
0.115758976
0.1157360612
0.115739665
0.1157659716
0.1157924727
0.1157757337
0.115756499
0.1157599185
0.1157821339
0.1158051908
0.1157902124
0.1157740666
0.115777458
0.1157965076
0.1158169189
0.115809824
0.115791382
0.1157926685
0.1158066102
0.115820817
0.1158855024
0.1158351137
0.1157297877
0.1155735667
0.1152632391
2.826743743e-07
2.1871326e-06
3.363042894e-05
0.0005059214053
0.006791732073
1.539293226e-06
1.033648422e-05
0.0001255249171
0.001326828742
0.0100760053
5.067071331e-06
3.013171406e-05
0.0003003834744
0.002405544251
0.012233166
1.339186418e-05
7.198649383e-05
0.0006025772752
0.003746453297
0.0138546102
3.053310763e-05
0.0001493877756
0.0010524603
0.005185097509
0.0151816295
6.336782139e-05
0.000281720901
0.001679609661
0.006728131454
0.01651009167
0.0001267130324
0.0005166314052
0.002595450369
0.008442716054
0.01788966451
0.0002458062721
0.0009206896833
0.003810272436
0.01018014958
0.01922677522
0.0004588698448
0.001549885546
0.005224232744
0.01180284029
0.02043684146
0.0008169623334
0.002429582553
0.006733046457
0.01331596372
0.02155734124
0.001410463015
0.003548265171
0.00823540216
0.01473212082
0.02260931883
0.002272259848
0.004818984202
0.009695415581
0.01606953797
0.02360247496
0.003431982691
0.006229976962
0.01115424909
0.0173655296
0.0245625188
0.00495177558
0.007823609348
0.01267859529
0.01868149136
0.02554562898
0.006924361462
0.009678066723
0.01434427774
0.02008324593
0.02660320252
0.009399089945
0.01188869701
0.01624479714
0.02165809038
0.02781845292
0.0123805679
0.01453859313
0.01849329054
0.02352225535
0.02930206445
0.01577454343
0.0176127111
0.02113769494
0.02574882318
0.03111961386
0.01948763846
0.02104799729
0.02415017989
0.02832139652
0.03326034768
0.02338330645
0.02471528129
0.02743106033
0.03116899387
0.03566989286
0.0273410567
0.02848395978
0.03085697509
0.03418614139
0.03825832044
0.03125152045
0.0322393003
0.03431569927
0.03727155423
0.04093705446
0.03505836938
0.03591504908
0.03773270304
0.04035167699
0.04363802117
0.03873857786
0.03948475503
0.04107986592
0.04339957778
0.04634085227
0.0423057698
0.04296131059
0.04436921194
0.04643073484
0.04906502941
0.04581049277
0.04639056163
0.04764007621
0.04947983785
0.051846666
0.04930708321
0.04982361015
0.05093998535
0.05259083615
0.05472686414
0.05283095232
0.05329406448
0.05429708587
0.05578643155
0.05772354935
0.05638632725
0.05680373178
0.05771011512
0.05906058652
0.06082371862
0.05995387951
0.06033221851
0.06115493589
0.06238368318
0.06399296308
0.06350786705
0.06385192084
0.06460108994
0.06572228099
0.06719449213
0.0670331097
0.06734715299
0.06803169742
0.06905780157
0.0704077521
0.07054002125
0.07082754182
0.07145459303
0.07239492581
0.07363232731
0.07405672361
0.0743187341
0.07488983693
0.07574495923
0.0768672859
0.07756097036
0.07779362437
0.07829994095
0.0790562908
0.08004625112
0.08086504069
0.08106528204
0.08150162359
0.0821551446
0.08301462943
0.08381037976
0.08398672638
0.08437266534
0.08495520355
0.08572983447
0.08652171175
0.08668814433
0.08705399349
0.08761040415
0.08835792322
0.08926731246
0.08943600796
0.089808082
0.09037725856
0.0911480146
0.09234266707
0.09252569053
0.09293052923
0.09355280946
0.09440059443
0.09620508658
0.09641695298
0.09688443064
0.09759817462
0.09855634876
0.1013006626
0.1015150458
0.1019814055
0.1026757762
0.1035771763
0.1067727712
0.1069495058
0.1073313445
0.1078931505
0.1086108575
0.1118269932
0.1119540616
0.1122269717
0.1126241185
0.1131232816
0.116068115
0.1161438446
0.1163047309
0.1165345109
0.1168142973
0.119257836
0.1192854751
0.1193417402
0.1194151535
0.1194910871
0.121246645
0.1212322632
0.1211972884
0.1211352164
0.1210356122
0.1219863644
0.1219382343
0.1218301265
0.1216598455
0.1214207304
0.1215364463
0.1214636147
0.1213020854
0.1210530463
0.1207129154
0.1200457721
0.1199568348
0.1197605685
0.1194605731
0.1190555533
0.1177171807
0.1176194705
0.1174043638
0.1170770439
0.1166377575
0.1147728145
0.1146719266
0.1144501632
0.1141134893
0.1136631387
0.1114177589
0.1113176775
0.1110978674
0.1107646223
0.1103197037
0.1078263587
0.107729655
0.1075173612
0.1071957621
0.1067668467
0.1041346504
0.1040428205
0.1038412764
0.1035360874
0.1031292841
0.1004413038
0.1003550824
0.1001658679
0.09987940133
0.09949764836
0.09681314788
0.09673276725
0.09655637529
0.09628933316
0.09593348591
0.09329225053
0.09321763616
0.09305389316
0.0928059902
0.09247562867
0.08990278802
0.0898336932
0.08968205444
0.08945245667
0.0891464528
0.08665660174
0.08659269437
0.0864524296
0.08624002907
0.08595690246
0.0835576539
0.08349857067
0.08336888378
0.0831724768
0.08291062591
0.08060461233
0.08054998641
0.08043007335
0.08024844559
0.08000625762
0.07779365191
0.07774313272
0.07763222638
0.07746422043
0.07724015929
0.07511840284
0.07507165843
0.0749690311
0.07481354823
0.07460615571
0.07257340351
0.07253013051
0.07243511908
0.07229115946
0.07209910941
0.07014997674
0.07010988892
0.07002186557
0.06988848126
0.06971051569
0.0678453477
0.06780819907
0.06772662681
0.06760300837
0.06743805314
0.06565139063
0.06561693317
0.06554126647
0.06542658932
0.06527355027
0.06359692764
0.06356496551
0.0634947782
0.06338839924
0.06324641974
0.06186338911
0.06183348891
0.06176782137
0.06166828072
0.0615354097
0.02466218527
0.02454340705
0.02423144535
0.02413181792
0.02432709529
0.02487714593
0.02563362983
0.02639387853
0.02709973748
0.02779736618
0.02848779628
0.02915361363
0.02980994284
0.03051404998
0.03130643806
0.03226582856
0.03349148708
0.03503736985
0.03689444907
0.03901726371
0.04132202573
0.04372589629
0.0461646918
0.04862436564
0.05112707409
0.05371299226
0.05642223177
0.05926900303
0.0622363617
0.06528701099
0.06838178951
0.07149843329
0.07463160932
0.07777034584
0.08084106612
0.08371019
0.08636572002
0.08897928861
0.09179496596
0.09511641275
0.09934297287
0.1042893686
0.1091668741
0.1135014107
0.1170162795
0.1195307471
0.1209364656
0.1212119589
0.1204253049
0.118717797
0.1162740484
0.1132918048
0.1099537068
0.1064144746
0.1027953065
0.09918433068
0.09564144951
0.09220448873
0.08889526678
0.08572445164
0.08269559832
0.07980733512
0.07705608732
0.07443574378
0.0719412749
0.069564232
0.06730244203
0.06514772013
0.06312966519
0.06142612837
0.06045007019
0.1083219288
0.1109974517
0.1012545749
0.0765769161
0.05018055416
0.08623275937
0.1117026586
0.09374779876
0.05856756194
0.04516349302
0.0746824733
0.1044772031
0.09597919653
0.0533532179
0.04194539135
0.0671148675
0.09096354481
0.1006423362
0.06283967111
0.04002339804
0.06269648704
0.08557093333
0.1042385562
0.07510693971
0.03905073884
0.06008964834
0.08224112224
0.1045782
0.08750448371
0.0384984528
0.05799284309
0.07881734604
0.1003720471
0.09687448577
0.03807418305
0.05581643164
0.07421368139
0.0919612858
0.1009808996
0.03779245003
0.05411425151
0.0710608193
0.08814304942
0.1023292494
0.03769767649
0.05293574648
0.06896772251
0.08572335835
0.1015878604
0.03772470971
0.05203102003
0.0671983874
0.08317790852
0.09873300716
0.03780504284
0.05120061096
0.06526952166
0.07974142262
0.09342594403
0.03793522868
0.05049621148
0.06361419605
0.07706011944
0.09022831093
0.03816870124
0.05002109169
0.06243941575
0.07532649899
0.08846862752
0.03852999024
0.04976224929
0.06160337391
0.07400751018
0.08684319667
0.0390892005
0.04974498951
0.06100863696
0.07281090698
0.0849702056
0.03991040822
0.04997482855
0.06059519994
0.07163790011
0.08284608549
0.04102513688
0.05046915822
0.06042908294
0.07073616458
0.08116283015
0.04243424532
0.0512624098
0.06059731106
0.07029328656
0.0802051281
0.04410689379
0.05233582496
0.06109309724
0.07025914446
0.07973646737
0.04597100764
0.05361923213
0.06182715879
0.0704839675
0.07949747219
0.0479519386
0.05502832329
0.06268806206
0.07081778572
0.07932097929
0.04999181578
0.05650885487
0.0636224101
0.07121220852
0.07916848081
0.0520840321
0.05806691805
0.0646513353
0.07170934363
0.07911539762
0.05425371616
0.05973931969
0.0658271993
0.07238758093
0.07928988029
0.05654497568
0.06157944205
0.06721382775
0.07332398339
0.07978009879
0.05899611592
0.06362717389
0.06885356337
0.07455756105
0.08060877542
0.06161580339
0.06588458955
0.07073915564
0.07606599156
0.08173059491
0.06438154203
0.06832176715
0.07283117997
0.07779821033
0.08308142388
0.06725193223
0.07089029144
0.07507342793
0.0796877853
0.08458720761
0.07018437367
0.07354314093
0.07741253061
0.08167454729
0.08619105794
0.07315375873
0.07624666416
0.07980369323
0.0837064662
0.08785094289
0.07614660744
0.07897115698
0.08220225348
0.08574131757
0.08954616675
0.07913666406
0.08167051963
0.08456289634
0.08776330377
0.09129517819
0.082042316
0.08427933007
0.0868698389
0.08981714256
0.09319002777
0.08476420515
0.0867723393
0.0891691362
0.09199567575
0.09534733562
0.08733362556
0.0892318546
0.09156711273
0.09440559359
0.09784730566
0.0899286426
0.09183544379
0.09423706459
0.09721321524
0.1007528699
0.09278627972
0.09481379694
0.09739905996
0.1005278614
0.1038891466
0.09621392076
0.09845383059
0.1011761921
0.1041463049
0.1070563554
0.1005308714
0.102775914
0.1052601892
0.1077707148
0.1100737369
0.1053495507
0.1072484915
0.1092431218
0.1111504235
0.1127788181
0.1099879445
0.1114059415
0.1128240251
0.1140850394
0.1150308779
0.1140542667
0.1149609507
0.1157927834
0.1164196357
0.1167152727
0.1173050185
0.1177181125
0.1179963036
0.1180373903
0.1177454496
0.1195770253
0.1195440964
0.1193306987
0.1188613635
0.1180674984
0.1207760646
0.1203672901
0.1197458732
0.1188600828
0.1176649013
0.1208888196
0.1201874347
0.1192531698
0.1180541034
0.1165640283
0.1199855142
0.1190770706
0.1179254472
0.1165140131
0.1148307193
0.1182041643
0.1171672461
0.1158848587
0.1143515177
0.1125649165
0.1157225976
0.1146227808
0.113281261
0.111699426
0.1098816612
0.1127297459
0.1116166679
0.1102695983
0.1086943815
0.1068991313
0.1094002857
0.10830852
0.1069932679
0.1054627816
0.1037270852
0.1058819682
0.1048337128
0.1035741294
0.1021124423
0.1004593574
0.1022907625
0.1012986248
0.1001080591
0.09872840587
0.09717028135
0.09871107484
0.09778086465
0.09666523982
0.09537317001
0.09391474584
0.09520036485
0.09433342837
0.09329378977
0.09208980129
0.09073081306
0.09179496508
0.09098991709
0.09002432547
0.08890582624
0.08764295062
0.08851586641
0.08776981221
0.08687468438
0.08583738882
0.08466563769
0.08537332937
0.08468263157
0.08385358303
0.08289239107
0.08180599055
0.08237077121
0.08173155489
0.08096395981
0.08007354657
0.07906653277
0.07950681533
0.07891520194
0.07820444921
0.07737953133
0.07644601592
0.07677798097
0.07623028753
0.07557200585
0.0748075832
0.07394200266
0.07417825837
0.07367098595
0.07306102344
0.07235234958
0.07154942722
0.07170277454
0.07123275095
0.07066734521
0.07001011787
0.06926506685
0.06934317488
0.06890737928
0.06838294593
0.06777306797
0.06708133407
0.06709749422
0.06669335531
0.06620684038
0.06564081148
0.06499848727
0.06495755265
0.06458244252
0.06413073228
0.06360499921
0.06300814248
0.06295318782
0.06260503749
0.06218565109
0.06169733411
0.06114268045
0.06126093309
0.06093496268
0.06054215904
0.06008461042
0.05956466997
0.008757537719
0.001057634344
0.0001591956816
3.233818764e-05
8.412625351e-06
2.400129364e-06
7.237040665e-07
2.514292467e-07
1.079726798e-07
5.611392249e-08
3.274862186e-08
2.020617453e-08
1.275548551e-08
8.105582505e-09
5.141740334e-09
3.239791587e-09
2.021563657e-09
1.246509952e-09
7.584080219e-10
4.547846747e-10
2.685435987e-10
1.560270592e-10
8.913658076e-11
5.003655385e-11
2.758371106e-11
1.49274762e-11
7.928429871e-12
4.132632294e-12
2.114196309e-12
1.061778487e-12
5.236539378e-13
2.537597166e-13
1.209392914e-13
5.677254757e-14
2.63152145e-14
1.208890122e-14
5.530690325e-15
2.532417376e-15
1.164171678e-15
5.369702398e-16
2.47279118e-16
1.128219422e-16
5.062599584e-17
2.226450136e-17
9.637237143e-18
4.174738708e-18
1.871969185e-18
9.119212036e-19
5.033325155e-19
3.167112336e-19
2.202684608e-19
1.625485264e-19
1.232249706e-19
9.368328543e-20
6.979668094e-20
4.938506631e-20
3.136627147e-20
1.597536769e-20
4.640548943e-21
4.543469306e-22
0.01449535796
0.002306667717
0.0004011918487
8.732145608e-05
2.50882868e-05
8.861862619e-06
3.740909666e-06
1.863441803e-06
1.025014101e-06
5.944262707e-07
3.510858051e-07
2.089494673e-07
1.245203702e-07
7.41896739e-08
4.414285025e-08
2.620578933e-08
1.550738356e-08
9.134976172e-09
5.349610615e-09
3.109363109e-09
1.790774543e-09
1.020410541e-09
5.745089942e-10
3.191797528e-10
1.747892539e-10
9.427001588e-11
5.004452923e-11
2.613818611e-11
1.342745758e-11
6.782837157e-12
3.36919504e-12
1.646262093e-12
7.919372153e-13
3.756667722e-13
1.762228845e-13
8.209726621e-14
3.818602854e-14
1.781814921e-14
8.356500885e-15
3.928182348e-15
1.83763742e-15
8.47724836e-16
3.826078202e-16
1.683720171e-16
7.255956913e-17
3.113003783e-17
1.374815527e-17
6.567403386e-18
3.554201567e-18
2.203994735e-18
1.520852132e-18
1.119103995e-18
8.481771334e-19
6.453533744e-19
4.81272574e-19
3.409436339e-19
2.175569599e-19
1.129854773e-19
3.653990679e-20
4.89129487e-21
0.0162588887
0.002863721185
0.0005349665174
0.0001490972616
5.862902794e-05
2.892594254e-05
1.595454089e-05
9.437126035e-06
5.700458206e-06
3.476095127e-06
2.10170663e-06
1.260116771e-06
7.456039578e-07
4.35954113e-07
2.518518183e-07
1.440273864e-07
8.169741187e-08
4.606107825e-08
2.586115757e-08
1.447000896e-08
8.066690731e-09
4.475406266e-09
2.46772147e-09
1.350196912e-09
7.319468932e-10
3.926648828e-10
2.082514097e-10
1.090883123e-10
5.63986365e-11
2.875929936e-11
1.445791203e-11
7.165790284e-12
3.503801514e-12
1.692995972e-12
8.109902311e-13
3.870438859e-13
1.850662134e-13
8.900449347e-14
4.303162816e-14
2.078873568e-14
9.935862068e-15
4.648303074e-15
2.111320513e-15
9.280888131e-16
3.965033047e-16
1.672028965e-16
7.184406467e-17
3.306126431e-17
1.718006003e-17
1.030909947e-17
6.97673114e-18
5.090684993e-18
3.849732165e-18
2.9304333e-18
2.187862144e-18
1.552053938e-18
9.947866682e-19
5.227567703e-19
1.773989785e-19
2.680804809e-20
0.02525110134
0.005916092854
0.001054207555
0.0003087340049
0.0001503294816
8.879821445e-05
5.534856513e-05
3.511413765e-05
2.230071978e-05
1.410035918e-05
8.810195278e-06
5.433784023e-06
3.296327823e-06
1.967116913e-06
1.152768593e-06
6.639917007e-07
3.759646134e-07
2.097342722e-07
1.155180836e-07
6.301325013e-08
3.413034747e-08
1.839253341e-08
9.871024803e-09
5.277540867e-09
2.81008566e-09
1.488887409e-09
7.841385004e-10
4.100132634e-10
2.126067801e-10
1.092240663e-10
5.555686854e-11
2.797251471e-11
1.394751386e-11
6.898051311e-12
3.395346345e-12
1.671658353e-12
8.273314944e-13
4.123439701e-13
2.061595989e-13
1.024331418e-13
4.997365159e-14
2.36713592e-14
1.080219774e-14
4.735186304e-15
2.00143396e-15
8.267746677e-16
3.433009986e-16
1.501758925e-16
7.336597659e-17
4.160886919e-17
2.712181836e-17
1.942540138e-17
1.459252082e-17
1.109736317e-17
8.295055042e-18
5.896826234e-18
3.799425546e-18
2.019994919e-18
7.1003756e-19
1.18227796e-19
0.03677430665
0.01168832649
0.002488756556
0.0006600003848
0.0003378246366
0.0002171540867
0.0001455310024
9.75779902e-05
6.508562475e-05
4.308472372e-05
2.821262476e-05
1.824078068e-05
1.161172359e-05
7.27016952e-06
4.466052756e-06
2.690729608e-06
1.587235798e-06
9.17175646e-07
5.188965741e-07
2.879499626e-07
1.569326125e-07
8.426377237e-08
4.468957443e-08
2.348540622e-08
1.226067062e-08
6.371904056e-09
3.300089167e-09
1.703662283e-09
8.762910619e-10
4.487279595e-10
2.285903025e-10
1.157928684e-10
5.834617971e-11
2.929707271e-11
1.471416071e-11
7.428803014e-12
3.783941922e-12
1.941991215e-12
9.966516933e-13
5.053352912e-13
2.498527392e-13
1.191678369e-13
5.444708148e-14
2.377208132e-14
9.949179375e-15
4.034851708e-15
1.621377579e-15
6.714672139e-16
3.03450048e-16
1.581481288e-16
9.64789248e-17
6.650441252e-17
4.911572858e-17
3.715383265e-17
2.777707879e-17
1.980781057e-17
1.284878634e-17
6.926093664e-18
2.515769361e-18
4.649056218e-19
0.05085211564
0.02179821918
0.006406973758
0.001549672499
0.0006861914775
0.000435972049
0.0003016510962
0.0002109191021
0.0001473117964
0.0001024081146
7.065842227e-05
4.826609474e-05
3.256512249e-05
2.16634567e-05
1.417639052e-05
9.111281396e-06
5.739757792e-06
3.539730819e-06
2.132789925e-06
1.255160138e-06
7.208350405e-07
4.044518129e-07
2.217874721e-07
1.191203474e-07
6.277969485e-08
3.258060424e-08
1.670206022e-08
8.486877008e-09
4.286383411e-09
2.156518754e-09
1.082273067e-09
5.422503824e-10
2.714946894e-10
1.361434908e-10
6.867047021e-11
3.501642403e-11
1.808998497e-11
9.426998386e-12
4.902776647e-12
2.508819444e-12
1.245608802e-12
5.937632224e-13
2.700950818e-13
1.170420277e-13
4.847618893e-14
1.93711083e-14
7.598526047e-15
3.013331571e-15
1.266509941e-15
5.992007127e-16
3.329738244e-16
2.152145573e-16
1.537210326e-16
1.14761652e-16
8.561203105e-17
6.132023932e-17
4.018970926e-17
2.210229343e-17
8.351239805e-18
1.728276132e-18
0.065413469
0.03435335587
0.01368726854
0.003977997933
0.001337729251
0.0007448428579
0.0005071055083
0.000362154898
0.0002615824223
0.0001891512758
0.0001363401085
9.771613995e-05
6.949883091e-05
4.896657377e-05
3.411845527e-05
2.346482052e-05
1.589198079e-05
1.057420324e-05
6.894246121e-06
4.396210183e-06
2.73610862e-06
1.660136658e-06
9.804560563e-07
5.633311542e-07
3.14735684e-07
1.712213585e-07
9.08017264e-08
4.705222424e-08
2.389139354e-08
1.193569619e-08
5.893382974e-09
2.889692753e-09
1.413719272e-09
6.935375807e-10
3.433395463e-10
1.727881268e-10
8.865766964e-11
4.608276812e-11
2.394672205e-11
1.224057569e-11
6.060144939e-12
2.874556171e-12
1.298072215e-12
5.569035262e-13
2.278187242e-13
8.974583784e-14
3.456634194e-14
1.330426271e-14
5.294118953e-15
2.292506288e-15
1.143512046e-15
6.7360197e-16
4.543924184e-16
3.30434859e-16
2.447676574e-16
1.761916596e-16
1.172226957e-16
6.634664788e-17
2.645548856e-17
6.194637869e-18
0.07709967571
0.04666366721
0.02378536863
0.008952562323
0.002859037389
0.001250707417
0.0007682752014
0.000539288568
0.0003937014543
0.0002909200744
0.0002155257243
0.0001593970529
0.0001174117522
8.600776519e-05
6.257986848e-05
4.517445251e-05
3.230978444e-05
2.286276803e-05
1.597373592e-05
1.099163355e-05
7.427061634e-06
4.912251137e-06
3.16938613e-06
1.989374501e-06
1.212326546e-06
7.163936229e-07
4.100501421e-07
2.272450255e-07
1.219638277e-07
6.351048812e-08
3.217050916e-08
1.591819617e-08
7.740800097e-09
3.729578133e-09
1.797168837e-09
8.758912508e-10
4.359590188e-10
2.211172194e-10
1.127916837e-10
5.691171936e-11
2.794384977e-11
1.317413946e-11
5.914135866e-12
2.518482546e-12
1.019704466e-12
3.965973143e-13
1.50456889e-13
5.66744177e-14
2.169924642e-14
8.756741638e-15
3.926048015e-15
2.056456714e-15
1.267410067e-15
8.769187454e-16
6.376204082e-16
4.594705244e-16
3.10378288e-16
1.811090007e-16
7.645166126e-17
2.021213955e-17
0.08667209386
0.05708306102
0.03347047145
0.01628316617
0.005903611293
0.002175282242
0.001138202753
0.0007507952282
0.000542066904
0.0004036844224
0.0003039595891
0.0002295895693
0.0001733168623
0.0001304989187
9.787920553e-05
7.305549622e-05
5.4209293e-05
3.994845218e-05
2.920127223e-05
2.114054878e-05
1.512933894e-05
1.06791661e-05
7.416287222e-06
5.050507922e-06
3.360076774e-06
2.175919686e-06
1.366021879e-06
8.287629408e-07
4.849745449e-07
2.73523822e-07
1.486415466e-07
7.789872462e-08
3.948450847e-08
1.946902915e-08
9.415066729e-09
4.509662174e-09
2.166259619e-09
1.053787583e-09
5.16902984e-10
2.52477164e-10
1.212513454e-10
5.659100432e-11
2.53498573e-11
1.079144242e-11
4.350134224e-12
1.677282034e-12
6.28943759e-13
2.330229277e-13
8.678649962e-14
3.329970832e-14
1.369437693e-14
6.370528566e-15
3.492232464e-15
2.229461186e-15
1.560645674e-15
1.116293218e-15
7.640055801e-16
4.601612043e-16
2.064620872e-16
6.149652418e-17
0.09457361175
0.06750480494
0.04276894325
0.02419902489
0.01100453
0.004001597465
0.001742832423
0.001036047849
0.0007210044306
0.0005333385894
0.0004040022016
0.0003090437327
0.0002372625486
0.0001822348863
0.0001397716112
0.0001069173255
8.148775136e-05
6.182472395e-05
4.66497377e-05
3.496968376e-05
2.600453394e-05
1.915977689e-05
1.395806248e-05
1.003084256e-05
7.091588319e-06
4.917375382e-06
3.333807198e-06
2.201775062e-06
1.410681668e-06
8.731835794e-07
5.201173776e-07
2.973501565e-07
1.630880245e-07
8.598325529e-08
4.375736935e-08
2.161725293e-08
1.043103821e-08
4.95931405e-09
2.339870712e-09
1.096239104e-09
5.063785775e-10
2.292274279e-10
1.012600735e-10
4.3281178e-11
1.763818936e-11
6.823077632e-12
2.543908257e-12
9.311169853e-13
3.396581169e-13
1.256154718e-13
4.842122026e-14
2.034422749e-14
9.834619829e-15
5.622672864e-15
3.684052572e-15
2.574463491e-15
1.774240973e-15
1.102506508e-15
5.275672443e-16
1.761645721e-16
0.09987153814
0.07741226708
0.05222357949
0.03249701107
0.01754794356
0.007424156794
0.002912590598
0.001482171896
0.0009601627273
0.0006935990718
0.0005231022721
0.0004020395468
0.0003117668633
0.0002427229873
0.0001891831727
0.0001473592629
0.0001145695456
8.881247262e-05
6.861558502e-05
5.278228747e-05
4.03759805e-05
3.067064178e-05
2.309859719e-05
1.721502769e-05
1.267000175e-05
9.187019832e-06
6.546381387e-06
4.571700884e-06
3.119456091e-06
2.072795392e-06
1.336647478e-06
8.332687899e-07
5.001393415e-07
2.88106173e-07
1.591188221e-07
8.436559651e-08
4.30301915e-08
2.11398236e-08
1.002932649e-08
4.619615584e-09
2.077963583e-09
9.130791729e-10
3.915553468e-10
1.640593816e-10
6.706168223e-11
2.646055628e-11
9.999921041e-12
3.648351712e-12
1.308743801e-12
4.702092891e-13
1.727730235e-13
6.705046899e-14
2.887681568e-14
1.452677876e-14
8.627649088e-15
5.744132308e-15
3.936821023e-15
2.514471369e-15
1.285129894e-15
4.777092159e-16
0.1020669054
0.08566267179
0.06116303352
0.04036722275
0.02467257565
0.01293031543
0.00545248635
0.002362093594
0.001328306475
0.0009028779811
0.0006670460304
0.0005102483605
0.0003968616565
0.0003112713233
0.0002450547597
0.0001933180761
0.0001526000713
0.0001203471343
9.471617007e-05
7.43184867e-05
5.806465868e-05
4.511224123e-05
3.480474522e-05
2.662414539e-05
2.015833951e-05
1.507772776e-05
1.111726446e-05
8.062016441e-06
5.73586034e-06
3.993112711e-06
2.712483473e-06
1.792640737e-06
1.148991996e-06
7.119419652e-07
4.252103032e-07
2.442254855e-07
1.346153188e-07
7.103101584e-08
3.579121706e-08
1.718560287e-08
7.879731705e-09
3.471210847e-09
1.477129948e-09
6.095723428e-10
2.451137338e-10
9.643897166e-11
3.700881066e-11
1.375956068e-11
4.952226229e-12
1.74772938e-12
6.188060726e-13
2.261240723e-13
8.861535933e-14
3.927927113e-14
2.060025686e-14
1.265197994e-14
8.447258053e-15
5.500151531e-15
2.998593985e-15
1.23083039e-15
0.1026718441
0.09215591457
0.06944736585
0.04802191284
0.03130889558
0.018861571
0.009782511033
0.004286330996
0.002031883338
0.001207975263
0.0008385049297
0.0006250331076
0.0004808285398
0.0003769237702
0.0002972621876
0.000236931332
0.0001893480078
0.0001514035837
0.0001209339073
9.637319713e-05
7.653543528e-05
6.050278837e-05
4.755183898e-05
3.710643201e-05
2.870515803e-05
2.197654575e-05
1.662006798e-05
1.239060507e-05
9.086359786e-06
6.539395636e-06
4.60813136e-06
3.171807035e-06
2.127065805e-06
1.386194126e-06
8.75672178e-07
5.348445356e-07
3.150032888e-07
1.783159073e-07
9.661778247e-08
4.991042142e-08
2.448416156e-08
1.138672748e-08
5.027853845e-09
2.11432493e-09
8.542770075e-10
3.345460697e-10
1.277136808e-10
4.777906564e-11
1.74970863e-11
6.246014747e-12
2.187031535e-12
7.672420009e-13
2.79284204e-13
1.108231782e-13
5.088778604e-14
2.797847078e-14
1.771127918e-14
1.16009673e-14
6.715016711e-15
3.018763277e-15
0.1021550747
0.09719292527
0.07739757525
0.05581858136
0.03819883347
0.02480124535
0.01491743295
0.007839481432
0.003604736818
0.001780159576
0.001058326641
0.0007250840153
0.0005373689049
0.0004153928251
0.0003258905716
0.0002606150854
0.0002095913577
0.0001690693659
0.000136492022
0.0001100947133
8.86070459e-05
7.107587887e-05
5.676291487e-05
4.508121745e-05
3.555759171e-05
2.780756343e-05
2.151995764e-05
1.644500099e-05
1.2381774e-05
9.165148566e-06
6.654544545e-06
4.728834089e-06
3.282432184e-06
2.221405042e-06
1.462937245e-06
9.356644249e-07
5.798179048e-07
3.471616187e-07
2.001432273e-07
1.106327e-07
5.835677386e-08
2.921907313e-08
1.383390087e-08
6.183792289e-09
2.615704065e-09
1.053695591e-09
4.074349705e-10
1.525766883e-10
5.586750127e-11
2.009939449e-11
7.109349359e-12
2.479787382e-12
8.679620347e-13
3.172682886e-13
1.291522845e-13
6.266299827e-14
3.66097795e-14
2.365552589e-14
1.439860295e-14
7.047565779e-15
0.1005943699
0.1006624276
0.08473517493
0.06375003461
0.04535907548
0.03102778156
0.02025339991
0.01235697369
0.006691900739
0.003144000825
0.001496439264
0.0008360829163
0.0005490916485
0.0004018551009
0.0003093090687
0.0002447912584
0.0001967331092
0.0001594759979
0.0001298490014
0.0001059048301
8.635478275e-05
7.029122322e-05
5.704337795e-05
4.609719559e-05
3.704707311e-05
2.956837796e-05
2.339800891e-05
1.832051138e-05
1.415989973e-05
1.077633889e-05
8.057886513e-06
5.905889596e-06
4.232075117e-06
2.959727055e-06
2.017609688e-06
1.33857287e-06
8.630958622e-07
5.400381904e-07
3.270760034e-07
1.910913316e-07
1.072427692e-07
5.753164954e-08
2.934523173e-08
1.416095563e-08
6.438462467e-09
2.755195222e-09
1.114045339e-09
4.291459253e-10
1.591571692e-10
5.742857159e-11
2.033940728e-11
7.10583695e-12
2.464284215e-12
8.682130391e-13
3.26796989e-13
1.418876095e-13
7.523037397e-14
4.68276184e-14
2.949449299e-14
1.564844096e-14
0.09795201801
0.102544943
0.09080272441
0.07143922843
0.05260942322
0.03740246775
0.02574855502
0.01703214361
0.01062515517
0.005908397704
0.002737552602
0.001164793235
0.0005790681398
0.0003583783559
0.000255307949
0.0001953827455
0.0001550296633
0.0001254718419
0.0001026942869
8.457107626e-05
6.985007591e-05
5.772953248e-05
4.766020286e-05
3.924502158e-05
3.218476109e-05
2.624703469e-05
2.124838599e-05
1.704269866e-05
1.351240937e-05
1.056430752e-05
8.125314444e-06
6.134285948e-06
4.536236806e-06
3.278327295e-06
2.310936662e-06
1.586909934e-06
1.060285291e-06
6.885799087e-07
4.340333039e-07
2.650495642e-07
1.564009515e-07
8.881021597e-08
4.828204414e-08
2.499734661e-08
1.22593181e-08
5.667497277e-09
2.462136102e-09
1.005022388e-09
3.874294112e-10
1.426354182e-10
5.084940358e-11
1.778404357e-11
6.166994056e-12
2.151616933e-12
7.808671246e-13
3.149404184e-13
1.528563403e-13
9.023079786e-14
5.771095677e-14
3.298224914e-14
0.0945951878
0.1030657865
0.09544997293
0.07830532271
0.05971952406
0.04380367546
0.03132753048
0.02179865859
0.01462124248
0.009240173413
0.00514191385
0.002245532827
0.0008169380362
0.0003578928036
0.0002095235885
0.0001458819999
0.0001105874058
8.764103025e-05
7.119771287e-05
5.867099956e-05
4.874674087e-05
4.068082913e-05
3.401105229e-05
2.842871754e-05
2.371586919e-05
1.971150059e-05
1.629328736e-05
1.336711754e-05
1.086059873e-05
8.718429363e-06
6.897568742e-06
5.363940727e-06
4.089968016e-06
3.0507977e-06
2.221781643e-06
1.578099372e-06
1.092493488e-06
7.360467357e-07
4.817903914e-07
3.059247931e-07
1.880879412e-07
1.117480008e-07
6.397059628e-08
3.510304611e-08
1.835957594e-08
9.102639236e-09
4.256383751e-09
1.869375925e-09
7.698147921e-10
2.981230475e-10
1.096043138e-10
3.886481126e-11
1.353830405e-11
4.719393426e-12
1.6916437e-12
6.576153157e-13
3.004416456e-13
1.687204244e-13
1.080934419e-13
6.601403663e-14
0.09228647045
0.1028757908
0.09884587249
0.08425253487
0.06641441228
0.05013669242
0.03693014821
0.02661982157
0.01867161022
0.0125648943
0.007858768605
0.004168025444
0.001595973947
0.0005068963756
0.0002100598466
0.000119799933
8.189255829e-05
6.12696072e-05
4.808946495e-05
3.878721324e-05
3.182120972e-05
2.638966835e-05
2.203092568e-05
1.846088467e-05
1.549257475e-05
1.299345877e-05
1.086838229e-05
9.047994382e-06
7.480864255e-06
6.128735556e-06
4.963067265e-06
3.962503764e-06
3.110922487e-06
2.395576397e-06
1.80521161e-06
1.328777362e-06
9.541289126e-07
6.673587939e-07
4.541198873e-07
3.001385025e-07
1.922277538e-07
1.190237309e-07
7.108929051e-08
4.088175708e-08
2.25408625e-08
1.184446665e-08
5.898593775e-09
2.769917074e-09
1.221339004e-09
5.046660512e-10
1.959300685e-10
7.217691751e-11
2.568372642e-11
9.040167491e-12
3.245384957e-12
1.248233211e-12
5.548044156e-13
3.023490717e-13
1.936977956e-13
1.252981165e-13
0.09113030261
0.1024048053
0.1013271424
0.08938169817
0.07269083525
0.05636167232
0.04253553498
0.031488135
0.02278513264
0.01595442827
0.01058287339
0.006339121744
0.00299712442
0.0009485641041
0.000287670689
0.0001240288859
7.160744714e-05
4.833867248e-05
3.538777429e-05
2.712366955e-05
2.139393809e-05
1.720391975e-05
1.402385449e-05
1.154234671e-05
9.562086388e-06
7.950055273e-06
6.6215173e-06
5.511501168e-06
4.574653019e-06
3.778307018e-06
3.099021321e-06
2.518261176e-06
2.022116524e-06
1.600259394e-06
1.244814161e-06
9.494210357e-07
7.083491303e-07
5.158151113e-07
3.658334048e-07
2.521462626e-07
1.684964662e-07
1.089320313e-07
6.795612111e-08
4.078927624e-08
2.350683351e-08
1.296518053e-08
6.807618362e-09
3.384805957e-09
1.586049779e-09
6.977442687e-10
2.878638357e-10
1.118457007e-10
4.144377308e-11
1.498265788e-11
5.468707259e-12
2.122871722e-12
9.445727583e-13
5.128180556e-13
3.314940981e-13
2.253875088e-13
0.09039738796
0.1016598241
0.1030388987
0.0937433157
0.07854929552
0.06247422922
0.04819553339
0.03645333076
0.02701890597
0.0194792283
0.01345417063
0.008624603032
0.004748469893
0.001877818207
0.0005158667089
0.0001667944762
7.81815187e-05
4.637977762e-05
3.098208636e-05
2.205148556e-05
1.631827986e-05
1.240232899e-05
9.614778322e-06
7.569832342e-06
6.033313499e-06
4.854568664e-06
3.933704045e-06
3.203345472e-06
2.616948471e-06
2.140893195e-06
1.750120544e-06
1.427960129e-06
1.159817501e-06
9.350328259e-07
7.459169468e-07
5.868555097e-07
4.536638103e-07
3.434130684e-07
2.537705361e-07
1.825315309e-07
1.27420723e-07
8.609957488e-08
5.616501325e-08
3.525832125e-08
2.12326507e-08
1.223776876e-08
6.732804919e-09
3.519673896e-09
1.739813793e-09
8.09941948e-10
3.542325629e-10
1.457262101e-10
5.685822254e-11
2.144820265e-11
8.095072676e-12
3.231289985e-12
1.474200515e-12
8.178586166e-13
5.412199718e-13
3.851241892e-13
0.08973215634
0.1006228469
0.1040647694
0.09732872061
0.08388808831
0.06837871172
0.05387390366
0.04150966041
0.03138189182
0.0231566865
0.01649771653
0.01111669282
0.006778651544
0.003304999379
0.00106083871
0.0002881531545
0.0001059827487
5.368163866e-05
3.250878939e-05
2.148397225e-05
1.488245927e-05
1.061590611e-05
7.732443776e-06
5.725712227e-06
4.299037418e-06
3.267014431e-06
2.508081009e-06
1.942948524e-06
1.518654863e-06
1.1974109e-06
9.521892132e-07
7.633696432e-07
6.16170435e-07
4.993175148e-07
4.042054546e-07
3.253833396e-07
2.589509138e-07
2.026616124e-07
1.553292967e-07
1.161726218e-07
8.447250934e-08
5.952211303e-08
4.052191144e-08
2.656911835e-08
1.672135146e-08
1.007163557e-08
5.793077365e-09
3.173058993e-09
1.647999861e-09
8.083240109e-10
3.734466777e-10
1.625672204e-10
6.709717796e-11
2.669484966e-11
1.058210082e-11
4.426649689e-12
2.116530891e-12
1.226845305e-12
8.43619622e-13
6.275208006e-13
0.08900936401
0.09931348959
0.1044898561
0.100147213
0.0886130916
0.07396313671
0.05946168819
0.04662449318
0.03585339201
0.0269756428
0.01969951241
0.0137612081
0.008942626177
0.005068917388
0.002129764333
0.0005934098892
0.0001739354275
7.265140124e-05
3.923658917e-05
2.41483289e-05
1.583695639e-05
1.07445646e-05
7.438345373e-06
5.218436203e-06
3.697081459e-06
2.640551271e-06
1.899920139e-06
1.376840103e-06
1.005487623e-06
7.418217029e-07
5.547914458e-07
4.22020791e-07
3.274218894e-07
2.59086968e-07
2.082600721e-07
1.688212301e-07
1.367966476e-07
1.098674753e-07
8.678048107e-08
6.71104544e-08
5.05509291e-08
3.694747921e-08
2.61261194e-08
1.781263686e-08
1.166896583e-08
7.322496372e-09
4.390723592e-09
2.510793367e-09
1.365433135e-09
7.035875761e-10
3.42648529e-10
1.577606297e-10
6.906177094e-11
2.919944078e-11
1.232470063e-11
5.508919916e-12
2.821846772e-12
1.742167893e-12
1.259962177e-12
9.800368323e-13
0.08823072099
0.09783281267
0.1044111075
0.1022219297
0.09263500172
0.07908568475
0.06483572142
0.05174291721
0.04041692087
0.0309444749
0.02309137155
0.01662444161
0.01134078394
0.007064529292
0.003640527747
0.001283016884
0.0003432822075
0.0001148360973
5.335962486e-05
3.021086524e-05
1.881109884e-05
1.226774941e-05
8.195766048e-06
5.547952e-06
3.782333278e-06
2.587328738e-06
1.771663275e-06
1.212877279e-06
8.301274382e-07
5.693002513e-07
3.932750386e-07
2.755353687e-07
1.9736827e-07
1.457025196e-07
1.112347247e-07
8.748875355e-08
7.019477619e-08
5.674145778e-08
4.56614303e-08
3.622523614e-08
2.811484374e-08
2.12181697e-08
1.550657195e-08
1.094281485e-08
7.42332883e-09
4.8258366e-09
3.001006663e-09
1.78189304e-09
1.00874404e-09
5.433584937e-10
2.779304388e-10
1.350848601e-10
6.279208199e-11
2.839191696e-11
1.293645845e-11
6.310716485e-12
3.54332914e-12
2.368203177e-12
1.815030211e-12
1.476914973e-12
0.08753369422
0.09644691794
0.1040431192
0.1036867532
0.09596093878
0.08365766701
0.06987616864
0.05670136177
0.04500568516
0.03499620428
0.02660737264
0.0196343037
0.01388910939
0.009209996288
0.005458566396
0.002530794539
0.0007775790962
0.0002168512518
8.177947369e-05
4.096229767e-05
2.393042802e-05
1.502682602e-05
9.77341596e-06
6.468702804e-06
4.31579931e-06
2.885999594e-06
1.926862066e-06
1.280855305e-06
8.457469421e-07
5.535875079e-07
3.598045998e-07
2.337319166e-07
1.530945303e-07
1.022911138e-07
7.065400429e-08
5.094310098e-08
3.836249146e-08
2.98894278e-08
2.373297979e-08
1.89057364e-08
1.491007824e-08
1.15255642e-08
8.668528186e-09
6.308273833e-09
4.419935023e-09
2.966821892e-09
1.905833554e-09
1.169196695e-09
6.844845545e-10
3.826379659e-10
2.044348489e-10
1.045603685e-10
5.160525356e-11
2.509601797e-11
1.252338483e-11
6.81519516e-12
4.280015735e-12
3.128284443e-12
2.545389888e-12
2.165291912e-12
0.08715093694
0.09552977547
0.1036062196
0.1046711519
0.09862425067
0.08763030709
0.07450602031
0.06143290631
0.04952243342
0.03910195064
0.03023123874
0.02278686834
0.0165976814
0.01150898262
0.007384637718
0.00410855217
0.001690872754
0.0004746719291
0.0001430851697
6.015966752e-05
3.204578754e-05
1.921467159e-05
1.217522897e-05
7.92093443e-06
5.216156721e-06
3.448859102e-06
2.277413745e-06
1.495949118e-06
9.74281211e-07
6.273283061e-07
3.983004007e-07
2.493915186e-07
1.546529195e-07
9.572770058e-08
5.986949094e-08
3.843700675e-08
2.573233587e-08
1.811972875e-08
1.337678474e-08
1.021249553e-08
7.918095004e-09
6.129496348e-09
4.673665623e-09
3.474864539e-09
2.500225626e-09
1.731025665e-09
1.148466065e-09
7.279166912e-10
4.402552231e-10
2.543837483e-10
1.412742539e-10
7.583126989e-11
3.984475315e-11
2.106020493e-11
1.172606417e-11
7.255296194e-12
5.138621622e-12
4.097189102e-12
3.519864038e-12
3.119228795e-12
0.08716210431
0.09512760495
0.1032927199
0.1053785607
0.1007484265
0.09102834074
0.07868346926
0.06587336124
0.05387795894
0.04319568163
0.03391245764
0.02604706478
0.01944919577
0.01397458711
0.009491149936
0.005873195091
0.003001943675
0.001055100049
0.0002866752297
9.758886247e-05
4.547180249e-05
2.551529227e-05
1.563093172e-05
9.977500996e-06
6.493248607e-06
4.259704475e-06
2.797536787e-06
1.830297268e-06
1.188188402e-06
7.626695211e-07
4.823580817e-07
2.997487377e-07
1.829686887e-07
1.099422889e-07
6.535673855e-08
3.880762886e-08
2.334837766e-08
1.448247324e-08
9.404784496e-09
6.436334497e-09
4.61426582e-09
3.410620494e-09
2.549505253e-09
1.894054947e-09
1.37950801e-09
9.752998426e-10
6.647965545e-10
4.34968752e-10
2.726544285e-10
1.639896231e-10
9.521158462e-11
5.399753512e-11
3.05733867e-11
1.7898196e-11
1.13230278e-11
8.003059523e-12
6.317063889e-12
5.407663063e-12
4.851098169e-12
4.480107013e-12
0.08754788921
0.09513244834
0.1031428682
0.1058973383
0.1024286299
0.09389584345
0.0824012576
0.06999218408
0.05804017769
0.04719152254
0.03762917184
0.02938207771
0.02240220238
0.01655559726
0.01171465373
0.007761810875
0.004592673531
0.002126884968
0.0006575609462
0.0001861350102
7.098525812e-05
3.558441941e-05
2.064367189e-05
1.281347926e-05
8.21174383e-06
5.340714661e-06
3.491408185e-06
2.280057024e-06
1.480476873e-06
9.519869097e-07
6.039960741e-07
3.767057601e-07
2.303398596e-07
1.380156447e-07
8.110340792e-08
4.687687842e-08
2.682458886e-08
1.535899932e-08
8.929435333e-09
5.360402142e-09
3.369185933e-09
2.227643698e-09
1.537714644e-09
1.089922637e-09
7.781360136e-10
5.501970993e-10
3.804914992e-10
2.553941815e-10
1.659108982e-10
1.044846434e-10
6.430727987e-11
3.934742515e-11
2.461281325e-11
1.631018828e-11
1.178849416e-11
9.354215216e-12
8.011794341e-12
7.218280763e-12
6.72616063e-12
6.472373321e-12
0.08823369475
0.09544638588
0.1031828003
0.1063384278
0.10378487
0.09631006097
0.08567627159
0.07376207885
0.06196614648
0.05104796821
0.04129115557
0.03274104052
0.02541966677
0.01922788596
0.01404623604
0.009761050265
0.006271416025
0.003495936391
0.00145016395
0.0004140603306
0.0001262923972
5.318551889e-05
2.818122808e-05
1.674799911e-05
1.049926363e-05
6.749206836e-06
4.386174047e-06
2.857958796e-06
1.856531075e-06
1.196953907e-06
7.629063944e-07
4.788790416e-07
2.949600141e-07
1.778829536e-07
1.049707574e-07
6.061334156e-08
3.430347728e-08
1.910895051e-08
1.0552978e-08
5.839648611e-09
3.284173684e-09
1.906864726e-09
1.157428166e-09
7.369621078e-10
4.883475373e-10
3.315096432e-10
2.266070331e-10
1.539742524e-10
1.033644077e-10
6.865600908e-11
4.557713903e-11
3.081647582e-11
2.175492154e-11
1.638802662e-11
1.327853727e-11
1.14727521e-11
1.039506789e-11
9.758516847e-12
9.436077369e-12
9.372792343e-12
0.0891500263
0.09601197619
0.1033926273
0.1067402078
0.1048875914
0.0983410387
0.08854411431
0.07718641763
0.0656400428
0.05473945132
0.04485825013
0.03609983315
0.02847900478
0.02197404613
0.01647750405
0.01188228658
0.008088616612
0.00500694495
0.002568339294
0.0009168110832
0.0002516183882
8.591418377e-05
3.997285471e-05
2.23148039e-05
1.356847607e-05
8.584996224e-06
5.532750982e-06
3.59112582e-06
2.331071227e-06
1.505543591e-06
9.633699985e-07
6.0839265e-07
3.777099937e-07
2.297917527e-07
1.367686932e-07
7.95660621e-08
4.522880102e-08
2.514306102e-08
1.370626802e-08
7.361378965e-09
3.923993389e-09
2.098436675e-09
1.141974121e-09
6.425615285e-10
3.786837117e-10
2.347734036e-10
1.522769534e-10
1.022387038e-10
7.042319664e-11
4.965479573e-11
3.60357362e-11
2.721185333e-11
2.16068728e-11
1.810414529e-11
1.592637039e-11
1.456978147e-11
1.377240297e-11
1.339756231e-11
1.336955856e-11
1.346601845e-11
0.0902317815
0.09678861804
0.1037598983
0.1071465908
0.1058094548
0.1000446929
0.09102600015
0.08025277131
0.06902917366
0.05822811312
0.04829596076
0.0393933858
0.03154215511
0.02475910302
0.01897200183
0.01408312998
0.00999714491
0.006630153719
0.003913427683
0.001802119184
0.0005556058703
0.000158567725
6.118031172e-05
3.081256881e-05
1.784659286e-05
1.102092158e-05
7.012304772e-06
4.521293584e-06
2.926891546e-06
1.890736919e-06
1.213035995e-06
7.697498016e-07
4.81219616e-07
2.952822171e-07
1.773941408e-07
1.041793347e-07
5.973881348e-08
3.34292557e-08
1.826447866e-08
9.760769531e-09
5.118225392e-09
2.646924478e-09
1.361343685e-09
7.054094692e-10
3.751033825e-10
2.092597105e-10
1.249211038e-10
8.061949399e-11
5.616368731e-11
4.187450452e-11
3.30910099e-11
2.750058305e-11
2.38719764e-11
2.149184682e-11
1.993632311e-11
1.900497851e-11
1.858445067e-11
1.857761454e-11
1.880388687e-11
1.894154821e-11
0.09144453928
0.0977612731
0.1042721979
0.1075675852
0.1065830551
0.1014666516
0.09315854138
0.08296631818
0.07211293757
0.06147774205
0.05155893109
0.04256861334
0.03456033783
0.02753887599
0.02149095059
0.01633036896
0.0119692966
0.008325641653
0.005332774609
0.002945736047
0.001203217758
0.0003422608727
0.0001062486913
4.541937851e-05
2.417920462e-05
1.434056892e-05
8.942341846e-06
5.70670012e-06
3.676323546e-06
2.371561529e-06
1.523433654e-06
9.701301955e-07
6.099522041e-07
3.771494312e-07
2.286020907e-07
1.355173604e-07
7.842914885e-08
4.426744019e-08
2.436001337e-08
1.307271852e-08
6.848226996e-09
3.509528491e-09
1.76675796e-09
8.806682017e-10
4.411569713e-10
2.277937791e-10
1.257352584e-10
7.703265519e-11
5.337280709e-11
4.133768596e-11
3.475109449e-11
3.082665897e-11
2.831220848e-11
2.664853045e-11
2.564431432e-11
2.520805988e-11
2.522929352e-11
2.551204897e-11
2.578316424e-11
2.587530968e-11
0.09276548554
0.09890229537
0.1049190339
0.108022913
0.1072467554
0.102634866
0.09494461687
0.08531369223
0.07486731659
0.06445849704
0.05461639873
0.04559661326
0.03748522617
0.03028679418
0.02401291389
0.01860911592
0.01399800329
0.01010368583
0.006858946196
0.004209349523
0.00212201239
0.0007418491821
0.0002047100361
7.154967066e-05
3.378345884e-05
1.892969468e-05
1.148134024e-05
7.224583486e-06
4.62182073e-06
2.973324887e-06
1.910286479e-06
1.219458866e-06
7.701694722e-07
4.792671722e-07
2.927292658e-07
1.750079091e-07
1.022143038e-07
5.822617411e-08
3.231685e-08
1.746685947e-08
9.192902713e-09
4.714171824e-09
2.359818694e-09
1.158485247e-09
5.638031578e-10
2.78297351e-10
1.452467934e-10
8.480336238e-11
5.773246243e-11
4.549295711e-11
3.966442156e-11
3.65932585e-11
3.479159322e-11
3.377425657e-11
3.337232438e-11
3.344128363e-11
3.375558705e-11
3.406322497e-11
3.422807918e-11
3.42553891e-11
0.09418975527
0.1001815713
0.1056894761
0.1085181664
0.1078195461
0.1035819712
0.09642100988
0.08730993356
0.077272546
0.06713117265
0.05742042448
0.04842571107
0.04026128775
0.03295040234
0.02649209855
0.02087894815
0.0160445041
0.01192078703
0.008443611439
0.00555985278
0.003230798553
0.001444762055
0.0004352360767
0.0001268575179
5.040192369e-05
2.575000259e-05
1.495806167e-05
9.213852337e-06
5.83068746e-06
3.73174838e-06
2.393914315e-06
1.529856315e-06
9.692965326e-07
6.062965869e-07
3.728808131e-07
2.247401079e-07
1.324295711e-07
7.61365433e-08
4.264007861e-08
2.323731539e-08
1.231378789e-08
6.343241593e-09
3.178141139e-09
1.552745146e-09
7.455471613e-10
3.587520885e-10
1.801890802e-10
1.008769532e-10
6.696053115e-11
5.285975677e-11
4.699415852e-11
4.443282861e-11
4.332155504e-11
4.300129654e-11
4.316921228e-11
4.352508264e-11
4.382960181e-11
4.398699694e-11
4.402137809e-11
4.400249396e-11
0.09575539159
0.1015843218
0.1065725946
0.1090536856
0.1083136651
0.104318989
0.09758151237
0.08894492567
0.07932324484
0.06948329746
0.05995158929
0.05103188482
0.04286240811
0.03548550405
0.02889714478
0.02311071572
0.01808256404
0.01375376081
0.01006509209
0.006962341269
0.004404928533
0.00237244969
0.0009302037109
0.0002616201039
8.424102205e-05
3.717013816e-05
2.005996916e-05
1.192514349e-05
7.413135573e-06
4.702267204e-06
3.00488939e-06
1.919376199e-06
1.218582981e-06
7.654339708e-07
4.736534525e-07
2.876296223e-07
1.709155637e-07
9.915272004e-08
5.604056727e-08
3.080993939e-08
1.645672296e-08
8.532237156e-09
4.292134523e-09
2.09749343e-09
1.001459898e-09
4.745070489e-10
2.315049129e-10
1.246592142e-10
8.014496641e-11
6.267378654e-11
5.625058667e-11
5.416887744e-11
5.380119673e-11
5.413809907e-11
5.463690496e-11
5.497187799e-11
5.509705144e-11
5.508413907e-11
5.502134502e-11
5.498037727e-11
0.09759594913
0.1031444169
0.1075700748
0.1096267096
0.1087344988
0.1048650625
0.0984558499
0.09023499832
0.08100781286
0.07148607096
0.06217622699
0.0533805265
0.04525415104
0.03785605612
0.03119490699
0.02527522336
0.0200883018
0.01558433556
0.01171116376
0.00841837492
0.005662899396
0.003413165457
0.001654947319
0.0005495417685
0.0001540989122
5.658481878e-05
2.753830318e-05
1.560626491e-05
9.480262115e-06
5.945401155e-06
3.779469566e-06
2.410645109e-06
1.532388498e-06
9.658305037e-07
6.008820211e-07
3.674597931e-07
2.201218293e-07
1.288273064e-07
7.348704782e-08
4.07753529e-08
2.197097577e-08
1.148016598e-08
5.810420058e-09
2.849588416e-09
1.359038798e-09
6.37666531e-10
3.039272055e-10
1.575447348e-10
9.738257805e-11
7.467084341e-11
6.721573395e-11
6.554702622e-11
6.588245227e-11
6.667454352e-11
6.720908911e-11
6.736734056e-11
6.731296527e-11
6.717767038e-11
6.705595036e-11
6.700530024e-11
0.09981007224
0.1048868958
0.1086718182
0.1102221345
0.1090771635
0.1052266407
0.0990527387
0.09119130564
0.08234868552
0.07315558379
0.06409110057
0.05545792398
0.04741724111
0.04004109011
0.03335014474
0.02734191866
0.02203379385
0.01738568224
0.01335336371
0.009891296475
0.006956703886
0.00451627604
0.002551250167
0.001084534633
0.0003170661998
9.651726431e-05
4.022457776e-05
2.103799408e-05
1.231144545e-05
7.583120368e-06
4.778994549e-06
3.037646252e-06
1.930788128e-06
1.219875675e-06
7.623669031e-07
4.692031285e-07
2.832470879e-07
1.672035071e-07
9.627057945e-08
5.393349662e-08
2.933919598e-08
1.546850869e-08
7.891940801e-09
3.894664967e-09
1.862087603e-09
8.694253641e-10
4.069464516e-10
2.033467218e-10
1.199624271e-10
8.915605522e-11
7.971174093e-11
7.817668248e-11
7.906013341e-11
8.006035339e-11
8.047823482e-11
8.046331536e-11
8.028557047e-11
8.007945617e-11
7.992006695e-11
7.986694622e-11
0.1022600346
0.1067361232
0.1098207731
0.1108022707
0.1093280149
0.105413771
0.09940083922
0.09184262786
0.08335549041
0.07449685851
0.06570288377
0.05726470286
0.0493471904
0.04203124284
0.03534740821
0.02929913924
0.02390346356
0.01914160251
0.01497656882
0.0113682813
0.00827664392
0.005665891183
0.003512714115
0.001816018381
0.0006704189348
0.0001883494108
6.437802565e-05
2.970935537e-05
1.636773055e-05
9.795692988e-06
6.088277158e-06
3.84566645e-06
2.440013841e-06
1.543536155e-06
9.68094532e-07
5.991820787e-07
3.643894254e-07
2.169453123e-07
1.260884192e-07
7.135214024e-08
3.92188106e-08
2.089111594e-08
1.076502876e-08
5.35982691e-09
2.578538538e-09
1.204605951e-09
5.575012283e-10
2.698614683e-10
1.511651481e-10
1.070646605e-10
9.364180416e-11
9.161995969e-11
9.281303503e-11
9.39136734e-11
9.423691175e-11
9.4099288e-11
9.382364919e-11
9.356125154e-11
9.338519252e-11
9.33341063e-11
0.1048361619
0.1086067777
0.1109471912
0.1113202275
0.1094676016
0.1054327785
0.09952511429
0.09222346065
0.08406420361
0.07553505463
0.06702184972
0.05880224801
0.05104076889
0.04382003965
0.03717865209
0.03112779847
0.02568026832
0.02083612692
0.0165657396
0.01283522415
0.009609098874
0.006853871757
0.004543653377
0.002664678955
0.001220266678
0.0003813138016
0.0001116071831
4.391977224e-05
2.222635854e-05
1.279657685e-05
7.809070082e-06
4.890575649e-06
3.09300834e-06
1.957035151e-06
1.230862902e-06
7.655965195e-07
4.688300642e-07
2.814999404e-07
1.651819132e-07
9.446596279e-08
5.251069247e-08
2.830001007e-08
1.475786715e-08
7.43406103e-09
3.613691803e-09
1.699960389e-09
7.8532245e-10
3.720294679e-10
1.975187285e-10
1.307033199e-10
1.094181534e-10
1.055418296e-10
1.067403775e-10
1.080134236e-10
1.083480027e-10
1.08112193e-10
1.07715592e-10
1.073740232e-10
1.071928971e-10
1.071478862e-10
0.1074236302
0.1104112438
0.1119800946
0.1117259192
0.1094696518
0.1052789519
0.09943539163
0.09235421158
0.0844978308
0.07629267094
0.06807610126
0.06009264121
0.05250774228
0.04541104976
0.03884273749
0.03282022083
0.02735354165
0.02245677625
0.01810726168
0.01427732094
0.01093638423
0.008053658911
0.005601721158
0.003562975968
0.001934411492
0.000772471941
0.000222531648
7.237231776e-05
3.195688168e-05
1.719228718e-05
1.016613051e-05
6.273589002e-06
3.942330214e-06
2.490379785e-06
1.568835505e-06
9.798458845e-07
6.03841102e-07
3.655923335e-07
2.166379515e-07
1.252629601e-07
7.048084187e-08
3.848814469e-08
2.035480897e-08
1.040597486e-08
5.135986603e-09
2.452049512e-09
1.144534286e-09
5.376009659e-10
2.721475463e-10
1.65641783e-10
1.288749779e-10
1.201458016e-10
1.206323754e-10
1.221493665e-10
1.22593591e-10
1.222696201e-10
1.217138457e-10
1.212839936e-10
1.210874492e-10
1.21046034e-10
0.1099038352
0.1120620524
0.112852385
0.111973671
0.1093114174
0.1049517181
0.0991480403
0.09226250448
0.08468954988
0.07679466732
0.06887479192
0.0611485113
0.05376427015
0.04681355421
0.04034366884
0.03437569809
0.02891856097
0.02399609483
0.01959212395
0.01568504622
0.01224948999
0.009258439742
0.006686012869
0.004511378134
0.002724733099
0.001335978494
0.0004611252602
0.0001331636678
4.929251298e-05
2.395762336e-05
1.350954835e-05
8.150796846e-06
5.067631646e-06
3.187948858e-06
2.008461179e-06
1.258405428e-06
7.799257302e-07
4.75968928e-07
2.84858746e-07
1.666167827e-07
9.49774843e-08
5.263153686e-08
2.82938208e-08
1.47321084e-08
7.425247928e-09
3.630259789e-09
1.730692043e-09
8.179510092e-10
4.013794224e-10
2.241701135e-10
1.568577244e-10
1.368978588e-10
1.346570666e-10
1.360790006e-10
1.366388737e-10
1.362082396e-10
1.355188592e-10
1.350430401e-10
1.34836947e-10
1.347955369e-10
0.1121605419
0.1134748305
0.1135014175
0.1120206801
0.1089688021
0.1044431837
0.09867371523
0.09197048018
0.08466770097
0.07707598432
0.06945181844
0.06198749077
0.05481802171
0.04803355906
0.04168392281
0.03579306924
0.03037271421
0.02544847056
0.02101277669
0.01704950046
0.01353833964
0.01045638919
0.007780344008
0.005489462569
0.003570759059
0.00202268312
0.0008711110271
0.000263458704
8.283182816e-05
3.505736477e-05
1.840891905e-05
1.075023155e-05
6.583155208e-06
4.114748982e-06
2.589006909e-06
1.62581882e-06
1.012787978e-06
6.227994548e-07
3.764610988e-07
2.228688752e-07
1.288458783e-07
7.257731784e-08
3.976765852e-08
2.118139388e-08
1.097470867e-08
5.533373586e-09
2.718979585e-09
1.313087018e-09
6.3913523e-10
3.331896835e-10
2.057999898e-10
1.606898724e-10
1.499926143e-10
1.497044049e-10
1.501210146e-10
1.495992533e-10
1.488688269e-10
1.483929501e-10
1.481942428e-10
1.481586244e-10
0.1140833836
0.1145713282
0.1138726089
0.1118325798
0.1084257614
0.1037546702
0.09802374604
0.09149690298
0.08445467537
0.07715835924
0.06982706887
0.06263104156
0.05569034945
0.04908578578
0.04287175462
0.03707711359
0.03171481776
0.02681013569
0.02236328433
0.01836327862
0.01479459091
0.01163839712
0.008874309493
0.006482543208
0.004446967217
0.002761466703
0.001435019361
0.0005422285421
0.000159168931
5.623320991e-05
2.633872834e-05
1.456867781e-05
8.705005894e-06
5.381942206e-06
3.373526868e-06
2.120442965e-06
1.326709695e-06
8.218127699e-07
5.017620358e-07
3.0084511e-07
1.766288391e-07
1.013543211e-07
5.680290524e-08
3.111321091e-08
1.665422847e-08
8.704800527e-09
4.443754913e-09
2.22140222e-09
1.098737305e-09
5.556071901e-10
3.090893504e-10
2.072171452e-10
1.721376299e-10
1.641335043e-10
1.629505372e-10
1.622403059e-10
1.615523266e-10
1.611224099e-10
1.609428221e-10
1.609134792e-10
0.1155739311
0.1152840687
0.113921659
0.111383361
0.1076710201
0.1028874711
0.09721030893
0.09086166298
0.08407502162
0.07706817893
0.07002673161
0.063097741
0.05639000343
0.04997946526
0.04391651549
0.03823226913
0.03294452938
0.02807787564
0.02363844735
0.01961983467
0.01601088806
0.01279673228
0.009960191593
0.007483567615
0.005350987221
0.003552326812
0.002087450863
0.0009701766281
0.0003193601839
9.877308839e-05
3.998665817e-05
2.043307888e-05
1.177704681e-05
7.16471081e-06
4.46285816e-06
2.803810432e-06
1.760678681e-06
1.09836768e-06
6.775603741e-07
4.118075035e-07
2.459535591e-07
1.441916677e-07
8.302382237e-08
4.695042784e-08
2.605730556e-08
1.418523103e-08
7.569493122e-09
3.958292916e-09
2.036208031e-09
1.04567214e-09
5.545521647e-10
3.228228494e-10
2.222490885e-10
1.865395419e-10
1.768724991e-10
1.743462068e-10
1.73418382e-10
1.73015093e-10
1.728582735e-10
1.728316318e-10
0.1165511896
0.1155592412
0.1136144401
0.1106531588
0.1066973849
0.1018420441
0.09623970238
0.0900754841
0.08354180465
0.07681915253
0.07006367928
0.06340220286
0.0569318804
0.05072129339
0.04481864343
0.03925902339
0.03406208717
0.02925055477
0.0248355299
0.02081490199
0.0171816163
0.01392455129
0.01102970841
0.008481654824
0.006265276593
0.004368218271
0.002785676288
0.001523744951
0.0006269131117
0.000192725015
6.633381758e-05
3.017038304e-05
1.64395537e-05
9.760777937e-06
6.019813649e-06
3.772974385e-06
2.376417256e-06
1.493300703e-06
9.316280268e-07
5.750025116e-07
3.503879973e-07
2.107824523e-07
1.25135169e-07
7.326700861e-08
4.230192094e-08
2.407761718e-08
1.349655862e-08
7.445548283e-09
4.04698429e-09
2.17632764e-09
1.168220456e-09
6.385762672e-10
3.717555625e-10
2.494699209e-10
2.033294541e-10
1.891118295e-10
1.850258594e-10
1.839543115e-10
1.837107683e-10
1.8367521e-10
0.1169562677
0.115360562
0.1129306103
0.1096335666
0.1055007288
0.100618746
0.09511638676
0.08914601315
0.08286512972
0.07642254791
0.0699491078
0.06355354724
0.05732158818
0.05131744295
0.04558691677
0.04016204529
0.03506628943
0.03032422635
0.02594923834
0.02194252523
0.01830050687
0.01501545034
0.01207640398
0.009470363006
0.007183659223
0.005203723647
0.003521805303
0.002138649352
0.001071284225
0.0003945396205
0.0001236451242
4.818642629e-05
2.402759282e-05
1.372117553e-05
8.330630601e-06
5.197102123e-06
3.279072975e-06
2.075286574e-06
1.31071067e-06
8.234593994e-07
5.138573327e-07
3.181635559e-07
1.952885211e-07
1.187929598e-07
7.159947022e-08
4.273327509e-08
2.523923679e-08
1.474566397e-08
8.518338914e-09
4.861867098e-09
2.737267987e-09
1.518626944e-09
8.37144578e-10
4.730329633e-10
2.975342134e-10
2.267739288e-10
2.022494536e-10
1.950250688e-10
1.934688869e-10
1.932511837e-10
0.1167555829
0.1146697497
0.1118620339
0.1083203588
0.1040801643
0.09921844861
0.09384269009
0.08807725346
0.0820505922
0.0758849959
0.06968991502
0.06355852927
0.05756657039
0.05177287224
0.04621989072
0.04093980029
0.03595798871
0.0312981955
0.0269771033
0.02299877018
0.0193625749
0.01606374961
0.01309414501
0.01044319311
0.00809905651
0.006050043598
0.004286632767
0.002805381282
0.001611883908
0.0007258613872
0.0002420217617
8.313221132e-05
3.69485535e-05
1.993261373e-05
1.184212226e-05
7.346606767e-06
4.648525338e-06
2.967074086e-06
1.899564218e-06
1.216812466e-06
7.786256419e-07
4.968893637e-07
3.159648384e-07
2.001053872e-07
1.261262098e-07
7.904763184e-08
4.92292166e-08
3.044786378e-08
1.867652185e-08
1.132419131e-08
6.754692947e-09
3.938111915e-09
2.231112705e-09
1.228465235e-09
6.675928095e-10
3.837010129e-10
2.600359289e-10
2.155684992e-10
2.037768366e-10
2.01700497e-10
0.1159450222
0.1134904988
0.1104145192
0.1067186291
0.10243956
0.09764410565
0.09242119105
0.08687210702
0.08110148492
0.07520998619
0.06928937007
0.06341961548
0.05766755405
0.05208684519
0.04671914564
0.04159459968
0.03673650214
0.03217088729
0.02791763035
0.02398163073
0.02036502998
0.01706584077
0.01407857132
0.01139503848
0.00900533088
0.006898934244
0.005066146062
0.003500192647
0.002201590791
0.001180508317
0.0004831340071
0.0001600787127
6.175454068e-05
3.041634713e-05
1.739661057e-05
1.068043278e-05
6.776689209e-06
4.370795994e-06
2.84630411e-06
1.864173634e-06
1.224737178e-06
8.062281253e-07
5.31340446e-07
3.502218931e-07
2.305955371e-07
1.514950805e-07
9.920706633e-08
6.467276108e-08
4.187152933e-08
2.681446703e-08
1.688927049e-08
1.039149393e-08
6.196938872e-09
3.551924255e-09
1.941251309e-09
1.009561695e-09
5.171370907e-10
2.98794002e-10
2.27199844e-10
2.112747947e-10
0.1145532562
0.1118496061
0.1086100427
0.1048450889
0.1005906145
0.09590381709
0.0908581819
0.08553646671
0.08002429496
0.07440499075
0.06875587192
0.06314582041
0.05763388481
0.05226896066
0.04709020478
0.04212762621
0.03740485754
0.03294498872
0.02877020585
0.02488894295
0.02130481957
0.018018081
0.0150255869
0.01232140862
0.009897599549
0.007745098844
0.005854812648
0.00421907086
0.002834099421
0.001704792084
0.0008479732636
0.0003233598034
0.0001140100393
4.976711446e-05
2.67124435e-05
1.604919883e-05
1.018037442e-05
6.648479448e-06
4.416449543e-06
2.964596107e-06
2.004262854e-06
1.362246989e-06
9.29771497e-07
6.364999484e-07
4.364001126e-07
2.99215054e-07
2.048355378e-07
1.397173412e-07
9.466653631e-08
6.344579595e-08
4.184340276e-08
2.698596752e-08
1.688761733e-08
1.015874225e-08
5.805149585e-09
3.103184609e-09
1.518201523e-09
6.814119174e-10
3.344574883e-10
2.363279139e-10
0.1126388853
0.1097965003
0.1064879529
0.1027294572
0.09855466032
0.09401305578
0.08916576848
0.08408089971
0.07882912575
0.07348001862
0.06809924734
0.06274648748
0.05747412693
0.0523267026
0.04734096775
0.04254662178
0.03796605933
0.03362096076
0.02953598554
0.02572109514
0.02218129307
0.01891889073
0.0159328612
0.01321936004
0.01077236429
0.008584407516
0.006647433378
0.004953881047
0.003498330314
0.002280886936
0.001309886796
0.0006041716996
0.0002222895675
8.766529203e-05
4.326135737e-05
2.510216476e-05
1.587124602e-05
1.048952273e-05
7.107761797e-06
4.893342711e-06
3.406256661e-06
2.390390922e-06
1.687621221e-06
1.1965454e-06
8.505235854e-07
6.0500223e-07
4.297662078e-07
3.040868014e-07
2.13615117e-07
1.483901859e-07
1.014475238e-07
6.785418109e-08
4.408343732e-08
2.757936638e-08
1.643470033e-08
9.189463091e-09
4.713572444e-09
2.134737079e-09
8.329947305e-10
3.475860173e-10
0.1102871822
0.1073986758
0.1041001716
0.1004103277
0.09636061602
0.09199400532
0.08736189889
0.08252105667
0.07753057035
0.07244922626
0.06733332219
0.0622349144
0.05720065296
0.05227112287
0.04748073979
0.0428580261
0.03842631013
0.03420616525
0.03022001924
0.02648048608
0.02299538704
0.01976790889
0.0167989094
0.01408648626
0.01162646389
0.009412988626
0.00743921234
0.005698111181
0.004183583418
0.002892215656
0.001827021644
0.0009989817371
0.0004387773
0.0001684715255
7.530696846e-05
4.14203358e-05
2.588047599e-05
1.725000323e-05
1.190255046e-05
8.386682689e-06
5.992799092e-06
4.324815995e-06
3.143279321e-06
2.295510085e-06
1.680960047e-06
1.231709567e-06
9.009114649e-07
6.558580278e-07
4.736048214e-07
3.379321507e-07
2.372042366e-07
1.629321262e-07
1.088145345e-07
7.012534168e-08
4.320692366e-08
2.513583593e-08
1.355044862e-08
6.567269058e-09
2.671700311e-09
8.296245516e-10
0.107593897
0.1047331376
0.1015066028
0.09793381491
0.09404399718
0.08987472835
0.08546984055
0.08087737229
0.07614747548
0.07133049147
0.06647515931
0.06162728025
0.05682865617
0.0521164081
0.04752270995
0.04307485719
0.03879576777
0.03470489277
0.03082512924
0.0271699401
0.02374805471
0.02056470346
0.0176223036
0.01492061397
0.0124571233
0.01022752405
0.00822625499
0.006447132801
0.004884149544
0.003532627134
0.002391212086
0.001465533134
0.0007698299794
0.0003358247511
0.0001432743298
7.348870396e-05
4.455523844e-05
2.964533097e-05
2.068216189e-05
1.481461818e-05
1.07890191e-05
7.946797938e-06
5.899482617e-06
4.40228539e-06
3.294256813e-06
2.46617913e-06
1.842309874e-06
1.369298283e-06
1.009200501e-06
7.34760043e-07
5.261744017e-07
3.688764918e-07
2.517765696e-07
1.662317137e-07
1.053521246e-07
6.342966067e-08
3.571878488e-08
1.832721309e-08
8.057194418e-09
2.496187062e-09
0.1046575868
0.1018789678
0.09876927188
0.09534819754
0.09164257053
0.08768542017
0.08351466853
0.07917164421
0.07469955438
0.07014201956
0.06554171462
0.06093925973
0.05637229376
0.05187482039
0.04747688687
0.04320459372
0.03908035095
0.03512387708
0.03135713621
0.02779276921
0.02444170184
0.02131085521
0.01840348042
0.01572100964
0.01326256788
0.0110253679
0.009005167886
0.007196792416
0.005594758764
0.004194115279
0.00299173368
0.001988728123
0.001192921031
0.0006189579757
0.0002859556546
0.0001407245808
8.162548317e-05
5.32619672e-05
3.70217914e-05
2.664766785e-05
1.958109541e-05
1.458296678e-05
1.095909062e-05
8.284144151e-06
6.28248714e-06
4.768300812e-06
3.612682067e-06
2.724495141e-06
2.038520559e-06
1.507629689e-06
1.097492808e-06
7.828400559e-07
5.446404908e-07
3.676647821e-07
2.392349918e-07
1.487130702e-07
8.713888641e-08
4.700802551e-08
2.205555487e-08
7.500772045e-09
0.1015701056
0.09891019433
0.09594715597
0.09269995833
0.08919307055
0.08545578288
0.08152127915
0.07742556132
0.07320631501
0.06890178637
0.06454972403
0.0601864396
0.05584602952
0.05155978492
0.04735584955
0.0432591148
0.0392912974
0.03547125021
0.03182024716
0.02835203857
0.02507799041
0.02200595168
0.0191409811
0.0164856795
0.01404049064
0.01180397877
0.009773183252
0.007944036527
0.006311860249
0.00487199569
0.003620727737
0.002556833713
0.001684054385
0.001011442236
0.0005459057614
0.0002815628944
0.0001579130929
9.917637749e-05
6.743487899e-05
4.816790512e-05
3.540705393e-05
2.646981489e-05
2.000178849e-05
1.521735199e-05
1.162242663e-05
8.888871468e-06
6.790532985e-06
5.167588242e-06
3.905346019e-06
2.920777804e-06
2.153434769e-06
1.5591608e-06
1.103825679e-06
7.60556458e-07
5.071245407e-07
3.247729988e-07
1.975195871e-07
1.117053255e-07
5.576863587e-08
2.127057184e-08
0.09841046399
0.09589107857
0.09309167616
0.09002999318
0.08672819617
0.08321235629
0.07951175379
0.07565806874
0.07168451232
0.06762494696
0.06351303604
0.05938146241
0.05526125595
0.0511812695
0.04716782996
0.04324457997
0.03943254361
0.03575031457
0.03221847357
0.02885118992
0.02565933998
0.02265242019
0.01983673697
0.01721561379
0.0147909093
0.01256256399
0.01052892062
0.008687095684
0.007033416883
0.005564001299
0.004275561765
0.003166313811
0.00223510572
0.001483259078
0.0009170921933
0.0005340478495
0.0003081993903
0.0001883467272
0.0001241375721
8.688689684e-05
6.331741205e-05
4.724663906e-05
3.573061741e-05
2.724110609e-05
2.086591391e-05
1.601238141e-05
1.228299135e-05
9.394018303e-06
7.140926285e-06
5.378568231e-06
4.000745016e-06
2.928380373e-06
2.101158108e-06
1.471743373e-06
1.001614569e-06
6.58260646e-07
4.138619586e-07
2.444986774e-07
1.296313846e-07
5.517187112e-08
0.0952416093
0.09287324096
0.09024459614
0.08737190626
0.08427511285
0.08097744402
0.07750486808
0.07388545881
0.07014870758
0.06632481579
0.0624439987
0.05853583296
0.05462868203
0.0507492327
0.04692216552
0.04316996764
0.03951293105
0.03596919978
0.03255773198
0.02929327961
0.02618764115
0.02325073961
0.02048961772
0.01790910747
0.0155119903
0.01329932441
0.01127065906
0.009424342894
0.007757946782
0.006268779004
0.004954309742
0.003811098269
0.002834970471
0.002023552113
0.001376765709
0.0008943026479
0.0005630025957
0.0003540489921
0.0002304560781
0.0001575972905
0.0001126391167
8.308821461e-05
6.245329108e-05
4.743248192e-05
3.625855586e-05
2.781244519e-05
2.134023591e-05
1.633528645e-05
1.244070381e-05
9.399871782e-06
7.025061838e-06
5.176501666e-06
3.747890883e-06
2.656258548e-06
1.835325685e-06
1.230414834e-06
7.945936636e-07
4.8711361e-07
2.72561502e-07
1.275182068e-07
0.09211032028
0.08989535248
0.08743749055
0.08475134683
0.08185474158
0.07876835178
0.07551526659
0.07212047231
0.06861029166
0.065011801
0.06135225038
0.05765851212
0.05395658582
0.05027118632
0.04662543252
0.04304064579
0.03953629803
0.03613006242
0.03283961582
0.02968087536
0.02666544974
0.02380291197
0.02110164827
0.01856755886
0.01620418617
0.01401382389
0.01199729171
0.01015427455
0.00848368474
0.00698389502
0.005651802049
0.004482630732
0.003471678939
0.002614766203
0.001907930599
0.001346261105
0.0009219013229
0.0006204493095
0.0004174798943
0.0002854819949
0.0002006251062
0.0001450310166
0.0001072044735
8.049444272e-05
6.103044357e-05
4.649937261e-05
3.549107688e-05
2.706376549e-05
2.056301297e-05
1.552395132e-05
1.16107188e-05
8.576598878e-06
6.236834103e-06
4.449690904e-06
3.103198009e-06
2.107214482e-06
1.38618357e-06
8.73569783e-07
5.108544885e-07
2.583154354e-07
0.08904931796
0.08698478422
0.08469303898
0.08218707217
0.07948271224
0.07659833074
0.07355447219
0.07037342612
0.0670787591
0.06369482586
0.06024627921
0.05675759962
0.05325266688
0.04975439437
0.04628444019
0.04286301013
0.03950878308
0.03623892457
0.0330698478
0.03001776649
0.02709436865
0.02430986435
0.02167299575
0.01919032279
0.01686661832
0.01470514728
0.01270791373
0.01087586438
0.009208998615
0.007705577913
0.006361832498
0.005173340661
0.004135402711
0.003242956487
0.002490124231
0.001869676304
0.001372617326
0.0009877888764
0.0007014955229
0.000495929367
0.0003514840455
0.0002512235309
0.0001813257643
0.0001333627651
9.943092828e-05
7.468277055e-05
5.632097031e-05
4.253025902e-05
3.207138455e-05
2.407976561e-05
1.794465832e-05
1.322931859e-05
9.616194151e-06
6.868936875e-06
4.805916224e-06
3.282158104e-06
2.179684203e-06
1.397150319e-06
8.435267668e-07
4.520585827e-07
0.08607980671
0.08415946983
0.08202631113
0.07969176607
0.07716982007
0.07447675937
0.07163085926
0.06865202297
0.06556138557
0.06238089835
0.05913290986
0.05583976091
0.05252341118
0.04920511399
0.04590515041
0.04264263868
0.03943543714
0.03630010154
0.03325184275
0.03030702467
0.02747769522
0.02477421745
0.02220531878
0.01977852122
0.01749970324
0.01537303782
0.01340161322
0.01158733286
0.009930238547
0.008428194796
0.007078026354
0.005875871904
0.00481722179
0.003896656213
0.003107486688
0.002441542428
0.001889191959
0.001439485871
0.001080375233
0.0007993259153
0.0005837376539
0.000421793715
0.0003026073989
0.0002163030464
0.0001569857743
0.0001150095896
8.487930171e-05
6.297181344e-05
4.682473646e-05
3.477348993e-05
2.569211761e-05
1.881157095e-05
1.359733477e-05
9.668275069e-06
6.742276913e-06
4.599578017e-06
3.061402418e-06
1.977986053e-06
1.21702386e-06
6.764036229e-07
0.08321450451
0.08143038861
0.0794467965
0.07727371792
0.0749234544
0.07241040972
0.06975082616
0.06696247751
0.06406433082
0.06107618998
0.05801833469
0.05491116921
0.05177489499
0.04862921967
0.04549311094
0.04238461315
0.03932074072
0.03631740795
0.03338937852
0.03055189289
0.02781778302
0.02519751825
0.02270019489
0.02033389823
0.01810507843
0.0160187519
0.01407886725
0.01228744525
0.01064427166
0.009147845053
0.007795705282
0.00658455402
0.005510131427
0.004566955988
0.003748100138
0.00304513966
0.002448289696
0.001946664199
0.00152867401
0.001182778462
0.0008984883294
0.000667387919
0.0004836083938
0.0003424993759
0.0002409671947
0.0001703801657
0.0001215914958
8.769434175e-05
6.372531572e-05
4.644514304e-05
3.378151797e-05
2.440281493e-05
1.743094032e-05
1.226449273e-05
8.47488954e-06
5.741425323e-06
3.805498765e-06
2.456720774e-06
1.52021963e-06
8.580733011e-07
0.08045971671
0.07880307197
0.0769594026
0.07493738114
0.07274778687
0.07040333082
0.06791843291
0.06530896037
0.06259193793
0.05978524076
0.05690728212
0.05397670732
0.0510121058
0.04803175126
0.04505337917
0.04209401236
0.03916985418
0.0362961991
0.03348734768
0.0307572262
0.0281191446
0.02558370214
0.02316049097
0.02085785929
0.01868296632
0.01664169894
0.01473783419
0.01297304407
0.0113476257
0.009860760141
0.008510653768
0.007294498327
0.006208294994
0.00524665043
0.004402660804
0.003667946357
0.003032821
0.002486571976
0.002017904019
0.001615658698
0.001269921046
0.0009731687839
0.0007215039521
0.0005149224089
0.0003553567442
0.0002425096381
0.0001648705637
0.0001143693084
8.034966106e-05
5.691185507e-05
4.042468288e-05
2.862449153e-05
2.008783035e-05
1.390354434e-05
9.457947206e-06
6.30903235e-06
4.118089859e-06
2.621598803e-06
1.606351352e-06
9.009766171e-07
0.07781780722
0.0762797975
0.07456642046
0.07268516522
0.07064544595
0.06845845709
0.06613698586
0.06369518974
0.06114834799
0.05851259649
0.05580465678
0.05304156946
0.05024044032
0.04741820751
0.0445914379
0.04177616412
0.03898777054
0.03624089233
0.03354932688
0.03092600815
0.02838419416
0.0259351063
0.02358845449
0.02135287053
0.01923588192
0.01724310425
0.01537798572
0.01364266291
0.01203803768
0.01056392586
0.009219068624
0.008001022294
0.006905991711
0.005928692803
0.005062315605
0.004298611572
0.00362808752
0.003040304672
0.002524338801
0.002069474181
0.001666178278
0.00130736853
0.0009898248612
0.0007155587049
0.0004914523167
0.0003240009785
0.0002109923115
0.0001389771028
9.331461864e-05
6.368659925e-05
4.379776772e-05
3.008301517e-05
2.049713559e-05
1.378075536e-05
9.105251056e-06
5.893762616e-06
3.728036257e-06
2.30136252e-06
1.370425024e-06
7.461998757e-07
0.07528765519
0.07385963594
0.07226717642
0.07051671359
0.068616446
0.06657621526
0.06440734907
0.06212247252
0.05973529555
0.0572603839
0.05471292276
0.05210848357
0.04946279988
0.04679155869
0.04411021638
0.04143385188
0.03877705631
0.03615383356
0.03357751503
0.03106072719
0.02861553213
0.02625403318
0.02398591685
0.02181979534
0.01976291515
0.01782049569
0.01599629429
0.01429288875
0.01271169006
0.01125298465
0.009915875089
0.008698150964
0.007596151448
0.006604684978
0.005717050124
0.00492516538
0.004219794594
0.003590872107
0.003027970579
0.002520973055
0.00206098488
0.001641521692
0.001260035147
0.0009197891238
0.0006310050917
0.0004071812488
0.0002519925424
0.0001570713442
0.0001001480672
6.507750745e-05
4.266032169e-05
2.793746775e-05
1.81253474e-05
1.157669455e-05
7.245006767e-06
4.425421151e-06
2.635954585e-06
1.537270655e-06
8.710811814e-07
4.584245648e-07
0.07286722896
0.07154106767
0.07006072125
0.06843169741
0.06666111647
0.06475761557
0.06273121831
0.06059317524
0.05835578229
0.05603218417
0.05363616866
0.05118196158
0.04868402931
0.04615689313
0.04361496652
0.04107242484
0.03854309977
0.03604038296
0.03357714378
0.03116567241
0.02881763857
0.0265439423
0.02435494231
0.0222591864
0.02026318252
0.01837228517
0.01659059181
0.01492090988
0.01336497371
0.01192337334
0.01059542895
0.009379056346
0.008270666098
0.007265137843
0.006355893002
0.005535065
0.004793756265
0.004122386169
0.003511163946
0.002950744378
0.002433114692
0.001952769176
0.001508296369
0.001104489611
0.000754292012
0.0004767762238
0.0002840101234
0.0001669931638
9.98989408e-05
6.092109265e-05
3.740989361e-05
2.284440035e-05
1.37134208e-05
8.034446341e-06
4.572712607e-06
2.535525072e-06
1.389020014e-06
7.610562598e-07
4.118769377e-07
2.137174908e-07
0.0705518195
0.06931980098
0.06794321849
0.0664267642
0.06477660733
0.06300031764
0.06110675781
0.05910594929
0.05700891738
0.05482752138
0.05257427604
0.0502621723
0.04790450309
0.04551470106
0.04310619328
0.04069229011
0.03828609048
0.03590038711
0.03354758023
0.03123958143
0.0289876987
0.02680248176
0.02469331316
0.02266810711
0.02073342001
0.01889498402
0.01715687207
0.01552198402
0.01399231938
0.01256864684
0.01125037739
0.01003546763
0.008920367839
0.007900049302
0.00696812391
0.006117049261
0.005338408406
0.00462326973
0.003962662756
0.003348227446
0.002773088695
0.002233022251
0.001728047593
0.001264668986
0.0008583718938
0.000532710463
0.0003058590557
0.0001701645901
9.548884415e-05
5.42900309e-05
3.077668402e-05
1.707478978e-05
9.132676356e-06
4.673262813e-06
2.327686075e-06
1.169684136e-06
6.025431812e-07
3.180316187e-07
1.681121521e-07
9.090916958e-08
0.06833879214
0.06719392306
0.06591352925
0.06450158881
0.06296343196
0.06130568101
0.05953616214
0.05766379281
0.05569845017
0.05365082512
0.05153226824
0.04935463457
0.04713013174
0.04487117872
0.04259028193
0.04029993559
0.03801252831
0.03574024204
0.03349494448
0.03128806428
0.02913045253
0.02703204453
0.02500149378
0.02304643025
0.02117336279
0.01938764659
0.0176934104
0.01609359582
0.01458995354
0.01318388769
0.01187476546
0.01066051506
0.00953763694
0.008501265146
0.007545319346
0.00666272763
0.00584570988
0.005086134886
0.004375993524
0.00370804093
0.003076656416
0.002479003432
0.001916679736
0.001398096332
0.0009413409535
0.0005736230591
0.0003178401211
0.0001674048529
8.782283602e-05
4.620212596e-05
2.380117386e-05
1.165150206e-05
5.286696291e-06
2.28034025e-06
1.012278187e-06
4.791240747e-07
2.383912233e-07
1.232862048e-07
6.487208696e-08
3.773647044e-08
0.06622085196
0.06515645751
0.06396502171
0.06264990151
0.06121569212
0.05966818044
0.05801427299
0.05626190183
0.05441991244
0.05249793805
0.05050626829
0.04845571706
0.04635749218
0.0442230748
0.04206411269
0.03989232487
0.03771940318
0.03555689916
0.03341609783
0.03130788304
0.02924243396
0.02722892987
0.02527566462
0.02338973271
0.02157721919
0.01984334448
0.01819250969
0.01662778532
0.0151507464
0.01376186853
0.01246110874
0.01124668616
0.01011520421
0.009062067364
0.008081640142
0.007167466831
0.006312546296
0.005509683949
0.004751961877
0.004033368394
0.003349630012
0.00269933436
0.002085534873
0.001518107985
0.001016754303
0.0006108404023
0.0003272134912
0.0001627190632
7.935571085e-05
3.825339451e-05
1.75489428e-05
7.226749504e-06
2.661594705e-06
9.917787165e-07
4.111228174e-07
1.879280997e-07
9.129268321e-08
4.656856732e-08
2.470754925e-08
1.554511537e-08
0.06419901709
0.06320936225
0.06210064024
0.06087566102
0.05953836652
0.0580937959
0.05654802811
0.05490810462
0.05318193569
0.05137819405
0.04950620256
0.04757582245
0.04559734571
0.04358138983
0.04153880278
0.03948056616
0.03741768035
0.03536103698
0.03332128251
0.03130854037
0.02933212156
0.02740055086
0.02552148042
0.02370158584
0.02194712804
0.02026354355
0.01865494467
0.01712414325
0.01567252755
0.01430044457
0.01300701737
0.01179108594
0.01065003898
0.009579604783
0.008574675472
0.007629496251
0.006737918962
0.005893742007
0.00509116769
0.004325405895
0.003593464813
0.00289522258
0.002234975487
0.00162376616
0.001082558677
0.0006424203835
0.0003330855349
0.0001558580696
7.01145803e-05
3.05826078e-05
1.202035333e-05
3.960943898e-06
1.2088253e-06
4.112596586e-07
1.635635258e-07
7.285547507e-08
3.468475777e-08
1.752768165e-08
9.492523067e-09
6.43769687e-09
0.06226489866
0.06134419239
0.06031190812
0.05917038043
0.05792297874
0.05657408174
0.05512903189
0.05359407276
0.05197627233
0.05028343566
0.04852401154
0.04670699691
0.04484184388
0.04293836662
0.04100664635
0.03905692446
0.03709947674
0.03514448201
0.03320178111
0.03128062495
0.0293896827
0.0275369705
0.0257298274
0.02397493741
0.02227780367
0.02064301349
0.01907442314
0.01757504477
0.01614680244
0.01479000194
0.01350359996
0.01228658103
0.01113678705
0.01005046265
0.009023142246
0.008049843268
0.007125313882
0.006244361713
0.00540228811
0.004595454227
0.003822013566
0.003082897881
0.002383242342
0.001734540069
0.001157669059
0.0006835381676
0.0003447234186
0.0001505309466
6.123183418e-05
2.331217715e-05
7.468657778e-06
1.976494276e-06
5.305072651e-07
1.700922093e-07
6.532561097e-08
2.839292392e-08
1.327635013e-08
6.690623005e-09
3.752594564e-09
2.731027425e-09
0.06045160608
0.0595949458
0.05863366424
0.05756966066
0.05640577694
0.05514578187
0.05379433796
0.05235695286
0.05083991795
0.04925023857
0.04759555854
0.04588408112
0.04412448339
0.04232582923
0.04049747163
0.03864893527
0.03678979327
0.03492945293
0.03307692238
0.03124078524
0.02942910715
0.0276493664
0.02590838457
0.02421224234
0.02256632193
0.02097567779
0.01944439982
0.01797514764
0.01656928477
0.01522678302
0.01394680742
0.01272780695
0.01156931402
0.01046803422
0.009420118313
0.00842131468
0.007467201242
0.006553496449
0.005676462296
0.004833419257
0.00402341531
0.003248144977
0.002513286538
0.001830507312
0.001220830232
0.0007159720064
0.0003517755931
0.0001437888572
5.172516323e-05
1.621773541e-05
4.129258026e-06
9.306851227e-07
2.307127722e-07
7.062011402e-08
2.624789395e-08
1.116543018e-08
5.172770704e-09
2.64628152e-09
1.575985594e-09
1.232985274e-09
0.05891653449
0.05811259816
0.05720982181
0.05620976509
0.05511485619
0.05392838007
0.0526544438
0.05129793617
0.04986451306
0.04836055736
0.04679307049
0.04516958843
0.04349812241
0.04178707479
0.0400451394
0.03828118975
0.03650409333
0.03472250331
0.03294481654
0.03117907713
0.02943290441
0.02771343783
0.02602729622
0.02438054033
0.02277847906
0.02122522589
0.01972410095
0.01827779664
0.01688804617
0.0155555634
0.0142799297
0.01306119944
0.01189741362
0.01078592176
0.009723544625
0.00870675278
0.007731893917
0.006795484828
0.005894580933
0.005027237866
0.004193117783
0.003394327687
0.00263663068
0.001931329132
0.001297845471
0.000765659955
0.0003690449375
0.000133702224
3.802136043e-05
9.561860595e-06
2.081159957e-06
4.293274402e-07
1.010761688e-07
2.969432946e-08
1.070390094e-08
4.493355153e-09
2.110234945e-09
1.140708688e-09
7.511890494e-10
6.354356595e-10
)
;

boundaryField
{
    inletCH4
    {
        type            fixedValue;
        value           uniform 0;
    }
    wallOutside
    {
        type            zeroGradient;
    }
    wallTube
    {
        type            zeroGradient;
    }
    inletPilot
    {
        type            fixedValue;
        value           uniform 0.1098;
    }
    inletAir
    {
        type            fixedValue;
        value           uniform 0;
    }
    outlet
    {
        type            zeroGradient;
    }
    axis
    {
        type            empty;
    }
    frontAndBack_pos
    {
        type            wedge;
    }
    frontAndBack_neg
    {
        type            wedge;
    }
}


// ************************************************************************* //
