/*--------------------------------*- C++ -*----------------------------------*\
  =========                 |
  \\      /  F ield         | OpenFOAM: The Open Source CFD Toolbox
   \\    /   O peration     | Website:  https://openfoam.org
    \\  /    A nd           | Version:  10
     \\/     M anipulation  |
\*---------------------------------------------------------------------------*/
FoamFile
{
    format      ascii;
    class       volScalarField;
    location    "3000";
    object      H;
}
// * * * * * * * * * * * * * * * * * * * * * * * * * * * * * * * * * * * * * //

dimensions      [0 0 0 0 0 0 0];

internalField   nonuniform List<scalar> 
5170
(
4.519663398e-62
2.658233334e-63
7.01340953e-63
5.521867668e-62
1.999108299e-60
2.73329428e-62
3.67422683e-62
1.469928505e-61
7.064470328e-61
3.869392109e-61
5.716584924e-61
8.572043912e-61
3.152495733e-61
8.787867752e-61
3.544732681e-60
1.660875866e-60
1.998661816e-60
3.460521735e-61
0
0
1.890491393e-59
6.863580619e-60
7.414441598e-61
0
0
1.353248905e-56
4.455015669e-57
3.043045916e-58
4.535368164e-60
0
1.002639972e-53
3.198353311e-54
1.862283272e-55
2.34998764e-57
0
7.477860507e-51
2.33285772e-51
1.232749106e-52
1.401717637e-54
0
5.669865046e-48
1.803670106e-48
9.02059095e-50
1.003038632e-51
0
4.401163832e-45
1.487503109e-45
7.385833518e-47
1.098021642e-48
0
3.517135416e-42
1.322017727e-42
7.277497651e-44
2.906521901e-45
0
2.886216238e-39
1.262226169e-39
9.217305458e-41
1.362169775e-41
5.562356033e-42
2.43843454e-36
1.300968604e-36
1.55588665e-37
7.22268206e-38
7.100445551e-38
2.109788555e-33
1.433504101e-33
3.308972683e-34
3.796982582e-34
4.513852172e-34
1.87296307e-30
1.700550481e-30
8.166432109e-31
1.919074568e-30
2.747151452e-30
1.678284609e-27
2.13384911e-27
2.158808772e-27
8.912091748e-27
1.667540562e-26
1.510478945e-24
2.831408408e-24
5.77356718e-24
3.716703454e-23
1.013199429e-22
1.326805734e-21
3.808079126e-21
1.501607249e-20
1.428442348e-19
6.162777585e-19
1.081809406e-18
4.949898016e-18
3.588995867e-17
4.773665229e-16
3.752171201e-15
7.382978189e-16
5.857903554e-15
7.724255971e-14
1.447584353e-12
2.3157821e-11
1.31181862e-05
1.490466124e-05
1.553001098e-05
1.446709313e-05
1.299151557e-05
7.662608928e-06
9.457060711e-06
1.004224571e-05
8.962148921e-06
7.413868029e-06
4.951562617e-06
6.351815474e-06
6.794676757e-06
5.948032956e-06
4.693041878e-06
3.414681151e-06
4.484815987e-06
4.778154302e-06
4.068423849e-06
3.126282344e-06
2.469368543e-06
3.277336226e-06
3.468837091e-06
2.841122532e-06
2.128729582e-06
1.86010083e-06
2.459210029e-06
2.575867023e-06
2.021880137e-06
1.492218573e-06
1.44373002e-06
1.880559518e-06
1.941678302e-06
1.470057815e-06
1.087746135e-06
1.15083766e-06
1.465695283e-06
1.488383672e-06
1.11184016e-06
8.396801339e-07
9.425289842e-07
1.168694635e-06
1.167827236e-06
8.854515687e-07
6.90092572e-07
7.930094704e-07
9.553221755e-07
9.436076017e-07
7.394049241e-07
5.972373585e-07
6.853288231e-07
8.024422423e-07
7.873633773e-07
6.413691132e-07
5.362229341e-07
6.068919856e-07
6.924447246e-07
6.778834049e-07
5.728665978e-07
4.934908208e-07
5.488351557e-07
6.125113755e-07
5.998528037e-07
5.230253286e-07
4.617114488e-07
5.048633677e-07
5.53269897e-07
5.428450124e-07
4.853501436e-07
4.368057938e-07
4.707506393e-07
5.08460021e-07
5.000051873e-07
4.558322793e-07
4.163687435e-07
4.434811456e-07
4.736294298e-07
4.668323905e-07
4.31857843e-07
3.988015879e-07
4.210795766e-07
4.457350212e-07
4.40118934e-07
4.116219271e-07
3.830998328e-07
4.026162043e-07
4.226712837e-07
4.17615334e-07
3.9375317e-07
3.68558e-07
4.090511702e-07
4.090306407e-07
3.987925872e-07
3.771896674e-07
3.542019664e-07
3.33990883e-06
1.225785167e-06
5.040571776e-07
3.757518745e-07
3.345004173e-07
1.365403441e-13
1.738229471e-12
5.322007532e-11
2.456098857e-09
1.430361343e-07
2.720243227e-13
2.581176233e-12
5.404243691e-11
1.606218423e-09
4.977711624e-08
3.315995489e-13
2.530900009e-12
4.119792426e-11
9.543983784e-10
2.055599138e-08
3.475759286e-13
2.37920495e-12
3.608770118e-11
7.473806229e-10
1.284015503e-08
3.538062644e-13
2.400905995e-12
3.648735502e-11
6.715164782e-10
9.517319866e-09
4.009325972e-13
2.952159001e-12
4.663935735e-11
8.010097087e-10
1.011391443e-08
7.202892892e-13
6.465471643e-12
1.064392544e-10
1.581328752e-09
1.634218179e-08
1.816364684e-12
1.753933511e-11
2.525765175e-10
2.851616561e-09
2.302250947e-08
4.451078747e-12
4.042588945e-11
4.612283445e-10
3.936637774e-09
2.549106049e-08
1.025291383e-11
8.326740576e-11
7.545798713e-10
5.154435866e-09
2.85136538e-08
2.567995973e-11
1.683293956e-10
1.20600521e-09
6.997546248e-09
3.456370522e-08
5.841227775e-11
3.058385069e-10
1.819142158e-09
9.287228563e-09
4.144084327e-08
1.19387609e-10
5.065830449e-10
2.543475594e-09
1.141964033e-08
4.563268075e-08
2.31138142e-10
7.992452748e-10
3.433379327e-09
1.368495218e-08
4.95690358e-08
4.529605859e-10
1.291128244e-09
4.817172575e-09
1.735484704e-08
5.678373063e-08
9.271954892e-10
2.206689979e-09
7.14511692e-09
2.329050664e-08
6.966426606e-08
1.943969193e-09
3.942952497e-09
1.102063571e-08
3.21678517e-08
8.721058937e-08
3.929070733e-09
6.993758009e-09
1.707459071e-08
4.31815766e-08
1.048025266e-07
7.904860961e-09
1.233478552e-08
2.536455881e-08
5.554939222e-08
1.214949255e-07
1.438793756e-08
2.012366764e-08
3.579208458e-08
6.959528625e-08
1.405322894e-07
2.333139302e-08
3.025415853e-08
4.864825308e-08
8.743017305e-08
1.676360545e-07
3.406547062e-08
4.236876468e-08
6.503741098e-08
1.119494515e-07
2.075315493e-07
4.819577462e-08
5.893278425e-08
8.720989542e-08
1.454792748e-07
2.6003207e-07
6.70932478e-08
8.092633738e-08
1.168358216e-07
1.89057529e-07
3.258751865e-07
9.328409849e-08
1.111315097e-07
1.568566637e-07
2.451032589e-07
4.069690112e-07
1.286675871e-07
1.511770449e-07
2.079539906e-07
3.172633499e-07
5.097120103e-07
1.818245278e-07
2.110428774e-07
2.838461951e-07
4.181799496e-07
6.51134813e-07
2.620036911e-07
3.000221904e-07
3.934295433e-07
5.656050914e-07
8.563677986e-07
3.893961261e-07
4.394131866e-07
5.602749184e-07
7.816598433e-07
1.157328971e-06
5.958726662e-07
6.654944585e-07
8.332812836e-07
1.131184227e-06
1.622011932e-06
9.363871202e-07
1.035049646e-06
1.269779551e-06
1.679978152e-06
2.343101008e-06
1.523020536e-06
1.664887158e-06
1.999810266e-06
2.575912407e-06
3.486759365e-06
2.594386794e-06
2.802004945e-06
3.286017162e-06
4.103188431e-06
5.364979273e-06
4.640437181e-06
4.943470638e-06
5.639968054e-06
6.79080973e-06
8.512093404e-06
8.433138293e-06
8.845456333e-06
9.783372565e-06
1.129355682e-05
1.347936179e-05
1.413537156e-05
1.462783332e-05
1.573686906e-05
1.749738119e-05
2.001051093e-05
2.060662143e-05
2.115806097e-05
2.240284877e-05
2.438860059e-05
2.724396823e-05
2.721480732e-05
2.788321048e-05
2.940089023e-05
3.184577153e-05
3.540332059e-05
3.532976849e-05
3.626072553e-05
3.837858774e-05
4.179800569e-05
4.677651011e-05
4.926857741e-05
5.071240516e-05
5.397550948e-05
5.917138059e-05
6.655280495e-05
7.855991771e-05
8.060465476e-05
8.507790734e-05
9.176221213e-05
0.0001003528409
0.000118694043
0.0001200845842
0.0001229974121
0.0001270355406
0.0001317319136
0.0001400638114
0.0001404743285
0.0001412813404
0.0001422572277
0.0001431215744
0.0001394244168
0.0001392261192
0.0001387448272
0.0001378962847
0.0001365566823
0.0001244726714
0.0001240123342
0.0001229851528
0.0001213828603
0.0001191717128
0.000102994928
0.0001024845752
0.0001013619399
9.965590869e-05
9.737459552e-05
8.046584628e-05
8.001355231e-05
7.902412951e-05
7.753480659e-05
7.556766743e-05
6.004757353e-05
5.969079046e-05
5.891231196e-05
5.77457385e-05
5.621402293e-05
4.316009575e-05
4.289929828e-05
4.233101167e-05
4.14813299e-05
4.036900152e-05
3.007817194e-05
2.989774819e-05
2.950484248e-05
2.891795527e-05
2.8150675e-05
2.044189265e-05
2.032216762e-05
2.006143418e-05
1.967236919e-05
1.916365921e-05
1.362748028e-05
1.355058561e-05
1.338318492e-05
1.313322195e-05
1.280649175e-05
8.960450269e-06
8.912166475e-06
8.807039675e-06
8.65000302e-06
8.444617758e-06
5.838766793e-06
5.808939888e-06
5.743984529e-06
5.646903772e-06
5.519829079e-06
3.787466709e-06
3.769231296e-06
3.729508115e-06
3.670100067e-06
3.59226023e-06
2.455942087e-06
2.444848627e-06
2.420674807e-06
2.384495033e-06
2.337038099e-06
1.597864101e-06
1.591115914e-06
1.576405377e-06
1.554371473e-06
1.525435915e-06
1.046409006e-06
1.042286614e-06
1.033296398e-06
1.019819529e-06
1.002100105e-06
6.91597735e-07
6.890592151e-07
6.83520805e-07
6.752115097e-07
6.642732937e-07
4.622774137e-07
4.606967491e-07
4.572466141e-07
4.52066095e-07
4.452384935e-07
3.12978446e-07
3.119806486e-07
3.098017986e-07
3.065275418e-07
3.022073546e-07
2.148386489e-07
2.141988232e-07
2.128010542e-07
2.1069895e-07
2.079223516e-07
1.495859982e-07
1.491686276e-07
1.482564676e-07
1.468836889e-07
1.450686103e-07
1.056399329e-07
1.053627289e-07
1.047566612e-07
1.038439376e-07
1.026360317e-07
7.563223321e-08
7.54447282e-08
7.503463633e-08
7.441668646e-08
7.359822041e-08
5.484818889e-08
5.471904326e-08
5.443650002e-08
5.401053146e-08
5.344594922e-08
4.024229706e-08
4.015183291e-08
3.995387282e-08
3.965530256e-08
3.925934696e-08
2.984115581e-08
2.977676545e-08
2.963583026e-08
2.942319673e-08
2.914108252e-08
2.237366131e-08
2.232714374e-08
2.222532109e-08
2.207166567e-08
2.186773353e-08
1.732486396e-08
1.729004198e-08
1.721379674e-08
1.709870457e-08
1.694590181e-08
2.45142545e-06
5.365964788e-07
1.761504936e-07
9.676349554e-08
6.356403591e-08
6.237797814e-08
8.843151792e-08
1.031688401e-07
9.547764437e-08
9.420817414e-08
1.054187035e-07
1.166768987e-07
1.16286808e-07
1.163257295e-07
1.258208234e-07
1.478669247e-07
1.758740721e-07
1.985345671e-07
2.171416438e-07
2.404189991e-07
2.783346933e-07
3.339330406e-07
4.064620714e-07
4.948565688e-07
6.002299621e-07
7.32004532e-07
9.130812805e-07
1.175504148e-06
1.560932254e-06
2.141495584e-06
3.02944537e-06
4.405641741e-06
6.599438644e-06
1.013252379e-05
1.546372502e-05
2.226483942e-05
2.983343432e-05
3.866939205e-05
5.13293309e-05
7.302549715e-05
0.0001068818242
0.0001348924427
0.0001434088217
0.000135260269
0.0001172899531
9.549893178e-05
7.397351294e-05
5.498142671e-05
3.947701515e-05
2.753632684e-05
1.875710866e-05
1.254488189e-05
8.280049406e-06
5.417894828e-06
3.529737552e-06
2.298864187e-06
1.502124734e-06
9.878025636e-07
6.554336247e-07
4.397123789e-07
2.987055573e-07
2.056686203e-07
1.435934396e-07
1.01653183e-07
7.293155996e-08
5.298567857e-08
3.893630668e-08
2.891079164e-08
2.17011856e-08
1.682106235e-08
8.798610316e-06
0.0001211942071
1.40024882e-05
1.457642002e-06
2.221920859e-07
1.701611217e-06
1.343953685e-05
7.526236209e-05
8.734386452e-06
5.837474262e-07
7.65098301e-07
9.817676498e-06
0.0001759099709
3.453039757e-05
1.997140747e-06
4.423178627e-07
5.389661057e-06
6.76816669e-05
7.403488653e-05
7.014054127e-06
2.649828632e-07
2.635625354e-06
2.507218249e-05
0.0001233401747
1.855457063e-05
2.504639304e-07
2.423100727e-06
2.218381671e-05
0.0001805315467
4.478057288e-05
3.355392929e-07
3.081712129e-06
2.601286521e-05
0.0002075140416
8.786619866e-05
3.469974993e-07
2.662857878e-06
1.858923953e-05
0.0001223318206
0.0001269698889
2.84484981e-07
1.787304341e-06
1.03200463e-05
5.498863347e-05
0.0001631322648
2.62218501e-07
1.515273151e-06
8.336390918e-06
4.388858748e-05
0.000192827841
2.823555006e-07
1.571761527e-06
8.363694149e-06
4.296001346e-05
0.0002004574931
2.980486544e-07
1.538134197e-06
7.484671537e-06
3.483768424e-05
0.0001509706018
2.775328329e-07
1.25963501e-06
5.337103519e-06
2.130434303e-05
7.824028471e-05
2.633624472e-07
1.097314912e-06
4.337912922e-06
1.646015572e-05
5.955500752e-05
2.756004666e-07
1.096823262e-06
4.201996967e-06
1.563547823e-05
5.635009099e-05
3.160828776e-07
1.201477819e-06
4.418690838e-06
1.578844015e-05
5.471612722e-05
3.629084149e-07
1.289791511e-06
4.427783917e-06
1.47220424e-05
4.734471026e-05
3.906043031e-07
1.270727651e-06
4.000832607e-06
1.217811721e-05
3.570470884e-05
4.081669202e-07
1.227397541e-06
3.60865313e-06
1.035000027e-05
2.887143642e-05
4.360620889e-07
1.240249947e-06
3.486897786e-06
9.659562657e-06
2.625157256e-05
4.895017053e-07
1.333762787e-06
3.618840279e-06
9.722696027e-06
2.568775763e-05
5.71361599e-07
1.492149806e-06
3.894376407e-06
1.008890314e-05
2.575117624e-05
6.770160155e-07
1.688116279e-06
4.218585434e-06
1.04878698e-05
2.573123406e-05
8.020279028e-07
1.903685857e-06
4.539862473e-06
1.078754065e-05
2.530155003e-05
9.461445474e-07
2.136133042e-06
4.858633128e-06
1.102986207e-05
2.47306172e-05
1.124335641e-06
2.423167414e-06
5.276905679e-06
1.149563587e-05
2.475883329e-05
1.369963366e-06
2.833381753e-06
5.93684886e-06
1.246478983e-05
2.58731808e-05
1.726214817e-06
3.438620505e-06
6.950767695e-06
1.408092964e-05
2.815889257e-05
2.249332768e-06
4.324022293e-06
8.433953835e-06
1.646312009e-05
3.163409649e-05
3.019716253e-06
5.600224909e-06
1.051775815e-05
1.971050029e-05
3.62406541e-05
4.179581608e-06
7.433305715e-06
1.337566601e-05
2.393015619e-05
4.191216883e-05
5.928375528e-06
1.005883346e-05
1.721254645e-05
2.919000244e-05
4.851778254e-05
8.617938762e-06
1.380841111e-05
2.225053561e-05
3.555542521e-05
5.607835475e-05
1.2740301e-05
1.904573619e-05
2.87002362e-05
4.325954849e-05
6.518999149e-05
1.861363758e-05
2.589432462e-05
3.670879546e-05
5.285032757e-05
7.711175643e-05
2.582728917e-05
3.4029973e-05
4.629312762e-05
6.475703846e-05
9.218537101e-05
3.39390246e-05
4.360324608e-05
5.82811952e-05
8.028078613e-05
0.0001108313299
4.38620106e-05
5.623796872e-05
7.485590543e-05
0.0001010604963
0.0001300542955
5.853604332e-05
7.527451495e-05
9.842727138e-05
0.0001243001975
0.000143979816
8.303742826e-05
0.0001033554401
0.0001246804765
0.0001413456581
0.0001498037879
0.0001163704118
0.0001308915592
0.0001421726374
0.0001478840356
0.0001469840444
0.0001392650239
0.0001443331385
0.000146088117
0.0001435744818
0.0001366374342
0.0001436023151
0.0001420018916
0.0001378028971
0.0001307272386
0.0001209553686
0.0001331886779
0.0001282576096
0.0001214209211
0.0001127294467
0.0001024771735
0.0001144078422
0.0001085120451
0.0001012502528
9.280637648e-05
8.348321031e-05
9.266237765e-05
8.713981544e-05
8.064582973e-05
7.339549083e-05
6.564982827e-05
7.157628152e-05
6.700945749e-05
6.175818423e-05
5.601191072e-05
4.997990467e-05
5.313319594e-05
4.965073059e-05
4.569213684e-05
4.140610928e-05
3.694809504e-05
3.814153963e-05
3.563841135e-05
3.280892121e-05
2.976063831e-05
2.660260476e-05
2.661720813e-05
2.489788043e-05
2.295850611e-05
2.08732997e-05
1.871513016e-05
1.81488566e-05
1.701041411e-05
1.5726321e-05
1.43443257e-05
1.291204293e-05
1.215358021e-05
1.142075203e-05
1.059284606e-05
9.699974875e-06
8.772053168e-06
8.033842764e-06
7.571788293e-06
7.048448719e-06
6.482283419e-06
5.891655327e-06
5.265335005e-06
4.978287453e-06
4.652151019e-06
4.297990435e-06
3.926872278e-06
3.436118098e-06
3.259458381e-06
3.058036556e-06
2.838385403e-06
2.60708394e-06
2.241672686e-06
2.133419294e-06
2.00952921e-06
1.873822776e-06
1.730177676e-06
1.467179886e-06
1.400825544e-06
1.324593148e-06
1.24070692e-06
1.15144375e-06
9.663567336e-07
9.255053417e-07
8.783906998e-07
8.263080879e-07
7.705952668e-07
6.421663349e-07
6.168153133e-07
5.874665093e-07
5.548775623e-07
5.198380246e-07
4.314133777e-07
4.155082103e-07
3.97027547e-07
3.764181611e-07
3.541498082e-07
2.934435794e-07
2.833303564e-07
2.715388374e-07
2.583354384e-07
2.440027202e-07
2.022802008e-07
1.957506278e-07
1.881128865e-07
1.795280953e-07
1.701685603e-07
1.413744217e-07
1.370879891e-07
1.320592312e-07
1.263871887e-07
1.201786153e-07
1.001740594e-07
9.731059117e-08
9.394224406e-08
9.013105454e-08
8.594438319e-08
7.192785305e-08
6.998105671e-08
6.768561134e-08
6.508116024e-08
6.221104668e-08
5.229247357e-08
5.094568624e-08
4.935449839e-08
4.754481624e-08
4.554513899e-08
3.844962119e-08
3.750282511e-08
3.638233817e-08
3.51054576e-08
3.369131422e-08
2.856377803e-08
2.788793847e-08
2.708705967e-08
2.617297239e-08
2.515881718e-08
2.14501526e-08
2.096091821e-08
2.038057401e-08
1.971736044e-08
1.898046044e-08
1.663286332e-08
1.626583479e-08
1.583006592e-08
1.533155467e-08
1.477700546e-08
5.723659904e-09
2.641489484e-10
2.817357287e-11
4.789057454e-12
1.022972795e-12
2.260529583e-13
4.729377526e-14
9.422199804e-15
1.821867985e-15
3.476687842e-16
6.655876062e-17
1.318124627e-17
2.971363553e-18
9.650871671e-19
5.321972714e-19
4.04840132e-19
3.373495047e-19
2.820331936e-19
2.306920863e-19
1.831681699e-19
1.407383993e-19
1.044945196e-19
7.492109488e-20
5.186388036e-20
3.467319733e-20
2.240146356e-20
1.399957513e-20
8.472392468e-21
4.971919665e-21
2.833425664e-21
1.570767224e-21
8.488564266e-22
4.483947091e-22
2.323757946e-22
1.187355437e-22
6.019128512e-23
3.047522796e-23
1.549226138e-23
7.920796627e-24
4.060913632e-24
2.07443847e-24
1.048607744e-24
5.22360545e-25
2.5670997e-25
1.254115426e-25
6.176185679e-26
3.121145423e-26
1.644798076e-26
9.112198203e-27
5.292334721e-27
3.188153124e-27
1.966154228e-27
1.226746814e-27
7.662495515e-28
4.729478712e-28
2.816616091e-28
1.532803004e-28
6.744340043e-29
1.623587132e-29
9.218683653e-31
1.830773292e-08
7.154729734e-10
5.549835764e-11
6.940343839e-12
1.196612855e-12
2.283875077e-13
4.323275584e-14
7.958942427e-15
1.450341231e-15
2.698319179e-16
5.460397752e-17
1.419578435e-17
6.002908343e-18
3.965978063e-18
3.179802687e-18
2.671949884e-18
2.239666368e-18
1.84298834e-18
1.479804728e-18
1.155453678e-18
8.754668281e-19
6.427945876e-19
4.570207138e-19
3.145469039e-19
2.09595048e-19
1.352851037e-19
8.465275678e-20
5.140101931e-20
3.031873056e-20
1.739309543e-20
9.71899049e-21
5.300667995e-21
2.829518771e-21
1.484096723e-21
7.689440684e-22
3.961400241e-22
2.042412081e-22
1.058259541e-22
5.50876893e-23
2.866015767e-23
1.478426657e-23
7.505869577e-24
3.736331567e-24
1.82722501e-24
8.856997646e-25
4.321889682e-25
2.164922978e-25
1.133185224e-25
6.253650432e-26
3.627827228e-26
2.186893812e-26
1.350917316e-26
8.445988233e-27
5.285607243e-27
3.266473229e-27
1.945628613e-27
1.058878003e-27
4.680765761e-28
1.176143856e-28
7.353134028e-30
5.055636601e-08
1.236662246e-09
5.153921514e-11
4.467976521e-12
6.790152167e-13
1.241590793e-13
2.302636341e-14
4.212446842e-15
7.953684356e-16
1.731534087e-16
5.340710781e-17
2.633385963e-17
1.801694232e-17
1.43600556e-17
1.211296252e-17
1.032808476e-17
8.70605177e-18
7.174052847e-18
5.748251457e-18
4.465573893e-18
3.36098822e-18
2.450504219e-18
1.731504869e-18
1.186301651e-18
7.886415511e-19
5.091900947e-19
3.196240461e-19
1.95248919e-19
1.161933857e-19
6.743627634e-20
3.822093524e-20
2.11962625e-20
1.153477593e-20
6.185057447e-21
3.2863714e-21
1.741788994e-21
9.260317052e-22
4.948126516e-22
2.647852946e-22
1.407391451e-22
7.358060902e-23
3.754489317e-23
1.863747809e-23
9.02792577e-24
4.311461106e-24
2.066034252e-24
1.015920137e-24
5.234301679e-25
2.857441254e-25
1.64844436e-25
9.922923351e-26
6.136508272e-26
3.845197304e-26
2.411882697e-26
1.492379224e-26
8.880712035e-27
4.819232228e-27
2.112254885e-27
5.156578025e-28
3.169210889e-29
2.230911702e-07
4.437325097e-09
1.032099122e-10
4.373330276e-12
4.428337034e-13
7.2459468e-14
1.452040756e-14
3.443637619e-15
1.024426859e-15
3.921600237e-16
1.878742344e-16
1.074617798e-16
7.060460587e-17
5.147497957e-17
4.020227322e-17
3.255311557e-17
2.68589078e-17
2.211935211e-17
1.786338795e-17
1.400641955e-17
1.061652755e-17
7.766423465e-18
5.487594543e-18
3.752832194e-18
2.490489448e-18
1.607659121e-18
1.011519995e-18
6.213392472e-19
3.731162285e-19
2.193353885e-19
1.264230377e-19
7.160473921e-20
3.997556625e-20
2.209255666e-20
1.215367797e-20
6.693738657e-21
3.703521037e-21
2.055080355e-21
1.135285553e-21
6.176072116e-22
3.273164035e-22
1.677068752e-22
8.286502427e-23
3.963019999e-23
1.855030538e-23
8.66316276e-24
4.14041025e-24
2.076912743e-24
1.110322779e-24
6.321900422e-25
3.782644278e-25
2.336681423e-25
1.4664256e-25
9.218644418e-26
5.710727773e-26
3.392755424e-26
1.832408474e-26
7.923454586e-27
1.831702746e-27
1.087099883e-28
7.810300076e-07
1.710980138e-08
3.509088415e-10
1.017025292e-11
8.290713791e-13
1.853555011e-13
5.902774367e-14
2.077814043e-14
7.881694765e-15
3.22705506e-15
1.441670065e-15
7.10219165e-16
3.893017391e-16
2.381033224e-16
1.609098031e-16
1.174225726e-16
8.979170553e-17
7.007089164e-17
5.495248333e-17
4.291390176e-17
3.275226256e-17
2.420254171e-17
1.725546234e-17
1.187315853e-17
7.904603614e-18
5.110304742e-18
3.220126661e-18
1.984010996e-18
1.198278672e-18
7.109362387e-19
4.152311895e-19
2.393615717e-19
1.366581188e-19
7.763409517e-20
4.412668565e-20
2.52099325e-20
1.44837507e-20
8.319755871e-21
4.725751167e-21
2.620503601e-21
1.402954156e-21
7.200999589e-22
3.536417046e-22
1.668042697e-22
7.639014328e-23
3.462384349e-23
1.595501567e-23
7.698343271e-24
3.974559076e-24
2.205397664e-24
1.299181301e-24
7.966564341e-25
4.988599227e-25
3.136553778e-25
1.94308842e-25
1.151824446e-25
6.183637982e-26
2.6324477e-26
5.700741149e-27
3.341962973e-28
3.024485234e-06
9.587483041e-08
2.133847226e-09
5.474116536e-11
5.008294291e-12
1.257198422e-12
4.037181012e-13
1.428372792e-13
5.510532539e-14
2.293919675e-14
1.019934455e-14
4.834727546e-15
2.459481454e-15
1.355754909e-15
8.146070814e-16
5.323723229e-16
3.727002971e-16
2.730467274e-16
2.044995495e-16
1.538876405e-16
1.147581213e-16
8.399981206e-17
5.990957786e-17
4.1482936e-17
2.784211141e-17
1.813145247e-17
1.148044106e-17
7.090159892e-18
4.285691998e-18
2.545042912e-18
1.490669646e-18
8.646320225e-19
4.988447546e-19
2.877731232e-19
1.669299612e-19
9.771638674e-20
5.759643128e-20
3.38629615e-20
1.958744252e-20
1.098948271e-20
5.911803794e-21
3.028544074e-21
1.474921431e-21
6.853987531e-22
3.071226807e-22
1.351788416e-22
6.001086535e-23
2.772270076e-23
1.369617588e-23
7.322891371e-24
4.204017029e-24
2.539636879e-24
1.578806639e-24
9.897034431e-25
6.12243214e-25
3.622258719e-25
1.935628886e-25
8.136316017e-26
1.64774255e-26
9.666973909e-28
1.119099764e-05
5.416555883e-07
1.564853174e-08
3.931293272e-10
1.64816816e-11
3.280149793e-12
1.051947761e-12
3.961858521e-13
1.646285951e-13
7.36825928e-14
3.489961032e-14
1.735453863e-14
9.077666782e-15
5.038773347e-15
3.000371924e-15
1.927567171e-15
1.329931725e-15
9.698274247e-16
7.309164617e-16
5.570363369e-16
4.215917967e-16
3.130151092e-16
2.261456623e-16
1.585129058e-16
1.077313044e-16
7.10973765e-17
4.559482475e-17
2.845365131e-17
1.73118282e-17
1.030094754e-17
6.020556729e-18
3.475902324e-18
1.995324557e-18
1.146784144e-18
6.643816566e-19
3.897828859e-19
2.309916012e-19
1.366688514e-19
7.948376236e-20
4.474719849e-20
2.408031082e-20
1.229482847e-20
5.939852847e-21
2.721949679e-21
1.194701815e-21
5.11510219e-22
2.192106457e-22
9.698054749e-23
4.565157206e-23
2.330997426e-23
1.290659293e-23
7.615048564e-24
4.672373904e-24
2.910219553e-24
1.795283819e-24
1.061254392e-24
5.666793183e-25
2.370618326e-25
4.539994067e-26
2.71521655e-27
2.589915874e-05
2.433168381e-06
1.154824041e-07
3.370542511e-09
1.07155642e-10
1.046814602e-11
2.559430869e-12
8.962102323e-13
3.666218226e-13
1.649577593e-13
7.926965769e-14
4.004340248e-14
2.119716792e-14
1.183959528e-14
7.061765885e-15
4.544627061e-15
3.160875192e-15
2.35142313e-15
1.833907934e-15
1.465442972e-15
1.175031806e-15
9.296997251e-16
7.168772085e-16
5.345747385e-16
3.838113258e-16
2.650915953e-16
1.761165421e-16
1.128776317e-16
7.010840013e-17
4.238978728e-17
2.504212033e-17
1.452222186e-17
8.319093382e-18
4.743913927e-18
2.712394949e-18
1.563915677e-18
9.107600966e-19
5.310128663e-19
3.053609276e-19
1.706644344e-19
9.150512315e-20
4.660288282e-20
2.24280708e-20
1.019555986e-20
4.409296484e-21
1.845685734e-21
7.6679151e-22
3.256148678e-22
1.457143587e-22
7.044229734e-23
3.713378859e-23
2.113106437e-23
1.268037043e-23
7.806328965e-24
4.790848803e-24
2.828502356e-24
1.511637455e-24
6.314189826e-25
1.169744496e-25
7.156494812e-27
4.81989516e-05
6.398240052e-06
5.634574775e-07
2.761237446e-08
8.803318801e-10
4.968292481e-11
7.527640241e-12
2.083307508e-12
7.618383877e-13
3.227100497e-13
1.500282441e-13
7.439390621e-14
3.891302234e-14
2.154192107e-14
1.277377026e-14
8.217138629e-15
5.761504129e-15
4.366506403e-15
3.508734085e-15
2.920659729e-15
2.465305152e-15
2.074712493e-15
1.718696795e-15
1.387712522e-15
1.083846922e-15
8.139682338e-16
5.851362555e-16
4.02080583e-16
2.643355905e-16
1.668419726e-16
1.014667504e-16
5.989219991e-17
3.462605057e-17
1.977986469e-17
1.123520078e-17
6.364033523e-18
3.60051036e-18
2.031073832e-18
1.131904748e-18
6.162894553e-19
3.249003257e-19
1.644989724e-19
7.923905728e-20
3.606077734e-20
1.55095272e-20
6.402093535e-21
2.59933152e-21
1.066359717e-21
4.549706099e-22
2.075841168e-22
1.031838799e-22
5.591378596e-23
3.244802662e-23
1.959880895e-23
1.192534578e-23
7.027492934e-24
3.764650684e-24
1.576775593e-24
2.889752836e-25
1.82909842e-26
8.003515802e-05
1.457864277e-05
1.678591114e-06
1.376613683e-07
6.676754232e-09
2.762886547e-10
2.450848453e-11
4.838443728e-12
1.471598323e-12
5.617505339e-13
2.456854756e-13
1.174962373e-13
6.009319814e-14
3.279637802e-14
1.931392974e-14
1.245266476e-14
8.847202623e-15
6.866459164e-15
5.698250676e-15
4.928655941e-15
4.343341805e-15
3.83370163e-15
3.347868488e-15
2.867295346e-15
2.392638267e-15
1.935083479e-15
1.510158252e-15
1.132260528e-15
8.126315707e-16
5.565976126e-16
3.634148272e-16
2.268485997e-16
1.362399675e-16
7.94257515e-17
4.535845035e-17
2.554451964e-17
1.418568273e-17
7.755769686e-18
4.159480218e-18
2.180945184e-18
1.110847303e-18
5.4795703e-19
2.612914154e-19
1.197014062e-19
5.206101017e-20
2.15084855e-20
8.624757737e-21
3.448829488e-21
1.412524788e-21
6.09231478e-22
2.838502141e-22
1.447165471e-22
8.013280992e-23
4.698420734e-23
2.816620353e-23
1.653282837e-23
8.889041605e-24
3.756318588e-24
6.956197677e-25
4.654581357e-26
0.0001161176907
2.818833411e-05
4.195490353e-06
4.680731915e-07
3.455056019e-08
1.640883266e-09
9.412321787e-11
1.193718233e-11
2.839511024e-12
9.409876817e-13
3.757113085e-13
1.692778374e-13
8.332106804e-14
4.442450845e-14
2.590179061e-14
1.677998612e-14
1.216271295e-14
9.746711349e-15
8.409889088e-15
7.580911518e-15
6.964797043e-15
6.408999708e-15
5.838880823e-15
5.225719125e-15
4.569247383e-15
3.886782143e-15
3.205251659e-15
2.554518668e-15
1.961710658e-15
1.447467852e-15
1.023633673e-15
6.921663276e-16
4.47141713e-16
2.764421456e-16
1.644686882e-16
9.474061321e-17
5.29699575e-17
2.870251271e-17
1.506555909e-17
7.668866788e-18
3.789268459e-18
1.814164228e-18
8.415309e-19
3.79167487e-19
1.658773727e-19
6.985795619e-20
2.825264605e-20
1.114732375e-20
4.414084027e-21
1.808368738e-21
7.894281873e-22
3.755300647e-22
1.956912332e-22
1.098500797e-22
6.422540489e-23
3.735183723e-23
2.015681319e-23
8.651179633e-24
1.653659119e-24
1.208443569e-25
0.0001447407566
4.651470525e-05
8.887552755e-06
1.229241522e-06
1.366144815e-07
1.007421481e-08
5.26709321e-10
3.977243809e-11
6.235760298e-12
1.633137977e-12
5.677018493e-13
2.338552369e-13
1.085410922e-13
5.580901279e-14
3.205017611e-14
2.097551762e-14
1.571063484e-14
1.317119831e-14
1.191276545e-14
1.122166546e-14
1.072893062e-14
1.024016766e-14
9.657094405e-15
8.940084529e-15
8.088549438e-15
7.128536862e-15
6.103134711e-15
5.063809035e-15
4.062406887e-15
3.144263211e-15
2.342992552e-15
1.677616251e-15
1.152226067e-15
7.582596555e-16
4.780205793e-16
2.890124817e-16
1.677733988e-16
9.352654254e-17
5.00302374e-17
2.560875053e-17
1.257196508e-17
5.944300185e-18
2.715342437e-18
1.201415473e-18
5.172961528e-19
2.176231675e-19
8.923972504e-20
3.558328867e-20
1.391315243e-20
5.47387511e-21
2.246614114e-21
9.939904949e-22
4.824510942e-22
2.55577951e-22
1.437868844e-22
8.21096507e-23
4.435793526e-23
1.945666593e-23
3.932546346e-24
3.36584378e-25
0.0001651031425
6.825439702e-05
1.620137148e-05
2.688662032e-06
3.656050638e-07
4.160054932e-08
3.176332624e-09
1.900952307e-10
1.703675275e-11
2.914298486e-12
7.955832667e-13
2.87310762e-13
1.2383401e-13
6.215799032e-14
3.606824822e-14
2.489272719e-14
1.996216395e-14
1.787433051e-14
1.706526195e-14
1.67643436e-14
1.656575226e-14
1.624814082e-14
1.569550098e-14
1.486066094e-14
1.374606914e-14
1.239139238e-14
1.08630427e-14
9.243534988e-15
7.620672062e-15
6.07669771e-15
4.678870468e-15
3.473104368e-15
2.481641846e-15
1.704757584e-15
1.124801586e-15
7.122317584e-16
4.324354948e-16
2.513772814e-16
1.39624386e-16
7.405151531e-17
3.746207473e-17
1.8106327e-17
8.373303116e-18
3.711439078e-18
1.589048902e-18
6.616915564e-19
2.691858629e-19
1.076277109e-19
4.237718867e-20
1.652172547e-20
6.516709085e-21
2.696484888e-21
1.211031763e-21
5.978141445e-22
3.191706127e-22
1.769660178e-22
9.522421504e-23
4.29800478e-23
9.49066217e-24
1.040560347e-24
0.0001842203813
9.440958191e-05
2.734719665e-05
5.458373262e-06
8.728087717e-07
1.173053124e-07
1.371777743e-08
1.087404589e-09
7.021251932e-11
6.460741998e-12
1.09660183e-12
3.110849637e-13
1.246481981e-13
6.405476075e-14
4.025214457e-14
3.095303064e-14
2.733491154e-14
2.621254916e-14
2.611156047e-14
2.629377375e-14
2.636466238e-14
2.610748907e-14
2.541200979e-14
2.424081802e-14
2.261157306e-14
2.058436689e-14
1.825321415e-14
1.573703822e-14
1.316867273e-14
1.06781523e-14
8.37684769e-15
6.348972535e-15
4.644784057e-15
3.277408442e-15
2.228994996e-15
1.459934441e-15
9.198396659e-16
5.566521844e-16
3.228326549e-16
1.789496485e-16
9.45468876e-17
4.749398246e-17
2.270080982e-17
1.034930385e-17
4.521456619e-18
1.901786578e-18
7.739844019e-19
3.070111161e-19
1.199111296e-19
4.653350175e-20
1.813923126e-20
7.242247916e-21
3.056359608e-21
1.40333536e-21
7.04179762e-22
3.753819751e-22
1.999553877e-22
9.338737653e-23
2.362571006e-23
3.165468185e-24
0.0001943901863
0.0001216909557
4.270282416e-05
1.025130675e-05
1.901214928e-06
3.048747243e-07
4.266987297e-08
5.223954097e-09
4.38212951e-10
2.838552083e-11
2.519990475e-12
4.397524989e-13
1.461280188e-13
7.65644522e-14
5.362228274e-14
4.538442667e-14
4.264178646e-14
4.200765185e-14
4.202936244e-14
4.20241511e-14
4.165456328e-14
4.075562082e-14
3.926149649e-14
3.717110944e-14
3.452992555e-14
3.142014542e-14
2.795223662e-14
2.425840721e-14
2.048600158e-14
1.679660086e-14
1.334570235e-14
1.025548876e-14
7.61091889e-15
5.454286306e-15
3.775372211e-15
2.523549289e-15
1.629220074e-15
1.015336135e-15
6.097025805e-16
3.518297976e-16
1.944741849e-16
1.02605917e-16
5.150929949e-17
2.455866669e-17
1.111777705e-17
4.797056273e-18
1.985982622e-18
7.947874445e-19
3.100009412e-19
1.191441719e-19
4.5798425e-20
1.792387464e-20
7.317188173e-21
3.207810541e-21
1.533052414e-21
7.873162903e-22
4.13829628e-22
2.000641799e-22
6.190838172e-23
9.574593664e-24
0.0001886880337
0.0001459492027
6.08935001e-05
1.750620292e-05
3.784576448e-06
6.955077088e-07
1.123007398e-07
1.67790012e-08
2.248568099e-09
2.158424102e-10
1.476154398e-11
1.339817478e-12
2.688272552e-13
1.179036096e-13
8.211838693e-14
7.06642176e-14
6.631396417e-14
6.425147162e-14
6.276401204e-14
6.116270712e-14
5.916027867e-14
5.664654491e-14
5.359855627e-14
5.004209823e-14
4.603424572e-14
4.165536989e-14
3.700505978e-14
3.219962801e-14
2.737006164e-14
2.266199559e-14
1.82278714e-14
1.420726805e-14
1.070931622e-14
7.793581374e-15
5.473715244e-15
3.713459821e-15
2.436060209e-15
1.54673882e-15
9.503639927e-16
5.646577688e-16
3.236382146e-16
1.78241356e-16
9.392227844e-17
4.717171593e-17
2.251292509e-17
1.01935942e-17
4.38304763e-18
1.796652194e-18
7.081349692e-19
2.718591199e-19
1.033867777e-19
3.984486813e-20
1.599118396e-20
6.86418475e-21
3.200230025e-21
1.609761301e-21
8.420017515e-22
4.210809302e-22
1.546845456e-22
2.767547126e-23
0.0001528599916
0.0001614183033
7.974315644e-05
2.690082351e-05
6.840446376e-06
1.430889511e-06
2.699926227e-07
4.642371808e-08
7.50942137e-09
1.111513218e-09
1.247308169e-10
9.627664548e-12
9.538207192e-13
2.354873745e-13
1.300811906e-13
1.024057043e-13
9.123807936e-14
8.490318734e-14
8.014755831e-14
7.583693333e-14
7.1527537e-14
6.704273443e-14
6.232306661e-14
5.736711691e-14
5.22061443e-14
4.689220859e-14
4.14929448e-14
3.608950686e-14
3.077710429e-14
2.566250921e-14
2.085755497e-14
1.647369501e-14
1.261049768e-14
9.336594027e-15
6.677932807e-15
4.616760922e-15
3.087566467e-15
1.997911174e-15
1.251678062e-15
7.596225236e-16
4.46324895e-16
2.536846306e-16
1.390235629e-16
7.307163989e-17
3.666329998e-17
1.749739876e-17
7.923721542e-18
3.403188298e-18
1.390329395e-18
5.449074856e-19
2.082659667e-19
7.974987477e-20
3.169508957e-20
1.35035931e-20
6.255467398e-21
3.117262533e-21
1.633552028e-21
8.424314888e-22
3.50578105e-22
7.536004327e-23
0.0001045644602
0.0001686957265
9.810681309e-05
3.825270965e-05
1.130216939e-05
2.700170739e-06
5.723127036e-07
1.100653303e-07
2.029820491e-08
3.539439158e-09
5.645484933e-10
6.785293529e-11
5.666981404e-12
6.85597515e-13
2.199566557e-13
1.376564569e-13
1.108636605e-13
9.736406155e-14
8.830940594e-14
8.104807262e-14
7.46020844e-14
6.854157036e-14
6.266380963e-14
5.68805801e-14
5.116606298e-14
4.552415173e-14
3.998363485e-14
3.459244586e-14
2.941319494e-14
2.451907582e-14
1.998786098e-14
1.589385366e-14
1.229956443e-14
9.244978658e-15
6.739724073e-15
4.762196527e-15
3.261255295e-15
2.164074288e-15
1.391999721e-15
8.673063558e-16
5.231695628e-16
3.052401233e-16
1.721806253e-16
9.377863225e-17
4.906777274e-17
2.452705896e-17
1.166706164e-17
5.268059379e-18
2.25704622e-18
9.21047369e-19
3.622271603e-19
1.408201724e-19
5.639017901e-20
2.422569405e-20
1.119958724e-20
5.593576683e-21
2.968171133e-21
1.582333429e-21
7.249013927e-22
1.897220832e-22
8.166171719e-05
0.0001752440187
0.0001165689953
5.150371301e-05
1.735170381e-05
4.722704794e-06
1.11785772e-06
2.446555568e-07
4.96798663e-08
9.671059469e-09
1.767455041e-09
2.871046452e-10
3.225895275e-11
2.847630048e-12
4.742139136e-13
1.946114015e-13
1.297912286e-13
1.038994185e-13
8.916427434e-14
7.877981881e-14
7.046884487e-14
6.328700279e-14
5.678334226e-14
5.072621476e-14
4.499267539e-14
3.951577885e-14
3.429706755e-14
2.934609151e-14
2.469790151e-14
2.040243829e-14
1.651730893e-14
1.308516871e-14
1.013195186e-14
7.661624281e-15
5.654003128e-15
4.069046945e-15
2.853417451e-15
1.947385373e-15
1.291757703e-15
8.314527839e-16
5.184496413e-16
3.127881861e-16
1.82249255e-16
1.023907452e-16
5.543662923e-17
2.882321593e-17
1.431867562e-17
6.771846999e-18
3.043231045e-18
1.301218835e-18
5.338991051e-19
2.152023102e-19
8.92842004e-20
3.911002596e-20
1.83172332e-20
9.289802665e-21
5.039930367e-21
2.786230681e-21
1.380194687e-21
4.353278269e-22
7.319418094e-05
0.0001799071319
0.0001344043969
6.638580951e-05
2.516636754e-05
7.756860893e-06
2.039187529e-06
4.889954572e-07
1.077832671e-07
2.289674388e-08
4.614418198e-09
8.526641257e-10
1.3161905e-10
1.343542606e-11
1.381681341e-12
3.23205579e-13
1.604491924e-13
1.117613702e-13
8.87038695e-14
7.44136841e-14
6.406705701e-14
5.582415908e-14
4.884249437e-14
4.269005784e-14
3.713126648e-14
3.203379599e-14
2.732958592e-14
2.299644431e-14
1.904068827e-14
1.548042509e-14
1.233438166e-14
9.63515891e-15
7.380271132e-15
5.54844588e-15
4.098725588e-15
2.975936759e-15
2.120907934e-15
1.480683028e-15
1.010127866e-15
6.715194724e-16
4.337138308e-16
2.71474785e-16
1.642600301e-16
9.579409973e-17
5.373155572e-17
2.897161942e-17
1.498070684e-17
7.398357704e-18
3.480575397e-18
1.561009499e-18
6.72784079e-19
2.85705723e-19
1.250937204e-19
5.678379738e-20
2.743684406e-20
1.431982781e-20
8.008815901e-21
4.605470816e-21
2.446112726e-21
9.104581008e-22
6.995595815e-05
0.000180977333
0.0001504847222
8.226774165e-05
3.469596234e-05
1.19702548e-05
3.502146266e-06
9.193576928e-07
2.251646235e-07
5.122513779e-08
1.114135161e-08
2.269550974e-09
4.120795214e-10
5.475804303e-11
5.15560611e-12
7.240784966e-13
2.321863544e-13
1.29632267e-13
9.196999826e-14
7.20828104e-14
5.915063902e-14
4.96458716e-14
4.210458803e-14
3.581325832e-14
3.039028147e-14
2.561941726e-14
2.137040237e-14
1.758132181e-14
1.42312796e-14
1.131003298e-14
8.813240674e-15
6.735287782e-15
5.057448067e-15
3.742084558e-15
2.73355077e-15
1.976735164e-15
1.413964597e-15
9.981316861e-16
6.93376421e-16
4.723436935e-16
3.14147503e-16
2.031735909e-16
1.273426875e-16
7.708605461e-17
4.492724237e-17
2.516669143e-17
1.353990551e-17
6.979735844e-18
3.438442341e-18
1.62061893e-18
7.384073822e-19
3.367591946e-19
1.559728769e-19
7.464256163e-20
3.783786791e-20
2.05869814e-20
1.195526659e-20
7.168085571e-21
4.069419658e-21
1.749498143e-21
6.797428318e-05
0.0001771313227
0.0001635798701
9.82163244e-05
4.5611087e-05
1.741179982e-05
5.640066261e-06
1.60895921e-06
4.235761929e-07
1.027575731e-07
2.391584625e-08
5.269298233e-09
1.071824552e-09
1.877296704e-10
2.229936888e-11
2.267372625e-12
4.272837589e-13
1.694613529e-13
1.019444547e-13
7.334006193e-14
5.702436674e-14
4.600322303e-14
3.777591438e-14
3.123782371e-14
2.583104459e-14
2.124888352e-14
1.731343613e-14
1.391722423e-14
1.099710362e-14
8.522344845e-15
6.468473909e-15
4.807963323e-15
3.508221357e-15
2.524312262e-15
1.800346751e-15
1.277756012e-15
9.036502786e-16
6.359414241e-16
4.434297159e-16
3.055517361e-16
2.06821102e-16
1.368299699e-16
8.811527498e-17
5.499352491e-17
3.313742845e-17
1.922881682e-17
1.073477309e-17
5.763480299e-18
2.973592876e-18
1.478765219e-18
7.207810019e-19
3.538788852e-19
1.752688379e-19
8.968602049e-20
4.836910787e-20
2.77466124e-20
1.684092326e-20
1.054705697e-20
6.385049735e-21
3.115758594e-21
6.535631977e-05
0.0001670333129
0.0001723069113
0.0001130566759
5.731204541e-05
2.397251652e-05
8.542362992e-06
2.660096672e-06
7.543499197e-07
2.001114757e-07
4.929944959e-08
1.158410073e-08
2.554842823e-09
5.092306499e-10
7.998124077e-11
8.415128772e-12
1.032970499e-12
2.654210164e-13
1.26170099e-13
8.070839871e-14
5.865208738e-14
4.52129192e-14
3.588602915e-14
2.887775285e-14
2.33346314e-14
1.88024992e-14
1.502370429e-14
1.18469656e-14
9.180660909e-15
6.969799171e-15
5.175189373e-15
3.754628856e-15
2.663381746e-15
1.854617518e-15
1.275874101e-15
8.731940188e-16
5.977112443e-16
4.101530437e-16
2.817607428e-16
1.929749805e-16
1.309723823e-16
8.749876253e-17
5.721987256e-17
3.646535814e-17
2.250875484e-17
1.341558126e-17
7.717526892e-18
4.289876273e-18
2.311790396e-18
1.21853504e-18
6.419221952e-19
3.377028083e-19
1.804065409e-19
9.972230964e-20
5.780001549e-20
3.525742356e-20
2.249328399e-20
1.473791298e-20
9.476625209e-21
5.181376128e-21
6.130275646e-05
0.000150484289
0.000176023187
0.0001256295335
6.890459792e-05
3.126271819e-05
1.212797163e-05
4.1056599e-06
1.250712768e-06
3.52869317e-07
9.201479014e-08
2.299840098e-08
5.456988784e-09
1.206723162e-09
2.37119123e-10
3.345972821e-11
3.524437013e-12
5.635107617e-13
1.850223023e-13
9.784357261e-14
6.456278573e-14
4.705361147e-14
3.599634306e-14
2.821232055e-14
2.234359153e-14
1.771963527e-14
1.397656293e-14
1.090359031e-14
8.370311196e-15
6.290576558e-15
4.613976342e-15
3.300255133e-15
2.301250298e-15
1.566087038e-15
1.044386977e-15
6.871205855e-16
4.494647485e-16
2.943041193e-16
1.936910953e-16
1.28171785e-16
8.499922733e-17
5.616451018e-17
3.671948888e-17
2.358332585e-17
1.477289414e-17
8.968452318e-18
5.279505927e-18
3.020659154e-18
1.696190233e-18
9.530781363e-19
5.346351055e-19
3.024915535e-19
1.750412261e-19
1.049335832e-19
6.558463451e-20
4.266961287e-20
2.868705817e-20
1.967355665e-20
1.336217484e-20
8.100487477e-21
5.717829734e-05
0.0001338789841
0.000175924593
0.0001354626562
7.972192513e-05
3.890780023e-05
1.630087683e-05
5.975196709e-06
1.957756598e-06
5.90384512e-07
1.667604161e-07
4.397546569e-08
1.108683789e-08
2.642764426e-09
5.81770138e-10
1.10775608e-10
1.456542637e-11
1.676135121e-12
3.365296562e-13
1.315788867e-13
7.530871287e-14
5.119328973e-14
3.764609953e-14
2.877016166e-14
2.239670487e-14
1.754923476e-14
1.372714284e-14
1.065033462e-14
8.15173899e-15
6.124698148e-15
4.495657056e-15
3.213406619e-15
2.233711342e-15
1.509792617e-15
9.937462082e-16
6.391965779e-16
4.040889703e-16
2.528697932e-16
1.577667746e-16
9.870879197e-17
6.212325962e-17
3.931270156e-17
2.492002521e-17
1.572564433e-17
9.807190618e-18
6.006366812e-18
3.602516644e-18
2.124412537e-18
1.251692683e-18
7.35814659e-19
4.375370558e-19
2.658382387e-19
1.66448936e-19
1.079565243e-19
7.251174241e-20
5.01570131e-20
3.546450816e-20
2.540855513e-20
1.81206438e-20
1.203176273e-20
5.490258181e-05
0.0001232034906
0.0001745339742
0.0001427568408
8.913617169e-05
4.635460061e-05
2.079516709e-05
8.201886937e-06
2.887493559e-06
9.311591214e-07
2.79002879e-07
7.765022656e-08
2.077312385e-08
5.29837785e-09
1.268895322e-09
2.747173217e-10
4.719833144e-11
5.512052946e-12
7.408506023e-13
1.986636331e-13
9.386373164e-14
5.835609559e-14
4.093644803e-14
3.041079283e-14
2.324922141e-14
1.80095452e-14
1.399409442e-14
1.08270852e-14
8.290512166e-15
6.249876777e-15
4.615672111e-15
3.324988129e-15
2.329999575e-15
1.585758865e-15
1.047554331e-15
6.72468687e-16
4.206686385e-16
2.575560529e-16
1.55193444e-16
9.260944813e-17
5.506739533e-17
3.279367504e-17
1.961548682e-17
1.17860101e-17
7.097169216e-18
4.270396402e-18
2.568581287e-18
1.559776323e-18
9.502481303e-19
5.85288692e-19
3.685638252e-19
2.394654889e-19
1.611728612e-19
1.121599751e-19
8.021653989e-20
5.853942655e-20
4.331364546e-20
3.231918736e-20
2.407588219e-20
1.741097387e-20
5.515363261e-05
0.0001188195005
0.0001729161453
0.0001478050846
9.699395142e-05
5.331734772e-05
2.543163466e-05
1.072150827e-05
4.041905091e-06
1.388471237e-06
4.424875676e-07
1.295963782e-07
3.663058679e-08
9.931313117e-09
2.55593668e-09
6.120820327e-10
1.30125082e-10
2.012316566e-11
2.330618352e-12
4.005371521e-13
1.364307911e-13
7.213150946e-14
4.675807952e-14
3.327469954e-14
2.480931245e-14
1.893884029e-14
1.460249506e-14
1.126688651e-14
8.637917883e-15
6.541781793e-15
4.868866028e-15
3.544193137e-15
2.51364065e-15
1.732948477e-15
1.159441509e-15
7.52264786e-16
4.736829916e-16
2.900351117e-16
1.73210036e-16
1.012878294e-16
5.827013787e-17
3.315461221e-17
1.876173505e-17
1.061672055e-17
6.038901286e-18
3.4746172e-18
2.04800343e-18
1.23752875e-18
7.67179319e-19
4.909492124e-19
3.262096326e-19
2.255440331e-19
1.617450551e-19
1.194233207e-19
8.998621064e-20
6.869240823e-20
5.290458866e-20
4.103392847e-20
3.203080969e-20
2.535351068e-20
5.76280352e-05
0.000119037649
0.0001716063999
0.0001510476085
0.0001031971178
5.94848175e-05
2.994950013e-05
1.340168836e-05
5.38378161e-06
1.967934183e-06
6.686313496e-07
2.123278226e-07
6.293888938e-08
1.798814949e-08
4.917358947e-09
1.268457705e-09
3.014695159e-10
6.223204062e-11
9.088973431e-12
1.159870325e-12
2.497491902e-13
9.943912101e-14
5.624275599e-14
3.74682918e-14
2.698281206e-14
2.021113212e-14
1.543218109e-14
1.186348241e-14
9.102804221e-15
6.924604624e-15
5.19316439e-15
3.820333218e-15
2.74443907e-15
1.919118061e-15
1.303656225e-15
8.58875203e-16
5.48392452e-16
3.395277059e-16
2.041058422e-16
1.193694142e-16
6.809630781e-17
3.801828681e-17
2.086189163e-17
1.13151498e-17
6.115054228e-18
3.335725573e-18
1.881817908e-18
1.102178644e-18
6.78794964e-19
4.430859418e-19
3.065941629e-19
2.231488817e-19
1.686819753e-19
1.306852236e-19
1.027175268e-19
8.144188283e-20
6.508595103e-20
5.267594762e-20
4.333947936e-20
3.737677868e-20
6.197874872e-05
0.000122515634
0.0001706728529
0.0001528540841
0.0001079044378
6.481522865e-05
3.423410148e-05
1.616318525e-05
6.88713635e-06
2.670513745e-06
9.596591603e-07
3.227476618e-07
1.005305517e-07
3.027727309e-08
8.762969986e-09
2.412513684e-09
6.212122155e-10
1.445756932e-10
2.748263481e-11
3.649002129e-12
5.358280274e-13
1.484718608e-13
6.995342313e-14
4.292639588e-14
2.968766777e-14
2.175899492e-14
1.642248961e-14
1.256110658e-14
9.635195332e-15
7.355106097e-15
5.552875647e-15
4.124248841e-15
2.99879627e-15
2.126246123e-15
1.466190862e-15
9.813683785e-16
6.36648441e-16
4.000358081e-16
2.4353253e-16
1.43760169e-16
8.239243189e-17
4.59239104e-17
2.495417852e-17
1.32701111e-17
6.954178992e-18
3.640756383e-18
1.960575337e-18
1.101494183e-18
6.620461331e-19
4.325271765e-19
3.065140048e-19
2.315537727e-19
1.823413091e-19
1.468911941e-19
1.196746586e-19
9.824335985e-20
8.163636789e-20
6.913652861e-20
6.020337939e-20
5.537608771e-20
6.778989821e-05
0.0001280894432
0.0001701084378
0.0001535469441
0.0001112052916
6.916899275e-05
3.80996066e-05
1.887369385e-05
8.483572148e-06
3.480952811e-06
1.31992804e-06
4.698112043e-07
1.575884524e-07
4.960169467e-08
1.506748511e-08
4.382782542e-09
1.205535718e-09
3.074163055e-10
6.949205308e-11
1.165364849e-11
1.486531872e-12
2.756847051e-13
9.742123348e-14
5.195024842e-14
3.361095629e-14
2.379530744e-14
1.762764493e-14
1.335848472e-14
1.021608504e-14
7.810872671e-15
5.927621388e-15
4.438728949e-15
3.262653383e-15
2.343365934e-15
1.639144998e-15
1.113908593e-15
7.339897065e-16
4.683260901e-16
2.891819441e-16
1.728268096e-16
1.00011461e-16
5.607417474e-17
3.049366371e-17
1.611851364e-17
8.322315336e-18
4.248246839e-18
2.207345642e-18
1.192986229e-18
6.957532505e-19
4.501399157e-19
3.23069144e-19
2.507640076e-19
2.039050495e-19
1.696396289e-19
1.427475205e-19
1.214967992e-19
1.051080161e-19
9.298246247e-20
8.500710019e-20
8.107857455e-20
7.471792503e-05
0.0001346937736
0.0001696185577
0.0001531821288
0.0001131606981
7.251956661e-05
4.143607652e-05
2.14107249e-05
1.008922588e-05
4.356985996e-06
1.739732292e-06
6.520447163e-07
2.303883666e-07
7.580381265e-08
2.413389351e-08
7.390839907e-09
2.157230803e-09
5.916499263e-10
1.49076106e-10
3.265547794e-11
5.152146861e-12
7.238990411e-13
1.683431645e-13
6.944616646e-14
3.971347174e-14
2.65072278e-14
1.906566977e-14
1.423975671e-14
1.082612318e-14
8.275082868e-15
6.303771622e-15
4.753416877e-15
3.52792496e-15
2.564282736e-15
1.81799602e-15
1.253311643e-15
8.380905329e-16
5.426887602e-16
3.399290911e-16
2.058425302e-16
1.204631648e-16
6.812529825e-17
3.723605435e-17
1.968814077e-17
1.010217987e-17
5.078554527e-18
2.565954112e-18
1.34624442e-18
7.640159534e-19
4.88385596e-19
3.534816003e-19
2.805986792e-19
2.345654087e-19
2.009058651e-19
1.74581268e-19
1.53790984e-19
1.376968426e-19
1.260224819e-19
1.188638288e-19
1.156299556e-19
8.240400063e-05
0.0001410646386
0.0001687572588
0.0001517178551
0.0001137176196
7.469311247e-05
4.404993718e-05
2.363434191e-05
1.162505847e-05
5.263727093e-06
2.206791421e-06
8.668270272e-07
3.210065164e-07
1.102855877e-07
3.667974761e-08
1.177545023e-08
3.6235608e-09
1.057392765e-09
2.877164349e-10
7.065655791e-11
1.422642291e-11
2.049424603e-12
3.315105491e-13
9.84194018e-14
4.782061365e-14
2.969573947e-14
2.063847526e-14
1.51574115e-14
1.144015583e-14
8.733111561e-15
6.671986161e-15
5.061836766e-15
3.789749083e-15
2.784840595e-15
1.99905763e-15
1.39680841e-15
9.474293537e-16
6.224119437e-16
3.953956346e-16
2.426136791e-16
1.436676995e-16
8.204613673e-17
4.516033705e-17
2.395558712e-17
1.226675112e-17
6.106016115e-18
3.01814288e-18
1.547359965e-18
8.578354758e-19
5.424781085e-19
3.959370089e-19
3.210766498e-19
2.754616833e-19
2.427514342e-19
2.170502123e-19
1.961922495e-19
1.798464997e-19
1.686267186e-19
1.622025846e-19
1.595783234e-19
9.096672858e-05
0.0001464477591
0.0001670709892
0.0001489681085
0.000112776956
7.559041498e-05
4.581107208e-05
2.538740031e-05
1.296076605e-05
6.122302276e-06
2.685573643e-06
1.10298473e-06
4.282983704e-07
1.573389658e-07
5.429494798e-08
1.814576913e-08
5.841234455e-09
1.796274093e-09
5.210135929e-10
1.396868566e-10
3.307899552e-11
5.82635381e-12
8.109298963e-13
1.664572554e-13
6.277317245e-14
3.45349612e-14
2.270444299e-14
1.623027764e-14
1.209540254e-14
9.193001162e-15
7.03045843e-15
5.359414212e-15
4.043282466e-15
3.000876504e-15
2.179740134e-15
1.543115427e-15
1.061295774e-15
7.072049445e-16
4.556147293e-16
2.833265584e-16
1.698393341e-16
9.8021318e-17
5.440135912e-17
2.900613159e-17
1.486413614e-17
7.357796602e-18
3.57965019e-18
1.79818278e-18
9.755648951e-19
6.107421167e-19
4.495967218e-19
3.723139485e-19
3.277025634e-19
2.957962614e-19
2.694415263e-19
2.473406903e-19
2.310184072e-19
2.205504536e-19
2.149539682e-19
2.128959352e-19
0.0001016617063
0.00015104117
0.0001644229904
0.000144865434
0.0001102941228
7.510255925e-05
4.657277694e-05
2.656403496e-05
1.40259691e-05
6.883501001e-06
3.148604275e-06
1.348967343e-06
5.472781913e-07
2.105703327e-07
7.562475339e-08
2.632512662e-08
8.85407691e-09
2.859173719e-09
8.779897052e-10
2.525690884e-10
6.64695657e-11
1.509851139e-11
2.492084966e-12
3.844870978e-13
9.895143157e-14
4.358047608e-14
2.582795152e-14
1.760054732e-14
1.282934264e-14
9.663488337e-15
7.379667767e-15
5.644661337e-15
4.287222543e-15
3.211590465e-15
2.359359655e-15
1.691639779e-15
1.179365178e-15
7.970555925e-16
5.208141307e-16
3.283348485e-16
1.993514225e-16
1.163742608e-16
6.520244818e-17
3.500678031e-17
1.800396178e-17
8.894261158e-18
4.281647394e-18
2.110541624e-18
1.120353703e-18
6.931737394e-19
5.138388119e-19
4.340949409e-19
3.901691619e-19
3.574312453e-19
3.287616704e-19
3.062029159e-19
2.906413409e-19
2.812755217e-19
2.765665325e-19
2.750006166e-19
0.0001162620141
0.0001554450416
0.0001608648199
0.0001394247619
0.0001062936969
7.323581301e-05
4.629069109e-05
2.706330951e-05
1.471290183e-05
7.469938502e-06
3.550511215e-06
1.583108192e-06
6.685362198e-07
2.680950954e-07
1.011147356e-07
3.651941216e-08
1.277963523e-08
4.311744491e-09
1.392218839e-09
4.253089207e-10
1.207175273e-10
3.073332208e-11
6.269867337e-12
9.409167176e-13
1.711649872e-13
5.699062553e-14
2.961000157e-14
1.907875581e-14
1.3565949e-14
1.011512962e-14
7.708108689e-15
5.912778511e-15
4.519226698e-15
3.415490479e-15
2.536719818e-15
1.841685555e-15
1.301416345e-15
8.92040387e-16
5.913072472e-16
3.780867736e-16
2.326799877e-16
1.375298992e-16
7.789900799e-17
4.220191561e-17
2.183529044e-17
1.079815607e-17
5.163876184e-18
2.502742548e-18
1.298277765e-18
7.906187454e-19
5.879767894e-19
5.041928071e-19
4.594494572e-19
4.237176557e-19
3.939965613e-19
3.721334972e-19
3.579989849e-19
3.499124999e-19
3.460248042e-19
3.448259024e-19
0.0001319869945
0.0001585705501
0.0001559485271
0.0001325773794
0.0001008611666
7.007605169e-05
4.499207049e-05
2.688078132e-05
1.500815676e-05
7.854876855e-06
3.86360349e-06
1.787909898e-06
7.838199748e-07
3.268325699e-07
1.290430605e-07
4.829608704e-08
1.755086339e-08
6.168552882e-09
2.084690824e-09
6.715069979e-10
2.033676968e-10
5.666865293e-11
1.383637877e-11
2.497776658e-12
3.787376271e-13
8.848785979e-14
3.667257007e-14
2.130865695e-14
1.449332133e-14
1.060644645e-14
8.033484148e-15
6.168180785e-15
4.739513198e-15
3.611766779e-15
2.71085144e-15
1.992430287e-15
1.427009038e-15
9.921088634e-16
6.673561292e-16
4.330383292e-16
2.703524535e-16
1.619851225e-16
9.291055868e-17
5.089719489e-17
2.656157933e-17
1.319390046e-17
6.293603476e-18
3.007553523e-18
1.523312762e-18
9.076398533e-19
6.707073474e-19
5.788010176e-19
5.311440391e-19
4.938961416e-19
4.64741253e-19
4.44493085e-19
4.320569095e-19
4.252023655e-19
4.219553295e-19
4.210160561e-19
0.000144293291
0.0001585441034
0.0001489728791
0.0001242139653
9.412611337e-05
6.578822084e-05
4.279513061e-05
2.60523119e-05
1.489390415e-05
8.015822815e-06
4.069902058e-06
1.949906349e-06
8.857641503e-07
3.83468951e-07
1.581475146e-07
6.130191131e-08
2.30819346e-08
8.426456173e-09
2.96888688e-09
1.002667386e-09
3.21234017e-10
9.605253713e-11
2.61053746e-11
6.031210339e-12
1.020817978e-12
1.75014564e-13
5.157562211e-14
2.504288931e-14
1.576693445e-14
1.117315189e-14
8.363240848e-15
6.410899964e-15
4.946230539e-15
3.798317412e-15
2.87990269e-15
2.142334196e-15
1.555228596e-15
1.096940395e-15
7.49023006e-16
4.935422644e-16
3.128778505e-16
1.902851095e-16
1.107246506e-16
6.147353151e-17
3.245591799e-17
1.626107216e-17
7.776761082e-18
3.681599404e-18
1.824864323e-18
1.053937956e-18
7.621146727e-19
6.554758926e-19
6.049442232e-19
5.682333646e-19
5.408944421e-19
5.225431951e-19
5.115382517e-19
5.055854753e-19
5.02832564e-19
5.020763405e-19
0.0001519289473
0.0001548561823
0.0001398273104
0.0001144870521
8.635446626e-05
6.0632934e-05
3.990328605e-05
2.470026934e-05
1.442142029e-05
7.959327133e-06
4.15838536e-06
2.056850586e-06
9.665163269e-07
4.338403069e-07
1.86613495e-07
7.57431372e-08
2.944191089e-08
1.112208233e-08
4.068020132e-09
1.43291481e-09
4.821781351e-10
1.531021303e-10
4.49831565e-11
1.17449431e-11
2.361190041e-12
3.669776055e-13
7.796515029e-14
3.020973008e-14
1.723327032e-14
1.174861447e-14
8.670098e-15
6.62846685e-15
5.132433703e-15
3.970559765e-15
3.040722017e-15
2.289142562e-15
1.684452739e-15
1.205643405e-15
8.360482435e-16
5.597690761e-16
3.606914649e-16
2.229788303e-16
1.318793808e-16
7.439275123e-17
3.987685616e-17
2.025383075e-17
9.776140426e-18
4.604611498e-18
2.252466764e-18
1.251503448e-18
8.692220632e-19
7.358425185e-19
6.819570294e-19
6.471995094e-19
6.221648899e-19
6.053053528e-19
5.950421683e-19
5.894653731e-19
5.87057189e-19
5.864377653e-19
0.0001535764767
0.000147357496
0.0001286779927
0.0001036782427
7.784926215e-05
5.486164952e-05
3.646394578e-05
2.291162969e-05
1.363540258e-05
7.703481917e-06
4.134391256e-06
2.105541717e-06
1.021046635e-06
4.736138759e-07
2.10711531e-07
8.908968726e-08
3.580427986e-08
1.400312311e-08
5.314048955e-09
1.948559889e-09
6.861014039e-10
2.298013762e-10
7.214607565e-11
2.073369014e-11
5.150809241e-12
9.420824119e-13
1.568680221e-13
4.275294265e-14
2.004753759e-14
1.260406748e-14
9.023477433e-15
6.837245104e-15
5.299797369e-15
4.126340206e-15
3.190518573e-15
2.430429543e-15
1.812773436e-15
1.317004649e-15
9.279032922e-16
6.316936808e-16
4.141353869e-16
2.60621626e-16
1.569856e-16
9.022861812e-17
4.9312091e-17
2.556027471e-17
1.259588575e-17
5.984422602e-18
2.905163337e-18
1.545609724e-18
1.009664733e-18
8.23986849e-19
7.628086694e-19
7.303242522e-19
7.074620416e-19
6.913864812e-19
6.810878653e-19
6.755070321e-19
6.732246638e-19
6.726795367e-19
0.0001490084377
0.0001363987324
0.0001159277739
9.216657419e-05
6.895506667e-05
4.877704574e-05
3.270073194e-05
2.082549048e-05
1.261408196e-05
7.279763947e-06
4.005914006e-06
2.098632806e-06
1.048310872e-06
5.013830516e-07
2.301820817e-07
1.011653703e-07
4.212698847e-08
1.701291879e-08
6.680404784e-09
2.541908205e-09
9.326401838e-10
3.275512872e-10
1.088832101e-10
3.364545379e-11
9.356083288e-12
2.137529659e-12
3.637754279e-13
7.116879141e-14
2.51018013e-14
1.38632338e-14
9.44953209e-15
7.043352504e-15
5.448007011e-15
4.263095675e-15
3.326342027e-15
2.563618072e-15
1.938175716e-15
1.429519341e-15
1.023790259e-15
7.09158012e-16
4.734879457e-16
3.03777802e-16
1.867498075e-16
1.097076976e-16
6.143381672e-17
3.27700024e-17
1.663698188e-17
8.088660682e-18
3.925138254e-18
2.007104986e-18
1.210240796e-18
9.263532202e-19
8.472163848e-19
8.155992359e-19
7.946269257e-19
7.787212547e-19
7.681383697e-19
7.625601122e-19
7.603333719e-19
7.59813633e-19
0.0001389070326
0.0001227099966
0.000102121034
8.034518107e-05
5.995704342e-05
4.255728812e-05
2.877574916e-05
1.856155269e-05
1.143108731e-05
6.730913025e-06
3.790784154e-06
2.038392244e-06
1.047294143e-06
5.159179961e-07
2.443512923e-07
1.115196118e-07
4.837796996e-08
2.012128916e-08
8.153284485e-09
3.209556469e-09
1.222529235e-09
4.479620871e-10
1.565189856e-10
5.143515255e-11
1.554744302e-11
4.113906759e-12
8.131989448e-13
1.351819952e-13
3.457260833e-14
1.577029912e-14
9.967211501e-15
7.243282044e-15
5.573004057e-15
4.377663627e-15
3.445375582e-15
2.68620509e-15
2.058673514e-15
1.541770328e-15
1.122848402e-15
7.919611261e-16
5.391112052e-16
3.531723604e-16
2.221142234e-16
1.338662619e-16
7.72945302e-17
4.267078428e-17
2.245497807e-17
1.127423673e-17
5.497755772e-18
2.75193676e-18
1.529556705e-18
1.06407579e-18
9.381922335e-19
9.013045044e-19
8.815785924e-19
8.658928708e-19
8.553353493e-19
8.49826733e-19
8.47658834e-19
8.471809455e-19
0.0001245689727
0.0001072459459
8.788221419e-05
6.863207528e-05
5.116202549e-05
3.646165731e-05
2.48643778e-05
1.623663649e-05
1.016005953e-05
6.097231065e-06
3.510005834e-06
1.93495502e-06
1.02146384e-06
5.175513488e-07
2.52545359e-07
1.192120961e-07
5.358015032e-08
2.297224664e-08
9.606427855e-09
3.909278971e-09
1.54320308e-09
5.881991412e-10
2.14973322e-10
7.453733337e-11
2.410778375e-11
7.07663428e-12
1.762244118e-12
3.256376857e-13
6.115019497e-14
2.013226376e-14
1.092408996e-14
7.519657174e-15
5.696625638e-15
4.474744077e-15
3.547009113e-15
2.796241921e-15
2.17228614e-15
1.652239273e-15
1.224176446e-15
8.798793167e-16
6.114382129e-16
4.097623477e-16
2.644130082e-16
1.643140981e-16
9.82128684e-17
5.630107362e-17
3.085569442e-17
1.612052833e-17
8.06188074e-18
4.01789713e-18
2.10775083e-18
1.305835827e-18
1.05249175e-18
9.890793132e-19
9.673439699e-19
9.526078954e-19
9.426448973e-19
9.373004453e-19
9.351256185e-19
9.346601204e-19
0.0001076411183
9.105425053e-05
7.384367021e-05
5.742224035e-05
4.284326512e-05
3.068438337e-05
2.110992293e-05
1.395719947e-05
8.871481992e-06
5.423390228e-06
3.187146134e-06
1.798239082e-06
9.738802064e-07
5.071290127e-07
2.546703527e-07
1.240336984e-07
5.774666161e-08
2.576796231e-08
1.107780349e-08
4.643670417e-09
1.892881536e-09
7.47427887e-10
2.842856837e-10
1.032797276e-10
3.537592362e-11
1.119201173e-11
3.144560048e-12
6.930478068e-13
1.208207984e-13
2.872408955e-14
1.250800369e-14
7.900430791e-15
5.825890545e-15
4.55629448e-15
3.631194307e-15
2.892462108e-15
2.27739212e-15
1.759565289e-15
1.326998455e-15
9.728274226e-16
6.911105636e-16
4.749200942e-16
3.15727589e-16
2.029062401e-16
1.258118679e-16
7.508593181e-17
4.298517801e-17
2.350450791e-17
1.226793407e-17
6.21158012e-18
3.217853251e-18
1.806530927e-18
1.246998173e-18
1.093748758e-18
1.054444995e-18
1.039334503e-18
1.030432558e-18
1.025364426e-18
1.023048619e-18
1.02249918e-18
8.980342181e-05
7.512759936e-05
6.056547031e-05
4.703577319e-05
3.518080019e-05
2.535159989e-05
1.760641527e-05
1.178701406e-05
7.608197641e-06
4.735271081e-06
2.8392903e-06
1.638251143e-06
9.092832139e-07
4.860229104e-07
2.509308409e-07
1.259663316e-07
6.065730493e-08
2.800954827e-08
1.238973825e-08
5.349499502e-09
2.249598378e-09
9.185035101e-10
3.624659525e-10
1.373243059e-10
4.94463158e-11
1.665932273e-11
5.124342754e-12
1.361599721e-12
2.717623127e-13
5.067584636e-14
1.591475497e-14
8.581730276e-15
6.0007591e-15
4.631860565e-15
3.69904314e-15
2.973170772e-15
2.371709858e-15
1.861826347e-15
1.43026182e-15
1.070856646e-15
7.794390025e-16
5.512622468e-16
3.785092432e-16
2.519354106e-16
1.623278566e-16
1.010494199e-16
6.057816211e-17
3.485402595e-17
1.921522501e-17
1.019767355e-17
5.342880399e-18
2.871148624e-18
1.699190076e-18
1.276692237e-18
1.159407122e-18
1.129305956e-18
1.11943256e-18
1.114580145e-18
1.11196182e-18
1.111182627e-18
7.250304281e-05
6.02966285e-05
4.849486952e-05
3.769642403e-05
2.831635031e-05
2.055584812e-05
1.442185346e-05
9.779652464e-06
6.410376906e-06
4.060131867e-06
2.482585926e-06
1.463760214e-06
8.317931616e-07
4.560201419e-07
2.419589247e-07
1.25003112e-07
6.213370297e-08
2.961226404e-08
1.35246528e-08
6.002949605e-09
2.598921773e-09
1.094631348e-09
4.46852844e-10
1.758466315e-10
6.617985989e-11
2.353773064e-11
7.766933437e-12
2.307993426e-12
5.747578111e-13
1.105391936e-13
2.474748573e-14
1.010697907e-14
6.333530998e-15
4.730761904e-15
3.759399747e-15
3.040568779e-15
2.454246549e-15
1.956977677e-15
1.532181434e-15
1.173410161e-15
8.775669252e-16
6.40015786e-16
4.544725956e-16
3.138371147e-16
2.104789541e-16
1.36835415e-16
8.604381851e-17
5.222494745e-17
3.055054278e-17
1.72258129e-17
9.406182831e-18
5.094358842e-18
2.821425114e-18
1.737303831e-18
1.35425449e-18
1.242071582e-18
1.213578524e-18
1.205984013e-18
1.20270902e-18
1.201515927e-18
5.675742639e-05
4.709161544e-05
3.789300863e-05
2.955220922e-05
2.233133656e-05
1.63500089e-05
1.159723015e-05
7.968984076e-06
5.304363604e-06
3.418251055e-06
2.130512229e-06
1.282831734e-06
7.457922094e-07
4.190279727e-07
2.283477949e-07
1.212540477e-07
6.2050395e-08
3.053571502e-08
1.449395627e-08
6.595717219e-09
2.932339787e-09
1.270711708e-09
5.350441211e-10
2.179292133e-10
8.532371761e-11
3.181523768e-11
1.114278371e-11
3.588688528e-12
1.018558759e-12
2.2380887e-13
4.303950989e-14
1.294390472e-14
6.873505047e-15
4.859072955e-15
3.813432988e-15
3.095210462e-15
2.525903803e-15
2.045532367e-15
1.632624188e-15
1.280206495e-15
9.841019113e-16
7.40070296e-16
5.436778916e-16
3.896885222e-16
2.721334276e-16
1.84858123e-16
1.21980886e-16
7.810892008e-17
4.848465252e-17
2.912125411e-17
1.69051482e-17
9.506259247e-18
5.287373294e-18
2.99780459e-18
1.877791241e-18
1.463859296e-18
1.335817907e-18
1.304059757e-18
1.2966061e-18
1.294634874e-18
4.315501548e-05
3.582944593e-05
2.891327429e-05
2.266513571e-05
1.725489864e-05
1.275453819e-05
9.152777385e-06
6.375619718e-06
4.309766805e-06
2.825351943e-06
1.79437916e-06
1.102797815e-06
6.555504335e-07
3.773857955e-07
2.115600016e-07
1.153044719e-07
6.062888912e-08
3.073675393e-08
1.503463106e-08
7.051314421e-09
3.219493677e-09
1.434472942e-09
6.221341678e-10
2.617110144e-10
1.062496e-10
4.133096504e-11
1.524368209e-11
5.24638645e-12
1.644012023e-12
4.43549565e-13
9.306631815e-14
2.066332898e-14
8.151916378e-15
5.114110601e-15
3.880725362e-15
3.139549377e-15
2.584651682e-15
2.124861837e-15
1.730292338e-15
1.389309195e-15
1.096644714e-15
8.494602197e-16
6.448053154e-16
4.790033607e-16
3.477625949e-16
2.464608314e-16
1.703685741e-16
1.148066757e-16
7.534703297e-17
4.805634298e-17
2.969185078e-17
1.771806069e-17
1.022168355e-17
5.805757437e-18
3.338650843e-18
2.077148417e-18
1.584788747e-18
1.433566338e-18
1.397543873e-18
1.390810774e-18
3.194047127e-05
2.659617523e-05
2.156468923e-05
1.7018175e-05
1.306724127e-05
9.760235011e-06
7.090205357e-06
5.008242364e-06
3.438480668e-06
2.292837987e-06
1.483385365e-06
9.301490214e-07
5.65125521e-07
3.333282956e-07
1.924468035e-07
1.074980287e-07
5.802333035e-08
3.026511328e-08
1.525280083e-08
7.435151426e-09
3.474248227e-09
1.586868122e-09
7.06920048e-10
3.062416065e-10
1.284868542e-10
5.191396601e-11
2.003590911e-11
7.298711752e-12
2.464651814e-12
7.49638689e-13
1.912556058e-13
4.067179206e-14
1.140759935e-14
5.715979374e-15
4.011812914e-15
3.184708704e-15
2.62998166e-15
2.191836808e-15
1.819616896e-15
1.49472887e-15
1.210514833e-15
9.64419969e-16
7.548317192e-16
5.797162541e-16
4.36402317e-16
3.217454365e-16
2.322108627e-16
1.639806092e-16
1.131855771e-16
7.620147026e-17
4.989051923e-17
3.163831001e-17
1.934692815e-17
1.138942667e-17
6.537035368e-18
3.754723485e-18
2.280843386e-18
1.701919689e-18
1.528963786e-18
1.489964886e-18
2.306505412e-05
1.929553587e-05
1.57424733e-05
1.252245253e-05
9.707399517e-06
7.331960111e-06
5.394396185e-06
3.864932133e-06
2.695200735e-06
1.827797321e-06
1.204244283e-06
7.700528297e-07
4.778280965e-07
2.883357812e-07
1.705006967e-07
9.773246403e-08
5.417236171e-08
2.906704447e-08
1.507679708e-08
7.576449011e-09
3.659494042e-09
1.713927602e-09
7.839629029e-10
3.49382796e-10
1.512190561e-10
6.32800287e-11
2.544166479e-11
9.738864512e-12
3.502275179e-12
1.160102169e-12
3.411156872e-13
8.069351478e-14
1.857444422e-14
6.983491155e-15
4.27346417e-15
3.2507464e-15
2.668701786e-15
2.244113617e-15
1.893388026e-15
1.587893173e-15
1.317278744e-15
1.077933568e-15
8.685729671e-16
6.883384753e-16
5.360551216e-16
4.099988631e-16
3.078581726e-16
2.268277672e-16
1.638199213e-16
1.157639056e-16
7.981412052e-17
5.34565465e-17
3.458048166e-17
2.146571184e-17
1.272676351e-17
7.27094343e-18
4.115032114e-18
2.445233246e-18
1.788774402e-18
1.597421027e-18
1.629706263e-05
1.371488401e-05
1.127221837e-05
9.04414837e-06
7.083791925e-06
5.413587598e-06
4.035539514e-06
2.933164976e-06
2.077287544e-06
1.432663476e-06
9.61067605e-07
6.265432838e-07
3.970103087e-07
2.452577679e-07
1.482556774e-07
8.707350844e-08
4.950776039e-08
2.727944066e-08
1.455609865e-08
7.53583226e-09
3.783262999e-09
1.819838012e-09
8.531597782e-10
3.904215484e-10
1.739412632e-10
7.517762064e-11
3.136543195e-11
1.254511313e-11
4.762252077e-12
1.690767007e-12
5.496952187e-13
1.569797393e-13
3.740507568e-14
1.033872011e-14
4.919361628e-15
3.402960565e-15
2.722222996e-15
2.287823335e-15
1.950689995e-15
1.66344373e-15
1.408957328e-15
1.180958731e-15
9.773722389e-16
7.975664263e-16
6.411736344e-16
5.075110758e-16
3.953195929e-16
3.02789344e-16
2.277590194e-16
1.679304481e-16
1.21019644e-16
8.488368798e-17
5.761049157e-17
3.756413075e-17
2.334504459e-17
1.373913206e-17
7.720678937e-18
4.256797286e-18
2.430074068e-18
1.73581187e-18
1.130378444e-05
9.578862438e-06
7.938808114e-06
6.43150249e-06
5.091199561e-06
3.937905538e-06
2.974880757e-06
2.194131913e-06
1.580229975e-06
1.107474112e-06
7.55991701e-07
5.022988792e-07
3.251109093e-07
2.058464932e-07
1.270258342e-07
7.63318893e-08
4.445466164e-08
2.51167705e-08
1.377199282e-08
7.331582468e-09
3.794869336e-09
1.89938928e-09
9.152462644e-10
4.294432352e-10
1.966018493e-10
8.756553103e-11
3.779949505e-11
1.573078156e-11
6.26333932e-12
2.360131487e-12
8.288368617e-13
2.65561682e-13
7.479732782e-14
1.924093656e-14
6.723232955e-15
3.841007806e-15
2.862392218e-15
2.354294934e-15
2.003891806e-15
1.722771372e-15
1.480197443e-15
1.264178053e-15
1.069902188e-15
8.955701665e-16
7.40533808e-16
6.043493287e-16
4.863499759e-16
3.855188014e-16
3.00545142e-16
2.299303039e-16
1.721038527e-16
1.255376659e-16
8.876414622e-17
6.044410559e-17
3.933159318e-17
2.421670454e-17
1.395660891e-17
7.540946138e-18
3.76537217e-18
1.927565443e-18
7.726321251e-06
6.59825141e-06
5.517605012e-06
4.516275677e-06
3.61724027e-06
2.834043491e-06
2.17111105e-06
1.625315117e-06
1.187827942e-06
8.457608383e-07
5.874581111e-07
3.979868122e-07
2.635646141e-07
1.701738184e-07
1.071783365e-07
6.58145983e-08
3.925036646e-08
2.273334454e-08
1.280249057e-08
7.001421328e-09
3.728806353e-09
1.933263369e-09
9.689752444e-10
4.693397419e-10
2.209028845e-10
1.012802379e-10
4.523863841e-11
1.963264001e-11
8.179446612e-12
3.249115573e-12
1.224065383e-12
4.286721574e-13
1.368922081e-13
3.915450273e-14
1.17786852e-14
5.185476886e-15
3.31836879e-15
2.542166147e-15
2.096868229e-15
1.783264624e-15
1.533954203e-15
1.321953957e-15
1.135288795e-15
9.684528905e-16
8.188908591e-16
6.853145159e-16
5.668673572e-16
4.627534277e-16
3.721199075e-16
2.940469373e-16
2.276040459e-16
1.71912586e-16
1.261571316e-16
8.946637579e-17
6.086846859e-17
3.930781013e-17
2.368322844e-17
1.290989808e-17
6.019954234e-18
2.182515339e-18
5.222961493e-06
4.496638804e-06
3.795144606e-06
3.138953781e-06
2.543351962e-06
2.018014339e-06
1.567203368e-06
1.19048594e-06
8.837422031e-07
6.402761819e-07
4.527639408e-07
3.129537992e-07
2.110471075e-07
1.388866634e-07
8.923076988e-08
5.595334137e-08
3.414854361e-08
2.025512435e-08
1.169336341e-08
6.565959432e-09
3.592626491e-09
1.918376191e-09
9.986034277e-10
5.038419433e-10
2.464116511e-10
1.173094012e-10
5.447327733e-11
2.466707162e-11
1.084697501e-11
4.552537115e-12
1.833559374e-12
7.007205391e-13
2.495383858e-13
8.198929838e-14
2.584035148e-14
9.368706615e-15
4.71597942e-15
3.078325389e-15
2.322888503e-15
1.886871262e-15
1.588551544e-15
1.359803198e-15
1.171395622e-15
1.009306046e-15
8.664198615e-16
7.389648298e-16
6.248135505e-16
5.226418762e-16
4.315243048e-16
3.507624452e-16
2.798340905e-16
2.183992633e-16
1.660942196e-16
1.224960025e-16
8.702945101e-17
5.895352118e-17
3.736893184e-17
2.124959843e-17
9.594191143e-18
2.631012122e-18
3.504478048e-06
3.042168225e-06
2.591691775e-06
2.166013941e-06
1.775208743e-06
1.426132309e-06
1.12245199e-06
8.649665897e-07
6.521198163e-07
4.806141146e-07
3.460518953e-07
2.433529393e-07
1.670950107e-07
1.120483136e-07
7.340858707e-08
4.698562182e-08
2.932738647e-08
1.780378003e-08
1.052868227e-08
6.066535724e-09
3.406817213e-09
1.869095604e-09
1.002638407e-09
5.253534357e-10
2.681453697e-10
1.329776365e-10
6.431357474e-11
3.038095086e-11
1.39985079e-11
6.226209347e-12
2.669245147e-12
1.103270662e-12
4.351271969e-13
1.618857737e-13
5.739818798e-14
2.05366568e-14
8.508182505e-15
4.461957228e-15
2.87279041e-15
2.115646445e-15
1.684364247e-15
1.399250537e-15
1.189411194e-15
1.022987016e-15
8.838060905e-16
7.630678001e-16
6.559895442e-16
5.597671296e-16
4.727076361e-16
3.93926302e-16
3.229903885e-16
2.597368898e-16
2.041195526e-16
1.560884553e-16
1.154674839e-16
8.186289469e-17
5.463446313e-17
3.287373701e-17
1.54969815e-17
3.55713149e-18
2.342317611e-06
2.050175486e-06
1.762859105e-06
1.488500932e-06
1.233675178e-06
1.003154209e-06
7.998589594e-07
6.249751617e-07
4.781905868e-07
3.580059836e-07
2.62068967e-07
1.874772157e-07
1.310387072e-07
8.950719373e-08
5.97741203e-08
3.903240446e-08
2.489759315e-08
1.546062385e-08
9.358029338e-09
5.52603747e-09
3.182565935e-09
1.791421149e-09
9.87057407e-10
5.326709992e-10
2.814264266e-10
1.454283824e-10
7.347204679e-11
3.626873911e-11
1.748114315e-11
8.201959084e-12
3.730719885e-12
1.64617275e-12
7.014041922e-13
2.874222372e-13
1.13587484e-13
4.441400994e-14
1.787805363e-14
7.977408944e-15
4.252076959e-15
2.681164963e-15
1.917068702e-15
1.488771168e-15
1.216162423e-15
1.024540151e-15
8.791825701e-16
7.616041811e-16
6.614136793e-16
5.728784801e-16
4.928186383e-16
4.195639993e-16
3.523505793e-16
2.909498846e-16
2.354175548e-16
1.859069326e-16
1.425395715e-16
1.052577956e-16
7.367345688e-17
4.696706302e-17
2.382099405e-17
5.217824751e-18
1.564770314e-06
1.380735868e-06
1.19802535e-06
1.021704727e-06
8.560263176e-07
7.042546872e-07
5.685958227e-07
4.50220004e-07
3.493614029e-07
2.654701746e-07
1.973907699e-07
1.435384738e-07
1.0205762e-07
7.096320878e-08
4.827321287e-08
3.213290018e-08
2.091584522e-08
1.327969385e-08
8.22200465e-09
4.970727456e-09
2.935089852e-09
1.693983882e-09
9.575297107e-10
5.306675601e-10
2.884653066e-10
1.537970473e-10
8.039536784e-11
4.118372316e-11
2.066069715e-11
1.014050924e-11
4.859363393e-12
2.270335058e-12
1.033209282e-12
4.573811564e-13
1.971965193e-13
8.35457472e-14
3.561216058e-14
1.588611354e-14
7.69801899e-15
4.161435105e-15
2.539163885e-15
1.744898392e-15
1.310660634e-15
1.047639423e-15
8.731327151e-16
7.467759229e-16
6.478857155e-16
5.651804852e-16
4.924350778e-16
4.263089576e-16
3.651516194e-16
3.083073152e-16
2.55686095e-16
2.074768337e-16
1.63933757e-16
1.252361669e-16
9.124290053e-17
6.119852954e-17
3.34415371e-17
7.70185067e-18
1.048037999e-06
9.320249891e-07
8.157606089e-07
7.023871539e-07
5.946363868e-07
4.94709757e-07
4.042124984e-07
3.241410713e-07
2.549168301e-07
1.964554207e-07
1.482569544e-07
1.095009614e-07
7.913673563e-08
5.597036665e-08
3.875386911e-08
2.627544275e-08
1.743818982e-08
1.131053339e-08
7.157379082e-09
4.425698679e-09
2.676164384e-09
1.582708725e-09
9.17037329e-10
5.212875173e-10
2.909623683e-10
1.595327432e-10
8.59373697e-11
4.548092961e-11
2.364722473e-11
1.207758635e-11
6.054993776e-12
2.973918324e-12
1.431845072e-12
6.761486386e-13
3.136439395e-13
1.435283127e-13
6.539889809e-14
3.017976518e-14
1.447760921e-14
7.382780123e-15
4.061633164e-15
2.447652379e-15
1.614707841e-15
1.162234064e-15
9.045582045e-16
7.421206738e-16
6.300238327e-16
5.455588051e-16
4.764762516e-16
4.161799286e-16
3.612436006e-16
3.100518837e-16
2.620241668e-16
2.171463619e-16
1.756526496e-16
1.377722552e-16
1.035301953e-16
7.229394825e-17
4.208116295e-17
1.026413607e-17
7.056713431e-07
6.322342131e-07
5.579606703e-07
4.84796968e-07
4.144905691e-07
3.485105742e-07
2.879959055e-07
2.337326798e-07
1.861591499e-07
1.453930831e-07
1.112733855e-07
8.340747399e-08
6.122023569e-08
4.400628021e-08
3.098880829e-08
2.138330348e-08
1.445618761e-08
9.566154839e-09
6.182535905e-09
3.906598065e-09
2.41605767e-09
1.463389014e-09
8.685542037e-10
5.060037608e-10
2.896909063e-10
1.631068535e-10
9.036823728e-11
4.92936163e-11
2.648534287e-11
1.402092225e-11
7.313186434e-12
3.75618466e-12
1.899396831e-12
9.476455235e-13
4.675223505e-13
2.287896623e-13
1.115659079e-13
5.457102515e-14
2.701793404e-14
1.369553394e-14
7.199843424e-15
3.979972244e-15
2.347016386e-15
1.491539886e-15
1.043487446e-15
7.85720747e-16
6.280929356e-16
5.258156958e-16
4.520162619e-16
3.931693622e-16
3.423755771e-16
2.962218737e-16
2.531765893e-16
2.127319379e-16
1.749019299e-16
1.398458073e-16
1.075591574e-16
7.743891706e-17
4.728560587e-17
1.230156837e-17
4.787696252e-07
4.319485258e-07
3.841752315e-07
3.366566072e-07
2.905090841e-07
2.467070847e-07
2.060453652e-07
1.691171959e-07
1.363082342e-07
1.078036508e-07
8.360425369e-08
6.354760356e-08
4.733288119e-08
3.455137793e-08
2.472468727e-08
1.734865461e-08
1.193570806e-08
8.046748695e-09
5.308073434e-09
3.424951875e-09
2.164496942e-09
1.341079513e-09
8.150621915e-10
4.864523413e-10
2.854877762e-10
1.649273101e-10
9.388052573e-11
5.270115203e-11
2.919725379e-11
1.59738453e-11
8.634784861e-12
4.613778079e-12
2.436995456e-12
1.27507895e-12
6.627656444e-13
3.432124892e-13
1.775986832e-13
9.21057457e-14
4.800281575e-14
2.518984411e-14
1.333255853e-14
7.143261079e-15
3.913059743e-15
2.232048031e-15
1.373165434e-15
9.239302682e-16
6.747563899e-16
5.252772737e-16
4.302468383e-16
3.642245752e-16
3.129371125e-16
2.695086776e-16
2.306550264e-16
1.949044463e-16
1.617206223e-16
1.309693868e-16
1.024042689e-16
7.533350351e-17
4.754971773e-17
1.299905763e-17
3.279061733e-07
2.977612787e-07
2.667450812e-07
2.356090684e-07
2.050678451e-07
1.757663739e-07
1.482539935e-07
1.229666978e-07
1.002179352e-07
8.019679575e-08
6.297158349e-08
4.849723852e-08
3.6626815e-08
2.712878846e-08
1.971150619e-08
1.405300568e-08
9.8308922e-09
6.746131469e-09
4.53741013e-09
2.987086918e-09
1.927263698e-09
1.220024772e-09
7.58475858e-10
4.634086958e-10
2.785973634e-10
1.650349261e-10
9.644241857e-11
5.565350796e-11
3.174285045e-11
1.791026528e-11
1.00056664e-11
5.540045698e-12
3.043590801e-12
1.660555106e-12
9.026169523e-13
4.901659255e-13
2.665330316e-13
1.453450556e-13
7.950938386e-14
4.356332124e-14
2.382129174e-14
1.294166132e-14
6.971633101e-15
3.752472989e-15
2.07170296e-15
1.228999239e-15
7.911980294e-16
5.602677887e-16
4.24887216e-16
3.381450883e-16
2.797179748e-16
2.35596951e-16
1.992223322e-16
1.674962562e-16
1.389715853e-16
1.129457351e-16
8.889287915e-17
6.608575346e-17
4.251063791e-17
1.182367329e-17
2.270236908e-07
2.073829107e-07
1.870154007e-07
1.663922862e-07
1.459732105e-07
1.26185824e-07
1.074083727e-07
8.995636954e-08
7.407361146e-08
5.992707071e-08
4.760489177e-08
3.711721003e-08
2.840058071e-08
2.132753763e-08
1.572208364e-08
1.137965392e-08
8.087817722e-09
5.643504161e-09
3.864343114e-09
2.594133413e-09
1.707601207e-09
1.103630081e-09
7.011115356e-10
4.382437941e-10
2.697929998e-10
1.637789916e-10
9.816463321e-11
5.816026359e-11
3.409873296e-11
1.980385047e-11
1.140653329e-11
6.524048976e-12
3.710957484e-12
2.10225042e-12
1.187824136e-12
6.713113633e-13
3.801785085e-13
2.158925826e-13
1.228275017e-13
6.980157636e-14
3.940437316e-14
2.192471863e-14
1.192240752e-14
6.311244856e-15
3.289356374e-15
1.751165665e-15
1.002194393e-15
6.307943859e-16
4.338297522e-16
3.190947428e-16
2.46531962e-16
1.979815382e-16
1.621087135e-16
1.334378491e-16
1.091983022e-16
8.793838945e-17
6.880855947e-17
5.109035716e-17
3.301077552e-17
1.001753759e-17
1.590275028e-07
1.460555757e-07
1.325057464e-07
1.186762092e-07
1.048649575e-07
9.135703987e-08
7.841306698e-08
6.625954781e-08
5.508125499e-08
4.501547479e-08
3.614800227e-08
2.851117684e-08
2.208487063e-08
1.680162352e-08
1.255639107e-08
9.219777895e-09
6.652187164e-09
4.716057958e-09
3.284514351e-09
2.246247118e-09
1.507435591e-09
9.939580152e-10
6.447065168e-10
4.118294452e-10
2.593775058e-10
1.612423416e-10
9.903872536e-11
6.018113718e-11
3.622108724e-11
2.161838772e-11
1.2811425e-11
7.549151424e-12
4.42984977e-12
2.592731509e-12
1.515395241e-12
8.857748023e-13
5.185352182e-13
3.040247002e-13
1.78240506e-13
1.040969024e-13
6.018002747e-14
3.412680147e-14
1.877012337e-14
9.90918275e-15
5.01816961e-15
2.498732357e-15
1.280567205e-15
7.198296801e-16
4.455654906e-16
2.978600738e-16
2.108892867e-16
1.568760271e-16
1.214184616e-16
9.587438638e-17
7.593356988e-17
5.938990375e-17
4.519103232e-17
3.265157917e-17
2.037443331e-17
7.004139945e-18
1.127556741e-07
1.040612989e-07
9.491931962e-08
8.552076184e-08
7.606085859e-08
6.673114277e-08
5.77118874e-08
4.916521245e-08
4.122899618e-08
3.401162009e-08
2.758768331e-08
2.199518347e-08
1.723501204e-08
1.327362716e-08
1.004915878e-08
7.480111114e-09
5.474924763e-09
3.940535841e-09
2.788780104e-09
1.940390951e-09
1.326936129e-09
8.920155875e-10
5.902669843e-10
3.849759087e-10
2.477590812e-10
1.575210791e-10
9.904745347e-11
6.166229101e-11
3.805038224e-11
2.330139384e-11
1.417924222e-11
8.585897241e-12
5.181083669e-12
3.120119308e-12
1.877215343e-12
1.128770618e-12
6.786852928e-13
4.078632169e-13
2.444496666e-13
1.454863227e-13
8.540009279e-14
4.896561323e-14
2.708296971e-14
1.425548304e-14
7.083448974e-15
3.365285596e-15
1.599761871e-15
8.102692981e-16
4.4869075e-16
2.694079894e-16
1.724812694e-16
1.16544854e-16
8.266816732e-17
6.097115578e-17
4.542466531e-17
3.336642374e-17
2.393533484e-17
1.648328524e-17
1.02967239e-17
4.163100422e-18
8.091899104e-08
7.500131025e-08
6.874204548e-08
6.226535049e-08
5.570078596e-08
4.917838071e-08
4.282363128e-08
3.6752604e-08
3.106724057e-08
2.585097633e-08
2.116491412e-08
1.704506004e-08
1.350131101e-08
1.051879583e-08
8.061685483e-09
6.0788782e-09
4.510414834e-09
3.293390163e-09
2.366604821e-09
1.673704771e-09
1.164961398e-09
7.980153668e-10
5.384402454e-10
3.582957939e-10
2.354178744e-10
1.52920624e-10
9.830679662e-11
6.261043568e-11
3.954939197e-11
2.480674714e-11
1.546935983e-11
9.602934529e-12
5.941712277e-12
3.668393008e-12
2.26165579e-12
1.392589605e-12
8.555999885e-13
5.24076273e-13
3.192125839e-13
1.924480268e-13
1.140312819e-13
6.575005034e-14
3.641438506e-14
1.907826933e-14
9.33829322e-15
4.288007756e-15
1.918972973e-15
8.919952369e-16
4.468662299e-16
2.403689253e-16
1.369145954e-16
8.221570601e-17
5.211772908e-17
3.447358543e-17
2.341643655e-17
1.635513764e-17
1.1784836e-17
8.316538228e-18
5.413746817e-18
2.861217773e-18
5.87539286e-08
5.466388237e-08
5.031524207e-08
4.57900038e-08
4.117537289e-08
3.656063877e-08
3.203382611e-08
2.76782069e-08
2.356875658e-08
1.976868527e-08
1.632630663e-08
1.327268409e-08
1.062056906e-08
8.365032523e-09
6.485835635e-09
4.951126942e-09
3.721706932e-09
2.755080939e-09
2.008788046e-09
1.442796654e-09
1.021013947e-09
7.120674204e-10
4.895359323e-10
3.321204861e-10
2.226233143e-10
1.476040557e-10
9.690148972e-11
6.305265918e-11
4.070414366e-11
2.610231354e-11
1.66457683e-11
1.056768987e-11
6.685457536e-12
4.217766553e-12
2.654555568e-12
1.666311795e-12
1.041995758e-12
6.47765796e-13
3.99234725e-13
2.427789173e-13
1.446205527e-13
8.354249968e-14
4.618004261e-14
2.403524452e-14
1.160048111e-14
5.177090154e-15
2.200398932e-15
9.466933874e-16
4.311264036e-16
2.076567579e-16
1.03940001e-16
5.390032393e-17
2.932867275e-17
1.73796241e-17
1.17586723e-17
8.488055835e-18
6.289654341e-18
4.650224949e-18
3.304841221e-18
2.316515326e-18
4.312930971e-08
4.025970409e-08
3.719514973e-08
3.399075645e-08
3.07061205e-08
2.740330486e-08
2.414455761e-08
2.098981495e-08
1.799405855e-08
1.5204659e-08
1.265894966e-08
1.038236962e-08
8.387538782e-09
6.674525465e-09
5.232317143e-09
4.041209968e-09
3.075628676e-09
2.306886046e-09
1.705539013e-09
1.243178771e-09
8.936504142e-10
6.337606933e-10
4.436063944e-10
3.06598924e-10
2.094567567e-10
1.415898084e-10
9.481066523e-11
6.294964732e-11
4.147911648e-11
2.714877456e-11
1.766966576e-11
1.144636995e-11
7.385223776e-12
4.747800367e-12
3.041265757e-12
1.939997599e-12
1.230638621e-12
7.742915651e-13
4.816603845e-13
2.948140048e-13
1.762807306e-13
1.019450226e-13
5.626442586e-14
2.914256344e-14
1.391796568e-14
6.066834881e-15
2.456234277e-15
9.78859e-16
4.052739308e-16
1.742260075e-16
7.544329204e-17
3.233595183e-17
1.51795348e-17
9.12470002e-18
6.463945481e-18
4.898413184e-18
3.827340161e-18
3.047708957e-18
2.445139915e-18
2.072791607e-18
3.197859907e-08
2.993740676e-08
2.77494654e-08
2.54524446e-08
2.308766183e-08
2.06987462e-08
1.833005775e-08
1.60248911e-08
1.382352447e-08
1.17612324e-08
9.866464265e-09
8.15944093e-09
6.651416007e-09
5.344759293e-09
4.233861727e-09
3.306673903e-09
2.546560774e-09
1.934173902e-09
1.449107743e-09
1.07122327e-09
7.815845501e-10
5.630691408e-10
4.007159093e-10
2.818457521e-10
1.960471259e-10
1.34992366e-10
9.210566735e-11
6.232588148e-11
4.185927843e-11
2.792467711e-11
1.851579198e-11
1.221256992e-11
8.01744861e-12
5.239312715e-12
3.407131669e-12
2.202976212e-12
1.413972454e-12
8.985208952e-13
5.631110407e-13
3.46404988e-13
2.076943578e-13
1.201788197e-13
6.622501488e-14
3.416101119e-14
1.617379441e-14
6.910611528e-15
2.670976855e-15
9.836634565e-16
3.681981922e-16
1.400252633e-16
5.041971262e-17
1.764417358e-17
8.158922418e-18
5.251760853e-18
3.976229522e-18
3.219914831e-18
2.707602838e-18
2.346474286e-18
2.087067563e-18
1.948595465e-18
2.392812512e-08
2.245745474e-08
2.087638504e-08
1.921110791e-08
1.749067422e-08
1.574608311e-08
1.400916712e-08
1.231129565e-08
1.068194971e-08
9.147266744e-09
7.728707124e-09
6.442023309e-09
5.296696956e-09
4.295938852e-09
3.437241878e-09
2.71336306e-09
2.113541447e-09
1.62476211e-09
1.232922075e-09
9.23772458e-10
6.836299415e-10
4.998915546e-10
3.613528107e-10
2.583592977e-10
1.828012276e-10
1.280694385e-10
8.89037884e-11
6.120667685e-11
4.18258502e-11
2.838798424e-11
1.914483288e-11
1.283636675e-11
8.559841941e-12
5.676319279e-12
3.741234598e-12
2.448224849e-12
1.587916712e-12
1.018088188e-12
6.426213549e-13
3.974232155e-13
2.391730626e-13
1.387322942e-13
7.655729346e-14
3.949892971e-14
1.8647435e-14
7.863420079e-15
2.910684619e-15
9.789462849e-16
3.243512819e-16
1.048443048e-16
3.008873174e-17
9.629338012e-18
4.781816477e-18
3.384165839e-18
2.770821936e-18
2.415493721e-18
2.181412528e-18
2.022103357e-18
1.914695382e-18
1.863441571e-18
1.808475625e-08
1.701211487e-08
1.585611446e-08
1.463522757e-08
1.337012838e-08
1.208306085e-08
1.079704402e-08
9.534933701e-09
8.318385641e-09
7.166799993e-09
6.096355873e-09
5.119259858e-09
4.243317348e-09
3.471889259e-09
2.804225159e-09
2.236087147e-09
1.760552916e-09
1.368884864e-09
1.051323134e-09
7.977567775e-10
5.982814283e-10
4.436090396e-10
3.253389971e-10
2.3610817e-10
1.696464606e-10
1.207592467e-10
8.521678944e-11
5.965106525e-11
4.143906259e-11
2.858011813e-11
1.957556122e-11
1.33172458e-11
9.003230453e-12
6.046817369e-12
4.031821935e-12
2.665690386e-12
1.74445413e-12
1.12687807e-12
7.157003191e-13
4.44671915e-13
2.684937637e-13
1.560852241e-13
8.62392503e-14
4.448402316e-14
2.092782668e-14
8.716377267e-15
3.1104954e-15
9.583278025e-16
2.720860673e-16
6.904767685e-17
1.679604494e-17
5.471619515e-18
3.100965676e-18
2.435128379e-18
2.15467446e-18
2.002398067e-18
1.90601392e-18
1.841804526e-18
1.799938962e-18
1.781313073e-18
1.410209911e-08
1.329251164e-08
1.241834267e-08
1.149314093e-08
1.053215869e-08
9.551890201e-09
8.569480435e-09
7.602034071e-09
6.665874561e-09
5.775764017e-09
4.944159537e-09
4.180659896e-09
3.491693165e-09
2.880460667e-09
2.34713904e-09
1.889288734e-09
1.502410737e-09
1.180527354e-09
9.167299787e-10
7.036922061e-10
5.340935109e-10
4.009440635e-10
2.978133729e-10
2.189708067e-10
1.594450872e-10
1.150258765e-10
8.224912333e-11
5.832220968e-11
4.103089796e-11
2.865018797e-11
1.985870556e-11
1.366945254e-11
9.342853469e-12
6.338183669e-12
4.264626125e-12
2.842518967e-12
1.87347372e-12
1.21780897e-12
7.777957701e-13
4.856264222e-13
2.945642582e-13
1.720394442e-13
9.554762442e-14
4.958630505e-14
2.346156159e-14
9.759784293e-15
3.33692546e-15
8.520773831e-16
1.776004188e-16
3.851810761e-17
9.104056581e-18
3.385423192e-18
2.242917034e-18
1.936219212e-18
1.821913113e-18
1.768325422e-18
1.736275542e-18
1.714223128e-18
1.69927819e-18
1.692671466e-18
)
;

boundaryField
{
    inletCH4
    {
        type            fixedValue;
        value           uniform 0;
    }
    wallOutside
    {
        type            zeroGradient;
    }
    wallTube
    {
        type            zeroGradient;
    }
    inletPilot
    {
        type            fixedValue;
        value           uniform 2.48e-05;
    }
    inletAir
    {
        type            fixedValue;
        value           uniform 0;
    }
    outlet
    {
        type            zeroGradient;
    }
    axis
    {
        type            empty;
    }
    frontAndBack_pos
    {
        type            wedge;
    }
    frontAndBack_neg
    {
        type            wedge;
    }
}


// ************************************************************************* //
