/*--------------------------------*- C++ -*----------------------------------*\
  =========                 |
  \\      /  F ield         | OpenFOAM: The Open Source CFD Toolbox
   \\    /   O peration     | Website:  https://openfoam.org
    \\  /    A nd           | Version:  10
     \\/     M anipulation  |
\*---------------------------------------------------------------------------*/
FoamFile
{
    format      ascii;
    class       volScalarField;
    location    "3000";
    object      H2CN;
}
// * * * * * * * * * * * * * * * * * * * * * * * * * * * * * * * * * * * * * //

dimensions      [0 0 0 0 0 0 0];

internalField   nonuniform List<scalar> 
5170
(
6.495347876e-66
5.228634124e-66
3.229079499e-66
1.591056592e-66
1.270843232e-66
2.231589483e-63
1.776302102e-63
1.077746062e-63
6.219666891e-64
1.108027317e-63
7.754121945e-61
6.123145728e-61
3.695694256e-61
2.90366148e-61
8.825621697e-61
2.745823329e-58
2.165265074e-58
1.347868065e-58
1.510498952e-58
6.437733156e-58
9.891479019e-56
7.866924313e-56
5.250104304e-56
8.312124102e-56
4.36863003e-55
3.635562861e-53
2.953717691e-53
2.164299837e-53
4.697349097e-53
2.789882661e-52
1.360397724e-50
1.139079733e-50
9.546852475e-51
2.690313671e-50
1.712399905e-49
5.170991966e-48
4.512449238e-48
4.514098718e-48
1.552966418e-47
1.021912132e-46
2.001233232e-45
1.856418967e-45
2.232467115e-45
9.005834439e-45
5.960961241e-44
7.8995469e-43
7.924507684e-43
1.141258778e-42
5.255016386e-42
3.413664904e-41
3.175752104e-40
3.49957657e-40
5.996813472e-40
3.08184792e-39
1.927783108e-38
1.296483402e-37
1.596220959e-37
3.247123547e-37
1.818026672e-36
1.079128741e-35
5.365489475e-35
7.492329472e-35
1.823934123e-34
1.090247428e-33
6.023401214e-33
2.239988261e-32
3.600535682e-32
1.05784628e-31
6.69104513e-31
3.375765875e-30
9.423587858e-30
1.7638179e-29
6.279717602e-29
4.207957642e-28
1.911116428e-27
3.945065332e-27
8.703620934e-27
3.754267127e-26
2.632491485e-25
1.096428881e-24
1.639213873e-24
4.324718882e-24
2.205307207e-23
1.619056963e-22
6.37256844e-22
6.613808726e-22
2.121261806e-21
1.268120068e-20
9.543655266e-20
3.719100649e-19
2.476713894e-19
1.000769424e-18
6.887063995e-18
5.230486716e-17
2.159818506e-16
7.98257297e-17
4.565300253e-16
3.619736838e-15
2.592212879e-14
1.245291897e-13
6.624147766e-21
3.205955422e-21
2.34394173e-21
3.848009155e-21
6.785208033e-21
3.94801694e-21
3.235863044e-21
2.754014163e-21
3.516157405e-21
3.600701386e-21
2.511050665e-21
1.945348814e-21
1.769264331e-21
1.998362766e-21
2.019484848e-21
1.61002035e-21
1.255767864e-21
1.194610328e-21
1.444564569e-21
1.329402535e-21
1.07670363e-21
1.025452741e-21
9.11534291e-22
1.079124612e-21
8.802652274e-22
7.514023269e-22
8.161615779e-22
7.753170843e-22
7.955954963e-22
5.874098658e-22
5.414281025e-22
6.418821072e-22
6.330898319e-22
5.763456733e-22
3.948746313e-22
3.998559539e-22
5.003514921e-22
5.01766271e-22
4.125467686e-22
2.713185649e-22
3.017747909e-22
3.880726249e-22
3.895035597e-22
2.976308944e-22
1.945403732e-22
2.324085089e-22
3.009352473e-22
2.996611662e-22
2.202438738e-22
1.4700368e-22
1.828615655e-22
2.349571119e-22
2.31366588e-22
1.686366399e-22
1.16812403e-22
1.4707531e-22
1.858520345e-22
1.811840277e-22
1.338999015e-22
9.680833212e-23
1.20951985e-22
1.496608669e-22
1.448661864e-22
1.099490226e-22
8.287106192e-23
1.01600803e-22
1.229367571e-22
1.1859759e-22
9.291184022e-23
7.26648283e-23
8.73544027e-23
1.03121681e-22
9.941395327e-23
8.037796171e-23
6.483489458e-23
2.073514669e-22
1.085468463e-22
8.685947331e-23
7.066499364e-23
5.843620233e-23
2.763446661e-20
6.720921644e-21
1.065532248e-21
1.280724776e-22
5.61879735e-23
4.954982038e-18
1.169945114e-18
1.642485734e-19
1.583469348e-20
2.567824075e-21
9.459180677e-16
2.089255415e-16
2.544371599e-17
2.228639018e-18
3.148533661e-19
1.890902824e-13
3.601000913e-14
3.498516894e-15
2.688762914e-16
3.285296943e-17
3.190325001e-15
2.518178377e-14
3.899755826e-13
5.774420775e-12
7.085167915e-11
1.617871265e-14
1.105367575e-13
1.349470408e-12
1.387559391e-11
9.155017932e-11
4.812640214e-14
2.870361876e-13
2.82226731e-12
2.114091893e-11
8.553381375e-11
1.185429661e-13
6.382239617e-13
5.314035002e-12
3.176754597e-11
1.028802763e-10
2.599807195e-13
1.277650777e-12
9.027348843e-12
4.317813517e-11
1.100267164e-10
5.230308359e-13
2.326619171e-12
1.380543919e-11
5.247980128e-11
1.060914334e-10
1.003271123e-12
4.044898484e-12
1.984497507e-11
5.95392075e-11
1.016879733e-10
1.856141257e-12
6.819901611e-12
2.74349501e-11
6.870583136e-11
1.116011555e-10
3.310548579e-12
1.093498216e-11
3.585969813e-11
7.669545763e-11
1.139791339e-10
5.651167058e-12
1.637074829e-11
4.384428076e-11
8.0980076e-11
1.07934574e-10
9.368917775e-12
2.284722251e-11
5.069854179e-11
8.312896593e-11
1.013086267e-10
1.461468089e-11
3.00161523e-11
5.76138504e-11
8.738501747e-11
1.009820597e-10
2.160393944e-11
3.807405355e-11
6.509347516e-11
9.21170154e-11
9.962496399e-11
3.065730097e-11
4.705736015e-11
7.227703348e-11
9.438265692e-11
9.355174233e-11
4.191370463e-11
5.671525907e-11
7.837565837e-11
9.380482736e-11
8.454761868e-11
5.48228489e-11
6.672735733e-11
8.329158439e-11
9.121608753e-11
7.466987641e-11
6.824839553e-11
7.64963826e-11
8.668698752e-11
8.628420615e-11
6.358666124e-11
7.97661821e-11
8.383418564e-11
8.630526839e-11
7.628959419e-11
5.004827564e-11
8.4154272e-11
8.33637899e-11
7.689168196e-11
5.916853588e-11
3.567078862e-11
7.343914831e-11
6.860918791e-11
5.666684979e-11
3.914214193e-11
2.356695199e-11
4.921921243e-11
4.419179366e-11
3.433156683e-11
2.331479031e-11
1.592261723e-11
2.724544753e-11
2.450185189e-11
1.897509821e-11
1.399931857e-11
1.215367983e-11
1.392623962e-11
1.271618178e-11
1.072961468e-11
9.570148543e-12
9.504625216e-12
7.399382976e-12
7.049324752e-12
6.67563519e-12
6.995790292e-12
7.963583036e-12
4.669801536e-12
4.76290322e-12
5.251058252e-12
6.094762056e-12
7.64576706e-12
3.541769936e-12
3.787819583e-12
4.517409671e-12
6.101034596e-12
8.413511831e-12
3.71502389e-12
4.164081368e-12
5.361993047e-12
7.270254065e-12
1.042413602e-11
4.615800912e-12
5.190719012e-12
6.645076131e-12
9.456239744e-12
1.3771574e-11
6.737943551e-12
7.409551179e-12
9.002200001e-12
1.244172445e-11
1.849263971e-11
1.074928388e-11
1.183112767e-11
1.447207468e-11
1.918278574e-11
2.686833215e-11
1.753161955e-11
1.915291898e-11
2.299379046e-11
2.966867544e-11
4.043711643e-11
2.892044491e-11
3.136600411e-11
3.715239479e-11
4.702923587e-11
6.259495854e-11
4.866349534e-11
5.235042662e-11
6.099572001e-11
7.575721051e-11
9.861336094e-11
8.43907137e-11
9.006697878e-11
1.032590635e-10
1.253112084e-10
1.589338244e-10
1.557606506e-10
1.646766144e-10
1.850713443e-10
2.183357116e-10
2.671147955e-10
2.972328836e-10
3.093593129e-10
3.364158716e-10
3.784620558e-10
4.361354337e-10
4.785887109e-10
4.89896696e-10
5.144889333e-10
5.50966811e-10
5.977263048e-10
5.981519359e-10
6.052323082e-10
6.201843045e-10
6.4111084e-10
6.653880721e-10
6.107309637e-10
6.128799314e-10
6.168108846e-10
6.204739013e-10
6.205834877e-10
5.236122683e-10
5.202597847e-10
5.11820798e-10
4.960394242e-10
4.694624472e-10
3.196758735e-10
3.130185298e-10
2.988347207e-10
2.7868289e-10
2.543099164e-10
1.550850442e-10
1.518770709e-10
1.450626957e-10
1.353432665e-10
1.234623466e-10
6.913195908e-11
6.780432047e-11
6.498971915e-11
6.09816969e-11
5.607937905e-11
2.997983357e-11
2.947488236e-11
2.840025877e-11
2.68588568e-11
2.495347277e-11
1.300654589e-11
1.281497127e-11
1.240553722e-11
1.18129953e-11
1.107238593e-11
5.678844247e-12
5.604663598e-12
5.445566663e-12
5.214117961e-12
4.922448181e-12
2.495928035e-12
2.466694686e-12
2.403843744e-12
2.311998078e-12
2.195492246e-12
1.103962181e-12
1.092266945e-12
1.067073881e-12
1.030125327e-12
9.830149426e-13
4.914146912e-13
4.86678172e-13
4.764591156e-13
4.614273772e-13
4.421806543e-13
2.202796299e-13
2.183417363e-13
2.141554084e-13
2.079826204e-13
2.00052043e-13
9.95513087e-14
9.874894106e-14
9.701534724e-14
9.444910588e-14
9.113759939e-14
4.529082614e-14
4.495947011e-14
4.42425616e-14
4.318233952e-14
4.18147453e-14
2.078102471e-14
2.064069981e-14
2.033656079e-14
1.988531719e-14
1.930031772e-14
9.63871107e-15
9.579384091e-15
9.450765638e-15
9.259864281e-15
9.012315268e-15
4.540197034e-15
4.515655507e-15
4.462493966e-15
4.383704941e-15
4.281770816e-15
2.196878994e-15
2.187587868e-15
2.16754669e-15
2.138072153e-15
2.100388379e-15
1.144501164e-15
1.142676744e-15
1.138606924e-15
1.132188295e-15
1.123013296e-15
6.634162015e-16
6.633935619e-16
6.633968942e-16
6.635325616e-16
6.639705934e-16
4.356969667e-16
4.366479765e-16
4.387822326e-16
4.421319796e-16
4.468162724e-16
3.305774356e-16
3.319575569e-16
3.350233913e-16
3.397584216e-16
3.462418787e-16
2.85912347e-16
2.874798549e-16
2.9095193e-16
2.962904995e-16
3.035577178e-16
2.731027065e-16
2.747779554e-16
2.784842981e-16
2.841728372e-16
2.918981434e-16
2.793958584e-16
2.81165715e-16
2.850778166e-16
2.9107353e-16
2.99199948e-16
2.992862536e-16
3.011606412e-16
3.053002163e-16
3.116357416e-16
3.202063812e-16
3.308679276e-16
3.328606756e-16
3.372572885e-16
3.439753336e-16
3.530432638e-16
3.740001042e-16
3.761157258e-16
3.807782061e-16
3.878893618e-16
3.974635816e-16
4.286187776e-16
4.308428896e-16
4.357385139e-16
4.4319048e-16
4.531964098e-16
4.944505806e-16
4.967494051e-16
5.018032674e-16
5.094806836e-16
5.197611341e-16
5.683573104e-16
5.706782805e-16
5.757746233e-16
5.835016998e-16
5.938218242e-16
6.362602088e-16
6.385481869e-16
6.435673381e-16
6.511657281e-16
6.612929036e-16
9.727192988e-11
1.022304102e-10
8.273261489e-11
1.20878922e-10
1.134263667e-10
9.859714325e-11
9.140801726e-11
1.022865322e-10
9.767104315e-11
8.687108333e-11
7.833727721e-11
7.640033458e-11
7.356432438e-11
6.722715846e-11
5.963408064e-11
5.244206665e-11
4.43432088e-11
3.526613501e-11
2.710251915e-11
2.005345698e-11
1.549994636e-11
1.261753845e-11
1.056353421e-11
9.454127791e-12
9.561127702e-12
1.098085212e-11
1.385608093e-11
1.830977471e-11
2.461770972e-11
3.485963183e-11
5.148922793e-11
7.830578516e-11
1.212506193e-10
1.914085286e-10
3.115933244e-10
4.843319345e-10
6.334319654e-10
6.809108522e-10
6.14958806e-10
4.42759505e-10
2.363744208e-10
1.147396177e-10
5.24694052e-11
2.353110071e-11
1.051214956e-11
4.699459185e-12
2.105686938e-12
9.464639482e-13
4.271686319e-13
1.938388166e-13
8.855087218e-14
4.072564193e-14
1.88365132e-14
8.816113488e-15
4.201253823e-15
2.071132732e-15
1.115559518e-15
6.646333216e-16
4.508941666e-16
3.517464436e-16
3.096844431e-16
2.983919319e-16
3.060140014e-16
3.273755196e-16
3.606069687e-16
4.054239462e-16
4.614873412e-16
5.282502085e-16
6.023160554e-16
6.696066137e-16
1.96755407e-11
5.668438894e-12
3.790559138e-13
2.376119913e-14
2.550306852e-15
1.452137463e-11
1.461479605e-11
1.570805452e-12
1.181126628e-13
1.654453189e-14
1.194835169e-11
1.215639388e-11
4.608581643e-11
4.150254351e-12
4.79528476e-13
2.706036618e-11
2.226734578e-10
3.467148142e-09
2.633899986e-10
1.910396321e-11
2.275210333e-11
7.01221408e-11
4.999804321e-10
5.940316051e-11
6.160987426e-12
2.241270241e-11
2.395354402e-11
9.658738633e-11
2.018513801e-11
2.591896941e-12
2.224986482e-11
1.503438315e-11
5.205370271e-11
6.849727708e-11
9.89972729e-12
2.43754553e-11
4.961359904e-11
3.61201894e-10
2.797378873e-09
3.567789775e-10
2.598929755e-11
4.268102119e-11
2.286704216e-10
1.260184763e-09
2.173103896e-10
2.594747671e-11
2.616024132e-11
9.186461183e-11
3.325467229e-10
8.690285545e-11
2.435147474e-11
1.758066536e-11
4.47454754e-11
1.356515112e-10
8.683573839e-11
2.267490652e-11
1.828839457e-11
5.37224379e-11
2.126776292e-10
7.65278563e-10
2.432702592e-11
2.815869487e-11
1.063600932e-10
4.893345259e-10
2.261654534e-09
2.419044584e-11
2.602865518e-11
7.721195189e-11
2.671811812e-10
8.559334808e-10
2.327183202e-11
2.07522484e-11
4.735379288e-11
1.329460338e-10
3.463936721e-10
2.335061411e-11
1.741756644e-11
3.224430354e-11
8.03271779e-11
1.916141957e-10
2.185495003e-11
1.657053822e-11
3.032901779e-11
7.894849007e-11
2.129256503e-10
2.09378983e-11
2.45307456e-11
6.543413376e-11
2.186408823e-10
7.541964749e-10
2.029564298e-11
3.149222474e-11
8.551715115e-11
2.590159809e-10
7.786054229e-10
1.845592087e-11
3.255336948e-11
8.226244604e-11
2.210781793e-10
5.83751103e-10
1.630978484e-11
2.990024989e-11
6.991653675e-11
1.708863322e-10
4.116362241e-10
1.43733666e-11
2.642286425e-11
5.800688265e-11
1.324804797e-10
3.003754077e-10
1.289993208e-11
2.376983755e-11
4.99718423e-11
1.089880354e-10
2.369702927e-10
1.227028132e-11
2.288070062e-11
4.697536834e-11
9.955467795e-11
2.103832796e-10
1.30090487e-11
2.485165623e-11
5.104684606e-11
1.079666574e-10
2.288071401e-10
1.548971992e-11
3.026844338e-11
6.24318736e-11
1.320468484e-10
2.803469835e-10
1.981452041e-11
3.870262419e-11
7.858514939e-11
1.624651253e-10
3.358629741e-10
2.608200479e-11
4.983456242e-11
9.797519668e-11
1.948974454e-10
3.859032694e-10
3.488725839e-11
6.478395726e-11
1.227731913e-10
2.344298831e-10
4.435294843e-10
4.82444311e-11
8.690403376e-11
1.592471629e-10
2.936310095e-10
5.331437745e-10
6.995086344e-11
1.216913564e-10
2.163272679e-10
3.868253295e-10
6.715444292e-10
1.043776091e-10
1.758871374e-10
3.030562257e-10
5.213291081e-10
8.459775095e-10
1.585177041e-10
2.576526456e-10
4.251056727e-10
6.841298223e-10
9.987701113e-10
2.441937695e-10
3.760023104e-10
5.738791466e-10
8.236590609e-10
1.029681185e-09
3.819554746e-10
5.3629295e-10
7.269656777e-10
9.048185422e-10
9.510634463e-10
5.577382796e-10
6.939740161e-10
8.259070482e-10
8.933904678e-10
7.865814834e-10
6.856149443e-10
7.634489279e-10
8.038435875e-10
7.436416546e-10
5.263395633e-10
7.013552557e-10
7.087440629e-10
6.530671001e-10
4.950925587e-10
3.399658201e-10
6.024693396e-10
5.39668857e-10
4.188460616e-10
3.020013906e-10
2.078165849e-10
4.002883135e-10
3.170790642e-10
2.395806868e-10
1.728583184e-10
1.207253347e-10
2.102540671e-10
1.671600788e-10
1.270570809e-10
9.332201402e-11
6.68500313e-11
1.021089363e-10
8.21626851e-11
6.382075761e-11
4.81692879e-11
3.55169405e-11
4.723404165e-11
3.887474675e-11
3.100430274e-11
2.406727489e-11
1.825449402e-11
2.14575951e-11
1.805854563e-11
1.475894756e-11
1.175291906e-11
9.147562477e-12
9.691529204e-12
8.312961877e-12
6.938122127e-12
5.64918063e-12
4.498990262e-12
4.371580149e-12
3.809541854e-12
3.236479727e-12
2.68632998e-12
2.183139818e-12
1.97325368e-12
1.742530251e-12
1.503006591e-12
1.268497675e-12
1.049491889e-12
8.924377594e-13
7.970757914e-13
6.966028069e-13
5.966007454e-13
5.015446728e-13
4.049374361e-13
3.652732993e-13
3.229677247e-13
2.80275264e-13
2.390769883e-13
1.846229973e-13
1.680294139e-13
1.501405953e-13
1.318530295e-13
1.139676079e-13
8.470348456e-14
7.771312183e-14
7.009787664e-14
6.223634453e-14
5.445350492e-14
3.910242932e-14
3.611370005e-14
3.281552654e-14
2.940083388e-14
2.600094535e-14
1.814567788e-14
1.687412842e-14
1.54711244e-14
1.400422633e-14
1.253528865e-14
8.523916192e-15
7.986225998e-15
7.393229413e-15
6.77381474e-15
6.156453073e-15
4.081533721e-15
3.863049788e-15
3.625439361e-15
3.383026777e-15
3.151157802e-15
2.027974468e-15
1.952505964e-15
1.876224488e-15
1.805461805e-15
1.736347918e-15
1.104547515e-15
1.085987341e-15
1.068862017e-15
1.055806626e-15
1.049096867e-15
6.658334153e-16
6.70061635e-16
6.780090385e-16
6.911853589e-16
7.112267683e-16
4.571980794e-16
4.709134199e-16
4.89379336e-16
5.135960333e-16
5.44700276e-16
3.601740961e-16
3.77788536e-16
4.005233349e-16
4.291556857e-16
4.646131793e-16
3.190387383e-16
3.383613894e-16
3.629751015e-16
3.935450211e-16
4.308582871e-16
3.082944103e-16
3.286389619e-16
3.543829397e-16
3.861103374e-16
4.24497748e-16
3.16394573e-16
3.376305627e-16
3.643600815e-16
3.97092821e-16
4.364044201e-16
3.38285955e-16
3.605071875e-16
3.883196578e-16
4.221474252e-16
4.624524746e-16
3.721045127e-16
3.954001861e-16
4.243684429e-16
4.593293422e-16
5.006132917e-16
4.175082875e-16
4.418503574e-16
4.71900729e-16
5.078581737e-16
5.499071435e-16
4.740562692e-16
4.992172131e-16
5.300432161e-16
5.66602128e-16
6.089278662e-16
5.411009356e-16
5.666688081e-16
5.977573585e-16
6.343044506e-16
6.762008165e-16
6.151586868e-16
6.405595248e-16
6.712277142e-16
7.069859496e-16
7.476029927e-16
6.821633507e-16
7.068837975e-16
7.365640787e-16
7.709456903e-16
8.097148017e-16
8.409078514e-15
1.278686025e-15
3.119389692e-16
1.737701019e-16
1.43168435e-16
1.224914531e-16
1.021301242e-16
8.352362968e-17
6.768554493e-17
5.501116496e-17
4.519171983e-17
3.771357701e-17
3.199733285e-17
2.752082445e-17
2.387392932e-17
2.076643744e-17
1.802288816e-17
1.555004022e-17
1.331181453e-17
1.130093959e-17
9.522103317e-18
7.978540931e-18
6.664854801e-18
5.564387373e-18
4.651045224e-18
3.893006645e-18
3.257836445e-18
2.717444964e-18
2.251046537e-18
1.845610171e-18
1.494283245e-18
1.193730698e-18
9.415479813e-19
7.345251313e-19
5.679585645e-19
4.359035803e-19
3.31998985e-19
2.503761252e-19
1.862549458e-19
1.360749959e-19
9.725731939e-20
6.783032888e-20
4.612051668e-20
3.059606136e-20
1.984492255e-20
1.262093417e-20
7.894059947e-21
4.868309315e-21
2.96512159e-21
1.784593536e-21
1.060821162e-21
6.219010072e-22
3.587035632e-22
2.027582388e-22
1.11479827e-22
5.862920675e-23
2.823614825e-23
1.119979438e-23
2.607323978e-24
2.132920614e-25
1.151844132e-13
1.775323669e-14
4.752676631e-15
2.832279858e-15
2.197445391e-15
1.771836283e-15
1.390758969e-15
1.083963519e-15
8.331731529e-16
6.417087847e-16
4.959464152e-16
3.881140575e-16
3.08121106e-16
2.482937014e-16
2.024639482e-16
1.663726517e-16
1.372424726e-16
1.13304544e-16
9.346190295e-17
7.697491643e-17
6.332765499e-17
5.211722788e-17
4.299132059e-17
3.56077452e-17
2.963605887e-17
2.476546825e-17
2.072475028e-17
1.730063425e-17
1.434626628e-17
1.177460072e-17
9.543086662e-18
7.632776592e-18
6.029674074e-18
4.713775073e-18
3.654991724e-18
2.814968664e-18
2.152649852e-18
1.630410413e-18
1.218019704e-18
8.93397737e-19
6.40850373e-19
4.484441553e-19
3.059060368e-19
2.036189213e-19
1.325537082e-19
8.46486365e-20
5.318973411e-20
3.296875502e-20
2.018864927e-20
1.221801006e-20
7.30273973e-21
4.304261245e-21
2.495547429e-21
1.417441212e-21
7.82513594e-22
4.126837267e-22
1.991287973e-22
7.942673308e-23
1.978095916e-23
2.00746808e-24
2.611025e-12
2.602040582e-13
3.602177446e-14
1.686084862e-14
1.237485385e-14
9.748564021e-15
7.566607941e-15
5.8703336e-15
4.504113e-15
3.468263638e-15
2.672139388e-15
2.078672602e-15
1.630986358e-15
1.292227855e-15
1.030049243e-15
8.235313676e-16
6.585506265e-16
5.261241609e-16
4.201540176e-16
3.358421123e-16
2.692543872e-16
2.169960262e-16
1.761949285e-16
1.44346263e-16
1.193038056e-16
9.928021163e-17
8.287316637e-17
6.906938275e-17
5.721596761e-17
4.694184444e-17
3.80632077e-17
3.049146683e-17
2.415718439e-17
1.896749696e-17
1.479256132e-17
1.147329713e-17
8.843323639e-18
6.753232614e-18
5.086089945e-18
3.759226806e-18
2.71580329e-18
1.913053077e-18
1.313260072e-18
8.79625289e-19
5.76338237e-19
3.705976725e-19
2.346215163e-19
1.466087674e-19
9.05495715e-20
5.528678421e-20
3.334100208e-20
1.982429767e-20
1.159074142e-20
6.634249279e-21
3.685612795e-21
1.950773242e-21
9.417663092e-22
3.736482789e-22
9.365798343e-23
9.883146772e-24
7.268453994e-12
1.715111635e-12
2.05383509e-13
7.019226364e-14
4.745806421e-14
3.606223744e-14
2.76105506e-14
2.112287148e-14
1.612991882e-14
1.236813426e-14
9.531110049e-15
7.416958375e-15
5.826476862e-15
4.621730046e-15
3.687167749e-15
2.948751639e-15
2.354035925e-15
1.872591811e-15
1.483698351e-15
1.173070003e-15
9.283274011e-16
7.381432992e-16
5.918505687e-16
4.796452485e-16
3.929136911e-16
3.245375717e-16
2.691404652e-16
2.229921775e-16
1.837604319e-16
1.501302009e-16
1.214100502e-16
9.719793986e-17
7.715047313e-17
6.0857559e-17
4.781323236e-17
3.7444985e-17
2.918647405e-17
2.255285619e-17
1.718457558e-17
1.284368062e-17
9.376963016e-18
6.671742427e-18
4.624681939e-18
3.127665032e-18
2.069522976e-18
1.344384473e-18
8.602089149e-19
5.434703272e-19
3.394583639e-19
2.09638571e-19
1.278878031e-19
7.692162655e-20
4.5480845e-20
2.630360373e-20
1.47377311e-20
7.839340666e-21
3.786889259e-21
1.492215947e-21
3.708551992e-22
3.93860737e-23
1.593084705e-12
6.633012142e-12
1.205558739e-12
2.729297161e-13
1.438146138e-13
1.013288317e-13
7.560958214e-14
5.712725097e-14
4.346318013e-14
3.330552771e-14
2.571943807e-14
2.00576728e-14
1.580181311e-14
1.258101332e-14
1.009545898e-14
8.144441025e-15
6.57696217e-15
5.303261743e-15
4.25964992e-15
3.409666764e-15
2.723137617e-15
2.177313818e-15
1.748648537e-15
1.414734623e-15
1.153747634e-15
9.468007989e-16
7.789981197e-16
6.398771702e-16
5.227847463e-16
4.237817052e-16
3.405419497e-16
2.714674937e-16
2.151282615e-16
1.699660203e-16
1.342239791e-16
1.060292843e-16
8.359512818e-17
6.544930523e-17
5.055997539e-17
3.830361838e-17
2.833041018e-17
2.040945823e-17
1.431909776e-17
9.801524984e-18
6.56666363e-18
4.321653954e-18
2.802816168e-18
1.795165126e-18
1.136568272e-18
7.112378047e-19
4.394877583e-19
2.676800426e-19
1.602183604e-19
9.373594605e-20
5.303789207e-20
2.839561525e-20
1.374303166e-20
5.394448995e-21
1.330617827e-21
1.438256233e-22
9.426921771e-13
4.949139655e-12
2.049229756e-12
6.005276788e-13
3.07332643e-13
2.136700632e-13
1.600308549e-13
1.217909405e-13
9.349662376e-14
7.233855856e-14
5.641084425e-14
4.436954517e-14
3.522333722e-14
2.82392053e-14
2.284320106e-14
1.861778417e-14
1.524537037e-14
1.251211522e-14
1.026267513e-14
8.404960525e-15
6.868864355e-15
5.61110118e-15
4.588192126e-15
3.763442077e-15
3.096625223e-15
2.552692502e-15
2.101140286e-15
1.720694619e-15
1.397739756e-15
1.124606209e-15
8.96477356e-16
7.093245985e-16
5.588037492e-16
4.399953089e-16
3.475110428e-16
2.757113759e-16
2.19229913e-16
1.736789495e-16
1.360541781e-16
1.046219257e-16
7.853545947e-17
5.737664222e-17
4.078300361e-17
2.82624977e-17
1.917117286e-17
1.278547935e-17
8.412397056e-18
5.470794646e-18
3.517725709e-18
2.234885565e-18
1.401030694e-18
8.649883308e-19
5.243810037e-19
3.104486058e-19
1.775335809e-19
9.587428759e-20
4.666780302e-20
1.83863367e-20
4.545485139e-21
5.058966895e-22
1.822138033e-12
1.280944002e-12
6.546532014e-12
1.93647347e-12
6.619646911e-13
3.862820222e-13
2.775375005e-13
2.106977561e-13
1.632192482e-13
1.278810681e-13
1.010755177e-13
8.056020447e-14
6.476971377e-14
5.255394999e-14
4.303950133e-14
3.555645356e-14
2.958946824e-14
2.475866385e-14
2.078210216e-14
1.747006413e-14
1.468559103e-14
1.234243339e-14
1.037060793e-14
8.718120334e-15
7.329123459e-15
6.154717211e-15
5.146263562e-15
4.269111548e-15
3.500737915e-15
2.831870161e-15
2.259593318e-15
1.78235669e-15
1.395587917e-15
1.090454877e-15
8.549288555e-16
6.753154343e-16
5.373007548e-16
4.282050858e-16
3.390370515e-16
2.644068719e-16
2.016355252e-16
1.496878513e-16
1.079938616e-16
7.581580485e-17
5.201745909e-17
3.508031917e-17
2.33624978e-17
1.540002316e-17
1.004937696e-17
6.483897937e-18
4.128079101e-18
2.587050617e-18
1.590586201e-18
9.54039976e-19
5.522548925e-19
3.017915876e-19
1.48678104e-19
5.947281297e-20
1.50128847e-20
1.747247748e-21
3.458863233e-11
4.505759767e-12
6.072128434e-12
3.846306498e-12
1.283243246e-12
6.145898725e-13
4.099313076e-13
3.084173737e-13
2.408300825e-13
1.909839434e-13
1.528634018e-13
1.232919899e-13
1.002139741e-13
8.214267405e-14
6.794214033e-14
5.672450945e-14
4.779131706e-14
4.060137948e-14
3.473325355e-14
2.986964064e-14
2.577718454e-14
2.22905821e-14
1.929008676e-14
1.669206715e-14
1.442822979e-14
1.244020925e-14
1.067126207e-14
9.077590304e-15
7.628742636e-15
6.314955321e-15
5.139353967e-15
4.113451435e-15
3.24648701e-15
2.538909152e-15
1.979446853e-15
1.548647803e-15
1.221424398e-15
9.6955235e-16
7.6934888e-16
6.052377957e-16
4.681843653e-16
3.536476064e-16
2.597407506e-16
1.853073428e-16
1.288241814e-16
8.782196639e-17
5.906820993e-17
3.933749349e-17
2.596580765e-17
1.697166526e-17
1.096028271e-17
6.972938317e-18
4.353145949e-18
2.650550953e-18
1.556947705e-18
8.637133065e-19
4.328415233e-19
1.770869871e-19
4.617805161e-20
5.718530724e-21
2.661593333e-11
3.997880944e-12
2.446451978e-12
8.656405468e-12
3.048434803e-12
1.08337211e-12
5.948931724e-13
4.195192858e-13
3.235411745e-13
2.575251101e-13
2.079241816e-13
1.693677564e-13
1.389897475e-13
1.149243514e-13
9.580643077e-14
8.057702686e-14
6.839495771e-14
5.859017069e-14
5.063124336e-14
4.40995202e-14
3.866927674e-14
3.409145841e-14
3.017728526e-14
2.677837052e-14
2.377862814e-14
2.108764568e-14
1.862734691e-14
1.633798841e-14
1.417874463e-14
1.213400729e-14
1.021002737e-14
8.433519191e-15
6.839232885e-15
5.458321933e-15
4.30474232e-15
3.372430207e-15
2.640593257e-15
2.075625614e-15
1.635434494e-15
1.284542087e-15
9.9952343e-16
7.657759836e-16
5.738050415e-16
4.181772689e-16
2.959511143e-16
2.045274e-16
1.390481547e-16
9.343517431e-17
6.219726392e-17
4.103116671e-17
2.679280392e-17
1.727160272e-17
1.094538547e-17
6.773676552e-18
4.04816485e-18
2.287927477e-18
1.172054577e-18
4.940196301e-19
1.348313513e-19
1.814627963e-20
1.373949431e-11
2.545807057e-12
1.374118154e-12
4.088387085e-12
4.105262123e-12
1.661038202e-12
8.181452615e-13
5.4160895e-13
4.099593714e-13
3.261762013e-13
2.648887865e-13
2.174648679e-13
1.799056188e-13
1.498691409e-13
1.257513081e-13
1.06346076e-13
9.070221675e-14
7.805409167e-14
6.778182691e-14
5.938513164e-14
5.245770673e-14
4.668693408e-14
4.181463985e-14
3.763805304e-14
3.399406196e-14
3.075029091e-14
2.779751992e-14
2.504330674e-14
2.241312068e-14
1.985722191e-14
1.735334605e-14
1.491277485e-14
1.257804562e-14
1.041058779e-14
8.468665334e-15
6.789316766e-15
5.381860215e-15
4.236144617e-15
3.321743133e-15
2.595374775e-15
2.014126705e-15
1.547101419e-15
1.172612731e-15
8.72783626e-16
6.333891755e-16
4.469009018e-16
3.082788751e-16
2.093356731e-16
1.404923641e-16
9.334462319e-17
6.141827603e-17
3.997469922e-17
2.565128707e-17
1.612187884e-17
9.812460993e-18
5.666487059e-18
2.980659585e-18
1.303642034e-18
3.776626558e-19
5.625721143e-20
1.557627353e-11
3.046705328e-12
1.30047623e-12
1.726489257e-12
6.083537339e-12
2.956376537e-12
1.248544605e-12
7.126037294e-13
5.102708639e-13
4.00178369e-13
3.247932369e-13
2.677646616e-13
2.227860898e-13
1.866547938e-13
1.57398993e-13
1.33635496e-13
1.143099844e-13
9.856983186e-14
8.575180951e-14
7.52763679e-14
6.666626609e-14
5.953706199e-14
5.357768065e-14
4.853629386e-14
4.42072746e-14
4.042077153e-14
3.70348409e-14
3.393013123e-14
3.100531201e-14
2.817924512e-14
2.539491502e-14
2.262192889e-14
1.986052486e-14
1.714568813e-14
1.454046411e-14
1.211679546e-14
9.931126425e-15
8.014515001e-15
6.377661911e-15
5.014074101e-15
3.900830552e-15
3.001240276e-15
2.280937148e-15
1.711208962e-15
1.264798926e-15
9.159512843e-16
6.47112439e-16
4.466410415e-16
3.027925557e-16
2.025918558e-16
1.341223844e-16
8.789464632e-17
5.691392694e-17
3.622331783e-17
2.242420421e-17
1.324069927e-17
7.175611006e-18
3.276815962e-18
1.020837739e-18
1.70870187e-19
1.356382768e-10
2.211500879e-11
4.489775467e-12
1.822327246e-12
3.983108202e-12
4.635320183e-12
2.083720178e-12
9.973635528e-13
6.364706086e-13
4.797268643e-13
3.857211764e-13
3.180932725e-13
2.655866755e-13
2.23433574e-13
1.890608665e-13
1.609693481e-13
1.379868546e-13
1.191469632e-13
1.036920558e-13
9.100340595e-14
8.055722867e-14
7.192429509e-14
6.475289771e-14
5.875216187e-14
5.367950845e-14
4.933084277e-14
4.5532803e-14
4.213678035e-14
3.901495707e-14
3.605902589e-14
3.318168012e-14
3.032000808e-14
2.743765738e-14
2.452907564e-14
2.162035346e-14
1.876336635e-14
1.60192597e-14
1.344361383e-14
1.108133329e-14
8.965107082e-15
7.120452933e-15
5.558724978e-15
4.269328288e-15
3.228250449e-15
2.40566789e-15
1.767251966e-15
1.276713739e-15
9.034369937e-16
6.246379038e-16
4.228907089e-16
2.81801871e-16
1.856432775e-16
1.209906569e-16
7.773421307e-17
4.87985204e-17
2.941640126e-17
1.644424674e-17
7.880776961e-18
2.670741532e-18
5.08221201e-19
4.015233187e-10
6.273312326e-11
1.024628058e-11
2.466494427e-12
2.114173689e-12
5.663798475e-12
3.494895689e-12
1.570109641e-12
8.349576915e-13
5.692545065e-13
4.414800925e-13
3.602196266e-13
2.999462754e-13
2.527941484e-13
2.140630732e-13
1.830288226e-13
1.574072556e-13
1.361970961e-13
1.186255663e-13
1.040751524e-13
9.203158792e-14
8.206310551e-14
7.38040605e-14
6.694372202e-14
6.121735458e-14
5.639790812e-14
5.228896305e-14
4.871876606e-14
4.553622635e-14
4.260901772e-14
3.982375199e-14
3.708793569e-14
3.433280976e-14
3.15173061e-14
2.863101183e-14
2.569180852e-14
2.273882227e-14
1.982069812e-14
1.698697089e-14
1.428951529e-14
1.177708082e-14
9.498336e-15
7.494325464e-15
5.785858527e-15
4.379229543e-15
3.256641982e-15
2.382280165e-15
1.715218508e-15
1.213157767e-15
8.398978313e-16
5.687467719e-16
3.779433602e-16
2.475964533e-16
1.60068381e-16
1.015437558e-16
6.230434668e-17
3.589532467e-17
1.813095374e-17
6.750881779e-18
1.471424032e-18
2.156630055e-10
4.301908022e-11
8.37564931e-12
2.186267121e-12
1.335526595e-12
3.035486187e-12
4.039136369e-12
2.355458432e-12
1.183194679e-12
6.902240337e-13
4.847694802e-13
3.782767726e-13
3.101617508e-13
2.606469261e-13
2.207531829e-13
1.894147254e-13
1.634602685e-13
1.418907063e-13
1.239244319e-13
1.089592421e-13
9.651275291e-14
8.618442453e-14
7.763358789e-14
7.056509806e-14
6.472125841e-14
5.987566901e-14
5.582931662e-14
5.240685522e-14
4.945206784e-14
4.682363414e-14
4.439267474e-14
4.204528035e-14
3.968768905e-14
3.725008794e-14
3.469005491e-14
3.199403543e-14
2.917368992e-14
2.625942208e-14
2.329300066e-14
2.032308375e-14
1.740450454e-14
1.459459446e-14
1.195802854e-14
9.558559327e-15
7.451547816e-15
5.672591482e-15
4.224810339e-15
3.084667782e-15
2.212880678e-15
1.560087188e-15
1.079010554e-15
7.306487483e-16
4.848266543e-16
3.160388893e-16
2.022132457e-16
1.258738943e-16
7.450450929e-17
3.966682892e-17
1.632390349e-17
4.098950066e-18
1.197080079e-10
2.749817727e-11
6.15985097e-12
1.769835039e-12
9.504373416e-13
1.351657037e-12
3.529096925e-12
2.972176834e-12
1.750650277e-12
9.285670087e-13
5.393537491e-13
3.695605668e-13
2.846549742e-13
2.340349414e-13
1.978424025e-13
1.698922382e-13
1.473511714e-13
1.287897465e-13
1.133527647e-13
1.004680707e-13
8.971659953e-14
8.076891085e-14
7.335276247e-14
6.723557142e-14
6.221360707e-14
5.810632319e-14
5.475125306e-14
5.199948063e-14
4.971259255e-14
4.776166615e-14
4.602568806e-14
4.438788676e-14
4.273867578e-14
4.098566722e-14
3.905988092e-14
3.691786954e-14
3.454608971e-14
3.195822049e-14
2.918508941e-14
2.626931461e-14
2.326184446e-14
2.022116829e-14
1.7213129e-14
1.431235678e-14
1.159606144e-14
9.140778023e-15
7.009868116e-15
5.237428623e-15
3.822517469e-15
2.733110371e-15
1.918403752e-15
1.321871522e-15
8.928456201e-16
5.912044874e-16
3.836198206e-16
2.426464771e-16
1.471993409e-16
8.2180008e-17
3.727878275e-17
1.084645159e-17
1.241936009e-10
2.959017572e-11
6.927161869e-12
1.982780549e-12
9.250639908e-13
8.646039317e-13
1.834018374e-12
2.996351851e-12
2.263158879e-12
1.372405597e-12
7.204071663e-13
3.813193823e-13
2.441771544e-13
1.847337394e-13
1.520513599e-13
1.301046774e-13
1.135406267e-13
1.003235128e-13
8.949155058e-14
8.050871331e-14
7.303490566e-14
6.682999521e-14
6.170907826e-14
5.752015659e-14
5.413230265e-14
5.142880701e-14
4.930317894e-14
4.765610356e-14
4.639154042e-14
4.541417033e-14
4.462626811e-14
4.392544506e-14
4.32073767e-14
4.237076359e-14
4.132540509e-14
4.000211633e-14
3.835728236e-14
3.637771164e-14
3.407795784e-14
3.14954128e-14
2.868289883e-14
2.569860929e-14
2.260515283e-14
1.947501955e-14
1.639016446e-14
1.343809067e-14
1.070781547e-14
8.278882933e-15
6.210915482e-15
4.531781432e-15
3.228290453e-15
2.253963088e-15
1.54523664e-15
1.040213786e-15
6.867130655e-16
4.427737308e-16
2.755922212e-16
1.605078379e-16
7.950628904e-17
2.681390648e-17
4.669890766e-10
1.059157789e-10
2.321798006e-11
5.438735563e-12
1.697575232e-12
8.758402321e-13
1.063551662e-12
2.545955303e-12
2.619523942e-12
1.850082784e-12
1.0974923e-12
5.323207851e-13
2.43359048e-13
1.443141215e-13
1.081930464e-13
9.013310506e-14
7.853996259e-14
7.00564423e-14
6.342979828e-14
5.809330719e-14
5.375162035e-14
5.022918197e-14
4.74068057e-14
4.519401301e-14
4.35159235e-14
4.230602752e-14
4.150246089e-14
4.104564819e-14
4.087525104e-14
4.092708002e-14
4.112963642e-14
4.140108441e-14
4.16491272e-14
4.177493398e-14
4.168018811e-14
4.127748391e-14
4.050167462e-14
3.931275468e-14
3.769774731e-14
3.567097347e-14
3.327224837e-14
3.056247965e-14
2.761401295e-14
2.449620607e-14
2.128433849e-14
1.806616992e-14
1.493731702e-14
1.19951756e-14
9.331817035e-15
7.02536976e-15
5.125249056e-15
3.638854924e-15
2.528127959e-15
1.725220979e-15
1.157152584e-15
7.607191497e-16
4.858365959e-16
2.943602139e-16
1.574604431e-16
6.128576292e-17
2.767910152e-09
6.36060271e-10
1.401781263e-10
3.031135103e-11
6.863875932e-12
1.931931244e-12
1.048024091e-12
1.546363961e-12
2.64300839e-12
2.238370477e-12
1.498208667e-12
8.318276381e-13
3.518744394e-13
1.432788794e-13
8.317899398e-14
6.302716072e-14
5.344793187e-14
4.757397112e-14
4.34464222e-14
4.035567118e-14
3.800424263e-14
3.623770211e-14
3.496459356e-14
3.412467753e-14
3.367239383e-14
3.356878517e-14
3.377787335e-14
3.426315881e-14
3.498443388e-14
3.589408234e-14
3.693388274e-14
3.803344641e-14
3.910941921e-14
4.006865033e-14
4.081422506e-14
4.125301436e-14
4.130537192e-14
4.091264956e-14
4.004095728e-14
3.868243817e-14
3.685148109e-14
3.458517672e-14
3.1943305e-14
2.900729572e-14
2.585778976e-14
2.257347431e-14
1.924641077e-14
1.597840402e-14
1.287442367e-14
1.003768918e-14
7.560245749e-15
5.507513234e-15
3.899039324e-15
2.699811218e-15
1.837003321e-15
1.228931295e-15
8.038170688e-16
5.047998106e-16
2.881062309e-16
1.277001204e-16
2.417495654e-09
6.734073129e-10
1.739194045e-10
4.293373208e-11
1.055485508e-11
2.873676437e-12
1.113298989e-12
1.011423869e-12
2.162467727e-12
2.451846802e-12
1.846324868e-12
1.155043336e-12
5.69841644e-13
2.038347798e-13
8.224814746e-14
5.040774269e-14
3.936677529e-14
3.403729943e-14
3.087127182e-14
2.87991044e-14
2.741832248e-14
2.654856449e-14
2.609609491e-14
2.600590453e-14
2.624240233e-14
2.678180641e-14
2.760175438e-14
2.868013233e-14
2.998987972e-14
3.14931955e-14
3.313541545e-14
3.484779073e-14
3.654613178e-14
3.813511388e-14
3.951700693e-14
4.059992962e-14
4.130469398e-14
4.156892238e-14
4.134845534e-14
4.061851688e-14
3.9372812e-14
3.762677801e-14
3.54145606e-14
3.278952693e-14
2.983088346e-14
2.662769007e-14
2.326678587e-14
1.984502735e-14
1.646990676e-14
1.325419451e-14
1.031103894e-14
7.743336338e-15
5.623949688e-15
3.972154952e-15
2.746948571e-15
1.868444712e-15
1.248623255e-15
8.091778741e-16
4.870061809e-16
2.406177404e-16
1.572783622e-09
5.058432139e-10
1.472594408e-10
4.057756028e-11
1.094260178e-11
3.145857498e-12
1.167015658e-12
8.341713415e-13
1.284480481e-12
2.288597548e-12
2.078549652e-12
1.445941131e-12
8.273707645e-13
3.471889401e-13
1.130318353e-13
5.044920967e-14
3.359488151e-14
2.717332052e-14
2.394818407e-14
2.210661462e-14
2.10536794e-14
2.054202686e-14
2.045079311e-14
2.071338481e-14
2.128967336e-14
2.215449718e-14
2.329126629e-14
2.468387112e-14
2.631179403e-14
2.814716061e-14
3.015135533e-14
3.225126861e-14
3.436225983e-14
3.638255758e-14
3.820590849e-14
3.973748655e-14
4.090216234e-14
4.164013182e-14
4.190730578e-14
4.167454075e-14
4.092612933e-14
3.966062037e-14
3.789325633e-14
3.565328005e-14
3.298855275e-14
2.997539121e-14
2.670651393e-14
2.327488228e-14
1.978275082e-14
1.634497499e-14
1.308297468e-14
1.011853402e-14
7.558901031e-15
5.471270778e-15
3.860772621e-15
2.673353016e-15
1.822175964e-15
1.213198674e-15
7.624341606e-16
4.106656745e-16
1.01163297e-09
3.628955545e-10
1.138051064e-10
3.387739485e-11
9.84759502e-12
3.006924711e-12
1.128269238e-12
6.670687714e-13
8.115792145e-13
1.772069342e-12
2.144101394e-12
1.698191205e-12
1.101441219e-12
5.621241228e-13
1.975723149e-13
6.697750198e-14
3.454929852e-14
2.472413755e-14
2.062193653e-14
1.853927653e-14
1.745586029e-14
1.700318294e-14
1.701571017e-14
1.740588335e-14
1.812190554e-14
1.913106424e-14
2.041435567e-14
2.195731059e-14
2.373908926e-14
2.573308642e-14
2.790169473e-14
3.018569256e-14
3.250267753e-14
3.475422814e-14
3.684401285e-14
3.866852699e-14
4.014963841e-14
4.12245886e-14
4.184583355e-14
4.198286065e-14
4.161829468e-14
4.074385869e-14
3.936244113e-14
3.748923225e-14
3.515327243e-14
3.240442994e-14
2.932013856e-14
2.599304267e-14
2.251947986e-14
1.900778709e-14
1.557993887e-14
1.236538259e-14
9.489071859e-15
7.049003664e-15
5.090502765e-15
3.595855223e-15
2.497932425e-15
1.701718068e-15
1.107796664e-15
6.378224421e-16
6.957063611e-10
2.844076857e-10
9.316537978e-11
2.916515728e-11
8.970182032e-12
2.891046294e-12
1.119045285e-12
6.245033839e-13
6.412444388e-13
1.094249157e-12
1.960393101e-12
1.86263497e-12
1.349156742e-12
8.081072463e-13
3.604409358e-13
1.14480842e-13
4.384239981e-14
2.581117606e-14
1.962487768e-14
1.686125691e-14
1.550425606e-14
1.493114498e-14
1.489396907e-14
1.527334762e-14
1.60031786e-14
1.704220743e-14
1.836195414e-14
1.994214398e-14
2.176445375e-14
2.380048011e-14
2.601139803e-14
2.834698479e-14
3.073346797e-14
3.307896078e-14
3.528597725e-14
3.726324704e-14
3.893331279e-14
4.023354431e-14
4.111625244e-14
4.153868539e-14
4.147784067e-14
4.091924182e-14
3.986054735e-14
3.830835636e-14
3.627978203e-14
3.380988545e-14
3.09567981e-14
2.78045309e-14
2.444891232e-14
2.099025725e-14
1.754215991e-14
1.423121919e-14
1.118603032e-14
8.518409403e-15
6.299691781e-15
4.54518512e-15
3.216629011e-15
2.234237524e-15
1.49613811e-15
9.052816908e-16
5.246351026e-10
2.600345142e-10
8.842395668e-11
2.878730725e-11
9.258136761e-12
3.11231929e-12
1.223637496e-12
6.388471029e-13
5.088615678e-13
7.136208301e-13
1.566019171e-12
1.928170832e-12
1.582088881e-12
1.066857846e-12
5.801895598e-13
2.210273881e-13
7.031125016e-14
3.16053057e-14
2.066986105e-14
1.650071008e-14
1.458444957e-14
1.373086144e-14
1.352904387e-14
1.379981564e-14
1.445044847e-14
1.542707162e-14
1.669545355e-14
1.823076454e-14
2.001084768e-14
2.200665641e-14
2.417483064e-14
2.64664834e-14
2.882246967e-14
3.116298425e-14
3.339753894e-14
3.543778814e-14
3.720648498e-14
3.864065135e-14
3.969119044e-14
4.031986454e-14
4.049778498e-14
4.020342848e-14
3.942380606e-14
3.816070244e-14
3.641990667e-14
3.422356966e-14
3.16197529e-14
2.867817451e-14
2.549351312e-14
2.216908104e-14
1.881073186e-14
1.553355785e-14
1.245925602e-14
9.69923208e-15
7.334838027e-15
5.402809098e-15
3.892160972e-15
2.747766822e-15
1.879926981e-15
1.177307759e-15
4.511122766e-10
3.17081251e-10
1.111613656e-10
3.724098941e-11
1.231094435e-11
4.185640091e-12
1.595067041e-12
7.615043625e-13
5.120278665e-13
5.966554166e-13
1.064783295e-12
1.822341588e-12
1.75839264e-12
1.312792801e-12
8.266911288e-13
4.050207567e-13
1.37505018e-13
4.739362274e-14
2.449083312e-14
1.732749713e-14
1.440752907e-14
1.309340855e-14
1.262411137e-14
1.271113454e-14
1.321911056e-14
1.407351957e-14
1.522765616e-14
1.664854276e-14
1.83106706e-14
2.019253049e-14
2.225840315e-14
2.445191003e-14
2.671337721e-14
2.897679563e-14
3.116508198e-14
3.31963023e-14
3.499447279e-14
3.649555157e-14
3.764834944e-14
3.841312284e-14
3.875962722e-14
3.866580596e-14
3.811759634e-14
3.710987744e-14
3.564530978e-14
3.37294795e-14
3.13978796e-14
2.870310156e-14
2.572810328e-14
2.258204404e-14
1.937882913e-14
1.622260315e-14
1.322055865e-14
1.047623475e-14
8.071270457e-15
6.052332297e-15
4.427288953e-15
3.164815925e-15
2.195201446e-15
1.401905387e-15
4.985255542e-10
5.986086299e-10
2.07307513e-10
6.919256312e-11
2.271840051e-11
7.498478518e-12
2.629398922e-12
1.080448225e-12
5.85992773e-13
4.903830325e-13
6.81694435e-13
1.518355607e-12
1.839852656e-12
1.533246052e-12
1.065230045e-12
6.226535478e-13
2.72197375e-13
8.690448413e-14
3.370293098e-14
1.973780082e-14
1.493861908e-14
1.290057971e-14
1.204866753e-14
1.188181629e-14
1.219355002e-14
1.287964077e-14
1.387864327e-14
1.514917101e-14
1.665909017e-14
1.837976263e-14
2.028223751e-14
2.232479211e-14
2.444993034e-14
2.659312938e-14
2.868427523e-14
3.065067176e-14
3.242125275e-14
3.393243812e-14
3.513161915e-14
3.597717502e-14
3.643729146e-14
3.648875925e-14
3.61163418e-14
3.531289147e-14
3.40797831e-14
3.242777312e-14
3.037919051e-14
2.797165323e-14
2.526666665e-14
2.235102267e-14
1.934529723e-14
1.635669187e-14
1.348629494e-14
1.082766456e-14
8.458254014e-15
6.426281426e-15
4.751010718e-15
3.419319674e-15
2.381120449e-15
1.523903722e-15
6.167083172e-10
9.390566329e-10
3.333569202e-10
1.139650322e-10
3.816661817e-11
1.266593695e-11
4.303640556e-12
1.611957662e-12
7.48228605e-13
5.070945346e-13
6.072656531e-13
1.113878626e-12
1.773222733e-12
1.703526482e-12
1.29521702e-12
8.47599425e-13
4.534085711e-13
1.717064781e-13
5.521913014e-14
2.505506435e-14
1.642381352e-14
1.317301017e-14
1.177167516e-14
1.127210035e-14
1.133863965e-14
1.181967132e-14
1.263246989e-14
1.372455864e-14
1.505766848e-14
1.659937868e-14
1.831858846e-14
2.017951305e-14
2.213314242e-14
2.412145168e-14
2.608146202e-14
2.794527456e-14
2.964613199e-14
3.112279669e-14
3.232283371e-14
3.320364352e-14
3.373222381e-14
3.388438435e-14
3.364409937e-14
3.300335392e-14
3.196258816e-14
3.05315252e-14
2.87318195e-14
2.659880059e-14
2.418264154e-14
2.15529506e-14
1.879902693e-14
1.602190966e-14
1.33244073e-14
1.079689686e-14
8.510898945e-15
6.517580063e-15
4.842576888e-15
3.484546383e-15
2.407256495e-15
1.515387365e-15
7.143714943e-10
1.056275515e-09
3.97542909e-10
1.432872856e-10
5.031003358e-11
1.735667635e-11
6.014767763e-12
2.208361676e-12
9.474799179e-13
5.447489123e-13
5.028534333e-13
7.130849447e-13
1.49227566e-12
1.756913367e-12
1.480418819e-12
1.057499414e-12
6.539067207e-13
3.178373518e-13
1.082740892e-13
3.782565416e-14
1.976739858e-14
1.409319671e-14
1.182453329e-14
1.088036316e-14
1.064978746e-14
1.089494833e-14
1.149956884e-14
1.239569589e-14
1.353714612e-14
1.488759989e-14
1.641390204e-14
1.80821329e-14
1.985085347e-14
2.166715696e-14
2.347368311e-14
2.520988769e-14
2.681308414e-14
2.822447901e-14
2.939242106e-14
3.027420184e-14
3.083631437e-14
3.105405245e-14
3.091100993e-14
3.039885046e-14
2.951757606e-14
2.827615479e-14
2.669367704e-14
2.480287351e-14
2.265182916e-14
2.029862456e-14
1.781385141e-14
1.528057653e-14
1.278819015e-14
1.042406868e-14
8.259763048e-15
6.346070945e-15
4.713987828e-15
3.370529127e-15
2.284518212e-15
1.415477969e-15
7.72927219e-10
9.506981522e-10
3.817317687e-10
1.459851706e-10
5.419000201e-11
1.968851636e-11
7.121024013e-12
2.670125785e-12
1.123738902e-12
5.962571163e-13
4.634794145e-13
5.912017999e-13
1.125068379e-12
1.674146161e-12
1.602792809e-12
1.241542238e-12
8.419020916e-13
4.884421911e-13
2.143392113e-13
6.949863664e-14
2.732404436e-14
1.614120074e-14
1.231177649e-14
1.073287358e-14
1.013731222e-14
1.011569529e-14
1.049504394e-14
1.118443487e-14
1.212696914e-14
1.328112626e-14
1.461170454e-14
1.608479501e-14
1.766352451e-14
1.930200023e-14
2.094667386e-14
2.254224275e-14
2.403177602e-14
2.535909233e-14
2.64738219e-14
2.73335744e-14
2.790469397e-14
2.816227381e-14
2.80897915e-14
2.767885929e-14
2.692930831e-14
2.584959019e-14
2.445707198e-14
2.278098009e-14
2.086370894e-14
1.875803593e-14
1.652579256e-14
1.423604499e-14
1.196319307e-14
9.781576955e-15
7.760020403e-15
5.953281525e-15
4.398369589e-15
3.101847946e-15
2.032545854e-15
1.252647428e-15
8.243735276e-10
7.477019336e-10
3.207468656e-10
1.303546118e-10
5.13171814e-11
1.972338223e-11
7.510764095e-12
2.929121158e-12
1.248965482e-12
6.417861648e-13
4.501111797e-13
4.937032492e-13
7.518110613e-13
1.413909676e-12
1.616387352e-12
1.378413726e-12
1.011753792e-12
6.546605078e-13
3.505912885e-13
1.348176819e-13
4.399087219e-14
2.023567044e-14
1.342568097e-14
1.088115227e-14
9.821366619e-15
9.495578022e-15
9.633250705e-15
1.010838835e-14
1.084907397e-14
1.180677636e-14
1.294337493e-14
1.422425959e-14
1.561478127e-14
1.707489e-14
1.855648148e-14
2.000779316e-14
2.137626864e-14
2.260983675e-14
2.365958226e-14
2.448356057e-14
2.504809608e-14
2.532810187e-14
2.530686851e-14
2.497587205e-14
2.433473159e-14
2.339118303e-14
2.216168152e-14
2.067318044e-14
1.896293288e-14
1.707770005e-14
1.507078218e-14
1.3001724e-14
1.093633424e-14
8.940308137e-15
7.07491721e-15
5.394601738e-15
3.93171136e-15
2.692923948e-15
1.688542431e-15
1.06445561e-15
9.115356562e-10
5.948361622e-10
2.668605098e-10
1.13603192e-10
4.691987251e-11
1.892901066e-11
7.557369588e-12
3.067280086e-12
1.334968152e-12
6.758060567e-13
4.381747693e-13
4.021508522e-13
5.344981354e-13
1.067587515e-12
1.507717775e-12
1.447904754e-12
1.148090997e-12
8.066540121e-13
4.961927591e-13
2.401930898e-13
8.208045253e-14
2.933722054e-14
1.57704556e-14
1.146220721e-14
9.741387447e-15
9.05075529e-15
8.925231896e-15
9.178864156e-15
9.716906393e-15
1.048078221e-14
1.142797069e-14
1.252269798e-14
1.373098243e-14
1.501673998e-14
1.633738964e-14
1.764548452e-14
1.889203384e-14
2.002823617e-14
2.100755325e-14
2.178859842e-14
2.233761223e-14
2.262913765e-14
2.264599541e-14
2.23791399e-14
2.18275457e-14
2.099835967e-14
1.990733945e-14
1.857896534e-14
1.704668836e-14
1.535221987e-14
1.354206766e-14
1.16687431e-14
9.790756798e-15
7.9678147e-15
6.258594292e-15
4.705074985e-15
3.337573277e-15
2.187417439e-15
1.330052345e-15
8.865601226e-16
1.043128419e-09
5.545959926e-10
2.499368381e-10
1.083748421e-10
4.592915692e-11
1.909776455e-11
7.861703627e-12
3.272928887e-12
1.438519932e-12
7.155958083e-13
4.384809493e-13
3.637171271e-13
4.43502012e-13
7.408199187e-13
1.277746506e-12
1.428390367e-12
1.235566132e-12
9.312115581e-13
6.262918178e-13
3.610717247e-13
1.56855924e-13
5.135988476e-14
2.100202235e-14
1.28296538e-14
9.97997158e-15
8.804069358e-15
8.380226911e-15
8.402473638e-15
8.737214799e-15
9.310956116e-15
1.00748376e-14
1.099077802e-14
1.202475992e-14
1.314291003e-14
1.430745711e-14
1.5475754e-14
1.660273841e-14
1.76421699e-14
1.854946241e-14
1.928446634e-14
1.981344631e-14
2.01102614e-14
2.015686228e-14
1.994324145e-14
1.946741966e-14
1.873549004e-14
1.77616344e-14
1.656829939e-14
1.518604609e-14
1.365168342e-14
1.200726356e-14
1.030151793e-14
8.587998713e-15
6.922876818e-15
5.350404477e-15
3.910901107e-15
2.657856056e-15
1.667961785e-15
1.018304054e-15
7.323750965e-16
1.167535513e-09
5.764085327e-10
2.593439913e-10
1.135305701e-10
4.882432536e-11
2.067464624e-11
8.673007298e-12
3.663488579e-12
1.609892599e-12
7.80096592e-13
4.504273737e-13
3.374492085e-13
3.56603523e-13
4.901900206e-13
9.752174536e-13
1.311318968e-12
1.262636119e-12
1.022752448e-12
7.403892646e-13
4.756976381e-13
2.516431219e-13
9.572614145e-14
3.212793693e-14
1.552387891e-14
1.064402976e-14
8.781142825e-15
8.004993808e-15
7.781711017e-15
7.912055333e-15
8.299600548e-15
8.886507819e-15
9.631282137e-15
1.049927389e-14
1.145798433e-14
1.247356873e-14
1.350753058e-14
1.45180698e-14
1.546243443e-14
1.62983536e-14
1.698669846e-14
1.749375053e-14
1.7792651e-14
1.786416091e-14
1.769691937e-14
1.728743846e-14
1.664009591e-14
1.576736772e-14
1.468919354e-14
1.343232831e-14
1.203011131e-14
1.052248589e-14
8.955349245e-15
7.3797224e-15
5.839064191e-15
4.37782856e-15
3.062944795e-15
1.98737958e-15
1.221043946e-15
7.75110655e-16
6.036831589e-16
1.178439902e-09
5.774500342e-10
2.647470222e-10
1.184905475e-10
5.2118197e-11
2.257684469e-11
9.671746516e-12
4.144977821e-12
1.823624898e-12
8.636192794e-13
4.717039539e-13
3.206797141e-13
2.93369838e-13
3.656269871e-13
6.969529253e-13
1.118985989e-12
1.225002078e-12
1.07281714e-12
8.28470109e-13
5.764588387e-13
3.507789856e-13
1.662017359e-13
5.653856411e-14
2.130057949e-14
1.20936215e-14
9.059499245e-15
7.817131203e-15
7.318610393e-15
7.239087018e-15
7.443491134e-15
7.859930361e-15
8.441616261e-15
9.152479831e-15
9.960555829e-15
1.083433389e-14
1.17393401e-14
1.263749779e-14
1.348932424e-14
1.425511008e-14
1.489704859e-14
1.53815636e-14
1.568104726e-14
1.577489024e-14
1.564997156e-14
1.530085682e-14
1.47301546e-14
1.394770571e-14
1.296999914e-14
1.182064668e-14
1.05300011e-14
9.135195693e-15
7.680283054e-15
6.204983847e-15
4.755932447e-15
3.40844289e-15
2.273137895e-15
1.428223773e-15
8.826414902e-16
5.957754394e-16
4.979295087e-16
9.409718012e-10
4.831422524e-10
2.330045323e-10
1.091861686e-10
5.005217013e-11
2.251325569e-11
9.979879472e-12
4.401259913e-12
1.970309359e-12
9.302303892e-13
4.923409608e-13
3.145930793e-13
2.633919696e-13
3.053872401e-13
4.853974189e-13
8.856325944e-13
1.12350925e-12
1.07688575e-12
8.86301483e-13
6.576281678e-13
4.377849704e-13
2.476241478e-13
1.045182763e-13
3.482938465e-14
1.530294122e-14
9.856015122e-15
7.868527614e-15
7.02406639e-15
6.717353746e-15
6.737824743e-15
6.989046063e-15
7.415244504e-15
7.977308302e-15
8.643009697e-15
9.382322453e-15
1.016420678e-14
1.095433222e-14
1.171629985e-14
1.24132088e-14
1.300894136e-14
1.347039841e-14
1.376939203e-14
1.388392159e-14
1.379889838e-14
1.350687333e-14
1.300774052e-14
1.230793503e-14
1.142106135e-14
1.036759696e-14
9.174548586e-15
7.87584751e-15
6.503726631e-15
5.102632888e-15
3.743441397e-15
2.551896686e-15
1.636840991e-15
1.013736499e-15
6.436501191e-16
4.658560605e-16
4.114637897e-16
6.347719029e-10
3.457682405e-10
1.771285015e-10
8.771089398e-11
4.228066951e-11
1.991901065e-11
9.215878769e-12
4.221800011e-12
1.947513756e-12
9.349252866e-13
4.924859469e-13
3.047633646e-13
2.396999218e-13
2.551934054e-13
3.409344728e-13
6.584982834e-13
9.710803579e-13
1.03440658e-12
9.115662542e-13
7.173296468e-13
5.127334291e-13
3.249251915e-13
1.667358145e-13
6.152537331e-14
2.182956119e-14
1.143547255e-14
8.201624975e-15
6.902224631e-15
6.34248743e-15
6.175792241e-15
6.265927936e-15
6.543504596e-15
6.964581519e-15
7.495830207e-15
8.108001849e-15
8.772500706e-15
9.458657946e-15
1.01332588e-14
1.07621755e-14
1.131136223e-14
1.174864016e-14
1.204560191e-14
1.217905848e-14
1.213206132e-14
1.189473657e-14
1.146365307e-14
1.084201209e-14
1.003989982e-14
9.074264584e-15
7.969199214e-15
6.748071384e-15
5.445847287e-15
4.116008256e-15
2.876112185e-15
1.876925469e-15
1.171332684e-15
7.251784214e-16
4.793645814e-16
3.707770764e-16
3.4071836e-16
4.727652184e-10
2.560193366e-10
1.338149011e-10
6.821649822e-11
3.399188218e-11
1.658626679e-11
7.953058613e-12
3.774301292e-12
1.797605468e-12
8.83190213e-13
4.691437987e-13
2.860246003e-13
2.139304455e-13
2.066707392e-13
2.523302644e-13
4.736514787e-13
7.926320566e-13
9.498784357e-13
9.029686233e-13
7.522062251e-13
5.701266027e-13
3.913590578e-13
2.328477488e-13
1.061835868e-13
3.617098642e-14
1.48360193e-14
9.041397924e-15
7.00175369e-15
6.122225841e-15
5.753564219e-15
5.682861573e-15
5.817104393e-15
6.104207325e-15
6.508340395e-15
7.000323671e-15
7.553141685e-15
8.139233582e-15
8.728679465e-15
9.29004182e-15
9.791667788e-15
1.020276048e-14
1.049518487e-14
1.064494119e-14
1.063350209e-14
1.04484336e-14
1.008319711e-14
9.537483384e-15
8.817416708e-15
7.936084649e-15
6.907161764e-15
5.755210713e-15
4.518623746e-15
3.277381755e-15
2.190933992e-15
1.381985583e-15
8.470727649e-16
5.29301923e-16
3.65926058e-16
2.9937503e-16
2.82556879e-16
3.217685213e-10
1.791164866e-10
9.655861757e-11
5.078045088e-11
2.611305852e-11
1.315652739e-11
6.516863936e-12
3.194745695e-12
1.569649387e-12
7.919329969e-13
4.277746076e-13
2.608276073e-13
1.897993419e-13
1.721535479e-13
1.974932619e-13
3.391956597e-13
6.166963952e-13
8.339176305e-13
8.627488671e-13
7.621762417e-13
6.088427191e-13
4.449277612e-13
2.912398696e-13
1.594159139e-13
6.462945119e-14
2.244606254e-14
1.086918417e-14
7.425740574e-15
6.07708424e-15
5.470053864e-15
5.232195244e-15
5.226076075e-15
5.385253963e-15
5.669128766e-15
6.047577217e-15
6.494444145e-15
6.98436561e-15
7.49064524e-15
7.984686834e-15
8.437222871e-15
8.819267225e-15
9.10346704e-15
9.265525507e-15
9.285689878e-15
9.149304471e-15
8.847007811e-15
8.375025108e-15
7.735591988e-15
6.931971997e-15
5.978978345e-15
4.901555822e-15
3.74068331e-15
2.610572192e-15
1.683572136e-15
1.034260888e-15
6.26333546e-16
3.967438782e-16
2.859480479e-16
2.441267573e-16
2.344096293e-16
2.09671021e-10
1.199907405e-10
6.672041291e-11
3.619788169e-11
1.9201029e-11
9.980116849e-12
5.10180841e-12
2.581103323e-12
1.307881477e-12
6.787993726e-13
3.748449645e-13
2.31212221e-13
1.67229917e-13
1.472827468e-13
1.613255054e-13
2.486060119e-13
4.653090375e-13
7.016296228e-13
7.959124679e-13
7.486779999e-13
6.290315925e-13
4.850716166e-13
3.414927701e-13
2.116618703e-13
1.038684469e-13
3.727338413e-14
1.447222867e-14
8.318607195e-15
6.229885775e-15
5.324150697e-15
4.906194429e-15
4.760296013e-15
4.796560821e-15
4.966551218e-15
5.23782963e-15
5.584386415e-15
5.982327409e-15
6.407577308e-15
6.834473441e-15
7.23615736e-15
7.585685871e-15
7.856906105e-15
8.025719115e-15
8.07154066e-15
7.977977525e-15
7.733239604e-15
7.330521228e-15
6.764031011e-15
6.040633023e-15
5.176380743e-15
4.192434186e-15
3.131191226e-15
2.120648037e-15
1.327638061e-15
7.9663074e-16
4.772570443e-16
3.058841473e-16
2.2783172e-16
2.002437683e-16
1.942947251e-16
1.307654888e-10
7.710717665e-11
4.423468855e-11
2.475577906e-11
1.354264693e-11
7.259278729e-12
3.828044778e-12
1.998058505e-12
1.044360976e-12
5.587785165e-13
3.171131184e-13
1.99807609e-13
1.466210939e-13
1.302207231e-13
1.440659231e-13
1.941249641e-13
3.485328385e-13
5.691081201e-13
7.094177618e-13
7.140260695e-13
6.309947781e-13
5.102218723e-13
3.802167574e-13
2.563618387e-13
1.476972437e-13
6.444435183e-14
2.255485544e-14
1.02821643e-14
6.714803553e-15
5.343480563e-15
4.705509122e-15
4.41237215e-15
4.327927979e-15
4.389281961e-15
4.559310279e-15
4.811050978e-15
5.121400282e-15
5.468140344e-15
5.82829612e-15
6.177514333e-15
6.49085066e-15
6.743625284e-15
6.912335482e-15
6.975959118e-15
6.916895362e-15
6.721377954e-15
6.376276357e-15
5.881510866e-15
5.246805937e-15
4.48559901e-15
3.616830524e-15
2.67595222e-15
1.779354947e-15
1.086308022e-15
6.36279557e-16
3.753274037e-16
2.416656683e-16
1.838956533e-16
1.645995217e-16
1.606818122e-16
7.808834985e-11
4.753841242e-11
2.815379992e-11
1.625772235e-11
9.173631782e-12
5.072249431e-12
2.758770866e-12
1.485718734e-12
8.015887705e-13
4.427884868e-13
2.592700752e-13
1.680304116e-13
1.258458991e-13
1.126300868e-13
1.229790899e-13
1.555265603e-13
2.618300035e-13
4.485533371e-13
6.115894083e-13
6.618026799e-13
6.163600867e-13
5.212765298e-13
4.079031926e-13
2.934187919e-13
1.879750437e-13
9.870845355e-14
3.853180442e-14
1.443607838e-14
7.760835882e-15
5.578090339e-15
4.63914871e-15
4.178633965e-15
3.97089559e-15
3.926877959e-15
4.000742731e-15
4.162843153e-15
4.389991206e-15
4.661174464e-15
4.955449406e-15
5.250874378e-15
5.524505078e-15
5.753125447e-15
5.914062186e-15
5.986291928e-15
5.95127513e-15
5.790392882e-15
5.497516074e-15
5.076485436e-15
4.535088052e-15
3.884153312e-15
3.136706618e-15
2.31819423e-15
1.527122849e-15
9.13207628e-16
5.213872839e-16
3.017246404e-16
1.938681691e-16
1.492543142e-16
1.35079571e-16
1.323445905e-16
4.464918216e-11
2.811155733e-11
1.720328283e-11
1.025688582e-11
5.972388552e-12
3.407433388e-12
1.912214654e-12
1.063112466e-12
5.926598848e-13
3.386579275e-13
2.052205081e-13
1.373432036e-13
1.054065429e-13
9.51422717e-14
1.022535794e-13
1.264953451e-13
1.997559074e-13
3.47573277e-13
5.115592219e-13
5.966627471e-13
5.87270707e-13
5.190724711e-13
4.241676329e-13
3.216362243e-13
2.226480734e-13
1.342253206e-13
6.300317413e-14
2.276882907e-14
9.866895571e-15
6.135415998e-15
4.728212614e-15
4.059612912e-15
3.719407576e-15
3.570499891e-15
3.551922479e-15
3.628927277e-15
3.777043434e-15
3.975730196e-15
4.20544761e-15
4.446178534e-15
4.676866377e-15
4.875731751e-15
5.021041859e-15
5.09181872e-15
5.066049878e-15
4.932732599e-15
4.690340328e-15
4.341340303e-15
3.891108254e-15
3.346251858e-15
2.714881938e-15
2.015291513e-15
1.324312445e-15
7.775739197e-16
4.319636472e-16
2.450148814e-16
1.564451157e-16
1.211438023e-16
1.103779693e-16
1.083778843e-16
2.452549195e-11
1.597918431e-11
1.010869144e-11
6.225030332e-12
3.741922067e-12
2.203521474e-12
1.276648173e-12
7.332488875e-13
4.229531966e-13
2.505693022e-13
1.576772701e-13
1.094743977e-13
8.65410525e-14
7.927192384e-14
8.472565562e-14
1.037038428e-13
1.559527855e-13
2.67864925e-13
4.172259831e-13
5.238194163e-13
5.464172806e-13
5.050338131e-13
4.297150525e-13
3.408034372e-13
2.501637219e-13
1.654008518e-13
9.214014271e-14
3.897645812e-14
1.450681711e-14
7.34110371e-15
5.048689692e-15
4.072433819e-15
3.5739606e-15
3.314546869e-15
3.204538257e-15
3.199706638e-15
3.272379141e-15
3.401465518e-15
3.56812479e-15
3.75367931e-15
3.938634784e-15
4.102583348e-15
4.224475688e-15
4.281148663e-15
4.258250066e-15
4.149789455e-15
3.953506181e-15
3.670174678e-15
3.302312073e-15
2.853794383e-15
2.331521614e-15
1.748718449e-15
1.156552064e-15
6.696164336e-16
3.616483957e-16
2.003191545e-16
1.264440058e-16
9.797426137e-17
8.95931489e-17
8.808193547e-17
1.301791516e-11
8.769919801e-12
5.732580518e-12
3.645835689e-12
2.263135609e-12
1.375695899e-12
8.231769155e-13
4.88909868e-13
2.922729422e-13
1.800007965e-13
1.180404692e-13
8.539727265e-14
6.991719535e-14
6.546908852e-14
7.030723929e-14
8.563373614e-14
1.240872117e-13
2.069405454e-13
3.340934861e-13
4.487527017e-13
4.970348022e-13
4.810007023e-13
4.255613983e-13
3.512382003e-13
2.707291617e-13
1.920165744e-13
1.204747751e-13
6.089549413e-14
2.34947091e-14
9.771076374e-15
5.73696815e-15
4.251876571e-15
3.54246919e-15
3.15761797e-15
2.953094205e-15
2.867529158e-15
2.86717953e-15
2.928982172e-15
3.033925726e-15
3.16406088e-15
3.301047819e-15
3.425363476e-15
3.514700281e-15
3.553109712e-15
3.531428456e-15
3.443694518e-15
3.286892249e-15
3.060138282e-15
2.764357626e-15
2.402650432e-15
1.980771219e-15
1.509059145e-15
1.017583815e-15
5.907283025e-16
3.117204161e-16
1.671534912e-16
1.029401414e-16
7.896410591e-17
7.21299803e-17
7.093282241e-17
6.72091087e-12
4.673054928e-12
3.152501452e-12
2.069399307e-12
1.325473924e-12
8.317033064e-13
5.142020632e-13
3.161188666e-13
1.962071092e-13
1.2599771e-13
8.648068959e-14
6.551279518e-14
5.584089249e-14
5.379544983e-14
5.857504729e-14
7.143692888e-14
1.006979675e-13
1.61947902e-13
2.648996478e-13
3.763568753e-13
4.425218197e-13
4.490395991e-13
4.129614568e-13
3.536117391e-13
2.841596526e-13
2.12766231e-13
1.450149897e-13
8.519447312e-14
3.897734224e-14
1.483293891e-14
7.137574122e-15
4.683129888e-15
3.647964042e-15
3.105016919e-15
2.795920071e-15
2.627376441e-15
2.554755709e-15
2.550755037e-15
2.595010343e-15
2.669582361e-15
2.756557783e-15
2.835658938e-15
2.89090978e-15
2.911397286e-15
2.888682154e-15
2.816919966e-15
2.692480928e-15
2.51359006e-15
2.280330359e-15
1.994846608e-15
1.661785983e-15
1.290104856e-15
8.988979597e-16
5.391136397e-16
2.840037892e-16
1.4677368e-16
8.601777241e-17
6.37711299e-17
5.759226438e-17
5.653427473e-17
3.395973032e-12
2.431490644e-12
1.689937644e-12
1.143227806e-12
7.550218555e-13
4.889390043e-13
3.124370834e-13
1.990513437e-13
1.285813624e-13
8.641055298e-14
6.236547059e-14
4.970209698e-14
4.429583215e-14
4.411886536e-14
4.902403619e-14
6.006736918e-14
8.303092152e-14
1.287307083e-13
2.09505946e-13
3.103474891e-13
3.862503312e-13
4.113936397e-13
3.933774614e-13
3.488367533e-13
2.908277182e-13
2.277771275e-13
1.6532725e-13
1.075542181e-13
5.84778241e-14
2.474159298e-14
1.009254924e-14
5.572876585e-15
3.947129422e-15
3.174571717e-15
2.738009672e-15
2.47852629e-15
2.331263793e-15
2.261491377e-15
2.245688344e-15
2.264586901e-15
2.299096073e-15
2.333748166e-15
2.357033938e-15
2.359308194e-15
2.332934318e-15
2.272213548e-15
2.173212776e-15
2.033666045e-15
1.852921017e-15
1.632312595e-15
1.375531321e-15
1.090014553e-15
7.893523102e-16
5.017509023e-16
2.753941085e-16
1.396340419e-16
7.605517641e-17
5.224637648e-17
4.566856984e-17
4.45506027e-17
1.688248647e-12
1.241648137e-12
8.872948313e-13
6.176760118e-13
4.202437462e-13
2.807642286e-13
1.855333334e-13
1.226937107e-13
8.27443626e-14
5.845324481e-14
4.457786941e-14
3.752228785e-14
3.506141301e-14
3.619411591e-14
4.117893805e-14
5.062347573e-14
6.879568859e-14
1.036384282e-13
1.661401738e-13
2.528696156e-13
3.31229598e-13
3.70349094e-13
3.684023196e-13
3.380236487e-13
2.91494847e-13
2.373441929e-13
1.81220191e-13
1.272097039e-13
7.86611172e-14
3.916542556e-14
1.573728909e-14
7.292090707e-15
4.541437455e-15
3.397709982e-15
2.791228726e-15
2.425553192e-15
2.197630251e-15
2.059696896e-15
1.982926019e-15
1.945088329e-15
1.929304081e-15
1.923061783e-15
1.915962871e-15
1.899414827e-15
1.866469528e-15
1.811710722e-15
1.731158132e-15
1.622222185e-15
1.483781609e-15
1.316346733e-15
1.122597491e-15
9.081178051e-16
6.822544743e-16
4.619467367e-16
2.73707629e-16
1.430753013e-16
7.300229427e-17
4.43494613e-17
3.609468943e-17
3.466858014e-17
8.29373454e-13
6.251581085e-13
4.584800311e-13
3.279895959e-13
2.296775525e-13
1.582983999e-13
1.082869648e-13
7.452291732e-14
5.268859566e-14
3.933068603e-14
3.184368075e-14
2.839058597e-14
2.785152037e-14
2.984315971e-14
3.487051534e-14
4.288005818e-14
5.750361695e-14
8.460811649e-14
1.328753422e-13
2.047252579e-13
2.798398897e-13
3.280291836e-13
3.396067534e-13
3.223039361e-13
2.869135648e-13
2.417582037e-13
1.924815964e-13
1.431154275e-13
9.672968482e-14
5.626603264e-14
2.607681534e-14
1.084923588e-14
5.708177494e-15
3.856304109e-15
2.984705141e-15
2.48129015e-15
2.160259153e-15
1.948624942e-15
1.808041472e-15
1.714302665e-15
1.651083611e-15
1.606031572e-15
1.569280329e-15
1.532829332e-15
1.490217145e-15
1.4363106e-15
1.36718012e-15
1.280077567e-15
1.173503412e-15
1.047318958e-15
9.030631805e-16
7.443814814e-16
5.775041467e-16
4.125907861e-16
2.646275675e-16
1.494355856e-16
7.595762614e-17
4.039279874e-17
2.885156776e-17
2.668989489e-17
4.042001299e-13
3.116727169e-13
2.342269859e-13
1.720182566e-13
1.239286669e-13
8.816182323e-14
6.255026975e-14
4.496508316e-14
3.350407265e-14
2.656787446e-14
2.290523793e-14
2.161502441e-14
2.217116509e-14
2.448713187e-14
2.906047389e-14
3.622510818e-14
4.832424224e-14
6.981672612e-14
1.072595153e-13
1.654350398e-13
2.337028202e-13
2.863680241e-13
3.085648487e-13
3.028757685e-13
2.779749054e-13
2.416479435e-13
1.994679198e-13
1.553762287e-13
1.123132553e-13
7.284854021e-14
3.979210708e-14
1.770932193e-14
8.051681211e-15
4.735224425e-15
3.384482012e-15
2.675213798e-15
2.235313152e-15
1.939201218e-15
1.731052354e-15
1.581006815e-15
1.470482663e-15
1.386436356e-15
1.319005842e-15
1.26039914e-15
1.20436403e-15
1.145906618e-15
1.08111943e-15
1.007120512e-15
9.220799978e-16
8.252865975e-16
7.173588416e-16
6.003964599e-16
4.781212597e-16
3.564246909e-16
2.437261563e-16
1.495218723e-16
8.099668914e-17
4.058852463e-17
2.425554065e-17
2.053326167e-17
1.961836416e-13
1.544792141e-13
1.188185036e-13
8.950916295e-14
6.637422186e-14
4.882408199e-14
3.605520582e-14
2.721956075e-14
2.150754208e-14
1.820243726e-14
1.672720913e-14
1.666569993e-14
1.780890706e-14
2.023356557e-14
2.441063132e-14
3.073882718e-14
4.087858187e-14
5.820317516e-14
8.751583719e-14
1.340879525e-13
1.936463629e-13
2.468779948e-13
2.76666464e-13
2.80862374e-13
2.655617188e-13
2.376765903e-13
2.025662597e-13
1.640584421e-13
1.250435701e-13
8.782764371e-14
5.46826005e-14
2.818522591e-14
1.25062167e-14
6.392048583e-15
4.122692541e-15
3.069386187e-15
2.460998459e-15
2.05847171e-15
1.77205714e-15
1.559898474e-15
1.398364042e-15
1.272229417e-15
1.170763998e-15
1.085901409e-15
1.011336267e-15
9.420499801e-16
8.740667119e-16
8.04351969e-16
7.307890261e-16
6.522189706e-16
5.684903563e-16
4.804153702e-16
3.89851415e-16
2.999373269e-16
2.152370364e-16
1.412249488e-16
8.290528999e-17
4.324477796e-17
2.267854901e-17
1.618996624e-17
9.508069995e-14
7.63873753e-14
6.009397784e-14
4.64595557e-14
3.551859482e-14
2.711060567e-14
2.095457433e-14
1.672945218e-14
1.410559408e-14
1.277912519e-14
1.249827963e-14
1.309433581e-14
1.452766671e-14
1.696777294e-14
2.067351302e-14
2.620449022e-14
3.473330156e-14
4.878595701e-14
7.207346665e-14
1.092149447e-13
1.597318672e-13
2.1063142e-13
2.451226525e-13
2.573178767e-13
2.505355452e-13
2.305140996e-13
2.022326761e-13
1.693929761e-13
1.347710831e-13
1.005179327e-13
6.856528949e-14
4.096078158e-14
2.04724846e-14
9.645587677e-15
5.497222742e-15
3.797741732e-15
2.915006207e-15
2.359350243e-15
1.96954543e-15
1.679639195e-15
1.456289982e-15
1.279769979e-15
1.137124467e-15
1.019139602e-15
9.189227429e-16
8.311309796e-16
7.515466215e-16
6.768864693e-16
6.047337382e-16
5.334995211e-16
4.623469476e-16
3.911207335e-16
3.203622782e-16
2.514170773e-16
1.865355723e-16
1.2866631e-16
8.086266025e-17
4.550904024e-17
2.356683967e-17
1.376872971e-17
4.613149935e-14
3.775323399e-14
3.02981747e-14
2.410068264e-14
1.909782303e-14
1.523149604e-14
1.242769605e-14
1.058168494e-14
9.576221814e-15
9.271745156e-15
9.594057547e-15
1.049081917e-14
1.199898911e-14
1.429506749e-14
1.759414357e-14
2.242370241e-14
2.964402294e-14
4.117926711e-14
5.989881653e-14
8.954505696e-14
1.31626565e-13
1.782860564e-13
2.149120222e-13
2.331720818e-13
2.33694763e-13
2.208215532e-13
1.989926591e-13
1.717188195e-13
1.416331643e-13
1.108146941e-13
8.095991656e-14
5.376171256e-14
3.114622953e-14
1.569911461e-14
8.18446044e-15
5.159386721e-15
3.753813189e-15
2.940605846e-15
2.392375663e-15
1.990398902e-15
1.681597326e-15
1.437314745e-15
1.239808317e-15
1.07713423e-15
9.407716266e-16
8.243585647e-16
7.230196175e-16
6.329977928e-16
5.514511139e-16
4.763039216e-16
4.061203808e-16
3.400415616e-16
2.77708702e-16
2.19325078e-16
1.65711518e-16
1.181614166e-16
7.818111169e-17
4.710701071e-17
2.555988728e-17
1.308574356e-17
2.233911801e-14
1.862642257e-14
1.532721644e-14
1.256654497e-14
1.042987728e-14
8.78985212e-15
7.650940003e-15
6.992851487e-15
6.782547582e-15
6.982744114e-15
7.584099049e-15
8.591308422e-15
1.007593579e-14
1.214076537e-14
1.504817266e-14
1.924062806e-14
2.541516628e-14
3.499364287e-14
5.020181507e-14
7.396439168e-14
1.086145192e-13
1.500708183e-13
1.867326479e-13
2.092035505e-13
2.157584368e-13
2.092221784e-13
1.933544394e-13
1.713944738e-13
1.458471497e-13
1.18685318e-13
9.149363553e-14
6.57120564e-14
4.28755229e-14
2.474152013e-14
1.325163487e-14
7.763610105e-15
5.299186445e-15
3.990696384e-15
3.161877215e-15
2.576260108e-15
2.134952352e-15
1.789428635e-15
1.511848592e-15
1.284517882e-15
1.095410938e-15
9.359362369e-16
7.99726623e-16
6.819659475e-16
5.789932455e-16
4.88033488e-16
4.070198325e-16
3.344894516e-16
2.695172306e-16
2.115929459e-16
1.60540872e-16
1.164835288e-16
7.972449228e-17
5.05451876e-17
2.885378581e-17
1.410279373e-17
1.094939929e-14
9.347204747e-15
7.948611318e-15
6.833514636e-15
5.955094964e-15
5.330947704e-15
4.970510011e-15
4.876041396e-15
5.045984267e-15
5.478781615e-15
6.181379184e-15
7.187540301e-15
8.548131419e-15
1.038933726e-14
1.294002017e-14
1.657296515e-14
2.18648716e-14
2.98642694e-14
4.229505656e-14
6.150563889e-14
8.988593885e-14
1.259011427e-13
1.610507217e-13
1.86043074e-13
1.973524271e-13
1.962871633e-13
1.85818814e-13
1.688420821e-13
1.477081385e-13
1.24263128e-13
1.000279507e-13
7.629265234e-14
5.434644655e-14
3.559404286e-14
2.139072546e-14
1.26243834e-14
8.159675043e-15
5.844521607e-15
4.477143098e-15
3.56934642e-15
2.911363729e-15
2.406701532e-15
2.006340835e-15
1.681349777e-15
1.413063263e-15
1.188660819e-15
9.989323891e-16
8.370485958e-16
6.978529012e-16
5.774363022e-16
4.728733175e-16
3.820884753e-16
3.034966789e-16
2.359283931e-16
1.784616346e-16
1.303602045e-16
9.099301956e-17
5.96936653e-17
3.554753235e-17
1.765646218e-17
5.497685048e-15
4.852738487e-15
4.33063531e-15
3.909282657e-15
3.611365206e-15
3.453674283e-15
3.448999904e-15
3.607231993e-15
3.937869319e-15
4.450901842e-15
5.161715676e-15
6.101148004e-15
7.32960692e-15
8.962053061e-15
1.119637254e-14
1.43474684e-14
1.889535384e-14
2.562014903e-14
3.586453072e-14
5.151203099e-14
7.471640656e-14
1.054810986e-13
1.380782498e-13
1.641416318e-13
1.789820077e-13
1.825106536e-13
1.768415975e-13
1.644573046e-13
1.475185668e-13
1.277682071e-13
1.066488661e-13
8.537832001e-14
6.503764718e-14
4.668650427e-14
3.147712149e-14
2.028614089e-14
1.315069578e-14
9.052843398e-15
6.673889423e-15
5.177691614e-15
4.150975227e-15
3.391367252e-15
2.800256281e-15
2.326420525e-15
1.938935486e-15
1.617249554e-15
1.347415396e-15
1.119053416e-15
9.243185616e-16
7.575595387e-16
6.145604976e-16
4.921534993e-16
3.879094968e-16
2.999075949e-16
2.265275019e-16
1.662712451e-16
1.17668975e-16
7.916085986e-17
4.89093857e-17
2.553426771e-17
2.92171672e-15
2.697295609e-15
2.5209309e-15
2.406491889e-15
2.367439825e-15
2.416392449e-15
2.564885195e-15
2.824679369e-15
3.20755205e-15
3.726044988e-15
4.39798902e-15
5.254272815e-15
6.351961041e-15
7.793055046e-15
9.74741424e-15
1.248050295e-14
1.639177603e-14
2.207591962e-14
3.057881261e-14
4.340666566e-14
6.240894382e-14
8.839631365e-14
1.178698632e-13
1.438379984e-13
1.610753914e-13
1.683224589e-13
1.668289789e-13
1.586118315e-13
1.456077055e-13
1.294495852e-13
1.114887305e-13
9.286665663e-14
7.452686952e-14
5.733821524e-14
4.215418492e-14
2.977127737e-14
2.056341508e-14
1.430258971e-14
1.031301959e-14
7.779097756e-15
6.094463624e-15
4.901089666e-15
4.002471062e-15
3.296146792e-15
2.727786967e-15
2.262305519e-15
1.875253341e-15
1.55003947e-15
1.274767095e-15
1.040745264e-15
8.415278791e-16
6.722573453e-16
5.29181608e-16
4.092844528e-16
3.100451994e-16
2.291864266e-16
1.643850105e-16
1.131058012e-16
7.239677328e-17
4.017238147e-17
1.669356869e-15
1.617611693e-15
1.59747986e-15
1.619060252e-15
1.692445734e-15
1.827580402e-15
2.03509957e-15
2.325875995e-15
2.71089128e-15
3.202671385e-15
3.818674576e-15
4.587941689e-15
5.562028281e-15
6.83001393e-15
8.536779029e-15
1.090517296e-14
1.426608969e-14
1.910426177e-14
2.621186714e-14
3.678768613e-14
5.240951885e-14
7.420603468e-14
1.003234155e-13
1.253090591e-13
1.43943036e-13
1.540768433e-13
1.561354854e-13
1.516371827e-13
1.422619718e-13
1.295098561e-13
1.146360886e-13
9.868550308e-14
8.252919633e-14
6.691986994e-14
5.25309487e-14
3.994581916e-14
2.95985183e-14
2.166073201e-14
1.59142291e-14
1.190256108e-14
9.135312784e-15
7.189912197e-15
5.768954114e-15
4.690428574e-15
3.844437921e-15
3.163378447e-15
2.605787233e-15
2.143509892e-15
1.756638489e-15
1.430820257e-15
1.155564907e-15
9.230964777e-16
7.275323123e-16
5.6426531e-16
4.294776217e-16
3.198752993e-16
2.322607904e-16
1.630080643e-16
1.078283764e-16
6.346242063e-17
1.051712544e-15
1.073053038e-15
1.119515102e-15
1.198129902e-15
1.316489294e-15
1.483067042e-15
1.706808718e-15
1.996863123e-15
2.362831916e-15
2.81602462e-15
3.372400045e-15
4.058330741e-15
4.919673709e-15
6.033852223e-15
7.524472377e-15
9.579142012e-15
1.247344703e-14
1.660660141e-14
2.258193751e-14
3.135649634e-14
4.425096987e-14
6.246701137e-14
8.526097797e-14
1.086521596e-13
1.278246232e-13
1.400612397e-13
1.450553843e-13
1.43813945e-13
1.377280009e-13
1.281366206e-13
1.161893354e-13
1.028449996e-13
8.891652714e-14
7.50789599e-14
6.190188055e-14
4.985207723e-14
3.92804048e-14
3.040311817e-14
2.328537877e-14
1.779861048e-14
1.366854432e-14
1.059958818e-14
8.308897043e-15
6.62451072e-15
5.345580171e-15
4.342929938e-15
3.54121678e-15
2.890411218e-15
2.355519991e-15
1.911599423e-15
1.540744032e-15
1.230035544e-15
9.700589721e-16
7.537907448e-16
5.757156915e-16
4.311112431e-16
3.156812185e-16
2.247954921e-16
1.52711812e-16
9.43210273e-17
7.432545855e-16
7.948824157e-16
8.680643781e-16
9.682941119e-16
1.101873486e-15
1.275729823e-15
1.497077271e-15
1.773396764e-15
2.112737997e-15
2.524831413e-15
3.023827434e-15
3.633313661e-15
4.393827072e-15
5.372569351e-15
6.675080264e-15
8.459525969e-15
1.095576932e-14
1.449312978e-14
1.954616944e-14
2.686969037e-14
3.755267109e-14
5.276098078e-14
7.243328135e-14
9.385783013e-14
1.128747771e-13
1.265025553e-13
1.338336581e-13
1.353762717e-13
1.322110526e-13
1.254941781e-13
1.162639431e-13
1.054025536e-13
9.36544595e-14
8.164181895e-14
6.987059943e-14
5.874282545e-14
4.855685544e-14
3.950633391e-14
3.168274188e-14
2.509112321e-14
1.966749068e-14
1.530793215e-14
1.187782952e-14
9.223703064e-15
7.269845164e-15
5.78553599e-15
4.638416722e-15
3.737141506e-15
3.016818653e-15
2.432081756e-15
1.951529118e-15
1.553479171e-15
1.222921776e-15
9.49339767e-16
7.250485388e-16
5.438071447e-16
3.99856092e-16
2.872257085e-16
1.98609333e-16
1.267312126e-16
5.885674979e-16
6.518480007e-16
7.346812308e-16
8.416084899e-16
9.778333575e-16
1.148848544e-15
1.360439105e-15
1.618598163e-15
1.929833047e-15
2.302325279e-15
2.74848706e-15
3.289318432e-15
3.960599556e-15
4.820685525e-15
5.959813273e-15
7.511529977e-15
9.667824012e-15
1.270073277e-14
1.699756115e-14
2.314650711e-14
3.203907909e-14
4.473613367e-14
6.157548621e-14
8.084486184e-14
9.916217292e-14
1.135465504e-13
1.226443607e-13
1.26505394e-13
1.258878705e-13
1.217472788e-13
1.150003881e-13
1.06449975e-13
9.67765313e-14
8.655296365e-14
7.624242896e-14
6.620691914e-14
5.671318983e-14
4.793673793e-14
3.99696291e-14
3.28384389e-14
2.653350117e-14
2.104353703e-14
1.638063176e-14
1.256023394e-14
9.625073342e-15
7.43787666e-15
5.810422001e-15
4.586841026e-15
3.646217976e-15
2.905877874e-15
2.311343511e-15
1.82724188e-15
1.4304023e-15
1.10525253e-15
8.409518747e-16
6.292927209e-16
4.625696675e-16
3.330210429e-16
2.320224726e-16
1.50427478e-16
5.130233464e-16
5.804832151e-16
6.661398427e-16
7.737851306e-16
9.075914772e-16
1.071986545e-15
1.271502952e-15
1.510767801e-15
1.794909043e-15
2.130755203e-15
2.529205712e-15
3.008977885e-15
3.601686354e-15
4.358083146e-15
5.355475894e-15
6.706880089e-15
8.573057221e-15
1.117955747e-14
1.484441936e-14
2.003059243e-14
2.746245525e-14
3.806953042e-14
5.239696931e-14
6.947951799e-14
8.67087578e-14
1.01303326e-13
1.11636443e-13
1.173635862e-13
1.18920089e-13
1.170489166e-13
1.125348079e-13
1.060955731e-13
9.835160001e-14
8.982391711e-14
8.094193865e-14
7.203862215e-14
6.335926239e-14
5.506770403e-14
4.725529367e-14
3.995711309e-14
3.317910314e-14
2.69323732e-14
2.127295337e-14
1.632548968e-14
1.225645028e-14
9.180528444e-15
6.903743891e-15
5.297610299e-15
4.116136676e-15
3.221981083e-15
2.527544856e-15
1.976560393e-15
1.533190271e-15
1.174877748e-15
8.868296483e-16
6.582213854e-16
4.797115471e-16
3.425949741e-16
2.374479107e-16
1.535244614e-16
4.811046444e-16
5.499497795e-16
6.358510313e-16
7.419616129e-16
8.716536541e-16
1.028370111e-15
1.215513011e-15
1.436519647e-15
1.695366355e-15
1.997783159e-15
2.353412736e-15
2.778997077e-15
3.302517209e-15
3.968173225e-15
4.84228908e-15
6.020622376e-15
7.637926355e-15
9.881366897e-15
1.301217885e-14
1.740772406e-14
2.364489775e-14
3.251700685e-14
4.464740218e-14
5.959997482e-14
7.547097366e-14
8.982445468e-14
1.009167868e-13
1.08079654e-13
1.114430889e-13
1.115320353e-13
1.089905561e-13
1.044457669e-13
9.845575049e-14
9.149510197e-14
8.39547964e-14
7.61445867e-14
6.829288694e-14
6.055548115e-14
5.30250923e-14
4.574596262e-14
3.87358101e-14
3.201722893e-14
2.565716675e-14
1.981030491e-14
1.473319519e-14
1.068831163e-14
7.753852171e-15
5.724333819e-15
4.311983561e-15
3.297175893e-15
2.537569497e-15
1.950221762e-15
1.487716563e-15
1.121202424e-15
8.317307639e-16
6.056211101e-16
4.319683029e-16
3.016223851e-16
2.044530921e-16
1.289529518e-16
4.756952659e-16
5.449985433e-16
6.303459719e-16
7.343010329e-16
8.594799518e-16
1.008422021e-15
1.183537955e-15
1.387278621e-15
1.622717568e-15
1.894742195e-15
2.211981648e-15
2.58948702e-15
3.052084573e-15
3.63834295e-15
4.405274506e-15
5.434173391e-15
6.838218609e-15
8.773091828e-15
1.145406783e-14
1.51892949e-14
2.044052495e-14
2.786965088e-14
3.809996265e-14
5.104647515e-14
6.540944892e-14
7.916752582e-14
9.058852328e-14
9.877234538e-14
1.035775265e-13
1.053137083e-13
1.044777617e-13
1.015998718e-13
9.717233755e-14
9.162264601e-14
8.530594718e-14
7.850657078e-14
7.143910184e-14
6.425364077e-14
5.704597036e-14
4.987089442e-14
4.276117259e-14
3.575340117e-14
2.892451142e-14
2.243978414e-14
1.65952659e-14
1.177244518e-14
8.181142758e-15
5.790745502e-15
4.208297564e-15
3.118129226e-15
2.330202432e-15
1.739849677e-15
1.287887715e-15
9.394533163e-16
6.720452886e-16
4.694767277e-16
3.197847894e-16
2.130985965e-16
1.382290895e-16
8.431421242e-17
4.884025458e-16
5.580068173e-16
6.426461634e-16
7.443046301e-16
8.648860579e-16
1.006122411e-15
1.169591991e-15
1.356972635e-15
1.570671721e-15
1.814955763e-15
2.097639556e-15
2.432313091e-15
2.841039531e-15
3.357505297e-15
4.030754276e-15
4.929831034e-15
6.149799245e-15
7.820116845e-15
1.011809161e-14
1.329507172e-14
1.772537785e-14
2.395185019e-14
3.255492943e-14
4.366624665e-14
5.646919196e-14
6.936481827e-14
8.073792511e-14
8.955238195e-14
9.544221949e-14
9.851363639e-14
9.911367918e-14
9.767027983e-14
9.460618184e-14
9.030017878e-14
8.507276601e-14
7.918310196e-14
7.283239054e-14
6.616677507e-14
5.928611231e-14
5.225641357e-14
4.512651793e-14
3.79512012e-14
3.082356907e-14
2.392223936e-14
1.756401674e-14
1.219885062e-14
8.193495353e-15
5.54102471e-15
3.848999136e-15
2.7341175e-15
1.95890395e-15
1.398165606e-15
9.83462978e-16
6.763703928e-16
4.518079701e-16
2.928518499e-16
1.859597323e-16
1.170385099e-16
7.251426106e-17
4.349028643e-17
5.152919361e-16
5.851753218e-16
6.690072804e-16
7.682089128e-16
8.840318478e-16
1.017516295e-15
1.169580137e-15
1.341336157e-15
1.534735806e-15
1.753609393e-15
2.005118793e-15
2.301586832e-15
2.662656028e-15
3.117785459e-15
3.709210348e-15
4.495634764e-15
5.556975669e-15
7.00097593e-15
8.973841054e-15
1.168093808e-14
1.542591694e-14
2.065100329e-14
2.787232549e-14
3.734259176e-14
4.860236739e-14
6.044712963e-14
7.145360294e-14
8.053948173e-14
8.716976197e-14
9.126875802e-14
9.303684704e-14
9.279679643e-14
9.089873789e-14
8.767134729e-14
8.340063743e-14
7.832317559e-14
7.262650557e-14
6.645447731e-14
5.991222479e-14
5.307764217e-14
4.601632159e-14
3.880197936e-14
3.154544282e-14
2.443797137e-14
1.780861794e-14
1.214219699e-14
7.890581675e-15
5.102306246e-15
3.379282377e-15
2.28492359e-15
1.5497627e-15
1.035983698e-15
6.727720892e-16
4.200431456e-16
2.536445223e-16
1.514967005e-16
9.080312137e-17
5.493775068e-17
3.314222283e-17
2.057132028e-17
5.542032241e-16
6.241496833e-16
7.068421683e-16
8.031738389e-16
9.13825301e-16
1.039276127e-15
1.17995322e-15
1.336587919e-15
1.510843993e-15
1.706248907e-15
1.929420893e-15
2.191555434e-15
2.510142261e-15
2.910938977e-15
3.430319306e-15
4.118175089e-15
5.041677256e-15
6.290501418e-15
7.985297724e-15
1.029413257e-14
1.346358622e-14
1.785518666e-14
2.391345827e-14
3.194056932e-14
4.172672643e-14
5.241312312e-14
6.280543129e-14
7.185040695e-14
7.890556531e-14
8.374054071e-14
8.641947292e-14
8.716108786e-14
8.624163857e-14
8.393892867e-14
8.050481838e-14
7.615433891e-14
7.106366654e-14
6.53733453e-14
5.919399808e-14
5.261433425e-14
4.571447444e-14
3.858399114e-14
3.134857982e-14
2.421073177e-14
1.750737561e-14
1.173602631e-14
7.394262306e-15
4.574949408e-15
2.879814374e-15
1.839977644e-15
1.164664908e-15
7.115341685e-16
4.104254029e-16
2.258781802e-16
1.243751787e-16
7.021963853e-17
4.049995139e-17
2.387985985e-17
1.428620861e-17
9.421374317e-18
6.039133967e-16
6.734268892e-16
7.543716827e-16
8.471721168e-16
9.520387946e-16
1.069029119e-15
1.198239819e-15
1.340180395e-15
1.496362066e-15
1.670111222e-15
1.867589411e-15
2.098989664e-15
2.379895956e-15
2.73284026e-15
3.189157704e-15
3.791274808e-15
4.595683616e-15
5.677095243e-15
7.135222058e-15
9.107858316e-15
1.179585873e-14
1.549432188e-14
2.057917226e-14
2.735783847e-14
3.578573282e-14
4.52828295e-14
5.488790375e-14
6.363157056e-14
7.082295116e-14
7.612167791e-14
7.946866612e-14
8.098310395e-14
8.086859368e-14
7.935228145e-14
7.665228599e-14
7.296273897e-14
6.844898991e-14
6.32484874e-14
5.747588274e-14
5.122907661e-14
4.46000787e-14
3.769056718e-14
3.06349588e-14
2.363672556e-14
1.702248563e-14
1.127343118e-14
6.905632901e-15
4.08388214e-15
2.43390404e-15
1.457579819e-15
8.46155426e-16
4.547767951e-16
2.250300227e-16
1.107249642e-16
5.731565486e-17
3.11061686e-17
1.739372367e-17
1.004774927e-17
6.028519286e-18
4.228595919e-18
6.627048318e-16
7.309538427e-16
8.092358697e-16
8.975832512e-16
9.958449461e-16
1.103786328e-15
1.221308143e-15
1.348814854e-15
1.487747958e-15
1.641280239e-15
1.815150938e-15
2.018619665e-15
2.265536897e-15
2.57557114e-15
2.975660522e-15
3.501821573e-15
4.20150077e-15
5.136894946e-15
6.390421596e-15
8.07544865e-15
1.035632569e-14
1.347376074e-14
1.774313382e-14
2.345694179e-14
3.066858103e-14
3.900714048e-14
4.772888573e-14
5.598322311e-14
6.307976851e-14
6.860459045e-14
7.240383264e-14
7.450454805e-14
7.503979153e-14
7.418750169e-14
7.213253617e-14
6.904811201e-14
6.508815822e-14
6.038606002e-14
5.505756764e-14
4.920637881e-14
4.293178054e-14
3.634183631e-14
2.957316634e-14
2.282317975e-14
1.640146028e-14
1.076534148e-14
6.428342926e-15
3.630233571e-15
2.039262392e-15
1.133964253e-15
5.857348622e-16
2.662793907e-16
1.143848019e-16
5.21364425e-17
2.580006485e-17
1.352793631e-17
7.345207942e-18
4.165699288e-18
2.525365869e-18
1.870031055e-18
7.288732734e-16
7.94817358e-16
8.693709324e-16
9.522684068e-16
1.043113154e-15
1.141505057e-15
1.247269872e-15
1.360806735e-15
1.483557544e-15
1.618588347e-15
1.771264918e-15
1.950008937e-15
2.167140246e-15
2.439843726e-15
2.791314202e-15
3.252194508e-15
3.8624578e-15
4.674093199e-15
5.755693399e-15
7.20118903e-15
9.14530293e-15
1.178421959e-14
1.537904358e-14
2.019209799e-14
2.633074541e-14
3.35813261e-14
4.139060126e-14
4.903815549e-14
5.586565623e-14
6.142120003e-14
6.548071774e-14
6.799704127e-14
6.904039595e-14
6.87419504e-14
6.725401215e-14
6.472861113e-14
6.130719264e-14
5.711719896e-14
5.227287974e-14
4.687967984e-14
4.103961102e-14
3.486166417e-14
2.847804425e-14
2.207111503e-14
1.591796122e-14
1.042799173e-14
6.100296666e-15
3.273780958e-15
1.71206406e-15
8.623668197e-16
3.81616472e-16
1.467437037e-16
5.684368656e-17
2.443068322e-17
1.157528784e-17
5.854350948e-18
3.081530129e-18
1.716093026e-18
1.054949573e-18
8.16423029e-19
7.98170277e-16
8.606822312e-16
9.304223656e-16
1.006918982e-15
1.089628163e-15
1.178076052e-15
1.272084387e-15
1.372086422e-15
1.479530663e-15
1.597361319e-15
1.730561647e-15
1.886753262e-15
2.076864348e-15
2.315888614e-15
2.623802913e-15
3.026718305e-15
3.558399939e-15
4.262541857e-15
5.196633464e-15
6.438894127e-15
8.10080559e-15
1.034407371e-14
1.338675345e-14
1.746242562e-14
2.270449686e-14
2.900088219e-14
3.59438274e-14
4.293850594e-14
4.938745028e-14
5.483323142e-14
5.900519159e-14
6.179929756e-14
6.322795448e-14
6.338014837e-14
6.237730992e-14
6.035022209e-14
5.742659537e-14
5.372571769e-14
4.935755511e-14
4.442527492e-14
3.902933106e-14
3.327520679e-14
2.728680093e-14
2.122894827e-14
1.535076796e-14
1.002913343e-14
5.757403286e-15
2.94246844e-15
1.410107605e-15
6.179531001e-16
2.301343973e-16
7.792627857e-17
2.804170078e-17
1.142013026e-17
5.170442932e-18
2.516744289e-18
1.283134809e-18
7.023857668e-19
4.388646035e-19
3.520653075e-19
8.576103873e-16
9.162367927e-16
9.80973661e-16
1.051252737e-15
1.126488744e-15
1.206227316e-15
1.290361124e-15
1.379415225e-15
1.474894888e-15
1.579688728e-15
1.698520386e-15
1.838441803e-15
2.009383073e-15
2.224781836e-15
2.502353985e-15
2.865065029e-15
3.34245864e-15
3.972646645e-15
4.805459407e-15
5.908210182e-15
7.375855393e-15
9.344890349e-15
1.199997258e-14
1.554585682e-14
2.01199544e-14
2.567344819e-14
3.190722428e-14
3.832954629e-14
4.440213576e-14
4.967548949e-14
5.385512592e-14
5.679654099e-14
5.84784512e-14
5.895499915e-14
5.832082254e-14
5.668750252e-14
5.416979713e-14
5.087882062e-14
4.691975811e-14
4.23927932e-14
3.739627165e-14
3.203211521e-14
2.641666401e-14
2.0699689e-14
1.509628387e-14
9.928089823e-15
5.619139469e-15
2.630666903e-15
1.074462576e-15
4.019066277e-16
1.31632817e-16
4.102837572e-17
1.390593841e-17
5.360018698e-18
2.308204396e-18
1.076589983e-18
5.308025019e-19
2.858819061e-19
1.816999348e-19
1.501161238e-19
)
;

boundaryField
{
    inletCH4
    {
        type            fixedValue;
        value           uniform 0;
    }
    wallOutside
    {
        type            zeroGradient;
    }
    wallTube
    {
        type            zeroGradient;
    }
    inletPilot
    {
        type            fixedValue;
        value           uniform 0;
    }
    inletAir
    {
        type            fixedValue;
        value           uniform 0;
    }
    outlet
    {
        type            zeroGradient;
    }
    axis
    {
        type            empty;
    }
    frontAndBack_pos
    {
        type            wedge;
    }
    frontAndBack_neg
    {
        type            wedge;
    }
}


// ************************************************************************* //
