/*--------------------------------*- C++ -*----------------------------------*\
  =========                 |
  \\      /  F ield         | OpenFOAM: The Open Source CFD Toolbox
   \\    /   O peration     | Website:  https://openfoam.org
    \\  /    A nd           | Version:  10
     \\/     M anipulation  |
\*---------------------------------------------------------------------------*/
FoamFile
{
    format      ascii;
    class       volScalarField;
    location    "3000";
    object      H2O;
}
// * * * * * * * * * * * * * * * * * * * * * * * * * * * * * * * * * * * * * //

dimensions      [0 0 0 0 0 0 0];

internalField   nonuniform List<scalar> 
5170
(
9.175630991e-52
9.352500237e-52
1.025405122e-51
1.463790464e-51
3.866269807e-51
2.814071592e-51
2.897325425e-51
3.301548162e-51
5.171222921e-51
1.102530365e-50
5.86616832e-51
6.119844343e-51
7.264744646e-51
1.195879585e-50
2.104001498e-50
3.463971428e-50
3.018227019e-50
2.555921072e-50
3.637588065e-50
9.200513917e-50
8.794222423e-48
7.031300978e-48
4.744731817e-48
7.515721064e-48
3.913345421e-47
3.203144922e-45
2.614027183e-45
1.930834945e-45
4.192799827e-45
2.483255787e-44
1.194554089e-42
1.004312937e-42
8.472671194e-43
2.391343923e-42
1.522872876e-41
4.546532201e-40
3.982246026e-40
4.003309324e-40
1.381371908e-39
9.125741184e-39
1.770803001e-37
1.648418088e-37
1.989465966e-37
8.062479722e-37
5.374429743e-36
7.069627864e-35
7.118124923e-35
1.028155856e-34
4.763073466e-34
3.123440424e-33
2.88690354e-32
3.195051643e-32
5.49260384e-32
2.843235138e-31
1.796845762e-30
1.200589646e-29
1.485911188e-29
3.035353695e-29
1.712538552e-28
1.025746342e-27
5.06506821e-27
7.114192674e-27
1.740548683e-26
1.047512144e-25
5.821391176e-25
2.150878404e-24
3.47576566e-24
1.025953504e-23
6.513233826e-23
3.290948402e-22
9.153354161e-22
1.718463637e-21
6.128888708e-21
4.098775142e-20
1.856023807e-19
3.842351605e-19
8.463383341e-19
3.636477115e-18
2.526637719e-17
1.045569439e-16
1.583213873e-16
4.141879222e-16
2.089011596e-15
1.510176315e-14
5.89732591e-14
6.261830573e-14
1.976638225e-13
1.161695131e-12
8.588292897e-12
3.327615294e-11
2.277401291e-11
9.00479153e-11
6.076720208e-10
4.55050614e-09
1.884810832e-08
7.098224852e-09
3.969156576e-08
3.094790416e-07
2.20652541e-06
1.08428969e-05
0.09506547691
0.09497106061
0.09493597699
0.09499570301
0.09507280665
0.09555302271
0.09543137435
0.09539602764
0.09546339349
0.09557804768
0.09584367423
0.09572429024
0.09569369392
0.0957584221
0.09587899166
0.0960341207
0.09592448553
0.09590028806
0.09596494423
0.09607837051
0.09616638202
0.09606895841
0.09604979081
0.09611495385
0.09621959637
0.09626142088
0.09617763827
0.09616271232
0.09622666504
0.09631999726
0.0963325846
0.09626211733
0.09625122326
0.09631154962
0.09639195787
0.09638732732
0.09632877028
0.09632145783
0.09637624191
0.0964438459
0.09643010937
0.09638182117
0.09637755866
0.09642570913
0.09648160714
0.09646404505
0.09642445322
0.09642251148
0.09646386615
0.0965096069
0.09649126629
0.09645889223
0.09645860431
0.09649363051
0.09653093235
0.09651341309
0.09648689651
0.09648768915
0.09651715376
0.09654771748
0.09653171104
0.09650985308
0.09651131499
0.09653607696
0.09656140199
0.09654711125
0.09652891437
0.09653073993
0.0965516412
0.09657297311
0.09656032107
0.09654495289
0.09654695758
0.09656477421
0.09658311715
0.09657190869
0.09655869902
0.09656074027
0.09657617694
0.09659236394
0.09658226963
0.09657073589
0.09657279859
0.09658641813
0.09660109075
0.09659172873
0.09658159121
0.09658375784
0.09659597338
0.0966095025
0.09661094866
0.09659434173
0.0965938893
0.09660259525
0.09661173921
0.09730024664
0.09677319452
0.09656328975
0.09641082953
0.09614623379
2.662952447e-07
2.061259094e-06
3.1699357e-05
0.0004766874647
0.006391363252
1.456756898e-06
9.796773375e-06
0.0001191857515
0.001262814008
0.009628828164
4.822550394e-06
2.875463086e-05
0.0002877254722
0.00231709033
0.01189969316
1.285073901e-05
6.938641069e-05
0.0005845867071
0.00367134639
0.01381471849
2.961091406e-05
0.0001458335578
0.001037334396
0.005187249646
0.01556090517
6.227025831e-05
0.0002793019542
0.001686472128
0.006885773005
0.01737331257
0.0001265366907
0.0005217529163
0.00266203197
0.008848064242
0.0192750656
0.0002498059736
0.0009482361907
0.003992841239
0.01091125262
0.02115856807
0.0004746383277
0.00162690039
0.005585495911
0.01290563798
0.0229052506
0.0008596749665
0.002596351118
0.007332038402
0.01481663595
0.02453377167
0.001509865561
0.003855943596
0.009116981219
0.01664137422
0.0260601786
0.002471911693
0.005317731223
0.01089216474
0.0183934104
0.02751016194
0.003792117815
0.00697501371
0.01270087618
0.02011502476
0.02892019187
0.005556336454
0.008881850723
0.01461761012
0.02187359739
0.03034757131
0.0078889347
0.01113402903
0.0167277433
0.02373955471
0.03184354675
0.01086528491
0.0138488165
0.01913987099
0.02581438045
0.03351270961
0.01450450596
0.01713124456
0.02199246186
0.02824523007
0.03550811286
0.01870040561
0.02096940861
0.02535092231
0.03113283032
0.03792655011
0.02334247097
0.0252929621
0.02918995626
0.03446568939
0.04075882386
0.02826184967
0.02994565007
0.03339107294
0.03815845437
0.04393367723
0.03330484823
0.03476376653
0.03780079155
0.04207852823
0.04733517688
0.03832834762
0.03959965612
0.04227705956
0.04609954242
0.05085581932
0.04325752283
0.0443681499
0.04672789267
0.05013552352
0.05442307536
0.04806419044
0.04903878219
0.05112466162
0.05416414636
0.05802818084
0.0527722203
0.05363596987
0.05549322026
0.0582184633
0.06171064958
0.05745874188
0.05823160387
0.05989850819
0.06235824042
0.06553263125
0.06221050813
0.0629084909
0.06441906799
0.06665813698
0.06956461735
0.06709161442
0.06772808413
0.06910835003
0.07116235576
0.0738420706
0.07213127747
0.07271681086
0.07398995534
0.07589030268
0.07837697492
0.07733717923
0.07788088877
0.07906409487
0.08083400725
0.08315591754
0.08272456333
0.08323303571
0.08434094271
0.08599997206
0.08817808328
0.08835939509
0.0888383429
0.08988182302
0.09144397336
0.09349365499
0.09438768459
0.09483923638
0.09582148915
0.09728570984
0.09919583474
0.1009775266
0.1013913268
0.1022870669
0.1036112442
0.1053126997
0.1080141584
0.1083568961
0.1090931082
0.1101654166
0.1115134235
0.1145714895
0.1148094206
0.1153160817
0.1160423946
0.1169370983
0.1195658496
0.119702094
0.1199900539
0.1203970042
0.12088693
0.1227526861
0.1228148705
0.122944139
0.1231206098
0.1233203237
0.1244847333
0.1244981388
0.1245223489
0.1245448613
0.124548104
0.1251849126
0.1251639403
0.1251133579
0.1250241883
0.1248811139
0.1251133399
0.1250626901
0.1249470292
0.1247595046
0.1244860756
0.124324342
0.1242465623
0.1240725619
0.1238002795
0.1234213183
0.1229182988
0.1228230415
0.1226117447
0.1222857575
0.1218401327
0.1210440174
0.1209371182
0.1207009322
0.1203390528
0.1198488955
0.1187698438
0.1186556409
0.1184039534
0.1180193879
0.1175013295
0.1161393745
0.1160212247
0.1157612492
0.1153658019
0.1148354994
0.1132065399
0.1130878574
0.1128270022
0.1124310197
0.1119014159
0.1100333941
0.1099166888
0.1096603608
0.1092717481
0.1087529152
0.1066845374
0.1065716433
0.1063238021
0.1059483666
0.1054476988
0.1032219471
0.1031141101
0.1028774412
0.1025191161
0.1020416061
0.0997018045
0.09959978508
0.09937592273
0.09903712123
0.09858575631
0.09617389415
0.09607815794
0.09586811766
0.09555028343
0.09512704194
0.09268222547
0.09259280946
0.09239664271
0.09209980912
0.09170453818
0.08926132413
0.08917819837
0.08899583564
0.0887198951
0.08835245205
0.08593754039
0.08586050953
0.08569151526
0.08543579088
0.08509524164
0.08272981568
0.08265858542
0.08250230877
0.08226580694
0.08195081466
0.07965037848
0.07958459707
0.0794402649
0.0792218127
0.07893081113
0.0767056639
0.07664495212
0.07651173155
0.07631006891
0.07604138158
0.07389753698
0.07384151039
0.07371855922
0.07353241416
0.07328435195
0.07122443519
0.07117271923
0.07105921658
0.07088735022
0.07065826965
0.06868261105
0.0686348515
0.06853002226
0.06837126562
0.06815961676
0.0662666513
0.06622251715
0.06612563644
0.06597889629
0.06578322996
0.06397074019
0.06392992847
0.06384033369
0.06370461112
0.06352360317
0.06178799634
0.06175022776
0.06166730682
0.06154167824
0.06137410383
0.05971287837
0.05967790175
0.05960110575
0.05948474388
0.05932950633
0.05773762887
0.05770520989
0.057634025
0.0575261542
0.05738222465
0.05585949661
0.05582943542
0.05576342542
0.05566338836
0.05552989484
0.05407158576
0.05404368199
0.05398240623
0.05388953697
0.05376559608
0.05239714808
0.05237124474
0.05231436168
0.05222814498
0.05211307054
0.0509839987
0.05095974883
0.05090649012
0.050825757
0.05071798668
0.02310082722
0.02364837388
0.0239606776
0.0246642345
0.02565428251
0.0268876435
0.0282654971
0.02965238727
0.03094118675
0.03214834655
0.03329149962
0.03439611606
0.03548106467
0.03659315518
0.03777207343
0.03913031823
0.04081978029
0.0429229483
0.04542365581
0.04825520601
0.05130829987
0.0544868186
0.05772914032
0.06103710407
0.06445381737
0.06804561831
0.07188020919
0.07598699488
0.0803736427
0.0850248084
0.08993209756
0.09513946791
0.1007143802
0.106637311
0.1125333346
0.1175963894
0.1212359584
0.1234476218
0.1245222477
0.1247374342
0.1242371681
0.1230940773
0.1214629963
0.119438571
0.11707069
0.1143969014
0.1114648385
0.1083261434
0.1050364496
0.1016497237
0.09821571994
0.09477982403
0.09138043567
0.08805117231
0.08481598367
0.08169246941
0.07869209077
0.07582091361
0.0730807564
0.07047020558
0.06798582007
0.06562251912
0.0633748983
0.06123640593
0.0592019208
0.05726391228
0.05542014304
0.05366368522
0.05201843576
0.0506293449
0.05644194167
0.106428467
0.09454792647
0.08470686851
0.06399505047
0.04881191364
0.08837577411
0.1028924264
0.07959924942
0.04939242682
0.04540448944
0.07944700571
0.1141200162
0.08454664524
0.04625956105
0.04398214353
0.07619329821
0.1153153394
0.09295939613
0.0558591059
0.04343941753
0.07289621848
0.1052677624
0.09995059053
0.06680027209
0.04333299509
0.06987304295
0.09732245016
0.1069632748
0.07846190932
0.0434344288
0.06780309908
0.0938007052
0.1126245724
0.08956190549
0.04369798711
0.06638540247
0.09120881632
0.1144744825
0.09792023448
0.04400642275
0.06504743363
0.08769447947
0.1090131883
0.1035279614
0.04435507486
0.06386727322
0.08457336569
0.1042854209
0.1079763453
0.04474741726
0.0629922521
0.0824343092
0.1017295756
0.111624619
0.04520728774
0.06240873806
0.08081106348
0.09959518669
0.1134727884
0.0457073192
0.06191035872
0.07910654865
0.09652188916
0.1107694137
0.04626594151
0.06151141844
0.07755743336
0.09371304958
0.1075970341
0.04691189365
0.06128096942
0.07639179175
0.09172410411
0.1055938833
0.04777336809
0.06137839184
0.07574324748
0.09050153589
0.1044327373
0.04897911202
0.06188629914
0.07558031557
0.08976729505
0.1035138142
0.05057921819
0.06278156271
0.07576935369
0.08922807252
0.1023479174
0.05255198075
0.06402796112
0.07625683247
0.08891599157
0.1012910652
0.05483900513
0.06556834368
0.07703025678
0.08891341455
0.1005957424
0.0573459079
0.067330639
0.0780521252
0.08921813802
0.1002784047
0.05999472696
0.06925246621
0.07926896543
0.08977486215
0.1002846841
0.0627414297
0.07130927361
0.0806674223
0.09056380585
0.1005511072
0.06560092895
0.07353068684
0.08227786808
0.0915945062
0.1010434826
0.06861862759
0.07596627309
0.0841457036
0.09290542054
0.1018050752
0.07186426344
0.07869342465
0.08634693378
0.09457859906
0.1029317972
0.07540011207
0.08176314766
0.08894171186
0.09667637912
0.1044788228
0.07924725667
0.0851943363
0.0919398154
0.09919379887
0.1064185832
0.08340778121
0.08898345879
0.09531670556
0.1020789399
0.1086641884
0.08786271005
0.09309563178
0.09901691852
0.1052396314
0.1110873114
0.09259185855
0.0974957576
0.1029719366
0.1085612704
0.1135488014
0.09762841184
0.1021664114
0.1071007738
0.1119087032
0.1159136164
0.1029984679
0.1070530974
0.1112670983
0.1151184109
0.1180585538
0.1086106933
0.1119585774
0.1152304508
0.1179970849
0.1198679024
0.1140346029
0.1164493281
0.1186535154
0.1203388714
0.1212244611
0.1185552879
0.1200158475
0.1212320096
0.1219775484
0.1220200679
0.1217350004
0.1224227523
0.1228602319
0.1228625684
0.1222178172
0.1236186794
0.1237489222
0.1236077956
0.123029766
0.1218338672
0.1244651459
0.1241872687
0.1235967317
0.1225520707
0.1209568894
0.1245029807
0.1238910656
0.1229280161
0.1215398051
0.1196869263
0.1238453442
0.1229541801
0.1217260919
0.1201176622
0.1180985263
0.1225889539
0.1215168483
0.1201200967
0.1183689414
0.1162441301
0.1208853401
0.1196946537
0.1181870355
0.1163450132
0.114159634
0.1188128738
0.117545242
0.1159694116
0.1140778277
0.1118696619
0.1164159919
0.1151057877
0.1134982383
0.1115931533
0.1093956491
0.1137315466
0.1124101861
0.1108033359
0.1089164347
0.1067584734
0.1108035569
0.1094968978
0.1079176981
0.1060747278
0.1039798501
0.1076803967
0.1064087676
0.1048782807
0.1030997725
0.1010866087
0.1044146514
0.1031927721
0.1017261341
0.1000265847
0.09810801577
0.10105751
0.09989517297
0.09850233435
0.09689120414
0.09507564135
0.09765665404
0.09655989445
0.09524689333
0.09372951101
0.09202113438
0.09425535664
0.09322660071
0.09199531102
0.09057335781
0.08897328849
0.09089099409
0.08993109803
0.08878256343
0.08745600015
0.08596317703
0.08759623047
0.08670381742
0.08563587838
0.08440213181
0.08301336325
0.08439430104
0.08356684163
0.08257631395
0.08143154746
0.080142334
0.08130235539
0.08053651722
0.0796193582
0.07855883753
0.07736378255
0.07833159255
0.07762356343
0.07677521145
0.0757936707
0.07468685884
0.07548795595
0.07483369989
0.07404935755
0.07314129958
0.07211660408
0.07277325549
0.07216872782
0.07144360303
0.07060355755
0.06965490658
0.07018613896
0.06962741438
0.06895686351
0.06817953947
0.06730107214
0.06772328101
0.06720666205
0.06658631322
0.06586673186
0.06505293617
0.0653797275
0.06490175632
0.06432752064
0.0636610255
0.06290674634
0.0631502251
0.06270774203
0.06217588186
0.06155821401
0.06085873266
0.06102834755
0.06061842306
0.06012546984
0.0595526741
0.05890360595
0.05900912586
0.05862914274
0.05817199734
0.05764053658
0.05703795445
0.0570851207
0.05673261256
0.05630835197
0.05581488966
0.05525509046
0.05525427268
0.05492715536
0.05453330682
0.0540750122
0.05355484017
0.05350966363
0.05320581767
0.05283987168
0.05241388351
0.05193016718
0.05187538978
0.05159315977
0.05125313278
0.05085715017
0.05040728317
0.05049534647
0.05023090491
0.04991219972
0.04954089956
0.04911888446
0.007328539167
0.0008852781327
0.0001332741428
2.70827921e-05
7.052336222e-06
2.016788609e-06
6.112877666e-07
2.142729249e-07
9.296536608e-08
4.870078985e-08
2.855729972e-08
1.766375328e-08
1.116344911e-08
7.096655277e-09
4.501301314e-09
2.83505779e-09
1.767860436e-09
1.089171264e-09
6.620391865e-10
3.965678194e-10
2.338907913e-10
1.357194649e-10
7.742791289e-11
4.339897455e-11
2.388582144e-11
1.2903483e-11
6.840238542e-12
3.557941637e-12
1.816046363e-12
9.09805598e-13
4.475328234e-13
2.1628283e-13
1.027957761e-13
4.812892157e-14
2.225801027e-14
1.020906699e-14
4.669093079e-15
2.141253684e-15
9.885147744e-16
4.594489911e-16
2.141103663e-16
9.937922388e-17
4.566821067e-17
2.073595879e-17
9.34583149e-18
4.234332877e-18
1.967585942e-18
9.594219155e-19
4.995575333e-19
2.791467316e-19
1.662537014e-19
1.042719519e-19
6.804574497e-20
4.563877977e-20
3.091472509e-20
2.050492555e-20
1.253401275e-20
6.262536437e-21
1.805928713e-21
1.766517171e-22
0.01220303703
0.001938564293
0.0003369535575
7.344302589e-05
2.119403748e-05
7.545670292e-06
3.215990669e-06
1.615352696e-06
8.934957667e-07
5.198790997e-07
3.076288152e-07
1.832606422e-07
1.092497674e-07
6.508688435e-08
3.871228133e-08
2.296816319e-08
1.358107293e-08
7.993034689e-09
4.676151692e-09
2.71493923e-09
1.561762732e-09
8.887873226e-10
4.997230895e-10
2.772259879e-10
1.515758263e-10
8.161121208e-11
4.324468134e-11
2.254167835e-11
1.155508831e-11
5.823676577e-12
2.885803685e-12
1.40657806e-12
6.749719885e-13
3.19443349e-13
1.495585008e-13
6.958922165e-14
3.23660167e-14
1.512748958e-14
7.122747423e-15
3.371179805e-15
1.59351594e-15
7.461366728e-16
3.438442833e-16
1.556799219e-16
6.961583636e-17
3.116725101e-17
1.427372933e-17
6.856755008e-18
3.524471757e-18
1.951396189e-18
1.155992956e-18
7.23267764e-19
4.716940706e-19
3.164375533e-19
2.14437681e-19
1.423295534e-19
8.735338716e-20
4.447779986e-20
1.429025685e-20
1.932270093e-21
0.01394493797
0.002432823236
0.0004527364185
0.0001266464034
5.020161623e-05
2.498484796e-05
1.387918297e-05
8.251359643e-06
5.000932308e-06
3.056105621e-06
1.850149642e-06
1.109999438e-06
6.568657843e-07
3.839669752e-07
2.216924202e-07
1.266794524e-07
7.178874138e-08
4.043175092e-08
2.267489159e-08
1.267217295e-08
7.055722321e-09
3.909487568e-09
2.152776905e-09
1.176210034e-09
6.366728837e-10
3.410099845e-10
1.805496321e-10
9.440692448e-11
4.871530589e-11
2.479165105e-11
1.243749337e-11
6.151496664e-12
3.001699682e-12
1.447666371e-12
6.924179412e-13
3.301619187e-13
1.578823406e-13
7.604076357e-14
3.688007618e-14
1.791021516e-14
8.627297176e-15
4.082020961e-15
1.88438385e-15
8.475319923e-16
3.735503876e-16
1.636790268e-16
7.296316351e-17
3.403412074e-17
1.702268629e-17
9.226873022e-18
5.391052153e-18
3.347606612e-18
2.175566775e-18
1.457445192e-18
9.870256513e-19
6.549570008e-19
4.031882329e-19
2.075809053e-19
7.019414459e-20
1.097854713e-20
0.02225215393
0.005156023028
0.0009091068705
0.0002660271496
0.000130286145
7.739819333e-05
4.846540681e-05
3.085732747e-05
1.965011663e-05
1.244894706e-05
7.788961687e-06
4.8079327e-06
2.917737468e-06
1.74112399e-06
1.01993815e-06
5.870855758e-07
3.321185953e-07
1.850756725e-07
1.018151214e-07
5.546816948e-08
3.000421232e-08
1.614726706e-08
8.654129337e-09
4.620429482e-09
2.456646139e-09
1.299679791e-09
6.834318857e-10
3.567826564e-10
1.846982903e-10
9.472504423e-11
4.809877818e-11
2.417580337e-11
1.203443691e-11
5.942902879e-12
2.921602839e-12
1.437316154e-12
7.112952378e-13
3.547997816e-13
1.777248642e-13
8.858776879e-14
4.343219913e-14
2.072573114e-14
9.563723356e-15
4.262343942e-15
1.845233097e-15
7.869674007e-16
3.384531657e-16
1.513299502e-16
7.248230792e-17
3.785265953e-17
2.153432567e-17
1.315614338e-17
8.475507751e-18
5.65301277e-18
3.819476331e-18
2.531643224e-18
1.562625824e-18
8.132965144e-19
2.866859276e-19
5.17740471e-20
0.03268089783
0.01032629764
0.002182774778
0.0005763143286
0.0002955006989
0.0001904913211
0.0001280176637
8.605650582e-05
5.753116149e-05
3.815705559e-05
2.502462204e-05
1.619859687e-05
1.0320008e-05
6.464314396e-06
3.971449821e-06
2.392252063e-06
1.410480777e-06
8.144426749e-07
4.60342092e-07
2.55174078e-07
1.388982826e-07
7.448168987e-08
3.944692449e-08
2.070075925e-08
1.079126982e-08
5.600022033e-09
2.896018066e-09
1.492818582e-09
7.66677824e-10
3.919974228e-10
1.993847031e-10
1.008452651e-10
5.073929832e-11
2.544224615e-11
1.276267906e-11
6.437599687e-12
3.277357728e-12
1.681980708e-12
8.637225743e-13
4.385291309e-13
2.173484986e-13
1.040875149e-13
4.787447813e-14
2.112654173e-14
8.989476465e-15
3.734356641e-15
1.546876544e-15
6.581874422e-16
2.975418325e-16
1.467850684e-16
7.970550107e-17
4.715073852e-17
2.978338865e-17
1.96440866e-17
1.319184955e-17
8.721217438e-18
5.395826666e-18
2.843908783e-18
1.046217328e-18
2.239710177e-19
0.04537626759
0.01939337851
0.005675869236
0.001366881868
0.000604606713
0.0003844872489
0.0002664208606
0.0001866057115
0.0001305620617
9.091879455e-05
6.282861348e-05
4.297560534e-05
2.902792675e-05
1.932690446e-05
1.265475903e-05
8.135833975e-06
5.125455046e-06
3.160179077e-06
1.903202192e-06
1.119266746e-06
6.4221533e-07
3.599541833e-07
1.971469676e-07
1.057453021e-07
5.565159208e-08
2.88386119e-08
1.476135198e-08
7.489230657e-09
3.776691379e-09
1.897170496e-09
9.506628095e-10
4.75590263e-10
2.377665432e-10
1.190603282e-10
5.997426251e-11
3.05464849e-11
1.576588755e-11
8.21034247e-12
4.268519078e-12
2.184418569e-12
1.085315185e-12
5.182555503e-13
2.365610474e-13
1.031488148e-13
4.317346277e-14
1.754151756e-14
7.045017009e-15
2.869276732e-15
1.223786153e-15
5.646144982e-16
2.876381284e-16
1.618051002e-16
9.87816376e-17
6.381388102e-17
4.237204257e-17
2.790243706e-17
1.733323719e-17
9.304700301e-18
3.608966837e-18
9.344161024e-19
0.05840721156
0.03064060205
0.01217580628
0.003527980691
0.001184291401
0.0006595579966
0.0004494722572
0.0003214006642
0.0002324731224
0.0001683459679
0.0001215149594
8.720541319e-05
6.209632682e-05
4.379519144e-05
3.054019512e-05
2.101678333e-05
1.42396734e-05
9.476467803e-06
6.178245878e-06
3.938583832e-06
2.45010518e-06
1.485580881e-06
8.765944461e-07
5.031260438e-07
2.807591747e-07
1.52532842e-07
8.077357385e-08
4.179147697e-08
2.118629789e-08
1.056702085e-08
5.20902741e-09
2.549974402e-09
1.245525194e-09
6.100790673e-10
3.015782237e-10
1.515645067e-10
7.76723646e-11
4.032916682e-11
2.093764048e-11
1.069492217e-11
5.293013431e-12
2.511304162e-12
1.135529642e-12
4.886965239e-13
2.011422266e-13
8.008757521e-14
3.136668918e-14
1.234379246e-14
5.012752245e-15
2.167045107e-15
1.026164832e-15
5.39790055e-16
3.131698143e-16
1.956990179e-16
1.275660846e-16
8.349512841e-17
5.220956899e-17
2.876392972e-17
1.194619986e-17
3.757105213e-18
0.06900899617
0.04170443005
0.02121930781
0.007967567815
0.002539427414
0.001110651039
0.0006828297245
0.0004798678129
0.0003507733834
0.0002595454656
0.0001925370722
0.0001425757656
0.0001051441778
7.710180736e-05
5.61500145e-05
4.056247557e-05
2.902720607e-05
2.054755758e-05
1.435878241e-05
9.880352589e-06
6.674918799e-06
4.41314741e-06
2.845790007e-06
1.784951782e-06
1.086768739e-06
6.415139677e-07
3.66743225e-07
2.029689802e-07
1.087735466e-07
5.655238255e-08
2.859849911e-08
1.412660127e-08
6.857743985e-09
3.298493581e-09
1.586827801e-09
7.721732083e-10
3.837789854e-10
1.943897373e-10
9.90330616e-11
4.991124473e-11
2.448199527e-11
1.153413194e-11
5.177509667e-12
2.207084799e-12
8.962836495e-13
3.507372465e-13
1.344953513e-13
5.14878393e-14
2.009510968e-14
8.200983044e-15
3.602964875e-15
1.747629082e-15
9.442755306e-16
5.605467921e-16
3.543525967e-16
2.289890607e-16
1.43750749e-16
8.119638929e-17
3.605487856e-17
1.336325269e-17
0.07809245518
0.05101479352
0.029890734
0.0145190842
0.005254835589
0.001935089215
0.001013450895
0.0006694068622
0.0004839800333
0.0003609277885
0.0002721339429
0.0002058158428
0.000155555721
0.0001172515771
8.802549916e-05
6.575227509e-05
4.882036764e-05
3.599351052e-05
2.631783026e-05
1.905533205e-05
1.363645925e-05
9.62347124e-06
6.680777416e-06
4.547326544e-06
3.023333196e-06
1.956277535e-06
1.226960609e-06
7.435729632e-07
4.345800263e-07
2.447624047e-07
1.328111705e-07
6.949006059e-08
3.516259586e-08
1.73076721e-08
8.355125025e-09
3.995036293e-09
1.915852258e-09
9.304956328e-10
4.557292566e-10
2.222687873e-10
1.06594192e-10
4.968802938e-11
2.223698651e-11
9.463487545e-12
3.818207147e-12
1.476534034e-12
5.571110296e-13
2.086143825e-13
7.886849884e-14
3.071121479e-14
1.262964809e-14
5.64321955e-15
2.802052193e-15
1.550662609e-15
9.356652349e-16
5.910749012e-16
3.707013705e-16
2.142448265e-16
1.014392377e-16
4.298082046e-17
0.08672711114
0.06025517407
0.03817991407
0.02158671282
0.009805406839
0.003562618476
0.001552990913
0.0009247777308
0.0006446790316
0.0004776514022
0.0003623686545
0.0002775866141
0.0002133859734
0.000164083998
0.0001259755686
9.644483455e-05
7.355556754e-05
5.583492984e-05
4.214466022e-05
3.159842131e-05
2.349829359e-05
1.731120922e-05
1.260813833e-05
9.05719968e-06
6.399921265e-06
4.434904952e-06
3.004396934e-06
1.982446056e-06
1.268859474e-06
7.844928305e-07
4.666867502e-07
2.664255254e-07
1.459018335e-07
7.679600945e-08
3.901460996e-08
1.923999632e-08
9.267219417e-09
4.398074761e-09
2.071390761e-09
9.687641301e-10
4.467316703e-10
2.018979564e-10
8.905831793e-11
3.802401022e-11
1.548909952e-11
5.996709397e-12
2.242501875e-12
8.259429605e-13
3.044153611e-13
1.140784799e-13
4.437269237e-14
1.839772922e-14
8.36688362e-15
4.252628317e-15
2.40409638e-15
1.463445533e-15
9.093102007e-16
5.355485649e-16
2.690689717e-16
1.265924908e-16
0.09440533618
0.06915659618
0.04656659674
0.02897597589
0.01563733485
0.006610696333
0.002594583739
0.001323018276
0.0008589786601
0.0006217552159
0.0004697691475
0.0003616403681
0.0002808488827
0.0002189331644
0.0001708296583
0.0001331864931
0.0001036278091
8.037657853e-05
6.212306194e-05
4.779941186e-05
3.656751296e-05
2.7776076e-05
2.09146562e-05
1.558241041e-05
1.14633825e-05
8.307482965e-06
5.915695312e-06
4.128040168e-06
2.814224863e-06
1.868108503e-06
1.203315951e-06
7.492300543e-07
4.490937503e-07
2.583227122e-07
1.424445271e-07
7.539781977e-08
3.838813681e-08
1.882443463e-08
8.913807291e-09
4.09782741e-09
1.839678456e-09
8.068306104e-10
3.453634927e-10
1.4447159e-10
5.898294582e-11
2.326152056e-11
8.798247395e-12
3.219763483e-12
1.162292039e-12
4.217310102e-13
1.566551291e-13
6.090981334e-14
2.549439789e-14
1.181518598e-14
6.148901532e-15
3.539621514e-15
2.150740595e-15
1.281321413e-15
6.781841515e-16
3.45219763e-16
0.1004141722
0.07708494629
0.05447978023
0.03596546141
0.02197718193
0.01151114558
0.004852733195
0.002105722114
0.001187474035
0.0008092716768
0.0005992421693
0.0004592899998
0.0003578464011
0.0002810923347
0.0002215798243
0.0001749857761
0.0001382477298
0.0001091006605
8.590628456e-05
6.742689494e-05
5.268845242e-05
4.093567648e-05
3.157847344e-05
2.415006452e-05
1.827827745e-05
1.366484487e-05
1.006948626e-05
7.297048131e-06
5.187411348e-06
3.60800533e-06
2.448393618e-06
1.616296101e-06
1.034696156e-06
6.402694002e-07
3.818544424e-07
2.189849003e-07
1.20503513e-07
6.347287723e-08
3.192313214e-08
1.529815785e-08
6.999992586e-09
3.077255836e-09
1.306789221e-09
5.382166871e-10
2.160441663e-10
8.489155367e-11
3.256135798e-11
1.211695515e-11
4.374948081e-12
1.553864943e-12
5.552981784e-13
2.045144603e-13
7.958427393e-14
3.368927664e-14
1.594777927e-14
8.507781481e-15
4.965914927e-15
2.95989153e-15
1.635462883e-15
8.809073776e-16
0.1046460923
0.08390308548
0.06177457959
0.04271555768
0.02785512241
0.01677663181
0.008696980456
0.00381265155
0.001812195134
0.001081065067
0.0007526633568
0.0005624598386
0.0004336231813
0.0003405349421
0.0002689775625
0.000214653812
0.0001717167202
0.0001374136348
0.0001098243001
8.755591257e-05
6.955031435e-05
5.498613898e-05
4.321406744e-05
3.371550838e-05
2.607408909e-05
1.995381738e-05
1.508229809e-05
1.123693492e-05
8.234166593e-06
5.92101873e-06
4.168389591e-06
2.86609771e-06
1.919828775e-06
1.249567678e-06
7.882943629e-07
4.807755315e-07
2.827183443e-07
1.597747617e-07
8.641874581e-08
4.455825802e-08
2.181535366e-08
1.012453858e-08
4.460979122e-09
1.871912007e-09
7.547756815e-10
2.950449195e-10
1.124860246e-10
4.206475816e-11
1.542132777e-11
5.524041351e-12
1.946846082e-12
6.888005342e-13
2.516770421e-13
9.802666232e-14
4.210999509e-14
2.05071965e-14
1.128416838e-14
6.642726603e-15
3.793833431e-15
2.123943491e-15
0.1078936091
0.0900963595
0.06888594646
0.04955037734
0.03392848388
0.02202907729
0.01324490553
0.006958554631
0.003203577153
0.001587385996
0.0009475231532
0.0006514487332
0.0004841652004
0.0003751185957
0.0002948541256
0.0002361490357
0.0001901460445
0.000153531352
0.0001240399012
0.0001001051965
8.05965758e-05
6.466325381e-05
5.16441783e-05
4.101217429e-05
3.234096624e-05
2.528326517e-05
1.955732689e-05
1.493652927e-05
1.123821773e-05
8.311991293e-06
6.029595281e-06
4.280381766e-06
2.967827211e-06
2.006052904e-06
1.319382653e-06
8.426654655e-07
5.214066063e-07
3.11692227e-07
1.793920519e-07
9.898541081e-08
5.211471653e-08
2.604188467e-08
1.230400822e-08
5.488113959e-09
2.316423758e-09
9.312061311e-10
3.594241954e-10
1.344315911e-10
4.921348313e-11
1.773189878e-11
6.296923845e-12
2.211371957e-12
7.796642168e-13
2.843119276e-13
1.117482405e-13
4.950102416e-14
2.532208262e-14
1.451523303e-14
8.481097998e-15
4.879598459e-15
0.1105868713
0.09561373603
0.07576381775
0.05647301061
0.04020327405
0.02750931638
0.01795343856
0.01094896136
0.00592898672
0.002789593688
0.001332574517
0.000748017643
0.0004933219053
0.0003622035275
0.0002794915901
0.0002216330744
0.0001784023525
0.0001447969175
0.0001180113246
9.632054752e-05
7.858089286e-05
6.398492571e-05
5.193424369e-05
4.196885549e-05
3.372466292e-05
2.690936749e-05
2.128539158e-05
1.665765897e-05
1.286644407e-05
9.784552568e-06
7.309925084e-06
5.352429356e-06
3.831294604e-06
2.676240807e-06
1.82200514e-06
1.207127625e-06
7.771968744e-07
4.855358241e-07
2.935854707e-07
1.71229847e-07
9.592269339e-08
5.136130429e-08
2.614589124e-08
1.259096638e-08
5.712461115e-09
2.439312375e-09
9.843367099e-10
3.785449496e-10
1.402526173e-10
5.062019283e-11
1.796830271e-11
6.30855155e-12
2.203770429e-12
7.801784586e-13
2.897808151e-13
1.186804996e-13
5.623550131e-14
3.09410394e-14
1.826906946e-14
1.075684106e-14
0.1127354789
0.1003535791
0.08197966559
0.06321648203
0.04652204428
0.03309315739
0.02278299154
0.01506530073
0.009394218234
0.005223728387
0.002423057298
0.001034501101
0.0005170035446
0.0003215692205
0.0002299698332
0.0001765044106
0.0001403640639
0.000113800213
9.326734574e-05
7.688711666e-05
6.355215074e-05
5.255231228e-05
4.340008291e-05
3.574207257e-05
2.931114863e-05
2.389917682e-05
1.934132441e-05
1.550590688e-05
1.228665502e-05
9.599072433e-06
7.376711237e-06
5.563780704e-06
4.109947471e-06
2.966746466e-06
2.088617995e-06
1.432269258e-06
9.555610144e-07
6.196102313e-07
3.899272694e-07
2.377132498e-07
1.400235832e-07
7.936492563e-08
4.306477996e-08
2.225199631e-08
1.089060844e-08
5.024276603e-09
2.178246437e-09
8.874886947e-10
3.416412392e-10
1.257174637e-10
4.486864442e-11
1.574820637e-11
5.496011695e-12
1.931453341e-12
7.000929572e-13
2.734599457e-13
1.219807678e-13
6.417103568e-14
3.788746928e-14
2.28554065e-14
0.1138623142
0.1041779172
0.0874012502
0.06937174047
0.0526946844
0.03867394159
0.02766604066
0.01924751429
0.01290488883
0.008152465297
0.004536251155
0.001982527086
0.0007234143481
0.0003186384099
0.0001875702927
0.000131173649
9.977598103e-05
7.928084855e-05
6.453743696e-05
5.326623829e-05
4.430895666e-05
3.700950709e-05
3.095995973e-05
2.588740616e-05
2.159868772e-05
1.795068022e-05
1.48342858e-05
1.216529224e-05
9.878717103e-06
7.924760045e-06
6.264511549e-06
4.867023104e-06
3.707109519e-06
2.761950215e-06
2.008838043e-06
1.424878411e-06
9.849760938e-07
6.625856777e-07
4.330056881e-07
2.744861961e-07
1.684653478e-07
9.990980858e-08
5.708773186e-08
3.126622755e-08
1.632066396e-08
8.075544288e-09
3.768601366e-09
1.65204242e-09
6.792576115e-10
2.628263076e-10
9.667097162e-11
3.43684986e-11
1.203853267e-11
4.229772301e-12
1.523411538e-12
5.83664267e-13
2.517657124e-13
1.283143696e-13
7.560263316e-14
4.697074988e-14
0.1132762017
0.106957612
0.09200850964
0.07491876387
0.05850562175
0.04417053986
0.03255029982
0.02346295741
0.01645286386
0.01106793786
0.006920573429
0.003670200275
0.00140627445
0.0004478625718
0.0001865271043
0.000106948057
7.344181676e-05
5.515237819e-05
4.341944163e-05
3.51061845e-05
2.885699278e-05
2.396700274e-05
2.003028035e-05
1.679692401e-05
1.410228302e-05
1.182933248e-05
9.893832593e-06
8.234217313e-06
6.804689151e-06
5.571071957e-06
4.507771711e-06
3.595543644e-06
2.819762663e-06
2.168766481e-06
1.632172988e-06
1.199737786e-06
8.602066075e-07
6.007391562e-07
4.081318354e-07
2.692958016e-07
1.721778437e-07
1.064202972e-07
6.344580599e-08
3.641809436e-08
2.004150212e-08
1.051080661e-08
5.22438303e-09
2.448840874e-09
1.078079459e-09
4.450296452e-10
1.727998537e-10
6.37892105e-11
2.281256504e-11
8.094647197e-12
2.929152579e-12
1.122330173e-12
4.810736411e-13
2.432877519e-13
1.444806228e-13
9.322376941e-14
0.1121674804
0.109067263
0.09600178948
0.07997039451
0.06398428381
0.04954726011
0.03741508644
0.0277037413
0.02004496504
0.01403266189
0.009306098548
0.005573520008
0.002635261178
0.0008347192488
0.0002538274112
0.0001099141758
6.375245037e-05
4.321925801e-05
3.175933024e-05
2.442277709e-05
1.9317933e-05
1.557097965e-05
1.271664958e-05
1.048144322e-05
8.691941448e-06
7.231031605e-06
6.024157555e-06
5.013907013e-06
4.160130822e-06
3.433836368e-06
2.814156221e-06
2.284490625e-06
1.832305994e-06
1.44822587e-06
1.125033496e-06
8.568466514e-07
6.383345081e-07
4.641176791e-07
3.286461553e-07
2.261452895e-07
1.508670372e-07
9.736591778e-08
6.063277674e-08
3.63273605e-08
2.089670171e-08
1.150411048e-08
6.029353855e-09
2.992634287e-09
1.400199138e-09
6.153958848e-10
2.539112027e-10
9.884447674e-11
3.680326078e-11
1.341669325e-11
4.946665723e-12
1.926482671e-12
8.398470246e-13
4.325426056e-13
2.634436064e-13
1.780882986e-13
0.1112784428
0.110790774
0.09952588289
0.08461995825
0.06919241128
0.05481400441
0.04230737884
0.03201390636
0.02373093491
0.01710776691
0.01181509425
0.007573350835
0.004169616771
0.00164926149
0.0004535839514
0.0001470502098
6.917733634e-05
4.119309021e-05
2.761846608e-05
1.972673186e-05
1.464641191e-05
1.116557505e-05
8.679380564e-06
6.84906068e-06
5.468900798e-06
4.40644008e-06
3.573746746e-06
2.911437762e-06
2.378424174e-06
1.944942778e-06
1.588723589e-06
1.29493064e-06
1.050467687e-06
8.457149466e-07
6.736845262e-07
5.292322245e-07
4.084936292e-07
3.08740366e-07
2.277888049e-07
1.635803533e-07
1.140041442e-07
7.69046781e-08
5.008090718e-08
3.138388133e-08
1.886584636e-08
1.085426382e-08
5.961262396e-09
3.11129219e-09
1.5358712e-09
7.144281557e-10
3.125354032e-10
1.288421461e-10
5.052568179e-11
1.923187517e-11
7.346971125e-12
2.959100547e-12
1.339995109e-12
7.201626367e-13
4.586540201e-13
3.274219588e-13
0.1107302845
0.1122737833
0.1026478459
0.08888332805
0.0741039415
0.05991556903
0.04719886378
0.03638825681
0.0275179817
0.02030768954
0.01446864766
0.009749839527
0.005945484851
0.002899091743
0.0009309749028
0.0002532416016
9.338003966e-05
4.744090872e-05
2.88180751e-05
1.910408001e-05
1.327525908e-05
9.498955246e-06
6.939847495e-06
5.153502189e-06
3.879418588e-06
2.954672573e-06
2.272306814e-06
1.76249503e-06
1.378541573e-06
1.087040459e-06
8.640283404e-07
6.920467072e-07
5.578802544e-07
4.513957725e-07
3.648153051e-07
2.931864228e-07
2.329421393e-07
1.820091416e-07
1.392752704e-07
1.039984116e-07
7.549842004e-08
5.311204361e-08
3.609834106e-08
2.362913443e-08
1.484602385e-08
8.927149071e-09
5.126539836e-09
2.803903257e-09
1.454622363e-09
7.131047314e-10
3.296565849e-10
1.438764426e-10
5.972774119e-11
2.400906253e-11
9.660113167e-12
4.10307501e-12
1.972700943e-12
1.131337999e-12
7.666706584e-13
5.814833048e-13
0.1104918115
0.113552316
0.1053884438
0.09274509207
0.07867517758
0.06478866999
0.05200029141
0.04079811607
0.03138752422
0.02362187375
0.01725359222
0.01205456715
0.007834739853
0.00444155739
0.001866614218
0.0005204784759
0.0001528196869
6.39847192e-05
3.464502962e-05
2.137806293e-05
1.405755013e-05
9.563498194e-06
6.639315619e-06
4.671100643e-06
3.318603024e-06
2.376600372e-06
1.7142074e-06
1.244879186e-06
9.106027618e-07
6.725051644e-07
5.031080696e-07
3.825418787e-07
2.964666225e-07
2.342189807e-07
1.879198853e-07
1.52036906e-07
1.229612608e-07
9.857535148e-08
7.772523076e-08
6.000694851e-08
4.512634366e-08
3.292946887e-08
2.324760072e-08
1.582477732e-08
1.035034728e-08
6.485073788e-09
3.883038815e-09
2.217792399e-09
1.205123913e-09
6.209449901e-10
3.027830571e-10
1.399005383e-10
6.169060782e-11
2.641996762e-11
1.137219083e-11
5.207709359e-12
2.72461061e-12
1.701991692e-12
1.242784695e-12
1.004783764e-12
0.1104472311
0.1145620714
0.1077106743
0.09615674459
0.08283717435
0.06934543039
0.05661729854
0.0451958434
0.03532397446
0.02705643557
0.0201966626
0.01454457895
0.009924453113
0.006183569682
0.003187207496
0.001123713444
0.0003009804097
0.0001008746517
4.697759079e-05
2.665854353e-05
1.663777086e-05
1.087634185e-05
7.284217286e-06
4.943559889e-06
3.37918104e-06
2.317734325e-06
1.591276654e-06
1.092171908e-06
7.492678911e-07
5.148654217e-07
3.561760777e-07
2.497057964e-07
1.788181943e-07
1.318504009e-07
1.004657393e-07
7.883555583e-08
6.310075846e-08
5.089120354e-08
4.086823691e-08
3.236079021e-08
2.507117051e-08
1.888944854e-08
1.378256427e-08
9.711206047e-09
6.578111124e-09
4.270498167e-09
2.652507754e-09
1.573611061e-09
8.905761725e-10
4.800445579e-10
2.461403018e-10
1.20277786e-10
5.64874429e-11
2.600510296e-11
1.21910777e-11
6.180179025e-12
3.615064142e-12
2.501440918e-12
1.97902409e-12
1.705708213e-12
0.1105068231
0.1152332699
0.1096064127
0.0990930347
0.08654234088
0.07351552139
0.06095543045
0.04943772159
0.03926633136
0.03055108664
0.02323878863
0.01715557344
0.01214002252
0.008052564807
0.004773747042
0.00221389777
0.0006806353033
0.0001900737029
7.182349895e-05
3.605317065e-05
2.110795656e-05
1.328344863e-05
8.658953544e-06
5.74444611e-06
3.841875336e-06
2.575525772e-06
1.723997973e-06
1.148994438e-06
7.60648316e-07
4.991337358e-07
3.25153048e-07
2.11611957e-07
1.387630762e-07
9.27271396e-08
6.397963952e-08
4.603078552e-08
3.456401808e-08
2.684764104e-08
2.125639992e-08
1.688982009e-08
1.329080229e-08
1.025399804e-08
7.698904191e-09
5.593998686e-09
3.914075456e-09
2.624205466e-09
1.684331264e-09
1.032996825e-09
6.05108014e-10
3.389786269e-10
1.819600414e-10
9.392001469e-11
4.713453213e-11
2.359097136e-11
1.231545791e-11
7.115755053e-12
4.759262774e-12
3.672912106e-12
3.138546825e-12
2.873671865e-12
0.11074426
0.115603822
0.1110511697
0.1015278913
0.08975841855
0.07725806716
0.06496508077
0.05347108528
0.04312935004
0.03407918329
0.02636428302
0.01988278185
0.01448908031
0.0100507602
0.006451006737
0.003590087054
0.001478064038
0.000415296372
0.0001253924177
5.282978585e-05
2.820078651e-05
1.694463602e-05
1.075962918e-05
7.015289213e-06
4.630262693e-06
3.068717582e-06
2.031377441e-06
1.337735614e-06
8.735200361e-07
5.639441531e-07
3.590058972e-07
2.25360329e-07
1.400676869e-07
8.68483251e-08
5.43589305e-08
3.488081668e-08
2.330462691e-08
1.635709559e-08
1.202924166e-08
9.149087223e-09
7.070112876e-09
5.458080861e-09
4.152542734e-09
3.082018622e-09
2.214632051e-09
1.531983005e-09
1.016179136e-09
6.445497132e-10
3.907456132e-10
2.269162517e-10
1.272368566e-10
6.949816183e-11
3.764612184e-11
2.091387443e-11
1.251088841e-11
8.426247927e-12
6.465592656e-12
5.507697531e-12
5.023446274e-12
4.847250181e-12
0.11127635
0.115929238
0.1121686605
0.1035150594
0.0924937091
0.08055748895
0.06860984279
0.05724255189
0.04683364013
0.03758073467
0.02952729563
0.0226940771
0.01695517809
0.01218842238
0.008281273095
0.005126151915
0.002620950277
0.0009217041178
0.000250730073
8.551185123e-05
3.992791102e-05
2.24510193e-05
1.378221922e-05
8.81603622e-06
5.749937972e-06
3.780679641e-06
2.488851659e-06
1.632384587e-06
1.062448653e-06
6.837884735e-07
4.336631587e-07
2.702465438e-07
1.654216913e-07
9.966244666e-08
5.938152696e-08
3.531535455e-08
2.125577991e-08
1.316842914e-08
8.526258016e-09
5.810455767e-09
4.146240243e-09
3.051655098e-09
2.2733946e-09
1.684827144e-09
1.225371942e-09
8.66038151e-10
5.909365211e-10
3.878246408e-10
2.446297429e-10
1.48851832e-10
8.821728779e-11
5.181711e-11
3.104554724e-11
1.972911323e-11
1.380435253e-11
1.079029042e-11
9.274296487e-12
8.511308667e-12
8.153610608e-12
8.254217763e-12
0.1121469059
0.1163277909
0.1130320391
0.1051037635
0.09479240465
0.08343569995
0.07189179703
0.06073650528
0.05035454945
0.04098099817
0.03270760934
0.02555950909
0.01950086641
0.01441967225
0.0102081072
0.006766229396
0.004004918983
0.001855424319
0.0005740745722
0.0001627429926
6.218954982e-05
3.124130787e-05
1.816199687e-05
1.129681181e-05
7.255375122e-06
4.729275681e-06
3.098908194e-06
2.028676725e-06
1.320615807e-06
8.514582218e-07
5.417181019e-07
3.38840966e-07
2.078056912e-07
1.248912046e-07
7.361077379e-08
4.266543417e-08
2.447180956e-08
1.403246654e-08
8.158924817e-09
4.889479629e-09
3.062524009e-09
2.015722807e-09
1.385256114e-09
9.786301855e-10
6.976864341e-10
4.938072728e-10
3.42921231e-10
2.32182597e-10
1.53198912e-10
9.9061146e-11
6.365077276e-11
4.161325333e-11
2.85562887e-11
2.116616147e-11
1.714007526e-11
1.501371137e-11
1.393339205e-11
1.344700878e-11
1.343943373e-11
1.409120001e-11
0.1133162354
0.1168342932
0.1137282326
0.1063762645
0.09671083631
0.08592435132
0.0748166152
0.06393330973
0.05365704529
0.04424325173
0.03582551712
0.02843354571
0.02209269846
0.01672236882
0.01222272078
0.008497787056
0.005461916021
0.003045814622
0.001264086236
0.0003612951352
0.0001103908507
4.658809826e-05
2.473878755e-05
1.473353988e-05
9.256328709e-06
5.963429178e-06
3.884463207e-06
2.53716208e-06
1.652309646e-06
1.068111842e-06
6.82678136e-07
4.297669397e-07
2.655158805e-07
1.606331331e-07
9.510055587e-08
5.509529465e-08
3.12817877e-08
1.74782831e-08
9.676738919e-09
5.363575077e-09
3.017622726e-09
1.75041362e-09
1.060592165e-09
6.745108766e-10
4.475663989e-10
3.056325491e-10
2.115966949e-10
1.470344663e-10
1.023354967e-10
7.181202789e-11
5.156498417e-11
3.863142183e-11
3.070525559e-11
2.604704578e-11
2.342996816e-11
2.205952635e-11
2.148251782e-11
2.158248158e-11
2.244204213e-11
2.379560287e-11
0.114679308
0.1173931194
0.1142823717
0.1073843917
0.09830411719
0.08807303326
0.07741485776
0.06684470342
0.05673447426
0.04734757575
0.03884629147
0.0312945529
0.02471012364
0.01908039901
0.01431684558
0.01032980763
0.007035056486
0.004356574881
0.002235705391
0.0007986167601
0.0002194706535
7.508690028e-05
3.501230574e-05
1.958813153e-05
1.193637247e-05
7.569066643e-06
4.889213953e-06
3.181033999e-06
2.070061476e-06
1.34049669e-06
8.601386676e-07
5.447827199e-07
3.392549945e-07
2.070602465e-07
1.236536307e-07
7.218762664e-08
4.118231179e-08
2.297749927e-08
1.257170164e-08
6.776326834e-09
3.62476453e-09
1.945297936e-09
1.063141641e-09
6.021484526e-10
3.590836384e-10
2.273536351e-10
1.526493809e-10
1.079630501e-10
7.99616444e-11
6.192797609e-11
5.025027539e-11
4.279510649e-11
3.817564647e-11
3.544518587e-11
3.39814834e-11
3.343277007e-11
3.378339843e-11
3.511639114e-11
3.740776246e-11
3.911859759e-11
0.1161118522
0.1179433775
0.1147196701
0.1081787116
0.09961462431
0.08990289221
0.07969137167
0.06946089473
0.05956380941
0.05026392568
0.04174070012
0.03408592085
0.02731949233
0.02146263277
0.01645798256
0.01222459782
0.00868252742
0.005761026031
0.003401936282
0.001567396609
0.0004836773539
0.0001382656411
5.346252997e-05
2.698614414e-05
1.566497611e-05
9.69530933e-06
6.183040717e-06
3.996158847e-06
2.593430351e-06
1.679739279e-06
1.080653981e-06
6.877458138e-07
4.312749556e-07
2.654924123e-07
1.600410065e-07
9.432442684e-08
5.429054095e-08
3.049987133e-08
1.673304958e-08
8.982197196e-09
4.733652639e-09
2.463380483e-09
1.278425279e-09
6.724914063e-10
3.673731217e-10
2.148085985e-10
1.380609754e-10
9.855620246e-11
7.741587992e-11
6.556392078e-11
5.864956464e-11
5.455439218e-11
5.220578001e-11
5.104960162e-11
5.084301614e-11
5.172369287e-11
5.383607801e-11
5.70783912e-11
6.023437811e-11
6.17907021e-11
0.1174986818
0.1184141067
0.1150233157
0.1087649998
0.100659929
0.09143928862
0.08166678846
0.07178450786
0.06213104036
0.05296412641
0.04447070961
0.03676197724
0.02987838146
0.02383037014
0.01861195281
0.01415270994
0.01037961328
0.007223826451
0.004629321457
0.00255839908
0.001045660415
0.0002977871459
9.261942515e-05
3.968363808e-05
2.117447108e-05
1.258721537e-05
7.867245701e-06
5.032673621e-06
3.250242662e-06
2.102223092e-06
1.354160229e-06
8.648546244e-07
5.454366813e-07
3.383540026e-07
2.057907488e-07
1.224364931e-07
7.112994434e-08
4.031059642e-08
2.227932702e-08
1.201384529e-08
6.329391527e-09
3.268061204e-09
1.664268985e-09
8.466755568e-10
4.409230173e-10
2.447042671e-10
1.520212038e-10
1.090744663e-10
8.942806479e-11
8.050249168e-11
7.651660527e-11
7.491011177e-11
7.462331988e-11
7.532093653e-11
7.725605383e-11
8.062928653e-11
8.514775547e-11
8.945924383e-11
9.235335591e-11
9.341166553e-11
0.1187496752
0.1187594637
0.1151868055
0.109153951
0.1014485565
0.09267456372
0.08332259826
0.07379754262
0.06441775759
0.05542630738
0.04701188919
0.03929866237
0.03234531773
0.02616049827
0.02075987824
0.01610080333
0.01211966506
0.008753328645
0.005945556544
0.003650691476
0.001841388602
0.000644262845
0.0001780473352
6.236585028e-05
2.951677576e-05
1.657765178e-05
1.007836055e-05
6.357035324e-06
4.077012254e-06
2.629731468e-06
1.694212856e-06
1.084683572e-06
6.871627205e-07
4.29007376e-07
2.629358707e-07
1.577707561e-07
9.250423598e-08
5.291284204e-08
2.949930658e-08
1.602388107e-08
8.484050304e-09
4.385805824e-09
2.223370583e-09
1.116916057e-09
5.689330783e-10
3.070398779e-10
1.868926735e-10
1.344998529e-10
1.132833823e-10
1.058724157e-10
1.04380914e-10
1.054655553e-10
1.079230796e-10
1.118187006e-10
1.172724066e-10
1.236347359e-10
1.291353728e-10
1.329333393e-10
1.348720431e-10
1.353951403e-10
0.1197962804
0.1189465251
0.1151874607
0.1093307293
0.1019740608
0.09361369938
0.08467028554
0.07549960372
0.06640306215
0.0576179546
0.04932478761
0.04165271
0.03467316725
0.02840806939
0.02286224526
0.01803375742
0.01386881144
0.01031141529
0.007308228785
0.004814977514
0.002799472693
0.001252664731
0.0003777643753
0.0001103082819
4.392943112e-05
2.249740839e-05
1.309991062e-05
8.088862321e-06
5.131636121e-06
3.292977796e-06
2.118288694e-06
1.357669486e-06
8.628585432e-07
5.414844312e-07
3.341750165e-07
2.021529156e-07
1.195862392e-07
6.904063227e-08
3.884192597e-08
2.12755694e-08
1.13433832e-08
5.891716921e-09
2.990563869e-09
1.496532329e-09
7.543271182e-10
4.005902418e-10
2.403483715e-10
1.728231096e-10
1.478944989e-10
1.416358294e-10
1.432312466e-10
1.482072604e-10
1.553723367e-10
1.642880329e-10
1.736185324e-10
1.808065756e-10
1.854481462e-10
1.878695569e-10
1.887773175e-10
1.889061205e-10
0.1205751102
0.1189487549
0.1150038079
0.1092825512
0.1022279315
0.09424111489
0.08568371213
0.07687268179
0.06808103712
0.05953090257
0.05139555123
0.04380528198
0.03684056801
0.03053567807
0.02489229765
0.01992646163
0.0156042601
0.01187778169
0.008698227903
0.006020612379
0.003811326197
0.002053915177
0.0008059040829
0.0002269644
7.32370332e-05
3.239423836e-05
1.752573499e-05
1.044439724e-05
6.509104544e-06
4.139717983e-06
2.652730651e-06
1.69938588e-06
1.08224968e-06
6.820249317e-07
4.235067171e-07
2.581284516e-07
1.539899208e-07
8.971123384e-08
5.093735405e-08
2.814879618e-08
1.512816979e-08
7.908352332e-09
4.030026816e-09
2.016837498e-09
1.011144032e-09
5.305046144e-10
3.135497225e-10
2.239265129e-10
1.930887571e-10
1.881212649e-10
1.941609708e-10
2.054499777e-10
2.195749414e-10
2.341586725e-10
2.447561607e-10
2.50900647e-10
2.53787402e-10
2.54774279e-10
2.548714578e-10
2.54771248e-10
0.1210040355
0.1187233662
0.1146056297
0.1089903219
0.1022005028
0.09455856568
0.08637228228
0.07791661805
0.06943447473
0.06113954283
0.05319698709
0.04572846383
0.03881925924
0.03251326967
0.02682204113
0.02175403901
0.01730548492
0.01343656349
0.01010477695
0.007268632151
0.004892562312
0.002950609907
0.001431574073
0.0004758225014
0.0001336568066
4.919500288e-05
2.400229958e-05
1.363648713e-05
8.304751e-06
5.221904637e-06
3.328703847e-06
2.12931621e-06
1.357727915e-06
8.585456904e-07
5.359932792e-07
3.289923309e-07
1.978583606e-07
1.162897233e-07
6.664204605e-08
3.716887932e-08
2.015103011e-08
1.061498128e-08
5.440205508e-09
2.72962327e-09
1.364485461e-09
7.077969455e-10
4.107558976e-10
2.890941454e-10
2.491827064e-10
2.456941265e-10
2.583972824e-10
2.785524208e-10
3.013247971e-10
3.188591696e-10
3.288435084e-10
3.330487911e-10
3.342428843e-10
3.341131909e-10
3.336443805e-10
3.334083173e-10
0.1209926493
0.1182182522
0.1139652533
0.1084441521
0.1018928201
0.09457062344
0.08673730003
0.07863577279
0.07048034381
0.06245786939
0.05472823312
0.04741256017
0.04059430959
0.03432400521
0.02862201666
0.02349071318
0.01894869974
0.01496470217
0.01150323574
0.008527178012
0.006001384298
0.003898539835
0.002203628973
0.0009374391283
0.0002744031054
8.370287653e-05
3.497198345e-05
1.833787919e-05
1.075897368e-05
6.644379342e-06
4.198916529e-06
2.676678118e-06
1.706577864e-06
1.081738535e-06
6.783857338e-07
4.190631911e-07
2.539816419e-07
1.505670994e-07
8.709396376e-08
4.904513453e-08
2.684263612e-08
1.426436315e-08
7.36467444e-09
3.71258003e-09
1.854105628e-09
9.515139249e-10
5.401944098e-10
3.713007736e-10
3.169255676e-10
3.147896601e-10
3.360855036e-10
3.672180371e-10
3.973730457e-10
4.163009112e-10
4.247366594e-10
4.270913887e-10
4.269815252e-10
4.260700506e-10
4.25170396e-10
4.248590289e-10
0.1205430408
0.1174186482
0.1130759879
0.1076501706
0.101321467
0.09430083408
0.08680738106
0.07905163504
0.07122340448
0.06348955528
0.05599625189
0.04885988367
0.04216344038
0.03596105265
0.03027986257
0.02512703869
0.02052087533
0.01644844069
0.01288061048
0.009785106218
0.007129238814
0.004883714999
0.003029700634
0.00156731418
0.0005791090546
0.0001629533348
5.582844692e-05
2.58313127e-05
1.426858759e-05
8.562114162e-06
5.336221583e-06
3.380370619e-06
2.151350498e-06
1.365352931e-06
8.593048704e-07
5.3381564e-07
3.2592305e-07
1.948712459e-07
1.137841898e-07
6.472122549e-08
3.578770287e-08
1.920907454e-08
1.000910295e-08
5.080754937e-09
2.541577006e-09
1.292972906e-09
7.166152658e-10
4.766801159e-10
3.983637493e-10
3.949084524e-10
4.253745484e-10
4.690502823e-10
5.050384131e-10
5.250507463e-10
5.322988626e-10
5.331899111e-10
5.319096362e-10
5.302791612e-10
5.290944058e-10
5.287517777e-10
0.1197075106
0.1163427842
0.1119526182
0.1066293741
0.1005144019
0.09378140956
0.08661568513
0.07919637217
0.07169376386
0.06425550126
0.05701053683
0.05007308986
0.04352534975
0.03742008373
0.03178964265
0.02664736942
0.02200787228
0.01787435364
0.01422410423
0.01103028462
0.008264294169
0.005898917398
0.003913203369
0.002296420068
0.001052390655
0.000329236087
9.655582094e-05
3.809368773e-05
1.932912261e-05
1.115813505e-05
6.827822135e-06
4.288286313e-06
2.720308761e-06
1.726764908e-06
1.089772182e-06
6.803321777e-07
4.182604132e-07
2.522040148e-07
1.486750019e-07
8.546060884e-08
4.778463934e-08
2.594160326e-08
1.366819412e-08
7.00483169e-09
3.522317386e-09
1.783435295e-09
9.663321981e-10
6.177406704e-10
4.973946195e-10
4.84785945e-10
5.218966831e-10
5.775463679e-10
6.213309963e-10
6.443949292e-10
6.516641408e-10
6.512589227e-10
6.485064397e-10
6.45899725e-10
6.445172912e-10
6.44185844e-10
0.1185350071
0.115015654
0.1106158504
0.1054053303
0.0994989031
0.09304129187
0.08618938404
0.07909716378
0.07191483802
0.06477675853
0.05779660351
0.05107264996
0.04468993581
0.03870543795
0.03315140517
0.02804591134
0.02340110779
0.01923211001
0.01552224521
0.01225007719
0.009391315017
0.00692116137
0.004817438876
0.003066185453
0.001665805573
0.0006657705575
0.0001920771163
6.261172922e-05
2.772076709e-05
1.495368681e-05
8.866646354e-06
5.487232799e-06
3.458526767e-06
2.19173025e-06
1.385404252e-06
8.684386196e-07
5.372820209e-07
3.266680359e-07
1.944602047e-07
1.130078027e-07
6.395130168e-08
3.516680078e-08
1.877542664e-08
9.744783556e-09
4.948822151e-09
2.510399681e-09
1.338035118e-09
8.181906734e-10
6.231075625e-10
5.853656394e-10
6.219412642e-10
6.884632463e-10
7.435283643e-10
7.732363615e-10
7.820400959e-10
7.803786689e-10
7.756483245e-10
7.719012373e-10
7.702286101e-10
7.698969486e-10
0.1170741898
0.113464647
0.1090878754
0.1040018155
0.09830261802
0.09211240818
0.08556146963
0.07878688095
0.07191883367
0.06507617539
0.05836374018
0.05187092968
0.04567246646
0.0398263364
0.03436962207
0.02932289165
0.02469716497
0.0205157683
0.01676759871
0.01343647066
0.01050261448
0.007944550221
0.005741503683
0.00387680235
0.002343054081
0.001149670226
0.0003972386388
0.0001149273287
4.265024349e-05
2.078581235e-05
1.175317713e-05
7.111129503e-06
4.43433406e-06
2.798333313e-06
1.768925259e-06
1.112318933e-06
6.9205559e-07
4.241075238e-07
2.549701821e-07
1.4987643e-07
8.591385317e-08
4.792612797e-08
2.598888492e-08
1.371059628e-08
7.073976961e-09
3.627690282e-09
1.918061647e-09
1.12317563e-09
7.967994959e-10
7.042361991e-10
7.26297885e-10
8.001282807e-10
8.693861881e-10
9.092396954e-10
9.211070927e-10
9.180392014e-10
9.113993502e-10
9.068351484e-10
9.049215543e-10
9.045646255e-10
0.1153662034
0.1117157835
0.1073899706
0.1024397842
0.09694735813
0.09101621847
0.08475941267
0.0782943125
0.07173470219
0.06518577943
0.05874215266
0.05248437161
0.0464809723
0.04078923248
0.03544752078
0.03047822574
0.02589449849
0.02172103719
0.01795405602
0.01458206297
0.01158966439
0.008958954194
0.006671429576
0.004710556329
0.003066255487
0.001738114584
0.0007491843837
0.0002268984982
7.149570698e-05
3.034040359e-05
1.59757592e-05
9.355372904e-06
5.745638258e-06
3.602332243e-06
2.27405771e-06
1.433087705e-06
8.961231263e-07
5.533187417e-07
3.359494127e-07
1.998532621e-07
1.161678233e-07
6.58497586e-08
3.636845476e-08
1.959052159e-08
1.034263639e-08
5.406020215e-09
2.865191104e-09
1.62262685e-09
1.065625256e-09
8.632383838e-10
8.425939864e-10
9.116158008e-10
9.943602902e-10
1.047766523e-09
1.065032792e-09
1.061478827e-09
1.053857881e-09
1.048884628e-09
1.046881598e-09
1.046559793e-09
0.1134442763
0.1097928957
0.1055427308
0.1007400838
0.09545638643
0.0897802199
0.08380939981
0.07764514621
0.07138657602
0.06512674767
0.05895049734
0.05293268332
0.0471349398
0.04160787969
0.03639320966
0.03151688232
0.02699281655
0.02284525417
0.01907695472
0.01568080277
0.01264549446
0.009956643126
0.007598285361
0.005554754592
0.00381331815
0.002369666449
0.001232328113
0.0004661049511
0.0001370600435
4.854273229e-05
2.279910129e-05
1.264588062e-05
7.577688748e-06
4.699049339e-06
2.954914212e-06
1.863709798e-06
1.170395648e-06
7.278834015e-07
4.46336574e-07
2.68876912e-07
1.586855262e-07
9.160172196e-08
5.170847768e-08
2.859727876e-08
1.553559518e-08
8.335888164e-09
4.482642402e-09
2.496834211e-09
1.532202063e-09
1.117921716e-09
9.967848983e-10
1.027982266e-09
1.113570677e-09
1.18166022e-09
1.208471595e-09
1.208124172e-09
1.201333596e-09
1.196511943e-09
1.194507048e-09
1.194212231e-09
0.1113341853
0.1077163339
0.103564677
0.09892180314
0.09385029429
0.08842656748
0.08273518604
0.07686386339
0.07089924462
0.0649235172
0.05901223083
0.05323275954
0.04764303973
0.04229127168
0.03721564314
0.03244351469
0.02799256825
0.02388627582
0.02013231952
0.01672743761
0.01366404583
0.01093113579
0.008515512049
0.006403326261
0.004582103468
0.003044128614
0.001790119006
0.0008326802084
0.000274450845
8.506091703e-05
3.452603451e-05
1.769110762e-05
1.022506334e-05
6.238610569e-06
3.897987423e-06
2.457031051e-06
1.548414871e-06
9.696685453e-07
6.006606308e-07
3.667237241e-07
2.201177482e-07
1.297662689e-07
7.520677118e-08
4.28805534e-08
2.407486257e-08
1.335173448e-08
7.370613858e-09
4.123010149e-09
2.429600617e-09
1.607778556e-09
1.266302414e-09
1.185761589e-09
1.234399164e-09
1.305260239e-09
1.345153025e-09
1.354138577e-09
1.35147947e-09
1.347843757e-09
1.345950593e-09
1.345620555e-09
0.1090550555
0.1055015587
0.1014695741
0.09699837857
0.09214299257
0.08696980825
0.08155225802
0.07596647362
0.07028825882
0.06459020103
0.05893979292
0.05339814698
0.04801895349
0.04284615762
0.0379162078
0.03325940918
0.02889468374
0.02484373003
0.02111829282
0.01771869237
0.0146407896
0.01187675974
0.009416121712
0.007246979931
0.005357534336
0.003738184931
0.002385660913
0.001305932464
0.0005378183334
0.0001656018406
5.713328844e-05
2.605531792e-05
1.423590056e-05
8.475967906e-06
5.242794769e-06
3.296301029e-06
2.083204642e-06
1.313828196e-06
8.228936734e-07
5.10063089e-07
3.122647346e-07
1.888165759e-07
1.12750148e-07
6.647528819e-08
3.872569083e-08
2.232898086e-08
1.278503778e-08
7.33234816e-09
4.297112618e-09
2.671668869e-09
1.856769902e-09
1.504036317e-09
1.410993265e-09
1.43338566e-09
1.472769215e-09
1.494068889e-09
1.500343141e-09
1.50024568e-09
1.498948424e-09
1.4986229e-09
0.1066244574
0.1031631654
0.09926960565
0.09498041692
0.09034486462
0.08542081869
0.08027188576
0.07496449269
0.06956516359
0.06413817333
0.05874387186
0.05343755932
0.04826841974
0.04327872267
0.03850320583
0.03396933368
0.02969889068
0.02571490837
0.02203090653
0.0186499208
0.01557070381
0.01278827841
0.01029474411
0.008080277679
0.006134326728
0.004447127564
0.003012048861
0.001830475703
0.0009176705336
0.000338359088
0.0001062422966
4.150835005e-05
2.075255727e-05
1.188266248e-05
7.234435755e-06
4.526538071e-06
2.865014543e-06
1.819402314e-06
1.153309547e-06
7.274328989e-07
4.55873702e-07
2.835739162e-07
1.749487948e-07
1.070374163e-07
6.496023808e-08
3.911920002e-08
2.340714245e-08
1.396868758e-08
8.381262236e-09
5.135355596e-09
3.301275748e-09
2.315567695e-09
1.841276275e-09
1.663266694e-09
1.623868238e-09
1.631321989e-09
1.644032591e-09
1.650269724e-09
1.651032647e-09
1.651079867e-09
0.1040581338
0.1007119687
0.096973331
0.09287597232
0.08846338558
0.08378647169
0.07890097087
0.0738650407
0.06873725485
0.06357467321
0.05843139474
0.05335758296
0.04839855279
0.04359400916
0.03897630185
0.03457280662
0.0304066252
0.02649984726
0.02286859939
0.01951822178
0.01644989847
0.01366111856
0.01114633426
0.008897784538
0.006906478918
0.005163412679
0.003661308523
0.002397976408
0.001378878907
0.0006215224379
0.0002075379236
7.144264558e-05
3.183291714e-05
1.72166428e-05
1.025501093e-05
6.379240579e-06
4.048092003e-06
2.591836109e-06
1.6648539e-06
1.07027069e-06
6.874709955e-07
4.405082032e-07
2.813371109e-07
1.790188823e-07
1.134319145e-07
7.153571462e-08
4.490952937e-08
2.809707409e-08
1.755278933e-08
1.098549456e-08
6.942058977e-09
4.503347482e-09
3.090850086e-09
2.332498094e-09
1.973197503e-09
1.83334047e-09
1.798059639e-09
1.797288079e-09
1.799787597e-09
1.800998732e-09
0.1013732953
0.09816187824
0.0945911946
0.09069239101
0.08650446999
0.08207227428
0.07744475147
0.07267316279
0.0678093426
0.06290413051
0.0580062071
0.05316119544
0.04841082264
0.04379225527
0.0393376351
0.03507252344
0.03101800429
0.02719783398
0.02363063455
0.02032233531
0.01727636181
0.01449249114
0.01196738584
0.009695285825
0.007668829143
0.005880014681
0.004321416861
0.002988006408
0.001880893746
0.001009384777
0.0004135518916
0.00013726251
5.307477442e-05
2.620513443e-05
1.50243919e-05
9.246869093e-06
5.88233237e-06
3.804429326e-06
2.484770083e-06
1.632479197e-06
1.07606348e-06
7.108160732e-07
4.701568526e-07
3.110688782e-07
2.056405392e-07
1.356971279e-07
8.931841344e-08
5.860544046e-08
3.829001952e-08
2.486909662e-08
1.604051457e-08
1.029689958e-08
6.6395988e-09
4.393849827e-09
3.091400048e-09
2.401408645e-09
2.084237491e-09
1.972258117e-09
1.947227282e-09
1.94568734e-09
0.09859136375
0.09552904413
0.09213548891
0.08843964457
0.08447633725
0.0802853043
0.07590991663
0.07139560951
0.06678848794
0.06213405962
0.05747629165
0.05285672725
0.048313793
0.04388224804
0.03959261317
0.03547024376
0.03153627124
0.02781175485
0.02431704807
0.02106090698
0.01804790245
0.01527962088
0.01275465972
0.01046913355
0.008417327687
0.006592467924
0.004987645734
0.003597068943
0.002418184025
0.001455769947
0.0007247658799
0.0002767341551
9.775999665e-05
4.277148689e-05
2.301028723e-05
1.385626437e-05
8.809691663e-06
5.767193714e-06
3.840712379e-06
2.58495589e-06
1.752424192e-06
1.194473497e-06
8.176421901e-07
5.614083756e-07
3.860949415e-07
2.655725759e-07
1.824375902e-07
1.249386596e-07
8.507692e-08
5.741064424e-08
3.825576595e-08
2.509247189e-08
1.617440242e-08
1.027520308e-08
6.512930103e-09
4.24133357e-09
2.977825989e-09
2.364986351e-09
2.139444254e-09
2.088919845e-09
0.09573609842
0.09283260869
0.08962185049
0.08613070403
0.08239008829
0.07843571796
0.07430617046
0.07004192641
0.06568417784
0.06127383296
0.05685071092
0.05245273123
0.04811533243
0.04387095909
0.03974855269
0.03577313523
0.03196460039
0.02834259792
0.02492934157
0.02173471948
0.01876435361
0.01602148363
0.01350642604
0.01121701189
0.009149125678
0.007297328303
0.005655584353
0.004218191133
0.002981189495
0.001945263146
0.001118073347
0.0005162313846
0.0001902251709
7.51716095e-05
3.717550395e-05
2.161575543e-05
1.369485409e-05
9.069827064e-06
6.15879933e-06
4.249274655e-06
2.964529625e-06
2.085135616e-06
1.475500779e-06
1.048581319e-06
7.471021348e-07
5.327154479e-07
3.793716626e-07
2.691664373e-07
1.896809499e-07
1.322768154e-07
9.090274065e-08
6.126457505e-08
4.028680324e-08
2.573646494e-08
1.594359046e-08
9.626228695e-09
5.78797975e-09
3.650924106e-09
2.629335097e-09
2.280520698e-09
0.09283446123
0.09009495342
0.08706926888
0.08378140658
0.0802601624
0.07653701202
0.07264647704
0.06862477622
0.06450887695
0.06033580695
0.05614159262
0.0519608886
0.04782636306
0.04376823866
0.03981386854
0.03598723138
0.03230880344
0.02879709811
0.02547226284
0.02234624092
0.01942689166
0.01671809851
0.01422169174
0.01193708639
0.009861689835
0.007991402943
0.00632119947
0.004845823906
0.003560731067
0.002463598877
0.001557527629
0.0008523817623
0.000374820876
0.0001441567883
6.456552697e-05
3.558072908e-05
2.227195078e-05
1.487086975e-05
1.027888768e-05
7.255414433e-06
5.193700984e-06
3.754899747e-06
2.734031768e-06
2.000301303e-06
1.467496663e-06
1.077323214e-06
7.895244343e-07
5.759567286e-07
4.168506426e-07
2.982123624e-07
2.099896866e-07
1.448393222e-07
9.730358797e-08
6.328471026e-08
3.960751871e-08
2.372968824e-08
1.35920146e-08
7.544520576e-09
4.248825831e-09
2.7573464e-09
0.0899139025
0.0873394858
0.0844974874
0.08141052123
0.07810398507
0.07460573277
0.07094677792
0.06715965822
0.06327784981
0.05933496025
0.05536344972
0.05139507245
0.04746000529
0.04358643011
0.03980011312
0.0361239612
0.0325779294
0.02917938832
0.02594867521
0.02289828368
0.02003670371
0.01736942964
0.01489952277
0.01262773561
0.01055283372
0.008671991832
0.006981250781
0.005476053161
0.004151923301
0.003005454689
0.002036016426
0.001248883225
0.00065665278
0.000286820812
0.0001225753771
6.298338152e-05
3.824824127e-05
2.548727603e-05
1.780717449e-05
1.277370464e-05
9.316193101e-06
6.872011149e-06
5.109124184e-06
3.818194074e-06
2.861494869e-06
2.14550077e-06
1.605298915e-06
1.195126174e-06
8.824058306e-07
6.437159159e-07
4.620249292e-07
3.247943501e-07
2.224704606e-07
1.476013225e-07
9.424130214e-08
5.745695511e-08
3.313825036e-08
1.790489923e-08
8.971315846e-09
4.235770255e-09
0.08700040008
0.08459050563
0.08193015294
0.07903907937
0.07594021443
0.07265915003
0.06922364402
0.0656629403
0.06200711211
0.05828641947
0.05453055683
0.05076859798
0.04702839187
0.04333615635
0.03971609013
0.03619005589
0.03277741717
0.02949557223
0.02636389343
0.02339403074
0.02059617265
0.01797712166
0.01554055437
0.01328856093
0.01122123197
0.009336985411
0.007632948848
0.006105398364
0.004750289826
0.003563973743
0.002544299295
0.00169268175
0.001016219862
0.0005278173955
0.0002441766971
0.0001203512942
6.991168689e-05
4.567993833e-05
3.179186744e-05
2.291151852e-05
1.685639538e-05
1.256922964e-05
9.45750892e-06
7.158061807e-06
5.435418575e-06
4.130757754e-06
3.133839144e-06
2.366671842e-06
1.773406534e-06
1.313659392e-06
9.579963355e-07
6.847413261e-07
4.77564634e-07
3.233896529e-07
2.11318619e-07
1.321948293e-07
7.829261828e-08
4.312822077e-08
2.127871743e-08
8.626247405e-09
0.08412229892
0.0818728266
0.07938839485
0.07668663249
0.07378809236
0.07071577804
0.06749462369
0.0641509354
0.0607118304
0.05720470088
0.05365672394
0.05009450838
0.04654375531
0.04302887174
0.03957262252
0.03619580723
0.03291705666
0.02975286927
0.02672186039
0.02383644744
0.02110705567
0.01854115332
0.0161438412
0.01391811896
0.01186512896
0.009984382986
0.008274055852
0.006731335094
0.005352839508
0.004135154468
0.003075619723
0.002173651625
0.001432855666
0.0008613395738
0.000465381811
0.0002403375956
0.0001349722787
8.48752125e-05
5.777835396e-05
4.131611667e-05
3.040323987e-05
2.275339402e-05
1.72119855e-05
1.310909192e-05
1.00232483e-05
7.674424372e-06
5.869534251e-06
4.472053631e-06
3.383957577e-06
2.534245712e-06
1.871203751e-06
1.357048413e-06
9.625618723e-07
6.6472846e-07
4.444932618e-07
2.857585283e-07
1.747873555e-07
9.981795775e-08
5.087664381e-08
2.071326794e-08
0.08130014774
0.07920527005
0.07688981171
0.07436944841
0.07166251086
0.0687895737
0.06577299662
0.06263644186
0.05940439234
0.05610169818
0.05275317141
0.04938323804
0.04601562364
0.04267303223
0.03937681054
0.03614665627
0.03300048016
0.02995439849
0.02702628396
0.02422875423
0.02157169969
0.01906385197
0.01671126406
0.01451746686
0.01248472818
0.01061366777
0.008903520276
0.007352443527
0.005957885357
0.004717072285
0.003627694914
0.002688682477
0.001899472961
0.001261577824
0.0007807323472
0.0004551091695
0.0002629468088
0.0001608806078
0.0001061529014
7.43761865e-05
5.425370513e-05
4.052209411e-05
3.067422871e-05
2.340842808e-05
1.794752204e-05
1.378639075e-05
1.058612801e-05
8.104719623e-06
6.167606271e-06
4.650872635e-06
3.463820657e-06
2.53889401e-06
1.824546036e-06
1.280307298e-06
8.732219128e-07
5.754471864e-07
3.63125691e-07
2.157085474e-07
1.155138108e-07
5.044601928e-08
0.07855103685
0.07660354469
0.0744489107
0.07210097775
0.06957601437
0.06689235964
0.0640700259
0.06113028117
0.0580952339
0.05498744242
0.05182956121
0.04864402794
0.04545277457
0.04227693473
0.03913654411
0.03605027679
0.03303530723
0.03010722868
0.02728241631
0.02457382862
0.02199200032
0.01954591294
0.01724214367
0.01508540916
0.01307868849
0.01122348864
0.009520017794
0.007967439707
0.006564226889
0.005308594599
0.004198861179
0.003232543473
0.002406504123
0.001719097756
0.001170599287
0.0007610616935
0.0004795862099
0.0003019036116
0.0001967174781
0.0001346582652
9.633352493e-05
7.112327979e-05
5.350601111e-05
4.067213239e-05
3.111773211e-05
2.389013394e-05
1.834721751e-05
1.40573345e-05
1.071630642e-05
8.10534113e-06
6.06432447e-06
4.47400394e-06
3.243653221e-06
2.302428042e-06
1.593708458e-06
1.070750358e-06
6.933803409e-07
4.266573825e-07
2.401440928e-07
1.137348704e-07
0.07588769501
0.07407939181
0.07207655041
0.06989131508
0.06753805726
0.06503307167
0.06239423445
0.05964064281
0.05679225677
0.0538695583
0.05089323871
0.04788391502
0.04486186142
0.04184673783
0.0388573182
0.03591125032
0.03302491707
0.03021338834
0.02749184334
0.02487407669
0.02237035329
0.01998926263
0.01773841175
0.01562333363
0.01364758082
0.01181364234
0.0101227498
0.00857515663
0.007170439025
0.005907690342
0.004784730464
0.0037979348
0.002943703798
0.002218844757
0.001620319125
0.001144253391
0.0007842398361
0.0005282729447
0.000355782765
0.0002435139709
0.0001712827294
0.0001239242011
9.167751923e-05
6.889117298e-05
5.227463675e-05
3.986053582e-05
3.044915487e-05
2.323894975e-05
1.767273798e-05
1.335458475e-05
9.998334468e-06
7.39371603e-06
5.383215035e-06
3.845955034e-06
2.686399013e-06
1.827594884e-06
1.204979411e-06
7.615987159e-07
4.472391035e-07
2.278017284e-07
0.0733187253
0.07164086778
0.06978031623
0.06774766319
0.06555555228
0.06321842055
0.06075220635
0.05817403995
0.05550193255
0.05275447743
0.04995057163
0.04710915731
0.04424897253
0.04138830101
0.03854472658
0.03573492122
0.03297451604
0.03027804624
0.02765952779
0.02513288329
0.02270833803
0.0203949166
0.01820043881
0.01613091429
0.01419086038
0.01238352609
0.0107110918
0.009174834356
0.007775215214
0.006511212149
0.00538006451
0.004378428065
0.003502689249
0.002748894944
0.002112370628
0.001587265115
0.001166195927
0.0008399086452
0.0005969573709
0.0004223659394
0.0002995869244
0.0002142996002
0.0001547971347
0.000113938813
8.501365074e-05
6.39030566e-05
4.822958306e-05
3.644978884e-05
2.750955597e-05
2.067317971e-05
1.542077381e-05
1.138045327e-05
8.281752727e-06
5.923319451e-06
4.150367541e-06
2.83928631e-06
1.889411662e-06
1.214148964e-06
7.355241996e-07
3.962626258e-07
0.07084896314
0.06929262227
0.06756472753
0.06567447175
0.06363293918
0.06145288982
0.05914851188
0.05673515616
0.05422906639
0.05164711644
0.04900656113
0.04632479944
0.04361914356
0.04090658917
0.03820359371
0.03552588637
0.03288834056
0.03030489072
0.02778845743
0.02535298347
0.02300889746
0.02076526472
0.01862981426
0.01660928607
0.01470905856
0.01293308742
0.01128441592
0.009765085503
0.008375563141
0.007114467163
0.0059795138
0.004967810978
0.004075888852
0.003299478904
0.00263321036
0.002070427173
0.001603202973
0.001222459634
0.0009181519373
0.0006797895652
0.0004967951373
0.0003592273956
0.0002579070339
0.0001844896987
0.000133996595
9.824194075e-05
7.256092267e-05
5.387611094e-05
4.009484927e-05
2.980187809e-05
2.203954412e-05
1.615356701e-05
1.168910538e-05
8.321789314e-06
5.811480844e-06
3.9710446e-06
2.648131758e-06
1.714954295e-06
1.058358649e-06
5.908154022e-07
0.06848039021
0.06703678071
0.06543209933
0.06367428886
0.06177303727
0.05973959897
0.05758658593
0.05532774068
0.05297770246
0.05055177584
0.04806570691
0.0455354666
0.04297703755
0.04040620326
0.03783834558
0.03528827207
0.03277009489
0.03029713832
0.02788186681
0.02553720638
0.0232741486
0.02110176872
0.01902803045
0.0170600772
0.01520370523
0.01346352225
0.0118432451
0.01034497538
0.008968932286
0.007714236089
0.006579178085
0.005561318435
0.004657380674
0.003863031148
0.003172687539
0.002579473055
0.002075328384
0.001651229418
0.001297524232
0.001004571196
0.0007635923163
0.000567544382
0.0004115251834
0.0002916496635
0.0002053412811
0.0001453010584
0.0001037763535
7.490735861e-05
5.4479958e-05
3.974251353e-05
2.893404213e-05
2.092268596e-05
1.496195208e-05
1.054050403e-05
7.2938964e-06
4.949341484e-06
3.286685008e-06
2.126592178e-06
1.319707631e-06
7.479347808e-07
0.06621258039
0.06487324485
0.06338269808
0.06174777578
0.05997692362
0.05808005059
0.05606835403
0.05395412632
0.05175055247
0.04947150649
0.04713135054
0.04474473743
0.04232641531
0.03989103575
0.03745297256
0.03502616419
0.03262400283
0.03025923574
0.02794387291
0.02568968017
0.02350796823
0.02140784934
0.01939763255
0.01748461894
0.01567513911
0.01397447637
0.01238616154
0.01091196593
0.009552500343
0.008307425003
0.007175563068
0.00615486387
0.005242252617
0.004433456226
0.003722902495
0.003103745798
0.002568007483
0.0021068107
0.001710755969
0.001370531265
0.001077851701
0.0008264378983
0.0006130653657
0.0004377992121
0.0003023389917
0.0002064830497
0.0001404943479
9.754378539e-05
6.859087898e-05
4.86292272e-05
3.457628035e-05
2.450974854e-05
1.722053378e-05
1.193459318e-05
8.130532199e-06
5.432702972e-06
3.55303463e-06
2.26716779e-06
1.393240901e-06
7.846602944e-07
0.06404379294
0.06280078181
0.06141583536
0.05989481452
0.05824506468
0.05647529666
0.05459544117
0.05261648493
0.0505502959
0.04840944397
0.04620702129
0.04395646364
0.04167137258
0.0393653411
0.03705178877
0.03474381897
0.03245410938
0.03019481107
0.0279774592
0.0258129375
0.02371244838
0.02168555621
0.01974060901
0.01788508766
0.01612557694
0.01446708747
0.01291283259
0.01146492999
0.01012445878
0.008891577745
0.007765530275
0.006744548459
0.005825709989
0.005004819212
0.004276372297
0.00363362729
0.003068765022
0.002573140238
0.002137670268
0.001753422818
0.001412442788
0.001108828302
0.000839932371
0.0006075290779
0.0004175151051
0.0002754563977
0.0001795285446
0.0001183602683
7.954885178e-05
5.43471691e-05
3.74157408e-05
2.572978365e-05
1.755378489e-05
1.18189106e-05
7.821748138e-06
5.072409005e-06
3.215468616e-06
1.990074505e-06
1.188870669e-06
6.502799258e-07
0.06197070684
0.06081657195
0.05952922204
0.05811366412
0.05657627327
0.05492469712
0.05316773557
0.05131520222
0.04937777424
0.04736683463
0.04529431116
0.04317251512
0.0410139805
0.03883130579
0.03663700589
0.03444338608
0.03226244082
0.03010575957
0.02798444465
0.02590907397
0.02388980814
0.02193688462
0.02005857936
0.01826230603
0.01655436838
0.01493940256
0.0134208354
0.01200111188
0.01068169937
0.009463117488
0.008344883987
0.007325402738
0.006401844684
0.005570076403
0.004824673701
0.004159027401
0.003565530834
0.003035852816
0.002561332458
0.002133547744
0.001745088274
0.00139056294
0.001067895557
0.0007799190252
0.0005353529421
0.0003456942199
0.0002141190359
0.0001335911174
8.526575893e-05
5.546910397e-05
3.640618832e-05
2.387384345e-05
1.551222501e-05
9.924546598e-06
6.223145584e-06
3.809819206e-06
2.275276469e-06
1.331093376e-06
7.572051277e-07
4.007074334e-07
0.0599900743
0.05891798854
0.0577208882
0.0564030346
0.05496994883
0.05342833608
0.05178598701
0.05005166113
0.04823495776
0.04634617862
0.04439618438
0.0423962492
0.04035791631
0.03829285615
0.0362127359
0.03412910965
0.03205332476
0.02999643432
0.02796912085
0.02598164178
0.0240437882
0.0221647555
0.02035332617
0.01861681502
0.01696086963
0.01539019421
0.01390845679
0.0125182548
0.01122128959
0.01001830219
0.008908964225
0.007891761176
0.006963903712
0.006121301883
0.005358622219
0.004669427591
0.004046391325
0.003481589286
0.002966898635
0.002494551983
0.00205788801
0.001652346656
0.001276814608
0.0009354159584
0.0006391654342
0.0004042694987
0.0002410152622
0.0001418520721
8.495397186e-05
5.187176253e-05
3.18973395e-05
1.950898736e-05
1.173267878e-05
6.888785538e-06
3.930669775e-06
2.186063769e-06
1.201783592e-06
6.612323404e-07
3.597988568e-07
1.882117228e-07
0.05809700932
0.05710060615
0.05598689351
0.05475948415
0.05342315052
0.05198376564
0.05044822266
0.04882433714
0.04712073622
0.04534673822
0.04351222561
0.04162751537
0.0397032297
0.03775017124
0.035779207
0.03380117585
0.03182680665
0.02986663469
0.0279309249
0.02602958696
0.02417207502
0.02236725475
0.02062306114
0.01894624293
0.01734244482
0.01581664293
0.01437244577
0.01301249056
0.01173866497
0.01055182792
0.009451699338
0.008436774887
0.007504278216
0.006650179578
0.005869292428
0.005155442752
0.004501702398
0.003900691139
0.003344977542
0.002827627166
0.002342941839
0.001887446264
0.001461236753
0.001069879667
0.0007265293874
0.0004511689328
0.0002592478404
0.0001443754388
8.111170871e-05
4.617789222e-05
2.621893986e-05
1.457347446e-05
7.812893903e-06
4.009572004e-06
2.004239987e-06
1.011366445e-06
5.235921177e-07
2.781329963e-07
1.483816471e-07
8.136888396e-08
0.05628864493
0.05536221642
0.05432572722
0.0531822264
0.05193582935
0.05059167248
0.04915584804
0.04763532219
0.04603784041
0.04437182262
0.04264625188
0.0408705605
0.03905451602
0.03720811218
0.03534147037
0.03346475762
0.03158810767
0.02972153443
0.02787483945
0.02605750501
0.0242785758
0.02254637657
0.02086820482
0.0192505362
0.0176989378
0.01621803523
0.01481144609
0.01348180702
0.01223076567
0.01105967962
0.009968206049
0.008954793864
0.008016688884
0.007149981308
0.006349729766
0.005610145782
0.004924830256
0.004287073124
0.003690251672
0.003128372112
0.002596795688
0.002093219084
0.001619069995
0.00118151988
0.000795909823
0.0004852952072
0.0002691093199
0.0001418806881
7.45229411e-05
3.926166657e-05
2.026115488e-05
9.940821126e-06
4.524301709e-06
1.959564503e-06
8.743562396e-07
4.164554764e-07
2.089608199e-07
1.094064799e-07
5.871606091e-08
3.510528394e-08
0.05455857044
0.05369670944
0.05273159874
0.05166580021
0.0505028561
0.04924725481
0.04790437817
0.04648043307
0.04498237026
0.04341779304
0.04179486118
0.04012219299
0.03840876671
0.03666382725
0.0348968015
0.03311722072
0.03133463868
0.02955853663
0.02779821688
0.02606268888
0.02436041724
0.02269907449
0.02108562872
0.01952607917
0.01802560731
0.01658869197
0.0152191426
0.01391967109
0.01269174952
0.01153593462
0.01045234838
0.009439659988
0.008495182598
0.007615217077
0.006795182357
0.00602979757
0.005313311481
0.004639797689
0.004003550015
0.003399612832
0.002824482814
0.002277056999
0.001759988428
0.001281678509
0.000858816555
0.0005162600508
0.0002767641239
0.0001377719487
6.727484037e-05
3.24799687e-05
1.492973921e-05
6.165362549e-06
2.280376973e-06
8.548977401e-07
3.572717381e-07
1.652046022e-07
8.171901716e-08
4.293821561e-08
2.391827647e-08
1.592682291e-08
0.05290725408
0.05210534371
0.05120659373
0.05021313913
0.04912801428
0.04795512818
0.04669922285
0.04536581729
0.04396113935
0.04249204767
0.04096594877
0.03939071353
0.03777459555
0.03612614954
0.03445415606
0.03276754311
0.03107529172
0.02938633002
0.02770941931
0.02605292443
0.02442457284
0.02283147067
0.0212800273
0.01977586498
0.01832427935
0.01692989753
0.01559626012
0.01432583578
0.01311991444
0.01197892061
0.01090225838
0.009889092019
0.008937371609
0.00804365447
0.007203789646
0.006413074887
0.005666468374
0.004958873657
0.004285523919
0.003642489972
0.003027346502
0.002440075879
0.001884374729
0.001369619811
0.0009135517571
0.00054244262
0.0002814674914
0.0001318437101
5.939155318e-05
2.594919686e-05
1.022287287e-05
3.381158467e-06
1.038321466e-06
3.567642001e-07
1.441402269e-07
6.592407529e-08
3.287399551e-08
1.796171729e-08
1.095440603e-08
8.284002482e-09
0.05132766889
0.05058106026
0.04974363866
0.04881716981
0.04780424422
0.04670825955
0.04553338807
0.0442845313
0.04296726402
0.04158777004
0.04015277275
0.03866946325
0.03714542936
0.03558858327
0.03400708608
0.03240926147
0.03080349268
0.02919811418
0.0276012135
0.02602042256
0.02446292017
0.02293537038
0.02144389943
0.01999411071
0.01859064677
0.01723740403
0.01593768257
0.01469408984
0.01350833559
0.01238078795
0.01131069254
0.01029731549
0.009338968702
0.008432627561
0.007574667589
0.006761024891
0.005987402918
0.00524954781
0.004543612891
0.003866634534
0.003217148748
0.002596021862
0.002007652106
0.001461787226
0.0009760805972
0.00057664897
0.000291042123
0.0001272294259
5.182974992e-05
1.977088599e-05
6.352544499e-06
1.689903083e-06
4.581787325e-07
1.498075329e-07
5.972186207e-08
2.781280624e-08
1.469920296e-08
8.964494524e-09
6.397436696e-09
5.502785877e-09
0.04984663576
0.04915142172
0.04837100028
0.04750679947
0.04656100048
0.04553652773
0.04443702568
0.04326682381
0.04203089194
0.0407347887
0.03938460544
0.0379869065
0.0365486634
0.03507718688
0.03358004905
0.03206498859
0.03053981011
0.02901220914
0.02748957997
0.02597899167
0.02448710917
0.02302013368
0.02158374292
0.02018301884
0.01882247979
0.017506385
0.01623820596
0.01502023721
0.01385370319
0.01273867495
0.0116745528
0.01066013998
0.009695140332
0.008776902419
0.007902307286
0.007067894991
0.006270058133
0.005505302123
0.004770583139
0.004063740577
0.003384059631
0.002733044841
0.0021155464
0.001541450364
0.001028517962
0.0006035258145
0.0002967556037
0.0001214363315
4.375565757e-05
1.375159057e-05
3.515078378e-06
7.986913116e-07
2.019250181e-07
6.476240784e-08
2.653904836e-08
1.34818941e-08
8.275489555e-09
6.073282063e-09
5.136977918e-09
4.836558525e-09
0.04859269665
0.04793981007
0.04720637857
0.04639356726
0.04550323666
0.04453793563
0.04350087638
0.04239590539
0.04122749582
0.04000071928
0.03872116182
0.03739485934
0.03602825252
0.03462812074
0.03320150251
0.03175560518
0.03029765419
0.02883472249
0.02737369399
0.0259211832
0.02448347437
0.02306647436
0.02167567718
0.0203161312
0.01899227688
0.01770757749
0.01646484824
0.01526639133
0.01411371959
0.01300750411
0.01194747786
0.01093376818
0.009964828876
0.009038535908
0.008152321871
0.007303324296
0.00648857521
0.0057052453
0.004950953516
0.004224154403
0.003524647479
0.002854282196
0.002217977329
0.001625306888
0.00109267603
0.0006449619543
0.0003110994706
0.0001128475415
3.215711105e-05
8.11212226e-06
1.775522757e-06
3.717651841e-07
9.161181884e-08
3.035131772e-08
1.39515555e-08
8.558921145e-09
6.485040637e-09
5.640123749e-09
5.299215807e-09
5.198068098e-09
)
;

boundaryField
{
    inletCH4
    {
        type            fixedValue;
        value           uniform 0;
    }
    wallOutside
    {
        type            zeroGradient;
    }
    wallTube
    {
        type            zeroGradient;
    }
    inletPilot
    {
        type            fixedValue;
        value           uniform 0.0942;
    }
    inletAir
    {
        type            fixedValue;
        value           uniform 0;
    }
    outlet
    {
        type            zeroGradient;
    }
    axis
    {
        type            empty;
    }
    frontAndBack_pos
    {
        type            wedge;
    }
    frontAndBack_neg
    {
        type            wedge;
    }
}


// ************************************************************************* //
