/*--------------------------------*- C++ -*----------------------------------*\
  =========                 |
  \\      /  F ield         | OpenFOAM: The Open Source CFD Toolbox
   \\    /   O peration     | Website:  https://openfoam.org
    \\  /    A nd           | Version:  10
     \\/     M anipulation  |
\*---------------------------------------------------------------------------*/
FoamFile
{
    format      ascii;
    class       volScalarField;
    location    "3000";
    object      HCCOH;
}
// * * * * * * * * * * * * * * * * * * * * * * * * * * * * * * * * * * * * * //

dimensions      [0 0 0 0 0 0 0];

internalField   nonuniform List<scalar> 
5170
(
4.210850414e-65
3.390101084e-65
2.093568594e-65
1.02935982e-65
8.195347012e-66
1.438116558e-62
1.146159516e-62
6.969373631e-63
4.01237662e-63
7.095589185e-63
4.938727688e-60
3.909938734e-60
2.371431084e-60
1.856944549e-60
5.581936391e-60
1.719455412e-57
1.361203674e-57
8.538830419e-58
9.524844136e-58
4.002907155e-57
6.064953879e-55
4.848078728e-55
3.268310463e-55
5.144344159e-55
2.660860027e-54
2.176845681e-52
1.778977598e-52
1.318868734e-52
2.843313142e-52
1.661041245e-51
7.947431389e-50
6.695902196e-50
5.679529597e-50
1.58972589e-49
9.965361093e-49
2.951306378e-47
2.591015318e-47
2.620112215e-47
8.961771279e-47
5.825179983e-46
1.120090503e-44
1.044663724e-44
1.267394978e-44
5.092959233e-44
3.34510749e-43
4.362902702e-42
4.397264219e-42
6.374611928e-42
2.932324764e-41
1.901454028e-40
1.745721853e-39
1.932317654e-39
3.32746211e-39
1.714713446e-38
1.077585205e-37
7.166973557e-37
8.87004375e-37
1.812924195e-36
1.02215762e-35
6.127125181e-35
3.015157825e-34
4.239863654e-34
1.038571842e-33
6.277464584e-33
3.510111382e-32
1.291701074e-31
2.095087091e-31
6.209170683e-31
3.979989199e-30
2.028807408e-29
5.609311971e-29
1.060627793e-28
3.812573581e-28
2.58423908e-27
1.179749621e-26
2.42485427e-26
5.397269036e-26
2.342916148e-25
1.649978497e-24
6.856089912e-24
1.03449131e-23
2.738255975e-23
1.393609616e-22
1.015499708e-21
3.950565709e-21
4.236354462e-21
1.349516347e-20
7.951145505e-20
5.855604783e-19
2.230842557e-18
1.586375196e-18
6.280783383e-18
4.197611917e-17
3.075948119e-16
1.226824393e-15
5.040412259e-16
2.781021699e-15
2.111423539e-14
1.44064135e-13
6.606560761e-13
1.496410965e-26
1.160377415e-26
3.236681728e-27
8.071133788e-27
8.460848929e-27
1.018238042e-26
1.26940616e-26
5.613554307e-27
1.331641955e-26
1.086547421e-26
1.012515106e-26
8.048719818e-27
5.466977064e-27
7.890116686e-27
6.572159852e-27
5.721308663e-27
5.262915741e-27
4.641911722e-27
5.831512375e-27
4.784463262e-27
3.944433316e-27
4.194011612e-27
3.769858216e-27
3.351836676e-27
3.057443389e-27
2.970042429e-27
3.251865739e-27
2.899820216e-27
2.246075006e-27
2.057293945e-27
2.399530081e-27
2.707900068e-27
2.348152303e-27
1.7574357e-27
1.404842975e-27
1.4534835e-27
1.933274871e-27
1.899443691e-27
2.028088024e-27
1.138393527e-27
1.064288342e-27
1.441342274e-27
1.512096987e-27
2.498154811e-27
1.575651399e-27
7.380037405e-28
1.071733315e-27
1.175131119e-27
1.937308741e-27
1.131715835e-27
1.573694926e-27
1.231476534e-27
1.363565414e-27
2.000932053e-27
1.134916568e-27
1.634278925e-25
6.385666595e-26
3.335865099e-26
2.0185859e-26
1.112418782e-26
2.639120169e-23
1.168316272e-23
6.108877376e-24
3.29342689e-24
1.6000759e-24
4.278728135e-21
2.17287312e-21
1.105998937e-21
5.466528293e-22
2.351507067e-22
6.961695861e-19
3.869394732e-19
1.887015755e-19
8.513053183e-20
3.258147854e-20
1.137212489e-16
6.464367441e-17
2.994645607e-17
1.225717977e-17
4.176563893e-18
1.873431179e-14
9.712315599e-15
4.327149807e-15
1.602253968e-15
4.825168013e-16
2.735693107e-12
1.227731984e-12
5.437738236e-13
1.806570554e-13
4.825152195e-14
2.116481037e-10
1.006197246e-10
5.238690488e-11
1.575719893e-11
3.795456785e-12
5.119899291e-10
1.848112626e-09
1.869240851e-09
7.410503904e-10
1.872349373e-10
2.176243147e-14
1.57244883e-13
2.223564514e-12
3.019382011e-11
3.517353341e-10
8.977800874e-13
6.764026702e-12
9.364562825e-11
1.175198926e-09
1.174057966e-08
5.538856002e-12
3.773005768e-11
4.370010012e-10
4.190706398e-09
2.722090252e-08
2.288684603e-11
1.441593756e-10
1.444478174e-09
1.122404106e-08
5.676797406e-08
7.805174611e-11
4.588180111e-10
4.012387161e-09
2.606561956e-08
1.111952096e-07
2.387429167e-10
1.289704707e-09
9.673133888e-09
5.153706097e-08
1.787199196e-07
6.828895064e-10
3.368886738e-09
2.099633969e-08
8.746330148e-08
2.405990069e-07
1.775431518e-09
7.916395572e-09
3.94740388e-08
1.285617372e-07
2.921098728e-07
4.168816759e-09
1.643432579e-08
6.507431451e-08
1.732088778e-07
3.487242133e-07
8.915043153e-09
3.042175307e-08
9.739170424e-08
2.224453864e-07
4.127282646e-07
1.799590913e-08
5.096438185e-08
1.346322195e-07
2.734493659e-07
4.723404749e-07
3.294952747e-08
7.731646948e-08
1.744017426e-07
3.218516914e-07
5.192781922e-07
5.547637573e-08
1.095942863e-07
2.165022379e-07
3.686278088e-07
5.626509036e-07
8.812519401e-08
1.491249564e-07
2.627774569e-07
4.181651278e-07
6.120262359e-07
1.345787895e-07
1.984908153e-07
3.159062439e-07
4.735199238e-07
6.68145183e-07
1.980140885e-07
2.609289996e-07
3.783364067e-07
5.353119056e-07
7.27104222e-07
2.800842273e-07
3.38914276e-07
4.518008191e-07
6.031839527e-07
7.858550444e-07
3.784222919e-07
4.315258073e-07
5.363025877e-07
6.779698315e-07
8.477826949e-07
4.898197047e-07
5.368294618e-07
6.319063032e-07
7.626185318e-07
9.210891457e-07
6.107069155e-07
6.52498702e-07
7.389258493e-07
8.606522161e-07
1.012007022e-06
7.396131969e-07
7.774884401e-07
8.574017515e-07
9.727770144e-07
1.119992605e-06
8.755570376e-07
9.106496232e-07
9.857186249e-07
1.095982645e-06
1.23903683e-06
1.017430885e-06
1.050104075e-06
1.120550433e-06
1.224994076e-06
1.361430243e-06
1.16293514e-06
1.193117573e-06
1.258474919e-06
1.355734129e-06
1.483066641e-06
1.310139714e-06
1.337858929e-06
1.398007013e-06
1.487688755e-06
1.605451246e-06
1.458991198e-06
1.484453309e-06
1.539838059e-06
1.622962281e-06
1.732917806e-06
1.610820482e-06
1.634551081e-06
1.686469827e-06
1.765101226e-06
1.870699496e-06
1.767872885e-06
1.790791012e-06
1.841317433e-06
1.919020135e-06
2.0254149e-06
1.932536007e-06
1.955725792e-06
2.007278331e-06
2.08811478e-06
2.201885669e-06
2.110103287e-06
2.135506454e-06
2.192896612e-06
2.284133106e-06
2.415079651e-06
2.317992728e-06
2.348988289e-06
2.419226063e-06
2.532708396e-06
2.699013374e-06
2.603747243e-06
2.646201409e-06
2.743293953e-06
2.900456543e-06
3.129026031e-06
3.08621758e-06
3.149222595e-06
3.292082568e-06
3.526100794e-06
3.856717188e-06
4.070025606e-06
4.164140377e-06
4.377156005e-06
4.705752668e-06
5.155174717e-06
5.970048619e-06
6.08663039e-06
6.339418235e-06
6.713276214e-06
7.18982165e-06
8.586036575e-06
8.676356542e-06
8.864950067e-06
9.123158123e-06
9.413475813e-06
1.071702122e-05
1.073801438e-05
1.077238221e-05
1.079203539e-05
1.075679909e-05
1.13550335e-05
1.129806296e-05
1.116274803e-05
1.092969359e-05
1.056703813e-05
1.018974263e-05
1.006755164e-05
9.792575484e-06
9.358407335e-06
8.749751364e-06
7.339887771e-06
7.183989932e-06
6.842495108e-06
6.329435389e-06
5.661300271e-06
3.673513441e-06
3.563180622e-06
3.332958585e-06
3.016627612e-06
2.652959744e-06
1.504854664e-06
1.468406159e-06
1.392148104e-06
1.2859952e-06
1.160043467e-06
6.296456125e-07
6.17152832e-07
5.907360718e-07
5.532772964e-07
5.076902897e-07
2.68092709e-07
2.635724425e-07
2.539492596e-07
2.401381046e-07
2.230526286e-07
1.155868396e-07
1.138878524e-07
1.102546657e-07
1.049977622e-07
9.84213774e-08
5.030082954e-08
4.96446434e-08
4.823702936e-08
4.618852111e-08
4.360501831e-08
2.205013371e-08
2.179164274e-08
2.123583936e-08
2.042342288e-08
1.939247767e-08
9.72670527e-09
9.623332633e-09
9.400653544e-09
9.074040151e-09
8.657537245e-09
4.316511322e-09
4.27468265e-09
4.184443022e-09
4.051711182e-09
3.881769143e-09
1.928159447e-09
1.911075204e-09
1.874173237e-09
1.819770424e-09
1.749889227e-09
8.681971445e-10
8.611810682e-10
8.460128653e-10
8.236136973e-10
7.947742359e-10
3.953656735e-10
3.92500798e-10
3.863060802e-10
3.771552345e-10
3.653695335e-10
1.836851071e-10
1.82567889e-10
1.801571532e-10
1.766095682e-10
1.720676611e-10
8.971041917e-11
8.937928593e-11
8.86762326e-11
8.767265231e-11
8.644861156e-11
5.247910679e-11
5.2654641e-11
5.306923783e-11
5.377747865e-11
5.487848403e-11
5.194234933e-11
5.220513054e-11
5.278262572e-11
5.365838059e-11
5.482642883e-11
5.287668032e-11
5.307667259e-11
5.351469131e-11
5.417556665e-11
5.505249099e-11
5.177676785e-11
5.19294031e-11
5.226615706e-11
5.278096612e-11
5.347690107e-11
4.971413498e-11
4.987930113e-11
5.024522484e-11
5.08085578e-11
5.157706781e-11
4.979059976e-11
4.999902157e-11
5.046010128e-11
5.116799477e-11
5.212989122e-11
5.333024686e-11
5.357894831e-11
5.412785475e-11
5.496705742e-11
5.610061639e-11
5.999965888e-11
6.02782888e-11
6.089225042e-11
6.18282026e-11
6.308735143e-11
6.928690465e-11
6.958319976e-11
7.023527272e-11
7.12271537e-11
7.255748798e-11
8.057874476e-11
8.08804464e-11
8.154377888e-11
8.255111797e-11
8.38990895e-11
9.322950312e-11
9.352593253e-11
9.417717922e-11
9.516492543e-11
9.648441244e-11
1.066638354e-10
1.069467999e-10
1.075680965e-10
1.085095262e-10
1.097655352e-10
1.203483444e-10
1.206121302e-10
1.211910301e-10
1.220675826e-10
1.2323593e-10
1.338997785e-10
1.341411994e-10
1.346708103e-10
1.354722875e-10
1.365398121e-10
1.467984813e-10
1.4701624e-10
1.474937645e-10
1.482161042e-10
1.491777343e-10
1.577015507e-10
1.578984116e-10
1.583300253e-10
1.589827462e-10
1.598514196e-10
1.14488666e-09
4.569096199e-08
7.211556859e-08
1.435158272e-07
2.614084204e-07
3.596091105e-07
4.12519534e-07
4.474520459e-07
5.106148472e-07
5.857995306e-07
6.44059706e-07
6.782838165e-07
7.145158115e-07
7.642528524e-07
8.20941195e-07
8.753857126e-07
9.236748201e-07
9.743731411e-07
1.040899915e-06
1.129820743e-06
1.237494405e-06
1.354615527e-06
1.471895009e-06
1.586203895e-06
1.701179322e-06
1.823344193e-06
1.959382871e-06
2.117077472e-06
2.302973673e-06
2.534194208e-06
2.852556287e-06
3.338969799e-06
4.150793064e-06
5.53138248e-06
7.549148501e-06
9.589826443e-06
1.066227134e-05
1.021666562e-05
8.224910325e-06
5.142075716e-06
2.406942903e-06
1.070526286e-06
4.742931639e-07
2.10287407e-07
9.343996045e-08
4.162818267e-08
1.85974362e-08
8.334330041e-09
3.749217758e-09
1.695157083e-09
7.7212106e-10
3.561111308e-10
1.685311228e-10
8.556393742e-11
5.593745732e-11
5.578348423e-11
5.576905557e-11
5.405927494e-11
5.222694247e-11
5.293903915e-11
5.704689928e-11
6.413314083e-11
7.365815775e-11
8.501112896e-11
9.757061181e-11
1.107978339e-10
1.241950701e-10
1.374154318e-10
1.499660417e-10
1.605632605e-10
2.425810508e-09
2.945718636e-09
1.45355163e-09
4.378606648e-09
8.804332205e-10
1.346200165e-07
6.600185404e-07
5.432866711e-08
4.746139173e-09
3.113358894e-09
1.629276353e-07
3.622722984e-07
5.621174913e-08
5.840960684e-09
2.10383445e-09
3.456038668e-07
1.317019561e-06
5.953572851e-06
4.245308719e-07
3.495166735e-08
5.952653858e-07
1.897613188e-06
5.397754039e-06
4.580719378e-07
3.476399752e-08
7.179283621e-07
1.656145035e-06
2.922832427e-06
3.283893477e-07
3.015281503e-08
7.177021118e-07
1.25812015e-06
1.641675466e-06
2.430546099e-07
2.982397584e-08
7.082408784e-07
1.122251044e-06
1.570580643e-06
2.760425638e-06
3.543589809e-07
7.869935762e-07
1.364438314e-06
2.452603367e-06
5.761587351e-06
8.71216686e-07
8.792573583e-07
1.49463745e-06
2.463367926e-06
4.445166425e-06
8.298349771e-07
9.262138953e-07
1.449200736e-06
2.095331294e-06
3.081463112e-06
6.681404434e-07
9.308867782e-07
1.339206351e-06
1.748584243e-06
2.244947228e-06
1.474695529e-06
9.547076989e-07
1.364147382e-06
1.895928165e-06
2.893474786e-06
5.370492621e-06
1.006263524e-06
1.446965841e-06
2.055788681e-06
3.103309868e-06
5.359860223e-06
1.063207014e-06
1.502575016e-06
2.071372958e-06
2.916139893e-06
4.435363282e-06
1.10816094e-06
1.509813303e-06
1.980844183e-06
2.591918109e-06
3.532680665e-06
1.137084688e-06
1.483582946e-06
1.85570178e-06
2.294885403e-06
2.917532698e-06
1.168992751e-06
1.483572074e-06
1.837241549e-06
2.314541406e-06
3.172499123e-06
1.225772176e-06
1.542185187e-06
1.936719436e-06
2.527204497e-06
3.633995248e-06
1.312806228e-06
1.646269374e-06
2.085129496e-06
2.746876419e-06
3.928308858e-06
1.42045158e-06
1.76582266e-06
2.223733352e-06
2.897498304e-06
4.039228808e-06
1.534194868e-06
1.876367804e-06
2.324989065e-06
2.969703194e-06
4.023066377e-06
1.642854079e-06
1.968173104e-06
2.389935542e-06
2.988497974e-06
3.942274812e-06
1.745263022e-06
2.048427717e-06
2.441782838e-06
3.001267699e-06
3.878022958e-06
1.848834644e-06
2.134852947e-06
2.514192104e-06
3.065707373e-06
3.928792307e-06
1.963342581e-06
2.243271872e-06
2.631112049e-06
3.212114903e-06
4.120775988e-06
2.097711976e-06
2.387555709e-06
2.806404504e-06
3.450048343e-06
4.439259945e-06
2.261315445e-06
2.578702081e-06
3.053355867e-06
3.791975228e-06
4.876884923e-06
2.463230332e-06
2.831059629e-06
3.395347526e-06
4.264424644e-06
5.433011597e-06
2.724423579e-06
3.177970515e-06
3.876764103e-06
4.905609971e-06
6.094481964e-06
3.098630544e-06
3.684512344e-06
4.565815298e-06
5.744122049e-06
6.80773224e-06
3.674144947e-06
4.451327135e-06
5.531900754e-06
6.746695651e-06
7.446606726e-06
4.613160596e-06
5.60049226e-06
6.77594793e-06
7.75512908e-06
7.803891296e-06
6.105887966e-06
7.156308702e-06
8.111200383e-06
8.474387158e-06
7.646827838e-06
8.072394506e-06
8.80413076e-06
9.121385165e-06
8.593733924e-06
6.891715135e-06
9.817538493e-06
9.868449534e-06
9.322096538e-06
7.911794259e-06
5.644670807e-06
1.047763767e-05
9.754350805e-06
8.39901077e-06
6.361969487e-06
4.063854791e-06
9.653400235e-06
8.304070539e-06
6.449058893e-06
4.360180346e-06
2.756588357e-06
7.417056425e-06
5.802034821e-06
4.063765162e-06
2.691079013e-06
1.75807868e-06
4.380110392e-06
3.192350796e-06
2.247088779e-06
1.549221133e-06
1.050256999e-06
2.061203554e-06
1.572559198e-06
1.161721219e-06
8.362379332e-07
5.89366152e-07
9.421967995e-07
7.486101035e-07
5.756627827e-07
4.305956126e-07
3.146698832e-07
4.259227826e-07
3.493124159e-07
2.775490038e-07
2.14515519e-07
1.618743095e-07
1.916716604e-07
1.611362241e-07
1.314771739e-07
1.044504489e-07
8.104085355e-08
8.613986034e-08
7.385200806e-08
6.1579359e-08
5.006305493e-08
3.978405569e-08
3.872067031e-08
3.372912024e-08
2.863356289e-08
2.373766241e-08
1.925807906e-08
1.742482407e-08
1.538011621e-08
1.325585382e-08
1.117496924e-08
9.231324568e-09
7.856567363e-09
7.01289037e-09
6.123701129e-09
5.238598253e-09
4.397469645e-09
3.552925013e-09
3.202667075e-09
2.829115201e-09
2.452335062e-09
2.089168217e-09
1.613987047e-09
1.467932966e-09
1.310700176e-09
1.150488191e-09
9.944621732e-10
7.384929753e-10
6.776460149e-10
6.117791422e-10
5.443436007e-10
4.785068948e-10
3.423703688e-10
3.175309258e-10
2.907575414e-10
2.636295326e-10
2.377144263e-10
1.633041893e-10
1.540625839e-10
1.444807492e-10
1.354203744e-10
1.278344277e-10
8.430197674e-11
8.250877656e-11
8.143590403e-11
8.179296046e-11
8.450389718e-11
5.757981443e-11
6.096638796e-11
6.507170276e-11
6.985095191e-11
7.530349391e-11
5.722622788e-11
6.00310872e-11
6.336437733e-11
6.724289594e-11
7.158295364e-11
5.684991067e-11
5.896720066e-11
6.151737879e-11
6.452039681e-11
6.801989337e-11
5.494620304e-11
5.676204148e-11
5.906273446e-11
6.191900516e-11
6.542344582e-11
5.322044162e-11
5.528650176e-11
5.793923381e-11
6.126091668e-11
6.534659335e-11
5.417291246e-11
5.670631904e-11
5.990428034e-11
6.382713776e-11
6.853914266e-11
5.84858033e-11
6.140415457e-11
6.503615866e-11
6.942149833e-11
7.459945699e-11
6.57201021e-11
6.890870702e-11
7.283307434e-11
7.751239951e-11
8.296298106e-11
7.532581094e-11
7.865270996e-11
8.271250983e-11
8.750692516e-11
9.303344043e-11
8.669402926e-11
9.003353363e-11
9.408277514e-11
9.883022727e-11
1.042595885e-10
9.921299052e-11
1.024593154e-10
1.063771401e-10
1.109460639e-10
1.161408635e-10
1.123576834e-10
1.154322626e-10
1.191302596e-10
1.23426179e-10
1.282899351e-10
1.256437347e-10
1.284933968e-10
1.31912759e-10
1.358742619e-10
1.403461439e-10
1.387374354e-10
1.413345704e-10
1.444458612e-10
1.48043745e-10
1.520968958e-10
1.511560442e-10
1.534915999e-10
1.562867839e-10
1.595155194e-10
1.631484146e-10
1.61637694e-10
1.637454257e-10
1.662666637e-10
1.691772005e-10
1.724498675e-10
1.104299294e-10
1.474706799e-11
2.510780798e-12
6.354753422e-13
2.44584327e-13
1.228405527e-13
7.177019235e-14
4.541652061e-14
2.958142066e-14
1.939582544e-14
1.26836325e-14
8.243595879e-15
5.313753632e-15
3.390578392e-15
2.138255642e-15
1.330937378e-15
8.169593353e-16
4.942426154e-16
2.946514921e-16
1.731278128e-16
1.003173546e-16
5.739335308e-17
3.249016278e-17
1.826498391e-17
1.025799511e-17
5.808357512e-18
3.357129637e-18
2.008666292e-18
1.258958951e-18
8.306299012e-19
5.745696997e-19
4.123684886e-19
3.034090195e-19
2.266021963e-19
1.706084555e-19
1.288650062e-19
9.72266115e-20
7.292004883e-20
5.407068386e-20
3.942778354e-20
2.814756126e-20
1.961659725e-20
1.33317187e-20
8.84134963e-21
5.733346438e-21
3.645742486e-21
2.280085098e-21
1.406043851e-21
8.563329036e-22
5.153770201e-22
3.063497632e-22
1.795927834e-22
1.035850942e-22
5.855112271e-23
3.21920854e-23
1.69302723e-23
8.153680504e-24
3.23413509e-24
7.529138888e-25
6.159283572e-26
5.946810726e-10
8.713834068e-11
1.62997739e-11
5.048027254e-12
2.502470945e-12
1.527396471e-12
9.71853287e-13
6.245588695e-13
3.9436185e-13
2.458133798e-13
1.505480285e-13
9.103688142e-14
5.442641759e-14
3.225629663e-14
1.897856395e-14
1.109477342e-14
6.446712583e-15
3.722410203e-15
2.135260225e-15
1.216161052e-15
6.875766651e-16
3.860027192e-16
2.154812805e-16
1.199559616e-16
6.694563534e-17
3.777240337e-17
2.179777488e-17
1.303497541e-17
8.165521103e-18
5.381402547e-18
3.716326383e-18
2.662830037e-18
1.957190745e-18
1.461694776e-18
1.101812465e-18
8.341941554e-19
6.314517971e-19
4.753880301e-19
3.538794801e-19
2.59006557e-19
1.855417302e-19
1.297239461e-19
8.844090241e-20
5.884604063e-20
3.829821785e-20
2.445291808e-20
1.536340759e-20
9.522000264e-21
5.830556669e-21
3.528479611e-21
2.108928933e-21
1.242987133e-21
7.206552694e-22
4.093188659e-22
2.259667507e-22
1.191699939e-22
5.750184336e-23
2.293581287e-23
5.712118669e-24
5.797035291e-25
7.920556829e-10
1.708408995e-10
4.417378403e-11
2.028618494e-11
1.251465834e-11
8.486155525e-12
5.715853956e-12
3.817801943e-12
2.479361946e-12
1.578740706e-12
9.777339237e-13
5.923934359e-13
3.505843379e-13
2.034194029e-13
1.159238372e-13
6.511627477e-14
3.618014153e-14
1.995246001e-14
1.095514269e-14
5.999889371e-15
3.281033256e-15
1.792400202e-15
9.792438127e-16
5.361950737e-16
2.955189494e-16
1.651195532e-16
9.447419376e-17
5.598922866e-17
3.471235226e-17
2.261726694e-17
1.544629419e-17
1.096642956e-17
8.011793136e-18
5.968688526e-18
4.503296275e-18
3.422259008e-18
2.605380341e-18
1.974868777e-18
1.480657566e-18
1.091334889e-18
7.870178316e-19
5.537386245e-19
3.798284024e-19
2.542751503e-19
1.665438566e-19
1.070658336e-19
6.777174938e-20
4.234452278e-20
2.615143713e-20
1.596658496e-20
9.628460048e-21
5.724888725e-21
3.347138479e-21
1.915794201e-21
1.064295924e-21
5.633211762e-22
2.719507131e-22
1.07897027e-22
2.704543584e-23
2.854008153e-24
7.895569518e-09
1.43134182e-09
2.049100207e-10
7.078230291e-11
4.427262205e-11
3.112842463e-11
2.189217044e-11
1.513298352e-11
1.021535168e-11
6.741949966e-12
4.335690174e-12
2.72101098e-12
1.663536691e-12
9.923331447e-13
5.772765494e-13
3.282117687e-13
1.826283023e-13
9.981494081e-14
5.377300867e-14
2.86849776e-14
1.521438682e-14
8.053302407e-15
4.267760172e-15
2.272194566e-15
1.220809644e-15
6.659429739e-16
3.718414234e-16
2.145878324e-16
1.291760986e-16
8.159253049e-17
5.409496123e-17
3.745471003e-17
2.686687402e-17
1.980077158e-17
1.488446908e-17
1.133555485e-17
8.683648865e-18
6.638707178e-18
5.024980519e-18
3.739778098e-18
2.722782566e-18
1.933669076e-18
1.338684389e-18
9.045824055e-19
5.982097196e-19
3.884612996e-19
2.485005888e-19
1.569772224e-19
9.804120466e-20
6.05437341e-20
3.693274631e-20
2.221367174e-20
1.313386898e-20
7.595797334e-21
4.25582586e-21
2.263752017e-21
1.093526041e-21
4.309005759e-22
1.070908396e-22
1.137379122e-23
1.114698693e-08
3.182019522e-09
6.213249942e-10
1.816324856e-10
1.09169106e-10
7.897121925e-11
5.810148098e-11
4.207975799e-11
2.988379816e-11
2.079488096e-11
1.415450366e-11
9.419615697e-12
6.11799832e-12
3.877550707e-12
2.394098969e-12
1.440553155e-12
8.439150536e-13
4.819904875e-13
2.684875614e-13
1.462961277e-13
7.817619015e-14
4.116400804e-14
2.145503882e-14
1.113396144e-14
5.788550722e-15
3.036958279e-15
1.620893201e-15
8.880773728e-16
5.042151831e-16
2.991166247e-16
1.863537872e-16
1.21998249e-16
8.362542269e-17
5.965507327e-17
4.396633981e-17
3.31990082e-17
2.543288215e-17
1.955367286e-17
1.493119031e-17
1.122652271e-17
8.261751128e-18
5.931654462e-18
4.152072633e-18
2.837784484e-18
1.899317316e-18
1.249188861e-18
8.098484023e-19
5.185757279e-19
3.282792627e-19
2.05412701e-19
1.269222247e-19
7.730241296e-20
4.62678978e-20
2.706864207e-20
1.531584037e-20
8.199761322e-21
3.968523068e-21
1.557727475e-21
3.842376148e-22
4.15339173e-23
7.594950939e-09
3.492741928e-09
1.166226008e-09
3.71313388e-10
2.092129657e-10
1.523910085e-10
1.162649993e-10
8.815569887e-11
6.592466806e-11
4.85316891e-11
3.511658087e-11
2.493944609e-11
1.735726827e-11
1.182508239e-11
7.871889279e-12
5.114668393e-12
3.238388468e-12
1.996541008e-12
1.196788823e-12
6.977181085e-13
3.955357771e-13
2.18498163e-13
1.177922196e-13
6.220663281e-14
3.231589035e-14
1.66281098e-14
8.541924626e-15
4.424576296e-15
2.336554941e-15
1.272753129e-15
7.228939935e-16
4.316888249e-16
2.722557587e-16
1.813802986e-16
1.271420686e-16
9.29906966e-17
7.007929168e-17
5.361623425e-17
4.105645937e-17
3.109980446e-17
2.311133581e-17
1.677092977e-17
1.186715231e-17
8.199733643e-18
5.551663602e-18
3.698180421e-18
2.431587086e-18
1.580685602e-18
1.016148575e-18
6.454963125e-19
4.046255477e-19
2.498020972e-19
1.514327954e-19
8.965068548e-20
5.126694408e-20
2.768556699e-20
1.347609596e-20
5.309320285e-21
1.31257884e-21
1.460942363e-22
4.222300982e-09
2.693195401e-09
1.522544671e-09
6.803835608e-10
3.514952127e-10
2.440720209e-10
1.880042137e-10
1.469993347e-10
1.14313692e-10
8.795464795e-11
6.682160859e-11
5.006934035e-11
3.696283522e-11
2.685537876e-11
1.917983469e-11
1.344477867e-11
9.232000853e-12
6.196826506e-12
4.056427726e-12
2.585366309e-12
1.601623047e-12
9.63691218e-13
5.626094127e-13
3.187610858e-13
1.753728443e-13
9.396525879e-14
4.920315054e-14
2.532777626e-14
1.292019261e-14
6.606072771e-15
3.432867275e-15
1.841344445e-15
1.034968919e-15
6.170065894e-16
3.927767383e-16
2.667257554e-16
1.911412081e-16
1.41959316e-16
1.072158605e-16
8.101013916e-17
6.048050303e-17
4.426986371e-17
3.164591547e-17
2.208623301e-17
1.509815242e-17
1.015979612e-17
6.757513198e-18
4.45118773e-18
2.903486607e-18
1.872927203e-18
1.192282733e-18
7.471459352e-19
4.59345041e-19
2.755091658e-19
1.594777489e-19
8.714864113e-20
4.29333484e-20
1.717362314e-20
4.335187089e-21
5.045784769e-22
3.375173301e-08
9.911757565e-09
4.823599419e-09
1.860407077e-09
6.968418931e-10
3.800788849e-10
2.724427963e-10
2.125005477e-10
1.684190381e-10
1.331965716e-10
1.045063496e-10
8.115761239e-11
6.231168468e-11
4.72677512e-11
3.540431207e-11
2.61663862e-11
1.906449212e-11
1.367805861e-11
9.6474201e-12
6.674311321e-12
4.516903081e-12
2.98142133e-12
1.913272632e-12
1.190805787e-12
7.176465951e-13
4.18521723e-13
2.361456765e-13
1.290401884e-13
6.845906536e-14
3.545064661e-14
1.806150767e-14
9.163370591e-15
4.707222687e-15
2.499079651e-15
1.399657742e-15
8.404239376e-16
5.436789983e-16
3.745764976e-16
2.693018315e-16
1.97994536e-16
1.463171579e-16
1.072299918e-16
7.723686899e-17
5.443562676e-17
3.756462813e-17
2.549810036e-17
1.710792747e-17
1.137799636e-17
7.504882708e-18
4.903378407e-18
3.16591891e-18
2.013920737e-18
1.257187598e-18
7.654462807e-19
4.496144261e-19
2.494173454e-19
1.249909649e-19
5.11364442e-20
1.3334537e-20
1.651417764e-21
9.570258907e-08
1.787489912e-08
8.299584985e-09
3.839784566e-09
1.419413925e-09
6.044563545e-10
3.778065469e-10
2.840508903e-10
2.258682223e-10
1.816909806e-10
1.458485955e-10
1.162705479e-10
9.187507895e-11
7.189819103e-11
5.569727356e-11
4.269594679e-11
3.237297765e-11
2.426395781e-11
1.796236132e-11
1.311828181e-11
9.436595234e-12
6.673075108e-12
4.628489038e-12
3.139224767e-12
2.074593991e-12
1.331318956e-12
8.264857242e-13
4.950309361e-13
2.857465688e-13
1.59049435e-13
8.552770573e-14
4.462925795e-14
2.279283458e-14
1.155765865e-14
5.935005043e-15
3.158957651e-15
1.783930645e-15
1.083354493e-15
7.035959059e-16
4.810095601e-16
3.400879285e-16
2.444856105e-16
1.758581604e-16
1.249542306e-16
8.710254494e-17
5.967478461e-17
4.037595547e-17
2.706125064e-17
1.798930435e-17
1.185885576e-17
7.740699356e-18
4.988899126e-18
3.16120948e-18
1.956219747e-18
1.169050195e-18
6.607004737e-19
3.384547276e-19
1.426557402e-19
3.893427354e-20
5.240272589e-21
1.1140502e-07
1.577128405e-08
7.565584691e-09
4.487803692e-09
2.187489006e-09
9.295967521e-10
5.113840702e-10
3.650452567e-10
2.880069188e-10
2.338912081e-10
1.908460721e-10
1.551908412e-10
1.25373963e-10
1.0049406e-10
7.987453136e-11
6.293160107e-11
4.913646073e-11
3.800780736e-11
2.911228067e-11
2.206650012e-11
1.653350718e-11
1.223430548e-11
8.925181644e-12
6.405827278e-12
4.511973154e-12
3.110040294e-12
2.091657124e-12
1.367841789e-12
8.663890343e-13
5.295367194e-13
3.113130596e-13
1.758075369e-13
9.555053654e-14
5.026959007e-14
2.58664402e-14
1.321455169e-14
6.83243442e-15
3.66194227e-15
2.077321848e-15
1.258439934e-15
8.09937741e-16
5.47057229e-16
3.815816606e-16
2.698282469e-16
1.899235616e-16
1.316783872e-16
8.996896582e-17
6.078508134e-17
4.068783392e-17
2.699664313e-17
1.775050922e-17
1.154880313e-17
7.409250834e-18
4.656210118e-18
2.833781986e-18
1.636380034e-18
8.607353379e-19
3.764484265e-19
1.090547409e-19
1.624559175e-20
1.061260366e-07
1.493507519e-08
5.899239848e-09
4.102813667e-09
2.579568869e-09
1.328338521e-09
7.002911659e-10
4.654263766e-10
3.589159114e-10
2.918521262e-10
2.406274596e-10
1.985345367e-10
1.631399909e-10
1.332408231e-10
1.080579982e-10
8.69796719e-11
6.947186502e-11
5.503931046e-11
4.326001299e-11
3.371755288e-11
2.603964848e-11
1.990618075e-11
1.504370511e-11
1.122150659e-11
8.246384692e-12
5.957409229e-12
4.220896307e-12
2.925464107e-12
1.977762312e-12
1.300121652e-12
8.284432198e-13
5.099678584e-13
3.022793207e-13
1.722309309e-13
9.447683612e-14
5.01801721e-14
2.604747028e-14
1.338349433e-14
6.939561516e-15
3.725073625e-15
2.119070035e-15
1.289067938e-15
8.339690055e-16
5.651931097e-16
3.933150003e-16
2.752050803e-16
1.907738972e-16
1.303526108e-16
8.79133866e-17
5.866650883e-17
3.878739343e-17
2.540127001e-17
1.644209858e-17
1.046271185e-17
6.476297882e-18
3.823781094e-18
2.072157456e-18
9.46242517e-19
2.947795269e-19
4.934172348e-20
2.56818375e-07
3.940985214e-08
8.84776984e-09
4.93085326e-09
3.226568797e-09
1.952535258e-09
1.047267822e-09
6.223082064e-10
4.474718923e-10
3.562256816e-10
2.93824712e-10
2.444950541e-10
2.033862002e-10
1.685101179e-10
1.387880116e-10
1.136194527e-10
9.244300925e-11
7.4715169e-11
5.996826686e-11
4.77829668e-11
3.777105684e-11
2.959355057e-11
2.295805406e-11
1.76128373e-11
1.334226918e-11
9.962742084e-12
7.318532953e-12
5.277484637e-12
3.727081409e-12
2.571337241e-12
1.728456451e-12
1.129030925e-12
7.1466252e-13
4.372565027e-13
2.581225504e-13
1.469624727e-13
8.080237212e-14
4.304782406e-14
2.239004357e-14
1.153088111e-14
6.027979465e-15
3.29789297e-15
1.929012048e-15
1.20966414e-15
8.023700159e-16
5.512172758e-16
3.838163925e-16
2.663146811e-16
1.822599948e-16
1.227573123e-16
8.159185222e-17
5.368174269e-17
3.496380089e-17
2.245607529e-17
1.409452976e-17
8.495515184e-18
4.748839841e-18
2.275748864e-18
7.712117655e-19
1.467550795e-19
9.565008605e-07
1.490023283e-07
2.421504555e-08
9.472184231e-09
5.326421733e-09
3.176441388e-09
1.767674538e-09
9.373190452e-10
5.807620551e-10
4.283146831e-10
3.442217316e-10
2.851643117e-10
2.380168945e-10
1.989682953e-10
1.653853321e-10
1.374457224e-10
1.136485359e-10
9.343293572e-11
7.633076286e-11
6.193850811e-11
4.989351254e-11
3.987134607e-11
3.158239988e-11
2.477060422e-11
1.921222022e-11
1.471333723e-11
1.110684743e-11
8.248716272e-12
6.014516064e-12
4.2963291e-12
3.000023384e-12
2.043208665e-12
1.354150956e-12
8.714263744e-13
5.434727867e-13
3.279797224e-13
1.913488738e-13
1.078967625e-13
5.887034708e-14
3.124358425e-14
1.631345629e-14
8.559930282e-15
4.647607582e-15
2.678948221e-15
1.657408118e-15
1.088684122e-15
7.424692852e-16
5.149649305e-16
3.572611337e-16
2.449210791e-16
1.650374126e-16
1.094047516e-16
7.158713384e-17
4.625269891e-17
2.933268807e-17
1.799476092e-17
1.036634017e-17
5.235800759e-18
1.94941801e-18
4.248870666e-19
1.131994314e-06
2.050236062e-07
3.575202928e-08
1.194586778e-08
6.834141209e-09
4.298506391e-09
2.625533285e-09
1.482520141e-09
8.148616973e-10
5.169419441e-10
3.809645833e-10
3.039101884e-10
2.509020238e-10
2.101059481e-10
1.756682846e-10
1.475467409e-10
1.234765661e-10
1.028850429e-10
8.528550883e-11
7.028430036e-11
5.755010545e-11
4.67936792e-11
3.775744936e-11
3.020921455e-11
2.394046174e-11
1.876565281e-11
1.452310755e-11
1.107497185e-11
8.304287706e-12
6.109917522e-12
4.401543956e-12
3.098185456e-12
2.127055493e-12
1.422100099e-12
9.24539042e-13
5.836949907e-13
3.574063406e-13
2.120465317e-13
1.218540269e-13
6.790303999e-14
3.685850134e-14
1.96871619e-14
1.054962726e-14
5.827013061e-15
3.403746907e-15
2.124161482e-15
1.400996078e-15
9.560047735e-16
6.620102091e-16
4.584692772e-16
3.142925818e-16
2.118912882e-16
1.402993016e-16
9.135891824e-17
5.842425539e-17
3.635835546e-17
2.151741472e-17
1.145512658e-17
4.713822396e-18
1.183604806e-18
1.059841291e-06
2.177627119e-07
4.247736028e-08
1.135129035e-08
6.63316077e-09
4.600431883e-09
3.126953578e-09
2.007381319e-09
1.18453379e-09
6.643601266e-10
4.098250554e-10
2.918073715e-10
2.28343273e-10
1.879438309e-10
1.574838064e-10
1.329052223e-10
1.123152903e-10
9.476957614e-11
7.97027582e-11
6.673403925e-11
5.557994748e-11
4.601171825e-11
3.783460259e-11
3.087760363e-11
2.498758636e-11
2.002778753e-11
1.587623084e-11
1.242428647e-11
9.576758087e-12
7.253690953e-12
5.387543924e-12
3.915099412e-12
2.776972802e-12
1.919597548e-12
1.292045681e-12
8.459454708e-13
5.384702257e-13
3.331562855e-13
2.002823819e-13
1.170089931e-13
6.655873277e-14
3.70636311e-14
2.043133593e-14
1.13609257e-14
6.525894335e-15
3.951684598e-15
2.535451704e-15
1.701976417e-15
1.171470547e-15
8.127182187e-16
5.619709588e-16
3.843934623e-16
2.58707402e-16
1.710072572e-16
1.108689502e-16
7.009734024e-17
4.251492339e-17
2.373297607e-17
1.076508717e-17
3.132009775e-18
9.418895319e-07
2.154120833e-07
4.64148283e-08
1.080600008e-08
5.77046302e-09
4.234071557e-09
3.181399123e-09
2.27251467e-09
1.517402644e-09
9.23014885e-10
5.043047709e-10
2.81008302e-10
1.86343556e-10
1.42578231e-10
1.168160751e-10
9.845117846e-11
8.385555603e-11
7.165295212e-11
6.119853034e-11
5.213683644e-11
4.424443538e-11
3.736383105e-11
3.137275713e-11
2.616930233e-11
2.166465756e-11
1.777974739e-11
1.444424485e-11
1.159610077e-11
9.180599238e-12
7.150986027e-12
5.468025813e-12
4.096019955e-12
3.000003133e-12
2.14399849e-12
1.492677679e-12
1.011609541e-12
6.670632465e-13
4.28037165e-13
2.673674509e-13
1.627385756e-13
9.672189696e-14
5.633005646e-14
3.237990866e-14
1.861408107e-14
1.090460271e-14
6.639279989e-15
4.248832032e-15
2.845674302e-15
1.962328251e-15
1.368411234e-15
9.527148503e-16
6.57751219e-16
4.484916313e-16
3.011243185e-16
1.985403589e-16
1.279343943e-16
7.960482862e-17
4.635535545e-17
2.295968196e-17
7.742803848e-18
1.456550995e-06
3.375699214e-07
7.452651605e-08
1.637185797e-08
6.116438013e-09
4.098183832e-09
3.200272628e-09
2.435020111e-09
1.75219502e-09
1.182102458e-09
7.14957603e-10
3.596475405e-10
1.70401656e-10
1.030709042e-10
7.721357217e-11
6.337810548e-11
5.383926765e-11
4.635650902e-11
4.009683635e-11
3.468786149e-11
2.994071646e-11
2.574703346e-11
2.203523067e-11
1.875170239e-11
1.585240419e-11
1.329875472e-11
1.105636537e-11
9.094932433e-12
7.388425586e-12
5.915046558e-12
4.656009583e-12
3.594687652e-12
2.715890564e-12
2.003980973e-12
1.44177798e-12
1.010897249e-12
6.907998846e-13
4.598854883e-13
2.982501105e-13
1.886315487e-13
1.166096685e-13
7.078203212e-14
4.249156912e-14
2.54798332e-14
1.548602676e-14
9.701966793e-15
6.341171434e-15
4.323457411e-15
3.035909127e-15
2.155887206e-15
1.524976874e-15
1.06610121e-15
7.351475525e-16
4.998693004e-16
3.346959516e-16
2.198465253e-16
1.403479361e-16
8.501661279e-17
4.547221967e-17
1.769709586e-17
4.023362398e-06
9.456751904e-07
2.131011907e-07
4.671764749e-08
1.213725594e-08
6.083062925e-09
4.123688077e-09
2.984486596e-09
2.134517908e-09
1.48040857e-09
9.670679853e-10
5.456049234e-10
2.342606823e-10
9.504236337e-11
5.416155307e-11
3.995249391e-11
3.274341166e-11
2.792489019e-11
2.418389008e-11
2.104730813e-11
1.832499537e-11
1.592217859e-11
1.378450055e-11
1.18782137e-11
1.017927727e-11
8.666566623e-12
7.3220116e-12
6.130249359e-12
5.078104419e-12
4.154465998e-12
3.349962672e-12
2.656573738e-12
2.06720743e-12
1.575078974e-12
1.172937132e-12
8.526443754e-13
6.047246655e-13
4.183141637e-13
2.823543797e-13
1.86133312e-13
1.200401108e-13
7.602975894e-14
4.763277789e-14
2.985662163e-14
1.896916868e-14
1.237977849e-14
8.384029256e-15
5.897084911e-15
4.263787514e-15
3.116054747e-15
2.264445543e-15
1.619180546e-15
1.135733106e-15
7.828954838e-16
5.315493644e-16
3.552289423e-16
2.322285704e-16
1.458026231e-16
8.320286065e-17
3.687559131e-17
5.595342857e-06
1.464541581e-06
3.644145596e-07
8.726084561e-08
2.160125938e-08
9.166834051e-09
5.629127192e-09
3.895913945e-09
2.73670508e-09
1.898200443e-09
1.269462216e-09
7.77127007e-10
3.817795833e-10
1.33442108e-10
5.087154543e-11
2.915529885e-11
2.13774964e-11
1.733554521e-11
1.464118919e-11
1.257675625e-11
1.087464306e-11
9.417499455e-12
8.145968146e-12
7.025988393e-12
6.034965777e-12
5.155189705e-12
4.376700497e-12
3.68832785e-12
3.081489817e-12
2.549116849e-12
2.085491863e-12
1.684693953e-12
1.341343452e-12
1.050607496e-12
8.079811766e-13
6.090945654e-13
4.494730531e-13
3.24363454e-13
2.288433117e-13
1.579184621e-13
1.067807032e-13
7.103546127e-14
4.679744485e-14
3.08280803e-14
2.057735101e-14
1.409377067e-14
9.978348248e-15
7.299353677e-15
5.466462694e-15
4.129062055e-15
3.097459955e-15
2.280879102e-15
1.639956362e-15
1.152505945e-15
7.950775991e-16
5.401635349e-16
3.607643169e-16
2.337266099e-16
1.406467739e-16
6.948333648e-17
6.051606414e-06
1.735533938e-06
4.719892563e-07
1.231214358e-07
3.190762517e-08
1.16150524e-08
6.804236745e-09
4.701844478e-09
3.353987047e-09
2.364489803e-09
1.615234282e-09
1.033998537e-09
5.731166524e-10
2.327049796e-10
7.080483519e-11
2.83492042e-11
1.689474772e-11
1.233214063e-11
9.797133526e-12
8.077668039e-12
6.777652389e-12
5.733329833e-12
4.86514248e-12
4.129249109e-12
3.498652124e-12
2.954848516e-12
2.484526884e-12
2.077871175e-12
1.727383784e-12
1.426541587e-12
1.169252908e-12
9.513674589e-13
7.675345429e-13
6.131114573e-13
4.841208975e-13
3.771135061e-13
2.891071404e-13
2.177263692e-13
1.609158459e-13
1.167230519e-13
8.322197638e-14
5.854426013e-14
4.089172596e-14
2.860403824e-14
2.024950282e-14
1.46600046e-14
1.091693179e-14
8.344512586e-15
6.489187876e-15
5.069259766e-15
3.925384129e-15
2.980328805e-15
2.204640997e-15
1.587766466e-15
1.117601073e-15
7.729182047e-16
5.265039932e-16
3.504350854e-16
2.201935024e-16
1.185893512e-16
5.984380951e-06
1.837559772e-06
5.364490191e-07
1.504130764e-07
4.12626308e-08
1.323238985e-08
7.353666879e-09
5.115693765e-09
3.77383203e-09
2.750992333e-09
1.939796856e-09
1.29660632e-09
7.866806232e-10
3.841704931e-10
1.273889466e-10
3.886727802e-11
1.734705578e-11
1.072760928e-11
7.756843127e-12
6.002039795e-12
4.793857409e-12
3.890043515e-12
3.181931855e-12
2.611957778e-12
2.145787844e-12
1.760850561e-12
1.440892518e-12
1.174755038e-12
9.544354511e-13
7.730660753e-13
6.247838925e-13
5.044285327e-13
4.071675287e-13
3.284783879e-13
2.642208291e-13
2.114658585e-13
1.677834077e-13
1.315736151e-13
1.018219229e-13
7.775180851e-14
5.864926658e-14
4.384792086e-14
3.267312432e-14
2.44399838e-14
1.849189376e-14
1.424218233e-14
1.119550116e-14
8.955836431e-15
7.23244696e-15
5.835038707e-15
4.653488867e-15
3.635547164e-15
2.765805414e-15
2.045207056e-15
1.473500493e-15
1.03962485e-15
7.217630402e-16
4.915488492e-16
3.199374915e-16
1.841871673e-16
5.709359804e-06
1.851135007e-06
5.727677775e-07
1.707324603e-07
4.952086311e-08
1.516985729e-08
7.557008386e-09
5.197608136e-09
3.943397797e-09
2.986826962e-09
2.186782188e-09
1.52465729e-09
9.872223884e-10
5.583390791e-10
2.366126403e-10
6.950296118e-11
2.324072903e-11
1.154979527e-11
7.376753976e-12
5.287143519e-12
3.99101079e-12
3.0887956e-12
2.420147152e-12
1.906744778e-12
1.504624182e-12
1.186293545e-12
9.330591868e-13
7.314266675e-13
5.713524843e-13
4.454613019e-13
3.476312046e-13
2.725108165e-13
2.154531895e-13
1.722596073e-13
1.392419802e-13
1.134316124e-13
9.26656495e-14
7.554278265e-14
6.120559612e-14
4.926483851e-14
3.939614749e-14
3.13809171e-14
2.500902728e-14
2.003523681e-14
1.620236716e-14
1.325975352e-14
1.097741973e-14
9.16076128e-15
7.656973139e-15
6.359209178e-15
5.205863454e-15
4.171757399e-15
3.256260237e-15
2.470246835e-15
1.82313419e-15
1.313986512e-15
9.293973996e-16
6.453621292e-16
4.320910148e-16
2.614224887e-16
5.369473859e-06
1.854221336e-06
6.049816959e-07
1.907717474e-07
5.847891244e-08
1.815963469e-08
7.756871086e-09
5.154869407e-09
3.945003486e-09
3.086226666e-09
2.346437651e-09
1.707892063e-09
1.171886447e-09
7.3292484e-10
3.804234157e-10
1.375829945e-10
3.982918643e-11
1.531437633e-11
8.310504222e-12
5.438568445e-12
3.871840197e-12
2.865111512e-12
2.159381532e-12
1.640727833e-12
1.249397293e-12
9.498581586e-13
7.190717412e-13
5.411799509e-13
4.047198265e-13
3.012127095e-13
2.240051506e-13
1.674050067e-13
1.266284936e-13
9.772822914e-14
7.736333229e-14
6.282548748e-14
5.209148551e-14
4.378884168e-14
3.7066931e-14
3.14499323e-14
2.668602693e-14
2.264405467e-14
1.924839901e-14
1.642969219e-14
1.409245757e-14
1.214540602e-14
1.049931759e-14
9.070892888e-15
7.795513416e-15
6.62815393e-15
5.543902548e-15
4.537967765e-15
3.62104061e-15
2.81061057e-15
2.122017204e-15
1.561697557e-15
1.124510555e-15
7.936722885e-16
5.42923275e-16
3.399741608e-16
5.109589728e-06
2.066603946e-06
7.00321071e-07
2.304710897e-07
7.389306621e-08
2.35294608e-08
8.761642081e-09
5.323726111e-09
3.957636174e-09
3.124436724e-09
2.443383858e-09
1.846417541e-09
1.330061271e-09
8.949015934e-10
5.378520079e-10
2.544854046e-10
8.191193254e-11
2.524723948e-11
1.095563751e-11
6.323102373e-12
4.209153423e-12
2.985597915e-12
2.180344575e-12
1.612988861e-12
1.198210481e-12
8.889851057e-13
6.563569355e-13
4.810147308e-13
3.492576424e-13
2.50954078e-13
1.788661179e-13
1.273200407e-13
9.134353903e-14
6.682031179e-14
5.046785335e-14
3.970217504e-14
3.25650823e-14
2.767156624e-14
2.411441453e-14
2.134360104e-14
1.905029351e-14
1.70737643e-14
1.533253001e-14
1.378096168e-14
1.238378909e-14
1.110535809e-14
9.919522929e-15
8.796775673e-15
7.718111394e-15
6.677204483e-15
5.676509144e-15
4.724008083e-15
3.83602455e-15
3.033333119e-15
2.334171242e-15
1.749121247e-15
1.27900333e-15
9.140925643e-16
6.339594009e-16
4.048259844e-16
5.104085797e-06
2.628569631e-06
9.145077031e-07
3.103145334e-07
1.027939736e-07
3.350058406e-08
1.158925792e-08
6.012443904e-09
4.172584174e-09
3.219124172e-09
2.542250109e-09
1.972510008e-09
1.476467012e-09
1.048828602e-09
6.881391033e-10
3.918755351e-10
1.666943775e-10
4.999555265e-11
1.693240528e-11
8.175664828e-12
4.966451989e-12
3.359817243e-12
2.384419886e-12
1.728798678e-12
1.263966458e-12
9.249247825e-13
6.741169788e-13
4.876275618e-13
3.491684674e-13
2.470623213e-13
1.726284399e-13
1.194411839e-13
8.246327872e-14
5.750335914e-14
4.115773745e-14
3.075286857e-14
2.426938295e-14
2.024989268e-14
1.770019703e-14
1.598278885e-14
1.471312824e-14
1.367279982e-14
1.274418442e-14
1.186623321e-14
1.100687588e-14
1.014783895e-14
9.27730161e-15
8.387556404e-15
7.477800052e-15
6.555453466e-15
5.640153677e-15
4.750626608e-15
3.9076353e-15
3.132782836e-15
2.445159896e-15
1.85683229e-15
1.372384926e-15
9.8754665e-16
6.876297141e-16
4.400460755e-16
5.3101685e-06
3.193655532e-06
1.151807115e-06
4.048449714e-07
1.389878603e-07
4.676611694e-08
1.60062442e-08
7.1334559e-09
4.589725112e-09
3.411178815e-09
2.680845021e-09
2.112760162e-09
1.62666058e-09
1.203998134e-09
8.409082488e-10
5.347209315e-10
2.816755101e-10
1.03593787e-10
3.065478849e-11
1.183846835e-11
6.299353078e-12
3.995592705e-12
2.742412328e-12
1.949917432e-12
1.407795922e-12
1.021303845e-12
7.397587011e-13
5.326242149e-13
3.79919992e-13
2.678009837e-13
1.862250388e-13
1.277641329e-13
8.683761927e-14
5.898640172e-14
4.061336737e-14
2.889551776e-14
2.166651481e-14
1.733137119e-14
1.477135991e-14
1.324186727e-14
1.22721009e-14
1.157884775e-14
1.099973312e-14
1.044601979e-14
9.871627703e-15
9.254181994e-15
8.584791121e-15
7.862601538e-15
7.092703025e-15
6.286740359e-15
5.463033201e-15
4.644621208e-15
3.856632996e-15
3.122059571e-15
2.45960115e-15
1.882889936e-15
1.398702339e-15
1.006329561e-15
6.951528687e-16
4.375749751e-16
5.615137687e-06
3.50633668e-06
1.321456346e-06
4.850120961e-07
1.736549394e-07
6.079394487e-08
2.123534602e-08
8.591569956e-09
5.139675053e-09
3.684492472e-09
2.867192155e-09
2.277483835e-09
1.787532392e-09
1.362413636e-09
9.935610926e-10
6.778405313e-10
4.12934622e-10
1.97926567e-10
6.475654019e-11
2.0265515e-11
8.801546223e-12
5.015024157e-12
3.272819179e-12
2.268143177e-12
1.61487041e-12
1.162554435e-12
8.388012732e-13
6.031324657e-13
4.304208055e-13
3.038988076e-13
2.117941832e-13
1.455024531e-13
9.865334376e-14
6.638454792e-14
4.47954118e-14
3.080766047e-14
2.205775592e-14
1.677287805e-14
1.367860562e-14
1.190068e-14
1.086739204e-14
1.022161998e-14
9.749893017e-15
9.330187361e-15
8.896299707e-15
8.415008915e-15
7.872420194e-15
7.266949201e-15
6.605426774e-15
5.899446751e-15
5.165353461e-15
4.423951843e-15
3.698647962e-15
3.01296968e-15
2.386456884e-15
1.833097105e-15
1.361456051e-15
9.733547445e-16
6.596861939e-16
4.08712898e-16
5.948710941e-06
3.557691961e-06
1.39878801e-06
5.357496458e-07
2.000980925e-07
7.303628042e-08
2.635966186e-08
1.026973356e-08
5.700710542e-09
3.982294056e-09
3.071552817e-09
2.453998944e-09
1.954181211e-09
1.522619018e-09
1.146159529e-09
8.203315031e-10
5.425024379e-10
3.115353881e-10
1.342882812e-10
4.106632689e-11
1.40309108e-11
6.741869223e-12
4.047580791e-12
2.698787965e-12
1.885452811e-12
1.34458486e-12
9.661137426e-13
6.941226975e-13
4.961385072e-13
3.51467211e-13
2.460518803e-13
1.698764012e-13
1.15591048e-13
7.772193847e-14
5.201039781e-14
3.506278175e-14
2.42522374e-14
1.759603787e-14
1.363751794e-14
1.135171674e-14
1.004943119e-14
9.287394496e-15
8.792481378e-15
8.403454795e-15
8.029601566e-15
7.623216796e-15
7.162232019e-15
6.64063496e-15
6.062757505e-15
5.439217043e-15
4.784947834e-15
4.117916644e-15
3.458229012e-15
2.826399225e-15
2.241669797e-15
1.719458039e-15
1.270220525e-15
8.957249148e-16
5.869046834e-16
3.616845859e-16
6.256340328e-06
3.427217961e-06
1.402876324e-06
5.598692219e-07
2.18035512e-07
8.295462439e-08
3.107367937e-08
1.209964508e-08
6.239585951e-09
4.267326072e-09
3.266630186e-09
2.62299847e-09
2.114851785e-09
1.678151123e-09
1.295590724e-09
9.617671092e-10
6.735654482e-10
4.288280335e-10
2.268968997e-10
8.479703134e-11
2.535103739e-11
9.810602188e-12
5.203434505e-12
3.278226515e-12
2.230391339e-12
1.570246852e-12
1.121645346e-12
8.045066975e-13
5.757011749e-13
4.091577757e-13
2.878115162e-13
1.998606545e-13
1.367709702e-13
9.227754106e-14
6.163905797e-14
4.111876012e-14
2.778668268e-14
1.940655336e-14
1.431862255e-14
1.132839855e-14
9.61219391e-15
8.626498278e-15
8.027813326e-15
7.608102673e-15
7.246990018e-15
6.878696757e-15
6.470726686e-15
6.011004575e-15
5.499848627e-15
4.945271188e-15
4.359707382e-15
3.758693765e-15
3.160252213e-15
2.582745439e-15
2.043487379e-15
1.557967278e-15
1.135389299e-15
7.776064533e-16
4.875536519e-16
3.073361117e-16
6.490402219e-06
3.234323999e-06
1.371642593e-06
5.677985622e-07
2.296263826e-07
9.077803665e-08
3.529189436e-08
1.397606186e-08
6.770914761e-09
4.523914232e-09
3.4389907e-09
2.770102962e-09
2.258653959e-09
1.820826378e-09
1.435585189e-09
1.096558956e-09
8.005581753e-10
5.456504946e-10
3.31089363e-10
1.576717427e-10
5.147824736e-11
1.628620505e-11
7.169312508e-12
4.107582956e-12
2.678698549e-12
1.848998727e-12
1.308687334e-12
9.35336041e-13
6.693096095e-13
4.768645899e-13
3.368914066e-13
2.352545042e-13
1.619967815e-13
1.098830936e-13
7.35515754e-14
4.885638634e-14
3.253990743e-14
2.208999872e-14
1.561658416e-14
1.17378413e-14
9.478506613e-15
8.179646817e-15
7.415133082e-15
6.920953489e-15
6.540612875e-15
6.186156151e-15
5.811969351e-15
5.398070167e-15
4.939969187e-15
4.44248567e-15
3.91541562e-15
3.372106647e-15
2.828531171e-15
2.301443129e-15
1.807521335e-15
1.358738359e-15
9.637674084e-16
6.316102229e-16
3.840263758e-16
2.559637777e-16
6.595848446e-06
3.081905753e-06
1.344806681e-06
5.741307225e-07
2.399533839e-07
9.817070882e-08
3.946026077e-08
1.596646045e-08
7.411675673e-09
4.783000906e-09
3.600821109e-09
2.897222001e-09
2.381897716e-09
1.946050921e-09
1.561835625e-09
1.22097832e-09
9.202379773e-10
6.576732558e-10
4.325969497e-10
2.457422978e-10
1.042477892e-10
3.184556188e-11
1.112840669e-11
5.448354982e-12
3.296597967e-12
2.200571417e-12
1.534108716e-12
1.089535793e-12
7.784622372e-13
5.554503654e-13
3.938228996e-13
2.764247914e-13
1.91518859e-13
1.307167366e-13
8.788249781e-14
5.837106138e-14
3.8567033e-14
2.566994951e-14
1.753792423e-14
1.257553771e-14
9.637601449e-15
7.934659627e-15
6.944688038e-15
6.337047998e-15
5.911406546e-15
5.552265077e-15
5.197337351e-15
4.816864466e-15
4.400584933e-15
3.949417628e-15
3.470739153e-15
2.976352567e-15
2.480662552e-15
1.999399152e-15
1.545110212e-15
1.129331167e-15
7.674550085e-16
4.815983066e-16
2.940022588e-16
2.114405663e-16
6.487367139e-06
2.983220672e-06
1.332876782e-06
5.840009049e-07
2.509523618e-07
1.057369592e-07
4.378940113e-08
1.813967057e-08
8.23741082e-09
5.074349228e-09
3.771536164e-09
3.017589427e-09
2.49019061e-09
2.056246509e-09
1.674728105e-09
1.334672076e-09
1.032170185e-09
7.653486827e-10
5.333289358e-10
3.360086074e-10
1.745387067e-10
6.396173774e-11
1.934177569e-11
7.715824952e-12
4.174764921e-12
2.652144768e-12
1.808145998e-12
1.271601256e-12
9.054787354e-13
6.463397894e-13
4.59587504e-13
3.240825962e-13
2.258547941e-13
1.551361828e-13
1.048670933e-13
6.98304089e-14
4.600698744e-14
3.025436928e-14
2.015511694e-14
1.388621026e-14
1.011537492e-14
7.905425786e-15
6.623701461e-15
5.860994145e-15
5.364004145e-15
4.983207635e-15
4.635494639e-15
4.278623456e-15
3.894797996e-15
3.480637416e-15
3.041316399e-15
2.587112697e-15
2.131429732e-15
1.686246321e-15
1.264167475e-15
8.844271423e-16
5.738297932e-16
3.525418637e-16
2.237780556e-16
1.742806116e-16
6.029503707e-06
2.824883487e-06
1.296416744e-06
5.837808423e-07
2.579982038e-07
1.119062846e-07
4.770467869e-08
2.023505056e-08
9.138118182e-09
5.372205994e-09
3.93712929e-09
3.127827362e-09
2.583119852e-09
2.15053142e-09
1.77298631e-09
1.43597768e-09
1.134179586e-09
8.655728348e-10
6.292383625e-10
4.250449031e-10
2.536078765e-10
1.173019814e-10
3.759439868e-11
1.22601331e-11
5.601048726e-12
3.274371874e-12
2.153233128e-12
1.49029991e-12
1.054325553e-12
7.515470027e-13
5.353446742e-13
3.789732058e-13
2.655185147e-13
1.835214748e-13
1.248370402e-13
8.352376595e-14
5.508299066e-14
3.600888196e-14
2.358779932e-14
1.57516896e-14
1.096427378e-14
8.123587981e-15
6.470317139e-15
5.503023626e-15
4.904782068e-15
4.484421611e-15
4.132440604e-15
3.790625679e-15
3.431987019e-15
3.04789128e-15
2.640530089e-15
2.218660651e-15
1.79201783e-15
1.373365899e-15
9.841902567e-16
6.563398476e-16
4.123625526e-16
2.548259328e-16
1.719958075e-16
1.437455809e-16
5.119247539e-06
2.488009948e-06
1.182919781e-06
5.509894543e-07
2.516116646e-07
1.126922311e-07
4.958597457e-08
2.164794044e-08
9.872856251e-09
5.605438938e-09
4.059966908e-09
3.21034456e-09
2.651918953e-09
2.22278614e-09
1.85310804e-09
1.522402965e-09
1.224323505e-09
9.566636212e-10
7.186027352e-10
5.098582619e-10
3.308516751e-10
1.831796825e-10
7.475836522e-11
2.277556534e-11
8.345883675e-12
4.248778545e-12
2.621252965e-12
1.76383022e-12
1.232706513e-12
8.7488713e-13
6.232426469e-13
4.424622191e-13
3.114846238e-13
2.166073297e-13
1.483402003e-13
9.985642523e-14
6.609660272e-14
4.315752078e-14
2.799871067e-14
1.828577368e-14
1.225998354e-14
8.63659076e-15
6.51232118e-15
5.278411029e-15
4.542023226e-15
4.060358273e-15
3.691075136e-15
3.356163003e-15
3.016854372e-15
2.657700895e-15
2.27702817e-15
1.878811293e-15
1.47359135e-15
1.080934084e-15
7.368272544e-16
4.725962801e-16
2.92676979e-16
1.858186929e-16
1.344840159e-16
1.187809212e-16
3.982819277e-06
2.01835374e-06
9.984183675e-07
4.829026485e-07
2.286279076e-07
1.060441529e-07
4.828143349e-08
2.175752356e-08
1.012275526e-08
5.663583475e-09
4.08197431e-09
3.23246953e-09
2.678348047e-09
2.262075225e-09
1.907972505e-09
1.589241456e-09
1.299476763e-09
1.036544225e-09
8.000701905e-10
5.901385676e-10
4.071049908e-10
2.51772502e-10
1.259243598e-10
4.410826188e-11
1.372854465e-11
5.813437167e-12
3.2624633e-12
2.107772651e-12
1.44729099e-12
1.020041998e-12
7.256457355e-13
5.161875576e-13
3.649307578e-13
2.552528351e-13
1.760076554e-13
1.193145136e-13
7.94253647e-14
5.198407569e-14
3.359702295e-14
2.163766391e-14
1.410424713e-14
9.510071315e-15
6.78938305e-15
5.209579598e-15
4.286768135e-15
3.71550959e-15
3.3130085e-15
2.975890957e-15
2.650164155e-15
2.311729519e-15
1.951831007e-15
1.573344645e-15
1.188634545e-15
8.304523241e-16
5.419144523e-16
3.381781107e-16
2.093579568e-16
1.383845905e-16
1.070332405e-16
9.835611013e-17
3.102551264e-06
1.608592287e-06
8.17390989e-07
4.069988384e-07
1.986056676e-07
9.501038414e-08
4.463204813e-08
2.075077069e-08
9.900735616e-09
5.537984009e-09
3.992234485e-09
3.178311259e-09
2.650801647e-09
2.260222418e-09
1.930599429e-09
1.631304337e-09
1.355654388e-09
1.102003284e-09
8.707463999e-10
6.626099128e-10
4.782446335e-10
3.18498693e-10
1.848595984e-10
8.155240405e-11
2.563539569e-11
8.853324543e-12
4.27951528e-12
2.576266752e-12
1.716468404e-12
1.194680487e-12
8.463759702e-13
6.023644497e-13
4.27300359e-13
3.004857298e-13
2.08599123e-13
1.424723268e-13
9.551374122e-14
6.282973956e-14
4.064030066e-14
2.59958948e-14
1.662946047e-14
1.083217919e-14
7.357102763e-15
5.328746679e-15
4.155711255e-15
3.457315786e-15
3.000620358e-15
2.650009232e-15
2.33182568e-15
2.008466205e-15
1.666005014e-15
1.305710055e-15
9.464508307e-16
6.325892833e-16
3.989971137e-16
2.445504661e-16
1.528027213e-16
1.056333199e-16
8.641958531e-17
8.156528125e-17
2.296202509e-06
1.226304661e-06
6.415173027e-07
3.288277513e-07
1.652027372e-07
8.138872416e-08
3.938834585e-08
1.887054447e-08
9.255988043e-09
5.240323779e-09
3.795253565e-09
3.05273011e-09
2.570467998e-09
2.216411194e-09
1.91894659e-09
1.64622906e-09
1.390293179e-09
1.150653577e-09
9.285663229e-10
7.255719582e-10
5.429083589e-10
3.815737221e-10
2.429011307e-10
1.294046677e-10
5.008833848e-11
1.547916533e-11
6.103789317e-12
3.27292562e-12
2.071726846e-12
1.410615026e-12
9.908077556e-13
7.038735561e-13
5.00359904e-13
3.535032152e-13
2.469792024e-13
1.699725943e-13
1.148675047e-13
7.60965956e-14
4.943669034e-14
3.159201181e-14
2.000360631e-14
1.271948985e-14
8.29200856e-15
5.68259251e-15
4.174908825e-15
3.298441766e-15
2.758383719e-15
2.378595113e-15
2.058328234e-15
1.746219458e-15
1.421119405e-15
1.081359313e-15
7.539236314e-16
4.860858511e-16
2.9859381e-16
1.808164768e-16
1.145313102e-16
8.254395363e-17
7.04704718e-17
6.766624282e-17
1.609661618e-06
8.881396805e-07
4.794136638e-07
2.533411051e-07
1.311409481e-07
6.655069575e-08
3.317866104e-08
1.638321515e-08
8.284785224e-09
4.800429983e-09
3.526849182e-09
2.870343994e-09
2.444579612e-09
2.134235959e-09
1.874325931e-09
1.633276992e-09
1.401988906e-09
1.180800067e-09
9.717900604e-10
7.773622905e-10
5.995060338e-10
4.397556617e-10
2.995564495e-10
1.806963539e-10
8.580387614e-11
2.866436624e-11
9.481745629e-12
4.346905106e-12
2.549102589e-12
1.680655131e-12
1.164901451e-12
8.240161471e-13
5.861477063e-13
4.156722175e-13
2.921409799e-13
2.025648323e-13
1.3806215e-13
9.224389196e-14
6.035176264e-14
3.87088288e-14
2.443851062e-14
1.532437441e-14
9.698277105e-15
6.338407566e-15
4.384866097e-15
3.260840409e-15
2.596110007e-15
2.162436938e-15
1.828316143e-15
1.524764879e-15
1.219570245e-15
9.060931567e-16
6.125634741e-16
3.8332278e-16
2.299832363e-16
1.377756368e-16
8.830025781e-17
6.576704852e-17
5.780305264e-17
5.60865734e-17
1.064339942e-06
6.084184415e-07
3.396557434e-07
1.853738041e-07
9.900497169e-08
5.18061996e-08
2.662969808e-08
1.35693732e-08
7.096010355e-09
4.244140473e-09
3.188060205e-09
2.636179723e-09
2.27823985e-09
2.018366465e-09
1.800009132e-09
1.594007474e-09
1.391027482e-09
1.191882175e-09
9.993530054e-10
8.166135417e-10
6.463731821e-10
4.907245316e-10
3.513354115e-10
2.299375668e-10
1.287984482e-10
5.383372842e-11
1.696767443e-11
6.365212337e-12
3.285460477e-12
2.043980072e-12
1.382551389e-12
9.688415493e-13
6.878266906e-13
4.889125028e-13
3.453823984e-13
2.411967305e-13
1.658143352e-13
1.118369293e-13
7.38385018e-14
4.770026252e-14
3.020553369e-14
1.884900638e-14
1.172024952e-14
7.394817836e-15
4.84998801e-15
3.384226246e-15
2.535023088e-15
2.012154855e-15
1.646322717e-15
1.344556766e-15
1.060114272e-15
7.764669042e-16
5.143572003e-16
3.136879701e-16
1.836913872e-16
1.083487184e-16
6.97616422e-17
5.308449579e-17
4.751444279e-17
4.638427578e-17
6.614276951e-07
3.928735604e-07
2.273721232e-07
1.284154346e-07
7.087789344e-08
3.829573276e-08
2.032440326e-08
1.070981969e-08
5.820694108e-09
3.635629157e-09
2.802718973e-09
2.367933837e-09
2.083179307e-09
1.876335571e-09
1.701150852e-09
1.531737868e-09
1.359187472e-09
1.184555757e-09
1.011153008e-09
8.427609686e-10
6.827119341e-10
5.336585371e-10
3.976724999e-10
2.765350076e-10
1.722155904e-10
8.759794963e-11
3.215205121e-11
1.043252131e-11
4.514647397e-12
2.562148277e-12
1.665859269e-12
1.148149972e-12
8.104110255e-13
5.760981854e-13
4.085529068e-13
2.871731767e-13
1.990958588e-13
1.35613742e-13
9.048067963e-14
5.903114327e-14
3.76655922e-14
2.356851347e-14
1.456244353e-14
8.999580357e-15
5.674196389e-15
3.73847189e-15
2.618885143e-15
1.953228624e-15
1.524414706e-15
1.207790487e-15
9.357165416e-16
6.775811065e-16
4.425381848e-16
2.638813696e-16
1.505446071e-16
8.710336038e-17
5.596457293e-17
4.308558461e-17
3.899404587e-17
3.820519922e-17
3.868625634e-07
2.39238604e-07
1.437907135e-07
8.417211749e-08
4.808129401e-08
2.686305512e-08
1.474657187e-08
8.062997017e-09
4.593544117e-09
3.054331664e-09
2.414412349e-09
2.08341307e-09
1.869830362e-09
1.715576142e-09
1.583078857e-09
1.450186744e-09
1.308886183e-09
1.160184168e-09
1.007748088e-09
8.557642383e-10
7.080416334e-10
5.677145058e-10
4.372651985e-10
3.187169776e-10
2.140166416e-10
1.254038833e-10
5.655535538e-11
1.864106746e-11
6.750304142e-12
3.355248317e-12
2.049100983e-12
1.375531585e-12
9.608606246e-13
6.814254734e-13
4.843968377e-13
3.42398289e-13
2.39299679e-13
1.646284565e-13
1.110906532e-13
7.334414552e-14
4.73286487e-14
2.988084877e-14
1.853144136e-14
1.138613671e-14
7.032081028e-15
4.444032163e-15
2.927270795e-15
2.035024096e-15
1.489361424e-15
1.124143564e-15
8.445312147e-16
6.012395321e-16
3.871106036e-16
2.253906444e-16
1.248448404e-16
7.075082391e-17
4.516504876e-17
3.497243026e-17
3.186473316e-17
3.128791275e-17
2.14926247e-07
1.382943418e-07
8.631877273e-08
5.238928104e-08
3.099042393e-08
1.792082175e-08
1.01928183e-08
5.802949422e-09
3.488881139e-09
2.477829173e-09
2.032817798e-09
1.797225424e-09
1.649472644e-09
1.544475133e-09
1.452202105e-09
1.354207637e-09
1.243515517e-09
1.121011743e-09
9.904504009e-10
8.562144263e-10
7.224144416e-10
5.925412142e-10
4.694204961e-10
3.553212972e-10
2.521768583e-10
1.620362558e-10
8.753804081e-11
3.509944881e-11
1.152029381e-11
4.76514593e-12
2.621583607e-12
1.681070981e-12
1.152436568e-12
8.1197159e-13
5.771748825e-13
4.097173903e-13
2.884599211e-13
2.004049811e-13
1.368450571e-13
9.156867738e-14
5.993984488e-14
3.838437875e-14
2.410719911e-14
1.493868334e-14
9.205912239e-15
5.701467771e-15
3.598703114e-15
2.34779729e-15
1.595792053e-15
1.124247811e-15
8.020267545e-16
5.533928265e-16
3.487030533e-16
1.968930541e-16
1.051358409e-16
5.796630391e-17
3.652613949e-17
2.828813281e-17
2.586638419e-17
2.543036669e-17
1.146427666e-07
7.656964756e-08
4.955599434e-08
3.115748904e-08
1.908181086e-08
1.142779329e-08
6.75053946e-09
4.029758034e-09
2.60342804e-09
1.968035197e-09
1.678352382e-09
1.524707301e-09
1.433523203e-09
1.371809112e-09
1.315470929e-09
1.24925248e-09
1.167175513e-09
1.069958139e-09
9.612013438e-10
8.452685315e-10
7.263803635e-10
6.082337804e-10
4.939030497e-10
3.858900921e-10
2.862728599e-10
1.969830488e-10
1.201614638e-10
5.855653106e-11
2.091062791e-11
7.420906485e-12
3.539224933e-12
2.113644089e-12
1.405805113e-12
9.786347837e-13
6.935829031e-13
4.935716804e-13
3.497074983e-13
2.452660918e-13
1.695366951e-13
1.151253506e-13
7.664716622e-14
5.002361809e-14
3.207847042e-14
2.026446313e-14
1.265204544e-14
7.849565338e-15
4.875871251e-15
3.060012762e-15
1.958426939e-15
1.284257673e-15
8.549723281e-16
5.595913831e-16
3.401486916e-16
1.846904591e-16
9.367062969e-17
4.913239032e-17
2.990014046e-17
2.282690259e-17
2.082968025e-17
2.048181714e-17
5.927114273e-08
4.095916501e-08
2.74224798e-08
1.783235027e-08
1.129779851e-08
7.010034801e-09
4.31233472e-09
2.720398221e-09
1.892281758e-09
1.52895822e-09
1.360640703e-09
1.274684896e-09
1.230590475e-09
1.205124867e-09
1.179285626e-09
1.140649031e-09
1.084147384e-09
1.010304917e-09
9.223965564e-10
8.245593503e-10
7.209350535e-10
6.152632748e-10
5.107396235e-10
4.10014093e-10
3.152752261e-10
2.284138899e-10
1.513476358e-10
8.63443328e-11
3.770299494e-11
1.290102667e-11
5.18849813e-12
2.777380551e-12
1.758068832e-12
1.199303287e-12
8.43952106e-13
6.005635119e-13
4.276681741e-13
3.026730995e-13
2.118924521e-13
1.462410179e-13
9.932387277e-14
6.640985109e-14
4.372527687e-14
2.835999374e-14
1.814607212e-14
1.148006492e-14
7.201168697e-15
4.496935222e-15
2.810351086e-15
1.76438005e-15
1.109007598e-15
6.854036194e-16
3.999010678e-16
2.093717821e-16
9.949242499e-17
4.751055586e-17
2.612231526e-17
1.865416737e-17
1.666448804e-17
1.633300118e-17
2.993126394e-08
2.132962012e-08
1.473414876e-08
9.891863251e-09
6.478408312e-09
4.169159728e-09
2.683204626e-09
1.807208951e-09
1.362595778e-09
1.175223237e-09
1.092194762e-09
1.056727799e-09
1.048462257e-09
1.051037741e-09
1.049382821e-09
1.033346079e-09
9.985901348e-10
9.454210216e-10
8.766489224e-10
7.960157636e-10
7.074120581e-10
6.144613582e-10
5.203485447e-10
4.277767782e-10
3.39003995e-10
2.559420529e-10
1.803388583e-10
1.141503498e-10
6.005764432e-11
2.387657201e-11
8.529519776e-12
3.914028392e-12
2.284266402e-12
1.505815752e-12
1.045773345e-12
7.41926202e-13
5.29943313e-13
3.781204888e-13
2.681427392e-13
1.88383422e-13
1.309414919e-13
8.994904695e-14
6.100748973e-14
4.084552837e-14
2.70008953e-14
1.762911529e-14
1.137764636e-14
7.268988484e-15
4.60416184e-15
2.891750946e-15
1.793860305e-15
1.086008258e-15
6.265550448e-16
3.304594365e-16
1.54524959e-16
6.684679742e-17
2.991754087e-17
1.687817544e-17
1.348512036e-17
1.29287284e-17
1.485301559e-08
1.088163451e-08
7.737019697e-09
5.354350432e-09
3.624396955e-09
2.424965676e-09
1.643860186e-09
1.194246753e-09
9.842143679e-10
9.072237015e-10
8.765401315e-10
8.749684003e-10
8.91569566e-10
9.139975913e-10
9.300722634e-10
9.314045304e-10
9.142179274e-10
8.785385142e-10
8.26641695e-10
7.617615443e-10
6.874021427e-10
6.069366815e-10
5.234180409e-10
4.395055416e-10
3.574655305e-10
2.792278184e-10
2.065045795e-10
1.410324128e-10
8.482825828e-11
4.057995473e-11
1.497387597e-11
5.970208425e-12
3.114363918e-12
1.947060499e-12
1.324747704e-12
9.344698626e-13
6.690248714e-13
4.811594003e-13
3.456714092e-13
2.474183613e-13
1.760772051e-13
1.243321024e-13
8.700107729e-14
6.028476567e-14
4.133804322e-14
2.803763399e-14
1.880986414e-14
1.248613453e-14
8.199263012e-15
5.315041037e-15
3.38573133e-15
2.100946818e-15
1.251555224e-15
6.995075123e-16
3.540022741e-16
1.579191302e-16
6.237563844e-17
2.397365038e-17
1.264006109e-17
1.047612234e-17
7.278185052e-09
5.468018539e-09
3.994457183e-09
2.84779225e-09
1.995863117e-09
1.397382835e-09
1.013505922e-09
8.057580537e-10
7.254883169e-10
7.066954733e-10
7.077631645e-10
7.279514035e-10
7.60584269e-10
7.958594244e-10
8.238606068e-10
8.376400818e-10
8.338964739e-10
8.123822643e-10
7.748241089e-10
7.238849948e-10
6.625941544e-10
5.939763685e-10
5.208545064e-10
4.457558064e-10
3.708840856e-10
2.981404534e-10
2.291887728e-10
1.655807965e-10
1.09015224e-10
6.156825268e-11
2.714423891e-11
1.01704579e-11
4.588403705e-12
2.632161457e-12
1.727847536e-12
1.205235518e-12
8.635199169e-13
6.260590017e-13
4.563463318e-13
3.330249897e-13
2.425323182e-13
1.759403901e-13
1.269586201e-13
9.101503007e-14
6.475015386e-14
4.567806437e-14
3.194016704e-14
2.21285964e-14
1.517222636e-14
1.026657107e-14
6.824652087e-15
4.42744811e-15
2.776967682e-15
1.660927796e-15
9.27099369e-16
4.659072208e-16
1.994299057e-16
6.920331453e-17
2.20941922e-17
1.068985191e-17
3.536678262e-09
2.720177068e-09
2.040273734e-09
1.500533206e-09
1.094625723e-09
8.120256387e-10
6.439449952e-10
5.668191273e-10
5.507608878e-10
5.598917384e-10
5.790725957e-10
6.121171236e-10
6.539537309e-10
6.964956053e-10
7.316556155e-10
7.53660148e-10
7.59638056e-10
7.491191251e-10
7.233017863e-10
6.843010384e-10
6.34635268e-10
5.76922477e-10
5.136863566e-10
4.47252203e-10
3.796993777e-10
3.128558499e-10
2.483290199e-10
1.875772105e-10
1.32050082e-10
8.34679528e-11
4.410670193e-11
1.843938275e-11
7.464384351e-12
3.798842758e-12
2.348143093e-12
1.602573919e-12
1.144808488e-12
8.370155858e-13
6.193963365e-13
4.608729005e-13
3.434873434e-13
2.558015552e-13
1.90042629e-13
1.406590145e-13
1.035877098e-13
7.582971331e-14
5.513184368e-14
3.976834133e-14
2.840877172e-14
2.003858063e-14
1.390101271e-14
9.433589792e-15
6.217300758e-15
3.939984232e-15
2.365832001e-15
1.314432506e-15
6.444580982e-16
2.560208436e-16
7.791726791e-17
2.215564113e-17
1.71202254e-09
1.347865049e-09
1.040072715e-09
7.940537774e-10
6.117227083e-10
4.943641361e-10
4.368101898e-10
4.217473535e-10
4.32188473e-10
4.528054513e-10
4.823041382e-10
5.223677162e-10
5.686262698e-10
6.143700209e-10
6.530518033e-10
6.799251174e-10
6.92499947e-10
6.901560784e-10
6.736504228e-10
6.445866452e-10
6.049889708e-10
5.570521188e-10
5.029648923e-10
4.44804581e-10
3.844786782e-10
3.237018995e-10
2.64003175e-10
2.067635121e-10
1.532972393e-10
1.050312211e-10
6.370579775e-11
3.158982129e-11
1.29969556e-11
5.91712722e-12
3.365644295e-12
2.217428974e-12
1.573145846e-12
1.157558099e-12
8.680760184e-13
6.577711954e-13
5.011273768e-13
3.826363554e-13
2.921539517e-13
2.226795378e-13
1.691919004e-13
1.279863332e-13
9.626542428e-14
7.188104986e-14
5.316903072e-14
3.884814684e-14
2.793629535e-14
1.967746992e-14
1.349112528e-14
8.930966569e-15
5.645650668e-15
3.3515662e-15
1.815923722e-15
8.467404662e-16
3.054615168e-16
7.943374423e-17
8.308701174e-10
6.715247835e-10
5.36903774e-10
4.317759251e-10
3.603657894e-10
3.280931791e-10
3.221227272e-10
3.322801178e-10
3.517701391e-10
3.769238561e-10
4.112225884e-10
4.540719349e-10
5.013344816e-10
5.473963124e-10
5.869651629e-10
6.161683267e-10
6.328513719e-10
6.363184869e-10
6.269733206e-10
6.059701013e-10
5.748913531e-10
5.355187846e-10
4.896995283e-10
4.392416294e-10
3.858514675e-10
3.310998454e-10
2.764124489e-10
2.230837979e-10
1.723189103e-10
1.253196578e-10
8.347713426e-11
4.852805e-11
2.320409347e-11
1.008667055e-11
5.184087705e-12
3.238335971e-12
2.261968982e-12
1.667628828e-12
1.263670721e-12
9.722595564e-13
7.546443749e-13
5.885431848e-13
4.599358847e-13
3.59400192e-13
2.803273042e-13
2.17906153e-13
1.685174128e-13
1.293891963e-13
9.839413938e-14
7.389579743e-14
5.462155354e-14
3.956857173e-14
2.793847219e-14
1.909749968e-14
1.252834975e-14
7.791372864e-15
4.505268346e-15
2.341717041e-15
1.007354139e-15
2.958029948e-16
4.096361218e-10
3.436170009e-10
2.906240859e-10
2.550836507e-10
2.425721737e-10
2.46246244e-10
2.583204048e-10
2.754374609e-10
2.964601645e-10
3.237694528e-10
3.597596751e-10
4.027058708e-10
4.487536163e-10
4.932455125e-10
5.319176264e-10
5.616376364e-10
5.80555273e-10
5.879401712e-10
5.839327992e-10
5.693231452e-10
5.452995297e-10
5.13277521e-10
4.747781186e-10
4.313385205e-10
3.844506061e-10
3.355220208e-10
2.85856463e-10
2.366521251e-10
1.890200165e-10
1.44029727e-10
1.02805561e-10
6.671971034e-11
3.756226791e-11
1.805114627e-11
8.739885722e-12
5.084967631e-12
3.438527686e-12
2.516573809e-12
1.914770683e-12
1.487254958e-12
1.169085208e-12
9.255405855e-13
7.355524407e-13
5.853537796e-13
4.65483756e-13
3.691657299e-13
2.913981194e-13
2.284122452e-13
1.773401183e-13
1.359798443e-13
1.026242825e-13
7.594022372e-14
5.484416969e-14
3.84388062e-14
2.596621829e-14
1.674700077e-14
1.016476771e-14
5.664905107e-15
2.732401346e-15
9.310292949e-16
2.117538187e-10
1.896278825e-10
1.77152379e-10
1.7910675e-10
1.903850761e-10
2.038435795e-10
2.180319634e-10
2.348515962e-10
2.568319239e-10
2.859148763e-10
3.222961212e-10
3.63987227e-10
4.076524977e-10
4.495290229e-10
4.862513559e-10
5.153030678e-10
5.351154741e-10
5.449666194e-10
5.448193937e-10
5.35175457e-10
5.168994119e-10
4.910883207e-10
4.589629472e-10
4.218041261e-10
3.808915111e-10
3.374634443e-10
2.926917822e-10
2.476709231e-10
2.034219375e-10
1.609157586e-10
1.211265842e-10
8.514775896e-11
5.434921698e-11
3.047942856e-11
1.561886001e-11
8.642081711e-12
5.577337212e-12
3.991312303e-12
3.013688739e-12
2.341840733e-12
1.849559566e-12
1.475047557e-12
1.183072265e-12
9.515038104e-13
7.655481757e-13
6.148454386e-13
4.91876122e-13
3.910501573e-13
3.08153838e-13
2.399797418e-13
1.840744133e-13
1.385558195e-13
1.019544929e-13
7.3018129e-14
5.061219603e-14
3.369510702e-14
2.130006975e-14
1.25277487e-14
6.522717521e-15
2.543154235e-15
1.22169373e-10
1.217911546e-10
1.306010132e-10
1.436186424e-10
1.573871799e-10
1.711291768e-10
1.86186315e-10
2.046965369e-10
2.286586794e-10
2.589231286e-10
2.948669174e-10
3.345838268e-10
3.753189972e-10
4.141178379e-10
4.483588642e-10
4.760420273e-10
4.958558717e-10
5.071204579e-10
5.096799395e-10
5.038241879e-10
4.901599664e-10
4.695141685e-10
4.428559204e-10
4.112335605e-10
3.757258352e-10
3.374039558e-10
2.973048247e-10
2.56415149e-10
2.156670388e-10
1.759474045e-10
1.381281586e-10
1.031341628e-10
7.207171028e-11
4.628931107e-11
2.71370064e-11
1.54729718e-11
9.609507668e-12
6.618457632e-12
4.886138473e-12
3.760617519e-12
2.963079637e-12
2.365566011e-12
1.90305129e-12
1.537236609e-12
1.243508869e-12
1.00505579e-12
8.098849047e-13
6.491739749e-13
5.163099022e-13
4.062954764e-13
3.153554194e-13
2.406758268e-13
1.799767763e-13
1.313727465e-13
9.317365181e-14
6.381547272e-14
4.182192016e-14
2.577596538e-14
1.430175073e-14
6.294397784e-15
9.067022798e-11
1.000557224e-10
1.112854651e-10
1.230025389e-10
1.351084905e-10
1.483982887e-10
1.643136047e-10
1.844281697e-10
2.09709978e-10
2.401716179e-10
2.749037398e-10
3.121685439e-10
3.497371527e-10
3.853112663e-10
4.168599067e-10
4.428001381e-10
4.620435844e-10
4.739682668e-10
4.783533582e-10
4.753390104e-10
4.653322905e-10
4.489453065e-10
4.269332797e-10
4.001385794e-10
3.694590898e-10
3.358103861e-10
3.000997824e-10
2.632087015e-10
2.259843163e-10
1.892434866e-10
1.537940888e-10
1.204735172e-10
9.012515059e-11
6.367210448e-11
4.225408159e-11
2.671883768e-11
1.690081498e-11
1.131017745e-11
8.100658682e-12
6.110219022e-12
4.766359116e-12
3.789616523e-12
3.043995602e-12
2.458688319e-12
1.990845702e-12
1.61194312e-12
1.302479274e-12
1.047953954e-12
8.374426525e-13
6.62992255e-13
5.185958252e-13
3.996400457e-13
3.024802368e-13
2.241254852e-13
1.619786786e-13
1.13640453e-13
7.68327212e-14
4.934818983e-14
2.89927503e-14
1.417020134e-14
8.216095546e-11
9.048381833e-11
9.945320593e-11
1.092428853e-10
1.204191243e-10
1.339498726e-10
1.5092892e-10
1.721474648e-10
1.978358657e-10
2.27637261e-10
2.605556084e-10
2.95077353e-10
3.294174323e-10
3.617907166e-10
3.906200779e-10
4.146494063e-10
4.329775377e-10
4.450468924e-10
4.506058053e-10
4.496869574e-10
4.425510534e-10
4.296406199e-10
4.11533916e-10
3.889068944e-10
3.624985556e-10
3.330833697e-10
3.014481141e-10
2.683753196e-10
2.346351812e-10
2.009872554e-10
1.68188159e-10
1.369514086e-10
1.079383927e-10
8.184450111e-11
5.943714123e-11
4.148715935e-11
2.826861841e-11
1.932480246e-11
1.364837329e-11
1.006465755e-11
7.703401912e-12
6.050310224e-12
4.82306995e-12
3.874382473e-12
3.125553688e-12
2.525449261e-12
2.038294467e-12
1.63951725e-12
1.311288894e-12
1.040399882e-12
8.168883198e-13
6.331010117e-13
4.830103219e-13
3.61703909e-13
2.650519341e-13
1.893991259e-13
1.312688622e-13
8.724379795e-14
5.386132072e-14
2.871311306e-14
7.692538717e-11
8.353418896e-11
9.11988687e-11
1.00402247e-10
1.118253893e-10
1.26195606e-10
1.440859382e-10
1.657604495e-10
1.911285641e-10
2.196592945e-10
2.503941698e-10
2.820591671e-10
3.132362021e-10
3.425358675e-10
3.687261177e-10
3.908040137e-10
4.080218134e-10
4.198848039e-10
4.261322917e-10
4.267268524e-10
4.218245988e-10
4.117357675e-10
3.968995118e-10
3.778519265e-10
3.551956407e-10
3.295831471e-10
3.016949517e-10
2.722258902e-10
2.41877097e-10
2.113503914e-10
1.813095767e-10
1.52352804e-10
1.250505551e-10
9.995875034e-11
7.761671966e-11
5.851289788e-11
4.300684266e-11
3.117567165e-11
2.261790898e-11
1.664224073e-11
1.25267562e-11
9.648342336e-12
7.564766693e-12
6.003530957e-12
4.798734e-12
3.847666322e-12
3.086525681e-12
2.471384669e-12
1.97071321e-12
1.561399884e-12
1.226238304e-12
9.522136102e-13
7.292791028e-13
5.494518444e-13
4.061297164e-13
2.937112109e-13
2.070997903e-13
1.411899098e-13
9.072568954e-14
5.186254596e-14
7.257729343e-11
7.870210899e-11
8.638714151e-11
9.612434725e-11
1.083983752e-10
1.236014425e-10
1.419774125e-10
1.635538745e-10
1.88068503e-10
2.149434232e-10
2.433212203e-10
2.721544201e-10
3.003216902e-10
3.267372336e-10
3.504313492e-10
3.705974308e-10
3.866126148e-10
3.980413236e-10
4.046281916e-10
4.062910507e-10
4.031099965e-10
3.952990194e-10
3.831874542e-10
3.671966778e-10
3.478202835e-10
3.256064341e-10
3.011432175e-10
2.750464524e-10
2.479483362e-10
2.204632219e-10
1.931563839e-10
1.665601682e-10
1.411736814e-10
1.174573043e-10
9.581852075e-11
7.659084273e-11
6.001154134e-11
4.620019986e-11
3.513799278e-11
2.658487324e-11
2.012279556e-11
1.531484709e-11
1.173737275e-11
9.129500373e-12
7.176264696e-12
5.672316325e-12
4.496021512e-12
3.565345495e-12
2.822061981e-12
2.224073607e-12
1.740692802e-12
1.349367614e-12
1.033296242e-12
7.796620678e-13
5.782955267e-13
4.206702282e-13
2.99401103e-13
2.07407715e-13
1.371983661e-13
8.261314916e-14
7.019467477e-11
7.685887559e-11
8.534630113e-11
9.598431385e-11
1.090536728e-10
1.247646164e-10
1.431918891e-10
1.642214072e-10
1.875182834e-10
2.125285395e-10
2.385174854e-10
2.646362638e-10
2.899990197e-10
3.137523834e-10
3.351268766e-10
3.53468902e-10
3.682575804e-10
3.791116143e-10
3.857893592e-10
3.88182462e-10
3.863191855e-10
3.803426554e-10
3.704964244e-10
3.571121874e-10
3.405945238e-10
3.214046807e-10
3.000509194e-10
2.770750305e-10
2.530232463e-10
2.284164411e-10
2.03754513e-10
1.795099571e-10
1.56119786e-10
1.339732956e-10
1.133963841e-10
9.463677075e-11
7.785511297e-11
6.312326976e-11
5.042985685e-11
3.970256415e-11
3.082089703e-11
2.363985916e-11
1.797765333e-11
1.361083287e-11
1.042980719e-11
8.052891212e-12
6.255611146e-12
4.880344836e-12
3.813919517e-12
2.976534759e-12
2.312406732e-12
1.782456648e-12
1.359016108e-12
1.022083099e-12
7.566024341e-13
5.504094303e-13
3.929416346e-13
2.744330575e-13
1.847866985e-13
1.150274962e-13
7.087207179e-11
7.843245203e-11
8.778679299e-11
9.915930012e-11
1.127239786e-10
1.285681149e-10
1.466556731e-10
1.667998043e-10
1.88652495e-10
2.117163021e-10
2.353772892e-10
2.589524017e-10
2.81740071e-10
3.030647581e-10
3.223106004e-10
3.389440761e-10
3.525280793e-10
3.627300774e-10
3.693254589e-10
3.721957664e-10
3.713335684e-10
3.668310366e-10
3.588691094e-10
3.477096421e-10
3.336831073e-10
3.17177584e-10
2.986299027e-10
2.785005473e-10
2.572473663e-10
2.353235237e-10
2.131680168e-10
1.91196214e-10
1.69788524e-10
1.492766939e-10
1.299294691e-10
1.119411107e-10
9.54258225e-11
8.041949699e-11
6.689068729e-11
5.476843202e-11
4.398368039e-11
3.451728819e-11
2.642719826e-11
1.979172895e-11
1.472434739e-11
1.100135453e-11
8.289581861e-12
6.306097775e-12
4.829945019e-12
3.70954568e-12
2.84450631e-12
2.16882554e-12
1.638310467e-12
1.222334149e-12
8.988105605e-13
6.507956042e-13
4.635976342e-13
3.240637693e-13
2.196778371e-13
1.389008597e-13
7.476099733e-11
8.304437408e-11
9.301800604e-11
1.048193435e-10
1.185299823e-10
1.341508752e-10
1.515812006e-10
1.706056977e-10
1.90894425e-10
2.120163876e-10
2.334653167e-10
2.546922075e-10
2.75138444e-10
2.942647488e-10
3.115738665e-10
3.266272768e-10
3.390570608e-10
3.485742596e-10
3.54974125e-10
3.581374517e-10
3.580336585e-10
3.547183568e-10
3.483255715e-10
3.390616219e-10
3.271979597e-10
3.130626437e-10
2.97019578e-10
2.794483538e-10
2.607393016e-10
2.41282959e-10
2.214600135e-10
2.01630537e-10
1.821217826e-10
1.632149076e-10
1.451323829e-10
1.280286156e-10
1.119857097e-10
9.701574174e-11
8.307200962e-11
7.007341535e-11
5.79477044e-11
4.668466754e-11
3.640110974e-11
2.73726632e-11
1.996274683e-11
1.442152855e-11
1.040077154e-11
7.64411395e-12
5.686409658e-12
4.263467017e-12
3.206275352e-12
2.40602267e-12
1.792712144e-12
1.321051683e-12
9.602502582e-13
6.875572957e-13
4.844740923e-13
3.354134327e-13
2.260277492e-13
1.425593104e-13
8.131411096e-11
9.005474001e-11
1.003409824e-10
1.122397521e-10
1.257652564e-10
1.408635193e-10
1.574010014e-10
1.751599637e-10
1.938422331e-10
2.130815674e-10
2.32462509e-10
2.515423454e-10
2.6987286e-10
2.870195171e-10
3.025772762e-10
3.161832847e-10
3.275269504e-10
3.363578976e-10
3.424918583e-10
3.458139964e-10
3.462804643e-10
3.4392182e-10
3.388375506e-10
3.311913797e-10
3.212061317e-10
3.091490917e-10
2.95314598e-10
2.800201483e-10
2.635956298e-10
2.463735446e-10
2.286789326e-10
2.108184314e-10
1.93068358e-10
1.756625418e-10
1.587815164e-10
1.42544936e-10
1.270086457e-10
1.121676721e-10
9.79672151e-11
8.432447992e-11
7.116463373e-11
5.847444346e-11
4.637216156e-11
3.518646076e-11
2.547154093e-11
1.779351624e-11
1.232495561e-11
8.649575273e-12
6.187629194e-12
4.497209562e-12
3.29432888e-12
2.413277216e-12
1.757564793e-12
1.266964348e-12
9.010797861e-13
6.308566437e-13
4.341437082e-13
2.936778869e-13
1.93706936e-13
1.194728724e-13
8.9930841e-11
9.883989415e-11
1.091343824e-10
1.208291605e-10
1.338934574e-10
1.482418001e-10
1.637285089e-10
1.801470497e-10
1.972349522e-10
2.146836843e-10
2.321519241e-10
2.492802927e-10
2.657057609e-10
2.810746868e-10
2.950542026e-10
3.073420864e-10
3.176752897e-10
3.258372418e-10
3.316637052e-10
3.350469283e-10
3.359381694e-10
3.343502078e-10
3.303565178e-10
3.240863902e-10
3.157167101e-10
3.054586335e-10
2.935529714e-10
2.802622316e-10
2.658612822e-10
2.506283e-10
2.348351544e-10
2.187369675e-10
2.02561069e-10
1.864962528e-10
1.706837872e-10
1.552116647e-10
1.401132195e-10
1.253711068e-10
1.109281492e-10
9.670737195e-11
8.264397429e-11
6.873280178e-11
5.509769148e-11
4.208624511e-11
3.035006356e-11
2.072950075e-11
1.368754838e-11
9.137460727e-12
6.24795738e-12
4.357229428e-12
3.069215241e-12
2.164433905e-12
1.517020121e-12
1.05109073e-12
7.170874488e-13
4.801431524e-13
3.153474104e-13
2.039884527e-13
1.293218334e-13
7.766269814e-14
1.000209309e-10
1.088320031e-10
1.188700494e-10
1.301145622e-10
1.425073935e-10
1.559478468e-10
1.702904779e-10
1.853463275e-10
2.008874973e-10
2.166545122e-10
2.323655114e-10
2.477261351e-10
2.624392362e-10
2.762140084e-10
2.887744391e-10
2.998671376e-10
3.092685483e-10
3.167914659e-10
3.222905551e-10
3.256667227e-10
3.26869968e-10
3.259011689e-10
3.228125983e-10
3.177025395e-10
3.10705398e-10
3.019893031e-10
2.917489353e-10
2.801972503e-10
2.675586328e-10
2.540606383e-10
2.399249885e-10
2.253579303e-10
2.105404025e-10
1.95618959e-10
1.806987026e-10
1.658393987e-10
1.510556185e-10
1.363216528e-10
1.215823641e-10
1.067720663e-10
9.184424857e-11
7.681642797e-11
6.183724946e-11
4.728544607e-11
3.387889735e-11
2.264339026e-11
1.440166752e-11
9.111052834e-12
5.888873268e-12
3.889738591e-12
2.594900854e-12
1.728838825e-12
1.13909198e-12
7.376478686e-13
4.67365847e-13
2.900723309e-13
1.782589125e-13
1.096678897e-13
6.700073903e-14
3.997972521e-14
1.110674468e-10
1.195625908e-10
1.29137587e-10
1.397500572e-10
1.513273569e-10
1.637642389e-10
1.769224997e-10
1.906327568e-10
2.046982164e-10
2.189000255e-10
2.330035897e-10
2.46765277e-10
2.599391386e-10
2.722834985e-10
2.835674222e-10
2.935769786e-10
3.021213191e-10
3.090383979e-10
3.142000118e-10
3.175159503e-10
3.189369921e-10
3.184565571e-10
3.161081975e-10
3.119604584e-10
3.061151998e-10
2.987041858e-10
2.898803346e-10
2.798119744e-10
2.686780066e-10
2.566596106e-10
2.439321249e-10
2.30656617e-10
2.169715846e-10
2.029857308e-10
1.887728633e-10
1.743697888e-10
1.597777962e-10
1.449683092e-10
1.298938284e-10
1.145061564e-10
9.878466403e-11
8.277885738e-11
6.667249036e-11
5.08813122e-11
3.617862472e-11
2.371544876e-11
1.45426802e-11
8.730868966e-12
5.323063583e-12
3.304899284e-12
2.058714629e-12
1.266342846e-12
7.599817372e-13
4.421971882e-13
2.524341833e-13
1.450340845e-13
8.488093647e-14
5.071765001e-14
3.050113802e-14
1.904083433e-14
1.226148856e-10
1.306313268e-10
1.39595822e-10
1.49454328e-10
1.60128743e-10
1.71516073e-10
1.834889017e-10
1.958971813e-10
2.085711894e-10
2.213253622e-10
2.33962666e-10
2.462792456e-10
2.580692277e-10
2.691296411e-10
2.79265461e-10
2.882947073e-10
2.960535659e-10
3.024013324e-10
3.072248708e-10
3.104423306e-10
3.120059325e-10
3.11901241e-10
3.101444725e-10
3.067827852e-10
3.01891061e-10
2.955675954e-10
2.879285858e-10
2.791026409e-10
2.692249449e-10
2.584382111e-10
2.46875974e-10
2.346589402e-10
2.218885355e-10
2.086414906e-10
1.949665372e-10
1.808837518e-10
1.663869483e-10
1.514496975e-10
1.360361421e-10
1.201184626e-10
1.037036073e-10
8.687377794e-11
6.984951252e-11
5.308764095e-11
3.741495968e-11
2.406725274e-11
1.424856907e-11
8.119622013e-12
4.65203308e-12
2.693304966e-12
1.542656641e-12
8.532916934e-13
4.477546772e-13
2.277869135e-13
1.190521203e-13
6.533990912e-14
3.723129326e-14
2.193232818e-14
1.323492192e-14
8.861795167e-15
1.343247439e-10
1.417562034e-10
1.500198892e-10
1.590573789e-10
1.687910575e-10
1.791240857e-10
1.899412084e-10
2.011103584e-10
2.124849273e-10
2.23906534e-10
2.352081168e-10
2.462172637e-10
2.567597715e-10
2.666634325e-10
2.757620563e-10
2.838996733e-10
2.909348471e-10
2.967448891e-10
3.01229694e-10
3.043149389e-10
3.059525605e-10
3.061197932e-10
3.048206286e-10
3.02083875e-10
2.979602001e-10
2.925192717e-10
2.858466326e-10
2.780378912e-10
2.691922947e-10
2.594094402e-10
2.487897847e-10
2.374218708e-10
2.253764859e-10
2.127052052e-10
1.994384861e-10
1.855860287e-10
1.71139748e-10
1.560800011e-10
1.403861831e-10
1.240532981e-10
1.071168847e-10
8.969063409e-11
7.202499534e-11
5.459979704e-11
3.825627689e-11
2.425072904e-11
1.388875152e-11
7.494925283e-12
4.013968605e-12
2.146648228e-12
1.109228357e-12
5.292683181e-13
2.345235151e-13
1.067056106e-13
5.303934185e-14
2.836638645e-14
1.587335065e-14
9.273717037e-15
5.681231132e-15
4.07645179e-15
1.458779729e-10
1.52664306e-10
1.601820462e-10
1.683733084e-10
1.771647e-10
1.864676753e-10
1.961794149e-10
2.061841783e-10
2.163550449e-10
2.265559576e-10
2.36644e-10
2.464718866e-10
2.558906898e-10
2.647528587e-10
2.72915481e-10
2.802437938e-10
2.866148276e-10
2.919209454e-10
2.960730412e-10
2.99001469e-10
3.006560562e-10
3.010084567e-10
3.000514839e-10
2.977974576e-10
2.942771212e-10
2.895374674e-10
2.836374309e-10
2.766434339e-10
2.686242364e-10
2.596483423e-10
2.497792353e-10
2.390797827e-10
2.276012802e-10
2.153761195e-10
2.024220418e-10
1.887430286e-10
1.743325232e-10
1.591796094e-10
1.432790966e-10
1.266468682e-10
1.093426935e-10
9.150466665e-11
7.340327673e-11
5.55287069e-11
3.872260065e-11
2.42436694e-11
1.345194331e-11
6.855280242e-12
3.40891693e-12
1.665048067e-12
7.501554734e-13
2.96150055e-13
1.130627434e-13
4.815542958e-14
2.32497528e-14
1.219462694e-14
6.715767285e-15
3.901392586e-15
2.444358602e-15
1.861472891e-15
1.571006138e-10
1.6322418e-10
1.699912912e-10
1.77347549e-10
1.852257812e-10
1.935465441e-10
2.022189563e-10
2.111418168e-10
2.202049616e-10
2.292908196e-10
2.382761592e-10
2.470340426e-10
2.554360144e-10
2.633545649e-10
2.706658476e-10
2.772526191e-10
2.830072728e-10
2.878347438e-10
2.916534974e-10
2.943960666e-10
2.960119812e-10
2.964680586e-10
2.957480365e-10
2.938516617e-10
2.907925443e-10
2.865957052e-10
2.812958489e-10
2.749350719e-10
2.67559585e-10
2.592134859e-10
2.499355935e-10
2.397670317e-10
2.287423359e-10
2.16881363e-10
2.04194487e-10
1.906840366e-10
1.763476791e-10
1.611843518e-10
1.452035425e-10
1.284391546e-10
1.109698581e-10
9.294955673e-11
7.46551685e-11
5.656416573e-11
3.947457436e-11
2.458060695e-11
1.327514274e-11
6.34195372e-12
2.878348396e-12
1.245006931e-12
4.685817842e-13
1.538283585e-13
5.319723981e-14
2.173234827e-14
1.02303216e-14
5.258319238e-15
2.846603281e-15
1.645324388e-15
1.057414392e-15
8.44502307e-16
1.676282995e-10
1.731032676e-10
1.791461559e-10
1.857077715e-10
1.927281744e-10
2.001371805e-10
2.078550837e-10
2.15793568e-10
2.238567842e-10
2.319425766e-10
2.399438729e-10
2.477502687e-10
2.552498615e-10
2.623313066e-10
2.688861219e-10
2.748111744e-10
2.800111835e-10
2.843995479e-10
2.878990758e-10
2.904452043e-10
2.919867431e-10
2.924860317e-10
2.919185819e-10
2.902722034e-10
2.87545847e-10
2.837494587e-10
2.789018281e-10
2.730266388e-10
2.661491883e-10
2.582923471e-10
2.494767247e-10
2.397199471e-10
2.290524465e-10
2.174847649e-10
2.05022407e-10
1.916672383e-10
1.774207951e-10
1.622898114e-10
1.462945865e-10
1.294811824e-10
1.119393245e-10
9.382956785e-11
7.542615355e-11
5.718641429e-11
3.987434533e-11
2.465629908e-11
1.297703426e-11
5.823097738e-12
2.363790613e-12
8.613648836e-13
2.656279873e-13
7.636488815e-14
2.488069065e-14
9.834391116e-15
4.511670766e-15
2.268850199e-15
1.206787756e-15
6.948710928e-16
4.586535174e-16
3.804213267e-16
1.764832472e-10
1.814094719e-10
1.868439335e-10
1.927425054e-10
1.990517095e-10
2.057091965e-10
2.126444218e-10
2.197794117e-10
2.270294652e-10
2.343041028e-10
2.415084776e-10
2.485447865e-10
2.553137449e-10
2.617163564e-10
2.676558981e-10
2.730400269e-10
2.777813333e-10
2.817980381e-10
2.850173395e-10
2.873764644e-10
2.888232952e-10
2.893166083e-10
2.888259865e-10
2.873314644e-10
2.848226209e-10
2.812963567e-10
2.767555307e-10
2.712082344e-10
2.646655906e-10
2.571397821e-10
2.486414391e-10
2.391895735e-10
2.287938302e-10
2.174606652e-10
2.051942102e-10
1.919980898e-10
1.778786809e-10
1.628502239e-10
1.469423283e-10
1.302106458e-10
1.127525238e-10
9.473081531e-11
7.641128757e-11
5.822490625e-11
4.086300224e-11
2.537790218e-11
1.309409523e-11
5.255170453e-12
1.733867876e-12
5.211965897e-13
1.400299658e-13
3.739064984e-14
1.171361136e-14
4.486326175e-15
1.999437657e-15
9.802197948e-16
5.116594631e-16
2.938026206e-16
1.990538514e-16
1.701426715e-16
)
;

boundaryField
{
    inletCH4
    {
        type            fixedValue;
        value           uniform 0;
    }
    wallOutside
    {
        type            zeroGradient;
    }
    wallTube
    {
        type            zeroGradient;
    }
    inletPilot
    {
        type            fixedValue;
        value           uniform 0;
    }
    inletAir
    {
        type            fixedValue;
        value           uniform 0;
    }
    outlet
    {
        type            zeroGradient;
    }
    axis
    {
        type            empty;
    }
    frontAndBack_pos
    {
        type            wedge;
    }
    frontAndBack_neg
    {
        type            wedge;
    }
}


// ************************************************************************* //
