/*--------------------------------*- C++ -*----------------------------------*\
  =========                 |
  \\      /  F ield         | OpenFOAM: The Open Source CFD Toolbox
   \\    /   O peration     | Website:  https://openfoam.org
    \\  /    A nd           | Version:  10
     \\/     M anipulation  |
\*---------------------------------------------------------------------------*/
FoamFile
{
    format      ascii;
    class       volScalarField;
    location    "3000";
    object      HCCO;
}
// * * * * * * * * * * * * * * * * * * * * * * * * * * * * * * * * * * * * * //

dimensions      [0 0 0 0 0 0 0];

internalField   nonuniform List<scalar> 
5170
(
6.391408333e-75
2.861707787e-75
5.153097158e-76
3.392409676e-77
3.898653478e-79
4.871852614e-72
2.044502861e-72
3.079266874e-73
1.33957349e-74
1.15829322e-76
3.616317403e-69
1.412443277e-69
1.712892945e-70
5.328604156e-72
2.940717835e-74
2.635673582e-66
9.582474655e-67
9.445198553e-68
2.193894709e-69
1.933638943e-72
1.898391095e-63
6.478342717e-64
5.320579536e-65
9.659458319e-67
0
1.361966806e-60
4.424480552e-61
3.037670433e-62
4.533115345e-64
0
9.838467538e-58
3.079432417e-58
1.798077957e-59
2.25615031e-61
0
7.129932721e-55
2.165497654e-55
1.142041382e-56
1.283833793e-58
0
5.237488297e-52
1.607572341e-52
7.949288291e-54
8.512022434e-56
0
3.928412327e-49
1.268724841e-49
6.116659307e-51
7.965189322e-53
0
3.027403337e-46
1.077463511e-46
5.590187899e-48
1.811358806e-49
0
2.392192021e-43
9.827961106e-44
6.530496646e-45
8.238944004e-46
0
1.94496273e-40
9.698143517e-41
1.032909286e-41
4.374504603e-42
3.619671766e-42
1.61960962e-37
1.026262615e-37
2.110922643e-38
2.301370418e-38
2.712123051e-38
1.385410656e-34
1.174309256e-34
5.105681418e-35
1.162925269e-34
1.658532826e-34
1.198674643e-31
1.427901386e-31
1.335695227e-31
5.400225868e-31
1.005238015e-30
1.044261614e-28
1.846452004e-28
3.55114721e-28
2.252017487e-27
6.101487605e-27
8.911159265e-26
2.433049589e-25
9.201784143e-25
8.655774684e-24
3.708872521e-23
7.09464207e-23
3.114518081e-22
2.194460414e-21
2.893204982e-20
2.257401261e-19
4.761109722e-20
3.647773963e-19
4.719052635e-18
8.780186242e-17
1.393163815e-15
3.088993845e-23
2.075280791e-23
5.81443019e-24
1.672656257e-23
2.244597143e-23
1.595749959e-23
1.340613538e-23
8.039578061e-24
2.283996075e-23
1.676306569e-23
1.098338468e-23
9.46079224e-24
6.588607073e-24
1.132778699e-23
9.266656843e-24
6.16880993e-24
5.885106704e-24
5.08828173e-24
6.417956157e-24
5.350567258e-24
3.597919689e-24
4.045757652e-24
3.710830527e-24
3.58960023e-24
2.976599389e-24
2.171706117e-24
2.689731004e-24
2.550156413e-24
2.22852032e-24
1.582583057e-24
1.462703182e-24
1.854012818e-24
1.760797469e-24
1.211493925e-24
8.471304962e-25
9.078297413e-25
1.23910947e-24
1.141488909e-24
7.378091878e-25
4.915637606e-25
5.886036942e-25
8.582069201e-25
8.319660984e-25
6.054329494e-25
3.135997274e-25
4.254765858e-25
6.040916247e-25
5.861087005e-25
3.049073183e-25
2.260505819e-25
3.298924163e-25
4.360274959e-25
4.528806924e-25
2.884350173e-25
2.302283872e-25
2.296251854e-25
3.410648962e-25
3.888582711e-25
3.661034075e-25
2.212509372e-25
1.661516748e-25
2.028723735e-25
2.357313587e-25
2.630022061e-25
1.87541576e-25
6.552003661e-24
2.051519173e-24
7.128054588e-25
1.442681374e-24
3.159119289e-25
1.085163259e-21
3.486271298e-22
1.069433734e-22
1.101603101e-22
4.414008471e-23
1.831680625e-19
6.447256464e-20
2.038364967e-20
3.355989824e-20
8.366070563e-21
3.120455756e-17
1.231145364e-17
3.618766736e-18
7.220511372e-18
1.300617305e-18
5.346734534e-15
2.419592823e-15
5.893276569e-16
1.091759323e-15
1.553756632e-16
9.342651185e-13
4.925621554e-13
9.020808742e-14
1.166529872e-13
1.393822605e-14
1.056410079e-11
2.831302058e-11
1.281131794e-11
6.956790253e-12
7.606989935e-13
9.276109049e-18
1.117993224e-16
3.307961377e-15
1.50074894e-13
8.606493273e-12
4.151879424e-16
5.246297807e-15
1.55214277e-13
6.467266069e-12
2.940706742e-10
1.182085478e-15
1.272129882e-14
3.049051953e-13
9.780180881e-12
2.700330593e-10
5.344938597e-15
6.745787788e-14
1.808435066e-12
5.55643395e-11
1.33353564e-09
2.125862421e-14
2.637487641e-13
6.322718303e-12
1.547553282e-10
2.778951749e-09
5.565719424e-14
6.068461457e-13
1.203157147e-11
2.302063084e-10
3.07704125e-09
1.30053408e-13
1.283601818e-12
2.111021693e-11
2.991803499e-10
2.847862047e-09
2.993195389e-13
2.817080422e-12
3.87347801e-11
4.149139543e-10
3.160218002e-09
7.998000375e-13
7.390555308e-12
8.629286768e-11
7.641391135e-10
5.23266202e-09
2.200146537e-12
1.859367996e-11
1.758040987e-10
1.260309997e-09
7.344057394e-09
5.872870793e-12
3.911628635e-11
2.837182675e-10
1.656063445e-09
8.150133504e-09
1.258994145e-11
6.515809432e-11
3.796027769e-10
1.880214771e-09
8.066802047e-09
2.489666038e-11
1.048971725e-10
5.228862628e-10
2.338256604e-09
9.364223558e-09
5.112901247e-11
1.791681301e-10
7.856236468e-10
3.216491888e-09
1.203879978e-08
1.084487502e-10
3.136731397e-10
1.191690441e-09
4.368522171e-09
1.487112035e-08
2.260323729e-10
5.379687021e-10
1.737120899e-09
5.620994155e-09
1.726067495e-08
4.487123099e-10
8.981792263e-10
2.460711866e-09
7.010284317e-09
1.947294322e-08
8.386391282e-10
1.470018713e-09
3.511348944e-09
9.00903989e-09
2.309880343e-08
1.539283988e-09
2.455428393e-09
5.26543222e-09
1.239230746e-08
2.976718598e-08
2.777582826e-09
4.137786826e-09
8.138941767e-09
1.776207174e-08
4.009484639e-08
4.855073367e-09
6.849972161e-09
1.250457791e-08
2.543725071e-08
5.396124234e-08
8.109245628e-09
1.09527208e-08
1.864554937e-08
3.553709229e-08
7.105641507e-08
1.279058898e-08
1.661920583e-08
2.683308237e-08
4.828935903e-08
9.091015731e-08
1.94486733e-08
2.449304496e-08
3.768060532e-08
6.437340014e-08
1.153837263e-07
2.924966584e-08
3.598603012e-08
5.329777369e-08
8.689141074e-08
1.491137721e-07
4.407908982e-08
5.314056199e-08
7.603705663e-08
1.202011079e-07
1.991346129e-07
6.870933606e-08
8.150722202e-08
1.135136991e-07
1.729398305e-07
2.773320654e-07
1.09734184e-07
1.281906118e-07
1.738230625e-07
2.5880953e-07
4.033594581e-07
1.876039967e-07
2.143741553e-07
2.793892582e-07
4.009229478e-07
6.102727272e-07
3.357410574e-07
3.785451028e-07
4.818951391e-07
6.664732953e-07
9.720036152e-07
6.269435775e-07
6.972897987e-07
8.647210136e-07
1.157546068e-06
1.629203465e-06
1.245720994e-06
1.36473149e-06
1.644820313e-06
2.124479589e-06
2.872410566e-06
2.669803235e-06
2.876134774e-06
3.351319158e-06
4.13916714e-06
5.311331367e-06
6.035393873e-06
6.367952676e-06
7.11096737e-06
8.273965048e-06
9.864081419e-06
1.260608941e-05
1.296173037e-05
1.371903956e-05
1.479516748e-05
1.606596782e-05
1.886651974e-05
1.898276505e-05
1.920021575e-05
1.942831013e-05
1.95567696e-05
1.936185691e-05
1.925738627e-05
1.901310362e-05
1.860492901e-05
1.799863647e-05
1.561207318e-05
1.545126524e-05
1.509757979e-05
1.456026772e-05
1.384260013e-05
1.102419782e-05
1.088937278e-05
1.059545595e-05
1.015478096e-05
9.573859729e-06
7.209588098e-06
7.106853888e-06
6.880164257e-06
6.532372817e-06
6.057992277e-06
4.049546079e-06
3.950590407e-06
3.736170902e-06
3.423781801e-06
3.043382866e-06
1.701163682e-06
1.663184596e-06
1.583240411e-06
1.470701422e-06
1.335408555e-06
7.191315937e-07
7.056673648e-07
6.771152929e-07
6.364281673e-07
5.866080241e-07
3.082927418e-07
3.033199777e-07
2.927179984e-07
2.774617485e-07
2.585216329e-07
1.335415129e-07
1.316459084e-07
1.275887987e-07
1.217089361e-07
1.143363855e-07
5.830162717e-08
5.75619099e-08
5.597425554e-08
5.366124783e-08
5.073963805e-08
2.561416158e-08
2.532049429e-08
2.468883304e-08
2.376485554e-08
2.259106805e-08
1.131609377e-08
1.119794307e-08
1.094336777e-08
1.05697727e-08
1.009297807e-08
5.026828519e-09
4.978774037e-09
4.875082055e-09
4.722496195e-09
4.527002996e-09
2.246324796e-09
2.226587719e-09
2.183944984e-09
2.121046789e-09
2.040190257e-09
1.01059006e-09
1.002406697e-09
9.847060758e-10
9.585424445e-10
9.248076994e-10
4.581512871e-10
4.547251192e-10
4.47306494e-10
4.363198423e-10
4.221154249e-10
2.094869199e-10
2.080377717e-10
2.048968632e-10
2.002370546e-10
1.941974144e-10
9.667835633e-11
9.605881095e-11
9.47147571e-11
9.271748152e-11
9.012286915e-11
4.505518334e-11
4.478745048e-11
4.420614357e-11
4.334104806e-11
4.22149249e-11
2.121290876e-11
2.109612258e-11
2.0842384e-11
2.046432534e-11
1.997138758e-11
1.010007016e-11
1.004895702e-11
9.937870527e-12
9.772261368e-12
9.556164082e-12
4.882308394e-12
4.860411863e-12
4.812860273e-12
4.742064108e-12
4.649871503e-12
2.440313394e-12
2.432285125e-12
2.414975936e-12
2.389540066e-12
2.357071256e-12
1.396448608e-12
1.394711658e-12
1.390996048e-12
1.385592472e-12
1.378778366e-12
8.921554982e-13
8.9319411e-13
8.955620222e-13
8.993701165e-13
9.048585628e-13
6.769616091e-13
6.796193508e-13
6.855130354e-13
6.945919426e-13
7.069759306e-13
6.173957289e-13
6.210028976e-13
6.289553877e-13
6.410896747e-13
6.57430951e-13
6.44640565e-13
6.487564383e-13
6.578009344e-13
6.715266937e-13
6.898740896e-13
7.201032923e-13
7.243712658e-13
7.33725811e-13
7.478606525e-13
7.666419547e-13
8.195347651e-13
8.236387586e-13
8.32612099e-13
8.461160463e-13
8.639584586e-13
9.251370283e-13
9.288049647e-13
9.368040364e-13
9.487904431e-13
9.645341999e-13
1.02154733e-12
1.024553977e-12
1.031090612e-12
1.040836552e-12
1.053548763e-12
1.095509448e-12
1.097743832e-12
1.102581274e-12
1.109746339e-12
1.119007044e-12
1.131802012e-12
1.133323438e-12
1.13659799e-12
1.141403166e-12
1.147532818e-12
1.033655423e-10
5.071979712e-09
2.587071209e-09
1.386830061e-08
2.282673926e-08
1.922661902e-08
1.376026909e-08
1.344293566e-08
2.139680464e-08
2.646323228e-08
2.573117901e-08
2.299623342e-08
2.575096811e-08
3.150825446e-08
3.613902025e-08
3.886685479e-08
4.088116865e-08
4.610131612e-08
5.704560123e-08
7.365106006e-08
9.481458778e-08
1.190716673e-07
1.46079418e-07
1.789215134e-07
2.24194718e-07
2.915770207e-07
3.963367772e-07
5.633327807e-07
8.347284195e-07
1.295558111e-06
2.112968316e-06
3.607424281e-06
6.389436394e-06
1.11638133e-05
1.690673219e-05
1.949079813e-05
1.744762823e-05
1.325452502e-05
9.101126643e-06
5.656260583e-06
2.778121803e-06
1.238180349e-06
5.498707674e-07
2.443109493e-07
1.087359334e-07
4.849966268e-08
2.168459929e-08
9.722597717e-09
4.374385532e-09
1.97679468e-09
8.982562079e-10
4.108966627e-10
1.894120217e-10
8.806108407e-11
4.131773806e-11
1.957785286e-11
9.383491257e-12
4.576419678e-12
2.33193798e-12
1.373566823e-12
9.097907967e-13
7.17432324e-13
6.710139567e-13
7.049827187e-13
7.819907358e-13
8.78435609e-13
9.772116298e-13
1.06369328e-12
1.12630926e-12
1.152281805e-12
3.290116559e-10
2.469969717e-09
3.701882985e-10
1.316014634e-10
2.939066965e-11
3.322055686e-08
7.044741679e-07
5.683230228e-08
4.05551424e-09
8.008080186e-10
1.312991778e-08
1.510605583e-07
9.341742071e-08
1.194773513e-08
1.613506974e-09
8.151265685e-08
1.438373857e-06
2.296607308e-05
1.637418656e-06
9.848920194e-08
1.153889567e-07
1.629639175e-06
1.926259035e-05
1.652057569e-06
1.242492112e-07
8.066607619e-08
8.35797584e-07
6.663547606e-06
7.970268616e-07
7.58298603e-08
4.907012961e-08
3.975067959e-07
2.50145003e-06
4.429438973e-07
6.089358365e-08
4.547074715e-08
3.639279369e-07
2.514980296e-06
1.320043528e-05
1.685173178e-06
7.125707672e-08
5.696616682e-07
3.988151628e-06
2.464778919e-05
3.738477266e-06
8.054873478e-08
5.463974294e-07
3.19272953e-06
1.615836746e-05
3.065111198e-06
7.156233315e-08
4.143456199e-07
2.08016519e-06
9.066290587e-06
2.050053452e-06
5.980685467e-08
3.090930874e-07
1.398773938e-06
5.571120445e-06
7.172282273e-06
6.584534661e-08
3.373858622e-07
1.563133961e-06
6.750578999e-06
2.285276285e-05
7.775992827e-08
3.721569861e-07
1.604500612e-06
6.402394356e-06
2.136595211e-05
8.453605293e-08
3.644164482e-07
1.424622186e-06
5.15883338e-06
1.587475888e-05
8.616166062e-08
3.342988874e-07
1.192071915e-06
3.952604925e-06
1.120091867e-05
8.620971484e-08
3.064246753e-07
1.014748576e-06
3.149513537e-06
8.5088455e-06
9.380654544e-08
3.171231707e-07
1.020578712e-06
3.137957494e-06
8.813642323e-06
1.126097249e-07
3.650700608e-07
1.139070261e-06
3.41883904e-06
9.540684423e-06
1.404927303e-07
4.315029439e-07
1.282003282e-06
3.671525016e-06
9.824260689e-06
1.738743348e-07
5.016847089e-07
1.408045149e-06
3.818701876e-06
9.694288544e-06
2.099145395e-07
5.681968528e-07
1.505406139e-06
3.868019654e-06
9.326661051e-06
2.483691258e-07
6.329754403e-07
1.588894739e-06
3.88224535e-06
8.91338541e-06
2.947084906e-07
7.11737733e-07
1.70203967e-06
3.97224409e-06
8.708693487e-06
3.590842596e-07
8.271139052e-07
1.895156046e-06
4.247050072e-06
8.938402888e-06
4.555371447e-07
1.005015903e-06
2.212318877e-06
4.766321235e-06
9.609483175e-06
6.049143711e-07
1.280393546e-06
2.706737199e-06
5.587537271e-06
1.068879855e-05
8.402160063e-07
1.705311199e-06
3.453959537e-06
6.788239328e-06
1.214485128e-05
1.217929058e-06
2.367739278e-06
4.574173051e-06
8.472343587e-06
1.389163091e-05
1.841574514e-06
3.416522129e-06
6.242650803e-06
1.071705781e-05
1.569112199e-05
2.918725679e-06
5.103251724e-06
8.674319872e-06
1.344888686e-05
1.714059241e-05
4.807954233e-06
7.785626262e-06
1.196950904e-05
1.62126756e-05
1.778783622e-05
8.097065202e-06
1.173325715e-05
1.567516219e-05
1.810168662e-05
1.730546668e-05
1.311555188e-05
1.627388633e-05
1.837183179e-05
1.821736492e-05
1.558679079e-05
1.805258457e-05
1.901802285e-05
1.85092436e-05
1.63267317e-05
1.278483402e-05
1.929334971e-05
1.816526863e-05
1.609455887e-05
1.319739164e-05
9.703599561e-06
1.658307959e-05
1.472477437e-05
1.23817575e-05
9.628950509e-06
6.542162972e-06
1.236288669e-05
1.064893511e-05
8.61745978e-06
6.266779231e-06
4.092075342e-06
8.384511298e-06
6.98063322e-06
5.264699254e-06
3.614899344e-06
2.433510435e-06
5.0408367e-06
3.858485179e-06
2.798511261e-06
1.983623153e-06
1.379624615e-06
2.404557155e-06
1.872219427e-06
1.412655988e-06
1.038452185e-06
7.468814807e-07
1.098366552e-06
8.847060951e-07
6.905385037e-07
5.245646859e-07
3.893244817e-07
4.965429805e-07
4.111724717e-07
3.302111488e-07
2.581310434e-07
1.970764879e-07
2.235548903e-07
1.892403657e-07
1.556106227e-07
1.246633362e-07
9.757817927e-08
1.00519725e-07
8.661156458e-08
7.262985978e-08
5.941527684e-08
4.752958734e-08
4.520260582e-08
3.951915067e-08
3.368955385e-08
2.805853842e-08
2.287657179e-08
2.034690992e-08
1.800731661e-08
1.55680062e-08
1.316881449e-08
1.091773537e-08
9.174877766e-09
8.205396984e-09
7.180708805e-09
6.157315998e-09
5.180948977e-09
4.148295234e-09
3.744025638e-09
3.31171814e-09
2.87420085e-09
2.450650752e-09
1.882734386e-09
1.713061256e-09
1.529764009e-09
1.342083241e-09
1.15802718e-09
8.588069709e-10
7.870927841e-10
7.089182844e-10
6.280386218e-10
5.477967019e-10
3.942070039e-10
3.636576782e-10
3.300861323e-10
2.950264781e-10
2.59876129e-10
1.822845792e-10
1.691576316e-10
1.546266257e-10
1.393224938e-10
1.238318184e-10
8.498686983e-11
7.929374431e-11
7.29504199e-11
6.62186869e-11
5.93465633e-11
3.997868297e-11
3.748703127e-11
3.469510397e-11
3.171292281e-11
2.864667957e-11
1.899005002e-11
1.789230797e-11
1.665718672e-11
1.533201791e-11
1.396351794e-11
9.125507453e-12
8.643156398e-12
8.100109084e-12
7.517777531e-12
6.918028752e-12
4.466826592e-12
4.26337033e-12
4.036942907e-12
3.798568528e-12
3.560206756e-12
2.294924534e-12
2.230926484e-12
2.167954656e-12
2.11537555e-12
2.064540196e-12
1.366033776e-12
1.354953195e-12
1.347627602e-12
1.346847799e-12
1.354326208e-12
9.175016993e-13
9.350544759e-13
9.595603154e-13
9.924018047e-13
1.034746836e-12
7.33398839e-13
7.66382517e-13
8.081506436e-13
8.592487776e-13
9.199520679e-13
6.916263255e-13
7.330530587e-13
7.838783605e-13
8.439608549e-13
9.128081017e-13
7.278237823e-13
7.729566508e-13
8.272064931e-13
8.89844317e-13
9.597539472e-13
8.051233264e-13
8.501930932e-13
9.0343441e-13
9.636554534e-13
1.029284732e-12
9.001901242e-13
9.420114898e-13
9.905895269e-13
1.044422409e-12
1.101663624e-12
9.962024228e-13
1.032188147e-12
1.073217109e-12
1.11762609e-12
1.163478142e-12
1.078832198e-12
1.107034996e-12
1.138469289e-12
1.171495072e-12
1.204278983e-12
1.137152284e-12
1.156885344e-12
1.178176681e-12
1.199545703e-12
1.219391122e-12
1.159280223e-12
1.17156974e-12
1.184134852e-12
1.195715709e-12
1.204984708e-12
8.065874758e-13
3.942867144e-14
4.915848759e-15
1.01118738e-15
2.541469393e-16
6.437995178e-17
1.519902275e-17
3.377704985e-18
7.281321089e-19
1.606007216e-19
4.141192926e-20
1.611826256e-20
1.036642241e-20
8.692593723e-21
7.823548173e-21
7.039187403e-21
6.192372801e-21
5.283817368e-21
4.358775575e-21
3.470553875e-21
2.665144033e-21
1.973388951e-21
1.408965747e-21
9.703234938e-22
6.449518303e-22
4.14119419e-22
2.571547867e-22
1.546306648e-22
9.016919883e-23
5.107134192e-23
2.814815815e-23
1.513046868e-23
7.955310773e-24
4.107741152e-24
2.094406481e-24
1.061835663e-24
5.394251054e-25
2.763856286e-25
1.432689918e-25
7.503850306e-26
3.9549693e-26
2.090508754e-26
1.108983762e-26
5.943908791e-27
3.257432427e-27
1.850094203e-27
1.09965764e-27
6.855472988e-28
4.461218386e-28
3.00526423e-28
2.077410517e-28
1.461573204e-28
1.037601852e-28
7.34927146e-29
5.104023399e-29
3.373532376e-29
2.000306354e-29
9.403022352e-30
2.371023397e-30
1.376724019e-31
2.710562747e-11
1.002475069e-12
6.612578628e-14
6.776493532e-15
9.735799688e-16
1.611899045e-16
2.794373603e-17
5.025717785e-18
9.999682232e-19
2.62247646e-19
1.134738831e-19
7.774355756e-20
6.597377726e-20
5.948795357e-20
5.376513561e-20
4.765606451e-20
4.108711958e-20
3.434709852e-20
2.780958625e-20
2.178990003e-20
1.651309808e-20
1.209975423e-20
8.572321972e-21
5.87310069e-21
3.893113065e-21
2.498763091e-21
1.554475222e-21
9.383325651e-22
5.50261708e-22
3.138996457e-22
1.744723459e-22
9.469513479e-23
5.033733373e-23
2.631741284e-23
1.361152185e-23
7.014812396e-24
3.628923498e-24
1.894332228e-24
9.986622372e-25
5.297456309e-25
2.811487318e-25
1.487230287e-25
7.852615154e-26
4.172735852e-26
2.263190659e-26
1.273011988e-26
7.513149484e-27
4.666530122e-27
3.034421649e-27
2.046404403e-27
1.417508515e-27
9.996782149e-28
7.113452767e-28
5.048200485e-28
3.510155458e-28
2.320849464e-28
1.37773915e-28
6.527143351e-29
1.728524992e-29
1.112849349e-30
4.423797291e-11
1.240424971e-12
6.205409782e-14
5.748860855e-15
8.165129384e-16
1.361052194e-16
2.45328763e-17
5.295420867e-18
1.608923511e-18
7.007219198e-19
3.981298365e-19
2.846302724e-19
2.368669575e-19
2.133053737e-19
1.958340881e-19
1.769614541e-19
1.549978055e-19
1.308465703e-19
1.063506858e-19
8.32482914e-20
6.285078928e-20
4.583045061e-20
3.2324008e-20
2.207699505e-20
1.461857395e-20
9.39636475e-21
5.870119531e-21
3.568385332e-21
2.113238979e-21
1.220691781e-21
6.887663875e-22
3.80418531e-22
2.062997361e-22
1.103307091e-22
5.854461555e-23
3.104434437e-23
1.655479132e-23
8.901567494e-24
4.813289354e-24
2.599211112e-24
1.391180027e-24
7.349686666e-25
3.841451813e-25
2.006601812e-25
1.065666657e-25
5.870516245e-26
3.407364839e-26
2.094394838e-26
1.355742925e-26
9.140150758e-27
6.344374237e-27
4.48825729e-27
3.204185637e-27
2.280182279e-27
1.587961798e-27
1.049741393e-27
6.22636777e-28
2.93715844e-28
7.59965607e-29
4.833744473e-30
2.741904596e-09
4.656569694e-11
1.095225651e-12
3.535688391e-14
2.292999353e-15
2.642144259e-16
5.52605699e-17
1.828610935e-17
7.988839264e-18
4.025083951e-18
2.214815953e-18
1.326453814e-18
8.52033065e-19
6.614019775e-19
5.704886262e-19
5.053486898e-19
4.454887098e-19
3.838160346e-19
3.191999785e-19
2.548689534e-19
1.952246562e-19
1.435833717e-19
1.016536847e-19
6.950184359e-20
4.604645289e-20
2.964731753e-20
1.859542361e-20
1.138332773e-20
6.81148057e-21
3.990002984e-21
2.292040037e-21
1.294163973e-21
7.205813701e-22
3.974307245e-22
2.184104374e-22
1.203326006e-22
6.672236766e-23
3.71898709e-23
2.069685585e-23
1.13879085e-23
6.140664982e-24
3.231273779e-24
1.664057139e-24
8.482322434e-25
4.365722477e-25
2.326193184e-25
1.311444144e-25
7.897655673e-26
5.055483411e-26
3.394872936e-26
2.357841582e-26
1.672933097e-26
1.198783144e-26
8.560145517e-27
5.974090682e-27
3.949202152e-27
2.338605266e-27
1.094096973e-27
2.696025214e-28
1.665299034e-29
5.538092903e-09
1.201242157e-10
2.283297305e-12
6.509241884e-14
4.804014543e-15
9.408289606e-16
2.973902826e-16
1.203269403e-16
5.391658767e-17
2.626787014e-17
1.37076761e-17
7.6037391e-18
4.479154336e-18
2.844936465e-18
1.936497127e-18
1.560618373e-18
1.317095452e-18
1.109297753e-18
9.187259044e-19
7.448191494e-19
5.827954369e-19
4.376238237e-19
3.150917063e-19
2.180143038e-19
1.455258075e-19
9.414592169e-20
5.928856127e-20
3.64785863e-20
2.19907873e-20
1.301946868e-20
7.587427408e-21
4.364385887e-21
2.486862157e-21
1.410507762e-21
8.009194738e-22
4.575080096e-22
2.631126627e-22
1.515034859e-22
8.642433181e-23
4.825675258e-23
2.612479147e-23
1.365422089e-23
6.908013283e-24
3.420811725e-24
1.692804429e-24
8.616270383e-25
4.644879845e-25
2.698704883e-25
1.688039648e-25
1.120289891e-25
7.748898301e-26
5.499485466e-26
3.950240188e-26
2.82916181e-26
1.97912959e-26
1.309310223e-26
7.741555738e-27
3.587977948e-27
8.327101242e-28
5.110950731e-29
7.05737938e-09
2.335013883e-10
5.077670014e-12
1.278921841e-13
1.23320297e-14
3.385785902e-15
1.25039619e-15
5.535566359e-16
2.643500374e-16
1.343751119e-16
7.195275124e-17
4.033997047e-17
2.365411104e-17
1.454633758e-17
9.401482393e-18
6.312444561e-18
4.8294233e-18
3.879414792e-18
3.13463211e-18
2.498117609e-18
1.942254665e-18
1.464492448e-18
1.066396631e-18
7.489700305e-19
5.074492398e-19
3.324344131e-19
2.112160127e-19
1.306627534e-19
7.90162416e-20
4.690709328e-20
2.745039499e-20
1.590345241e-20
9.163522963e-21
5.279595837e-21
3.059392896e-21
1.789792572e-21
1.054944537e-21
6.207265588e-22
3.597154136e-22
2.025219766e-22
1.096254655e-22
5.677848627e-23
2.819027684e-23
1.354972946e-23
6.432087546e-24
3.10875294e-24
1.584838164e-24
8.757848646e-25
5.281957236e-25
3.431296831e-25
2.349916203e-25
1.662724425e-25
1.195020974e-25
8.577622062e-26
6.01705803e-26
3.991244859e-26
2.362847833e-26
1.089049288e-26
2.376168774e-27
1.469352315e-28
1.017795452e-08
6.096026696e-10
1.866016254e-11
4.955442494e-13
2.333990558e-14
6.354139501e-15
2.815941705e-15
1.392891771e-15
7.270763061e-16
3.946857237e-16
2.21915734e-16
1.294004695e-16
7.850510325e-17
4.974907084e-17
3.304261596e-17
2.297393222e-17
1.651227737e-17
1.28830769e-17
1.046065717e-17
8.509353674e-18
6.783168824e-18
5.239547389e-18
3.899501985e-18
2.79433617e-18
1.930334013e-18
1.289108148e-18
8.336974991e-19
5.232873549e-19
3.195735599e-19
1.905715787e-19
1.114983683e-19
6.438530843e-20
3.694622655e-20
2.121893733e-20
1.228245871e-20
7.200196554e-21
4.264549075e-21
2.522666673e-21
1.467629572e-21
8.272506119e-22
4.464352534e-22
2.292597142e-22
1.120140053e-22
5.2438451e-23
2.393988992e-23
1.098399233e-23
5.265038907e-24
2.734039823e-24
1.566381505e-24
9.834163078e-25
6.613269049e-25
4.64483812e-25
3.333927718e-25
2.397324223e-25
1.68785718e-25
1.125707623e-25
6.707077288e-26
3.100945391e-26
6.432957101e-27
4.088968315e-28
1.571704036e-07
1.382541666e-08
6.814804902e-10
2.135084981e-11
7.091467602e-13
6.521092422e-14
1.505504274e-14
5.017615721e-15
2.054553049e-15
9.734181596e-16
5.120624956e-16
2.914710063e-16
1.765857057e-16
1.131200797e-16
7.650021216e-17
5.452812215e-17
4.072509398e-17
3.153313954e-17
2.574744134e-17
2.171875507e-17
1.830314727e-17
1.509657008e-17
1.203560052e-17
9.213923601e-18
6.752576827e-18
4.738889159e-18
3.187380966e-18
2.062226193e-18
1.289944359e-18
7.839616498e-19
4.647779486e-19
2.701350754e-19
1.549313196e-19
8.838138663e-20
5.052276125e-20
2.91146357e-20
1.694401081e-20
9.873032632e-21
5.675013894e-21
3.171526917e-21
1.701724392e-21
8.687295491e-22
4.204411537e-22
1.93434765e-22
8.570397206e-23
3.757340424e-23
1.694430385e-23
8.19636088e-24
4.385805872e-24
2.611594149e-24
1.699335279e-24
1.174221968e-24
8.381590724e-25
6.030261212e-25
4.263198056e-25
2.863033331e-25
1.721353302e-25
8.013872016e-26
1.618310475e-26
1.062578067e-27
4.079289174e-07
4.30061553e-08
3.708259883e-09
1.793156199e-10
5.646676139e-12
3.133039042e-13
4.578859552e-14
1.215368263e-14
4.330417652e-15
1.904810436e-15
9.516616632e-16
5.255658356e-16
3.148688421e-16
2.023620785e-16
1.386525479e-16
1.007964842e-16
7.724378551e-17
6.177896036e-17
5.089129441e-17
4.361533042e-17
3.821500985e-17
3.333373517e-17
2.848549535e-17
2.360242835e-17
1.88291431e-17
1.438733952e-17
1.048957021e-17
7.291204031e-18
4.837992095e-18
3.076211037e-18
1.881598583e-18
1.115446119e-18
6.468633244e-19
3.702427341e-19
2.105182804e-19
1.192780823e-19
6.746535941e-20
3.803633163e-20
2.118265252e-20
1.152566648e-20
6.07387864e-21
3.076431153e-21
1.485040703e-21
6.797258329e-22
2.96250103e-22
1.257588201e-22
5.391637954e-23
2.434434742e-23
1.204443855e-23
6.677671366e-24
4.12646983e-24
2.76761831e-24
1.949854271e-24
1.399442268e-24
9.934434852e-25
6.728921878e-25
4.094042469e-25
1.928788821e-25
3.882375424e-26
2.67037013e-27
4.145173158e-07
5.184558039e-08
6.207468582e-09
5.006043612e-10
2.397909377e-11
1.003032638e-12
9.073394743e-14
1.859368188e-14
6.207604009e-15
2.719636604e-15
1.37405462e-15
7.692374577e-16
4.678137656e-16
3.060016675e-16
2.140715733e-16
1.593568809e-16
1.253746005e-16
1.032641583e-16
8.79612255e-17
7.635659172e-17
6.847048767e-17
6.19717199e-17
5.551078193e-17
4.864416711e-17
4.139959385e-17
3.404496196e-17
2.694347114e-17
2.044009942e-17
1.481575618e-17
1.023238053e-17
6.727355707e-18
4.223223381e-18
2.547863071e-18
1.490469568e-18
8.532293649e-19
4.81220253e-19
2.67411282e-19
1.462017225e-19
7.83718283e-20
4.106157261e-20
2.089664909e-20
1.030137516e-20
4.912894653e-21
2.255185355e-21
9.868603153e-22
4.138555595e-22
1.714292556e-22
7.304891418e-23
3.341837672e-23
1.701714706e-23
9.781109882e-24
6.248541883e-24
4.290103018e-24
3.050941548e-24
2.169607977e-24
1.483249043e-24
9.159676626e-25
4.398272576e-25
9.028283142e-26
6.698317585e-27
3.352687295e-07
4.759862322e-08
8.017397256e-09
9.703502063e-10
7.25402596e-11
3.512917653e-12
2.09578207e-13
2.880954556e-14
8.446499845e-15
3.546372837e-15
1.795374227e-15
1.019533317e-15
6.30483392e-16
4.200126433e-16
3.000819442e-16
2.289058677e-16
1.850980458e-16
1.570251793e-16
1.380602552e-16
1.242274619e-16
1.131748479e-16
1.053245438e-16
9.770192966e-17
8.909916235e-17
7.926484997e-17
6.845909696e-17
5.720217289e-17
4.610686409e-17
3.575209288e-17
2.660027305e-17
1.894571157e-17
1.288860407e-17
8.368629958e-18
5.195632261e-18
3.101448132e-18
1.790983703e-18
1.002991606e-18
5.439543297e-19
2.855643879e-19
1.453045917e-19
7.173911308e-20
3.431178346e-20
1.590245397e-20
7.164621569e-21
3.14056305e-21
1.331437832e-21
5.476056894e-22
2.243033518e-22
9.564481776e-23
4.450806592e-23
2.338200503e-23
1.391947347e-23
9.144570249e-24
6.367274529e-24
4.507602567e-24
3.104560761e-24
1.950457724e-24
9.624460819e-25
2.063930227e-25
1.747900506e-26
1.226859052e-06
1.84010204e-07
2.883523539e-08
4.101307816e-09
4.63801914e-10
3.359134035e-11
1.691137926e-12
1.314729891e-13
2.193052019e-14
6.509391138e-15
2.696205009e-15
1.388598222e-15
8.264872343e-16
5.468008212e-16
3.950201375e-16
3.085401425e-16
2.574330926e-16
2.260934957e-16
2.058690653e-16
1.915610381e-16
1.794581789e-16
1.715178009e-16
1.637328495e-16
1.53878844e-16
1.41304966e-16
1.26232148e-16
1.093780069e-16
9.170861721e-17
7.424794494e-17
5.792548908e-17
4.346249109e-17
3.130566226e-17
2.161164973e-17
1.428402311e-17
9.037380035e-18
5.479828572e-18
3.188047266e-18
1.779877962e-18
9.529101594e-19
4.878588688e-19
2.394091936e-19
1.131000019e-19
5.160425841e-20
2.280767376e-20
9.817372992e-21
4.138269937e-21
1.709492539e-21
6.948858693e-22
2.83822573e-22
1.218131403e-22
5.792538532e-23
3.146872027e-23
1.935226838e-23
1.297037685e-23
9.041516425e-24
6.240142346e-24
3.990021332e-24
2.040604668e-24
4.706506912e-25
5.180210277e-26
4.083526115e-06
6.363246293e-07
9.627350292e-08
1.488419176e-08
1.977997064e-09
2.212035897e-10
1.657430939e-11
9.803768771e-13
8.761568025e-14
1.493174362e-14
4.457237569e-15
1.886234936e-15
1.017621838e-15
6.574336607e-16
4.820557312e-16
3.924256111e-16
3.434571887e-16
3.161216038e-16
3.002727749e-16
2.899658097e-16
2.808396626e-16
2.760350544e-16
2.696084716e-16
2.587309071e-16
2.425255082e-16
2.213045511e-16
1.961272964e-16
1.684920343e-16
1.400803778e-16
1.125221398e-16
8.719507555e-17
6.508590551e-17
4.673039766e-17
3.223403639e-17
2.134224681e-17
1.355289093e-17
8.247487691e-18
4.802480556e-18
2.670505556e-18
1.417145755e-18
7.169323768e-19
3.463279324e-19
1.599980168e-19
7.082310397e-20
3.028281812e-20
1.260390251e-20
5.138524456e-21
2.072447958e-21
8.351949515e-22
3.433109825e-22
1.50275336e-22
7.373329457e-23
4.14905802e-23
2.620523124e-23
1.772001784e-23
1.214877475e-23
7.88942173e-24
4.221161596e-24
1.092115315e-24
1.548964108e-25
4.53767465e-06
8.242174535e-07
1.405063639e-07
2.510619115e-08
4.031056353e-09
5.452028518e-10
6.366789054e-11
4.994104134e-12
3.192573406e-13
2.981795058e-14
5.912683516e-15
2.067834514e-15
1.065964867e-15
7.090220534e-16
5.538950109e-16
4.86400975e-16
4.569649381e-16
4.461978119e-16
4.436930693e-16
4.423626104e-16
4.461227137e-16
4.473877352e-16
4.41758075e-16
4.272810019e-16
4.036259952e-16
3.715827885e-16
3.327676137e-16
2.89387194e-16
2.4399686e-16
1.991637567e-16
1.57144687e-16
1.197011195e-16
8.795038457e-17
6.22885465e-17
4.249529572e-17
2.790513886e-17
1.761812847e-17
1.067861242e-17
6.199884714e-18
3.438798334e-18
1.81713425e-18
9.125023169e-19
4.357971797e-19
1.984308001e-19
8.655567874e-20
3.635173217e-20
1.47870855e-20
5.882118352e-21
2.323703334e-21
9.29846508e-22
3.882182114e-22
1.763515083e-22
9.068743912e-23
5.312956003e-23
3.430018483e-23
2.311334074e-23
1.517125014e-23
8.557100358e-24
2.68557211e-24
4.612576725e-25
3.849291333e-06
7.988191063e-07
1.550096242e-07
3.09507264e-08
6.040037176e-09
1.009978364e-09
1.429700449e-10
1.737529713e-11
1.432369803e-12
9.243537829e-14
9.988439208e-15
2.334914947e-15
1.06931945e-15
7.495425581e-16
6.526285571e-16
6.314592593e-16
6.384236688e-16
6.530142051e-16
6.759844827e-16
6.950152868e-16
7.054964424e-16
7.044639031e-16
6.904927427e-16
6.634120566e-16
6.240228527e-16
5.739039129e-16
5.152367928e-16
4.5066749e-16
3.831679579e-16
3.160057094e-16
2.52354245e-16
1.947671859e-16
1.45082214e-16
1.042996939e-16
7.238394953e-17
4.848620309e-17
3.135527782e-17
1.956488462e-17
1.175826326e-17
6.788013645e-18
3.752203441e-18
1.978970431e-18
9.927039408e-19
4.727474986e-19
2.136819664e-19
9.203334484e-20
3.804153629e-20
1.522264847e-20
5.965259153e-21
2.332326158e-21
9.378946179e-22
4.040988787e-22
1.946843737e-22
1.071148124e-22
6.599737265e-23
4.350375556e-23
2.87364272e-23
1.711892391e-23
6.595416069e-24
1.327885301e-24
3.098077153e-06
7.21663661e-07
1.570786726e-07
3.414067284e-08
7.860680509e-09
1.548344539e-09
2.573704168e-10
3.887554935e-11
5.205069293e-12
4.997500701e-13
3.909437711e-14
4.569975838e-15
1.294178217e-15
8.466485991e-16
8.043948287e-16
8.427844819e-16
9.020336502e-16
9.52737639e-16
9.879557633e-16
1.005205062e-15
1.004305267e-15
9.859994756e-16
9.515545184e-16
9.026058196e-16
8.410838026e-16
7.691836097e-16
6.893492892e-16
6.042616793e-16
5.168230038e-16
4.30170041e-16
3.475374965e-16
2.718916089e-16
2.055890231e-16
1.500000135e-16
1.055694816e-16
7.173656122e-17
4.711650902e-17
2.994021679e-17
1.840438128e-17
1.093602374e-17
6.266611483e-18
3.44936378e-18
1.815992058e-18
9.109531387e-19
4.340807373e-19
1.961848193e-19
8.419271299e-20
3.446440359e-20
1.360031489e-20
5.269858396e-21
2.065457655e-21
8.570144602e-22
3.959878008e-22
2.078284107e-22
1.230529662e-22
7.962788079e-23
5.301229372e-23
3.305469046e-23
1.506323659e-23
3.605433188e-24
6.242179398e-06
1.410180051e-06
3.041561554e-07
6.371839158e-08
1.429386217e-08
3.033823511e-09
5.89143349e-10
1.033185799e-10
1.726093951e-11
2.632866427e-12
2.985891624e-13
2.476710135e-14
2.92866922e-15
1.065499001e-15
9.681047497e-16
1.061355952e-15
1.146758704e-15
1.202346334e-15
1.228618646e-15
1.229070301e-15
1.207326409e-15
1.16671242e-15
1.110256839e-15
1.040748445e-15
9.607996448e-16
8.72904662e-16
7.794997147e-16
6.830234599e-16
5.859944846e-16
4.910136308e-16
4.006760721e-16
3.1749032e-16
2.436716654e-16
1.807824933e-16
1.295075888e-16
8.963709989e-17
5.999208531e-17
3.883518949e-17
2.43315292e-17
1.476273047e-17
8.66930383e-18
4.923454376e-18
2.695187388e-18
1.414671778e-18
7.086394524e-19
3.375547314e-19
1.525503231e-19
6.540131243e-20
2.671078e-20
1.052206753e-20
4.107537019e-21
1.669832487e-21
7.514883162e-22
3.805923525e-22
2.191585091e-22
1.400917362e-22
9.407018735e-23
6.101198002e-23
3.171140732e-23
9.170564595e-24
1.584618694e-05
3.734908091e-06
8.422212709e-07
1.829497632e-07
3.993004465e-08
8.83571831e-09
1.832850677e-09
3.530653001e-10
6.609848644e-11
1.171302982e-11
1.869423e-12
2.202906115e-13
1.780821952e-14
2.271326497e-15
1.167009637e-15
1.162678828e-15
1.228159547e-15
1.26932781e-15
1.280588744e-15
1.265770919e-15
1.229322396e-15
1.175340532e-15
1.107371572e-15
1.028566776e-15
9.41791779e-16
8.49565536e-16
7.54232621e-16
6.580457629e-16
5.632142233e-16
4.719143488e-16
3.862346895e-16
3.08060962e-16
2.389422129e-16
1.799025693e-16
1.31304563e-16
9.284593253e-17
6.360559468e-17
4.220790653e-17
2.714200465e-17
1.690192849e-17
1.018716546e-17
5.937315642e-18
3.344758667e-18
1.818928438e-18
9.500396599e-19
4.739521614e-19
2.249777395e-19
1.013888062e-19
4.340440089e-20
1.777359192e-20
7.11048396e-21
2.917765431e-21
1.30601079e-21
6.509516775e-22
3.698491915e-22
2.357103742e-22
1.60269193e-22
1.077494837e-22
6.177214417e-23
2.161056183e-23
2.071512204e-05
5.451715137e-06
1.361971584e-06
3.26015482e-07
7.625176342e-08
1.826589979e-08
4.195670279e-09
9.099560981e-10
1.855355338e-10
3.633116788e-11
6.640114423e-12
1.066929127e-12
1.174304431e-13
1.007721653e-14
1.89166872e-15
1.213166565e-15
1.169494276e-15
1.176423647e-15
1.170381071e-15
1.145057322e-15
1.10232142e-15
1.045269737e-15
9.770049597e-16
9.003816925e-16
8.179189809e-16
7.317381575e-16
6.4422269e-16
5.57338595e-16
4.730605429e-16
3.933228518e-16
3.199708212e-16
2.543825814e-16
1.974627743e-16
1.495676361e-16
1.104878082e-16
7.955539718e-17
5.579345668e-17
3.806847986e-17
2.523866969e-17
1.623247583e-17
1.011144889e-17
6.092835099e-18
3.544883594e-18
1.988249576e-18
1.074470842e-18
5.575149101e-19
2.763767469e-19
1.304629223e-19
5.858749798e-20
2.513862982e-20
1.049354959e-20
4.486368709e-21
2.047129082e-21
1.029706002e-21
5.884968768e-22
3.7849776e-22
2.62054032e-22
1.823138041e-22
1.127472767e-22
4.689295967e-23
2.165201611e-05
6.237750305e-06
1.702707349e-06
4.447688947e-07
1.124163171e-07
2.876811599e-08
7.337561417e-09
1.749188396e-09
3.861043332e-10
8.231885488e-11
1.664385391e-11
3.072226931e-12
4.702277061e-13
4.720844429e-14
4.80681739e-15
1.423029418e-15
1.078916832e-15
1.02388393e-15
9.964131582e-16
9.623342893e-16
9.170141952e-16
8.61341406e-16
7.974464544e-16
7.276596096e-16
6.541958522e-16
5.790305624e-16
5.039639269e-16
4.307352088e-16
3.610206136e-16
2.963120376e-16
2.378165566e-16
1.867820697e-16
1.436271058e-16
1.082627576e-16
8.010576016e-17
5.821118739e-17
4.149675687e-17
2.896456768e-17
1.974877958e-17
1.311767347e-17
8.463090483e-18
5.290374484e-18
3.196170949e-18
1.860767855e-18
1.041741214e-18
5.60562873e-19
2.892740356e-19
1.426299304e-19
6.709740354e-20
3.024889989e-20
1.33192912e-20
6.044800045e-21
2.878759587e-21
1.501406946e-21
8.82491168e-22
5.807747865e-22
4.119254104e-22
2.964323197e-22
1.953237643e-22
9.410006609e-23
2.071306445e-05
6.394129346e-06
1.87485204e-06
5.271081226e-07
1.430566195e-07
3.878381477e-08
1.07714894e-08
2.822517489e-09
6.94278981e-10
1.59022366e-10
3.489053913e-11
7.162886426e-12
1.303520046e-12
1.720822721e-13
1.595185923e-14
2.355387266e-15
1.074060215e-15
8.903240242e-16
8.328270499e-16
7.897793801e-16
7.431965934e-16
6.903689481e-16
6.320816976e-16
5.700229492e-16
5.060416332e-16
4.418597271e-16
3.789178515e-16
3.186701705e-16
2.625325101e-16
2.116188892e-16
1.667938931e-16
1.286356435e-16
9.728465922e-17
7.237483569e-17
5.307780471e-17
3.84843198e-17
2.757163418e-17
1.947753498e-17
1.353169644e-17
9.214234445e-18
6.123257946e-18
3.955737947e-18
2.475897543e-18
1.496369257e-18
8.705717963e-19
4.867680421e-19
2.614469694e-19
1.34653644e-19
6.644311773e-20
3.161356651e-20
1.490252611e-20
7.227318188e-21
3.668280417e-21
2.029607191e-21
1.252066364e-21
8.54450426e-22
6.243750037e-22
4.647500749e-22
3.242035171e-22
1.764271295e-22
1.910188337e-05
6.237351731e-06
1.940122379e-06
5.806195527e-07
1.679294822e-07
4.794929791e-08
1.415551804e-08
4.075735367e-09
1.091236117e-09
2.677343512e-10
6.314708787e-11
1.409449912e-11
2.890937714e-12
5.062358662e-13
5.963687882e-14
6.031558317e-15
1.350641401e-15
8.192871024e-16
7.082496967e-16
6.542922629e-16
6.072231036e-16
5.580542277e-16
5.056913417e-16
4.510377282e-16
3.955398727e-16
3.407030906e-16
2.878961642e-16
2.382725671e-16
1.927999834e-16
1.523671718e-16
1.175587636e-16
8.860836099e-17
6.543399539e-17
4.756777062e-17
3.421902544e-17
2.445652184e-17
1.738947619e-17
1.228538656e-17
8.58826009e-18
5.926319111e-18
4.013542443e-18
2.654896038e-18
1.708541451e-18
1.065206684e-18
6.410572073e-19
3.715303636e-19
2.072587545e-19
1.113778584e-19
5.778629135e-20
2.926646811e-20
1.498493986e-20
7.828553482e-21
4.307503736e-21
2.574975468e-21
1.693402812e-21
1.21103135e-21
9.160861277e-22
7.052248692e-22
5.183767838e-22
3.124232012e-22
1.742917649e-05
6.165782808e-06
2.021699424e-06
6.401984175e-07
1.963317088e-07
5.897066465e-08
1.817653402e-08
5.669675133e-09
1.642724287e-09
4.452190134e-10
1.11143937e-10
2.64338533e-11
5.880016765e-12
1.175450063e-12
1.840386723e-13
1.925368464e-14
2.472841079e-15
8.763700446e-16
6.391680816e-16
5.624929877e-16
5.117862379e-16
4.649158037e-16
4.175271936e-16
3.693189884e-16
3.211140942e-16
2.740047876e-16
2.290704924e-16
1.872800644e-16
1.494452304e-16
1.162370939e-16
8.80898107e-17
6.505523282e-17
4.689269372e-17
3.314326604e-17
2.312386073e-17
1.603610048e-17
1.110969069e-17
7.703477019e-18
5.337301101e-18
3.679353108e-18
2.50878018e-18
1.681133404e-18
1.101333962e-18
7.024926497e-19
4.338184632e-19
2.587173868e-19
1.491055784e-19
8.33404336e-20
4.558094764e-20
2.499080682e-20
1.382864882e-20
7.892764203e-21
4.774829114e-21
3.121286605e-21
2.207613233e-21
1.664270651e-21
1.307217345e-21
1.040291426e-21
8.013326952e-22
5.276946977e-22
1.629783661e-05
7.281961124e-06
2.459162187e-06
8.073598093e-07
2.579589453e-07
8.052017289e-08
2.532778444e-08
8.19717248e-09
2.529627697e-09
7.243192215e-10
1.89559931e-10
4.746917753e-11
1.126923878e-11
2.491503374e-12
4.892258858e-13
6.893845787e-14
7.318420354e-15
1.34285247e-15
6.561156867e-16
5.132415582e-16
4.497933466e-16
4.022916641e-16
3.58314594e-16
3.151824551e-16
2.727750898e-16
2.31738178e-16
1.928925455e-16
1.570054524e-16
1.24677256e-16
9.63113498e-17
7.227253028e-17
5.270897932e-17
3.739383139e-17
2.586460011e-17
1.752970692e-17
1.172772883e-17
7.806502784e-18
5.203251723e-18
3.48394369e-18
2.341905845e-18
1.574010457e-18
1.051326755e-18
6.930959503e-19
4.480177485e-19
2.821710669e-19
1.723125615e-19
1.023442702e-19
5.95644768e-20
3.474043475e-20
2.041004225e-20
1.229664548e-20
7.743732717e-21
5.184012162e-21
3.711705053e-21
2.820990608e-21
2.240400409e-21
1.82694604e-21
1.500717781e-21
1.203808912e-21
8.582405991e-22
1.611814931e-05
9.526052107e-06
3.302327845e-06
1.116990347e-06
3.686082733e-07
1.187256902e-07
3.787879123e-08
1.237323921e-08
3.98585957e-09
1.195558474e-09
3.361685563e-10
8.775353908e-11
2.192701114e-11
5.199860433e-12
1.14397103e-12
2.180991974e-13
2.8763307e-14
3.426486766e-15
8.656737331e-16
5.104946219e-16
4.13393093e-16
3.608101325e-16
3.185623011e-16
2.792985101e-16
2.414771739e-16
2.051661557e-16
1.708949948e-16
1.392595146e-16
1.107729228e-16
8.579904853e-17
6.453307624e-17
4.705566578e-17
3.326301087e-17
2.281990597e-17
1.523520049e-17
9.945554874e-18
6.391601161e-18
4.075680852e-18
2.597590968e-18
1.66325216e-18
1.071855252e-18
6.938949003e-19
4.490959918e-19
2.887483126e-19
1.832911217e-19
1.1446654e-19
7.050236285e-20
4.344204403e-20
2.687283995e-20
1.698444072e-20
1.119360004e-20
7.786641862e-21
5.73885367e-21
4.457185294e-21
3.605649236e-21
2.997075948e-21
2.528463654e-21
2.138219809e-21
1.776242627e-21
1.35962123e-21
1.64903857e-05
1.117160083e-05
4.043313578e-06
1.424558135e-06
4.895682215e-07
1.640730616e-07
5.395459111e-08
1.790420531e-08
5.976902587e-09
1.891249064e-09
5.589706431e-10
1.533467667e-10
4.053137887e-11
1.026854365e-11
2.457783473e-12
5.333705345e-13
9.182354451e-14
1.082262589e-14
1.578835872e-15
5.784220339e-16
4.00878389e-16
3.349988612e-16
2.918773103e-16
2.550432887e-16
2.206600096e-16
1.879975792e-16
1.572351017e-16
1.28792092e-16
1.030853953e-16
8.043508812e-17
6.101959845e-17
4.48921311e-17
3.198784749e-17
2.206777419e-17
1.47487237e-17
9.571892097e-18
6.057089546e-18
3.758604359e-18
2.30276169e-18
1.403046134e-18
8.557585454e-19
5.249819226e-19
3.246003545e-19
2.02200963e-19
1.267450016e-19
8.004858242e-20
5.127283092e-20
3.322775573e-20
2.203242352e-20
1.516265209e-20
1.095668298e-20
8.34212989e-21
6.657220051e-21
5.510142695e-21
4.67646224e-21
4.030607451e-21
3.500601315e-21
3.039948059e-21
2.605797718e-21
2.144012852e-21
1.701937793e-05
1.172912152e-05
4.450617189e-06
1.642507244e-06
5.90515768e-07
2.068623438e-07
7.081392385e-08
2.416723895e-08
8.352251536e-09
2.795658125e-09
8.770100889e-10
2.533907228e-10
7.086162075e-11
1.910993243e-11
4.91988419e-12
1.181466551e-12
2.514289383e-13
3.895302636e-14
4.604273639e-15
9.08523805e-16
4.366190238e-16
3.26295676e-16
2.751675886e-16
2.382852689e-16
2.060933091e-16
1.762137026e-16
1.482243176e-16
1.222933107e-16
9.872761462e-17
7.780432834e-17
5.970610952e-17
4.449374471e-17
3.212800696e-17
2.24556865e-17
1.518456889e-17
9.937092673e-18
6.305371502e-18
3.89164404e-18
2.346637116e-18
1.390132831e-18
8.143562725e-19
4.752562255e-19
2.785178508e-19
1.653112226e-19
1.003702491e-19
6.324280504e-20
4.119267312e-20
2.792989171e-20
1.985544263e-20
1.485481263e-20
1.167784226e-20
9.577439634e-21
8.111681869e-21
7.024906942e-21
6.171036295e-21
5.467274799e-21
4.865904533e-21
4.333400768e-21
3.853604519e-21
3.431935027e-21
1.743233093e-05
1.142517651e-05
4.524956302e-06
1.743944744e-06
6.546798244e-07
2.395821877e-07
8.558101965e-08
3.021531509e-08
1.078910981e-08
3.812967929e-09
1.275242628e-09
4.01019403e-10
1.1826929e-10
3.37660736e-11
9.256501861e-12
2.39703307e-12
5.70349275e-13
1.176185478e-13
1.727015364e-14
2.289162314e-15
6.014844261e-16
3.427496308e-16
2.670606125e-16
2.2634126e-16
1.950692733e-16
1.673249671e-16
1.4164257e-16
1.178227047e-16
9.603636296e-17
7.65180333e-17
5.945267147e-17
4.492971931e-17
3.293963709e-17
2.338630186e-17
1.606496691e-17
1.06711283e-17
6.855851709e-18
4.26671245e-18
2.578579302e-18
1.518531304e-18
8.754934175e-19
4.97350082e-19
2.809840187e-19
1.601309021e-19
9.416860153e-20
5.807344055e-20
3.799120065e-20
2.664627552e-20
2.005139326e-20
1.604052998e-20
1.34447763e-20
1.163510965e-20
1.027337477e-20
9.180628243e-21
8.266205064e-21
7.484792428e-21
6.81453545e-21
6.261881757e-21
5.814885809e-21
5.582210058e-21
1.747748195e-05
1.050998814e-05
4.336054377e-06
1.742236468e-06
6.823686616e-07
2.60579034e-07
9.711961697e-08
3.561149103e-08
1.313551562e-08
4.867438866e-09
1.730693338e-09
5.810057461e-10
1.809195932e-10
5.461938634e-11
1.587991414e-11
4.390814734e-12
1.131912468e-12
2.628520441e-13
4.997018505e-14
6.714053238e-15
1.064063667e-15
3.924366802e-16
2.653663771e-16
2.170456396e-16
1.858353798e-16
1.598498282e-16
1.362063773e-16
1.142729509e-16
9.407187563e-17
7.579425436e-17
5.962743075e-17
4.569213765e-17
3.401427642e-17
2.454281083e-17
1.714100408e-17
1.157747488e-17
7.558388036e-18
4.770711711e-18
2.914974255e-18
1.727839477e-18
9.967025544e-19
5.623087624e-19
3.1290806e-19
1.744551079e-19
1.003585075e-19
6.077112837e-20
3.978168709e-20
2.857715574e-20
2.240696993e-20
1.878273013e-20
1.643420958e-20
1.473355315e-20
1.337889668e-20
1.223202359e-20
1.123876102e-20
1.039156797e-20
9.73460457e-21
9.286312752e-21
9.052858447e-21
9.096610918e-21
1.699992713e-05
9.246353075e-06
3.967471096e-06
1.6585498e-06
6.76252259e-07
2.689734884e-07
1.045101313e-07
3.986412688e-08
1.520523825e-08
5.870087378e-09
2.211279323e-09
7.891441528e-10
2.660154838e-10
8.421642838e-11
2.574466509e-11
7.526487121e-12
2.073766386e-12
5.277992424e-13
1.190925997e-13
2.006039968e-14
2.618544712e-15
5.627310982e-16
2.824809942e-16
2.12459568e-16
1.78341966e-16
1.53217444e-16
1.312559728e-16
1.110257339e-16
9.229823694e-17
7.518847181e-17
5.987482511e-17
4.649929847e-17
3.512822135e-17
2.574995821e-17
1.828185799e-17
1.255614401e-17
8.334443143e-18
5.344298351e-18
3.3117722e-18
1.985911423e-18
1.154965017e-18
6.540249697e-19
3.633548647e-19
2.011716973e-19
1.1458821e-19
6.888911924e-20
4.528460397e-20
3.31697559e-20
2.680752802e-20
2.321732679e-20
2.091784305e-20
1.921444182e-20
1.780666097e-20
1.658729062e-20
1.554748854e-20
1.47692362e-20
1.430548926e-20
1.415274926e-20
1.436537398e-20
1.453121796e-20
1.601155974e-05
7.969956753e-06
3.5426647e-06
1.535941277e-06
6.502623701e-07
2.687891458e-07
1.085421955e-07
4.297919377e-08
1.693887193e-08
6.767205431e-09
2.679242547e-09
1.010525695e-09
3.610043444e-10
1.197244696e-10
3.839829492e-11
1.182368002e-11
3.458763976e-12
9.475665913e-13
2.383239742e-13
5.230362511e-14
8.327795046e-15
1.224225523e-15
3.604630488e-16
2.183037414e-16
1.731238189e-16
1.470814027e-16
1.263350455e-16
1.076810207e-16
9.03950464e-17
7.444996131e-17
5.999983157e-17
4.720451562e-17
3.616794778e-17
2.691933928e-17
1.942006131e-17
1.355657367e-17
9.144945818e-18
5.957094354e-18
3.747046302e-18
2.277208506e-18
1.339189857e-18
7.646069091e-19
4.268287737e-19
2.366219361e-19
1.346951178e-19
8.108543579e-20
5.378348318e-20
4.015454703e-20
3.328419715e-20
2.957092202e-20
2.724988451e-20
2.552251654e-20
2.407980511e-20
2.285793122e-20
2.196890138e-20
2.149968578e-20
2.145658698e-20
2.185597681e-20
2.229905278e-20
2.244289164e-20
1.463618029e-05
6.973301456e-06
3.182209682e-06
1.420224778e-06
6.201454467e-07
2.648478139e-07
1.106444201e-07
4.535258617e-08
1.84295972e-08
7.570739803e-09
3.121874625e-09
1.238474251e-09
4.64832457e-10
1.611498938e-10
5.401913976e-11
1.744181241e-11
5.382342735e-12
1.5705979e-12
4.269548114e-13
1.050093787e-13
2.127225663e-14
3.111965099e-15
5.595377105e-16
2.353630182e-16
1.68780034e-16
1.40685752e-16
1.210319777e-16
1.03969293e-16
8.816683173e-17
7.343568338e-17
5.989871981e-17
4.773234652e-17
3.707653297e-17
2.800230924e-17
2.051156974e-17
1.454376815e-17
9.967822568e-18
6.595855257e-18
4.211667986e-18
2.595404537e-18
1.545196928e-18
8.912713304e-19
5.014039435e-19
2.794630014e-19
1.597798155e-19
9.679550837e-20
6.500961074e-20
4.950140666e-20
4.19954595e-20
3.816107489e-20
3.588157481e-20
3.422988388e-20
3.289883376e-20
3.196843938e-20
3.15433089e-20
3.165194803e-20
3.228787477e-20
3.294662916e-20
3.331532747e-20
3.337390963e-20
1.291144587e-05
6.165265501e-06
2.877582951e-06
1.316429761e-06
5.903314341e-07
2.594003934e-07
1.116263612e-07
4.710694253e-08
1.966325044e-08
8.264270062e-09
3.516071326e-09
1.457924228e-09
5.741999338e-10
2.141524147e-10
7.438174423e-11
2.497860584e-11
8.061902703e-12
2.480679039e-12
7.194509613e-13
1.931710787e-13
4.595871007e-14
8.159038321e-15
1.172136031e-15
2.980711148e-16
1.706782432e-16
1.352093262e-16
1.156373738e-16
9.993054471e-17
8.55736779e-17
7.208226764e-17
5.950747468e-17
4.802576402e-17
3.780544826e-17
2.895915692e-17
2.153108032e-17
1.550391273e-17
1.079375582e-17
7.254849579e-18
4.7031446e-18
2.939866663e-18
1.773098497e-18
1.034324286e-18
5.873298534e-19
3.298096404e-19
1.89866731e-19
1.160353889e-19
7.900249475e-20
6.132074994e-20
5.317297027e-20
4.935775885e-20
4.733419692e-20
4.602811109e-20
4.523762099e-20
4.499489682e-20
4.53693817e-20
4.630131831e-20
4.716500589e-20
4.76865986e-20
4.785006827e-20
4.782581126e-20
1.071258218e-05
5.254450509e-06
2.523057827e-06
1.187250811e-06
5.476792441e-07
2.4764099e-07
1.097375863e-07
4.770001905e-08
2.046083421e-08
8.793985071e-09
3.835681504e-09
1.651571471e-09
6.78825747e-10
2.64983809e-10
9.583979586e-11
3.353562983e-11
1.131528117e-11
3.65949546e-12
1.124757815e-12
3.241889103e-13
8.569291723e-14
1.958779688e-14
3.267043084e-15
5.435298742e-16
1.954035087e-16
1.333991696e-16
1.107361771e-16
9.570073876e-17
8.264165211e-17
7.038661673e-17
5.881498004e-17
4.807400887e-17
3.83493123e-17
2.978873362e-17
2.247642201e-17
1.64332461e-17
1.161970348e-17
7.932897025e-18
5.222121325e-18
3.312423707e-18
2.02512248e-18
1.195801825e-18
6.86150171e-19
3.887037504e-19
2.256229185e-19
1.391368085e-19
9.59319978e-20
7.577481409e-20
6.704950547e-20
6.352143239e-20
6.214300393e-20
6.17690175e-20
6.201901937e-20
6.285461281e-20
6.429450539e-20
6.546163382e-20
6.611929587e-20
6.634293407e-20
6.629625804e-20
6.621422053e-20
7.890708495e-06
4.056467691e-06
2.031399838e-06
9.933326179e-07
4.749872645e-07
2.222684301e-07
1.018356358e-07
4.571169848e-08
2.019812794e-08
8.91476428e-09
3.988497832e-09
1.777171658e-09
7.610310637e-10
3.09999652e-10
1.186897661e-10
4.307479558e-11
1.512406302e-11
5.113596141e-12
1.653929864e-12
5.064985133e-13
1.443768228e-13
3.698210675e-14
7.598665084e-15
1.166858145e-15
2.555969089e-16
1.338939511e-16
1.054759339e-16
9.096727488e-17
7.926334368e-17
6.83147971e-17
5.7814053e-17
4.787865049e-17
3.871096619e-17
3.049178529e-17
2.334510421e-17
1.732973046e-17
1.244533351e-17
8.630788117e-18
5.770753412e-18
3.71620394e-18
2.304688625e-18
1.378812625e-18
8.003292848e-19
4.579253463e-19
2.680613692e-19
1.666202565e-19
1.160611606e-19
9.301990658e-20
8.3805686e-20
8.095656765e-20
8.091521967e-20
8.206475943e-20
8.372091365e-20
8.609702802e-20
8.796691992e-20
8.892492701e-20
8.92414891e-20
8.91645737e-20
8.894550294e-20
8.882097695e-20
5.548887731e-06
2.959268648e-06
1.537955051e-06
7.800204622e-07
3.865259714e-07
1.872799825e-07
8.878012042e-08
4.122110255e-08
1.881318248e-08
8.538470502e-09
3.919770632e-09
1.803776749e-09
8.037403763e-10
3.415319082e-10
1.381306468e-10
5.210073543e-11
1.902999053e-11
6.714787831e-12
2.277169057e-12
7.363776211e-13
2.241660061e-13
6.287404941e-14
1.545904775e-14
2.817130183e-15
4.555710165e-16
1.501941857e-16
1.022078316e-16
8.630518246e-17
7.561337222e-17
6.592444755e-17
5.652409483e-17
4.744573816e-17
3.889141e-17
3.106806212e-17
2.413559317e-17
1.819086319e-17
1.32691847e-17
9.348869633e-18
6.351180812e-18
4.154635521e-18
2.61576652e-18
1.587118846e-18
9.330566487e-19
5.397392395e-19
3.186170679e-19
1.992998429e-19
1.397830583e-19
1.13227402e-19
1.035659694e-19
1.019926081e-19
1.039231017e-19
1.070900403e-19
1.107952781e-19
1.14189976e-19
1.160327609e-19
1.166459952e-19
1.166274374e-19
1.163012304e-19
1.159361527e-19
1.157812528e-19
3.803410764e-06
2.086836241e-06
1.118091263e-06
5.852301807e-07
2.994225937e-07
1.498160841e-07
7.334278306e-08
3.516444947e-08
1.656351285e-08
7.740940744e-09
3.650541475e-09
1.731719509e-09
8.014328821e-10
3.546259063e-10
1.499161596e-10
6.015115385e-11
2.278214594e-11
8.359821538e-12
2.959877395e-12
1.004969397e-12
3.240217228e-13
9.762312596e-14
2.676377688e-14
6.238599547e-15
1.077522705e-15
2.174885566e-16
1.046958166e-16
8.232674017e-17
7.18613574e-17
6.328013464e-17
5.497124713e-17
4.678387884e-17
3.889079041e-17
3.151376697e-17
2.484252275e-17
1.901018128e-17
1.408703717e-17
1.008593766e-17
6.964222546e-18
4.630420761e-18
2.962194495e-18
1.824865228e-18
1.088028968e-18
6.369750874e-19
3.792360991e-19
2.383769825e-19
1.677350441e-19
1.366853118e-19
1.265615582e-19
1.265947991e-19
1.30904053e-19
1.364841929e-19
1.425090234e-19
1.466522395e-19
1.483999772e-19
1.486723934e-19
1.482977073e-19
1.477195166e-19
1.472442772e-19
1.470693291e-19
2.465479844e-06
1.399995617e-06
7.751431089e-07
4.189350869e-07
2.21212513e-07
1.14199374e-07
5.767217793e-08
2.851945609e-08
1.385290234e-08
6.664594782e-09
3.222795745e-09
1.57505012e-09
7.56198413e-10
3.482111456e-10
1.535169596e-10
6.487140663e-11
2.598073339e-11
9.910366066e-12
3.656283394e-12
1.2989542e-12
4.411282342e-13
1.4166772e-13
4.280093524e-14
1.1492898e-14
2.335812257e-15
3.845612239e-16
1.162261373e-16
7.886208698e-17
6.792210862e-17
6.037975199e-17
5.316523038e-17
4.589629568e-17
3.870464583e-17
3.1819856e-17
2.545630541e-17
1.977848538e-17
1.489042372e-17
1.08368153e-17
7.608434607e-18
5.144915309e-18
3.347223047e-18
2.096170571e-18
1.269263119e-18
7.530198094e-19
4.524433342e-19
2.855520545e-19
2.009552019e-19
1.640294278e-19
1.527918572e-19
1.542659583e-19
1.611584793e-19
1.696048675e-19
1.7801011e-19
1.832168328e-19
1.850840153e-19
1.849915688e-19
1.841389581e-19
1.832215968e-19
1.826533851e-19
1.824677611e-19
1.519548428e-06
8.940576273e-07
5.121342001e-07
2.860206308e-07
1.559273995e-07
8.305531128e-08
4.325947665e-08
2.205721839e-08
1.104358895e-08
5.473709319e-09
2.721046889e-09
1.369155586e-09
6.798221262e-10
3.251645219e-10
1.491664877e-10
6.582148518e-11
2.794222292e-11
1.129131666e-11
4.36554548e-12
1.623202535e-12
5.807901313e-13
1.993072078e-13
6.52188463e-14
1.973009818e-14
5.075435588e-15
9.426908914e-16
1.810757187e-16
8.209553336e-17
6.502774183e-17
5.755769407e-17
5.120901767e-17
4.48109862e-17
3.833389122e-17
3.197729482e-17
2.596475284e-17
2.048403931e-17
1.566878463e-17
1.159414989e-17
8.280495468e-18
5.698052219e-18
3.773408341e-18
2.405202823e-18
1.481301228e-18
8.920230435e-19
5.415952857e-19
3.434030626e-19
2.413500713e-19
1.96018763e-19
1.821019448e-19
1.843064493e-19
1.936343894e-19
2.051103791e-19
2.165326621e-19
2.235755029e-19
2.258729987e-19
2.253572916e-19
2.238399642e-19
2.225213097e-19
2.218236692e-19
2.216186286e-19
8.930254087e-07
5.446605948e-07
3.229320089e-07
1.864469756e-07
1.049723541e-07
5.77003975e-08
3.099647718e-08
1.629506652e-08
8.410157431e-09
4.294960233e-09
2.195383073e-09
1.137738608e-09
5.841534907e-10
2.898560141e-10
1.381477604e-10
6.345177004e-11
2.814991003e-11
1.207816835e-11
4.963370793e-12
1.954543574e-12
7.403901611e-13
2.697699177e-13
9.411944696e-14
3.114212843e-14
9.241668997e-15
2.198191863e-15
3.900690241e-16
1.024465135e-16
6.422160609e-17
5.500745101e-17
4.917137445e-17
4.355262725e-17
3.777959e-17
3.197541796e-17
2.635345519e-17
2.11130996e-17
1.641050792e-17
1.234835664e-17
8.975083578e-18
6.288875721e-18
4.242919465e-18
2.756277023e-18
1.729475532e-18
1.059157849e-18
6.509238123e-19
4.160102863e-19
2.914302949e-19
2.337367256e-19
2.145680538e-19
2.160719926e-19
2.273896955e-19
2.422351957e-19
2.575020606e-19
2.671453069e-19
2.70150778e-19
2.69060481e-19
2.668444779e-19
2.651940516e-19
2.643744051e-19
2.641400351e-19
5.014327144e-07
3.171641495e-07
1.947090227e-07
1.162468819e-07
6.760710402e-08
3.835538281e-08
2.125335719e-08
1.152101265e-08
6.131473938e-09
3.229641045e-09
1.696880731e-09
9.059475984e-10
4.805088978e-10
2.471620262e-10
1.223235211e-10
5.841803643e-11
2.698815119e-11
1.210895418e-11
5.267844836e-12
2.214964395e-12
8.923436203e-13
3.455389236e-13
1.284996966e-13
4.570054444e-14
1.501293092e-14
4.300363323e-15
9.024695667e-16
1.673649593e-16
6.821128382e-17
5.292377645e-17
4.704277642e-17
4.210195414e-17
3.702616964e-17
3.180046504e-17
2.660805989e-17
2.165145316e-17
1.710358943e-17
1.309043036e-17
9.686436817e-18
6.916197372e-18
4.758775679e-18
3.155244695e-18
2.021421427e-18
1.262680301e-18
7.876342155e-19
5.092198441e-19
3.549458897e-19
2.792615541e-19
2.508813122e-19
2.493605028e-19
2.617839049e-19
2.800089335e-19
2.996249005e-19
3.127391186e-19
3.169102394e-19
3.15376486e-19
3.126721542e-19
3.107676002e-19
3.098545059e-19
3.096099073e-19
2.706760157e-07
1.773932296e-07
1.126983829e-07
6.955410714e-08
4.177787964e-08
2.446062533e-08
1.398054448e-08
7.815406825e-09
4.291185587e-09
2.335259393e-09
1.264800839e-09
6.952191993e-10
3.805401512e-10
2.026276457e-10
1.040448341e-10
5.162551599e-11
2.480339123e-11
1.158925951e-11
5.267710174e-12
2.324949104e-12
9.931620004e-13
4.093284354e-13
1.620591494e-13
6.119532992e-14
2.173667925e-14
7.027148151e-15
1.918184344e-15
3.845185754e-16
9.208523836e-17
5.311504897e-17
4.510779377e-17
4.050914274e-17
3.607461658e-17
3.143845516e-17
2.670982387e-17
2.208096225e-17
1.773271525e-17
1.380920382e-17
1.040800667e-17
7.578496417e-18
5.324512946e-18
3.609865994e-18
2.368209182e-18
1.516593751e-18
9.646988505e-19
6.314409714e-19
4.37642707e-19
3.361653547e-19
2.929752612e-19
2.849124314e-19
2.964945702e-19
3.171945462e-19
3.407115279e-19
3.583358078e-19
3.647743568e-19
3.637612943e-19
3.61030412e-19
3.589898856e-19
3.579738106e-19
3.577133849e-19
1.414959816e-07
9.588912458e-08
6.295182987e-08
4.012220129e-08
2.487189736e-08
1.502081743e-08
8.85189175e-09
5.10090253e-09
2.886112418e-09
1.618128517e-09
9.060550329e-10
5.13734111e-10
2.902745488e-10
1.600094575e-10
8.522440407e-11
4.390480829e-11
2.19270094e-11
1.065660609e-11
5.045673027e-12
2.324774904e-12
1.040191438e-12
4.507165203e-13
1.88371695e-13
7.547943194e-14
2.873657428e-14
1.017220313e-14
3.203392478e-15
7.922906235e-16
1.601166653e-16
5.809982785e-17
4.351387032e-17
3.877111988e-17
3.490985604e-17
3.087211294e-17
2.664161563e-17
2.238405483e-17
1.828207498e-17
1.449290018e-17
1.113335507e-17
8.274984483e-18
5.945157113e-18
4.131067481e-18
2.786543104e-18
1.835730991e-18
1.196116366e-18
7.933475893e-19
5.478436857e-19
4.106402967e-19
3.451019439e-19
3.24995267e-19
3.318229092e-19
3.526510299e-19
3.785133734e-19
4.012765112e-19
4.120163686e-19
4.134281707e-19
4.115747606e-19
4.096406444e-19
4.084961298e-19
4.081766631e-19
7.211579548e-08
5.040289006e-08
3.412541843e-08
2.242605096e-08
1.433040005e-08
8.918795567e-09
5.415311006e-09
3.215050904e-09
1.874006282e-09
1.082686775e-09
6.266251523e-10
3.668426728e-10
2.140357065e-10
1.220983344e-10
6.744333136e-11
3.608264103e-11
1.873052314e-11
9.467237614e-12
4.665316285e-12
2.23978216e-12
1.046020776e-12
4.741916521e-13
2.080250101e-13
8.790619495e-14
3.55250982e-14
1.357234377e-14
4.758935181e-15
1.441549446e-15
3.323851606e-16
7.98036666e-17
4.359527245e-17
3.705599636e-17
3.355340223e-17
3.009425754e-17
2.638412013e-17
2.253652174e-17
1.872865314e-17
1.512373645e-17
1.185274685e-17
9.005383905e-18
6.630995024e-18
4.740015296e-18
3.296074482e-18
2.237938782e-18
1.497431726e-18
1.008569785e-18
6.983958952e-19
5.133511314e-19
4.149643336e-19
3.7433013e-19
3.700592584e-19
3.866476166e-19
4.124269207e-19
4.390014091e-19
4.562518119e-19
4.627844931e-19
4.635553894e-19
4.623722519e-19
4.611521064e-19
4.607066915e-19
3.604312486e-08
2.590829692e-08
1.804893367e-08
1.220723447e-08
8.028838023e-09
5.143346969e-09
3.214738266e-09
1.965338929e-09
1.17989316e-09
7.033710687e-10
4.207871851e-10
2.544155726e-10
1.532726799e-10
9.046964894e-11
5.182456372e-11
2.878081153e-11
1.551820407e-11
8.152519212e-12
4.179362064e-12
2.08898332e-12
1.016836945e-12
4.812258669e-13
2.209306637e-13
9.807164175e-14
4.188201448e-14
1.708413824e-14
6.523537821e-15
2.251163682e-15
6.507324661e-16
1.507307223e-16
4.989256603e-17
3.591339035e-17
3.210974734e-17
2.912372454e-17
2.593471209e-17
2.252712366e-17
1.905339779e-17
1.568075737e-17
1.254966531e-17
9.764042244e-18
7.390803944e-18
5.44637032e-18
3.910809416e-18
2.743586479e-18
1.891672557e-18
1.298348054e-18
9.091391171e-19
6.605443762e-19
5.151557926e-19
4.420398635e-19
4.171541708e-19
4.224344176e-19
4.440581486e-19
4.708515565e-19
4.946067138e-19
5.090785588e-19
5.153121471e-19
5.165131356e-19
5.156823786e-19
5.150920097e-19
1.774855055e-08
1.308593832e-08
9.358396924e-09
6.501323207e-09
4.393887701e-09
2.89336707e-09
1.859742194e-09
1.170180691e-09
7.244042324e-10
4.467799466e-10
2.763930661e-10
1.724921393e-10
1.072469864e-10
6.545465985e-11
3.885212546e-11
2.238752777e-11
1.253373549e-11
6.838811509e-12
3.643339635e-12
1.894247167e-12
9.600365222e-13
4.73640496e-13
2.271112372e-13
1.056055697e-13
4.745649041e-14
2.049884184e-14
8.424914992e-15
3.210011152e-15
1.081520276e-15
2.866082665e-16
7.268505074e-17
3.651380882e-17
3.069883619e-17
2.797504175e-17
2.528380735e-17
2.234377989e-17
1.92508403e-17
1.616090148e-17
1.321991687e-17
1.054786191e-17
8.212911959e-18
6.240917919e-18
4.631325184e-18
3.361963672e-18
2.395739211e-18
1.689393119e-18
1.200794694e-18
8.720699974e-19
6.634610895e-19
5.426543902e-19
4.840607572e-19
4.674964056e-19
4.772410007e-19
5.003372212e-19
5.261568935e-19
5.489025089e-19
5.638014828e-19
5.704146614e-19
5.71576914e-19
5.712471891e-19
8.643985115e-09
6.521070742e-09
4.776882164e-09
3.402030505e-09
2.358728106e-09
1.594482336e-09
1.053084808e-09
6.819833548e-10
4.360592411e-10
2.788064724e-10
1.785466529e-10
1.149581024e-10
7.373462539e-11
4.650491699e-11
2.858786299e-11
1.708164106e-11
9.923599327e-12
5.620816673e-12
3.109743492e-12
1.679978734e-12
8.854126666e-13
4.547758032e-13
2.273893941e-13
1.105182147e-13
5.209963664e-14
2.373714031e-14
1.039665521e-14
4.298152852e-15
1.628273036e-15
5.321731783e-16
1.398175435e-16
4.577887191e-17
3.032685466e-17
2.685319418e-17
2.447827875e-17
2.198289312e-17
1.929898707e-17
1.654106292e-17
1.385260147e-17
1.134118142e-17
9.078326474e-18
7.108385582e-18
5.447621901e-18
4.089892399e-18
3.014125096e-18
2.191008025e-18
1.5877648e-18
1.167674305e-18
8.798186532e-19
6.947925093e-19
5.867476804e-19
5.34550279e-19
5.210507637e-19
5.319820399e-19
5.551513602e-19
5.811235359e-19
6.049038247e-19
6.205200241e-19
6.268669889e-19
6.282714343e-19
4.176936519e-09
3.217265576e-09
2.40919343e-09
1.755806278e-09
1.246935386e-09
8.643411645e-10
5.863518612e-10
3.909740728e-10
2.584427782e-10
1.713762925e-10
1.135705067e-10
7.551101984e-11
5.000085634e-11
3.259996283e-11
2.075120899e-11
1.28470232e-11
7.738596164e-12
4.545879708e-12
2.609223572e-12
1.463073099e-12
8.008982953e-13
4.276757016e-13
2.226254897e-13
1.128796149e-13
5.568074139e-14
2.66628338e-14
1.235067784e-14
5.480236116e-15
2.277309149e-15
8.557172486e-16
2.713531185e-16
7.635767702e-17
3.406664452e-17
2.632837121e-17
2.367705652e-17
2.148291454e-17
1.918741324e-17
1.679866633e-17
1.440604885e-17
1.209846898e-17
9.951818991e-18
8.020839669e-18
6.337664986e-18
4.913008094e-18
3.741477234e-18
2.807497523e-18
2.089246173e-18
1.562503403e-18
1.182950401e-18
9.186907232e-19
7.452016978e-19
6.416381375e-19
5.903477458e-19
5.763826647e-19
5.867830881e-19
6.102989205e-19
6.37411502e-19
6.620074745e-19
6.773904167e-19
6.836341829e-19
2.008174604e-09
1.576299351e-09
1.204516059e-09
8.968841635e-10
6.515773189e-10
4.627678653e-10
3.222701661e-10
2.212130996e-10
1.512470993e-10
1.038737188e-10
7.128419065e-11
4.903037673e-11
3.357011803e-11
2.26457318e-11
1.492454317e-11
9.572154581e-12
5.973949916e-12
3.63574742e-12
2.162648264e-12
1.257446193e-12
7.14208529e-13
3.960308527e-13
2.143237865e-13
1.131722569e-13
5.828192084e-14
2.92391659e-14
1.425648073e-14
6.727891439e-15
3.022460404e-15
1.261389972e-15
4.689438224e-16
1.438418669e-16
4.703039766e-17
2.760747757e-17
2.319619325e-17
2.096594975e-17
1.896735522e-17
1.692174474e-17
1.483120884e-17
1.275892486e-17
1.077244626e-17
8.927883136e-18
7.265414512e-18
5.808747445e-18
4.567112279e-18
3.538226885e-18
2.711275373e-18
2.070397779e-18
1.592984316e-18
1.23701094e-18
9.827100402e-19
8.108769872e-19
7.046813839e-19
6.495558414e-19
6.325501769e-19
6.417454584e-19
6.657451229e-19
6.934744355e-19
7.176792802e-19
7.330233548e-19
9.630241863e-10
7.690904455e-10
5.987801268e-10
4.548864535e-10
3.376742598e-10
2.455389599e-10
1.753952903e-10
1.238551009e-10
8.74933528e-11
6.218724676e-11
4.430658625e-11
3.160670961e-11
2.242623996e-11
1.56728524e-11
1.069786581e-11
7.105146432e-12
4.591184509e-12
2.892526458e-12
1.780670787e-12
1.071846975e-12
6.30709763e-13
3.626557572e-13
2.037458327e-13
1.118534157e-13
6.001075153e-14
3.145593828e-14
1.608998012e-14
8.01245931e-15
3.847871478e-15
1.74865899e-15
7.319440518e-16
2.698718617e-16
8.615342907e-17
3.500738609e-17
2.406897282e-17
2.07951124e-17
1.87912665e-17
1.696570136e-17
1.513249881e-17
1.3292809e-17
1.148944847e-17
9.769512374e-18
8.173040826e-18
6.729331486e-18
5.45671084e-18
4.363179548e-18
3.447757534e-18
2.703484838e-18
2.12182498e-18
1.6665429e-18
1.318624619e-18
1.062326907e-18
8.833925911e-19
7.689684372e-19
7.071085131e-19
6.86070058e-19
6.937816883e-19
7.174567306e-19
7.444576032e-19
7.695476403e-19
4.617030356e-10
3.746253601e-10
2.967688977e-10
2.297408822e-10
1.740888697e-10
1.293709336e-10
9.461784625e-11
6.850778028e-11
4.953780807e-11
3.68292954e-11
2.737379798e-11
2.033387983e-11
1.499307501e-11
1.086502353e-11
7.686114858e-12
5.284451037e-12
3.531852302e-12
2.300140231e-12
1.46349315e-12
9.105934164e-13
5.541294457e-13
3.297894532e-13
1.919904457e-13
1.093759786e-13
6.100691422e-14
3.332443471e-14
1.781923804e-14
9.31195617e-15
4.73906189e-15
2.314594363e-15
1.063628251e-15
4.471888894e-16
1.660136889e-16
5.864373795e-17
2.944298025e-17
2.209797175e-17
1.913218974e-17
1.717157866e-17
1.542777335e-17
1.37395969e-17
1.209010927e-17
1.049954415e-17
8.995176715e-18
7.602033612e-18
6.339372087e-18
5.219267379e-18
4.24706759e-18
3.42346681e-18
2.74827762e-18
2.197825844e-18
1.752250253e-18
1.401924126e-18
1.136922898e-18
9.475269693e-19
8.238828091e-19
7.552848383e-19
7.299492847e-19
7.348671776e-19
7.563053746e-19
7.856152085e-19
2.217281148e-10
1.825464805e-10
1.469281926e-10
1.157122701e-10
8.928951944e-11
6.766193758e-11
5.05557666e-11
3.753353652e-11
2.811240452e-11
2.190336511e-11
1.702538618e-11
1.319721327e-11
1.011689324e-11
7.614445976e-12
5.578819968e-12
3.964952635e-12
2.736161686e-12
1.838856185e-12
1.207090337e-12
7.748575173e-13
4.867190233e-13
2.99247264e-13
1.801512425e-13
1.062686696e-13
6.14742831e-14
3.489825461e-14
1.944564252e-14
1.062762939e-14
5.686727965e-15
2.953531109e-15
1.466751907e-15
6.829934137e-16
2.91039672e-16
1.123353343e-16
4.654253832e-17
2.752047668e-17
2.136769727e-17
1.826832253e-17
1.610942535e-17
1.431183287e-17
1.267587226e-17
1.114387336e-17
9.705423746e-18
8.365781075e-18
7.13412373e-18
6.018743911e-18
5.02535804e-18
4.158215635e-18
3.420125499e-18
2.790271295e-18
2.256792866e-18
1.815380293e-18
1.461542251e-18
1.189617389e-18
9.924288936e-19
8.612138751e-19
7.85589069e-19
7.536284215e-19
7.526020224e-19
7.753796626e-19
1.068450509e-10
8.91546867e-11
7.283257981e-11
5.830298194e-11
4.580949863e-11
3.543586353e-11
2.714608162e-11
2.083579903e-11
1.639200668e-11
1.334934809e-11
1.084953768e-11
8.759376515e-12
6.990853617e-12
5.453249286e-12
4.126825927e-12
3.023155744e-12
2.148001902e-12
1.485503638e-12
1.003307488e-12
6.628644514e-13
4.287728171e-13
2.716987059e-13
1.687695769e-13
1.028562916e-13
6.156732244e-14
3.623118308e-14
2.097500275e-14
1.194425953e-14
6.681875064e-15
3.661479418e-15
1.942363094e-15
9.842252313e-16
4.695617117e-16
2.096242709e-16
9.009359187e-17
4.410793332e-17
2.826102374e-17
2.16804698e-17
1.807715976e-17
1.560939506e-17
1.363006624e-17
1.19345412e-17
1.043546605e-17
9.084493763e-18
7.859576693e-18
6.75264635e-18
5.760842592e-18
4.877342985e-18
4.094630433e-18
3.402328194e-18
2.797420783e-18
2.278624519e-18
1.844203353e-18
1.491658257e-18
1.216853377e-18
1.013700672e-18
8.739939362e-19
7.875348784e-19
7.43382492e-19
7.395077811e-19
5.174131871e-11
4.372479824e-11
3.623441669e-11
2.948229737e-11
2.361026383e-11
1.869677284e-11
1.477308018e-11
1.184673234e-11
9.931920598e-12
8.409566618e-12
7.146661576e-12
6.031971423e-12
4.998188758e-12
4.024991124e-12
3.132925048e-12
2.356037353e-12
1.7171472e-12
1.217956383e-12
8.43868609e-13
5.722590449e-13
3.802064941e-13
2.4771049e-13
1.58389608e-13
9.949217067e-14
6.146975354e-14
3.7400439e-14
2.243164807e-14
1.32679552e-14
7.736325603e-15
4.441715789e-15
2.495277393e-15
1.35966113e-15
7.120140465e-16
3.55806079e-16
1.716714465e-16
8.405896258e-17
4.619679064e-17
3.025517582e-17
2.269163162e-17
1.840005715e-17
1.552607804e-17
1.334863548e-17
1.157234261e-17
1.006151267e-17
8.743641564e-18
7.576853717e-18
6.537012842e-18
5.606787667e-18
4.772863377e-18
4.025807002e-18
3.360847368e-18
2.775933106e-18
2.270258384e-18
1.843143456e-18
1.492818227e-18
1.21542074e-18
1.004603164e-18
8.513912093e-19
7.452898388e-19
6.887680326e-19
2.52279911e-11
2.159094416e-11
1.816357762e-11
1.505498797e-11
1.235044024e-11
1.011571519e-11
8.40750116e-12
7.270147394e-12
6.372557037e-12
5.643518548e-12
4.999968141e-12
4.37507068e-12
3.734149729e-12
3.082543578e-12
2.453018289e-12
1.884101535e-12
1.402444445e-12
1.01635648e-12
7.198884937e-13
4.994781653e-13
3.398927632e-13
2.270761364e-13
1.490805281e-13
9.628974206e-14
6.126463333e-14
3.84502843e-14
2.383313436e-14
1.460248584e-14
8.846192286e-15
5.296735692e-15
3.132059815e-15
1.817110211e-15
1.027752785e-15
5.637426502e-16
3.002640191e-16
1.584479364e-16
8.617510224e-17
5.088022329e-17
3.371324562e-17
2.473342781e-17
1.947218986e-17
1.600398235e-17
1.347828654e-17
1.151009772e-17
9.909712784e-18
8.56526235e-18
7.405582686e-18
6.386712854e-18
5.480465734e-18
4.668966689e-18
3.941829185e-18
3.293693835e-18
2.722232982e-18
2.226466702e-18
1.805473046e-18
1.456872815e-18
1.175321186e-18
9.517447339e-19
7.73175468e-19
6.406338008e-19
1.243218609e-11
1.079920454e-11
9.264687649e-12
7.891994095e-12
6.742414605e-12
5.881316625e-12
5.251817593e-12
4.766408718e-12
4.385984935e-12
4.056547079e-12
3.723727103e-12
3.348578428e-12
2.918607792e-12
2.451414428e-12
1.982131905e-12
1.546985535e-12
1.170958359e-12
8.638044107e-13
6.234227814e-13
4.412857234e-13
3.067605596e-13
2.096243192e-13
1.409707089e-13
9.340633222e-14
6.106003122e-14
3.943783017e-14
2.520393343e-14
1.595738125e-14
1.001846284e-14
6.241674918e-15
3.860512292e-15
2.363116322e-15
1.424919039e-15
8.435452601e-16
4.898120483e-16
2.802751198e-16
1.605346079e-16
9.463341406e-17
5.88614015e-17
3.928766016e-17
2.818431132e-17
2.147168637e-17
1.708785956e-17
1.401833772e-17
1.173972698e-17
9.961776506e-18
8.518765514e-18
7.308428084e-18
6.266291101e-18
5.351952359e-18
4.540857409e-18
3.818865452e-18
3.178436043e-18
2.615765111e-18
2.128477814e-18
1.714108362e-18
1.367617756e-18
1.078693742e-18
8.297187973e-19
6.10740129e-19
6.251312002e-12
5.552338052e-12
4.919385993e-12
4.397272273e-12
4.041384208e-12
3.749232753e-12
3.535750519e-12
3.382949413e-12
3.258539961e-12
3.123145938e-12
2.941379644e-12
2.691766582e-12
2.375986579e-12
2.016997676e-12
1.648273942e-12
1.301488275e-12
9.980862092e-13
7.47061338e-13
5.478003411e-13
3.945205744e-13
2.794458498e-13
1.948777012e-13
1.339493698e-13
9.085720767e-14
6.090074273e-14
4.040161038e-14
2.65694948e-14
1.734837436e-14
1.126369651e-14
7.280300939e-15
4.686425697e-15
3.004287665e-15
1.911501675e-15
1.204356896e-15
7.506323796e-16
4.630899591e-16
2.838302341e-16
1.743166475e-16
1.088677878e-16
7.010870613e-17
4.696765169e-17
3.294678077e-17
2.41665534e-17
1.858573723e-17
1.481552191e-17
1.211112502e-17
1.007820342e-17
8.484031866e-18
7.185221286e-18
6.092717484e-18
5.151800475e-18
4.329641715e-18
3.607215854e-18
2.973827638e-18
2.423106648e-18
1.949839652e-18
1.547823087e-18
1.205407539e-18
8.996815805e-19
6.027470299e-19
3.307996593e-12
3.072209888e-12
2.910509297e-12
2.770318627e-12
2.676775674e-12
2.628187196e-12
2.61516014e-12
2.617900599e-12
2.608714035e-12
2.558133738e-12
2.442899991e-12
2.253704587e-12
2.000333634e-12
1.707146927e-12
1.404163462e-12
1.117982017e-12
8.661498463e-13
6.561196473e-13
4.876777564e-13
3.565636945e-13
2.568159675e-13
1.824114053e-13
1.279032634e-13
8.864680568e-14
6.081692471e-14
4.136736608e-14
2.794633538e-14
1.878583881e-14
1.258650919e-14
8.41471046e-15
5.617318012e-15
3.745958045e-15
2.493730576e-15
1.653650831e-15
1.091149155e-15
7.160694753e-16
4.674179708e-16
3.037953303e-16
1.970503906e-16
1.280855065e-16
8.394098293e-17
5.590207628e-17
3.817791218e-17
2.692750204e-17
1.996829465e-17
1.539612802e-17
1.224481745e-17
9.965870656e-18
8.23549161e-18
6.861602588e-18
5.730256126e-18
4.774030784e-18
3.95337083e-18
3.2452963e-18
2.636105164e-18
2.11587178e-18
1.674463132e-18
1.297183633e-18
9.557812813e-19
6.030750684e-19
2.006620922e-12
1.958883107e-12
1.939275631e-12
1.949303564e-12
1.989208613e-12
2.052842072e-12
2.126974389e-12
2.191732973e-12
2.223556656e-12
2.200715307e-12
2.108531218e-12
1.94637697e-12
1.728075814e-12
1.477125413e-12
1.219428528e-12
9.7672261e-13
7.629135196e-13
5.837818111e-13
4.390849041e-13
3.25375928e-13
2.379146523e-13
1.718413754e-13
1.227347379e-13
8.67942787e-14
6.085884055e-14
4.238214067e-14
2.936904159e-14
2.028886021e-14
1.399423032e-14
9.648864656e-15
6.655703991e-15
4.595552005e-15
3.177559514e-15
2.197342879e-15
1.517592154e-15
1.045750992e-15
7.182058071e-16
4.909232499e-16
3.333381839e-16
2.242833472e-16
1.491927831e-16
9.808957146e-17
6.408608245e-17
4.213869424e-17
2.864610424e-17
2.040136448e-17
1.520099705e-17
1.176714505e-17
9.362851705e-18
7.580103296e-18
6.192166489e-18
5.071385124e-18
4.144327602e-18
3.367676249e-18
2.715033674e-18
2.168470518e-18
1.710890902e-18
1.322687505e-18
9.719680955e-19
5.967441277e-19
1.373594778e-12
1.412913899e-12
1.473852922e-12
1.556468906e-12
1.656757551e-12
1.765592541e-12
1.868552399e-12
1.947270455e-12
1.982725374e-12
1.959064587e-12
1.869213845e-12
1.71801522e-12
1.520848952e-12
1.299132515e-12
1.074601873e-12
8.646528904e-13
6.800315649e-13
5.249923327e-13
3.990930932e-13
2.99377376e-13
2.219530178e-13
1.628104269e-13
1.182948381e-13
8.524209472e-14
6.100941718e-14
4.344600176e-14
3.083830683e-14
2.18535977e-14
1.548329415e-14
1.098005202e-14
7.800162332e-15
5.553833632e-15
3.964557322e-15
2.837439611e-15
2.032475198e-15
1.454948913e-15
1.039130729e-15
7.387491721e-16
5.210621809e-16
3.629318773e-16
2.481665447e-16
1.655475583e-16
1.073356927e-16
6.795705403e-17
4.287842687e-17
2.799925596e-17
1.91013151e-17
1.383632405e-17
1.045203816e-17
8.128043895e-18
6.4363142e-18
5.144276055e-18
4.122689746e-18
3.29819603e-18
2.626784787e-18
2.07890383e-18
1.63047669e-18
1.258383234e-18
9.294237378e-19
5.738239382e-19
1.093647174e-12
1.175189272e-12
1.274066115e-12
1.387339293e-12
1.508436819e-12
1.626745591e-12
1.728127878e-12
1.796770077e-12
1.817719239e-12
1.780955496e-12
1.685117322e-12
1.538186688e-12
1.355537352e-12
1.155956392e-12
9.572911512e-13
7.732193617e-13
6.118666409e-13
4.76208945e-13
3.655843332e-13
2.773847088e-13
2.083263271e-13
1.550564801e-13
1.145011679e-13
8.39955767e-14
6.130366591e-14
4.458622254e-14
3.236427957e-14
2.348104083e-14
1.704940012e-14
1.240180394e-14
9.044011261e-15
6.614859625e-15
4.853005634e-15
3.570660696e-15
2.632510921e-15
1.940612656e-15
1.42726822e-15
1.044368307e-15
7.573539635e-16
5.413920952e-16
3.787932323e-16
2.571612274e-16
1.67907394e-16
1.049490239e-16
6.3365725e-17
3.814062327e-17
2.392186107e-17
1.597161146e-17
1.130914504e-17
8.366006578e-18
6.36204397e-18
4.914919061e-18
3.828047396e-18
2.991393856e-18
2.338368453e-18
1.825292119e-18
1.420643422e-18
1.098883179e-18
8.262898314e-19
5.434967018e-19
9.984230865e-13
1.098596421e-12
1.211271126e-12
1.331476889e-12
1.451234317e-12
1.559674762e-12
1.644034599e-12
1.691177406e-12
1.690495461e-12
1.637090759e-12
1.533382561e-12
1.388871386e-12
1.217961972e-12
1.036659136e-12
8.593484784e-13
6.96612602e-13
5.544664164e-13
4.348705561e-13
3.369855066e-13
2.584925255e-13
1.965508678e-13
1.483395223e-13
1.112477996e-13
8.301065065e-14
6.171573209e-14
4.577985592e-14
3.392805741e-14
2.515368013e-14
1.867562328e-14
1.389781334e-14
1.037185346e-14
7.764349149e-15
5.829622726e-15
4.38781781e-15
3.30786439e-15
2.492993007e-15
1.873199582e-15
1.398747559e-15
1.033601938e-15
7.515572208e-16
5.33701608e-16
3.666010807e-16
2.408575997e-16
1.498104983e-16
8.812315146e-17
5.014635782e-17
2.881649777e-17
1.771571567e-17
1.16922527e-17
8.140934826e-18
5.874195736e-18
4.336405554e-18
3.247447268e-18
2.455332241e-18
1.870124413e-18
1.434613865e-18
1.111876439e-18
8.739426588e-19
6.876563451e-19
5.182238374e-19
9.9856333e-13
1.103035834e-12
1.214859898e-12
1.32789503e-12
1.433732072e-12
1.522214597e-12
1.582237578e-12
1.603878068e-12
1.580731951e-12
1.511640394e-12
1.401358051e-12
1.259747608e-12
1.0997045e-12
9.345374523e-13
7.756491114e-13
6.311011384e-13
5.052482159e-13
3.992780739e-13
3.122369802e-13
2.420548606e-13
1.862770291e-13
1.424744681e-13
1.084397957e-13
8.223452032e-14
6.220765993e-14
4.699861835e-14
3.550458855e-14
2.684677281e-14
2.033679356e-14
1.544285231e-14
1.175907481e-14
8.978842931e-15
6.87240854e-15
5.26869586e-15
4.040885072e-15
3.095201877e-15
2.360996926e-15
1.786996992e-15
1.336019399e-15
9.808356812e-16
7.016136535e-16
4.841122413e-16
3.18228913e-16
1.966479384e-16
1.133322509e-16
6.170238333e-17
3.322355172e-17
1.881818064e-17
1.147597619e-17
7.450167685e-18
5.04654436e-18
3.51847065e-18
2.505113431e-18
1.818114811e-18
1.34744019e-18
1.028858535e-18
8.220449102e-19
6.908256248e-19
6.024125287e-19
5.291970923e-19
1.044365849e-12
1.143537938e-12
1.245075942e-12
1.342408553e-12
1.42739916e-12
1.490947092e-12
1.524353891e-12
1.520983195e-12
1.477730336e-12
1.396010549e-12
1.281780417e-12
1.144493315e-12
9.952919293e-13
8.450078523e-13
7.025329324e-13
5.73907448e-13
4.622040451e-13
3.680427943e-13
2.904173225e-13
2.274842714e-13
1.77122248e-13
1.372487492e-13
1.059613416e-13
8.159288163e-14
6.273011127e-14
4.820427193e-14
3.705817606e-14
2.852439199e-14
2.199683028e-14
1.700151368e-14
1.317175008e-14
1.022647601e-14
7.951894697e-15
6.186358638e-15
4.808203183e-15
3.726127698e-15
2.871720928e-15
2.192477303e-15
1.650321074e-15
1.21731874e-15
8.729795417e-16
6.024097342e-16
3.948067494e-16
2.420421731e-16
1.370955933e-16
7.210444159e-17
3.66994908e-17
1.932737075e-17
1.092683862e-17
6.58539329e-18
4.147667899e-18
2.69663142e-18
1.808065109e-18
1.26263299e-18
9.415576493e-19
7.67501767e-19
6.803456554e-19
6.354430033e-19
6.076495847e-19
5.83029789e-19
1.106601419e-12
1.193829678e-12
1.279017169e-12
1.35561968e-12
1.416300531e-12
1.453731459e-12
1.461706193e-12
1.436306753e-12
1.376869499e-12
1.286396079e-12
1.171205526e-12
1.039872295e-12
9.017461159e-13
7.654715888e-13
6.378723956e-13
5.233983758e-13
4.241529324e-13
3.403563776e-13
2.710016846e-13
2.144584174e-13
1.688981942e-13
1.325289704e-13
1.037112534e-13
8.101780216e-14
6.323631842e-14
4.935696571e-14
3.855131742e-14
3.014982794e-14
2.361781658e-14
1.853600603e-14
1.457330597e-14
1.147269157e-14
9.036087976e-15
7.111710458e-15
5.583776534e-15
4.364258007e-15
3.38638941e-15
2.59906064e-15
1.963251809e-15
1.450485421e-15
1.039767274e-15
7.156172316e-16
4.665041684e-16
2.833552079e-16
1.579109617e-16
8.061817599e-17
3.904337187e-17
1.920951863e-17
1.007282632e-17
5.619920376e-18
3.269296224e-18
1.969386896e-18
1.251018942e-18
8.877444836e-19
7.321845768e-19
6.730388382e-19
6.559843882e-19
6.534780622e-19
6.517971593e-19
6.464611292e-19
1.167150092e-12
1.237817455e-12
1.30279508e-12
1.356203578e-12
1.392005699e-12
1.404729178e-12
1.390339088e-12
1.347049769e-12
1.275849048e-12
1.180539306e-12
1.067226402e-12
9.433619069e-13
8.165865062e-13
6.936653928e-13
5.797448216e-13
4.780382247e-13
3.899289611e-13
3.153690737e-13
2.533919114e-13
2.025701234e-13
1.613264618e-13
1.281202563e-13
1.015546266e-13
8.04069983e-14
6.363750754e-14
5.037795433e-14
3.991391857e-14
3.166129156e-14
2.514851701e-14
2.00001617e-14
1.592154561e-14
1.267956671e-14
1.00915627e-14
8.015918699e-15
6.343315376e-15
4.989629776e-15
3.890265228e-15
2.995714287e-15
2.26718819e-15
1.675760745e-15
1.200000462e-15
8.238110948e-16
5.347804756e-16
3.226506396e-16
1.77683687e-16
8.854766317e-17
4.092234854e-17
1.879898199e-17
9.124744142e-18
4.694753935e-18
2.50583788e-18
1.392524617e-18
8.859968355e-19
7.056659466e-19
6.582912466e-19
6.589263759e-19
6.738557965e-19
6.878394508e-19
6.95048661e-19
6.958064887e-19
1.21407533e-12
1.265590502e-12
1.308966729e-12
1.339296253e-12
1.3519294e-12
1.343092695e-12
1.31052075e-12
1.253955271e-12
1.175361004e-12
1.078761044e-12
9.696958546e-13
8.544223473e-13
7.390426748e-13
6.287577155e-13
5.273841778e-13
4.371950423e-13
3.590530332e-13
2.927424081e-13
2.373646065e-13
1.916709146e-13
1.543035537e-13
1.239551067e-13
9.943836317e-14
7.97127144e-14
6.389332393e-14
5.1234932e-14
4.11166821e-14
3.302818653e-14
2.655455788e-14
2.136294517e-14
1.71874038e-14
1.381932243e-14
1.109287925e-14
8.876517341e-15
7.067636381e-15
5.586423444e-15
4.370901009e-15
3.373037255e-15
2.555357705e-15
1.888508572e-15
1.350653131e-15
9.250588574e-16
5.983646354e-16
3.590444993e-16
1.958357879e-16
9.562930802e-17
4.227441531e-17
1.809417624e-17
8.089959093e-18
3.815681211e-18
1.839997845e-18
9.779194454e-19
6.931767363e-19
6.308732826e-19
6.38746676e-19
6.653046849e-19
6.914913278e-19
7.095637908e-19
7.183048346e-19
7.203536535e-19
1.238620411e-12
1.270417298e-12
1.292790249e-12
1.301918289e-12
1.294489133e-12
1.26816992e-12
1.222026357e-12
1.156787329e-12
1.074868127e-12
9.80116339e-13
8.773168043e-13
7.715585645e-13
6.676002093e-13
5.693603026e-13
4.796155713e-13
3.999347903e-13
3.308166622e-13
2.71956886e-13
2.225352488e-13
1.814707968e-13
1.476202825e-13
1.198846116e-13
9.726353071e-14
7.887775785e-14
6.396751085e-14
5.189162757e-14
4.211650216e-14
3.420204987e-14
2.778691958e-14
2.257536819e-14
1.83284046e-14
1.48578761e-14
1.201311766e-14
9.67300544e-15
7.742048341e-15
6.14514366e-15
4.823313568e-15
3.730313889e-15
2.829964156e-15
2.093087547e-15
1.49744519e-15
1.02565113e-15
6.633734501e-16
3.978303292e-16
2.163200384e-16
1.04259725e-16
4.421906318e-17
1.744409477e-17
7.057679956e-18
2.972527656e-18
1.293431624e-18
7.292319408e-19
5.983485833e-19
5.973042216e-19
6.290164181e-19
6.640287189e-19
6.916621336e-19
7.086761456e-19
7.163484539e-19
7.182282824e-19
1.238185721e-12
1.251930905e-12
1.255950273e-12
1.247462169e-12
1.224292635e-12
1.185208314e-12
1.130171104e-12
1.060448604e-12
9.785362529e-13
8.878878774e-13
7.924990068e-13
6.964243104e-13
6.033239538e-13
5.161193517e-13
4.368102707e-13
3.664607533e-13
3.053270825e-13
2.530551823e-13
2.089052704e-13
1.719614785e-13
1.412645594e-13
1.158926418e-13
9.500356404e-14
7.785239674e-14
6.379556468e-14
5.228855545e-14
4.28712182e-14
3.515782917e-14
2.882926474e-14
2.36236828e-14
1.932955901e-14
1.577657042e-14
1.283247848e-14
1.03859279e-14
8.348307399e-15
6.649207645e-15
5.232744817e-15
4.054612356e-15
3.079725094e-15
2.279602067e-15
1.631621271e-15
1.117804052e-15
7.22954621e-16
4.331787041e-16
2.346555622e-16
1.116758424e-16
4.568263956e-17
1.665548336e-17
5.936106826e-18
2.1372081e-18
9.059131507e-19
5.883108294e-19
5.464136819e-19
5.730038177e-19
6.120606646e-19
6.467444984e-19
6.713278318e-19
6.853165886e-19
6.912150929e-19
6.925884012e-19
1.211435082e-12
1.211398479e-12
1.202022264e-12
1.181355537e-12
1.14805223e-12
1.101599753e-12
1.042465288e-12
9.721197281e-13
8.929218217e-13
8.078703715e-13
7.202627325e-13
6.333277525e-13
5.49900448e-13
4.721878052e-13
4.01657413e-13
3.390494654e-13
2.844730401e-13
2.375692152e-13
1.977028206e-13
1.641037453e-13
1.359677972e-13
1.125195509e-13
9.304668377e-14
7.691527427e-14
6.357217148e-14
5.254025917e-14
4.341711603e-14
3.586684808e-14
2.960971293e-14
2.441404942e-14
2.008887641e-14
1.648250131e-14
1.34681091e-14
1.094334129e-14
8.825829612e-15
7.049401278e-15
5.56094144e-15
4.317834702e-15
3.285878155e-15
2.43719269e-15
1.748714591e-15
1.201867356e-15
7.806890658e-16
4.704534494e-16
2.563293265e-16
1.218832345e-16
4.789450281e-17
1.482724572e-17
4.18568643e-18
1.406482699e-18
6.590465791e-19
5.057262124e-19
5.082611809e-19
5.44554897e-19
5.828690573e-19
6.13444747e-19
6.335357749e-19
6.442108532e-19
6.484314566e-19
6.493466087e-19
)
;

boundaryField
{
    inletCH4
    {
        type            fixedValue;
        value           uniform 0;
    }
    wallOutside
    {
        type            zeroGradient;
    }
    wallTube
    {
        type            zeroGradient;
    }
    inletPilot
    {
        type            fixedValue;
        value           uniform 0;
    }
    inletAir
    {
        type            fixedValue;
        value           uniform 0;
    }
    outlet
    {
        type            zeroGradient;
    }
    axis
    {
        type            empty;
    }
    frontAndBack_pos
    {
        type            wedge;
    }
    frontAndBack_neg
    {
        type            wedge;
    }
}


// ************************************************************************* //
