/*--------------------------------*- C++ -*----------------------------------*\
  =========                 |
  \\      /  F ield         | OpenFOAM: The Open Source CFD Toolbox
   \\    /   O peration     | Website:  https://openfoam.org
    \\  /    A nd           | Version:  10
     \\/     M anipulation  |
\*---------------------------------------------------------------------------*/
FoamFile
{
    format      ascii;
    class       volScalarField;
    location    "3000";
    object      HNCO;
}
// * * * * * * * * * * * * * * * * * * * * * * * * * * * * * * * * * * * * * //

dimensions      [0 0 0 0 0 0 0];

internalField   nonuniform List<scalar> 
5170
(
6.583851231e-64
5.311937566e-64
3.29437373e-64
1.626323794e-64
1.293507595e-64
2.245503622e-61
1.792037767e-61
1.092725978e-61
6.316441856e-62
1.119829155e-61
7.747700509e-59
6.135421691e-59
3.723641874e-59
2.9293356e-59
8.865185803e-59
2.727225058e-56
2.156893272e-56
1.350306846e-56
1.514859912e-56
6.435582798e-56
9.783426255e-54
7.803210785e-54
5.23555976e-54
8.298631823e-54
4.35433722e-53
3.589082351e-51
2.923726153e-51
2.152273013e-51
4.678334535e-51
2.779199169e-50
1.344066977e-48
1.128136302e-48
9.489917172e-49
2.680013845e-48
1.709547557e-47
5.1272992e-46
4.484401062e-46
4.498571052e-46
1.552095139e-45
1.025366452e-44
1.996808475e-43
1.856461405e-43
2.237469545e-43
9.058591485e-43
6.027708565e-42
7.949588221e-41
7.994356967e-41
1.153722289e-40
5.33440796e-40
3.485999554e-39
3.228097498e-38
3.567514021e-38
6.128080545e-38
3.163031122e-37
1.989684443e-36
1.33159019e-35
1.644852706e-35
3.355990873e-35
1.886503992e-34
1.124376274e-33
5.561579901e-33
7.791885034e-33
1.902803089e-32
1.140516918e-31
6.31203658e-31
2.336174203e-30
3.764461541e-30
1.108540472e-29
7.012873628e-29
3.535114441e-28
9.840549049e-28
1.842749232e-27
6.559888615e-27
4.380108405e-26
1.983680123e-25
4.098501838e-25
9.016481844e-25
3.874780509e-24
2.697153714e-23
1.119377207e-22
1.682431261e-22
4.407996266e-22
2.231336199e-21
1.622872595e-20
6.373213118e-20
6.665766106e-20
2.11539321e-19
1.252920912e-18
9.353238505e-18
3.651917423e-17
2.442761818e-17
9.749826535e-17
6.653048194e-16
5.038214495e-15
2.1028524e-14
7.708687095e-15
4.363085862e-14
3.44341393e-13
2.478092085e-12
1.222188195e-11
2.321803544e-12
1.912776316e-12
1.756362935e-12
2.016102964e-12
2.345712245e-12
3.138030587e-12
2.8153003e-12
2.68891592e-12
2.904037885e-12
3.166219925e-12
3.376939617e-12
3.192866955e-12
3.111154826e-12
3.24264918e-12
3.367090777e-12
3.377769583e-12
3.311943891e-12
3.271476688e-12
3.339620578e-12
3.328611655e-12
3.276993335e-12
3.303803974e-12
3.291411305e-12
3.306421509e-12
3.194436148e-12
3.137742465e-12
3.228065451e-12
3.235483352e-12
3.20129508e-12
3.023341755e-12
2.990162519e-12
3.118503592e-12
3.136671883e-12
3.059704181e-12
2.847057128e-12
2.845745707e-12
2.99280373e-12
3.014480663e-12
2.905106918e-12
2.680777986e-12
2.709797708e-12
2.861580809e-12
2.88135111e-12
2.75222395e-12
2.532299911e-12
2.584364763e-12
2.731847597e-12
2.746610828e-12
2.608931359e-12
2.403391012e-12
2.470038543e-12
2.607974994e-12
2.616704937e-12
2.478812889e-12
2.29242042e-12
2.366371324e-12
2.492369002e-12
2.495388634e-12
2.362800837e-12
2.196376977e-12
2.27242678e-12
2.386036976e-12
2.384191959e-12
2.260028111e-12
2.112191384e-12
2.186914422e-12
2.288790049e-12
2.283188187e-12
2.168727436e-12
2.037048769e-12
2.108574951e-12
2.200042374e-12
2.191644211e-12
2.086853971e-12
1.968569867e-12
2.036374433e-12
2.118756333e-12
2.10849977e-12
2.012399997e-12
1.904547085e-12
2.006334258e-12
2.053890983e-12
2.034488248e-12
1.944175701e-12
1.843653166e-12
6.001435419e-12
3.063369454e-12
2.232668307e-12
1.96169101e-12
1.816783718e-12
3.43150736e-10
9.183717489e-11
2.440749107e-11
7.845971981e-12
3.811906744e-12
2.823923825e-08
6.098436996e-09
1.26714272e-09
3.00749842e-10
9.314726922e-11
2.95202222e-13
2.310361147e-12
3.581525045e-11
5.394866208e-10
7.178603722e-09
2.007151191e-12
1.408570847e-11
1.805720013e-10
2.052022129e-09
1.757044392e-08
8.195999248e-12
5.23414517e-11
5.719753625e-10
5.194877484e-09
3.203842799e-08
2.96858649e-11
1.809203635e-10
1.7924012e-09
1.415182249e-08
7.495747347e-08
9.887953642e-11
5.759242992e-10
5.094976584e-09
3.417175237e-08
1.518296692e-07
3.052409683e-10
1.652204535e-09
1.260520712e-08
6.920972004e-08
2.478044419e-07
8.922825994e-10
4.440137445e-09
2.823998699e-08
1.213516577e-07
3.460854804e-07
2.392655126e-09
1.083266489e-08
5.544747282e-08
1.877124117e-07
4.483240494e-07
5.829111784e-09
2.346030502e-08
9.580950618e-08
2.66012532e-07
5.630578617e-07
1.296307381e-08
4.530208204e-08
1.498061648e-07
3.558663643e-07
6.876922855e-07
2.722678272e-08
7.897142011e-08
2.152619847e-07
4.527558298e-07
8.090823698e-07
5.175872478e-08
1.243299546e-07
2.892674048e-07
5.522175967e-07
9.224115376e-07
9.039494494e-08
1.826813863e-07
3.72147438e-07
6.551540031e-07
1.035118347e-06
1.488018788e-07
2.571482155e-07
4.664365521e-07
7.651202999e-07
1.153209638e-06
2.349369587e-07
3.526959638e-07
5.75515994e-07
8.844129187e-07
1.275780654e-06
3.559828684e-07
4.755246885e-07
7.034040053e-07
1.014975397e-06
1.40205546e-06
5.166166191e-07
6.315306513e-07
8.55503986e-07
1.161474116e-06
1.537231838e-06
7.147538703e-07
8.216819609e-07
1.035549311e-06
1.330325667e-06
1.691505677e-06
9.470401466e-07
1.045042039e-06
1.245654927e-06
1.526399806e-06
1.873416781e-06
1.20740637e-06
1.297281293e-06
1.484645724e-06
1.751343439e-06
2.085613343e-06
1.490688131e-06
1.573496744e-06
1.748624933e-06
2.001706922e-06
2.323047842e-06
1.791039547e-06
1.867783082e-06
2.031606649e-06
2.270832134e-06
2.577314884e-06
2.104349578e-06
2.175371201e-06
2.327944565e-06
2.552393858e-06
2.841643271e-06
2.427895921e-06
2.493525242e-06
2.635206538e-06
2.84470069e-06
3.116121868e-06
2.762706329e-06
2.823754007e-06
2.955936708e-06
3.152244807e-06
3.407845103e-06
3.11559991e-06
3.173083171e-06
3.297846934e-06
3.484022499e-06
3.728009094e-06
3.497023751e-06
3.552135153e-06
3.672174836e-06
3.852174237e-06
4.089643152e-06
3.918654597e-06
3.972664583e-06
4.090592886e-06
4.268257127e-06
4.50410575e-06
4.392553613e-06
4.446709413e-06
4.565324306e-06
4.744667675e-06
4.983606272e-06
4.933135392e-06
4.988742855e-06
5.110649084e-06
5.295456597e-06
5.542401018e-06
5.562671133e-06
5.621098878e-06
5.749369267e-06
5.94400004e-06
6.204109937e-06
6.32244283e-06
6.3853678e-06
6.523411682e-06
6.732512879e-06
7.010890798e-06
7.288423699e-06
7.356970292e-06
7.506694963e-06
7.731448884e-06
8.025321887e-06
8.573964243e-06
8.644127607e-06
8.795383936e-06
9.014989319e-06
9.287492663e-06
1.015226976e-05
1.020233195e-05
1.030464592e-05
1.043913547e-05
1.057854045e-05
1.131592205e-05
1.131405751e-05
1.130215267e-05
1.126318339e-05
1.117307569e-05
1.123120652e-05
1.118271218e-05
1.107143305e-05
1.088977008e-05
1.062358199e-05
1.00706538e-05
9.99813445e-06
9.835956285e-06
9.581855855e-06
9.227036407e-06
8.342155774e-06
8.257038426e-06
8.067749605e-06
7.774124151e-06
7.369740091e-06
6.257412735e-06
6.161947803e-06
5.951195722e-06
5.629411946e-06
5.198772131e-06
3.832061317e-06
3.747412599e-06
3.566533737e-06
3.306558633e-06
2.987234397e-06
1.903816405e-06
1.861283026e-06
1.771334799e-06
1.643881238e-06
1.48931484e-06
8.664754608e-07
8.487544535e-07
8.112686272e-07
7.580996267e-07
6.934335954e-07
3.819456459e-07
3.7511411e-07
3.606072918e-07
3.398840319e-07
3.144162511e-07
1.679354624e-07
1.653458534e-07
1.598246335e-07
1.518382609e-07
1.41901971e-07
7.45467439e-08
7.354960265e-08
7.141504299e-08
6.832031993e-08
6.444241308e-08
3.371890849e-08
3.333555315e-08
3.25134494e-08
3.131777734e-08
2.98116371e-08
1.582636367e-08
1.568202786e-08
1.537236024e-08
1.4921522e-08
1.435285473e-08
7.981067951e-09
7.930459805e-09
7.822129875e-09
7.664977899e-09
7.467566889e-09
4.536766056e-09
4.521867043e-09
4.490174281e-09
4.444676373e-09
4.388401577e-09
2.967116569e-09
2.965319406e-09
2.961300281e-09
2.957677576e-09
2.953445977e-09
2.213707823e-09
2.216318341e-09
2.222248962e-09
2.23174905e-09
2.245275467e-09
1.804709003e-09
1.809100019e-09
1.818904434e-09
1.834176148e-09
1.855322397e-09
1.582169579e-09
1.588068172e-09
1.601167038e-09
1.621401624e-09
1.649119581e-09
1.503297911e-09
1.510642194e-09
1.526890327e-09
1.551836653e-09
1.5857282e-09
1.546176832e-09
1.55469897e-09
1.573499812e-09
1.602225816e-09
1.640992968e-09
1.688592082e-09
1.697851737e-09
1.718237154e-09
1.749269653e-09
1.790935418e-09
1.906141638e-09
1.915641476e-09
1.936524584e-09
1.968229735e-09
2.01063957e-09
2.174341199e-09
2.183639286e-09
2.204057537e-09
2.234998543e-09
2.276277054e-09
2.471319451e-09
2.480085653e-09
2.49932196e-09
2.528434248e-09
2.567202987e-09
2.779291391e-09
2.787320011e-09
2.804928715e-09
2.831554273e-09
2.866968135e-09
3.084986729e-09
3.092175179e-09
3.107934986e-09
3.131749803e-09
3.16339797e-09
3.379144409e-09
3.385468466e-09
3.399328493e-09
3.42026229e-09
3.448064029e-09
3.656260491e-09
3.661747169e-09
3.673767929e-09
3.691915683e-09
3.716003843e-09
3.913353788e-09
3.918057373e-09
3.928358302e-09
3.943901999e-09
3.964521443e-09
4.149607411e-09
4.15359366e-09
4.162319234e-09
4.175477859e-09
4.192920811e-09
4.364721926e-09
4.368057682e-09
4.375354384e-09
4.386349505e-09
4.400911036e-09
4.559493494e-09
4.562243558e-09
4.568253805e-09
4.577301045e-09
4.589268241e-09
4.732265776e-09
4.73449418e-09
4.739358383e-09
4.746670459e-09
4.756327237e-09
4.870811281e-09
4.872620349e-09
4.876564042e-09
4.882483158e-09
4.890285968e-09
2.550125077e-08
5.400739614e-08
8.266849866e-08
2.006152544e-07
3.645976888e-07
5.076028982e-07
6.120359492e-07
7.21581755e-07
8.587507328e-07
1.002566161e-06
1.127698932e-06
1.236673862e-06
1.348209954e-06
1.467158313e-06
1.586422302e-06
1.703130581e-06
1.824932638e-06
1.966965467e-06
2.140083637e-06
2.345585454e-06
2.575422205e-06
2.819383997e-06
3.070898288e-06
3.332134074e-06
3.612440959e-06
3.924837132e-06
4.282733797e-06
4.697054604e-06
5.179822591e-06
5.745678124e-06
6.417996725e-06
7.237743254e-06
8.25775366e-06
9.48540448e-06
1.064880552e-05
1.106004152e-05
1.038050212e-05
8.918777194e-06
7.024934993e-06
4.849454867e-06
2.75327742e-06
1.377028751e-06
6.461699224e-07
2.955462636e-07
1.344402067e-07
6.14989621e-08
2.866143831e-08
1.391802326e-08
7.317454588e-09
4.346627773e-09
2.953727557e-09
2.257552132e-09
1.873517385e-09
1.672660966e-09
1.614221133e-09
1.673314366e-09
1.825450441e-09
2.045605536e-09
2.310196958e-09
2.598988042e-09
2.895957968e-09
3.18927737e-09
3.470780237e-09
3.7356724e-09
3.981345813e-09
4.207141214e-09
4.412769568e-09
4.599000095e-09
4.764166058e-09
4.896606255e-09
6.102199513e-08
1.278141394e-07
2.36038823e-08
6.475802943e-09
1.530135958e-09
1.364635593e-07
4.749552802e-07
7.139027582e-08
1.870196953e-08
6.438232271e-09
1.898977624e-07
5.110657357e-07
6.9064711e-07
8.601116784e-08
2.928540023e-08
4.988896268e-07
1.86999543e-06
6.1567729e-06
5.84183083e-07
1.872325482e-07
8.323900022e-07
2.508598575e-06
5.753759932e-06
5.779305259e-07
1.593860565e-07
1.023488044e-06
2.351824297e-06
3.820566517e-06
5.534934542e-07
1.145486129e-07
1.096042547e-06
2.056062886e-06
2.829864495e-06
1.026864177e-06
1.726971076e-07
1.202717549e-06
2.172780617e-06
3.449268296e-06
4.832214262e-06
7.238086383e-07
1.373746476e-06
2.474033183e-06
4.100194015e-06
6.319547533e-06
1.07083967e-06
1.538998152e-06
2.628482817e-06
4.029282049e-06
5.406075844e-06
1.164101247e-06
1.654974602e-06
2.631772654e-06
3.714071952e-06
4.531797504e-06
1.509173659e-06
1.74583297e-06
2.641540267e-06
3.617081862e-06
4.498769956e-06
3.671853341e-06
1.85110223e-06
2.744325792e-06
3.80530884e-06
5.060368139e-06
6.069590048e-06
1.968092824e-06
2.859104897e-06
3.917791263e-06
5.11922614e-06
6.04899187e-06
2.077731217e-06
2.930967642e-06
3.896382136e-06
4.88745882e-06
5.497601899e-06
2.174994482e-06
2.96670924e-06
3.81685214e-06
4.625458973e-06
5.056189956e-06
2.272359534e-06
3.007222859e-06
3.784651008e-06
4.539987978e-06
5.071138461e-06
2.393659274e-06
3.101533156e-06
3.880379666e-06
4.721466907e-06
5.558889225e-06
2.552784499e-06
3.256394119e-06
4.060819763e-06
4.975376069e-06
5.95402986e-06
2.747448382e-06
3.448865017e-06
4.261806805e-06
5.185416762e-06
6.151193484e-06
2.964504668e-06
3.652688316e-06
4.447171344e-06
5.332297833e-06
6.222691614e-06
3.191204223e-06
3.852623892e-06
4.6089184e-06
5.435947028e-06
6.245215974e-06
3.42193317e-06
4.048909693e-06
4.761371921e-06
5.532863483e-06
6.277586395e-06
3.662347891e-06
4.256390794e-06
4.932639595e-06
5.665945666e-06
6.374699647e-06
3.925253179e-06
4.495193028e-06
5.15062002e-06
5.869234518e-06
6.572209305e-06
4.226123658e-06
4.784046269e-06
5.433085068e-06
6.153030757e-06
6.85892109e-06
4.578609839e-06
5.134317665e-06
5.787645346e-06
6.514156198e-06
7.209091407e-06
4.992851074e-06
5.554532399e-06
6.218941965e-06
6.949719475e-06
7.605420402e-06
5.480628763e-06
6.05602151e-06
6.734431423e-06
7.459083742e-06
8.028712991e-06
6.057000533e-06
6.652708043e-06
7.343971579e-06
8.037725684e-06
8.44659641e-06
6.744759745e-06
7.364614853e-06
8.054496135e-06
8.660113278e-06
8.795753554e-06
7.582198737e-06
8.212559946e-06
8.847918403e-06
9.24754174e-06
8.972310704e-06
8.605140015e-06
9.180477262e-06
9.626539802e-06
9.63779561e-06
8.84199569e-06
9.768731055e-06
1.011475848e-05
1.015124713e-05
9.614164069e-06
8.286734528e-06
1.072772487e-05
1.061743199e-05
1.010160082e-05
9.024494126e-06
7.289722337e-06
1.086444588e-05
1.02815564e-05
9.312410664e-06
7.870684081e-06
5.946985054e-06
9.995982684e-06
9.11963728e-06
7.89363965e-06
6.282982956e-06
4.436517453e-06
8.440048229e-06
7.417452645e-06
6.083157221e-06
4.521612027e-06
3.085482813e-06
6.494518487e-06
5.414779649e-06
4.156704189e-06
2.965546929e-06
2.016381157e-06
4.326205643e-06
3.407388282e-06
2.535108623e-06
1.803239378e-06
1.242621056e-06
2.415334681e-06
1.888690395e-06
1.414450955e-06
1.024294224e-06
7.238929973e-07
1.215136544e-06
9.651033718e-07
7.397216032e-07
5.51058673e-07
4.015355868e-07
5.778318856e-07
4.703771422e-07
3.709562049e-07
2.849750519e-07
2.143819341e-07
2.681196322e-07
2.237957917e-07
1.814851249e-07
1.436611984e-07
1.115549262e-07
1.235419346e-07
1.055021979e-07
8.781307595e-08
7.155835179e-08
5.739932924e-08
5.718304514e-08
4.990239203e-08
4.262170623e-08
3.580688085e-08
2.977490803e-08
2.697181587e-08
2.408602732e-08
2.116935243e-08
1.841591199e-08
1.596804658e-08
1.327921833e-08
1.218644792e-08
1.108469575e-08
1.005320905e-08
9.150847503e-09
7.097551742e-09
6.726338842e-09
6.360420339e-09
6.030655915e-09
5.759493534e-09
4.286101792e-09
4.189657087e-09
4.104649842e-09
4.047532674e-09
4.022415701e-09
2.954556145e-09
2.960254265e-09
2.98137947e-09
3.020999667e-09
3.084842855e-09
2.276708942e-09
2.318467516e-09
2.376339025e-09
2.454182481e-09
2.556346789e-09
1.901522128e-09
1.961212294e-09
2.039960759e-09
2.141210408e-09
2.268716263e-09
1.708710928e-09
1.78402768e-09
1.881013468e-09
2.002406895e-09
2.150968134e-09
1.657673234e-09
1.746860141e-09
1.859315004e-09
1.996808878e-09
2.160914079e-09
1.722438748e-09
1.821776815e-09
1.944848534e-09
2.092424629e-09
2.264960917e-09
1.877772359e-09
1.982342105e-09
2.11011653e-09
2.261008708e-09
2.434599239e-09
2.09850996e-09
2.203328302e-09
2.330101237e-09
2.478128174e-09
2.646400525e-09
2.361449474e-09
2.46236964e-09
2.583542514e-09
2.723897013e-09
2.882094441e-09
2.646970413e-09
2.741054875e-09
2.85346018e-09
2.98294604e-09
3.128037788e-09
2.939693184e-09
3.025207378e-09
3.127027113e-09
3.243867664e-09
3.374244506e-09
3.228302674e-09
3.304462282e-09
3.394934133e-09
3.498478298e-09
3.613682017e-09
3.505024375e-09
3.571763967e-09
3.650915006e-09
3.741327176e-09
3.841698947e-09
3.765313596e-09
3.823021565e-09
3.891369365e-09
3.969313438e-09
4.055677344e-09
4.006693355e-09
4.055990591e-09
4.114299861e-09
4.180686551e-09
4.254099631e-09
4.228557607e-09
4.270161283e-09
4.319296054e-09
4.375130667e-09
4.436732787e-09
4.430621313e-09
4.46524853e-09
4.506068238e-09
4.55234585e-09
4.603260267e-09
4.613640976e-09
4.641988841e-09
4.675326878e-09
4.713009259e-09
4.754317398e-09
4.775951094e-09
4.79871358e-09
4.825404383e-09
4.855461268e-09
4.88826181e-09
4.906100015e-09
4.924387297e-09
4.945757489e-09
4.969717185e-09
4.995722803e-09
1.924330769e-10
2.574631594e-11
4.296052236e-12
1.057104284e-12
3.859903556e-13
1.789854014e-13
9.59599518e-14
5.660520527e-14
3.509372182e-14
2.226451425e-14
1.424494101e-14
9.122891078e-15
5.820544731e-15
3.686161073e-15
2.31086217e-15
1.430808391e-15
8.736228316e-16
5.25379396e-16
3.109310295e-16
1.80965995e-16
1.035240784e-16
5.818304237e-17
3.211183238e-17
1.739580942e-17
9.246500035e-18
4.821440233e-18
2.466141016e-18
1.237510596e-18
6.093784023e-19
2.94576833e-19
1.398647708e-19
6.527340131e-20
2.997517008e-20
1.35689598e-20
6.071730486e-21
2.697110945e-21
1.195887497e-21
5.321777278e-22
2.383911598e-22
1.072915152e-22
4.816156145e-23
2.132901555e-23
9.213122454e-24
3.844638961e-24
1.539948184e-24
5.901745207e-25
2.163898295e-25
7.611048744e-26
2.582245571e-26
8.525963032e-27
2.776272863e-27
9.087899873e-28
3.06549922e-28
1.092593384e-28
4.167423172e-29
1.676035896e-29
6.701930215e-30
2.345148391e-30
5.030206905e-31
3.904746436e-32
1.236341514e-09
1.65113375e-10
2.82222706e-11
8.207055642e-12
3.792199802e-12
2.146694559e-12
1.27858058e-12
7.795033114e-13
4.733031044e-13
2.86704674e-13
1.720168785e-13
1.024816214e-13
6.060348355e-14
3.562027882e-14
2.081758677e-14
1.209765313e-14
6.988327767e-15
4.00933978e-15
2.282367577e-15
1.287449268e-15
7.186205205e-16
3.963957192e-16
2.1583422e-16
1.158690415e-16
6.127143409e-17
3.189299923e-17
1.633390204e-17
8.228453348e-18
4.076688081e-18
1.986170073e-18
9.517016478e-19
4.487296043e-19
2.084033694e-19
9.551463516e-20
4.333892351e-20
1.956336665e-20
8.838118673e-21
4.016560171e-21
1.838782217e-21
8.442727918e-22
3.850594363e-22
1.723529426e-22
7.485262193e-23
3.126916511e-23
1.249861373e-23
4.771071459e-24
1.741058479e-24
6.095409602e-25
2.059636399e-25
6.77601766e-26
2.19771273e-26
7.151718664e-27
2.388985231e-27
8.390646866e-28
3.141695074e-28
1.238977528e-28
4.865061101e-29
1.681404312e-29
3.790422077e-30
3.578355685e-31
6.551878945e-09
8.180908958e-10
1.205955101e-10
3.985206493e-11
2.130878964e-11
1.324680622e-11
8.335388081e-12
5.261751129e-12
3.262332829e-12
2.000175764e-12
1.201450431e-12
7.102772042e-13
4.121839279e-13
2.354354552e-13
1.324737943e-13
7.362594867e-14
4.052658002e-14
2.215044667e-14
1.2048995e-14
6.529074963e-15
3.523900595e-15
1.892268327e-15
1.009611491e-15
5.343823218e-16
2.801768705e-16
1.453426297e-16
7.452831921e-17
3.774358612e-17
1.886519374e-17
9.30078561e-18
4.521090792e-18
2.167125205e-18
1.025143935e-18
4.794797192e-19
2.225472794e-19
1.030743721e-19
4.793563998e-20
2.247434487e-20
1.060807131e-20
5.001472671e-21
2.326842531e-21
1.054419355e-21
4.604140359e-22
1.923053586e-22
7.655444313e-23
2.903968359e-23
1.052419929e-23
3.661417814e-24
1.230954562e-24
4.032855118e-25
1.301658808e-25
4.200284503e-26
1.38134637e-26
4.729897055e-27
1.711120331e-27
6.488037765e-28
2.449791657e-28
8.141436805e-29
1.799076356e-29
1.732838298e-30
5.09368232e-08
8.252775229e-09
8.808127172e-10
1.883958689e-10
9.354920187e-11
5.873470314e-11
3.802252941e-11
2.450209088e-11
1.557438028e-11
9.760738132e-12
6.00573889e-12
3.629911842e-12
2.14962113e-12
1.248327893e-12
7.099969965e-13
3.960692812e-13
2.168391235e-13
1.168345073e-13
6.21171135e-14
3.270445268e-14
1.710160447e-14
8.901183722e-15
4.616231559e-15
2.386000696e-15
1.228670734e-15
6.297659874e-16
3.209231104e-16
1.623892505e-16
8.149358043e-17
4.051995754e-17
1.994796301e-17
9.720929658e-18
4.691542476e-18
2.246395173e-18
1.07113502e-18
5.114623768e-19
2.459082431e-19
1.192523967e-19
5.805040642e-20
2.805651437e-20
1.327924913e-20
6.076241965e-21
2.662255646e-21
1.110349909e-21
4.399044041e-22
1.657818329e-22
5.967612437e-23
2.064343411e-23
6.911981539e-24
2.258234793e-24
7.266293658e-25
2.328753182e-25
7.539489609e-26
2.506737339e-26
8.668713992e-27
3.102998057e-27
1.101106009e-27
3.438985874e-28
7.230215005e-29
6.823489837e-30
6.894465352e-08
1.907692352e-08
3.234118137e-09
6.49277403e-10
2.996922706e-10
1.882085703e-10
1.247914528e-10
8.275299616e-11
5.445566564e-11
3.546397009e-11
2.278501367e-11
1.441722822e-11
8.960070506e-12
5.464439501e-12
3.262641782e-12
1.906834382e-12
1.089203075e-12
6.085316195e-13
3.324335164e-13
1.77953092e-13
9.349270353e-14
4.837981506e-14
2.472919199e-14
1.252918674e-14
6.309184385e-15
3.164490478e-15
1.582542078e-15
7.891803258e-16
3.922029261e-16
1.940718735e-16
9.55331861e-17
4.67588629e-17
2.276385874e-17
1.10440502e-17
5.361262264e-18
2.618427612e-18
1.291756341e-18
6.427590094e-19
3.198915632e-19
1.571321103e-19
7.509723276e-20
3.450667558e-20
1.511996405e-20
6.289993645e-21
2.482205012e-21
9.315205552e-22
3.341279842e-22
1.15309342e-22
3.856849425e-23
1.259723098e-23
4.048848324e-24
1.291193416e-24
4.123968721e-25
1.332820675e-25
4.390966339e-26
1.466302998e-26
4.786619873e-27
1.372530193e-27
2.691256083e-28
2.487534448e-29
6.795998715e-08
2.943279537e-08
8.392837892e-09
1.872101203e-09
7.609764463e-10
4.609465727e-10
3.089512356e-10
2.104613956e-10
1.436034624e-10
9.764728413e-11
6.591440635e-11
4.402952478e-11
2.902312585e-11
1.884051615e-11
1.201458429e-11
7.513924182e-12
4.599103269e-12
2.751600947e-12
1.60598849e-12
9.142132985e-13
5.071629518e-13
2.745465392e-13
1.450923954e-13
7.503316626e-14
3.804977128e-14
1.899374887e-14
9.365477317e-15
4.578347388e-15
2.225354667e-15
1.077850228e-15
5.209050291e-16
2.513725423e-16
1.212380433e-16
5.857793911e-17
2.848249878e-17
1.401247147e-17
6.991503427e-18
3.521446759e-18
1.770082213e-18
8.745409507e-19
4.184033506e-19
1.916695688e-19
8.350200082e-20
3.449535009e-20
1.35245836e-20
5.053616603e-21
1.810722216e-21
6.262363966e-22
2.103939577e-22
6.907422439e-23
2.22854418e-23
7.105059913e-24
2.250979543e-24
7.12073314e-25
2.250887823e-25
7.032968922e-26
2.096799945e-26
5.435749987e-27
9.788166776e-28
8.817614462e-29
8.255896541e-08
4.493580243e-08
1.828028054e-08
5.345352311e-09
1.715605074e-09
9.047553366e-10
5.918293972e-10
4.091074062e-10
2.872156965e-10
2.023957115e-10
1.423918388e-10
9.968596149e-11
6.926834212e-11
4.766976847e-11
3.242511896e-11
2.175288422e-11
1.435692513e-11
9.298764519e-12
5.89409383e-12
3.649115747e-12
2.201998307e-12
1.293497399e-12
7.384288841e-13
4.09448975e-13
2.204126791e-13
1.153599444e-13
5.877816202e-14
2.923096842e-14
1.423338903e-14
6.816486577e-15
3.226588902e-15
1.517241697e-15
7.12275324e-16
3.355640888e-16
1.596964671e-16
7.735854502e-17
3.825571569e-17
1.917922139e-17
9.611234671e-18
4.73225607e-18
2.252230721e-18
1.024438518e-18
4.423433503e-19
1.808322015e-19
7.014853265e-20
2.600003704e-20
9.286516694e-21
3.220295038e-21
1.090057784e-21
3.615156607e-22
1.177916488e-22
3.779615739e-23
1.19671964e-23
3.739686201e-24
1.147401203e-24
3.396804867e-25
9.31990241e-26
2.176790116e-26
3.564822565e-27
3.103592941e-28
1.899760335e-07
9.501118595e-08
4.402044583e-08
1.52730797e-08
4.386975436e-09
1.731556914e-09
9.971711849e-10
6.71025357e-10
4.739778357e-10
3.404257138e-10
2.457620914e-10
1.773748217e-10
1.275982129e-10
9.130867099e-11
6.489744346e-11
4.574890002e-11
3.193884483e-11
2.204745203e-11
1.501651773e-11
1.006419079e-11
6.616584253e-12
4.252640217e-12
2.662501094e-12
1.619096803e-12
9.542743837e-13
5.443971173e-13
3.002511641e-13
1.600230217e-13
8.244346392e-14
4.114422807e-14
1.994833161e-14
9.440085574e-15
4.389542042e-15
2.02333172e-15
9.338484592e-16
4.366679567e-16
2.089083511e-16
1.019679224e-16
5.005771209e-17
2.428154989e-17
1.143948836e-17
5.162243406e-18
2.212292781e-18
8.967160819e-19
3.443528643e-19
1.263852026e-19
4.485892691e-20
1.554624669e-20
5.290880112e-21
1.772397587e-21
5.845387989e-22
1.89661214e-22
6.044459598e-23
1.884316457e-23
5.68559175e-24
1.621537202e-24
4.166457678e-25
8.815877424e-26
1.290233472e-26
1.063978019e-27
2.170631151e-07
1.152576014e-07
6.409175091e-08
2.959323979e-08
9.938510009e-09
3.309583093e-09
1.600155061e-09
1.004189845e-09
6.999088019e-10
5.06390218e-10
3.715951136e-10
2.739895882e-10
2.020786694e-10
1.487105527e-10
1.090181342e-10
7.951680953e-11
5.764182998e-11
4.147988433e-11
2.959341675e-11
2.08985808e-11
1.457958645e-11
1.002448007e-11
6.775355765e-12
4.485765172e-12
2.897580729e-12
1.818997323e-12
1.104962547e-12
6.473419771e-13
3.65017082e-13
1.979502376e-13
1.032195614e-13
5.180585354e-14
2.51096502e-14
1.182863534e-14
5.464343887e-15
2.501949193e-15
1.150435019e-15
5.365044872e-16
2.524373101e-16
1.182150235e-16
5.435632882e-17
2.424248319e-17
1.035191861e-17
4.18955404e-18
1.600647007e-18
5.828367476e-19
2.053424166e-19
7.080938391e-20
2.406997079e-20
8.09103173e-21
2.689370033e-21
8.817547853e-22
2.838560297e-22
8.899342144e-23
2.67634527e-23
7.49697642e-24
1.851036843e-24
3.639577373e-25
4.781352025e-26
3.674308638e-27
2.162128002e-07
1.064687773e-07
6.968441849e-08
3.977400743e-08
1.782383858e-08
6.206159228e-09
2.554800658e-09
1.453442717e-09
9.794991384e-10
7.056967964e-10
5.220183318e-10
3.904396284e-10
2.932497936e-10
2.203833488e-10
1.653696175e-10
1.237235551e-10
9.219291566e-11
6.835595431e-11
5.038093826e-11
3.68719716e-11
2.675528703e-11
1.922518617e-11
1.36505791e-11
9.554050911e-12
6.572567871e-12
4.430074774e-12
2.915885338e-12
1.86689294e-12
1.157544702e-12
6.919961089e-13
3.97207894e-13
2.1832005e-13
1.148669795e-13
5.798180073e-14
2.820792177e-14
1.330854944e-14
6.130182031e-15
2.782444946e-15
1.253660445e-15
5.608693326e-16
2.472155601e-16
1.066595165e-16
4.48408342e-17
1.820574938e-17
7.028732935e-18
2.567756888e-18
9.009984276e-19
3.087184233e-19
1.042932728e-19
3.48954787e-20
1.158362471e-20
3.810087356e-21
1.235191601e-21
3.903783033e-22
1.180185656e-22
3.300566108e-23
8.030119395e-24
1.519235312e-24
1.844668699e-25
1.307632617e-26
2.826539981e-07
1.085682471e-07
7.441656113e-08
4.803758215e-08
2.646270841e-08
1.121928017e-08
4.32509121e-09
2.142451185e-09
1.353426336e-09
9.562704691e-10
7.064397145e-10
5.321284036e-10
4.044593184e-10
3.08578664e-10
2.356038902e-10
1.796857784e-10
1.367142518e-10
1.036550638e-10
7.828876482e-11
5.884572823e-11
4.396235907e-11
3.259717197e-11
2.394908705e-11
1.740104106e-11
1.247636627e-11
8.805686901e-12
6.101640705e-12
4.139032915e-12
2.739831651e-12
1.763579775e-12
1.099865063e-12
6.618936436e-13
3.827139463e-13
2.119085067e-13
1.122437381e-13
5.695791395e-14
2.775341253e-14
1.300416872e-14
5.876052811e-15
2.575148519e-15
1.101275435e-15
4.59683206e-16
1.870662528e-16
7.430153563e-17
2.875524104e-17
1.072063121e-17
3.817219343e-18
1.307223183e-18
4.374774964e-19
1.447598042e-19
4.76109502e-20
1.557028335e-20
5.042207486e-21
1.599408243e-21
4.868765019e-22
1.372014979e-22
3.354938791e-23
6.309164361e-24
7.389332928e-25
4.875029978e-26
6.878699823e-07
1.878974787e-07
1.03976795e-07
6.48099394e-08
3.87616765e-08
2.006554582e-08
8.275479959e-09
3.4966548e-09
1.923137023e-09
1.282514891e-09
9.310506606e-10
6.999780227e-10
5.349165376e-10
4.11977309e-10
3.182475156e-10
2.46174943e-10
1.904215035e-10
1.470646709e-10
1.132763865e-10
8.69356975e-11
6.639572286e-11
5.039437958e-11
3.795830122e-11
2.832888041e-11
2.091104627e-11
1.523617656e-11
1.093383204e-11
7.70948114e-12
5.327353097e-12
3.597720879e-12
2.367560681e-12
1.513565414e-12
9.368939983e-13
5.596411951e-13
3.216046853e-13
1.773648725e-13
9.366553187e-14
4.724371648e-14
2.270155285e-14
1.037018504e-14
4.513980182e-15
1.884812837e-15
7.593122158e-16
2.963359186e-16
1.125872517e-16
4.181981874e-17
1.513094335e-17
5.291155586e-18
1.783766293e-18
5.852236333e-19
1.8956556e-19
6.11514464e-20
1.962028781e-20
6.198820639e-21
1.89061894e-21
5.374077815e-22
1.33502009e-22
2.559286643e-23
3.023691977e-24
1.919584199e-25
1.203811405e-06
2.68601422e-07
1.275926029e-07
8.141869199e-08
5.122268133e-08
3.017199062e-08
1.522954468e-08
6.453145442e-09
2.982553773e-09
1.743304826e-09
1.193305047e-09
8.774082935e-10
6.652445163e-10
5.134824692e-10
3.982062885e-10
3.11896812e-10
2.44722218e-10
1.919516273e-10
1.502716077e-10
1.172741489e-10
9.113405182e-11
7.044131335e-11
5.408991603e-11
4.120530515e-11
3.109323932e-11
2.320052489e-11
1.708486613e-11
1.239059577e-11
8.829962135e-12
6.16863223e-12
4.21438475e-12
2.808725515e-12
1.821237942e-12
1.145871497e-12
6.977082525e-13
4.100329296e-13
2.319204644e-13
1.258184555e-13
6.518565631e-14
3.211967899e-14
1.49911792e-14
6.616243067e-15
2.765888559e-15
1.098937885e-15
4.189290487e-16
1.546428827e-16
5.56021536e-17
1.957369076e-17
6.731828018e-18
2.246875819e-18
7.286688416e-19
2.318515498e-19
7.304019898e-20
2.274430775e-20
6.888185171e-21
1.963849176e-21
4.970343604e-22
9.915394434e-23
1.234799801e-23
7.952292044e-25
1.408684221e-06
3.099148446e-07
1.288035599e-07
8.697443007e-08
5.933981046e-08
3.835250007e-08
2.27747177e-08
1.168165223e-08
5.239780505e-09
2.555957835e-09
1.509214991e-09
1.025979591e-09
7.529230171e-10
5.752570182e-10
4.451297359e-10
3.507131091e-10
2.775010638e-10
2.199722921e-10
1.74315695e-10
1.378689033e-10
1.086946322e-10
8.532810691e-11
6.663017726e-11
5.169563018e-11
3.979767685e-11
3.034999147e-11
2.288166348e-11
1.701701202e-11
1.245550889e-11
8.952602656e-12
6.304273343e-12
4.339401089e-12
2.913849265e-12
1.905080109e-12
1.210371423e-12
7.457237697e-13
4.4444805e-13
2.554920968e-13
1.411476403e-13
7.460830107e-14
3.754536386e-14
1.788901623e-14
8.038398162e-15
3.401433251e-15
1.358883586e-15
5.160517901e-16
1.878472419e-16
6.615126858e-17
2.275360104e-17
7.673794602e-18
2.531492441e-18
8.135072251e-19
2.54861592e-19
7.807984159e-20
2.328326967e-20
6.612970992e-21
1.703849617e-21
3.589631139e-22
4.915056773e-23
3.396825936e-24
1.566200342e-06
3.580183893e-07
1.281925167e-07
8.486295981e-08
6.230313656e-08
4.371688273e-08
2.886378301e-08
1.754080328e-08
9.380149838e-09
4.377775881e-09
2.090654735e-09
1.171854592e-09
7.679949982e-10
5.584039928e-10
4.25653261e-10
3.328260284e-10
2.637678351e-10
2.105005627e-10
1.684935073e-10
1.349206883e-10
1.07880699e-10
8.601306415e-11
6.829890376e-11
5.39496801e-11
4.233973409e-11
3.296707449e-11
2.542514338e-11
1.938233703e-11
1.456901847e-11
1.077028257e-11
7.813209097e-12
5.548674722e-12
3.847397221e-12
2.600100031e-12
1.710515238e-12
1.093708155e-12
6.78732601e-13
4.081654804e-13
2.3723059e-13
1.327804483e-13
7.125303442e-14
3.647184574e-14
1.770838805e-14
8.113678692e-15
3.493295921e-15
1.411952484e-15
5.380675551e-16
1.950213838e-16
6.796196529e-17
2.300606692e-17
7.621130118e-18
2.472349458e-18
7.820244606e-19
2.407330771e-19
7.18559684e-20
2.049290967e-20
5.38301176e-21
1.200658431e-21
1.847000795e-22
1.448372225e-23
2.027611704e-06
4.859573293e-07
1.525273656e-07
8.798189821e-08
6.510880797e-08
4.798147411e-08
3.390997839e-08
2.269537262e-08
1.417756499e-08
7.889154193e-09
3.681025856e-09
1.585019064e-09
7.95512762e-10
4.933173049e-10
3.499111764e-10
2.655216214e-10
2.082948254e-10
1.662929105e-10
1.340052735e-10
1.084779461e-10
8.794371909e-11
7.125032895e-11
5.759331603e-11
4.638067293e-11
3.715948094e-11
2.957384533e-11
2.334010308e-11
1.823029111e-11
1.405952912e-11
1.067913101e-11
7.969801465e-12
5.830850328e-12
4.173174756e-12
2.915077148e-12
1.983483645e-12
1.313004572e-12
8.446048349e-13
5.274231115e-13
3.192655303e-13
1.869841966e-13
1.056659518e-13
5.736493343e-14
2.975877586e-14
1.466979936e-14
6.833777631e-15
2.993275211e-15
1.228867793e-15
4.728562846e-16
1.714576842e-16
5.9261227e-17
1.978689812e-17
6.450594508e-18
2.060974055e-18
6.436663151e-19
1.951714601e-19
5.670472941e-20
1.534077431e-20
3.620377242e-21
6.279560112e-22
5.79806201e-23
3.503487656e-06
8.604816774e-07
2.415510122e-07
1.130377248e-07
7.61588005e-08
5.552219995e-08
4.009528488e-08
2.807320081e-08
1.886753076e-08
1.195177005e-08
6.688867992e-09
2.947626552e-09
1.085754604e-09
4.811049012e-10
2.828036292e-10
1.963483601e-10
1.477132941e-10
1.157767598e-10
9.277549833e-11
7.524930344e-11
6.142301488e-11
5.027788832e-11
4.117003514e-11
3.366077148e-11
2.743390966e-11
2.225135825e-11
1.792896923e-11
1.432240644e-11
1.131811984e-11
8.826614052e-12
6.775760428e-12
5.106253479e-12
3.76820926e-12
2.716829073e-12
1.909962584e-12
1.307999007e-12
8.720646093e-13
5.651879121e-13
3.554620175e-13
2.166117237e-13
1.276512944e-13
7.259974278e-14
3.972575938e-14
2.080037856e-14
1.03595993e-14
4.880061578e-15
2.1628359e-15
8.980530527e-16
3.487396232e-16
1.270339774e-16
4.381014296e-17
1.451366386e-17
4.683277864e-18
1.480940309e-18
4.574518476e-19
1.364171744e-19
3.831989907e-20
9.612962587e-21
1.875832996e-21
2.095160931e-22
5.496488382e-06
1.42804208e-06
3.856682785e-07
1.531953782e-07
9.354951617e-08
6.653041319e-08
4.814296754e-08
3.436390204e-08
2.392917057e-08
1.604314185e-08
1.003642864e-08
5.337293642e-09
2.054012646e-09
6.588968111e-10
2.76000045e-10
1.581752798e-10
1.079587386e-10
8.024877916e-11
6.23359665e-11
4.95989843e-11
4.003284786e-11
3.258660455e-11
2.664808893e-11
2.183488666e-11
1.789052863e-11
1.462959374e-11
1.191619107e-11
9.649021303e-12
7.751002711e-12
6.162879329e-12
4.838480803e-12
3.741247039e-12
2.841622694e-12
2.114757502e-12
1.538486461e-12
1.09214996e-12
7.555572528e-13
5.086448594e-13
3.328024492e-13
2.112711868e-13
1.298181932e-13
7.702185605e-14
4.402223912e-14
2.41926424e-14
1.272632648e-14
6.367737795e-15
3.013070901e-15
1.341189461e-15
5.591466166e-16
2.178688695e-16
7.952246433e-17
2.742967683e-17
9.071236542e-18
2.916857567e-18
9.175555554e-19
2.808663308e-19
8.205182018e-20
2.187653138e-20
4.750603272e-21
6.439386168e-22
6.40635401e-06
1.82667143e-06
5.083775967e-07
1.838642834e-07
1.047729104e-07
7.481936426e-08
5.533817039e-08
4.051710449e-08
2.90445387e-08
2.018774538e-08
1.333010092e-08
7.965685566e-09
3.762269483e-09
1.194192171e-09
3.655908996e-10
1.592481953e-10
9.244222385e-11
6.23994141e-11
4.545883035e-11
3.452553637e-11
2.688055107e-11
2.126286796e-11
1.699654086e-11
1.368030657e-11
1.105653611e-11
8.948924421e-12
7.242946588e-12
5.849313001e-12
4.704223173e-12
3.760423722e-12
2.982613849e-12
2.342110905e-12
1.816366819e-12
1.387618085e-12
1.041516037e-12
7.661030458e-13
5.509323264e-13
3.864368279e-13
2.637928648e-13
1.748362526e-13
1.122311584e-13
6.961729162e-14
4.161647026e-14
2.390221323e-14
1.31611545e-14
6.924199196e-15
3.461308677e-15
1.634897731e-15
7.260177409e-16
3.018903509e-16
1.173595026e-16
4.278608939e-17
1.476765362e-17
4.8945022e-18
1.577429487e-18
4.960296787e-19
1.504791117e-19
4.24423652e-20
1.009885874e-20
1.624512854e-21
6.653565839e-06
2.083567608e-06
6.072176158e-07
2.077916492e-07
1.09199331e-07
7.793944148e-08
5.966726936e-08
4.523330685e-08
3.349748063e-08
2.406965429e-08
1.656140898e-08
1.058133319e-08
5.810079698e-09
2.295624991e-09
6.338701268e-10
2.072591764e-10
9.818507774e-11
5.861628113e-11
3.922457608e-11
2.784276434e-11
2.045785046e-11
1.537066768e-11
1.172897971e-11
9.051948481e-12
7.044743228e-12
5.515297076e-12
4.334454468e-12
3.413783728e-12
2.691066023e-12
2.120546742e-12
1.667648408e-12
1.308414077e-12
1.021976925e-12
7.926790973e-13
6.087755917e-13
4.613670027e-13
3.436667382e-13
2.506772485e-13
1.784484272e-13
1.235776212e-13
8.298790154e-14
5.38889322e-14
3.37410314e-14
2.030180154e-14
1.169982263e-14
6.442699914e-15
3.380542006e-15
1.682066682e-15
7.895882615e-16
3.481576232e-16
1.437666507e-16
5.559345224e-17
2.023209763e-17
7.003853454e-18
2.336760848e-18
7.581450613e-19
2.385320549e-19
7.074886571e-20
1.818896636e-20
3.36996807e-21
6.66057047e-06
2.304484486e-06
7.045925883e-07
2.357338985e-07
1.132260642e-07
7.827105764e-08
6.14267741e-08
4.817316187e-08
3.686246443e-08
2.73647913e-08
1.954132454e-08
1.317549986e-08
8.0337106e-09
3.917873469e-09
1.261787388e-09
3.461459759e-10
1.29039743e-10
6.610367531e-11
4.032854301e-11
2.67469609e-11
1.852264749e-11
1.315411415e-11
9.496366158e-12
6.936263527e-12
5.111342029e-12
3.792585893e-12
2.827938554e-12
2.116882252e-12
1.59128637e-12
1.201836869e-12
9.12761559e-13
6.978281391e-13
5.371983111e-13
4.157725207e-13
3.221359559e-13
2.487891637e-13
1.903263758e-13
1.433728756e-13
1.058458787e-13
7.626482335e-14
5.340581484e-14
3.621466175e-14
2.370182383e-14
1.492107458e-14
9.002790968e-15
5.19010263e-15
2.852323897e-15
1.489862082e-15
7.362618403e-16
3.426999101e-16
1.497427748e-16
6.134762329e-17
2.362267276e-17
8.610485181e-18
3.002476287e-18
1.011444544e-18
3.300297044e-19
1.023091348e-19
2.807420321e-20
5.810361766e-21
6.616758379e-06
2.584709047e-06
8.288595739e-07
2.780418476e-07
1.23370832e-07
7.997651291e-08
6.253323844e-08
5.011102528e-08
3.935285192e-08
3.005583291e-08
2.217864591e-08
1.560828154e-08
1.019977875e-08
5.808032029e-09
2.452808142e-09
6.897668843e-10
2.051434769e-10
8.697605755e-11
4.752476272e-11
2.94895682e-11
1.943690172e-11
1.321089001e-11
9.130488608e-12
6.369635028e-12
4.466999423e-12
3.141747295e-12
2.212885815e-12
1.559381776e-12
1.099212274e-12
7.767765705e-13
5.523872027e-13
3.971820892e-13
2.903364106e-13
2.165062434e-13
1.645338611e-13
1.267006932e-13
9.799853055e-14
7.542130013e-14
5.723427016e-14
4.259592298e-14
3.089804114e-14
2.174578417e-14
1.479801271e-14
9.699912559e-15
6.101247294e-15
3.670530776e-15
2.106477921e-15
1.15073814e-15
5.965238642e-16
2.921882845e-16
1.34754936e-16
5.841289537e-17
2.381965823e-17
9.176746856e-18
3.364579273e-18
1.183291463e-18
4.00798167e-19
1.291408098e-19
3.739063501e-20
8.389406777e-21
6.60994396e-06
3.01887745e-06
1.016014075e-06
3.470307424e-07
1.452013331e-07
8.674702032e-08
6.52704312e-08
5.232405885e-08
4.165295393e-08
3.248243494e-08
2.463557234e-08
1.798404859e-08
1.241305684e-08
7.809557637e-09
4.059859212e-09
1.444908429e-09
3.92136608e-10
1.334483786e-10
6.295805617e-11
3.606478988e-11
2.265223421e-11
1.486282643e-11
9.964151616e-12
6.749614561e-12
4.589992436e-12
3.120137273e-12
2.113498558e-12
1.42337369e-12
9.517551913e-13
6.322505356e-13
4.188033934e-13
2.782015833e-13
1.868691347e-13
1.283203018e-13
9.089517138e-14
6.656774754e-14
5.010507582e-14
3.831589667e-14
2.937633576e-14
2.231495218e-14
1.663236087e-14
1.20718485e-14
8.487895327e-15
5.761197805e-15
3.755511506e-15
2.342898261e-15
1.396010141e-15
7.928062433e-16
4.283235685e-16
2.195205251e-16
1.063554213e-16
4.859421579e-17
2.093476502e-17
8.521875091e-18
3.291241133e-18
1.211672842e-18
4.263230178e-19
1.421256337e-19
4.29312907e-20
1.016504028e-20
6.708742338e-06
3.674509624e-06
1.290853729e-06
4.502349371e-07
1.807936362e-07
9.941056788e-08
7.056838186e-08
5.551645663e-08
4.431932659e-08
3.498195885e-08
2.707025673e-08
2.033191357e-08
1.461839352e-08
9.833181093e-09
5.899012144e-09
2.765223232e-09
8.608484041e-10
2.442848374e-10
9.381295319e-11
4.770158446e-11
2.819341547e-11
1.786316766e-11
1.169641091e-11
7.776800649e-12
5.200457158e-12
3.476822973e-12
2.314064136e-12
1.528026875e-12
9.978122296e-13
6.421427959e-13
4.071361225e-13
2.55342968e-13
1.593503117e-13
9.98797941e-14
6.374792667e-14
4.204914322e-14
2.893475107e-14
2.075165673e-14
1.534503898e-14
1.151515482e-14
8.630849125e-15
6.377335407e-15
4.599703328e-15
3.214432343e-15
2.162896318e-15
1.392944874e-15
8.574188242e-16
5.031224009e-16
2.810257947e-16
1.493423501e-16
7.539934511e-17
3.605028434e-17
1.629028478e-17
6.959470608e-18
2.815755911e-18
1.080753069e-18
3.934935811e-19
1.34820461e-19
4.190889901e-20
1.022865802e-20
6.93302996e-06
4.379201245e-06
1.609386624e-06
5.77303863e-07
2.271045422e-07
1.162924868e-07
7.781078287e-08
5.963021533e-08
4.747172472e-08
3.7762122e-08
2.964778999e-08
2.275915463e-08
1.688239241e-08
1.19038327e-08
7.749545707e-09
4.364444339e-09
1.817596124e-09
5.182455903e-10
1.592742333e-10
6.819635722e-11
3.685729626e-11
2.235133591e-11
1.429010246e-11
9.361926201e-12
6.196826132e-12
4.110661139e-12
2.717822708e-12
1.78340772e-12
1.157184342e-12
7.398439181e-13
4.643656928e-13
2.856829383e-13
1.725793545e-13
1.028179699e-13
6.090079226e-14
3.631934205e-14
2.21675583e-14
1.406579079e-14
9.356219453e-15
6.502479258e-15
4.658196587e-15
3.378438347e-15
2.438570824e-15
1.72752736e-15
1.188324833e-15
7.87396637e-16
4.996959672e-16
3.023724938e-16
1.740159774e-16
9.515597575e-17
4.95587735e-17
2.452555278e-17
1.149971513e-17
5.100228549e-18
2.138982424e-18
8.471523662e-19
3.158330371e-19
1.098006802e-19
3.443507377e-20
8.400254577e-21
7.213316384e-06
4.891327468e-06
1.88061756e-06
6.967147357e-07
2.739240486e-07
1.334726817e-07
8.507863598e-08
6.371950073e-08
5.065120385e-08
4.06458667e-08
3.231548847e-08
2.525545153e-08
1.92084542e-08
1.404461991e-08
9.68750697e-09
6.073296964e-09
3.139629624e-09
1.11772962e-09
3.091300263e-10
1.073700809e-10
5.091058846e-11
2.89634225e-11
1.793957773e-11
1.155365999e-11
7.572916989e-12
4.995377956e-12
3.29335114e-12
2.159275155e-12
1.402088964e-12
8.982381575e-13
5.655309592e-13
3.486776426e-13
2.102134809e-13
1.239621309e-13
7.164898995e-14
4.081137739e-14
2.31237749e-14
1.321025649e-14
7.733514564e-15
4.708562532e-15
3.003530897e-15
1.998817284e-15
1.368059765e-15
9.451567096e-16
6.47446829e-16
4.333895605e-16
2.804518352e-16
1.74077336e-16
1.030876316e-16
5.807654511e-17
3.109122431e-17
1.579774142e-17
7.607820903e-18
3.464952828e-18
1.488459368e-18
6.009508135e-19
2.264709626e-19
7.86386406e-20
2.424392833e-20
5.595746859e-21
7.480614683e-06
5.133929791e-06
2.062131682e-06
7.923841302e-07
3.158728458e-07
1.493578594e-07
9.149266526e-08
6.717903314e-08
5.341825866e-08
4.330235606e-08
3.491542305e-08
2.772160132e-08
2.152295326e-08
1.618620197e-08
1.163496605e-08
7.813064358e-09
4.674522925e-09
2.187730617e-09
6.859826836e-10
1.979928878e-10
7.705343237e-11
3.928582205e-11
2.310016585e-11
1.449613503e-11
9.3740659e-12
6.141415211e-12
4.037990014e-12
2.648105293e-12
1.723960686e-12
1.109580137e-12
7.033146209e-13
4.37280474e-13
2.65833477e-13
1.578159249e-13
9.145062867e-14
5.176886883e-14
2.872338697e-14
1.571390225e-14
8.554886564e-15
4.693352151e-15
2.633342191e-15
1.531450832e-15
9.29188465e-16
5.856755738e-16
3.781867038e-16
2.455881718e-16
1.575370216e-16
9.841051762e-17
5.926136226e-17
3.414584479e-17
1.873081036e-17
9.748841553e-18
4.802118392e-18
2.234049049e-18
9.778985301e-19
4.000644903e-19
1.514623316e-19
5.216490652e-20
1.540839034e-20
3.292439344e-21
7.699342924e-06
5.143525078e-06
2.146819342e-06
8.547792071e-07
3.479923163e-07
1.622948434e-07
9.638527171e-08
6.955927246e-08
5.537000186e-08
4.540539997e-08
3.716802323e-08
2.99866994e-08
2.371623653e-08
1.826064101e-08
1.355547408e-08
9.551301893e-09
6.207659957e-09
3.494582336e-09
1.465279313e-09
4.251373498e-10
1.324260283e-10
5.691034007e-11
3.065788851e-11
1.846387468e-11
1.170218476e-11
7.590909167e-12
4.969913787e-12
3.257438684e-12
2.125334716e-12
1.374177495e-12
8.769568523e-13
5.501938709e-13
3.380505241e-13
2.02897762e-13
1.188230636e-13
6.783929565e-14
3.776673841e-14
2.054250477e-14
1.095682181e-14
5.763073891e-15
3.013956451e-15
1.584710189e-15
8.486933663e-16
4.684761585e-16
2.680928409e-16
1.584252477e-16
9.540342189e-17
5.754572713e-17
3.419618578e-17
1.974242712e-17
1.095518942e-17
5.79554671e-18
2.904917347e-18
1.372324158e-18
6.077207323e-19
2.502486567e-19
9.470630776e-20
3.189376542e-20
8.741569664e-21
1.751010613e-21
7.834166457e-06
4.972383635e-06
2.148683176e-06
8.860547024e-07
3.702094473e-07
1.723472098e-07
9.998630287e-08
7.100327753e-08
5.648564457e-08
4.682247111e-08
3.890760019e-08
3.191740925e-08
2.568501149e-08
2.019391537e-08
1.540125013e-08
1.127075631e-08
7.767790952e-09
4.858545546e-09
2.516654537e-09
9.096307583e-10
2.543981542e-10
8.881867118e-11
4.214983017e-11
2.390820831e-11
1.472805555e-11
9.420562499e-12
6.126744642e-12
4.006637435e-12
2.616421717e-12
1.697445926e-12
1.089380549e-12
6.888991695e-13
4.275285963e-13
2.59506215e-13
1.537678647e-13
8.883108531e-14
4.998525507e-14
2.739307142e-14
1.46367407e-14
7.641029795e-15
3.909885709e-15
1.970510052e-15
9.850380078e-16
4.931251607e-16
2.500734954e-16
1.298166217e-16
6.934802273e-17
3.800852179e-17
2.113217689e-17
1.172707883e-17
6.384951629e-18
3.359531855e-18
1.687790251e-18
8.012021364e-19
3.556796989e-19
1.460532408e-19
5.411843511e-20
1.726493122e-20
4.29607877e-21
8.658857048e-22
7.852760127e-06
4.688579283e-06
2.088675211e-06
8.901667607e-07
3.821263636e-07
1.789941111e-07
1.022065834e-07
7.156765759e-08
5.679890995e-08
4.750516381e-08
4.004177437e-08
3.338352666e-08
2.732803686e-08
2.189934251e-08
1.709570103e-08
1.289826013e-08
9.283444721e-09
6.22863937e-09
3.713570953e-09
1.728029758e-09
5.407875046e-10
1.576901247e-10
6.224496129e-11
3.196121294e-11
1.880516193e-11
1.17656253e-11
7.569082721e-12
4.925731825e-12
3.213223754e-12
2.088410584e-12
1.345963754e-12
8.566262087e-13
5.362180061e-13
3.288639562e-13
1.970851889e-13
1.152109286e-13
6.559857223e-14
3.634252544e-14
1.958594998e-14
1.027365165e-14
5.250354071e-15
2.618067558e-15
1.276746815e-15
6.111844221e-16
2.888639684e-16
1.359417314e-16
6.437900296e-17
3.09979121e-17
1.526792813e-17
7.676428211e-18
3.893030722e-18
1.956468559e-18
9.561911079e-19
4.462606011e-19
1.956139202e-19
7.838428006e-20
2.77016247e-20
8.182363227e-21
1.908199319e-21
4.480579567e-22
7.716718102e-06
4.351424204e-06
1.990143093e-06
8.749238926e-07
3.860626568e-07
1.829281914e-07
1.033481763e-07
7.141238694e-08
5.642667515e-08
4.748759197e-08
4.053638628e-08
3.431418418e-08
2.856529391e-08
2.329994598e-08
1.856964266e-08
1.437404484e-08
1.070419599e-08
7.546504637e-09
4.889524419e-09
2.72899079e-09
1.127803326e-09
3.265792808e-10
1.03819159e-10
4.542031059e-11
2.464913193e-11
1.485195318e-11
9.384675216e-12
6.056481621e-12
3.938620501e-12
2.560579272e-12
1.65499101e-12
1.058667955e-12
6.674985436e-13
4.131646497e-13
2.50220587e-13
1.479038429e-13
8.515722658e-14
4.769596274e-14
2.596800294e-14
1.373738083e-14
7.059720646e-15
3.524341246e-15
1.709262731e-15
8.056248395e-16
3.694240541e-16
1.652374995e-16
7.244540702e-17
3.138547054e-17
1.358822067e-17
5.947193672e-18
2.649336771e-18
1.19826972e-18
5.425838513e-19
2.405524092e-19
1.007301895e-19
3.822435611e-20
1.261026542e-20
3.501305334e-21
8.541975228e-22
2.889985686e-22
7.379672065e-06
3.994155747e-06
1.868682741e-06
8.452060354e-07
3.828405461e-07
1.840143906e-07
1.034064071e-07
7.064223264e-08
5.550283526e-08
4.686749207e-08
4.043191358e-08
3.470934141e-08
2.935641797e-08
2.435849313e-08
1.978434841e-08
1.566337771e-08
1.200270488e-08
8.801859187e-09
6.056576449e-09
3.761120478e-09
1.917668793e-09
6.800827362e-10
1.917870303e-10
6.877429369e-11
3.322518844e-11
1.89693605e-11
1.168653546e-11
7.451796608e-12
4.821253046e-12
3.131219367e-12
2.027462255e-12
1.302169874e-12
8.260006987e-13
5.153258584e-13
3.149569677e-13
1.880321051e-13
1.094228287e-13
6.195456767e-14
3.408384004e-14
1.820133585e-14
9.426934329e-15
4.731198872e-15
2.298489703e-15
1.079480208e-15
4.894071784e-16
2.139310118e-16
9.012792206e-17
3.663644437e-17
1.442232549e-17
5.54555067e-18
2.113534667e-18
8.129120568e-19
3.194548583e-19
1.263223478e-19
4.816279931e-20
1.685976819e-20
5.252164124e-21
1.49088438e-21
4.713850802e-22
2.63859878e-22
6.777244429e-06
3.59377284e-06
1.719038539e-06
7.991617954e-07
3.716434573e-07
1.818642904e-07
1.022765799e-07
6.926809852e-08
5.40963879e-08
4.573589303e-08
3.979240655e-08
3.459604334e-08
2.96959988e-08
2.50479431e-08
2.070328754e-08
1.672465967e-08
1.313320772e-08
9.941684603e-09
7.155644011e-09
4.777569758e-09
2.810574947e-09
1.2728071e-09
3.903065034e-10
1.166718687e-10
4.759816516e-11
2.48720128e-11
1.471917882e-11
9.210047383e-12
5.906921395e-12
3.823977329e-12
2.476698772e-12
1.595130553e-12
1.016707645e-12
6.385660015e-13
3.935669754e-13
2.372178814e-13
1.394728531e-13
7.981215959e-14
4.436964368e-14
2.392790374e-14
1.250125756e-14
6.318548844e-15
3.084135795e-15
1.450506247e-15
6.555029581e-16
2.837687953e-16
1.172037648e-16
4.596366755e-17
1.704434487e-17
5.964996962e-18
1.978987854e-18
6.337737667e-19
2.015836359e-19
6.520293832e-20
2.144251099e-20
6.958172644e-21
2.203258892e-21
7.65362662e-22
3.890465889e-22
3.143570996e-22
5.862532791e-06
3.103274073e-06
1.522966982e-06
7.291426723e-07
3.489777082e-07
1.747868302e-07
9.93034765e-08
6.718036042e-08
5.228659741e-08
4.422088889e-08
3.872981727e-08
3.405003256e-08
2.962738037e-08
2.537341303e-08
2.132075299e-08
1.754056318e-08
1.40718512e-08
1.093905974e-08
8.157730117e-09
5.735962357e-09
3.681188435e-09
2.00833521e-09
7.987930608e-10
2.295648513e-10
7.602253719e-11
3.445566593e-11
1.901623949e-11
1.151779113e-11
7.274454083e-12
4.677383921e-12
3.023660127e-12
1.949979923e-12
1.247545225e-12
7.881151338e-13
4.894840012e-13
2.976946829e-13
1.767559161e-13
1.022029629e-13
5.741612513e-14
3.127919919e-14
1.649590045e-14
8.406053306e-15
4.129668332e-15
1.950392251e-15
8.826522225e-16
3.80931797e-16
1.557358595e-16
5.982621171e-17
2.138130442e-17
7.028018417e-18
2.102602298e-18
5.684067065e-19
1.402272022e-19
3.391764291e-20
9.260040246e-21
2.958924051e-21
1.117143851e-21
5.828998463e-22
4.444056968e-22
4.17140768e-22
4.742803359e-06
2.536160632e-06
1.281709479e-06
6.336257093e-07
3.131716458e-07
1.615889254e-07
9.373368617e-08
6.397240102e-08
4.990515928e-08
4.230338297e-08
3.728662351e-08
3.312154932e-08
2.918856332e-08
2.535555841e-08
2.164168084e-08
1.810564345e-08
1.48068842e-08
1.17791708e-08
9.047755259e-09
6.629077059e-09
4.534109085e-09
2.773174016e-09
1.363668883e-09
4.609840398e-10
1.327331854e-10
5.022001439e-11
2.509220806e-11
1.453282843e-11
8.991871685e-12
5.728649614e-12
3.69123412e-12
2.381465349e-12
1.528173594e-12
9.703117265e-13
6.068606192e-13
3.722488418e-13
2.231402984e-13
1.303459774e-13
7.400398334e-14
4.074171434e-14
2.170339856e-14
1.116233285e-14
5.527816826e-15
2.628006784e-15
1.194648378e-15
5.160972685e-16
2.101580291e-16
7.981497017e-17
2.787765298e-17
8.795793158e-18
2.443186604e-18
5.7391296e-19
1.089789836e-19
1.86788259e-20
4.266094901e-21
1.537536031e-21
8.288260197e-22
6.275750168e-22
5.744046734e-22
5.637816311e-22
3.666517934e-06
1.984799323e-06
1.031462768e-06
5.262104752e-07
2.688877268e-07
1.435442446e-07
8.572169506e-08
5.958040694e-08
4.69068261e-08
3.998398705e-08
3.549712575e-08
3.185508986e-08
2.841941922e-08
2.502449121e-08
2.167572826e-08
1.84209331e-08
1.533106297e-08
1.244743663e-08
9.803559494e-09
7.423354755e-09
5.322538078e-09
3.514230594e-09
2.015221476e-09
8.700875299e-10
2.600740587e-10
8.160149777e-11
3.505999829e-11
1.88162897e-11
1.125090954e-11
7.058167394e-12
4.518899304e-12
2.911366332e-12
1.871618616e-12
1.193400661e-12
7.510428538e-13
4.643971184e-13
2.809679044e-13
1.657868709e-13
9.513917787e-14
5.295419781e-14
2.851631836e-14
1.481901596e-14
7.410198479e-15
3.554224507e-15
1.627558923e-15
7.066201122e-16
2.88237555e-16
1.091211265e-16
3.772192535e-17
1.162311315e-17
3.057575759e-18
6.34861947e-19
9.5108258e-20
1.186262478e-20
2.420976932e-21
1.144577319e-21
8.594865504e-22
7.785442992e-22
7.556799606e-22
7.509171953e-22
2.695294949e-06
1.486434e-06
7.948240097e-07
4.185682719e-07
2.21458224e-07
1.228006383e-07
7.601484664e-08
5.420237829e-08
4.332265332e-08
3.728736859e-08
3.340463998e-08
3.030048332e-08
2.736542773e-08
2.441641785e-08
2.144736749e-08
1.85029797e-08
1.565028207e-08
1.294211469e-08
1.041816201e-08
8.10879411e-09
6.035181586e-09
4.212336436e-09
2.656496628e-09
1.394976879e-09
5.243337691e-10
1.513278536e-10
5.345569992e-11
2.542850875e-11
1.436825652e-11
8.784368006e-12
5.560430905e-12
3.567915726e-12
2.294275705e-12
1.467536081e-12
9.285499599e-13
5.783887146e-13
3.531003494e-13
2.104604057e-13
1.220943966e-13
6.874018326e-14
3.745309132e-14
1.96915094e-14
9.961116327e-15
4.831628267e-15
2.235848576e-15
9.80091753e-16
4.031916885e-16
1.537564412e-16
5.340105891e-17
1.636509172e-17
4.172799967e-18
7.911860265e-19
9.998995309e-20
9.970571537e-21
1.918974836e-21
1.159710736e-21
1.028227243e-21
9.903143044e-22
9.782855091e-22
9.756429239e-22
1.882198848e-06
1.063928863e-06
5.864438673e-07
3.192566355e-07
1.753878474e-07
1.015819518e-07
6.577757094e-08
4.856907808e-08
3.948133645e-08
3.437512575e-08
3.111083426e-08
2.853348676e-08
2.608526083e-08
2.357607345e-08
2.099010017e-08
1.836914961e-08
1.57743487e-08
1.326616469e-08
1.088891892e-08
8.678380491e-09
6.661261161e-09
4.857122101e-09
3.283116797e-09
1.958993458e-09
9.126864423e-10
2.917954309e-10
8.819237309e-11
3.590080314e-11
1.870544467e-11
1.103452774e-11
6.875067234e-12
4.383593583e-12
2.815523832e-12
1.804871557e-12
1.147321056e-12
7.194905864e-13
4.430505877e-13
2.667542087e-13
1.564837563e-13
8.916729963e-14
4.920201713e-14
2.620969292e-14
1.34388972e-14
6.609375635e-15
3.102192238e-15
1.380495952e-15
5.776298847e-16
2.247129093e-16
7.968097136e-17
2.487179776e-17
6.411069588e-18
1.203524744e-18
1.460629613e-19
1.325436048e-20
2.173904349e-21
1.358176949e-21
1.267290011e-21
1.24328687e-21
1.23512801e-21
1.233319494e-21
1.251364986e-06
7.280527385e-07
4.145618928e-07
2.339077931e-07
1.339657055e-07
8.150806711e-08
5.550320311e-08
4.248782026e-08
3.534082446e-08
3.126345035e-08
2.865865284e-08
2.660617318e-08
2.462836952e-08
2.25462918e-08
2.033845945e-08
1.804383621e-08
1.571889083e-08
1.3427591e-08
1.121732461e-08
9.127843687e-09
7.190291068e-09
5.428050547e-09
3.859425548e-09
2.503097376e-09
1.383213199e-09
5.630469676e-10
1.667675216e-10
5.619308399e-11
2.566588574e-11
1.420574163e-11
8.603430011e-12
5.419380996e-12
3.466471095e-12
2.223228701e-12
1.418351581e-12
8.948119892e-13
5.555064293e-13
3.378333724e-13
2.004584418e-13
1.156682304e-13
6.470215131e-14
3.497510501e-14
1.821614027e-14
9.110709708e-15
4.356537329e-15
1.981507983e-15
8.517721646e-16
3.420445207e-16
1.258408495e-16
4.10844968e-17
1.12252375e-17
2.271037411e-18
3.019355904e-19
2.925354609e-20
3.694355625e-21
1.713662613e-21
1.551940599e-21
1.526264564e-21
1.518849182e-21
1.517318137e-21
7.919191669e-07
4.761163857e-07
2.808619026e-07
1.648659277e-07
9.902663149e-08
6.377700856e-08
4.577679078e-08
3.643093178e-08
3.112609608e-08
2.806697786e-08
2.611828779e-08
2.45760903e-08
2.30462232e-08
2.137055446e-08
1.95280859e-08
1.755490333e-08
1.55038146e-08
1.343919625e-08
1.141013011e-08
9.459053666e-09
7.620544511e-09
5.921536261e-09
4.382971376e-09
3.022961826e-09
1.861921684e-09
9.301952306e-10
3.285145099e-10
9.805438199e-11
3.766614203e-11
1.891611923e-11
1.096232221e-11
6.769843506e-12
4.294640908e-12
2.748969247e-12
1.757530886e-12
1.114491633e-12
6.971311937e-13
4.281124946e-13
2.570043223e-13
1.502618384e-13
8.528989131e-14
4.685810912e-14
2.484795717e-14
1.268187417e-14
6.21102591e-15
2.909582742e-15
1.295351253e-15
5.42178616e-16
2.099068727e-16
7.310341519e-17
2.16956146e-17
4.939405992e-18
7.847594822e-19
9.311886544e-20
1.076777101e-20
2.64836651e-21
1.909438792e-21
1.832970164e-21
1.821653674e-21
1.819907798e-21
4.768529079e-07
2.974355987e-07
1.825123001e-07
1.120906241e-07
7.113834039e-08
4.88139702e-08
3.704888238e-08
3.071097495e-08
2.702115308e-08
2.490128256e-08
2.356896861e-08
2.250241098e-08
2.138752052e-08
2.009086683e-08
1.859394819e-08
1.693044898e-08
1.515081653e-08
1.331609585e-08
1.147666652e-08
9.676278124e-09
7.951788175e-09
6.332908e-09
4.843136705e-09
3.501844398e-09
2.328306181e-09
1.345425792e-09
5.916656722e-10
1.841425859e-10
6.009255552e-11
2.638382505e-11
1.429210962e-11
8.567551268e-12
5.366111276e-12
3.420164815e-12
2.188289423e-12
1.3935193e-12
8.777891277e-13
5.441757488e-13
3.305365208e-13
1.959387193e-13
1.129839699e-13
6.320033534e-14
3.421573916e-14
1.78967263e-14
9.032404695e-15
4.384128021e-15
2.034455039e-15
8.950427754e-16
3.681084507e-16
1.380956143e-16
4.534214719e-17
1.209427942e-17
2.418784318e-18
3.724955511e-19
5.015460504e-20
7.852780291e-21
2.786343648e-21
2.199666167e-21
2.138215302e-21
2.132910121e-21
2.743586836e-07
1.781592091e-07
1.142696068e-07
7.394242021e-08
4.998785182e-08
3.669565606e-08
2.95109049e-08
2.549388904e-08
2.315959969e-08
2.186174625e-08
2.108281764e-08
2.044392844e-08
1.970262162e-08
1.875019409e-08
1.757229697e-08
1.620077183e-08
1.468301402e-08
1.307563571e-08
1.142885011e-08
9.78659878e-09
8.186897156e-09
6.661307146e-09
5.23532311e-09
3.929604188e-09
2.762227328e-09
1.753411068e-09
9.301645e-10
3.598774435e-10
1.092657131e-10
4.015761576e-11
1.949363145e-11
1.110903728e-11
6.807927166e-12
4.302017496e-12
2.747908331e-12
1.755013617e-12
1.112496067e-12
6.96037425e-13
4.278245261e-13
2.573138625e-13
1.50944366e-13
8.616044457e-14
4.779062998e-14
2.574926807e-14
1.345547271e-14
6.798036311e-15
3.306625243e-15
1.537743842e-15
6.75900022e-16
2.761625044e-16
1.024784183e-16
3.28861034e-17
8.395025e-18
1.682779521e-18
2.89664687e-19
4.772469944e-20
8.864548043e-21
3.173258528e-21
2.511898797e-21
2.457100081e-21
1.521666939e-07
1.03222887e-07
6.9623236e-08
4.791875813e-08
3.487012937e-08
2.74242163e-08
2.330914095e-08
2.098209789e-08
1.968836803e-08
1.905071546e-08
1.873361936e-08
1.845860321e-08
1.803962933e-08
1.739040144e-08
1.649968058e-08
1.53964036e-08
1.412484437e-08
1.273674046e-08
1.128056125e-08
9.799349718e-09
8.331221307e-09
6.908677766e-09
5.55863047e-09
4.303130816e-09
3.160876965e-09
2.150049329e-09
1.291822423e-09
6.140482484e-10
2.080486385e-10
6.685957498e-11
2.814867048e-11
1.487476383e-11
8.81790423e-12
5.495496223e-12
3.49537899e-12
2.235675441e-12
1.425059937e-12
8.996059111e-13
5.59714002e-13
3.418676657e-13
2.043747657e-13
1.19392375e-13
6.81466147e-14
3.797307192e-14
2.062174232e-14
1.089258967e-14
5.57857307e-15
2.755791311e-15
1.304414676e-15
5.869055171e-16
2.474071785e-16
9.455202972e-17
3.053428264e-17
7.950653213e-18
1.763606083e-18
3.608762774e-19
6.584896423e-20
1.117922824e-20
3.613019087e-21
2.90319987e-21
8.236036839e-08
5.862697382e-08
4.19450855e-08
3.105248247e-08
2.432970342e-08
2.048468375e-08
1.833975059e-08
1.718292319e-08
1.664750972e-08
1.652263534e-08
1.657327984e-08
1.65934137e-08
1.644134047e-08
1.604937569e-08
1.540899579e-08
1.454617972e-08
1.350094528e-08
1.231956415e-08
1.104753792e-08
9.726045721e-09
8.39233403e-09
7.078939551e-09
5.813438663e-09
4.61876685e-09
3.514114292e-09
2.516564338e-09
1.644412759e-09
9.201952173e-10
3.881621051e-10
1.234866556e-10
4.427587419e-11
2.091086273e-11
1.175780323e-11
7.168793436e-12
4.523645443e-12
2.891834729e-12
1.852179957e-12
1.179864222e-12
7.437273005e-13
4.621233149e-13
2.823649538e-13
1.695441197e-13
9.994818098e-14
5.777810839e-14
3.272727496e-14
1.814489561e-14
9.824973699e-15
5.181159461e-15
2.653142699e-15
1.313477523e-15
6.224329787e-16
2.762010363e-16
1.098504537e-16
3.685638028e-17
1.041679309e-17
2.644240601e-18
5.737762203e-19
9.464278942e-20
1.381191277e-20
4.866409486e-21
4.422749325e-08
3.328959333e-08
2.548307572e-08
2.03279162e-08
1.718984622e-08
1.540864991e-08
1.446789156e-08
1.407964876e-08
1.40767663e-08
1.432151137e-08
1.464318236e-08
1.488687629e-08
1.494399388e-08
1.476138568e-08
1.433239997e-08
1.367877951e-08
1.283568471e-08
1.184428916e-08
1.074597406e-08
9.579129019e-09
8.379216282e-09
7.177937153e-09
6.002782914e-09
4.877049723e-09
3.820325064e-09
2.849497809e-09
1.980591713e-09
1.232567208e-09
6.323479068e-10
2.396345716e-10
7.805269589e-11
3.169185696e-11
1.637182123e-11
9.627604388e-12
5.993092326e-12
3.820258552e-12
2.455200596e-12
1.577815412e-12
1.008528399e-12
6.389379414e-13
4.004393934e-13
2.478932228e-13
1.513808524e-13
9.112874635e-14
5.404936414e-14
3.155523057e-14
1.811546298e-14
1.021647592e-14
5.651556776e-15
3.056413774e-15
1.603706562e-15
8.039999722e-16
3.757144529e-16
1.568051455e-16
5.60439405e-17
1.730666416e-17
4.504980993e-18
8.782181965e-19
1.25374552e-19
2.342512452e-20
2.408697754e-08
1.931937523e-08
1.592733943e-08
1.372489884e-08
1.24320968e-08
1.176835917e-08
1.153253824e-08
1.16265226e-08
1.197287317e-08
1.246221971e-08
1.296573684e-08
1.336482485e-08
1.35751419e-08
1.35543414e-08
1.329647533e-08
1.281919743e-08
1.215235941e-08
1.133131991e-08
1.039300465e-08
9.372361184e-09
8.302341353e-09
7.213059555e-09
6.131224368e-09
5.07994313e-09
4.078926313e-09
3.145119905e-09
2.29392634e-09
1.541697173e-09
9.081365727e-10
4.199026245e-10
1.448865563e-10
5.185669595e-11
2.395605885e-11
1.334535625e-11
8.144206008e-12
5.170069245e-12
3.33668455e-12
2.165540076e-12
1.405120126e-12
9.089581001e-13
5.850391136e-13
3.739249648e-13
2.370503099e-13
1.489576318e-13
9.270474322e-14
5.709191822e-14
3.477263615e-14
2.093659936e-14
1.244530402e-14
7.276095347e-15
4.15688172e-15
2.295771044e-15
1.206361232e-15
5.895194404e-16
2.577176178e-16
9.677950421e-17
2.990475546e-17
7.000595699e-18
1.184440843e-18
2.013429293e-19
1.36676287e-08
1.176622635e-08
1.045692292e-08
9.663881328e-09
9.274533275e-09
9.193726999e-09
9.360882984e-09
9.747125329e-09
1.030058471e-08
1.093344735e-08
1.154353607e-08
1.203818915e-08
1.235097295e-08
1.244757648e-08
1.232226314e-08
1.198870576e-08
1.147104142e-08
1.079909774e-08
1.000508201e-08
9.119784518e-09
8.17311915e-09
7.193033712e-09
6.204870006e-09
5.23101768e-09
4.290900359e-09
3.401302486e-09
2.577082702e-09
1.832467893e-09
1.183731571e-09
6.512422758e-10
2.744115105e-10
9.448141499e-11
3.799004652e-11
1.939441138e-11
1.142198376e-11
7.186345791e-12
4.656055725e-12
3.056675502e-12
2.019470919e-12
1.337192512e-12
8.848659325e-13
5.843752137e-13
3.847820723e-13
2.523449436e-13
1.646490908e-13
1.06784523e-13
6.87924605e-14
4.39811183e-14
2.78493223e-14
1.739602664e-14
1.065400786e-14
6.345278128e-15
3.635350232e-15
1.973631571e-15
9.920030158e-16
4.431044971e-16
1.642418158e-16
4.621765149e-17
9.420857969e-18
1.654425256e-18
8.325247159e-09
7.682407523e-09
7.294250216e-09
7.135183683e-09
7.175035291e-09
7.396209802e-09
7.789912987e-09
8.340774271e-09
9.003314237e-09
9.704614531e-09
1.036257583e-08
1.090427894e-08
1.127693743e-08
1.145237313e-08
1.142472506e-08
1.120400278e-08
1.080936083e-08
1.026491034e-08
9.597844029e-09
8.835102734e-09
8.003100935e-09
7.127154868e-09
6.230750556e-09
5.335093167e-09
4.458930565e-09
3.618658378e-09
2.828721001e-09
2.102388795e-09
1.453224507e-09
8.979513194e-10
4.589636487e-10
1.808713378e-10
6.641844697e-11
3.015519064e-11
1.671874346e-11
1.031315297e-11
6.687516479e-12
4.448714835e-12
3.000200828e-12
2.037806256e-12
1.389251472e-12
9.488006191e-13
6.484016103e-13
4.429100143e-13
3.020269673e-13
2.053603487e-13
1.390599376e-13
9.362024423e-14
6.249318019e-14
4.119149462e-14
2.66686492e-14
1.684503277e-14
1.028902158e-14
6.007072288e-15
3.297499163e-15
1.657964927e-15
7.248031344e-16
2.501149989e-16
6.192675424e-17
1.144757266e-17
5.534642282e-09
5.419934912e-09
5.417405111e-09
5.540100919e-09
5.787489981e-09
6.166655694e-09
6.680797732e-09
7.311893475e-09
8.016567423e-09
8.73355834e-09
9.397069679e-09
9.949438396e-09
1.034859118e-08
1.057125511e-08
1.061149875e-08
1.047622552e-08
1.018004074e-08
9.742003933e-09
9.184656134e-09
8.530848422e-09
7.803430219e-09
7.024865877e-09
6.216459289e-09
5.397866241e-09
4.58681735e-09
3.799068739e-09
3.048588764e-09
2.348019777e-09
1.709561669e-09
1.146864715e-09
6.769060958e-10
3.216510308e-10
1.228333083e-10
5.044325235e-11
2.578880824e-11
1.539420785e-11
9.959621932e-12
6.708564168e-12
4.617201816e-12
3.218511428e-12
2.261504201e-12
1.597168359e-12
1.131491963e-12
8.027941932e-13
5.695915864e-13
4.035180521e-13
2.849233397e-13
2.000646684e-13
1.392722508e-13
9.574727194e-14
6.46939922e-14
4.269826224e-14
2.731518532e-14
1.677562145e-14
9.766441787e-15
5.290949657e-15
2.585836508e-15
1.069290929e-15
3.298745779e-16
6.639938747e-17
4.037018831e-09
4.121989837e-09
4.282595644e-09
4.532028206e-09
4.883432823e-09
5.346191577e-09
5.917236326e-09
6.574441112e-09
7.27759233e-09
7.975404888e-09
8.615888087e-09
9.15350678e-09
9.554705528e-09
9.800247861e-09
9.884285129e-09
9.811212228e-09
9.591890924e-09
9.241154689e-09
8.77689108e-09
8.218131081e-09
7.584487312e-09
6.895369998e-09
6.169730369e-09
5.425444792e-09
4.678972237e-09
3.945196767e-09
3.237459562e-09
2.567794205e-09
1.947420325e-09
1.387675811e-09
9.020325138e-10
5.07366304e-10
2.301432823e-10
9.190782185e-11
4.268788291e-11
2.42185595e-11
1.550325532e-11
1.053674442e-11
7.387643191e-12
5.273977204e-12
3.808172401e-12
2.770280412e-12
2.024887498e-12
1.483953216e-12
1.088334441e-12
7.972742336e-13
5.821019246e-13
4.224263597e-13
3.037039518e-13
2.155052604e-13
1.502581359e-13
1.023863363e-13
6.772443625e-14
4.313592038e-14
2.619070365e-14
1.494896777e-14
7.848605203e-15
3.649702922e-15
1.365445432e-15
3.230412195e-16
3.1892041e-09
3.357610017e-09
3.593863222e-09
3.910330635e-09
4.317564038e-09
4.819896018e-09
5.407507201e-09
6.05639752e-09
6.730401029e-09
7.387429098e-09
7.987201878e-09
8.493784943e-09
8.880401134e-09
9.13116246e-09
9.240530858e-09
9.210964386e-09
9.050230587e-09
8.769528512e-09
8.382981933e-09
7.90608469e-09
7.355151921e-09
6.746853957e-09
6.097752457e-09
5.423813569e-09
4.740043811e-09
4.060267169e-09
3.397051827e-09
2.761793032e-09
2.164977405e-09
1.616710215e-09
1.127738587e-09
7.114083146e-10
3.849413646e-10
1.738181263e-10
7.707653939e-11
4.089818823e-11
2.54547953e-11
1.728777861e-11
1.226491841e-11
8.909593187e-12
6.565446144e-12
4.883236594e-12
3.653820565e-12
2.743270425e-12
2.062050388e-12
1.548352327e-12
1.158568492e-12
8.614623462e-13
6.344608288e-13
4.611039415e-13
3.292646448e-13
2.29909935e-13
1.560889696e-13
1.023382222e-13
6.427180056e-14
3.823663342e-14
2.118545821e-14
1.061625902e-14
4.48126268e-15
1.246323597e-15
2.702859088e-09
2.916757167e-09
3.196799668e-09
3.552533031e-09
3.988735236e-09
4.502296124e-09
5.079725529e-09
5.697825641e-09
6.326261643e-09
6.931436734e-09
7.481336775e-09
7.947805087e-09
8.30952969e-09
8.55348317e-09
8.674590964e-09
8.673879738e-09
8.556708764e-09
8.331431488e-09
8.008980109e-09
7.601594628e-09
7.122779788e-09
6.586634998e-09
6.007323285e-09
5.398910442e-09
4.774889013e-09
4.147920746e-09
3.529697512e-09
2.930926102e-09
2.361450511e-09
1.830553721e-09
1.347549637e-09
9.229903792e-10
5.700946437e-10
3.051369784e-10
1.460301304e-10
7.442706652e-11
4.442525484e-11
2.964777221e-11
2.099055913e-11
1.534586933e-11
1.142874242e-11
8.610733212e-12
6.53556394e-12
4.981999803e-12
3.804611231e-12
2.90389084e-12
2.209741105e-12
1.671828387e-12
1.253578647e-12
9.28166087e-13
6.757689407e-13
4.816009991e-13
3.343849637e-13
2.249767937e-13
1.456671197e-13
8.991559702e-14
5.216511444e-14
2.77332946e-14
1.27034443e-14
4.094435108e-15
2.444823904e-09
2.691117206e-09
3.000232144e-09
3.377046972e-09
3.821311013e-09
4.325897686e-09
4.876369113e-09
5.451908761e-09
6.02759146e-09
6.576477512e-09
7.073029259e-09
7.49531797e-09
7.826537757e-09
8.056175905e-09
8.17955828e-09
8.196750822e-09
8.111302486e-09
7.929258272e-09
7.658904607e-09
7.30993381e-09
6.893275197e-09
6.420621599e-09
5.904103682e-09
5.355924365e-09
4.788036054e-09
4.211873067e-09
3.638175979e-09
3.076914458e-09
2.537316543e-09
2.028026766e-09
1.557462673e-09
1.1345292e-09
7.698627344e-10
4.762334396e-10
2.652255496e-10
1.414523671e-10
8.181075937e-11
5.270831495e-11
3.659905458e-11
2.660707096e-11
1.985782299e-11
1.504480245e-11
1.15029203e-11
8.842158678e-12
6.814195372e-12
5.251892797e-12
4.038419698e-12
3.089986908e-12
2.345562765e-12
1.76031664e-12
1.301157773e-12
9.436136191e-13
6.684787387e-13
4.604000604e-13
3.064697338e-13
1.956309215e-13
1.183387661e-13
6.635036311e-14
3.264098574e-14
1.207149624e-14
2.350228714e-09
2.619035568e-09
2.944349383e-09
3.327130849e-09
3.763843723e-09
4.245748253e-09
4.759070187e-09
5.286027922e-09
5.806093822e-09
6.297877734e-09
6.741227767e-09
7.118840009e-09
7.4174745e-09
7.62853473e-09
7.747837344e-09
7.774849605e-09
7.711800662e-09
7.562999146e-09
7.334680251e-09
7.034420989e-09
6.670884084e-09
6.253764758e-09
5.793305397e-09
5.299920659e-09
4.784112115e-09
4.256115484e-09
3.725714312e-09
3.202131494e-09
2.694009222e-09
2.209507587e-09
1.756565236e-09
1.343287581e-09
9.776652277e-10
6.683173041e-10
4.256193966e-10
2.555351894e-10
1.52089124e-10
9.559886307e-11
6.453654927e-11
4.608943605e-11
3.416796881e-11
2.588084466e-11
1.983560121e-11
1.530441016e-11
1.184842008e-11
9.178925143e-12
7.100063841e-12
5.469847933e-12
4.184311905e-12
3.16876519e-12
2.367810759e-12
1.739622782e-12
1.251819934e-12
8.785777629e-13
5.985095111e-13
3.932378498e-13
2.467747702e-13
1.451740017e-13
7.632460576e-14
3.189136672e-14
2.375441157e-09
2.655938308e-09
2.9850314e-09
3.36103477e-09
3.778721622e-09
4.229145196e-09
4.699992939e-09
5.176263964e-09
5.641202259e-09
6.077824537e-09
6.470196927e-09
6.804628178e-09
7.070561371e-09
7.260962516e-09
7.372148084e-09
7.403239182e-09
7.355538134e-09
7.232052134e-09
7.037362329e-09
6.777315815e-09
6.458841349e-09
6.089843844e-09
5.678858567e-09
5.234843747e-09
4.766916048e-09
4.284144315e-09
3.79536582e-09
3.309070172e-09
2.833369886e-09
2.376061828e-09
1.944720318e-09
1.546272489e-09
1.186941666e-09
8.731600691e-10
6.118235634e-10
4.092116737e-10
2.652691564e-10
1.71651904e-10
1.146921527e-10
8.024000577e-11
5.848216162e-11
4.387640451e-11
3.347872137e-11
2.577302356e-11
1.994372148e-11
1.546763235e-11
1.198681847e-11
9.25799083e-12
7.10750053e-12
5.408810112e-12
4.068070826e-12
3.014401488e-12
2.193065123e-12
1.560622808e-12
1.081767042e-12
7.268241e-13
4.698171505e-13
2.87772613e-13
1.604039415e-13
7.425882002e-14
2.485779345e-09
2.767172011e-09
3.08914518e-09
3.448495626e-09
3.839386909e-09
4.25339309e-09
4.6797734e-09
5.105894855e-09
5.518193222e-09
5.903075053e-09
6.247854494e-09
6.541631548e-09
6.77594019e-09
6.945011745e-09
7.045631574e-09
7.076740121e-09
7.038996793e-09
6.934447963e-09
6.766429663e-09
6.539495476e-09
6.259118084e-09
5.931631071e-09
5.56418361e-09
5.164401276e-09
4.740132491e-09
4.299396781e-09
3.85016252e-09
3.40024772e-09
2.957273219e-09
2.528622064e-09
2.121036486e-09
1.740376837e-09
1.392082433e-09
1.081303343e-09
8.127893994e-10
5.903691533e-10
4.159523187e-10
2.878173595e-10
1.98857436e-10
1.393488558e-10
1.000930879e-10
7.376489358e-11
5.546522657e-11
4.228721391e-11
3.250810128e-11
2.508256228e-11
1.936673462e-11
1.492480571e-11
1.144972142e-11
8.720360532e-12
6.574766188e-12
4.892297224e-12
3.581277778e-12
2.570257263e-12
1.801790347e-12
1.228787744e-12
8.109571654e-13
5.119905628e-13
2.992740428e-13
1.505511441e-13
2.653132471e-09
2.926119021e-09
3.232492437e-09
3.568327527e-09
3.9278054e-09
4.303240592e-09
4.685271532e-09
5.063394819e-09
5.426540404e-09
5.763726777e-09
6.064766555e-09
6.320919635e-09
6.525359359e-09
6.673341478e-09
6.762079504e-09
6.790449223e-09
6.758678963e-09
6.668124101e-09
6.521185932e-09
6.32136259e-09
6.072960696e-09
5.781133798e-09
5.451794286e-09
5.091379043e-09
4.70670654e-09
4.304831814e-09
3.892921946e-09
3.478148582e-09
3.067579407e-09
2.667816647e-09
2.28471042e-09
1.923602957e-09
1.589356609e-09
1.286280687e-09
1.017928771e-09
7.868112873e-10
5.941013721e-10
4.393563948e-10
3.202940963e-10
2.320998952e-10
1.683248657e-10
1.228782734e-10
9.042801524e-11
6.767316098e-11
5.12514105e-11
3.905272497e-11
2.984481241e-11
2.281535956e-11
1.74010331e-11
1.320292389e-11
9.935273799e-12
7.390995888e-12
5.41751882e-12
3.899693641e-12
2.747606997e-12
1.888113673e-12
1.260461208e-12
8.111419111e-13
4.907637356e-13
2.626368834e-13
2.855661585e-09
3.11321588e-09
3.398135339e-09
3.706297052e-09
4.032105986e-09
4.368627452e-09
4.707832835e-09
5.040930333e-09
5.358790041e-09
5.6524504e-09
5.913657315e-09
6.135351078e-09
6.311994736e-09
6.439672769e-09
6.51597977e-09
6.539797717e-09
6.51107349e-09
6.430669801e-09
6.300291151e-09
6.122621817e-09
5.90107884e-09
5.639835213e-09
5.343740889e-09
5.018269523e-09
4.66934636e-09
4.30317805e-09
3.926197937e-09
3.544914103e-09
3.165591187e-09
2.793964005e-09
2.435353995e-09
2.094642332e-09
1.776197412e-09
1.483730051e-09
1.220100363e-09
9.871406164e-10
7.855496528e-10
6.148613203e-10
4.734940361e-10
3.590099929e-10
2.683404737e-10
1.981960085e-10
1.451670548e-10
1.058342213e-10
7.820100373e-11
5.824831875e-11
4.36549824e-11
3.285351003e-11
2.47556517e-11
1.861296149e-11
1.39118058e-11
1.029694613e-11
7.518679444e-12
5.396949663e-12
3.796689229e-12
2.610721687e-12
1.749787337e-12
1.137057178e-12
7.024923689e-13
3.90918106e-13
3.077114279e-09
3.314605572e-09
3.574593449e-09
3.85294549e-09
4.144470645e-09
4.443031161e-09
4.741712407e-09
5.033084543e-09
5.309541056e-09
5.563698348e-09
5.78881226e-09
5.979138651e-09
6.130157675e-09
6.238622168e-09
6.302457642e-09
6.320592006e-09
6.292795995e-09
6.219584862e-09
6.10217757e-09
5.942595864e-09
5.743581569e-09
5.508524898e-09
5.241461033e-09
4.947042609e-09
4.630374232e-09
4.296909266e-09
3.95237811e-09
3.602481144e-09
3.252623635e-09
2.907953045e-09
2.57329676e-09
2.253084554e-09
1.95123084e-09
1.670978871e-09
1.414738003e-09
1.18396031e-09
9.790864656e-10
7.995686499e-10
6.43992353e-10
5.103821485e-10
3.966612348e-10
3.011621853e-10
2.229270406e-10
1.612218637e-10
1.1574556e-10
8.342429434e-11
6.061993787e-11
4.446166335e-11
3.28185873e-11
2.427090394e-11
1.789622959e-11
1.309487233e-11
9.467336588e-12
6.737098197e-12
4.704621447e-12
3.217981611e-12
2.151270775e-12
1.399001461e-12
8.706749478e-13
4.929925745e-13
3.305806044e-09
3.520631487e-09
3.753995341e-09
4.00197985e-09
4.259866893e-09
4.522227853e-09
4.78307576e-09
5.036082208e-09
5.274856076e-09
5.493265174e-09
5.68575897e-09
5.847631409e-09
5.975168598e-09
6.065663093e-09
6.117325018e-09
6.129151122e-09
6.100811791e-09
6.032585468e-09
5.925342332e-09
5.780593761e-09
5.600543657e-09
5.38795781e-09
5.146221521e-09
4.879276031e-09
4.591550072e-09
4.287858471e-09
3.973130517e-09
3.652219113e-09
3.329890451e-09
3.010739339e-09
2.69910355e-09
2.398957844e-09
2.113781787e-09
1.846412583e-09
1.598909488e-09
1.37245947e-09
1.167341503e-09
9.829608077e-10
8.17981727e-10
6.706054318e-10
5.39041175e-10
4.220526153e-10
3.195754108e-10
2.329682194e-10
1.643005249e-10
1.145625474e-10
7.956463184e-11
5.630005149e-11
4.029464026e-11
2.90397768e-11
2.096365358e-11
1.50710559e-11
1.072820779e-11
7.525360403e-12
5.183308038e-12
3.497307702e-12
2.306271775e-12
1.481171232e-12
9.139736913e-13
5.148753969e-13
3.53329138e-09
3.72445142e-09
3.930961136e-09
4.149197083e-09
4.374906651e-09
4.603294936e-09
4.829161016e-09
5.047086568e-09
5.251671092e-09
5.437792915e-09
5.600857345e-09
5.736984688e-09
5.843103026e-09
5.916941159e-09
5.956951213e-09
5.962208032e-09
5.93232878e-09
5.86743094e-09
5.768130851e-09
5.63556565e-09
5.471504868e-09
5.278260498e-09
5.058676513e-09
4.816116557e-09
4.554407993e-09
4.277633528e-09
3.989940586e-09
3.695551498e-09
3.398656043e-09
3.103323452e-09
2.813403488e-09
2.532410248e-09
2.26339107e-09
2.008793743e-09
1.770353241e-09
1.549018118e-09
1.344929108e-09
1.157462811e-09
9.853653067e-10
8.270057943e-10
6.807742785e-10
5.456389127e-10
4.218161943e-10
3.114692581e-10
2.187346466e-10
1.476377356e-10
9.847108846e-11
6.63949715e-11
4.557537706e-11
3.175122376e-11
2.225907609e-11
1.556745402e-11
1.078869987e-11
7.369958386e-12
4.941933867e-12
3.24216592e-12
2.075317814e-12
1.294006558e-12
7.765488714e-13
4.247388886e-13
3.753790141e-09
3.921529842e-09
4.101989611e-09
4.291872557e-09
4.487375036e-09
4.684271851e-09
4.878042621e-09
5.064039473e-09
5.237687238e-09
5.394694379e-09
5.531241502e-09
5.644113214e-09
5.730752749e-09
5.789243158e-09
5.81824165e-09
5.816903084e-09
5.784823856e-09
5.72201751e-09
5.628922098e-09
5.506429e-09
5.355926847e-09
5.179387025e-09
4.979204198e-09
4.758233981e-09
4.519690504e-09
4.266967542e-09
4.003621678e-09
3.733305368e-09
3.459668174e-09
3.186265971e-09
2.916458539e-09
2.653293915e-09
2.399385281e-09
2.156793888e-09
1.926935672e-09
1.710526884e-09
1.507579039e-09
1.31745381e-09
1.13899592e-09
9.707680409e-10
8.114074938e-10
6.601253086e-10
5.173879084e-10
3.85792456e-10
2.707197908e-10
1.790560677e-10
1.138179397e-10
7.287454404e-11
4.767832104e-11
3.174731354e-11
2.129635483e-11
1.425331347e-11
9.438995249e-12
6.145534461e-12
3.914464784e-12
2.428937679e-12
1.466191511e-12
8.640200892e-13
4.93039233e-13
2.601336105e-13
3.963484257e-09
4.10884124e-09
4.264693763e-09
4.428078654e-09
4.595618785e-09
4.763607139e-09
4.928124876e-09
5.085190677e-09
5.230929973e-09
5.361743347e-09
5.474447757e-09
5.566367069e-09
5.635361497e-09
5.679804028e-09
5.698526566e-09
5.690762989e-09
5.656111263e-09
5.594521358e-09
5.506308172e-09
5.392181716e-09
5.25327775e-09
5.091177446e-09
4.907937352e-09
4.705951391e-09
4.48783575e-09
4.256463297e-09
4.014876062e-09
3.766190703e-09
3.513540134e-09
3.259980799e-09
3.008388937e-09
2.761349538e-09
2.521044975e-09
2.289155696e-09
2.066787279e-09
1.854435614e-09
1.651998114e-09
1.458838884e-09
1.273921357e-09
1.09602977e-09
9.241020843e-10
7.577049694e-10
5.977073474e-10
4.472202803e-10
3.125556576e-10
2.027082293e-10
1.242567815e-10
7.529957815e-11
4.641529031e-11
2.913185866e-11
1.838778167e-11
1.152738014e-11
7.095502435e-12
4.256040953e-12
2.474290485e-12
1.39669848e-12
7.755021431e-13
4.286397305e-13
2.329221361e-13
1.206434627e-13
4.16025212e-09
4.284726211e-09
4.417771171e-09
4.55675057e-09
4.698689037e-09
4.840354175e-09
4.978365749e-09
5.109326773e-09
5.229964356e-09
5.337262228e-09
5.428564894e-09
5.501638367e-09
5.554683879e-09
5.586314082e-09
5.595510341e-09
5.581582013e-09
5.544141953e-09
5.483103423e-09
5.398696046e-09
5.291492609e-09
5.162434395e-09
5.012844831e-09
4.844378317e-09
4.658954868e-09
4.45875638e-09
4.246225276e-09
4.02390705e-09
3.794419082e-09
3.56041735e-09
3.324482307e-09
3.089021581e-09
2.856171169e-09
2.627700313e-09
2.404932084e-09
2.188691426e-09
1.979289105e-09
1.776546885e-09
1.579870102e-09
1.388380323e-09
1.201128595e-09
1.017412627e-09
8.372315639e-10
6.619395462e-10
4.952008278e-10
3.441429219e-10
2.193300594e-10
1.297954516e-10
7.462453207e-11
4.330058595e-11
2.544095276e-11
1.489322762e-11
8.527700236e-12
4.704344678e-12
2.478851553e-12
1.266046901e-12
6.479067452e-13
3.375407238e-13
1.79112655e-13
9.464500406e-14
5.080951831e-14
4.342807909e-09
4.448098679e-09
4.560272505e-09
4.677006234e-09
4.795701323e-09
4.913561684e-09
5.027692246e-09
5.135211519e-09
5.233366518e-09
5.319635217e-09
5.391802154e-09
5.447998425e-09
5.486706418e-09
5.506738669e-09
5.507205519e-09
5.487487407e-09
5.447220269e-09
5.386297773e-09
5.304887077e-09
5.203451146e-09
5.082769317e-09
4.943904778e-09
4.788160244e-09
4.617112868e-09
4.432573219e-09
4.2365343e-09
4.031103285e-09
3.818441957e-09
3.600700857e-09
3.380090307e-09
3.158571937e-09
2.937859216e-09
2.719343552e-09
2.504033678e-09
2.29252261e-09
2.084986349e-09
1.881217693e-09
1.680701711e-09
1.482746398e-09
1.286687529e-09
1.092190502e-09
8.996879663e-10
7.110342091e-10
5.304850361e-10
3.65966379e-10
2.292326764e-10
1.311206774e-10
7.155084469e-11
3.894600151e-11
2.125731202e-11
1.136126595e-11
5.773567717e-12
2.721302376e-12
1.215998246e-12
5.54219009e-13
2.665009277e-13
1.335923404e-13
6.91436496e-14
3.615912291e-14
2.075563798e-14
4.510990916e-09
4.598847174e-09
4.692096143e-09
4.788710603e-09
4.88644257e-09
4.982895095e-09
5.075608838e-09
5.162156368e-09
5.240233976e-09
5.307739487e-09
5.362826367e-09
5.403929703e-09
5.429766505e-09
5.439318655e-09
5.431809835e-09
5.406687755e-09
5.363616706e-09
5.302482483e-09
5.223406453e-09
5.126763805e-09
5.013158509e-09
4.883398621e-09
4.738539486e-09
4.579843975e-09
4.408762647e-09
4.226911885e-09
4.036041562e-09
3.837932684e-09
3.634311476e-09
3.426838794e-09
3.217153607e-09
3.006638458e-09
2.796357459e-09
2.587062125e-09
2.379172028e-09
2.172782915e-09
1.967705402e-09
1.763541963e-09
1.559815139e-09
1.356163011e-09
1.152623136e-09
9.500446889e-10
7.507079049e-10
5.592709613e-10
3.840591467e-10
2.373912249e-10
1.314845255e-10
6.792722065e-11
3.449549488e-11
1.732387561e-11
8.286529461e-12
3.567633177e-12
1.375857575e-12
5.327855287e-13
2.26248295e-13
1.046282585e-13
5.095716987e-14
2.586166727e-14
1.3529295e-14
8.34215316e-15
4.664458213e-09
4.736581996e-09
4.812790437e-09
4.891333946e-09
4.970288638e-09
5.047620362e-09
5.121258505e-09
5.189173001e-09
5.249446163e-09
5.300330958e-09
5.340289572e-09
5.368010491e-09
5.382407302e-09
5.382606134e-09
5.367930835e-09
5.337892008e-09
5.292184249e-09
5.230691664e-09
5.15349939e-09
5.060867204e-09
4.953209686e-09
4.831146287e-09
4.695491532e-09
4.547231904e-09
4.387553311e-09
4.217789761e-09
4.039338608e-09
3.853608924e-09
3.661952087e-09
3.465656336e-09
3.265876399e-09
3.063740529e-09
2.860136552e-09
2.655608221e-09
2.450449404e-09
2.244715282e-09
2.038262179e-09
1.830823554e-09
1.622132823e-09
1.412106145e-09
1.201105467e-09
9.903220038e-10
7.823592461e-10
5.821458304e-10
3.982586122e-10
2.433926378e-10
1.306964313e-10
6.371955075e-11
2.996934567e-11
1.368117669e-11
5.641916332e-12
1.960035005e-12
6.297524028e-13
2.223735625e-13
9.01894419e-14
4.042068862e-14
1.916838901e-14
9.555039116e-15
5.041116072e-15
3.320809735e-15
4.803786795e-09
4.861805966e-09
4.922764804e-09
4.985170794e-09
5.047395793e-09
5.107731442e-09
5.164450392e-09
5.215867717e-09
5.260396072e-09
5.296588805e-09
5.323167466e-09
5.339033498e-09
5.343267275e-09
5.33511988e-09
5.314004179e-09
5.279488708e-09
5.231297232e-09
5.169313952e-09
5.093552749e-09
5.004139985e-09
4.901370644e-09
4.785709545e-09
4.657788673e-09
4.51840079e-09
4.368440776e-09
4.208894789e-09
4.040832401e-09
3.865370881e-09
3.683617471e-09
3.49655739e-09
3.305031338e-09
3.109906231e-09
2.911883483e-09
2.711369811e-09
2.508585261e-09
2.303580874e-09
2.096280479e-09
1.886554318e-09
1.674333399e-09
1.459776799e-09
1.243509842e-09
1.026969412e-09
8.1292979e-10
6.063316262e-10
4.155175319e-10
2.528500536e-10
1.32256424e-10
6.037483754e-11
2.581103702e-11
1.035160197e-11
3.507531629e-12
9.854083197e-13
2.786264162e-13
9.231531432e-14
3.593382604e-14
1.559895362e-14
7.192775e-15
3.521538049e-15
1.883355365e-15
1.312736416e-15
4.927365312e-09
4.972947739e-09
5.020501106e-09
5.068767499e-09
5.116383701e-09
5.161927648e-09
5.203967968e-09
5.241112132e-09
5.27204848e-09
5.295578252e-09
5.310635742e-09
5.316297078e-09
5.311780244e-09
5.2964409e-09
5.269767199e-09
5.231376973e-09
5.181018754e-09
5.118535988e-09
5.043847874e-09
4.957007441e-09
4.858204253e-09
4.747763858e-09
4.626141686e-09
4.493909467e-09
4.351745884e-09
4.200460032e-09
4.040922163e-09
3.873982971e-09
3.700440877e-09
3.520984937e-09
3.336231003e-09
3.14671206e-09
2.953160017e-09
2.755870359e-09
2.555011173e-09
2.350638254e-09
2.142735924e-09
1.931286342e-09
1.716373719e-09
1.498333415e-09
1.27796478e-09
1.056845218e-09
8.37812351e-10
6.257226383e-10
4.287658949e-10
2.593302231e-10
1.32294745e-10
5.667966073e-11
2.155596545e-11
7.187032443e-12
1.952813948e-12
4.686069386e-13
1.219534112e-13
3.832186599e-14
1.431216229e-14
6.007804839e-15
2.691588831e-15
1.295447514e-15
7.050854074e-16
5.156244181e-16
5.026556938e-09
5.06223663e-09
5.09913475e-09
5.136182594e-09
5.172228058e-09
5.206074726e-09
5.236522404e-09
5.262405059e-09
5.282622591e-09
5.296165608e-09
5.302131709e-09
5.299732273e-09
5.288292979e-09
5.267251988e-09
5.236157471e-09
5.194667137e-09
5.142508639e-09
5.079457602e-09
5.005396399e-09
4.920318465e-09
4.82433154e-09
4.717658898e-09
4.600637973e-09
4.473715554e-09
4.337425086e-09
4.192330483e-09
4.039035513e-09
3.878183877e-09
3.710407157e-09
3.536292259e-09
3.356337234e-09
3.171159713e-09
2.98112284e-09
2.78648423e-09
2.587406689e-09
2.383980157e-09
2.176262231e-09
1.964342403e-09
1.748435837e-09
1.529014542e-09
1.306995726e-09
1.08402144e-09
8.62886726e-10
6.482346504e-10
4.475801053e-10
2.722984497e-10
1.363552969e-10
5.205794002e-11
1.58538008e-11
4.28267019e-12
9.971632156e-13
2.183741888e-13
5.362225986e-14
1.602112243e-14
5.720915648e-15
2.313061412e-15
1.005414153e-15
4.762006373e-16
2.643668085e-16
2.013351629e-16
)
;

boundaryField
{
    inletCH4
    {
        type            fixedValue;
        value           uniform 0;
    }
    wallOutside
    {
        type            zeroGradient;
    }
    wallTube
    {
        type            zeroGradient;
    }
    inletPilot
    {
        type            fixedValue;
        value           uniform 0;
    }
    inletAir
    {
        type            fixedValue;
        value           uniform 0;
    }
    outlet
    {
        type            zeroGradient;
    }
    axis
    {
        type            empty;
    }
    frontAndBack_pos
    {
        type            wedge;
    }
    frontAndBack_neg
    {
        type            wedge;
    }
}


// ************************************************************************* //
