/*--------------------------------*- C++ -*----------------------------------*\
  =========                 |
  \\      /  F ield         | OpenFOAM: The Open Source CFD Toolbox
   \\    /   O peration     | Website:  https://openfoam.org
    \\  /    A nd           | Version:  10
     \\/     M anipulation  |
\*---------------------------------------------------------------------------*/
FoamFile
{
    format      ascii;
    class       volScalarField;
    location    "3000";
    object      HO2;
}
// * * * * * * * * * * * * * * * * * * * * * * * * * * * * * * * * * * * * * //

dimensions      [0 0 0 0 0 0 0];

internalField   nonuniform List<scalar> 
5170
(
6.261112977e-39
6.295669549e-39
6.498824242e-39
7.632361075e-39
1.36199784e-38
1.252088836e-38
1.263759744e-38
1.329427724e-38
1.665981535e-38
2.585061773e-38
1.882407037e-38
1.91408404e-38
2.063846586e-38
2.680674902e-38
3.718155277e-38
2.530675014e-38
2.596608949e-38
2.869396984e-38
3.80644882e-38
4.836559534e-38
3.202370055e-38
3.316947998e-38
3.745507664e-38
5.035944265e-38
5.957220662e-38
3.910451371e-38
4.085641376e-38
4.698212083e-38
6.355355061e-38
7.10812955e-38
4.647033808e-38
4.889811087e-38
5.732711726e-38
7.744028627e-38
8.303902051e-38
5.416750376e-38
5.740950324e-38
6.825057809e-38
9.173443545e-38
9.545784532e-38
6.343537727e-38
6.75096167e-38
8.111986783e-38
1.120490893e-37
1.47134307e-37
5.82177449e-37
5.924289789e-37
8.415594395e-37
3.587839046e-36
2.270765187e-35
2.075404853e-34
2.304370293e-34
3.979351494e-34
2.054337095e-33
1.288947435e-32
8.56235589e-32
1.063290968e-31
2.181689563e-31
1.227309022e-30
7.296862688e-30
3.585173318e-29
5.053068455e-29
1.241449847e-28
7.445724314e-28
4.106826274e-27
1.511550925e-26
2.451414105e-26
7.263456071e-26
4.591259626e-25
2.302100918e-24
6.388826703e-24
1.203702998e-23
4.306641908e-23
2.862494679e-22
1.285969601e-21
2.663635589e-21
5.885520768e-21
2.533097983e-20
1.742982296e-19
7.15196957e-19
1.089241395e-18
2.854091896e-18
1.437872763e-17
1.023776104e-16
3.955110392e-16
4.266012217e-16
1.344067207e-15
7.846691993e-15
5.661552199e-14
2.161307473e-13
1.530238137e-13
6.000317403e-13
3.985216557e-12
2.877252069e-11
1.161358861e-10
4.6747195e-11
2.565919286e-10
1.93611439e-09
1.302900164e-08
6.045785427e-08
1.682862913e-06
1.081813441e-06
9.175781394e-07
1.202994416e-06
1.72158886e-06
1.800006335e-06
1.451973151e-06
1.325528688e-06
1.551358723e-06
1.801581641e-06
1.659848714e-06
1.531062686e-06
1.462807336e-06
1.572102287e-06
1.633266925e-06
1.515997379e-06
1.493647264e-06
1.465419505e-06
1.508990836e-06
1.477200494e-06
1.400347403e-06
1.428705266e-06
1.421261376e-06
1.427826428e-06
1.35467406e-06
1.311484712e-06
1.360538009e-06
1.363860765e-06
1.348160513e-06
1.261555166e-06
1.242887195e-06
1.2975173e-06
1.305144154e-06
1.275826924e-06
1.19073542e-06
1.188863349e-06
1.241684419e-06
1.249781865e-06
1.211978739e-06
1.136259193e-06
1.145605468e-06
1.193136097e-06
1.199499055e-06
1.158109387e-06
1.094594229e-06
1.110396479e-06
1.151467104e-06
1.155309859e-06
1.114679158e-06
1.062810267e-06
1.081373852e-06
1.1160585e-06
1.117547363e-06
1.080303747e-06
1.038161329e-06
1.057095517e-06
1.086132466e-06
1.085845168e-06
1.052984891e-06
1.018388979e-06
1.036447495e-06
1.060829686e-06
1.059350099e-06
1.030809557e-06
1.001826709e-06
1.018508785e-06
1.039220516e-06
1.037031934e-06
1.012228388e-06
9.873052423e-07
1.002572147e-06
1.020503277e-06
1.017908876e-06
9.960857896e-07
9.740214936e-07
9.880334014e-07
1.003924153e-06
1.001144658e-06
9.815449512e-07
9.613705342e-07
9.744823818e-07
9.888544647e-07
9.859104667e-07
9.678987531e-07
9.488813644e-07
9.618302723e-07
9.747543729e-07
9.71442501e-07
9.545110311e-07
9.362086934e-07
9.577595551e-07
9.62818839e-07
9.572795853e-07
9.407555402e-07
9.227437491e-07
1.829436005e-06
1.085998522e-06
9.707812595e-07
9.322569809e-07
9.087012919e-07
1.659236569e-09
1.235736229e-08
1.777030112e-07
2.349956686e-06
2.367206842e-05
7.937770119e-09
4.983244297e-08
5.376251143e-07
4.619828101e-06
2.549043869e-05
2.297752337e-08
1.243601064e-07
1.053811807e-06
6.489824065e-06
2.359895854e-05
5.283414687e-08
2.5134198e-07
1.718441917e-06
7.982382027e-06
2.115398907e-05
1.045379575e-07
4.409612983e-07
2.459635009e-06
8.942480287e-06
1.877928419e-05
1.869556535e-07
6.997236575e-07
3.224579945e-06
9.502984383e-06
1.693814792e-05
3.167876163e-07
1.060661261e-06
4.059661499e-06
9.911062642e-06
1.594717238e-05
5.166026983e-07
1.557221175e-06
4.929510586e-06
1.025436965e-05
1.54499198e-05
8.124600192e-07
2.189074307e-06
5.750066396e-06
1.049157734e-05
1.495317874e-05
1.227988438e-06
2.924813507e-06
6.479219044e-06
1.06728792e-05
1.453747494e-05
1.805130268e-06
3.720610783e-06
7.115748043e-06
1.089333964e-05
1.43744226e-05
2.521048394e-06
4.512191478e-06
7.699362401e-06
1.117549146e-05
1.43656374e-05
3.352476119e-06
5.297025553e-06
8.254493208e-06
1.143792578e-05
1.427486619e-05
4.302150501e-06
6.099535215e-06
8.797738252e-06
1.166095378e-05
1.410621305e-05
5.395894065e-06
6.964478068e-06
9.372834081e-06
1.191263799e-05
1.398618761e-05
6.647111334e-06
7.950036988e-06
1.004251919e-05
1.226174745e-05
1.398652567e-05
8.053099456e-06
9.08926905e-06
1.083345195e-05
1.269028805e-05
1.40184683e-05
9.528997996e-06
1.031314752e-05
1.167327701e-05
1.304922816e-05
1.388983593e-05
1.092067003e-05
1.145462304e-05
1.235556138e-05
1.315752149e-05
1.353272827e-05
1.192414698e-05
1.220236822e-05
1.262968923e-05
1.293075918e-05
1.300199092e-05
1.222935571e-05
1.230907443e-05
1.240517131e-05
1.243206649e-05
1.241467282e-05
1.185974459e-05
1.18554394e-05
1.183193954e-05
1.181407054e-05
1.18621303e-05
1.1148621e-05
1.114804896e-05
1.116518113e-05
1.124469716e-05
1.146273245e-05
1.047277209e-05
1.051814691e-05
1.063641422e-05
1.086045302e-05
1.123658906e-05
1.006241262e-05
1.015448638e-05
1.036434095e-05
1.070893591e-05
1.118838715e-05
9.988929087e-06
1.011170406e-05
1.03822525e-05
1.079965201e-05
1.132725611e-05
1.019538219e-05
1.032111071e-05
1.059331489e-05
1.102873787e-05
1.158794132e-05
1.064465888e-05
1.076930472e-05
1.104573332e-05
1.148800165e-05
1.200705002e-05
1.124912965e-05
1.133042688e-05
1.148218588e-05
1.177750876e-05
1.222484286e-05
1.207019307e-05
1.213034635e-05
1.233106373e-05
1.262163154e-05
1.295584679e-05
1.306410834e-05
1.312324654e-05
1.324160334e-05
1.339287864e-05
1.352881938e-05
1.382907265e-05
1.38410213e-05
1.38552602e-05
1.383198472e-05
1.372270264e-05
1.401912467e-05
1.396381605e-05
1.382939718e-05
1.358773594e-05
1.319384562e-05
1.310378297e-05
1.297408888e-05
1.267980009e-05
1.221574296e-05
1.156758617e-05
1.059206731e-05
1.042661043e-05
1.006536853e-05
9.527553596e-06
8.831112145e-06
7.214342003e-06
7.079343533e-06
6.790444013e-06
6.372137533e-06
5.850163063e-06
4.330128389e-06
4.247144527e-06
4.070782898e-06
3.818673543e-06
3.509445023e-06
2.416581073e-06
2.373822513e-06
2.283515096e-06
2.156015992e-06
2.002823682e-06
1.315756101e-06
1.298158202e-06
1.261752335e-06
1.21253315e-06
1.157917325e-06
7.586733213e-07
7.568597745e-07
7.546219886e-07
7.560310102e-07
7.672013076e-07
5.676996818e-07
5.787698888e-07
6.048611108e-07
6.492604522e-07
7.175396244e-07
7.049286968e-07
7.26898464e-07
7.762099078e-07
8.537539703e-07
9.62209382e-07
1.084906262e-06
1.112151535e-06
1.172460271e-06
1.265119212e-06
1.390943857e-06
1.589886232e-06
1.618469395e-06
1.681355007e-06
1.776960511e-06
1.904997872e-06
2.132265828e-06
2.159595919e-06
2.21952506e-06
2.310380877e-06
2.431252737e-06
2.651540435e-06
2.67628918e-06
2.730476553e-06
2.812167484e-06
2.920331986e-06
3.104934559e-06
3.126385039e-06
3.173321802e-06
3.244000645e-06
3.337469144e-06
3.46702555e-06
3.485163462e-06
3.524859082e-06
3.584651728e-06
3.663763743e-06
3.728030153e-06
3.743200571e-06
3.776425094e-06
3.826529791e-06
3.8929389e-06
3.890362481e-06
3.903068649e-06
3.930924485e-06
3.973003461e-06
4.028906331e-06
3.964041599e-06
3.974795833e-06
3.998382867e-06
4.034090046e-06
4.081586619e-06
3.963637102e-06
3.972951627e-06
3.993423556e-06
4.024482428e-06
4.065989645e-06
3.908361498e-06
3.916470962e-06
3.934301299e-06
3.961364316e-06
3.997545754e-06
3.815988086e-06
3.823240961e-06
3.839200919e-06
3.86345738e-06
3.895946804e-06
3.701046208e-06
3.707663579e-06
3.722232708e-06
3.744392837e-06
3.774104885e-06
3.575312086e-06
3.581440215e-06
3.594936115e-06
3.615472468e-06
3.643022084e-06
3.447909904e-06
3.453646998e-06
3.466283495e-06
3.485515532e-06
3.511320844e-06
3.325516396e-06
3.330929495e-06
3.342852684e-06
3.360999432e-06
3.385348684e-06
3.212770727e-06
3.217906791e-06
3.229219334e-06
3.24643534e-06
3.269533026e-06
3.112670848e-06
3.117563565e-06
3.128339117e-06
3.144735457e-06
3.166728919e-06
3.02690034e-06
3.031572487e-06
3.041860904e-06
3.057512696e-06
3.078501354e-06
2.956022631e-06
2.960486654e-06
2.970315013e-06
2.985262669e-06
3.005299265e-06
2.899588664e-06
2.903846665e-06
2.913219409e-06
2.927469078e-06
2.946560635e-06
2.85635393e-06
2.86039979e-06
2.86930331e-06
2.882833844e-06
2.90095111e-06
2.824367522e-06
2.828188657e-06
2.836595277e-06
2.84936449e-06
2.86645067e-06
2.80147238e-06
2.805053946e-06
2.812931099e-06
2.824889622e-06
2.84087876e-06
2.78513698e-06
2.788462685e-06
2.795774697e-06
2.806868712e-06
2.821689484e-06
2.773014356e-06
2.776070584e-06
2.782787674e-06
2.792972283e-06
2.806565176e-06
2.762511437e-06
2.765286578e-06
2.771383549e-06
2.780621433e-06
2.792938382e-06
2.748251492e-06
2.750770047e-06
2.756301219e-06
2.764676074e-06
2.775831345e-06
2.631765638e-05
3.086493327e-05
2.750929417e-05
2.372187547e-05
2.044180393e-05
1.843096477e-05
1.779533265e-05
1.731562389e-05
1.64869321e-05
1.581221737e-05
1.554777665e-05
1.541925619e-05
1.511298644e-05
1.474677637e-05
1.449395574e-05
1.438667994e-05
1.428643481e-05
1.400147506e-05
1.353351924e-05
1.298261067e-05
1.245130575e-05
1.201259522e-05
1.172443626e-05
1.157963133e-05
1.157896063e-05
1.172876777e-05
1.19799881e-05
1.235729098e-05
1.262452425e-05
1.315984037e-05
1.356509271e-05
1.355373358e-05
1.280543838e-05
1.10147953e-05
8.285728188e-06
5.458314266e-06
3.282358003e-06
1.893945547e-06
1.124600885e-06
7.86574058e-07
7.827612711e-07
1.05615685e-06
1.496394393e-06
2.010583989e-06
2.53007548e-06
3.008356936e-06
3.413432943e-06
3.728111773e-06
3.947075856e-06
4.074616035e-06
4.120768615e-06
4.099873124e-06
4.027359198e-06
3.922782752e-06
3.798676786e-06
3.665819945e-06
3.532680296e-06
3.405502774e-06
3.288648207e-06
3.184925461e-06
3.095860104e-06
3.021862293e-06
2.962332409e-06
2.915906472e-06
2.880542402e-06
2.854052545e-06
2.83388726e-06
2.817738451e-06
2.803049563e-06
2.784977116e-06
1.240463684e-05
3.814676667e-06
2.978771075e-06
1.824289338e-06
2.167624634e-06
1.955872158e-05
1.966693838e-05
6.390187739e-06
6.310401169e-06
8.054280842e-06
2.130230369e-05
1.734506254e-05
4.408608975e-06
1.093860422e-05
2.066115026e-05
2.018166405e-05
1.496146219e-05
6.931296604e-06
1.164936778e-05
2.487058961e-05
1.809937222e-05
1.484551408e-05
1.653394596e-05
1.044136776e-05
2.218217759e-05
1.742962533e-05
1.591314406e-05
2.032689394e-05
8.404483752e-06
1.795052477e-05
1.815275552e-05
1.693835128e-05
1.956891996e-05
6.398221877e-06
1.39692907e-05
1.809515648e-05
1.658208831e-05
1.690180604e-05
6.454799464e-06
1.118500695e-05
1.713026563e-05
1.581673195e-05
1.641930872e-05
1.288957042e-05
9.830964833e-06
1.641043956e-05
1.558767952e-05
1.674749516e-05
1.627341239e-05
8.57385016e-06
1.621871476e-05
1.573822491e-05
1.686164694e-05
1.688591978e-05
7.327946631e-06
1.605480015e-05
1.564505477e-05
1.634582229e-05
1.617213806e-05
6.850680352e-06
1.557683527e-05
1.518679652e-05
1.579971688e-05
1.615650776e-05
1.051602021e-05
1.507190543e-05
1.480496367e-05
1.555581839e-05
1.650217183e-05
1.325694128e-05
1.475137814e-05
1.465757696e-05
1.549304861e-05
1.665094629e-05
1.427730346e-05
1.45792453e-05
1.46296262e-05
1.542476276e-05
1.646763684e-05
1.434590269e-05
1.43766327e-05
1.449809318e-05
1.519433212e-05
1.598215512e-05
1.402546373e-05
1.39706662e-05
1.415914385e-05
1.482167875e-05
1.545971298e-05
1.388769369e-05
1.344877583e-05
1.375352281e-05
1.448042999e-05
1.512888821e-05
1.398254913e-05
1.295157049e-05
1.342881855e-05
1.426282508e-05
1.496405491e-05
1.407834446e-05
1.256775948e-05
1.323388007e-05
1.416062913e-05
1.487221654e-05
1.4070446e-05
1.229357791e-05
1.313560478e-05
1.411611287e-05
1.477403401e-05
1.393798956e-05
1.215420822e-05
1.310133382e-05
1.407950789e-05
1.462323632e-05
1.368817883e-05
1.211638433e-05
1.31033986e-05
1.402485997e-05
1.440621848e-05
1.334341316e-05
1.216875812e-05
1.313926729e-05
1.395689528e-05
1.41427865e-05
1.293229705e-05
1.232181424e-05
1.322463594e-05
1.389159263e-05
1.38402331e-05
1.243789664e-05
1.254961763e-05
1.336464114e-05
1.381502095e-05
1.346705711e-05
1.181428577e-05
1.285935091e-05
1.349930865e-05
1.366874213e-05
1.296014263e-05
1.101614054e-05
1.313592669e-05
1.35589679e-05
1.337229561e-05
1.224630144e-05
1.002030377e-05
1.339773285e-05
1.34796318e-05
1.283757018e-05
1.126584279e-05
8.845343136e-06
1.356908881e-05
1.311579103e-05
1.194833903e-05
9.986822737e-06
7.54574543e-06
1.324722693e-05
1.224955029e-05
1.060495585e-05
8.441510915e-06
6.201435353e-06
1.217714284e-05
1.071142411e-05
8.807776963e-06
6.742181087e-06
4.899783163e-06
1.016455767e-05
8.527098564e-06
6.740702447e-06
5.062010855e-06
3.729662696e-06
7.473082023e-06
6.091036912e-06
4.742762913e-06
3.593205328e-06
2.778742866e-06
4.883833658e-06
3.966871121e-06
3.13116461e-06
2.481200572e-06
2.113257025e-06
2.952793474e-06
2.450343616e-06
2.029476082e-06
1.766675249e-06
1.74956846e-06
1.738612417e-06
1.525853736e-06
1.396456206e-06
1.418601288e-06
1.671334001e-06
1.081161574e-06
1.062692304e-06
1.143876315e-06
1.38489262e-06
1.815538313e-06
8.224948747e-07
9.543586958e-07
1.201941546e-06
1.587392917e-06
2.113895785e-06
8.869330009e-07
1.134833544e-06
1.484544173e-06
1.942676368e-06
2.505276262e-06
1.201202842e-06
1.50794313e-06
1.901399377e-06
2.380558807e-06
2.937972521e-06
1.657193069e-06
1.981364093e-06
2.378929163e-06
2.844891784e-06
3.370721876e-06
2.170572772e-06
2.485216974e-06
2.861758159e-06
3.293714942e-06
3.772977057e-06
2.679287109e-06
2.968516353e-06
3.309936815e-06
3.697181263e-06
4.123359878e-06
3.141015632e-06
3.396706886e-06
3.69686154e-06
4.035910426e-06
4.40846685e-06
3.527837473e-06
3.748184903e-06
4.006752856e-06
4.299205327e-06
4.621508951e-06
3.825040359e-06
4.012196717e-06
4.232568776e-06
4.483031789e-06
4.760811463e-06
4.028684571e-06
4.187018201e-06
4.374541142e-06
4.589176027e-06
4.829136302e-06
4.143594446e-06
4.278226418e-06
4.438797545e-06
4.624095856e-06
4.833159387e-06
4.179902914e-06
4.295791234e-06
4.434999504e-06
4.596802099e-06
4.780736807e-06
4.1510255e-06
4.251554155e-06
4.372468332e-06
4.514490058e-06
4.677226039e-06
4.072476769e-06
4.161857784e-06
4.270289834e-06
4.397807964e-06
4.544453677e-06
3.963427814e-06
4.044250048e-06
4.142653804e-06
4.258750893e-06
4.392691248e-06
3.835908539e-06
3.91009435e-06
4.000606437e-06
4.107616526e-06
4.231321681e-06
3.70037072e-06
3.769285283e-06
3.853451931e-06
3.953060493e-06
4.068315444e-06
3.565053056e-06
3.629646309e-06
3.708558205e-06
3.801971011e-06
3.910074927e-06
3.436047713e-06
3.496990606e-06
3.571431308e-06
3.659531434e-06
3.761455305e-06
3.317616148e-06
3.375395287e-06
3.445941067e-06
3.529386932e-06
3.625862946e-06
3.212497769e-06
3.267466483e-06
3.334536518e-06
3.413806243e-06
3.505362436e-06
3.122158572e-06
3.174551311e-06
3.238418881e-06
3.313815363e-06
3.400772227e-06
3.046949702e-06
3.096882514e-06
3.157674967e-06
3.229328219e-06
3.311808075e-06
2.9862149e-06
3.033691411e-06
3.091401025e-06
3.159284904e-06
3.237235409e-06
2.938545218e-06
2.983482737e-06
3.038000435e-06
3.101975651e-06
3.175224077e-06
2.901866084e-06
2.944119868e-06
2.995267607e-06
3.055123155e-06
3.123427524e-06
2.873978624e-06
2.913386745e-06
2.960969923e-06
3.016481642e-06
3.079593516e-06
2.852329187e-06
2.888722038e-06
2.932542947e-06
2.983491705e-06
3.041179787e-06
2.834622092e-06
2.867860109e-06
2.907756635e-06
2.953964271e-06
3.006043671e-06
2.818321262e-06
2.848303797e-06
2.884172825e-06
2.925546122e-06
2.971949119e-06
2.798783717e-06
2.825819306e-06
2.858057003e-06
2.895092367e-06
2.936430205e-06
5.734797241e-07
3.476725915e-08
4.465347294e-09
8.952295384e-10
2.434288598e-10
8.134282642e-11
3.48515496e-11
1.977172865e-11
1.327381065e-11
9.456412536e-12
6.802689892e-12
4.867854443e-12
3.453335408e-12
2.429202717e-12
1.696978178e-12
1.179639928e-12
8.181207425e-13
5.676805206e-13
3.953298399e-13
2.771835681e-13
1.963173534e-13
1.409084637e-13
1.027924868e-13
7.637510434e-14
5.784703216e-14
4.462021994e-14
3.494473383e-14
2.765460733e-14
2.199234794e-14
1.748203479e-14
1.383384758e-14
1.087118159e-14
8.478241377e-15
6.566671953e-15
5.057881775e-15
3.877387777e-15
2.956591448e-15
2.23702025e-15
1.673111865e-15
1.231855134e-15
8.898325697e-16
6.294736391e-16
4.361048982e-16
2.964515844e-16
1.983639454e-16
1.311605848e-16
8.602662045e-17
5.614522987e-17
3.654329736e-17
2.375422579e-17
1.543677184e-17
1.003841258e-17
6.535623497e-18
4.253087934e-18
2.745206479e-18
1.720682954e-18
9.945803987e-19
4.732238247e-19
1.314445295e-19
1.259822545e-20
1.539284407e-06
8.787998971e-08
1.099426955e-08
2.462023581e-09
9.401286474e-10
5.220409138e-10
3.463718917e-10
2.452745443e-10
1.725032854e-10
1.194177117e-10
8.077570354e-11
5.373958322e-11
3.529636794e-11
2.301950924e-11
1.497673134e-11
9.761470682e-12
6.397408966e-12
4.228880903e-12
2.827938256e-12
1.918142281e-12
1.323130823e-12
9.306167253e-13
6.689694174e-13
4.921879358e-13
3.706560197e-13
2.851663186e-13
2.232336199e-13
1.768038242e-13
1.407933483e-13
1.120853258e-13
8.882830457e-14
6.991627971e-14
5.462663798e-14
4.240483316e-14
3.275251201e-14
2.519251459e-14
1.928306049e-14
1.464836294e-14
1.099848005e-14
8.126792929e-15
5.889189755e-15
4.178110635e-15
2.902584418e-15
1.978570521e-15
1.327817205e-15
8.807863411e-16
5.796925347e-16
3.797072071e-16
2.480441296e-16
1.61802274e-16
1.054899669e-16
6.880261949e-17
4.491276841e-17
2.929119263e-17
1.893599693e-17
1.188285871e-17
6.893125184e-18
3.334806111e-18
1.025902396e-18
1.331371454e-19
4.388471562e-06
2.087875012e-07
2.023710728e-08
6.060284373e-09
3.557563232e-09
2.610848611e-09
1.961683719e-09
1.462122948e-09
1.052783253e-09
7.387046659e-10
5.019129009e-10
3.329210642e-10
2.157261279e-10
1.374327789e-10
8.646786411e-11
5.408061844e-11
3.384358343e-11
2.132944361e-11
1.36221903e-11
8.860942926e-12
5.895206883e-12
4.02429849e-12
2.825734611e-12
2.043181456e-12
1.520218369e-12
1.160441851e-12
9.040361115e-13
7.139761102e-13
5.677131606e-13
4.517814046e-13
3.582768096e-13
2.825016047e-13
2.213909106e-13
1.72602012e-13
1.340594562e-13
1.038039103e-13
8.004182472e-14
6.126754995e-14
4.634321308e-14
3.448012805e-14
2.514422485e-14
1.794103216e-14
1.252995991e-14
8.584360959e-15
5.789843597e-15
3.860281548e-15
2.554161305e-15
1.682131879e-15
1.104839821e-15
7.245136158e-16
4.747200576e-16
3.110282781e-16
2.038282609e-16
1.333414886e-16
8.636801415e-17
5.424154686e-17
3.153850299e-17
1.537713813e-17
4.938595226e-18
7.205421767e-19
1.572172163e-05
1.488884239e-06
1.0941207e-07
2.194066934e-08
1.278183147e-08
9.681117483e-09
7.466874556e-09
5.651441033e-09
4.159305803e-09
2.982251132e-09
2.078919465e-09
1.413226292e-09
9.367683515e-10
6.076381034e-10
3.864189963e-10
2.420879182e-10
1.500851612e-10
9.271505294e-11
5.747916701e-11
3.605965277e-11
2.307139797e-11
1.51586314e-11
1.02804728e-11
7.217385964e-12
5.244504164e-12
3.930623941e-12
3.019632822e-12
2.359608661e-12
1.861276885e-12
1.472752823e-12
1.16393465e-12
9.168071649e-13
7.195846258e-13
5.633693282e-13
4.405410051e-13
3.441677716e-13
2.681275593e-13
2.074648131e-13
1.585990035e-13
1.191858205e-13
8.772646863e-14
6.313791523e-14
4.445536169e-14
3.069484245e-14
2.086068407e-14
1.401347585e-14
9.341047814e-15
6.19639548e-15
4.097924789e-15
2.70477405e-15
1.783129847e-15
1.17493292e-15
7.738218522e-16
5.082126769e-16
3.299807144e-16
2.074270293e-16
1.208411366e-16
5.92964967e-17
1.961596663e-17
3.153835134e-18
3.047044249e-05
4.959891129e-06
4.339832919e-07
6.984060741e-08
3.609404892e-08
2.674868909e-08
2.064408674e-08
1.579767194e-08
1.189868221e-08
8.798897369e-09
6.373142538e-09
4.519273269e-09
3.133550363e-09
2.126159373e-09
1.411282823e-09
9.183836562e-10
5.867053084e-10
3.695197952e-10
2.304055222e-10
1.432888563e-10
8.957554046e-11
5.686293514e-11
3.699625306e-11
2.486936367e-11
1.734235674e-11
1.253739627e-11
9.347296383e-12
7.130382283e-12
5.519085565e-12
4.304161862e-12
3.365666703e-12
2.632365424e-12
2.058646021e-12
1.61167578e-12
1.264888134e-12
9.952539452e-13
7.830848041e-13
6.1297392e-13
4.743246533e-13
3.607184225e-13
2.685029519e-13
1.952808414e-13
1.388552713e-13
9.678512651e-14
6.639527534e-14
4.502294943e-14
3.029091502e-14
2.027156598e-14
1.351523402e-14
8.984838095e-15
5.960555026e-15
3.948954776e-15
2.612857849e-15
1.722188753e-15
1.120798362e-15
7.053764805e-16
4.117546816e-16
2.035027649e-16
6.91481765e-17
1.239201785e-17
3.149353607e-05
1.389862406e-05
1.914521841e-06
2.45766938e-07
9.157846553e-08
6.044093132e-08
4.517802278e-08
3.459304859e-08
2.654760659e-08
2.02435708e-08
1.526123641e-08
1.133870369e-08
8.283656312e-09
5.943297492e-09
4.181876532e-09
2.884767814e-09
1.95018365e-09
1.293249643e-09
8.420685348e-10
5.403043838e-10
3.431033436e-10
2.173186895e-10
1.38465248e-10
8.971716108e-11
5.967128028e-11
4.102218253e-11
2.917500905e-11
2.137443558e-11
1.600875608e-11
1.216287345e-11
9.318373122e-12
7.174768946e-12
5.546968485e-12
4.310440645e-12
3.372565722e-12
2.657917923e-12
2.103924078e-12
1.662580371e-12
1.301720116e-12
1.002614614e-12
7.557134326e-13
5.560244266e-13
3.994570736e-13
2.810065546e-13
1.944775865e-13
1.330819675e-13
9.040042878e-14
6.109422857e-14
4.111717936e-14
2.756769862e-14
1.842092e-14
1.227514595e-14
8.158104775e-15
5.394549884e-15
3.519288326e-15
2.220510976e-15
1.302119687e-15
6.514162617e-16
2.286705069e-16
4.618967757e-17
2.699815894e-05
2.818378879e-05
6.303512152e-06
8.579258314e-07
1.997180755e-07
1.104913224e-07
7.918731565e-08
6.053073799e-08
4.712142635e-08
3.680237817e-08
2.863757586e-08
2.211567379e-08
1.690559597e-08
1.27675483e-08
9.511945427e-09
6.98078249e-09
5.039055209e-09
3.573244625e-09
2.486345188e-09
1.697920602e-09
1.138921437e-09
7.525677023e-10
4.918523642e-10
3.201547976e-10
2.093072433e-10
1.388686354e-10
9.42669927e-11
6.577765691e-11
4.713771227e-11
3.452750079e-11
2.568660895e-11
1.931026628e-11
1.46326711e-11
1.117753166e-11
8.623272743e-12
6.731906948e-12
5.310318444e-12
4.206884689e-12
3.31891998e-12
2.585174257e-12
1.974005604e-12
1.471584116e-12
1.06977117e-12
7.597836548e-13
5.298333384e-13
3.650601185e-13
2.497757209e-13
1.701637433e-13
1.155165744e-13
7.812840759e-14
5.26327399e-14
3.531890435e-14
2.36029194e-14
1.567206971e-14
1.02609671e-14
6.506626255e-15
3.85088052e-15
1.965614049e-15
7.221817045e-16
1.657684136e-16
2.255466008e-05
3.248883677e-05
1.613749703e-05
3.058483725e-06
5.360236866e-07
1.993952245e-07
1.240176575e-07
9.156268218e-08
7.113583114e-08
5.619833007e-08
4.457488488e-08
3.528289264e-08
2.77779295e-08
2.170737381e-08
1.681416051e-08
1.289509236e-08
9.781582531e-09
7.332073111e-09
5.42449221e-09
3.955565941e-09
2.839157131e-09
2.003914644e-09
1.390441392e-09
9.499077078e-10
6.413067347e-10
4.304832301e-10
2.894689611e-10
1.965936874e-10
1.357607396e-10
9.569075501e-11
6.880136976e-11
5.029681602e-11
3.724402634e-11
2.787166695e-11
2.107449635e-11
1.613205874e-11
1.252350979e-11
9.827487341e-12
7.735754734e-12
6.05508407e-12
4.673903916e-12
3.533532316e-12
2.606161247e-12
1.874262993e-12
1.31916338e-12
9.148543739e-13
6.291782382e-13
4.307845381e-13
2.940965864e-13
2.002116663e-13
1.358421685e-13
9.181312445e-14
6.176479244e-14
4.124898889e-14
2.715384e-14
1.733705128e-14
1.037943002e-14
5.41622339e-15
2.085342837e-15
5.386909093e-16
1.883467449e-05
3.08074724e-05
2.765139762e-05
8.655119478e-06
1.603795088e-06
3.988998726e-07
1.913452031e-07
1.29031093e-07
9.79421004e-08
7.739418858e-08
6.204994993e-08
4.994740643e-08
4.015928804e-08
3.216046523e-08
2.560770082e-08
2.02501038e-08
1.588934745e-08
1.236153161e-08
9.527846758e-09
7.269386319e-09
5.48467231e-09
4.087973777e-09
3.007453476e-09
2.18172173e-09
1.559820879e-09
1.099838075e-09
7.662251951e-10
5.296113049e-10
3.65447874e-10
2.53543484e-10
1.778950819e-10
1.266683349e-10
9.159573577e-11
6.718900077e-11
4.989887489e-11
3.746902478e-11
2.846814659e-11
2.190096772e-11
1.699271588e-11
1.32045685e-11
1.020514126e-11
7.793729484e-12
5.842284022e-12
4.275690787e-12
3.051419675e-12
2.136192135e-12
1.478242941e-12
1.016212473e-12
6.959089576e-13
4.753483026e-13
3.239751296e-13
2.202381058e-13
1.491527875e-13
1.003223105e-13
6.655251113e-14
4.289542527e-14
2.604618039e-14
1.393121523e-14
5.635201531e-15
1.621456076e-15
1.536574178e-05
2.683628971e-05
3.234200029e-05
1.69898581e-05
4.412016296e-06
8.850885163e-07
3.050038558e-07
1.771307202e-07
1.281648924e-07
1.002248695e-07
8.069712352e-08
6.571403229e-08
5.368836368e-08
4.382268634e-08
3.565063855e-08
2.886278994e-08
2.323159132e-08
1.857662025e-08
1.474765891e-08
1.161652089e-08
9.070966553e-09
7.018411902e-09
5.375303722e-09
4.07126357e-09
3.046685095e-09
2.251371941e-09
1.642953534e-09
1.184826181e-09
8.456821592e-10
5.991733533e-10
4.231757072e-10
2.995333088e-10
2.136652543e-10
1.542375406e-10
1.12858243e-10
8.363644387e-11
6.262970343e-11
4.733219809e-11
3.605906222e-11
2.760749074e-11
2.112854173e-11
1.608790715e-11
1.21421633e-11
9.037352468e-12
6.586197602e-12
4.687410523e-12
3.276693668e-12
2.265725531e-12
1.556579874e-12
1.065121155e-12
7.27169653e-13
4.957823543e-13
3.373988246e-13
2.284951578e-13
1.529247414e-13
9.972700362e-14
6.157811815e-14
3.385790519e-14
1.44333757e-14
4.57040105e-15
1.239206323e-05
2.255516049e-05
3.134111038e-05
2.576632488e-05
9.678388588e-06
2.273550705e-06
5.689682256e-07
2.531088151e-07
1.655764061e-07
1.25635731e-07
1.006644315e-07
8.246776266e-08
6.817250359e-08
5.64969508e-08
4.677085176e-08
3.859655377e-08
3.170925324e-08
2.590949732e-08
2.105016056e-08
1.699471737e-08
1.362424838e-08
1.083719151e-08
8.545850213e-09
6.674728298e-09
5.158896854e-09
3.942541665e-09
2.977596706e-09
2.222278666e-09
1.639723332e-09
1.19759889e-09
8.677644283e-10
6.257030057e-10
4.506450154e-10
3.256362709e-10
2.371562939e-10
1.746267975e-10
1.300354032e-10
9.767731734e-11
7.377898865e-11
5.589550094e-11
4.238217498e-11
3.205015726e-11
2.409850789e-11
1.798452332e-11
1.32875053e-11
9.662973201e-12
6.887154501e-12
4.818715275e-12
3.328591871e-12
2.282413226e-12
1.55944645e-12
1.064120319e-12
7.257734005e-13
4.93831792e-13
3.331648353e-13
2.199491797e-13
1.383783289e-13
7.84190459e-14
3.533084006e-14
1.216766967e-14
1.023503269e-05
1.909735333e-05
2.884017921e-05
3.072695994e-05
1.694925191e-05
5.584733379e-06
1.341585122e-06
4.185811208e-07
2.202015069e-07
1.547485821e-07
1.213571988e-07
9.927313744e-08
8.267078623e-08
6.932622112e-08
5.820513476e-08
4.880503252e-08
4.080555782e-08
3.397446683e-08
2.814565851e-08
2.318680635e-08
1.898097893e-08
1.542818367e-08
1.244212053e-08
9.947233111e-09
7.877058058e-09
6.173201541e-09
4.784342574e-09
3.665101122e-09
2.774962497e-09
2.077481681e-09
1.539793525e-09
1.13233092e-09
8.286840684e-10
6.058762744e-10
4.444720872e-10
3.285059337e-10
2.452104034e-10
1.848146906e-10
1.402720372e-10
1.067534685e-10
8.115696302e-11
6.146701865e-11
4.62686795e-11
3.455601913e-11
2.559399474e-11
1.878805852e-11
1.362984182e-11
9.732270138e-12
6.82480165e-12
4.71326129e-12
3.225469864e-12
2.200464002e-12
1.501204528e-12
1.02377019e-12
6.94631162e-13
4.636652441e-13
2.973913638e-13
1.741128208e-13
8.313658584e-14
3.083379427e-14
9.153163549e-06
1.630532848e-05
2.554272338e-05
3.093299606e-05
2.324430404e-05
1.050154059e-05
3.331286094e-06
8.75746578e-07
3.262795091e-07
1.909946786e-07
1.406897298e-07
1.131551148e-07
9.415865996e-08
7.959065005e-08
6.74684525e-08
5.743730803e-08
4.880167856e-08
4.131545041e-08
3.481453701e-08
2.917838176e-08
2.430737668e-08
2.011530483e-08
1.65249539e-08
1.34665259e-08
1.08771513e-08
8.700483837e-09
6.886198301e-09
5.38912984e-09
4.168431667e-09
3.186780507e-09
2.409637606e-09
1.804745383e-09
1.342079216e-09
9.942510992e-10
7.368745901e-10
5.487738236e-10
4.122055152e-10
3.128601485e-10
2.397379872e-10
1.848967954e-10
1.428142111e-10
1.099108831e-10
8.393457856e-11
6.340189928e-11
4.735049661e-11
3.498123467e-11
2.556833975e-11
1.849075334e-11
1.320430927e-11
9.281349658e-12
6.423031206e-12
4.39748848e-12
2.99873021e-12
2.044667069e-12
1.391529037e-12
9.370480862e-13
6.123096564e-13
3.712821243e-13
1.884920397e-13
7.479573092e-14
8.334594378e-06
1.390617029e-05
2.229394415e-05
2.969821861e-05
2.848593047e-05
1.614379395e-05
6.693417794e-06
2.150405145e-06
6.255579825e-07
2.576530048e-07
1.585046784e-07
1.19581336e-07
9.78897382e-08
8.286576936e-08
7.072587244e-08
6.089208427e-08
5.238099296e-08
4.494129671e-08
3.840636762e-08
3.266311959e-08
2.762668654e-08
2.322673889e-08
1.940082998e-08
1.609084289e-08
1.324211914e-08
1.080354587e-08
8.728674992e-09
6.97672436e-09
5.512262037e-09
4.30355733e-09
3.320537278e-09
2.534407771e-09
1.917439616e-09
1.442407748e-09
1.083192097e-09
8.156982687e-10
6.186048896e-10
4.739387799e-10
3.672139768e-10
2.873049292e-10
2.261027581e-10
1.779637506e-10
1.392644112e-10
1.077849172e-10
8.222628119e-11
6.177005485e-11
4.57107906e-11
3.336086771e-11
2.405646926e-11
1.714406468e-11
1.206163615e-11
8.372318166e-12
5.751414005e-12
3.931120596e-12
2.680936556e-12
1.817315135e-12
1.207129398e-12
7.579065921e-13
4.100779361e-13
1.740739073e-13
7.511574634e-06
1.182772971e-05
1.923632004e-05
2.703809675e-05
2.968679479e-05
2.1501641e-05
1.091251161e-05
4.49936174e-06
1.524384733e-06
4.729695192e-07
1.985244726e-07
1.216739246e-07
9.190034581e-08
7.590155809e-08
6.469582719e-08
5.585764374e-08
4.843013906e-08
4.199485436e-08
3.633656765e-08
3.13305842e-08
2.689546423e-08
2.297116923e-08
1.95087101e-08
1.646527921e-08
1.380158574e-08
1.14813547e-08
9.470938207e-09
7.739034682e-09
6.257199346e-09
5.001452965e-09
3.951589337e-09
3.087181749e-09
2.387362279e-09
1.832225493e-09
1.40107814e-09
1.072261033e-09
8.251910178e-10
6.412025111e-10
5.041405236e-10
4.009751928e-10
3.21757157e-10
2.592605389e-10
2.085154935e-10
1.663536437e-10
1.308962927e-10
1.011649859e-10
7.665679376e-11
5.696880674e-11
4.160864783e-11
2.994976469e-11
2.129749272e-11
1.497756776e-11
1.042204534e-11
7.196243574e-12
4.946236661e-12
3.38227253e-12
2.2804924e-12
1.47697737e-12
8.502405134e-13
3.883485361e-13
6.79571652e-06
1.007715721e-05
1.65989366e-05
2.402913433e-05
2.908712575e-05
2.65502561e-05
1.589225758e-05
7.679287629e-06
3.265256113e-06
1.18881527e-06
3.799001801e-07
1.491246987e-07
8.559611395e-08
6.301239861e-08
5.156637745e-08
4.398954307e-08
3.814785483e-08
3.329408241e-08
2.910536744e-08
2.541943805e-08
2.214461846e-08
1.922318214e-08
1.66146182e-08
1.428753217e-08
1.221562569e-08
1.037577943e-08
8.74746585e-09
7.312573378e-09
6.055078083e-09
4.961589221e-09
4.021450665e-09
3.224870569e-09
2.561399524e-09
2.018717604e-09
1.583487053e-09
1.241469938e-09
9.772662926e-10
7.756607881e-10
6.224535209e-10
5.05398049e-10
4.145313299e-10
3.421357588e-10
2.826462014e-10
2.323445615e-10
1.889376399e-10
1.511683652e-10
1.184918508e-10
9.073688666e-11
6.784364536e-11
4.964192036e-11
3.569571569e-11
2.534384132e-11
1.782855245e-11
1.245746133e-11
8.664168072e-12
5.99975666e-12
4.114190751e-12
2.740521528e-12
1.669951401e-12
8.26020418e-13
6.504672719e-06
8.705450674e-06
1.44310266e-05
2.130024311e-05
2.735253712e-05
2.828955002e-05
2.043548875e-05
1.144010505e-05
5.566985925e-06
2.470732672e-06
9.415130317e-07
3.003243145e-07
1.05709645e-07
5.533688526e-08
3.922997463e-08
3.167685758e-08
2.691585841e-08
2.337686722e-08
2.049985113e-08
1.804304468e-08
1.588831758e-08
1.397171144e-08
1.225461956e-08
1.071116022e-08
9.32225179e-09
8.072551399e-09
6.949206272e-09
5.94146067e-09
5.040594345e-09
4.239879486e-09
3.533961441e-09
2.918432309e-09
2.389488849e-09
1.942828895e-09
1.572868045e-09
1.272851286e-09
1.034022126e-09
8.460005183e-10
6.986133263e-10
5.826665767e-10
4.90229672e-10
4.149353665e-10
3.518830523e-10
2.974334932e-10
2.492287408e-10
2.059693711e-10
1.67096189e-10
1.325290076e-10
1.024465647e-10
7.709856857e-11
5.659424683e-11
4.073387515e-11
2.894864216e-11
2.043470685e-11
1.438046139e-11
1.010000684e-11
7.05448553e-12
4.830407437e-12
3.098190295e-12
1.666768399e-12
7.482625474e-06
7.870831149e-06
1.271234433e-05
1.894260502e-05
2.512414482e-05
2.81881728e-05
2.49028087e-05
1.568401641e-05
8.429934943e-06
4.134288721e-06
1.867866163e-06
7.03128564e-07
2.102574211e-07
6.84501935e-08
3.424585863e-08
2.363929851e-08
1.879574957e-08
1.584195122e-08
1.370417123e-08
1.199792375e-08
1.056369756e-08
9.321334782e-09
8.225846975e-09
7.250416865e-09
6.377527189e-09
5.593710979e-09
4.888611422e-09
4.25417926e-09
3.684021495e-09
3.173117038e-09
2.717531627e-09
2.314160086e-09
1.96048276e-09
1.65422448e-09
1.392881981e-09
1.173422481e-09
9.919127358e-10
8.433106788e-10
7.221722202e-10
6.229451551e-10
5.4046781e-10
4.704154019e-10
4.094151079e-10
3.550581398e-10
3.055447184e-10
2.597188303e-10
2.171337555e-10
1.778299127e-10
1.421409594e-10
1.105614422e-10
8.359908297e-11
6.159166572e-11
4.449842525e-11
3.179808481e-11
2.26411799e-11
1.612627005e-11
1.147523628e-11
8.070322992e-12
5.416501919e-12
3.163128181e-12
8.772373394e-06
7.34582178e-06
1.128679035e-05
1.687249723e-05
2.283648602e-05
2.719141936e-05
2.664919249e-05
1.953015106e-05
1.166853313e-05
6.198112377e-06
3.040871316e-06
1.347041804e-06
4.643728283e-07
1.252736562e-07
4.106425521e-08
2.12011211e-08
1.460115838e-08
1.143171322e-08
9.477264696e-09
8.079370505e-09
6.989789371e-09
6.096650205e-09
5.341937896e-09
4.692188879e-09
4.126036967e-09
3.628219903e-09
3.189894621e-09
2.802783014e-09
2.460841085e-09
2.159299621e-09
1.894358519e-09
1.662176735e-09
1.4592623e-09
1.282509408e-09
1.129148873e-09
9.966835133e-10
8.827378265e-10
7.848864645e-10
7.006502551e-10
6.275023573e-10
5.629946623e-10
5.049658812e-10
4.515634107e-10
4.013913692e-10
3.536674646e-10
3.079681845e-10
2.641078953e-10
2.22271509e-10
1.829397639e-10
1.467687109e-10
1.145036543e-10
8.685412437e-11
6.428992497e-11
4.680190896e-11
3.382805594e-11
2.445796649e-11
1.772906959e-11
1.278943514e-11
8.930567651e-12
5.609618339e-12
9.578159649e-06
6.898237544e-06
1.004766726e-05
1.503616251e-05
2.063684205e-05
2.554445407e-05
2.716202081e-05
2.349696163e-05
1.531838027e-05
8.716948388e-06
4.542475781e-06
2.173520199e-06
8.811347624e-07
2.668229158e-07
6.870584773e-08
2.48568237e-08
1.376226064e-08
9.572085716e-09
7.375556102e-09
5.972303992e-09
4.970064793e-09
4.205026294e-09
3.596463593e-09
3.099542861e-09
2.68692596e-09
2.340542547e-09
2.047956406e-09
1.80039882e-09
1.591423114e-09
1.415676007e-09
1.268283055e-09
1.145478936e-09
1.042718605e-09
9.558432453e-10
8.812207578e-10
8.158370656e-10
7.573156181e-10
7.039596387e-10
6.545120368e-10
6.079452199e-10
5.633432627e-10
5.199171941e-10
4.770128462e-10
4.341060804e-10
3.909384887e-10
3.476593235e-10
3.046441523e-10
2.6231992e-10
2.212914403e-10
1.82353453e-10
1.464023595e-10
1.143678847e-10
8.706705441e-11
6.495556057e-11
4.79123002e-11
3.526709267e-11
2.605523236e-11
1.92524906e-11
1.391904926e-11
9.294686406e-12
9.949370889e-06
6.470547792e-06
8.954424293e-06
1.341360652e-05
1.860287474e-05
2.361924533e-05
2.660294159e-05
2.53053227e-05
1.862315222e-05
1.15442094e-05
6.401041927e-06
3.268367238e-06
1.502259714e-06
5.401679884e-07
1.427589249e-07
3.922290938e-08
1.632909816e-08
9.609298652e-09
6.724044231e-09
5.097333647e-09
4.028567709e-09
3.264239004e-09
2.69012188e-09
2.245738479e-09
1.895396098e-09
1.616206166e-09
1.392352527e-09
1.213211457e-09
1.071309139e-09
9.604830288e-10
8.754971834e-10
8.115698435e-10
7.639916332e-10
7.281463098e-10
6.997526999e-10
6.75451609e-10
6.52635592e-10
6.296039434e-10
6.053777697e-10
5.794144301e-10
5.513758453e-10
5.210704085e-10
4.88407681e-10
4.533809176e-10
4.160992591e-10
3.768902369e-10
3.363689653e-10
2.952700225e-10
2.543326579e-10
2.144156748e-10
1.765113603e-10
1.416806323e-10
1.10941898e-10
8.506062022e-11
6.430774275e-11
4.836622485e-11
3.646401235e-11
2.756387293e-11
2.055347178e-11
1.442999969e-11
1.002677438e-05
6.075750885e-06
7.995261869e-06
1.198871741e-05
1.676801265e-05
2.167408772e-05
2.548286774e-05
2.613259037e-05
2.220577021e-05
1.474697136e-05
8.648062009e-06
4.648933419e-06
2.295234992e-06
9.740830775e-07
3.116420125e-07
7.77953162e-08
2.416407162e-08
1.146412296e-08
7.110641385e-09
5.01111731e-09
3.756278187e-09
2.913785914e-09
2.310725923e-09
1.86298941e-09
1.523806673e-09
1.264464117e-09
1.065955152e-09
9.149672647e-10
8.018765717e-10
7.196495889e-10
6.624468922e-10
6.250691616e-10
6.027054468e-10
5.90730959e-10
5.848838856e-10
5.815843464e-10
5.78121755e-10
5.726547623e-10
5.640237519e-10
5.516543569e-10
5.352674888e-10
5.148226637e-10
4.904411224e-10
4.622874522e-10
4.306129364e-10
3.958415128e-10
3.586066731e-10
3.197644623e-10
2.802145122e-10
2.408386546e-10
2.026193325e-10
1.66643823e-10
1.34000375e-10
1.056071517e-10
8.19965697e-11
6.31791031e-11
4.867321772e-11
3.76020517e-11
2.882271497e-11
2.107402484e-11
9.936505587e-06
5.759895582e-06
7.184579665e-06
1.075866977e-05
1.514942626e-05
1.982677934e-05
2.396379224e-05
2.591309483e-05
2.410820504e-05
1.760019228e-05
1.113335729e-05
6.33977377e-06
3.329892309e-06
1.584746196e-06
6.110425989e-07
1.727241206e-07
4.468377951e-08
1.632159346e-08
8.608670158e-09
5.553985811e-09
3.9397888e-09
2.933532969e-09
2.248236991e-09
1.75846458e-09
1.399111639e-09
1.132136169e-09
9.334386253e-10
7.868433217e-10
6.809173147e-10
6.072724012e-10
5.592554742e-10
5.310912156e-10
5.177189649e-10
5.146009345e-10
5.176148313e-10
5.232302085e-10
5.286814488e-10
5.319981449e-10
5.318982017e-10
5.27627688e-10
5.187998529e-10
5.052648138e-10
4.870630627e-10
4.644256209e-10
4.375586462e-10
4.068614487e-10
3.72986026e-10
3.367448657e-10
2.99141121e-10
2.611716984e-10
2.237860508e-10
1.879871349e-10
1.548212696e-10
1.252206841e-10
9.982638734e-11
7.88656667e-11
6.213432856e-11
4.901510521e-11
3.849528918e-11
2.908020902e-11
9.756769406e-06
5.559946405e-06
6.523778571e-06
9.71078893e-06
1.37405814e-05
1.81410455e-05
2.235032242e-05
2.519668288e-05
2.509132142e-05
2.085118109e-05
1.395485222e-05
8.358671942e-06
4.6172827e-06
2.359466306e-06
1.065811471e-06
3.762723469e-07
9.949010711e-08
2.838242003e-08
1.189524516e-08
6.760223283e-09
4.487561951e-09
3.207662526e-09
2.386261014e-09
1.821039878e-09
1.417306168e-09
1.123648973e-09
9.090361236e-10
7.532322154e-10
6.42194106e-10
5.657131431e-10
5.16393278e-10
4.881889521e-10
4.756497987e-10
4.740189622e-10
4.791789936e-10
4.876177078e-10
4.965072348e-10
5.037470145e-10
5.078998558e-10
5.080642572e-10
5.037356405e-10
4.946918097e-10
4.80909424e-10
4.625164734e-10
4.397236669e-10
4.127500207e-10
3.821669484e-10
3.486571353e-10
3.13173879e-10
2.768615229e-10
2.408083001e-10
2.059201098e-10
1.731059509e-10
1.43231732e-10
1.169523816e-10
9.45995185e-11
7.616074683e-11
6.12670846e-11
4.91209651e-11
3.808002646e-11
9.482513542e-06
5.461510362e-06
6.021151531e-06
8.843136633e-06
1.253527898e-05
1.663541146e-05
2.074167677e-05
2.402857192e-05
2.507332002e-05
2.272690218e-05
1.644511727e-05
1.053206758e-05
6.14023825e-06
3.324849902e-06
1.65446597e-06
7.055741988e-07
2.302185788e-07
5.962262424e-08
1.90598709e-08
8.992519583e-09
5.434723504e-09
3.702055394e-09
2.674333718e-09
1.997674951e-09
1.527217288e-09
1.190967995e-09
9.480448153e-10
7.72917392e-10
6.48510916e-10
5.627367748e-10
5.066244219e-10
4.733531732e-10
4.572800202e-10
4.534456171e-10
4.57544826e-10
4.659372894e-10
4.75663147e-10
4.844529683e-10
4.906905761e-10
4.933139906e-10
4.916925154e-10
4.855127308e-10
4.746886157e-10
4.593006525e-10
4.395514835e-10
4.157393429e-10
3.88263987e-10
3.57651889e-10
3.246472508e-10
2.902074379e-10
2.555770065e-10
2.217503997e-10
1.895965738e-10
1.59887056e-10
1.332391433e-10
1.100003575e-10
9.02720108e-11
7.387031083e-11
6.020525826e-11
4.75847932e-11
9.06581355e-06
5.337918953e-06
5.617977482e-06
8.122089054e-06
1.15058416e-05
1.530426931e-05
1.922359053e-05
2.26784788e-05
2.453642542e-05
2.36068771e-05
1.907525349e-05
1.292209691e-05
7.916503828e-06
4.504580761e-06
2.392268821e-06
1.150737303e-06
4.543422734e-07
1.328075491e-07
3.555569995e-08
1.325906375e-08
6.992872736e-09
4.457978349e-09
3.108324302e-09
2.270331504e-09
1.706666363e-09
1.311605399e-09
1.029377755e-09
8.269271756e-10
6.829701356e-10
5.829295361e-10
5.162617359e-10
4.750496003e-10
4.530679394e-10
4.450459679e-10
4.464480687e-10
4.53421718e-10
4.62789527e-10
4.720595284e-10
4.793982005e-10
4.835529573e-10
4.837447311e-10
4.795568069e-10
4.70838888e-10
4.57634862e-10
4.401335898e-10
4.186342199e-10
3.935523224e-10
3.65408386e-10
3.348210372e-10
3.025666318e-10
2.695825723e-10
2.368708404e-10
2.053911613e-10
1.759221771e-10
1.49030463e-10
1.250991922e-10
1.042921761e-10
8.654020275e-11
7.138412505e-11
5.748625413e-11
8.476723188e-06
5.116536081e-06
5.278576236e-06
7.528169756e-06
1.06343628e-05
1.414746913e-05
1.784560285e-05
2.132184915e-05
2.37434658e-05
2.398761737e-05
2.113351933e-05
1.527652376e-05
9.854537024e-06
5.877539441e-06
3.287578117e-06
1.711470899e-06
7.880852367e-07
2.886623403e-07
7.925722159e-08
2.326648667e-08
9.906066921e-09
5.643215571e-09
3.727182966e-09
2.642843063e-09
1.949191277e-09
1.476330675e-09
1.14354242e-09
9.063728683e-10
7.376571978e-10
6.194946341e-10
5.393755635e-10
4.880821716e-10
4.585679265e-10
4.451237234e-10
4.428767831e-10
4.476939945e-10
4.561321005e-10
4.654290288e-10
4.734903159e-10
4.78833889e-10
4.80497853e-10
4.779347271e-10
4.709119274e-10
4.594298696e-10
4.436617301e-10
4.239099156e-10
4.005811129e-10
3.742133065e-10
3.454470744e-10
3.149518391e-10
2.834765807e-10
2.518580039e-10
2.20963664e-10
1.916089224e-10
1.644181855e-10
1.39797966e-10
1.17989597e-10
9.903035832e-11
8.269736771e-11
6.862609e-11
7.726316842e-06
4.791835931e-06
4.970570545e-06
7.030633201e-06
9.892633198e-06
1.313975049e-05
1.659805749e-05
1.99823714e-05
2.268599156e-05
2.370575652e-05
2.217808772e-05
1.735028633e-05
1.185300017e-05
7.415291364e-06
4.343841798e-06
2.394641312e-06
1.219902225e-06
5.371868115e-07
1.83089917e-07
4.93025424e-08
1.609549791e-08
7.645620637e-09
4.618769839e-09
3.136794052e-09
2.258701619e-09
1.683641065e-09
1.287380812e-09
1.007751054e-09
8.092126709e-10
6.694252298e-10
5.733233931e-10
5.101319389e-10
4.717730236e-10
4.519232958e-10
4.453195545e-10
4.474808061e-10
4.546552722e-10
4.637767612e-10
4.724539663e-10
4.789355704e-10
4.820362526e-10
4.810397749e-10
4.755992083e-10
4.656483315e-10
4.513306702e-10
4.329455242e-10
4.109047652e-10
3.857380415e-10
3.580838003e-10
3.286247391e-10
2.980624799e-10
2.671265506e-10
2.365591332e-10
2.070800263e-10
1.793565445e-10
1.539273547e-10
1.311946306e-10
1.114476376e-10
9.436988374e-11
8.169076723e-11
6.86206813e-06
4.410487655e-06
4.693795788e-06
6.6157966e-06
9.263687886e-06
1.226687417e-05
1.54876175e-05
1.872649973e-05
2.154133419e-05
2.313498119e-05
2.2627669e-05
1.935477305e-05
1.389348841e-05
9.085594925e-06
5.55151059e-06
3.20511188e-06
1.738371331e-06
8.513867811e-07
3.511428184e-07
1.080490961e-07
2.96844345e-08
1.119337304e-08
5.936942287e-09
3.79417408e-09
2.648881568e-09
1.938082697e-09
1.461898266e-09
1.130632749e-09
8.96662776e-10
7.315899073e-10
6.169966156e-10
5.401451649e-10
4.916973369e-10
4.645324458e-10
4.529031024e-10
4.519495712e-10
4.575687974e-10
4.663682688e-10
4.75633773e-10
4.83309854e-10
4.879472241e-10
4.886186813e-10
4.848225556e-10
4.763905076e-10
4.634091123e-10
4.461534843e-10
4.250406627e-10
4.006105185e-10
3.734979756e-10
3.443931875e-10
3.139882948e-10
2.82992027e-10
2.52141419e-10
2.22147608e-10
1.936873658e-10
1.674368547e-10
1.440907871e-10
1.238603597e-10
1.071231612e-10
9.736353348e-11
5.948540023e-06
4.019084772e-06
4.447475901e-06
6.26841091e-06
8.730676916e-06
1.151436117e-05
1.450842614e-05
1.757376374e-05
2.038714265e-05
2.23321282e-05
2.258286136e-05
2.047243619e-05
1.560021231e-05
1.074846665e-05
6.861155817e-06
4.131706812e-06
2.356375301e-06
1.254085944e-06
5.915284852e-07
2.23204019e-07
6.289961731e-08
1.888151798e-08
8.214026984e-09
4.743403255e-09
3.157882179e-09
2.252582693e-09
1.671766137e-09
1.276589645e-09
1.000344234e-09
8.05828832e-10
6.70048184e-10
5.776766969e-10
5.178376252e-10
4.824129578e-10
4.650443471e-10
4.604511632e-10
4.641625275e-10
4.724377054e-10
4.822252405e-10
4.911390606e-10
4.974295774e-10
4.99916781e-10
4.979005228e-10
4.910680494e-10
4.794097056e-10
4.631512171e-10
4.426982995e-10
4.185926708e-10
3.914827836e-10
3.620824755e-10
3.311120398e-10
2.993143885e-10
2.674851404e-10
2.364373447e-10
2.070305354e-10
1.801996681e-10
1.565127388e-10
1.365294022e-10
1.225914903e-10
1.157758509e-10
5.046154955e-06
3.654906133e-06
4.242107247e-06
5.987591962e-06
8.286492519e-06
1.087032188e-05
1.365227272e-05
1.653640208e-05
1.928590504e-05
2.142655419e-05
2.222782714e-05
2.104725509e-05
1.732437187e-05
1.24404556e-05
8.254044489e-06
5.15888725e-06
3.063740536e-06
1.719431058e-06
8.849320358e-07
3.985798836e-07
1.387006613e-07
3.821983002e-08
1.29000672e-08
6.294012167e-09
3.862317819e-09
2.649425109e-09
1.924454272e-09
1.448585716e-09
1.121598825e-09
8.927603923e-10
7.327114815e-10
6.227452222e-10
5.50044665e-10
5.052857432e-10
4.813461312e-10
4.724612117e-10
4.737836042e-10
4.812166019e-10
4.913506576e-10
5.014534167e-10
5.094481843e-10
5.138624684e-10
5.137534334e-10
5.086198016e-10
4.983162577e-10
4.829805151e-10
4.629718337e-10
4.388207461e-10
4.111936014e-10
3.808342258e-10
3.485382305e-10
3.151789531e-10
2.817156082e-10
2.492062259e-10
2.1884241e-10
1.914732765e-10
1.681407859e-10
1.511112609e-10
1.407663954e-10
1.362937712e-10
4.202907229e-06
3.338555732e-06
4.081014644e-06
5.767998251e-06
7.923312299e-06
1.03278243e-05
1.291319596e-05
1.561184058e-05
1.824734687e-05
2.045550933e-05
2.163084517e-05
2.115931109e-05
1.857425485e-05
1.39746985e-05
9.646454594e-06
6.252317804e-06
3.851835311e-06
2.25938594e-06
1.245241052e-06
6.183472114e-07
2.587617736e-07
8.070836981e-08
2.278673179e-08
8.92432932e-09
4.861595498e-09
3.157272438e-09
2.230383319e-09
1.650971159e-09
1.262489714e-09
9.935014198e-10
8.056227469e-10
6.756783041e-10
5.884084911e-10
5.330364206e-10
5.015255562e-10
4.875594502e-10
4.85874076e-10
4.91995982e-10
5.021572579e-10
5.13267042e-10
5.228987386e-10
5.292570227e-10
5.311174301e-10
5.277465794e-10
5.18819527e-10
5.043441626e-10
4.84598263e-10
4.600745548e-10
4.314271139e-10
3.994515862e-10
3.65079073e-10
3.293910112e-10
2.936598097e-10
2.59415299e-10
2.278791457e-10
2.008348573e-10
1.810578319e-10
1.68090978e-10
1.608240299e-10
1.580002868e-10
3.452631429e-06
3.081989274e-06
3.97067896e-06
5.61124615e-06
7.637948647e-06
9.877396233e-06
1.227832528e-05
1.479711749e-05
1.730075825e-05
1.950852422e-05
2.094511028e-05
2.105215805e-05
1.92719588e-05
1.529342574e-05
1.098175389e-05
7.373890165e-06
4.698615682e-06
2.859016033e-06
1.652509982e-06
8.853081728e-07
4.227042622e-07
1.602505072e-07
4.56372762e-08
1.429169036e-08
6.501777938e-09
3.860883453e-09
2.616124954e-09
1.893708775e-09
1.427166223e-09
1.109881512e-09
8.896246462e-10
7.368556007e-10
6.33053367e-10
5.656305086e-10
5.254449186e-10
5.054835783e-10
5.000214439e-10
5.042056342e-10
5.139114607e-10
5.25687871e-10
5.367461334e-10
5.449433915e-10
5.487393278e-10
5.471284221e-10
5.395630654e-10
5.258830753e-10
5.062442522e-10
4.810570105e-10
4.509610937e-10
4.168115384e-10
3.796965636e-10
3.409971756e-10
3.025065749e-10
2.659636111e-10
2.343923858e-10
2.115274275e-10
1.961568058e-10
1.86696221e-10
1.817444136e-10
1.800014148e-10
2.828891265e-06
2.897474124e-06
3.917446391e-06
5.517907756e-06
7.427482524e-06
9.515785074e-06
1.174612213e-05
1.408954086e-05
1.644693122e-05
1.859976555e-05
2.016571395e-05
2.065388618e-05
1.957216047e-05
1.645484553e-05
1.223008316e-05
8.484773429e-06
5.578509826e-06
3.5064451e-06
2.107523682e-06
1.196526577e-06
6.198493104e-07
2.801564758e-07
9.691570965e-08
2.720789602e-08
9.722407699e-09
4.973408097e-09
3.140477547e-09
2.196503261e-09
1.62346343e-09
1.245470002e-09
9.865208875e-10
8.07277253e-10
6.845770077e-10
6.034032525e-10
5.532233658e-10
5.261704876e-10
5.159974741e-10
5.174565259e-10
5.260624823e-10
5.380062129e-10
5.501321177e-10
5.599332991e-10
5.655261394e-10
5.655972186e-10
5.593391178e-10
5.463800723e-10
5.267100445e-10
5.006393051e-10
4.687791667e-10
4.320457517e-10
3.917194638e-10
3.496130923e-10
3.077282361e-10
2.698567106e-10
2.425695349e-10
2.243258857e-10
2.127438725e-10
2.059669711e-10
2.026250901e-10
2.015539125e-10
2.378115852e-06
2.80631317e-06
3.931132216e-06
5.490005606e-06
7.288624538e-06
9.234118518e-06
1.130303091e-05
1.347823081e-05
1.568627162e-05
1.775297611e-05
1.936586837e-05
2.009969466e-05
1.951142939e-05
1.71965228e-05
1.32785084e-05
9.518653467e-06
6.45288299e-06
4.180632067e-06
2.5985075e-06
1.540918956e-06
8.533870648e-07
4.268899168e-07
1.768146789e-07
5.434757452e-08
1.606360097e-08
6.750360239e-09
3.852565623e-09
2.573348701e-09
1.85702996e-09
1.403270816e-09
1.098165718e-09
8.881537213e-10
7.437719783e-10
6.468497848e-10
5.851355732e-10
5.497326805e-10
5.337642752e-10
5.315609623e-10
5.382728226e-10
5.497363062e-10
5.624309466e-10
5.734779412e-10
5.806314324e-10
5.822414554e-10
5.772077203e-10
5.64910298e-10
5.451414466e-10
5.180806641e-10
4.842886003e-10
4.447611031e-10
4.010940113e-10
3.549563944e-10
3.094794419e-10
2.75345885e-10
2.52777992e-10
2.38553802e-10
2.299150594e-10
2.250605765e-10
2.227775384e-10
2.220997289e-10
2.141159814e-06
2.828938808e-06
4.018736713e-06
5.525766415e-06
7.214819611e-06
9.023764634e-06
1.094032235e-05
1.295391328e-05
1.500882427e-05
1.696846085e-05
1.857839675e-05
1.94780894e-05
1.924924019e-05
1.756271259e-05
1.415988317e-05
1.045308151e-05
7.292658169e-06
4.859701529e-06
3.112174425e-06
1.913302628e-06
1.116385441e-06
5.998577227e-07
2.863794183e-07
1.068141441e-07
3.060312824e-08
1.026800576e-08
4.992377661e-09
3.087088949e-09
2.148415253e-09
1.591304068e-09
1.228200827e-09
9.813799246e-10
8.117445763e-10
6.966754964e-10
6.216363649e-10
5.764495775e-10
5.534619651e-10
5.465262148e-10
5.504184461e-10
5.606232544e-10
5.732629997e-10
5.850890524e-10
5.934835815e-10
5.964448594e-10
5.925600707e-10
5.809380658e-10
5.611540849e-10
5.332265728e-10
4.976427453e-10
4.555113339e-10
4.079318866e-10
3.572323906e-10
3.123295989e-10
2.826635101e-10
2.644010613e-10
2.533738969e-10
2.468935498e-10
2.433545451e-10
2.417321178e-10
2.412760389e-10
2.104756208e-06
2.961799929e-06
4.175137334e-06
5.616295378e-06
7.194274295e-06
8.870605053e-06
1.064144853e-05
1.250113472e-05
1.440600381e-05
1.624598921e-05
1.781423697e-05
1.880673696e-05
1.886033703e-05
1.767511774e-05
1.482983605e-05
1.125546625e-05
8.068648958e-06
5.521831839e-06
3.634076759e-06
2.304123646e-06
1.398757162e-06
7.971103894e-07
4.146769788e-07
1.850570845e-07
6.249269756e-08
1.813219561e-08
7.059744667e-09
3.852382831e-09
2.530843793e-09
1.821320534e-09
1.381589095e-09
1.089396686e-09
8.898678995e-10
7.537423535e-10
6.633069642e-10
6.06723912e-10
5.753763871e-10
5.625308523e-10
5.625697333e-10
5.706284906e-10
5.82483592e-10
5.945275554e-10
6.037746656e-10
6.078717828e-10
6.050887483e-10
5.942609877e-10
5.747418617e-10
5.463936993e-10
5.096927529e-10
4.649931589e-10
4.130592066e-10
3.580122653e-10
3.168494401e-10
2.915038397e-10
2.767749849e-10
2.681424212e-10
2.631471401e-10
2.604453482e-10
2.592225935e-10
2.588852961e-10
2.237903064e-06
3.186705928e-06
4.385720382e-06
5.746966335e-06
7.211619384e-06
8.758296541e-06
1.038813243e-05
1.210224365e-05
1.386409958e-05
1.558160863e-05
1.708673952e-05
1.812518954e-05
1.838300901e-05
1.758731741e-05
1.527597063e-05
1.191818274e-05
8.762936124e-06
6.149489182e-06
4.151043029e-06
2.705314969e-06
1.698252814e-06
1.015579088e-06
5.633300695e-07
2.815965556e-07
1.132958597e-07
3.409562174e-08
1.088845626e-08
5.023985979e-09
3.038864117e-09
2.104782366e-09
1.563352177e-09
1.214828612e-09
9.79673477e-10
8.190329942e-10
7.108472939e-10
6.410830889e-10
5.999193799e-10
5.799031355e-10
5.749699561e-10
5.799071916e-10
5.901588012e-10
6.017776107e-10
6.114276657e-10
6.164179509e-10
6.147112978e-10
6.04882499e-10
5.860975887e-10
5.581938277e-10
5.209918715e-10
4.743366482e-10
4.191767687e-10
3.620924236e-10
3.235072213e-10
3.014666272e-10
2.893652047e-10
2.824109153e-10
2.783572666e-10
2.761305688e-10
2.751272245e-10
2.748457729e-10
2.499599264e-06
3.478078568e-06
4.631970353e-06
5.902315909e-06
7.253236587e-06
8.675419986e-06
1.017422135e-05
1.174791404e-05
1.337304678e-05
1.496754346e-05
1.639401879e-05
1.744306294e-05
1.782849339e-05
1.730200563e-05
1.546283163e-05
1.242753586e-05
9.351978225e-06
6.720339792e-06
4.645907962e-06
3.104754393e-06
2.005706957e-06
1.244241295e-06
7.277916875e-07
3.923248136e-07
1.849894617e-07
6.711650007e-08
1.966960193e-08
7.266094228e-09
3.827064857e-09
2.484252487e-09
1.787708742e-09
1.363365808e-09
1.083868612e-09
8.940675342e-10
7.652451938e-10
6.802516898e-10
6.276632524e-10
5.991235833e-10
5.8802252e-10
5.887850271e-10
5.965356739e-10
6.070102835e-10
6.165513039e-10
6.221541371e-10
6.214959066e-10
6.129331303e-10
5.955759883e-10
5.687479845e-10
5.31820267e-10
4.845442842e-10
4.280846915e-10
3.696364432e-10
3.320713001e-10
3.120041052e-10
3.016752815e-10
2.958292448e-10
2.923301678e-10
2.903551795e-10
2.894379811e-10
2.891657771e-10
2.845993087e-06
3.80809573e-06
4.89446011e-06
6.066933493e-06
7.305528155e-06
8.608702978e-06
9.981062843e-06
1.142520164e-05
1.291898193e-05
1.439274871e-05
1.572952573e-05
1.675627796e-05
1.723031982e-05
1.690833101e-05
1.545094099e-05
1.276745741e-05
9.82112217e-06
7.218719046e-06
5.104749735e-06
3.491955709e-06
2.31465235e-06
1.481724922e-06
9.062955956e-07
5.171546706e-07
2.68767726e-07
1.167610719e-07
3.825022928e-08
1.185322491e-08
5.148108676e-09
3.022847639e-09
2.076216464e-09
1.544059903e-09
1.206810343e-09
9.812028164e-10
8.279672123e-10
7.252680679e-10
6.594122888e-10
6.208516655e-10
6.022943991e-10
5.977450692e-10
6.020161942e-10
6.105489767e-10
6.193960031e-10
6.252700185e-10
6.256033089e-10
6.186380152e-10
6.030786618e-10
5.778533296e-10
5.421682824e-10
4.956655632e-10
4.392076309e-10
3.795548203e-10
3.415751372e-10
3.223243176e-10
3.131395634e-10
3.080507503e-10
3.049293502e-10
3.031098217e-10
3.022160168e-10
3.019269733e-10
3.236124978e-06
4.149987042e-06
5.154403119e-06
6.225855664e-06
7.35472369e-06
8.543390371e-06
9.798613262e-06
1.112042672e-05
1.248964271e-05
1.38457213e-05
1.509227107e-05
1.608340005e-05
1.660978155e-05
1.644573728e-05
1.529797309e-05
1.295764211e-05
1.01865075e-05
7.643677885e-06
5.520631788e-06
3.85907702e-06
2.618095396e-06
1.721585122e-06
1.089738856e-06
6.529005443e-07
3.635321967e-07
1.800897412e-07
7.022225566e-08
2.129138545e-08
7.561914205e-09
3.843808473e-09
2.461911776e-09
1.769215881e-09
1.354477832e-09
1.083911928e-09
9.012382397e-10
7.776813835e-10
6.96335964e-10
6.460240576e-10
6.185679814e-10
6.074556463e-10
6.071627843e-10
6.128543184e-10
6.203218914e-10
6.260346504e-10
6.272570897e-10
6.219082605e-10
6.083410415e-10
5.852753144e-10
5.517405716e-10
5.071535217e-10
4.520165777e-10
3.917643102e-10
3.517110761e-10
3.320016719e-10
3.234134406e-10
3.189323084e-10
3.161623179e-10
3.144526808e-10
3.135531492e-10
3.132440171e-10
3.634691024e-06
4.480487617e-06
5.395746515e-06
6.367029118e-06
7.391180155e-06
8.472762475e-06
9.617971788e-06
1.082708077e-05
1.207961686e-05
1.332674319e-05
1.448282443e-05
1.542710716e-05
1.598065463e-05
1.593787004e-05
1.503709035e-05
1.30061068e-05
1.044731539e-05
7.988530942e-06
5.884616832e-06
4.197635833e-06
2.909309648e-06
1.959488735e-06
1.27740259e-06
7.978909914e-07
4.675996196e-07
2.521020483e-07
1.167740065e-07
4.14811142e-08
1.286507703e-08
5.323320687e-09
3.038332558e-09
2.068648954e-09
1.539221564e-09
1.208417197e-09
9.88652271e-10
8.398572983e-10
7.401500095e-10
6.759770647e-10
6.379341155e-10
6.188314956e-10
6.127418431e-10
6.14549619e-10
6.198092236e-10
6.247953946e-10
6.265188352e-10
6.225941471e-10
6.111340601e-10
5.90649407e-10
5.599941902e-10
5.185007973e-10
4.666373112e-10
4.080459976e-10
3.632752347e-10
3.412845754e-10
3.324842715e-10
3.28508307e-10
3.261301783e-10
3.245472572e-10
3.236218249e-10
3.232907678e-10
4.01349259e-06
4.781053596e-06
5.60575798e-06
6.480914821e-06
7.407253031e-06
8.387954764e-06
9.429759429e-06
1.053070862e-05
1.167376856e-05
1.281702677e-05
1.389127648e-05
1.47861586e-05
1.534967258e-05
1.539735553e-05
1.469384223e-05
1.293218363e-05
1.059723599e-05
8.24876457e-06
6.190468439e-06
4.500657104e-06
3.181797712e-06
2.18988473e-06
1.464136458e-06
9.444820312e-07
5.788739554e-07
3.321853137e-07
1.720509074e-07
7.260123245e-08
2.356774131e-08
8.129929858e-09
3.96075096e-09
2.488570729e-09
1.77973873e-09
1.364224605e-09
1.095901991e-09
9.155236108e-10
7.934946869e-10
7.127125945e-10
6.619897795e-10
6.331846613e-10
6.198401955e-10
6.165173445e-10
6.185354606e-10
6.219582346e-10
6.235547229e-10
6.207011074e-10
6.112846763e-10
5.936232592e-10
5.664780456e-10
5.292142921e-10
4.821420741e-10
4.27743088e-10
3.778779995e-10
3.513380116e-10
3.407693207e-10
3.368709551e-10
3.348898017e-10
3.33523803e-10
3.325836485e-10
3.322152513e-10
4.351940588e-06
5.038370832e-06
5.775325545e-06
6.560393721e-06
7.394574569e-06
8.282359683e-06
9.229476237e-06
1.023249098e-05
1.127572058e-05
1.232373376e-05
1.33180943e-05
1.416118648e-05
1.472244063e-05
1.483660149e-05
1.428844401e-05
1.275908798e-05
1.064772636e-05
8.433979108e-06
6.437718408e-06
4.763995301e-06
3.43063526e-06
2.408402427e-06
1.646916749e-06
1.092366217e-06
6.962483093e-07
4.187824544e-07
2.33829032e-07
1.145894602e-07
4.403565844e-08
1.407642678e-08
5.635401328e-09
3.131807146e-09
2.110549409e-09
1.567158779e-09
1.2318025e-09
1.010208331e-09
8.602502585e-10
7.591897486e-10
6.931312217e-10
6.525199505e-10
6.301484036e-10
6.201527447e-10
6.175804788e-10
6.183039442e-10
6.188944568e-10
6.165186784e-10
6.088628647e-10
5.940921237e-10
5.70876933e-10
5.38520355e-10
4.971571677e-10
4.484782976e-10
3.982912428e-10
3.643766711e-10
3.494256897e-10
3.442988704e-10
3.424208988e-10
3.413627248e-10
3.404875571e-10
3.400340405e-10
4.635904115e-06
5.24342252e-06
5.897993296e-06
6.599155645e-06
7.349039701e-06
8.152994006e-06
9.0138957e-06
9.928040725e-06
1.088038255e-05
1.184235922e-05
1.276115489e-05
1.355196148e-05
1.410218629e-05
1.426317433e-05
1.38365715e-05
1.250439036e-05
1.060605164e-05
8.541076077e-06
6.622456733e-06
4.982563828e-06
3.650544783e-06
2.61028076e-06
1.821655658e-06
1.237529662e-06
8.130709182e-07
5.095368745e-07
3.009496439e-07
1.623812679e-07
7.430859657e-08
2.658284582e-08
9.105452875e-09
4.242915068e-09
2.603338081e-09
1.846041578e-09
1.411523133e-09
1.133378409e-09
9.46724905e-10
8.199808331e-10
7.349463904e-10
6.798434767e-10
6.46265491e-10
6.276613349e-10
6.187773429e-10
6.1530672e-10
6.136531079e-10
6.108131069e-10
6.043082831e-10
5.92155241e-10
5.728975229e-10
5.45712582e-10
5.105588983e-10
4.686067952e-10
4.233639451e-10
3.83328096e-10
3.607997765e-10
3.517559066e-10
3.488450911e-10
3.479399336e-10
3.472613053e-10
3.466573279e-10
4.856946761e-06
5.390862543e-06
5.97015905e-06
6.595733525e-06
7.270636097e-06
7.998425103e-06
8.781316734e-06
9.615222876e-06
1.04863703e-05
1.136967547e-05
1.221706227e-05
1.295549158e-05
1.348664432e-05
1.367445516e-05
1.33305361e-05
1.217008774e-05
1.046982526e-05
8.56541985e-06
6.74261915e-06
5.152840377e-06
3.837284076e-06
2.791364798e-06
1.984851915e-06
1.37762827e-06
9.293420159e-07
6.040101556e-07
3.728816168e-07
2.155048746e-07
1.115884452e-07
4.677281421e-08
1.591536918e-08
6.2596927e-09
3.377433978e-09
2.243527015e-09
1.656760557e-09
1.298982028e-09
1.063196939e-09
9.028981693e-10
7.934723391e-10
7.19999849e-10
6.721625723e-10
6.424073519e-10
6.250111909e-10
6.15401477e-10
6.09807279e-10
6.05087786e-10
5.986308157e-10
5.883152572e-10
5.725383288e-10
5.502831662e-10
5.212864832e-10
4.862533389e-10
4.473753028e-10
4.091249602e-10
3.781580805e-10
3.615229203e-10
3.549508236e-10
3.532731912e-10
3.527810361e-10
3.520128619e-10
5.011369384e-06
5.479343776e-06
5.991832935e-06
6.550601974e-06
7.158248178e-06
7.818353799e-06
8.531443364e-06
9.293157555e-06
1.009169605e-05
1.090299707e-05
1.168371999e-05
1.237090697e-05
1.287749009e-05
1.307694159e-05
1.278850695e-05
1.17739707e-05
1.025594999e-05
8.514377785e-06
6.802087597e-06
5.274594495e-06
3.98874087e-06
2.948865034e-06
2.133689175e-06
1.510064478e-06
1.042395314e-06
6.976239742e-07
4.472760027e-07
2.72157233e-07
1.531911209e-07
7.526311921e-08
2.958887768e-08
1.048751782e-08
4.764111257e-09
2.85901715e-09
2.007866674e-09
1.529342472e-09
1.224741019e-09
1.019463535e-09
8.783333849e-10
7.809826848e-10
7.144437929e-10
6.699359012e-10
6.409861423e-10
6.225772414e-10
6.106922115e-10
6.020336941e-10
5.938587334e-10
5.839110439e-10
5.704271919e-10
5.521845939e-10
5.286111863e-10
4.999483503e-10
4.674788067e-10
4.337612707e-10
4.023550783e-10
3.770661471e-10
3.629369239e-10
3.579894373e-10
3.570224384e-10
3.560002589e-10
5.099352507e-06
5.509907693e-06
5.96413861e-06
6.464488869e-06
7.013746732e-06
7.613871917e-06
8.26482211e-06
8.962231471e-06
9.694835817e-06
1.043964496e-05
1.115840938e-05
1.179575379e-05
1.227293183e-05
1.24692519e-05
1.220730032e-05
1.132360998e-05
9.975343862e-06
8.394844982e-06
6.801121742e-06
5.347424843e-06
4.103247265e-06
3.080369017e-06
2.265584047e-06
1.632482319e-06
1.150390664e-06
7.895420351e-07
5.234906654e-07
3.319341097e-07
1.986017919e-07
1.083848413e-07
5.033752797e-08
1.915385712e-08
7.517814134e-09
3.912008155e-09
2.545857568e-09
1.864594948e-09
1.456651006e-09
1.188994226e-09
1.004979164e-09
8.755665453e-10
7.84011161e-10
7.195327289e-10
6.745931218e-10
6.435524934e-10
6.220047225e-10
6.064056981e-10
5.938347618e-10
5.818767582e-10
5.685933397e-10
5.525441533e-10
5.328600325e-10
5.093262874e-10
4.824855438e-10
4.537100282e-10
4.250146392e-10
3.985454715e-10
3.764226647e-10
3.641162243e-10
3.604232063e-10
3.584815481e-10
5.12428687e-06
5.486536429e-06
5.891611339e-06
6.341842526e-06
6.839817127e-06
7.387065098e-06
7.982917097e-06
8.622827197e-06
9.295506557e-06
9.97923748e-06
1.06408721e-05
1.123105639e-05
1.16768919e-05
1.18614602e-05
1.161272552e-05
1.083809199e-05
9.642000045e-06
8.215248354e-06
6.744541138e-06
5.375230855e-06
4.181631817e-06
3.185153619e-06
2.379126022e-06
1.743295405e-06
1.251862913e-06
8.785702203e-07
5.993644739e-07
3.935716837e-07
2.469696635e-07
1.45138848e-07
7.669483223e-08
3.371298182e-08
1.291660503e-08
5.833108685e-09
3.425871553e-09
2.379831672e-09
1.807383215e-09
1.446009539e-09
1.199699448e-09
1.025071674e-09
8.98755368e-10
8.065727369e-10
7.391489369e-10
6.898338435e-10
6.536335315e-10
6.266240158e-10
6.056197737e-10
5.879999339e-10
5.716309676e-10
5.548553355e-10
5.365069506e-10
5.159377494e-10
4.930709313e-10
4.684256576e-10
4.430172096e-10
4.180869065e-10
3.948933094e-10
3.753041786e-10
3.644853974e-10
3.594713593e-10
5.092657919e-06
5.414706676e-06
5.7785815e-06
6.186730909e-06
6.640202581e-06
7.140884866e-06
7.687573038e-06
8.275092159e-06
8.891854254e-06
9.521057701e-06
1.01309664e-05
1.067724969e-05
1.10902084e-05
1.125448758e-05
1.101400502e-05
1.032976707e-05
9.268134706e-06
7.984519723e-06
6.638194832e-06
5.359594457e-06
4.224814108e-06
3.263017176e-06
2.473303409e-06
1.841087117e-06
1.345284465e-06
9.631789913e-07
6.731711737e-07
4.560574662e-07
2.973809106e-07
1.845996641e-07
1.064166371e-07
5.440112903e-08
2.342961847e-08
9.692499573e-09
5.004875357e-09
3.231864192e-09
2.367993191e-09
1.853519069e-09
1.510378336e-09
1.267338202e-09
1.08935909e-09
9.564711844e-10
8.561286641e-10
7.798230652e-10
7.214446293e-10
6.763721417e-10
6.409558101e-10
6.122475331e-10
5.878646047e-10
5.6591042e-10
5.449269873e-10
5.238811241e-10
5.021744324e-10
4.79660427e-10
4.566044952e-10
4.335475131e-10
4.111604942e-10
3.903096608e-10
3.718832938e-10
3.593466125e-10
5.010516317e-06
5.297466634e-06
5.622920523e-06
5.993856022e-06
6.412830888e-06
6.873404148e-06
7.374398026e-06
7.909774753e-06
8.471527732e-06
9.058833099e-06
9.624832997e-06
1.012990459e-05
1.050436265e-05
1.063205427e-05
1.040963824e-05
9.806235004e-06
8.865404195e-06
7.71443968e-06
6.489588243e-06
5.305282917e-06
4.23587509e-06
3.314862185e-06
2.547852682e-06
1.925006778e-06
1.429605167e-06
1.042412507e-06
7.444197346e-07
5.182981062e-07
3.490981539e-07
2.262871306e-07
1.390288082e-07
7.877122061e-08
3.938657018e-08
1.735439793e-08
8.13413377e-09
4.774371853e-09
3.321389941e-09
2.528396955e-09
2.020508526e-09
1.665432456e-09
1.405069855e-09
1.208699234e-09
1.057834356e-09
9.404325658e-10
8.481785574e-10
7.750324252e-10
7.16429082e-10
6.688152275e-10
6.293803508e-10
5.958832821e-10
5.665433203e-10
5.39983893e-10
5.151736995e-10
4.914288771e-10
4.683927009e-10
4.459419551e-10
4.240768637e-10
4.027669603e-10
3.812170953e-10
3.581803347e-10
4.882040826e-06
5.139959008e-06
5.435317774e-06
5.770539799e-06
6.147303719e-06
6.56586349e-06
7.025509354e-06
7.523322056e-06
8.05271456e-06
8.600380969e-06
9.125596037e-06
9.588924645e-06
9.917155949e-06
1.00146513e-05
9.809308592e-06
9.274393572e-06
8.442950592e-06
7.415078608e-06
6.306968416e-06
5.217292035e-06
4.217228312e-06
3.342503179e-06
2.60340153e-06
1.994876952e-06
1.50415274e-06
1.115333702e-06
8.119650306e-07
5.78528965e-07
4.011600712e-07
2.694411144e-07
1.739034646e-07
1.060954769e-07
5.962817735e-08
3.000973778e-08
1.434674371e-08
7.770202145e-09
5.053228197e-09
3.694264099e-09
2.875253769e-09
2.321972326e-09
1.922307653e-09
1.622010104e-09
1.39048665e-09
1.208705524e-09
1.064031527e-09
9.476426135e-10
8.531209712e-10
7.756533554e-10
7.115526564e-10
6.579472121e-10
6.12581194e-10
5.736832986e-10
5.398681334e-10
5.100096741e-10
4.831730103e-10
4.585673154e-10
4.354318036e-10
4.127494649e-10
3.881676856e-10
3.557599774e-10
4.729813256e-06
4.964421945e-06
5.234214539e-06
5.541137515e-06
5.886772958e-06
6.271918227e-06
6.696044061e-06
7.156227706e-06
7.645257036e-06
8.148117231e-06
8.632358246e-06
9.049036818e-06
9.33368237e-06
9.410639899e-06
9.222113884e-06
8.746962575e-06
8.012240772e-06
7.095933582e-06
6.096447348e-06
5.100086721e-06
4.171434341e-06
3.346827897e-06
2.640039061e-06
2.05021229e-06
1.568216071e-06
1.181196872e-06
8.751965764e-07
6.366093777e-07
4.53008034e-07
3.135892765e-07
2.105506593e-07
1.358646223e-07
8.309775405e-08
4.747651659e-08
2.533408556e-08
1.366378481e-08
8.333364872e-09
5.756863935e-09
4.312965141e-09
3.395784566e-09
2.756840928e-09
2.284546413e-09
1.922827214e-09
1.63906874e-09
1.412582313e-09
1.229419417e-09
1.079748293e-09
9.56402986e-10
8.540369492e-10
7.686030278e-10
6.97015253e-10
6.369337821e-10
5.864268839e-10
5.438621245e-10
5.077476262e-10
4.7664394e-10
4.490134709e-10
4.228197571e-10
3.941467113e-10
3.53168804e-10
4.562509286e-06
4.778152066e-06
5.026776041e-06
5.310124127e-06
5.62956768e-06
5.985718144e-06
6.377793176e-06
6.802500107e-06
7.252019753e-06
7.710543464e-06
8.149204908e-06
8.522265178e-06
8.769608386e-06
8.829397018e-06
8.655513278e-06
8.231888417e-06
7.581411239e-06
6.765245193e-06
5.866395285e-06
4.959792892e-06
4.10248485e-06
3.330365302e-06
2.659354968e-06
2.091725656e-06
1.621786464e-06
1.239597493e-06
9.335163868e-07
6.917750623e-07
5.032960534e-07
3.581147364e-07
2.486450183e-07
1.678860829e-07
1.094475523e-07
6.829592301e-08
4.076874875e-08
2.378382242e-08
1.43389202e-08
9.415290531e-09
6.738455328e-09
5.134558743e-09
4.076633394e-09
3.320529544e-09
2.750376614e-09
2.306559503e-09
1.953567779e-09
1.668217521e-09
1.434963789e-09
1.242503483e-09
1.082482552e-09
9.48907988e-10
8.372948819e-10
7.441982881e-10
6.668571631e-10
6.029319745e-10
5.502797342e-10
5.067524773e-10
4.700008405e-10
4.36991164e-10
4.023167475e-10
3.526148688e-10
4.388442631e-06
4.588308442e-06
4.819016203e-06
5.082111483e-06
5.378736477e-06
5.709251222e-06
6.072581275e-06
6.465066869e-06
6.878434027e-06
7.296609939e-06
7.691661299e-06
8.021405118e-06
8.233497018e-06
8.276891844e-06
8.114711509e-06
7.735014009e-06
7.157453827e-06
6.430686377e-06
5.623779414e-06
4.801345939e-06
4.013769745e-06
3.294949733e-06
2.661915651e-06
2.119486256e-06
1.66468219e-06
1.290150619e-06
9.864793934e-07
7.436767798e-07
5.520579503e-07
4.027491095e-07
2.879630736e-07
2.017990535e-07
1.38167639e-07
9.205056416e-08
5.958332767e-08
3.779300607e-08
2.398218929e-08
1.569262919e-08
1.086888599e-08
7.991817832e-09
6.164569388e-09
4.915959641e-09
4.003830518e-09
3.305855255e-09
2.757730529e-09
2.318805716e-09
1.961468991e-09
1.667260422e-09
1.423160183e-09
1.219772961e-09
1.050164165e-09
9.090718791e-10
7.923398053e-10
6.964944856e-10
6.18458618e-10
5.55255988e-10
5.036373666e-10
4.595271591e-10
4.161046505e-10
3.568809854e-10
4.214810393e-06
4.401263349e-06
4.616524505e-06
4.861947778e-06
5.138453532e-06
5.446134703e-06
5.783571717e-06
6.146616779e-06
6.526429777e-06
6.906617503e-06
7.260193628e-06
7.548876968e-06
7.7279152e-06
7.75546176e-06
7.602192741e-06
7.259488477e-06
6.744322697e-06
6.096967935e-06
5.373478471e-06
4.629442136e-06
3.909179598e-06
3.243390356e-06
2.649645655e-06
2.134534292e-06
1.697289653e-06
1.332845986e-06
1.033817876e-06
7.91902013e-07
5.987525765e-07
4.464859861e-07
3.278541345e-07
2.370033692e-07
1.686582412e-07
1.180230833e-07
8.118708879e-08
5.50364709e-08
3.707533897e-08
2.52069607e-08
1.75612565e-08
1.267027694e-08
9.501684659e-09
7.372773373e-09
5.86990502e-09
4.759849673e-09
3.90877282e-09
3.237114829e-09
2.69706357e-09
2.256887206e-09
1.894596531e-09
1.594578744e-09
1.345518137e-09
1.139016035e-09
9.686272693e-10
8.291550744e-10
7.161109994e-10
6.253835782e-10
5.527211299e-10
4.928960193e-10
4.377652579e-10
3.686147963e-10
4.047483317e-06
4.222333013e-06
4.424093578e-06
4.653924343e-06
4.912505417e-06
5.199609455e-06
5.513356243e-06
5.848999202e-06
6.197062926e-06
6.54095368e-06
6.85499414e-06
7.105047994e-06
7.253342359e-06
7.265822134e-06
7.119385519e-06
6.808147451e-06
6.3469704e-06
5.76944809e-06
5.121006305e-06
4.449004844e-06
3.792149899e-06
3.178140206e-06
2.624076627e-06
2.137656993e-06
1.719927831e-06
1.36770611e-06
1.075394359e-06
8.362388392e-07
6.431524757e-07
4.891573914e-07
3.676958416e-07
2.729434465e-07
2.003909544e-07
1.456225108e-07
1.048189902e-07
7.484638551e-08
5.318124579e-08
3.780636813e-08
2.710971742e-08
1.975182818e-08
1.467497186e-08
1.113747312e-08
8.6158109e-09
6.82101478e-09
5.490649233e-09
4.467079373e-09
3.661543472e-09
3.017053418e-09
2.494791031e-09
2.0676051e-09
1.716216284e-09
1.426730762e-09
1.188904397e-09
9.948837277e-10
8.382422298e-10
7.132200954e-10
6.142591351e-10
5.349711352e-10
4.659003824e-10
3.868941591e-10
3.890951702e-06
4.055609476e-06
4.245404769e-06
4.461278921e-06
4.703616045e-06
4.971775606e-06
5.263326317e-06
5.572853393e-06
5.890303533e-06
6.199162677e-06
6.475490691e-06
6.689378812e-06
6.809286839e-06
6.807685603e-06
6.666566957e-06
6.382239616e-06
5.967807381e-06
5.451372388e-06
4.870092299e-06
4.263819532e-06
3.666160478e-06
3.101950738e-06
2.587127998e-06
2.13009138e-06
1.733244287e-06
1.394942275e-06
1.111124483e-06
8.764030789e-07
6.84769639e-07
5.301007849e-07
4.065990655e-07
3.089908446e-07
2.328281053e-07
1.74321838e-07
1.298753448e-07
9.642762228e-08
7.14695497e-08
5.298262261e-08
3.936310492e-08
2.936051449e-08
2.201493306e-08
1.661381442e-08
1.263423429e-08
9.691340301e-09
7.589426286e-09
6.02529914e-09
4.834855494e-09
3.911532896e-09
3.182633252e-09
2.598546984e-09
2.125369739e-09
1.739738885e-09
1.425298249e-09
1.170251821e-09
9.655609861e-10
8.035061018e-10
6.766933939e-10
5.771376666e-10
4.938626928e-10
4.050967736e-10
3.748338835e-06
3.903874369e-06
4.082849226e-06
4.285933004e-06
4.513145676e-06
4.763361934e-06
5.033540914e-06
5.317623457e-06
5.605161837e-06
5.88009567e-06
6.120587883e-06
6.300846813e-06
6.394763425e-06
6.380220289e-06
6.243344038e-06
5.982157144e-06
5.608256239e-06
5.145206038e-06
4.623884812e-06
4.077236267e-06
3.534351986e-06
3.017281682e-06
2.540806403e-06
2.11339264e-06
1.738337792e-06
1.415238664e-06
1.141330437e-06
9.123633941e-07
7.233045814e-07
5.689395635e-07
4.442191631e-07
3.444554962e-07
2.654168124e-07
2.036292264e-07
1.55857029e-07
1.191935586e-07
9.119388444e-08
6.985818678e-08
5.357971869e-08
4.109532342e-08
3.14450582e-08
2.393516533e-08
1.809746094e-08
1.361334974e-08
1.031182163e-08
7.916730687e-09
6.16514537e-09
4.865279771e-09
3.877828227e-09
3.110474562e-09
2.503246741e-09
2.017248768e-09
1.626683586e-09
1.313705656e-09
1.065279913e-09
8.709671002e-10
7.208267259e-10
6.047139056e-10
5.102081264e-10
4.138427231e-10
3.621450358e-06
3.768594154e-06
3.937481151e-06
4.128460711e-06
4.34113323e-06
4.573844523e-06
4.822954697e-06
5.081877773e-06
5.340043523e-06
5.58222332e-06
5.788906686e-06
5.938141392e-06
6.008464145e-06
5.982221387e-06
5.848883526e-06
5.607792706e-06
5.269250256e-06
4.853083935e-06
4.385006641e-06
3.892196999e-06
3.399621563e-06
2.926695491e-06
2.487014222e-06
2.088792946e-06
1.735905067e-06
1.428913395e-06
1.166002262e-06
9.438636819e-07
7.58421706e-07
6.053099448e-07
4.80186143e-07
3.789222637e-07
2.977114662e-07
2.331268005e-07
1.823459063e-07
1.426857368e-07
1.118080825e-07
8.776014068e-08
6.8948237e-08
5.410057225e-08
4.223637617e-08
3.263722532e-08
2.482708526e-08
1.85420603e-08
1.366462943e-08
1.011183169e-08
7.541245783e-09
5.756313035e-09
4.461252838e-09
3.495507315e-09
2.758300315e-09
2.185104053e-09
1.734458436e-09
1.379550413e-09
1.101964141e-09
8.875732162e-10
7.239933425e-10
5.995462261e-10
5.007073567e-10
4.02004005e-10
3.510834983e-06
3.649969208e-06
3.809104019e-06
3.988228557e-06
4.186494596e-06
4.401727089e-06
4.629765871e-06
4.86368724e-06
5.093101608e-06
5.303918644e-06
5.4790121e-06
5.599885772e-06
5.64899937e-06
5.612365756e-06
5.482138711e-06
5.258646652e-06
4.951039602e-06
4.576031443e-06
4.155041756e-06
3.710690535e-06
3.264078843e-06
2.832279531e-06
2.427588385e-06
2.057857441e-06
1.727200995e-06
1.436755387e-06
1.185479918e-06
9.709647841e-07
7.899934028e-07
6.389653529e-07
5.141838274e-07
4.120416153e-07
3.291366274e-07
2.623393285e-07
2.088890379e-07
1.664340084e-07
1.327937123e-07
1.060937785e-07
8.477713629e-08
6.758282835e-08
5.352071608e-08
4.1851771e-08
3.207487469e-08
2.392306389e-08
1.733720119e-08
1.2338648e-08
8.821424355e-09
6.437619041e-09
4.807848095e-09
3.658731332e-09
2.817314958e-09
2.183291951e-09
1.698468065e-09
1.326346486e-09
1.042017222e-09
8.269303625e-10
6.661333296e-10
5.468880332e-10
4.547897019e-10
3.649288295e-10
3.415960003e-06
3.54716035e-06
3.696544538e-06
3.863725629e-06
4.047415254e-06
4.244973131e-06
4.451849757e-06
4.661005467e-06
4.862506169e-06
5.04359038e-06
5.189433052e-06
5.284570805e-06
5.314752811e-06
5.268996982e-06
5.141598272e-06
4.933600698e-06
4.653133152e-06
4.314319571e-06
3.935033416e-06
3.53419997e-06
3.129452226e-06
2.735738955e-06
2.364047059e-06
2.021706944e-06
1.712858668e-06
1.439016519e-06
1.199800046e-06
9.935507588e-07
8.177905159e-07
6.695906802e-07
5.458344976e-07
4.433972029e-07
3.592671516e-07
2.906261994e-07
2.349008811e-07
1.898729814e-07
1.535821837e-07
1.242707324e-07
1.004452605e-07
8.087751116e-08
6.458930817e-08
5.083708689e-08
3.910545499e-08
2.911611981e-08
2.083609352e-08
1.439591303e-08
9.783228544e-09
6.793783163e-09
4.859599893e-09
3.559904106e-09
2.648083636e-09
1.98826615e-09
1.502329568e-09
1.142727349e-09
8.777451692e-10
6.843834066e-10
5.457543236e-10
4.482097625e-10
3.765258489e-10
3.130027784e-10
3.335380206e-06
3.458478767e-06
3.597875687e-06
3.752818626e-06
3.921621965e-06
4.10127386e-06
4.286994687e-06
4.471845118e-06
4.64655546e-06
4.799768254e-06
4.918788122e-06
4.990772882e-06
5.004221498e-06
4.950608747e-06
4.825923836e-06
4.631706418e-06
4.375171044e-06
4.068272667e-06
3.725943621e-06
3.364012837e-06
2.997355456e-06
2.638633913e-06
2.297707372e-06
1.981344814e-06
1.693534812e-06
1.436090468e-06
1.20914456e-06
1.011619355e-06
8.416496182e-07
6.968887209e-07
5.747385525e-07
4.725185383e-07
3.87587716e-07
3.174315466e-07
2.597215361e-07
2.123532439e-07
1.735356576e-07
1.416648848e-07
1.153370279e-07
9.337710697e-08
7.483734026e-08
5.898939305e-08
4.532297129e-08
3.356149359e-08
2.368795729e-08
1.590690947e-08
1.036600912e-08
6.817755409e-09
4.621802382e-09
3.22338985e-09
2.289780548e-09
1.645517534e-09
1.192926622e-09
8.749233187e-10
6.535957656e-10
5.036268021e-10
4.066887911e-10
3.456993571e-10
3.056830343e-10
2.742920286e-10
3.267129111e-06
3.381818058e-06
3.510876326e-06
3.653219832e-06
3.806833259e-06
3.968446003e-06
4.133208203e-06
4.294460424e-06
4.44372584e-06
4.57103492e-06
4.665610887e-06
4.716860625e-06
4.715580484e-06
4.655249357e-06
4.533184306e-06
4.351249017e-06
4.115838408e-06
3.837087166e-06
3.527485418e-06
3.200268468e-06
2.867975312e-06
2.541419087e-06
2.229145147e-06
1.937260197e-06
1.669613721e-06
1.428227967e-06
1.213577381e-06
1.025046478e-06
8.612874806e-07
7.204525846e-07
6.003994209e-07
4.988499738e-07
4.135100751e-07
3.421579991e-07
2.827077512e-07
2.332507492e-07
1.920791949e-07
1.57761236e-07
1.290068559e-07
1.047130988e-07
8.397885944e-08
6.610558947e-08
5.060067441e-08
3.719765122e-08
2.589526066e-08
1.694750271e-08
1.059606332e-08
6.602497179e-09
4.230490272e-09
2.79058597e-09
1.87419623e-09
1.272365151e-09
8.745193266e-10
6.157568402e-10
4.563772115e-10
3.660341051e-10
3.178183802e-10
2.907259208e-10
2.735287606e-10
2.607018838e-10
3.208792553e-06
3.314711769e-06
3.433067011e-06
3.562493548e-06
3.700728942e-06
3.844362181e-06
3.988616852e-06
4.127246405e-06
4.252627471e-06
4.356107807e-06
4.428612754e-06
4.461471247e-06
4.447393056e-06
4.381479107e-06
4.262071934e-06
4.091218031e-06
3.874571724e-06
3.620728655e-06
3.340137667e-06
3.043856052e-06
2.742432468e-06
2.445075716e-06
2.159170616e-06
1.890188551e-06
1.641759087e-06
1.415917266e-06
1.213398802e-06
1.033954836e-06
8.766230949e-07
7.400404285e-07
6.224548373e-07
5.219460758e-07
4.36540158e-07
3.642944546e-07
3.033607161e-07
2.520275799e-07
2.087450177e-07
1.721637125e-07
1.411347616e-07
1.146431913e-07
9.184555901e-08
7.208139443e-08
5.488351258e-08
4.000349365e-08
2.745949876e-08
1.753582839e-08
1.053385283e-08
6.21681857e-09
3.751462872e-09
2.326832682e-09
1.464936702e-09
9.315386644e-10
6.069831636e-10
4.272182011e-10
3.42119323e-10
3.022072166e-10
2.827908591e-10
2.724448121e-10
2.657101767e-10
2.609793965e-10
3.158122708e-06
3.25494297e-06
3.362294124e-06
3.478589996e-06
3.601406131e-06
3.727299532e-06
3.85168193e-06
3.968804429e-06
4.071906166e-06
4.153554879e-06
4.206176223e-06
4.222741601e-06
4.197553487e-06
4.127020789e-06
4.010268376e-06
3.849422207e-06
3.649468973e-06
3.417699125e-06
3.162852632e-06
2.894159449e-06
2.620469612e-06
2.349588772e-06
2.087906854e-06
1.840235201e-06
1.609902036e-06
1.398928544e-06
1.208258022e-06
1.037927586e-06
8.87288005e-07
7.552408175e-07
6.404453056e-07
5.413288328e-07
4.562098688e-07
3.834088238e-07
3.213074622e-07
2.683903909e-07
2.232711658e-07
1.847074395e-07
1.516568255e-07
1.232048968e-07
9.857484119e-08
7.715008625e-08
5.848955556e-08
4.235573418e-08
2.87665394e-08
1.800422457e-08
1.040929007e-08
5.804000883e-09
3.28305972e-09
1.903061138e-09
1.114929239e-09
6.612473228e-10
4.287619819e-10
3.334895146e-10
2.964876488e-10
2.812708802e-10
2.744908118e-10
2.709372449e-10
2.684247588e-10
2.66724565e-10
3.112614979e-06
3.200075266e-06
3.296229946e-06
3.399336906e-06
3.506895187e-06
3.615527172e-06
3.720921217e-06
3.817874167e-06
3.900464839e-06
3.962372289e-06
3.997333254e-06
3.999710761e-06
3.96511652e-06
3.890993471e-06
3.777043242e-06
3.625386033e-06
3.440401641e-06
3.228267695e-06
2.996290684e-06
2.752164274e-06
2.503287336e-06
2.256253475e-06
2.016541411e-06
1.78838505e-06
1.574871039e-06
1.377990466e-06
1.198749883e-06
1.037362437e-06
8.934283273e-07
7.661347462e-07
6.543689591e-07
5.569024292e-07
4.723698863e-07
3.993309662e-07
3.363823491e-07
2.821952785e-07
2.355408312e-07
1.953060076e-07
1.60521398e-07
1.303787357e-07
1.041699536e-07
8.132228334e-08
6.141886581e-08
4.42294982e-08
2.97677185e-08
1.8307057e-08
1.020228228e-08
5.359472173e-09
2.826557783e-09
1.523131046e-09
8.230166968e-10
4.7321294e-10
3.407106e-10
2.977480054e-10
2.836210173e-10
2.78716778e-10
2.768440381e-10
2.757669266e-10
2.74809938e-10
2.741563269e-10
3.070185091e-06
3.148106982e-06
3.23296966e-06
3.32293936e-06
3.415515681e-06
3.507465147e-06
3.594813702e-06
3.672923918e-06
3.736675238e-06
3.780753503e-06
3.800041072e-06
3.79007968e-06
3.74755401e-06
3.670719235e-06
3.559689094e-06
3.416512794e-06
3.245013569e-06
3.050411322e-06
2.838803433e-06
2.616587005e-06
2.389942135e-06
2.164437661e-06
1.944784791e-06
1.734730319e-06
1.536996114e-06
1.353398412e-06
1.184986907e-06
1.032168757e-06
8.948137352e-07
7.723402224e-07
6.638636343e-07
5.684020426e-07
4.848411845e-07
4.11967428e-07
3.485794199e-07
2.935243506e-07
2.45723344e-07
2.041889835e-07
1.680374217e-07
1.36542972e-07
1.090671867e-07
8.50797555e-08
6.418364561e-08
4.61457902e-08
3.095189717e-08
1.883168384e-08
1.015448456e-08
4.984648085e-09
2.414047409e-09
1.187407181e-09
5.97946844e-10
3.724797525e-10
3.065674633e-10
2.890655547e-10
2.84528679e-10
2.835062638e-10
2.832651334e-10
2.829372651e-10
2.824549354e-10
2.821231004e-10
3.028770519e-06
3.097222183e-06
3.171020345e-06
3.248306742e-06
3.326652482e-06
3.403029589e-06
3.473835625e-06
3.534988195e-06
3.58210008e-06
3.610736464e-06
3.616743065e-06
3.596618047e-06
3.547882073e-06
3.469389754e-06
3.361518318e-06
3.226194096e-06
3.066741527e-06
2.887580604e-06
2.693812011e-06
2.490771684e-06
2.283636473e-06
2.07711382e-06
1.875236788e-06
1.681259562e-06
1.497651127e-06
1.326184563e-06
1.167941972e-06
1.023382296e-06
8.92472396e-07
7.747942611e-07
6.696923823e-07
5.763483681e-07
4.939657677e-07
4.215243132e-07
3.580001707e-07
3.023974843e-07
2.537726758e-07
2.112521742e-07
1.740446361e-07
1.414820817e-07
1.129910882e-07
8.807937583e-08
6.636658216e-08
4.761512944e-08
3.179518622e-08
1.912167877e-08
9.994240149e-09
4.591070887e-09
2.006112939e-09
8.812179871e-10
4.529386403e-10
3.275495344e-10
2.979616545e-10
2.917923422e-10
2.909647804e-10
2.911492292e-10
2.912373127e-10
2.909944929e-10
2.905817745e-10
2.903286916e-10
2.98676266e-06
3.046900904e-06
3.111094784e-06
3.177513476e-06
3.243839684e-06
3.307266298e-06
3.364540079e-06
3.412062427e-06
3.446052708e-06
3.462775439e-06
3.458818265e-06
3.431390981e-06
3.378610278e-06
3.299727807e-06
3.195256665e-06
3.06697094e-06
2.917775147e-06
2.751449592e-06
2.57231854e-06
2.384907438e-06
2.193631961e-06
2.002549433e-06
1.815190373e-06
1.634468195e-06
1.462636805e-06
1.30127666e-06
1.151408491e-06
1.013583888e-06
8.879363042e-07
7.74257722e-07
6.720679803e-07
5.808083436e-07
4.996981194e-07
4.278900182e-07
3.64513082e-07
3.087048558e-07
2.59635813e-07
2.16527593e-07
1.786660048e-07
1.45425715e-07
1.162847412e-07
9.077918206e-08
6.85381071e-08
4.931602835e-08
3.303893474e-08
1.985597892e-08
1.009064039e-08
4.108219203e-09
1.491016249e-09
6.31073269e-10
3.753642297e-10
3.133544592e-10
3.01343891e-10
2.99846517e-10
3.001918958e-10
3.005031089e-10
3.00418512e-10
3.000035431e-10
2.995102972e-10
2.992474377e-10
)
;

boundaryField
{
    inletCH4
    {
        type            fixedValue;
        value           uniform 0;
    }
    wallOutside
    {
        type            zeroGradient;
    }
    wallTube
    {
        type            zeroGradient;
    }
    inletPilot
    {
        type            fixedValue;
        value           uniform 0;
    }
    inletAir
    {
        type            fixedValue;
        value           uniform 0;
    }
    outlet
    {
        type            zeroGradient;
    }
    axis
    {
        type            empty;
    }
    frontAndBack_pos
    {
        type            wedge;
    }
    frontAndBack_neg
    {
        type            wedge;
    }
}


// ************************************************************************* //
