/*--------------------------------*- C++ -*----------------------------------*\
  =========                 |
  \\      /  F ield         | OpenFOAM: The Open Source CFD Toolbox
   \\    /   O peration     | Website:  https://openfoam.org
    \\  /    A nd           | Version:  10
     \\/     M anipulation  |
\*---------------------------------------------------------------------------*/
FoamFile
{
    format      ascii;
    class       volScalarField;
    location    "3000";
    object      HOCN;
}
// * * * * * * * * * * * * * * * * * * * * * * * * * * * * * * * * * * * * * //

dimensions      [0 0 0 0 0 0 0];

internalField   nonuniform List<scalar> 
5170
(
1.034365535e-65
8.341653778e-66
5.16913294e-66
2.551723131e-66
2.03287419e-66
3.536449205e-63
2.82068411e-63
1.71809021e-63
9.932123856e-64
1.764281553e-63
1.223375635e-60
9.681651033e-61
5.868307171e-61
4.617566323e-61
1.400052334e-60
4.316931765e-58
3.411852095e-58
2.133081288e-58
2.393726805e-58
1.018517684e-57
1.551699682e-55
1.236856528e-55
8.288490328e-56
1.314084888e-55
6.902354813e-55
5.699513366e-53
4.640576227e-53
3.412922848e-53
7.419073015e-53
4.40902279e-52
2.134958725e-50
1.79135306e-50
1.506113519e-50
4.252414772e-50
2.711485157e-49
8.137343012e-48
7.115742054e-48
7.13759788e-48
2.461196999e-47
1.624051089e-46
3.162601972e-45
2.940119667e-45
3.544382488e-45
1.43364152e-44
9.522116357e-44
1.255108779e-42
1.262111225e-42
1.822170731e-42
8.414770324e-42
5.486392121e-41
5.075833991e-40
5.608708125e-40
9.63767436e-40
4.967493687e-39
3.117402191e-38
2.084008493e-37
2.573509043e-37
5.251477669e-37
2.947856872e-36
1.753545168e-35
8.662749268e-35
1.213209431e-34
2.962647657e-34
1.77382497e-33
9.80665735e-33
3.623495992e-32
5.837635313e-32
1.719218041e-31
1.087325457e-30
5.481905531e-30
1.52180534e-29
2.850785392e-29
1.015663361e-28
6.789402707e-28
3.079176704e-27
6.331913988e-27
1.395003016e-26
6.007822281e-26
4.193969777e-25
1.744997221e-24
2.603050599e-24
6.84023161e-24
3.475568101e-23
2.538912863e-22
1.00029252e-21
1.035424042e-21
3.300808432e-21
1.964861193e-20
1.474048921e-19
5.773740928e-19
3.816743923e-19
1.53185479e-18
1.050803609e-17
7.989502511e-17
3.340802315e-16
1.212308929e-16
6.899154409e-16
5.466589811e-15
3.939909337e-14
1.940428251e-13
2.785377548e-15
2.431062694e-15
2.268129047e-15
2.536355321e-15
2.797137109e-15
3.82136771e-15
3.563091741e-15
3.459466818e-15
3.597566296e-15
3.851410216e-15
4.197798161e-15
3.938747836e-15
3.832835831e-15
3.994392026e-15
4.192153225e-15
4.2798714e-15
4.119444335e-15
4.048115793e-15
4.176272768e-15
4.235297926e-15
4.219759049e-15
4.171219401e-15
4.134367852e-15
4.212472525e-15
4.142832452e-15
4.091934522e-15
4.137364096e-15
4.13056696e-15
4.147852854e-15
3.978426206e-15
3.936111012e-15
4.049852439e-15
4.063381479e-15
4.015515582e-15
3.780894568e-15
3.769265622e-15
3.927236193e-15
3.951035168e-15
3.846386e-15
3.575435635e-15
3.600889583e-15
3.782591122e-15
3.808094744e-15
3.66391346e-15
3.378944146e-15
3.436631616e-15
3.62674596e-15
3.648358313e-15
3.480609435e-15
3.198516722e-15
3.279909248e-15
3.467975486e-15
3.483096014e-15
3.303962998e-15
3.035799523e-15
3.132302966e-15
3.311999474e-15
3.319981716e-15
3.138428167e-15
2.889674085e-15
2.994189465e-15
3.162307521e-15
3.163443346e-15
2.985788412e-15
2.758080807e-15
2.865108869e-15
3.020467336e-15
3.01568399e-15
2.845936653e-15
2.638478759e-15
2.744497356e-15
2.88719156e-15
2.877506353e-15
2.717680307e-15
2.528346543e-15
2.660877665e-15
2.770449632e-15
2.75104471e-15
2.60002705e-15
2.425285701e-15
6.289510785e-15
3.688028246e-15
2.895649162e-15
2.574148637e-15
2.359630368e-15
4.025653021e-13
1.124150407e-13
3.099324492e-14
1.070019558e-14
5.132564283e-15
2.439805472e-11
7.84690319e-12
2.416071992e-12
6.455837602e-13
2.036107113e-13
7.45075057e-10
3.671047563e-10
1.251586538e-10
3.247035154e-11
9.381043223e-12
4.646321505e-15
3.656318663e-14
5.681082759e-13
8.54229611e-12
1.130055997e-10
2.45649412e-14
1.676707062e-13
2.063956468e-12
2.193446327e-11
1.649363265e-10
8.036287968e-14
4.866308872e-13
4.96830242e-12
4.106637904e-11
2.204471268e-10
2.496819641e-13
1.459872446e-12
1.397735781e-11
1.080688651e-10
5.731195891e-10
7.419546143e-13
4.199627935e-12
3.64555095e-11
2.41150458e-10
1.04855638e-09
2.041442392e-12
1.075084272e-11
8.015475137e-11
4.274302518e-10
1.451687227e-09
5.303320444e-12
2.55547648e-11
1.575165171e-10
6.489341982e-10
1.730737752e-09
1.284645318e-11
5.613646652e-11
2.77541948e-10
9.008253324e-10
2.04340661e-09
2.884403737e-11
1.118637808e-10
4.403435187e-10
1.173306641e-09
2.376327302e-09
5.996401444e-11
2.014706647e-10
6.38995682e-10
1.448775283e-09
2.656746335e-09
1.184236433e-10
3.297272416e-10
8.567201622e-10
1.706045136e-09
2.863647537e-09
2.12964275e-10
4.907978404e-10
1.084791796e-09
1.958364988e-09
3.08594904e-09
3.531068565e-10
6.859502763e-10
1.329359884e-09
2.224140563e-09
3.348781714e-09
5.526964145e-10
9.218497879e-10
1.596537348e-09
2.500538272e-09
3.607713914e-09
8.289010107e-10
1.206764555e-09
1.885789472e-09
2.769896269e-09
3.816252262e-09
1.189711466e-09
1.547663981e-09
2.197042981e-09
3.0282088e-09
3.983210003e-09
1.632343202e-09
1.951180732e-09
2.545951813e-09
3.311244201e-09
4.190691521e-09
2.142713621e-09
2.420065144e-09
2.958033596e-09
3.671363348e-09
4.517593346e-09
2.71641909e-09
2.95989658e-09
3.450874084e-09
4.127553387e-09
4.960637626e-09
3.34361801e-09
3.561393772e-09
4.012627381e-09
4.651497986e-09
5.45254626e-09
4.0030539e-09
4.197203688e-09
4.605172832e-09
5.188810096e-09
5.920289265e-09
4.659173642e-09
4.828419794e-09
5.185699581e-09
5.697043482e-09
6.333552896e-09
5.284607629e-09
5.428399591e-09
5.732993199e-09
6.170184637e-09
6.715270532e-09
5.874187254e-09
5.996626908e-09
6.25811757e-09
6.638236284e-09
7.121560994e-09
6.448488294e-09
6.557488521e-09
6.793059242e-09
7.142626376e-09
7.601069865e-09
7.04069549e-09
7.143670049e-09
7.368777391e-09
7.710155529e-09
8.169973628e-09
7.676636143e-09
7.778359695e-09
8.002769898e-09
8.347714512e-09
8.820829484e-09
8.363965116e-09
8.466816214e-09
8.694969076e-09
9.049365165e-09
9.540940611e-09
9.084113639e-09
9.188179299e-09
9.419919518e-09
9.783967101e-09
1.029727639e-08
9.801223278e-09
9.908434246e-09
1.015020739e-08
1.053333176e-08
1.108119314e-08
1.049820609e-08
1.061563714e-08
1.08813358e-08
1.131009422e-08
1.193890639e-08
1.124402036e-08
1.138846481e-08
1.17199145e-08
1.225916465e-08
1.304933554e-08
1.232405079e-08
1.252390389e-08
1.297978421e-08
1.373959899e-08
1.482596323e-08
1.452687693e-08
1.481620605e-08
1.547907449e-08
1.652195843e-08
1.799768026e-08
1.873839991e-08
1.912394505e-08
1.998206338e-08
2.131616643e-08
2.316062816e-08
2.529902179e-08
2.575312611e-08
2.67562816e-08
2.829314264e-08
3.036935958e-08
3.395927312e-08
3.444450471e-08
3.550658655e-08
3.710544018e-08
3.920876993e-08
4.411983519e-08
4.457160327e-08
4.554561794e-08
4.696860478e-08
4.875078832e-08
5.441155394e-08
5.471129057e-08
5.532817013e-08
5.614304636e-08
5.697842375e-08
6.145907664e-08
6.138164638e-08
6.113489925e-08
6.054266302e-08
5.931687552e-08
5.647146797e-08
5.571669959e-08
5.40004645e-08
5.126504342e-08
4.745137003e-08
3.456717924e-08
3.379958528e-08
3.21630628e-08
2.981649168e-08
2.693582262e-08
1.659408624e-08
1.622840345e-08
1.545640553e-08
1.436567038e-08
1.304699077e-08
7.38942595e-09
7.246235334e-09
6.94305021e-09
6.512231346e-09
5.986664124e-09
3.247300015e-09
3.193621598e-09
3.079435995e-09
2.914866891e-09
2.711156765e-09
1.437020075e-09
1.416627227e-09
1.373036394e-09
1.310013487e-09
1.231268869e-09
6.466634314e-10
6.388827825e-10
6.222087715e-10
5.979934894e-10
5.675537171e-10
3.005308054e-10
2.976010241e-10
2.9131689e-10
2.821748837e-10
2.70657184e-10
1.484256125e-10
1.473713667e-10
1.451192593e-10
1.418898439e-10
1.379217879e-10
8.228505223e-11
8.203688306e-11
8.152028292e-11
8.080394233e-11
7.997772757e-11
5.469828445e-11
5.469248768e-11
5.478122458e-11
5.483822466e-11
5.485103974e-11
4.18020405e-11
4.203923168e-11
4.257220789e-11
4.340700421e-11
4.457494326e-11
3.907859898e-11
3.932756377e-11
3.987666346e-11
4.071466964e-11
4.18427711e-11
4.037682135e-11
4.064179549e-11
4.122730583e-11
4.212445717e-11
4.334036459e-11
4.412246337e-11
4.442483918e-11
4.50930666e-11
4.611725867e-11
4.750562965e-11
5.097227057e-11
5.132997186e-11
5.211902306e-11
5.332453082e-11
5.495116882e-11
6.194803491e-11
6.235874931e-11
6.326228207e-11
6.463602477e-11
6.6477044e-11
7.729639133e-11
7.773399722e-11
7.869404652e-11
8.014655912e-11
8.207973723e-11
9.614010606e-11
9.656454726e-11
9.749346413e-11
9.889281335e-11
1.00743961e-10
1.167502967e-10
1.171227755e-10
1.179362875e-10
1.191572959e-10
1.207642042e-10
1.371311706e-10
1.374256362e-10
1.380675419e-10
1.390277791e-10
1.402855808e-10
1.555746948e-10
1.557815114e-10
1.562313889e-10
1.569018904e-10
1.577756e-10
1.709610636e-10
1.710843842e-10
1.713517187e-10
1.717478344e-10
1.722597107e-10
1.828032966e-10
1.828557477e-10
1.829683451e-10
1.831323925e-10
1.833391911e-10
1.91121655e-10
1.911193025e-10
1.911123393e-10
1.910973334e-10
1.910692209e-10
1.96263237e-10
1.962219266e-10
1.961300325e-10
1.959879784e-10
1.95793442e-10
1.987525202e-10
1.986860015e-10
1.985391921e-10
1.983150898e-10
1.980132561e-10
1.991440014e-10
1.99063024e-10
1.988847564e-10
1.986137464e-10
1.982507392e-10
1.980506684e-10
1.9796321e-10
1.977708867e-10
1.974790246e-10
1.970890148e-10
1.962983951e-10
1.96209187e-10
1.960131082e-10
1.957157798e-10
1.953188889e-10
4.014874683e-10
3.885159174e-10
4.893765416e-10
1.573637608e-09
2.414447213e-09
2.756625371e-09
2.828839114e-09
3.162757097e-09
3.511067481e-09
3.703003024e-09
3.781371231e-09
3.966918115e-09
4.231627744e-09
4.457351457e-09
4.584927987e-09
4.660727156e-09
4.822920285e-09
5.156632101e-09
5.611795944e-09
6.080792965e-09
6.485314278e-09
6.817674562e-09
7.130991469e-09
7.501584021e-09
7.976574409e-09
8.558649638e-09
9.22873067e-09
9.970382009e-09
1.075408849e-08
1.157831867e-08
1.252168829e-08
1.378538913e-08
1.581664486e-08
1.930354581e-08
2.473893231e-08
3.209224527e-08
4.088817139e-08
5.006524613e-08
5.735889539e-08
5.782853831e-08
4.427949098e-08
2.482351289e-08
1.209113488e-08
5.600800166e-09
2.559245919e-09
1.17175544e-09
5.443700086e-10
2.618635976e-10
1.349569554e-10
7.942031574e-11
5.536045784e-11
4.543483524e-11
4.277876705e-11
4.43602032e-11
4.866983222e-11
5.630685076e-11
6.799800577e-11
8.366284651e-11
1.022482251e-10
1.220614159e-10
1.412948575e-10
1.584719291e-10
1.726631711e-10
1.83496687e-10
1.910378049e-10
1.956284522e-10
1.977623328e-10
1.979509968e-10
1.967679202e-10
1.949925632e-10
9.68978069e-10
3.175975881e-09
5.266571782e-10
3.335137695e-10
7.843158116e-11
7.674755152e-10
1.211861093e-09
7.221151011e-10
2.665916683e-10
1.014628367e-10
1.054189177e-09
3.311871281e-09
1.750039217e-08
1.751345244e-09
4.344131937e-10
3.994368722e-09
1.547682678e-08
5.687012258e-08
6.513873869e-09
2.980545221e-09
5.24486496e-09
1.301370672e-08
2.120435914e-08
3.450568083e-09
1.633446282e-09
5.140077736e-09
9.078347533e-09
9.789527194e-09
3.965115072e-09
9.66979332e-10
4.680758283e-09
7.110923889e-09
8.639041595e-09
1.754490415e-08
2.695197561e-09
5.124422865e-09
9.499418213e-09
1.9501377e-08
6.192142745e-08
9.748678436e-09
5.459376608e-09
9.48640662e-09
1.540222694e-08
2.723361344e-08
6.432646524e-09
5.414941913e-09
8.260102753e-09
1.084418553e-08
1.371810155e-08
6.455992062e-09
5.224736599e-09
7.289334559e-09
8.968602467e-09
1.159215016e-08
1.676094896e-08
5.365072776e-09
7.765182247e-09
1.129703475e-08
1.974434265e-08
5.011762174e-08
5.638550627e-09
8.175022624e-09
1.16567054e-08
1.764856326e-08
3.220637007e-08
5.789848963e-09
8.007645843e-09
1.045283377e-08
1.337782338e-08
1.850935408e-08
5.763323792e-09
7.515682315e-09
9.105385852e-09
1.064329537e-08
1.343715048e-08
5.685762687e-09
7.142329069e-09
8.51221789e-09
1.025829427e-08
1.448532799e-08
5.790522382e-09
7.339286088e-09
9.298112121e-09
1.271354677e-08
2.113488235e-08
6.153895844e-09
7.962157112e-09
1.049710426e-08
1.473267504e-08
2.349766272e-08
6.63280589e-09
8.532174222e-09
1.105916346e-08
1.473901539e-08
2.111018267e-08
7.056550344e-09
8.808563668e-09
1.093275021e-08
1.367340691e-08
1.795886003e-08
7.350035658e-09
8.826093379e-09
1.04824249e-08
1.249937299e-08
1.563956524e-08
7.550125958e-09
8.765487032e-09
1.01096262e-08
1.181988843e-08
1.469867125e-08
7.759632891e-09
8.835126307e-09
1.012038554e-08
1.196320269e-08
1.531567988e-08
8.082774593e-09
9.164820679e-09
1.061281298e-08
1.288764958e-08
1.711032307e-08
8.559521363e-09
9.737864188e-09
1.14298481e-08
1.416247922e-08
1.913111564e-08
9.167834634e-09
1.045979068e-08
1.23785205e-08
1.547260386e-08
2.093856795e-08
9.871410915e-09
1.127617138e-08
1.338997193e-08
1.680010501e-08
2.268122174e-08
1.064933841e-08
1.217108705e-08
1.449154357e-08
1.826851599e-08
2.462021821e-08
1.147866193e-08
1.314916832e-08
1.575626393e-08
2.002050163e-08
2.689405594e-08
1.2372069e-08
1.427912979e-08
1.730855621e-08
2.218202418e-08
2.950396847e-08
1.3458273e-08
1.573589763e-08
1.935270161e-08
2.488210055e-08
3.243920383e-08
1.496898866e-08
1.783080243e-08
2.218419948e-08
2.831375296e-08
3.58511821e-08
1.73942677e-08
2.103210034e-08
2.61707004e-08
3.27876138e-08
4.007647478e-08
2.135348335e-08
2.578545306e-08
3.158821087e-08
3.844656752e-08
4.503397204e-08
2.718062339e-08
3.215065823e-08
3.817773369e-08
4.451710421e-08
4.903478714e-08
3.471982401e-08
3.973990387e-08
4.521274896e-08
4.97521195e-08
5.011356543e-08
4.340118331e-08
4.775241441e-08
5.155260826e-08
5.257638318e-08
4.669076095e-08
5.195236682e-08
5.440311607e-08
5.464842817e-08
4.966034532e-08
3.774174354e-08
5.772249094e-08
5.620582325e-08
5.036604026e-08
3.932623417e-08
2.744198121e-08
5.527137704e-08
4.781266083e-08
3.736967086e-08
2.689298847e-08
1.840838383e-08
3.951541759e-08
3.114122828e-08
2.317487244e-08
1.653834424e-08
1.148240058e-08
2.177454881e-08
1.704993921e-08
1.283689572e-08
9.379674896e-09
6.705022246e-09
1.071406621e-08
8.584283809e-09
6.654213055e-09
5.022999395e-09
3.714770366e-09
5.041941012e-09
4.153641091e-09
3.32131388e-09
2.59150968e-09
1.983700024e-09
2.337965223e-09
1.97643633e-09
1.626843133e-09
1.310247633e-09
1.038378833e-09
1.084633148e-09
9.38963048e-10
7.94697865e-10
6.609438371e-10
5.436873607e-10
5.103485467e-10
4.525659849e-10
3.945150035e-10
3.401309907e-10
2.921919354e-10
2.489523102e-10
2.269396039e-10
2.04814394e-10
1.84457022e-10
1.673336638e-10
1.30641095e-10
1.235863482e-10
1.169909279e-10
1.115547053e-10
1.077898383e-10
7.864775093e-11
7.772102867e-11
7.734333143e-11
7.766042112e-11
7.939326433e-11
5.602116628e-11
5.75884088e-11
5.951583273e-11
6.233958929e-11
6.604151065e-11
4.670940689e-11
4.903681188e-11
5.190006954e-11
5.580070056e-11
6.072990539e-11
4.420092429e-11
4.708060724e-11
5.070963917e-11
5.519791986e-11
6.063756117e-11
4.591461901e-11
4.909860407e-11
5.311826116e-11
5.805579423e-11
6.399215413e-11
5.044353914e-11
5.406859264e-11
5.861785539e-11
6.414963314e-11
7.070574152e-11
5.836684947e-11
6.252653438e-11
6.766373079e-11
7.378723546e-11
8.08750285e-11
7.030081513e-11
7.48745417e-11
8.040887413e-11
8.68505309e-11
9.41100499e-11
8.605119052e-11
9.07172154e-11
9.625156111e-11
1.025474649e-10
1.094655153e-10
1.045105381e-10
1.08866444e-10
1.1394277e-10
1.196020893e-10
1.256826562e-10
1.240071372e-10
1.277066954e-10
1.319524125e-10
1.366017068e-10
1.414965028e-10
1.428049866e-10
1.456428678e-10
1.488522488e-10
1.523050068e-10
1.558645218e-10
1.595108979e-10
1.614370988e-10
1.635772685e-10
1.658284328e-10
1.680837626e-10
1.73262373e-10
1.743479828e-10
1.755162896e-10
1.766922537e-10
1.777997027e-10
1.837271246e-10
1.841130506e-10
1.844794098e-10
1.847766996e-10
1.849557374e-10
1.909853066e-10
1.908369697e-10
1.905945023e-10
1.902290609e-10
1.897128266e-10
1.953760577e-10
1.94851681e-10
1.941826646e-10
1.933553895e-10
1.923575621e-10
1.973814385e-10
1.966163695e-10
1.956757622e-10
1.945562929e-10
1.932560497e-10
1.974972289e-10
1.965965757e-10
1.955044016e-10
1.942237738e-10
1.927591491e-10
1.962823544e-10
1.953238086e-10
1.941685868e-10
1.92823199e-10
1.912954646e-10
1.944993364e-10
1.9352809e-10
1.923609085e-10
1.910058819e-10
1.894723329e-10
9.863962451e-12
1.294481722e-12
2.079481929e-13
4.6729626e-14
1.439759182e-14
5.272535948e-15
2.184520732e-15
1.032474424e-15
5.449143143e-16
3.100728708e-16
1.845276398e-16
1.125724908e-16
6.951250499e-17
4.3082598e-17
2.665186393e-17
1.639269496e-17
1.000092067e-17
6.043456293e-18
3.615770367e-18
2.142735942e-18
1.25964916e-18
7.367564886e-19
4.30852953e-19
2.538294468e-19
1.522521957e-19
9.417436792e-20
6.078536145e-20
4.120599361e-20
2.927380239e-20
2.158241474e-20
1.629951125e-20
1.246255971e-20
9.56861768e-21
7.344320684e-21
5.624069932e-21
4.29182348e-21
3.257911682e-21
2.452194011e-21
1.822133184e-21
1.33033293e-21
9.504441699e-22
6.626969248e-22
4.505157028e-22
2.98833633e-22
1.938102169e-22
1.23251491e-22
7.708705141e-23
4.753836994e-23
2.895323184e-23
1.742547305e-23
1.035809179e-23
6.072286667e-24
3.502360753e-24
1.979695501e-24
1.088456944e-24
5.72432687e-25
2.75684102e-25
1.093484665e-25
2.545626989e-26
2.082441712e-27
2.409538367e-11
3.878728994e-12
7.448655791e-13
2.092608167e-13
8.388048396e-14
4.053128414e-14
2.112441401e-14
1.159793812e-14
6.510598241e-15
3.718961922e-15
2.136510469e-15
1.232999832e-15
7.128107385e-16
4.125934542e-16
2.389204414e-16
1.383009476e-16
7.997152815e-17
4.615582547e-17
2.657727571e-17
1.526523143e-17
8.751537028e-18
5.01819156e-18
2.889964598e-18
1.682857029e-18
1.000688561e-18
6.150306992e-19
3.951162736e-19
2.66889298e-19
1.890620153e-19
1.390638566e-19
1.048428447e-19
8.008624841e-20
6.148688171e-20
4.723929112e-20
3.624709961e-20
2.774310481e-20
2.113790671e-20
1.597540749e-20
1.191951331e-20
8.736090898e-21
6.263572806e-21
4.381673268e-21
2.988339763e-21
1.988833208e-21
1.294580021e-21
8.266588058e-22
5.194120577e-22
3.219366979e-22
1.971346201e-22
1.193016612e-22
7.130566035e-23
4.202717271e-23
2.436640967e-23
1.383966127e-23
7.640246484e-24
4.029287341e-24
1.944199202e-24
7.754781547e-25
1.931286978e-25
1.959951596e-26
1.024059184e-10
1.443536818e-11
2.310760262e-12
7.344868914e-13
3.589508565e-13
2.053870199e-13
1.206917611e-13
7.200459556e-14
4.264511287e-14
2.519388486e-14
1.46921929e-14
8.486786176e-15
4.839676335e-15
2.73036826e-15
1.524568387e-15
8.445873271e-16
4.654175204e-16
2.558147601e-16
1.406335851e-16
7.747580182e-17
4.284215484e-17
2.382493775e-17
1.33714011e-17
7.617415558e-18
4.443199202e-18
2.682987534e-18
1.694891803e-18
1.126668596e-18
7.866539522e-19
5.717441293e-19
4.272848596e-19
3.24647582e-19
2.487436167e-19
1.912902156e-19
1.473003493e-19
1.133742671e-19
8.698623346e-20
6.624618796e-20
4.981034192e-20
3.677846565e-20
2.655292517e-20
1.869630899e-20
1.283082598e-20
8.592432863e-21
5.629077342e-21
3.619279714e-21
2.291181324e-21
1.431634256e-21
8.841878251e-22
5.398448709e-22
3.255502716e-22
1.935665925e-22
1.131717121e-22
6.47758467e-23
3.598537672e-23
1.904664542e-23
9.194974541e-24
3.648096246e-24
9.144168879e-25
9.649200259e-26
7.726549558e-10
1.212326759e-10
1.305379517e-11
2.807655783e-12
1.347952749e-12
8.152817729e-13
5.10209376e-13
3.189416458e-13
1.973575078e-13
1.208425503e-13
7.29031092e-14
4.335358248e-14
2.534579861e-14
1.457834635e-14
8.238853996e-15
4.581488976e-15
2.508622515e-15
1.356661799e-15
7.268710305e-16
3.875263499e-16
2.064921083e-16
1.104736682e-16
5.963978889e-17
3.269807529e-17
1.836007646e-17
1.066578875e-17
6.476337365e-18
4.139309372e-18
2.786433598e-18
1.963082635e-18
1.432194023e-18
1.070284468e-18
8.123250914e-19
6.227447506e-19
4.805971391e-19
3.722581421e-19
2.882178931e-19
2.218049427e-19
1.685846307e-19
1.257994243e-19
9.174901077e-20
6.523459974e-20
4.519783849e-20
3.055758303e-20
2.021516583e-20
1.313015678e-20
8.400605979e-21
5.307089041e-21
3.314740174e-21
2.04701898e-21
1.248736102e-21
7.510740206e-22
4.440753399e-22
2.568253566e-22
1.438958317e-22
7.654069007e-23
3.697353132e-23
1.456919617e-23
3.620794148e-24
3.845363426e-25
6.832072903e-10
1.998286502e-10
3.609611054e-11
7.937457205e-12
3.790808376e-12
2.384023347e-12
1.569207896e-12
1.029420841e-12
6.692488321e-13
4.306067341e-13
2.735781477e-13
1.714246468e-13
1.056867927e-13
6.406280787e-14
3.809392337e-14
2.221905977e-14
1.26933944e-14
7.108728377e-15
3.9025273e-15
2.105633366e-15
1.119390843e-15
5.893345186e-16
3.089712346e-16
1.625637902e-16
8.663504875e-17
4.729317685e-17
2.676093885e-17
1.586454569e-17
9.916392466e-18
6.535190962e-18
4.51331984e-18
3.236268424e-18
2.387673558e-18
1.799911003e-18
1.379250021e-18
1.069114073e-18
8.330850033e-19
6.475317401e-19
4.97945192e-19
3.761303996e-19
2.776578903e-19
1.997680261e-19
1.400339923e-19
9.579917238e-20
6.41579251e-20
4.221356442e-20
2.737360811e-20
1.753080573e-20
1.109859604e-20
6.944983233e-21
4.291331314e-21
2.613683451e-21
1.56438123e-21
9.15230937e-22
5.178518256e-22
2.772461913e-22
1.341813214e-22
5.266859797e-23
1.299130718e-23
1.404202805e-24
4.75115787e-10
2.372643317e-10
7.614054147e-11
1.955970487e-11
8.654915877e-12
5.402256427e-12
3.661137662e-12
2.502035629e-12
1.705597457e-12
1.156230168e-12
7.774644958e-13
5.173344649e-13
3.399011981e-13
2.201376445e-13
1.402213068e-13
8.770893481e-14
5.376742498e-14
3.226372392e-14
1.891438595e-14
1.083216981e-14
6.057099644e-15
3.313499958e-15
1.776200187e-15
9.371925056e-16
4.895381903e-16
2.555790215e-16
1.349403595e-16
7.308021924e-17
4.116952943e-17
2.439149779e-17
1.527317167e-17
1.009085024e-17
6.991726736e-18
5.042527092e-18
3.758297765e-18
2.872895473e-18
2.231427573e-18
1.74191321e-18
1.351803983e-18
1.033186176e-18
7.724634636e-19
5.628507086e-19
3.993733457e-19
2.764523419e-19
1.873910556e-19
1.249185701e-19
8.217050271e-20
5.342932357e-20
3.435199233e-20
2.182336054e-20
1.368040756e-20
8.44600602e-21
5.12012266e-21
3.031215115e-21
1.733412466e-21
9.360914825e-22
4.556468472e-22
1.795150593e-22
4.437925924e-23
4.939178249e-24
9.885001531e-10
4.765279034e-10
1.92805113e-10
5.710171085e-11
1.873930868e-11
1.008988404e-11
6.687581646e-12
4.662735796e-12
3.291609712e-12
2.327502521e-12
1.640985474e-12
1.15056377e-12
8.005979728e-13
5.518671498e-13
3.761917654e-13
2.530950942e-13
1.676563395e-13
1.090827002e-13
6.952039024e-14
4.331565063e-14
2.632991166e-14
1.559709864e-14
8.991875875e-15
5.045875956e-15
2.758616123e-15
1.474997154e-15
7.754191264e-16
4.043749527e-16
2.117605521e-16
1.131501486e-16
6.274522055e-17
3.663078445e-17
2.269848375e-17
1.494249468e-17
1.04019406e-17
7.594031067e-18
5.743423079e-18
4.431598888e-18
3.436644807e-18
2.644232259e-18
1.998763579e-18
1.475323491e-18
1.060474917e-18
7.427733281e-19
5.088981801e-19
3.429102611e-19
2.282579731e-19
1.504213131e-19
9.814329009e-20
6.331693643e-20
4.030969328e-20
2.526110822e-20
1.553084179e-20
9.315301649e-21
5.392170891e-21
2.946629222e-21
1.451642948e-21
5.80664667e-22
1.465765199e-22
1.705872848e-23
2.814023244e-09
1.03327037e-09
4.604739449e-10
1.570655585e-10
4.507255823e-11
1.817800619e-11
1.070070004e-11
7.319502748e-12
5.235127494e-12
3.796985946e-12
2.762817655e-12
2.007289444e-12
1.452555247e-12
1.045286304e-12
7.47101748e-13
5.297180891e-13
3.720796975e-13
2.585239269e-13
1.773069502e-13
1.197138873e-13
7.932431257e-14
5.140979392e-14
3.24737362e-14
1.993827345e-14
1.187799108e-14
6.862028998e-15
3.845107689e-15
2.094014226e-15
1.113223671e-15
5.82642539e-16
3.03951733e-16
1.607833141e-16
8.802176439e-17
5.085800863e-17
3.14073235e-17
2.079219011e-17
1.464990372e-17
1.080145048e-17
8.169742926e-18
6.229949132e-18
4.723007963e-18
3.521847366e-18
2.565834664e-18
1.8215228e-18
1.262594806e-18
8.592835584e-19
5.774023048e-19
3.843337769e-19
2.536198569e-19
1.657449684e-19
1.070289151e-19
6.808850743e-20
4.250575225e-20
2.588041132e-20
1.520203144e-20
8.433168462e-21
4.22614082e-21
1.729001059e-21
4.508548581e-22
5.58311e-23
1.831164177e-09
9.373695044e-10
5.352770196e-10
2.571081799e-10
8.984976795e-11
3.178007308e-11
1.616683805e-11
1.047974186e-11
7.466076488e-12
5.492047647e-12
4.084638296e-12
3.046403692e-12
2.26981663e-12
1.686116974e-12
1.24716733e-12
9.176296693e-13
6.709551002e-13
4.870131395e-13
3.504794752e-13
2.496720607e-13
1.757128458e-13
1.218828642e-13
8.311056589e-14
5.55199138e-14
3.619408215e-14
2.294215714e-14
1.408536375e-14
8.355140481e-15
4.785664508e-15
2.651399007e-15
1.426402022e-15
7.50895381e-16
3.919927384e-16
2.070093141e-16
1.132647674e-16
6.564224341e-17
4.08689746e-17
2.732177108e-17
1.92972662e-17
1.410553925e-17
1.048033445e-17
7.799744179e-18
5.741073681e-18
4.139477733e-18
2.911423614e-18
2.005048597e-18
1.360567947e-18
9.133392052e-19
6.076671032e-19
4.007640599e-19
2.616550594e-19
1.68658508e-19
1.068774224e-19
6.614029882e-20
3.952669159e-20
2.233916494e-20
1.144367736e-20
4.823418084e-21
1.316416555e-21
1.771655366e-22
1.499288201e-09
8.185913954e-10
4.94530837e-10
3.01271868e-10
1.431576861e-10
5.424355273e-11
2.427798984e-11
1.456945857e-11
1.014816543e-11
7.484760541e-12
5.640517383e-12
4.285831859e-12
3.264296182e-12
2.484766933e-12
1.88697267e-12
1.427961135e-12
1.075794972e-12
8.06167114e-13
6.003395642e-13
4.437914018e-13
3.251730289e-13
2.358636763e-13
1.690034773e-13
1.193348691e-13
8.280515309e-14
5.628991459e-14
3.736999651e-14
2.414243001e-14
1.511900262e-14
9.145999349e-15
5.330809459e-15
2.993523574e-15
1.626260359e-15
8.627528182e-16
4.53895215e-16
2.418165769e-16
1.335611014e-16
7.820087956e-17
4.906112749e-17
3.27933383e-17
2.295677686e-17
1.652879463e-17
1.20492334e-17
8.766320535e-18
6.279323089e-18
4.398521624e-18
3.022484899e-18
2.048317256e-18
1.373295013e-18
9.119562167e-19
5.998812736e-19
3.903831134e-19
2.504845198e-19
1.574226846e-19
9.581127102e-20
5.532775322e-20
2.910271169e-20
1.272833418e-20
3.68729791e-21
5.492502651e-22
3.217181317e-09
1.176358816e-09
6.09226318e-10
3.824274219e-10
2.151484639e-10
9.550430156e-11
3.950883643e-11
2.083287083e-11
1.371850904e-11
9.98011906e-12
7.545445951e-12
5.796863014e-12
4.483872703e-12
3.475904051e-12
2.693407435e-12
2.082817444e-12
1.605582997e-12
1.23251706e-12
9.418797741e-13
7.158598383e-13
5.404382275e-13
4.047073978e-13
3.001242316e-13
2.199921442e-13
1.590484475e-13
1.131446866e-13
7.899753592e-14
5.398827266e-14
3.600870178e-14
2.336623536e-14
1.470806212e-14
8.953864548e-15
5.258728301e-15
2.978912017e-15
1.634277866e-15
8.768536278e-16
4.670762104e-16
2.518604403e-16
1.407889981e-16
8.339632904e-17
5.282877521e-17
3.546369627e-17
2.478122316e-17
1.77072844e-17
1.273732552e-17
9.088650601e-18
6.370562539e-18
4.379106528e-18
2.962660289e-18
1.980229529e-18
1.310307099e-18
8.584626686e-19
5.557997712e-19
3.537165929e-19
2.189600407e-19
1.292843349e-19
7.006224487e-20
3.199397941e-20
9.966969124e-21
1.668243822e-21
9.492711855e-09
2.579279447e-09
1.209157065e-09
6.371776602e-10
3.62619025e-10
1.837676793e-10
7.611987185e-11
3.328926336e-11
1.911292422e-11
1.320336818e-11
9.861124704e-12
7.595195836e-12
5.92920703e-12
4.655035644e-12
3.65969986e-12
2.87701033e-12
2.258864102e-12
1.768819613e-12
1.380007535e-12
1.071769953e-12
8.276132287e-13
6.346001477e-13
4.825290662e-13
3.632730897e-13
2.703197334e-13
1.984331469e-13
1.433901681e-13
1.017654032e-13
7.076210421e-14
4.808577058e-14
3.185130225e-14
2.051343999e-14
1.281427149e-14
7.749221654e-15
4.533485345e-15
2.569777874e-15
1.417753084e-15
7.677765746e-16
4.141301615e-16
2.2729877e-16
1.303630259e-16
7.968136699e-17
5.192396525e-17
3.551913628e-17
2.50101903e-17
1.78219141e-17
1.267168076e-17
8.89368802e-18
6.123736696e-18
4.137412833e-18
2.754301428e-18
1.813569535e-18
1.181680356e-18
7.591098985e-19
4.765059087e-19
2.872318517e-19
1.605625685e-19
7.694649662e-20
2.60759991e-20
4.961900967e-21
8.138059592e-09
2.279931646e-09
1.279880414e-09
7.207238957e-10
4.540051905e-10
2.681231562e-10
1.363564317e-10
5.92313587e-11
2.868742711e-11
1.760042745e-11
1.252301263e-11
9.499648816e-12
7.396009508e-12
5.841054474e-12
4.624049476e-12
3.687952614e-12
2.941383634e-12
2.341698982e-12
1.858301321e-12
1.468373647e-12
1.154111769e-12
9.013633628e-13
6.987086377e-13
5.368699265e-13
4.082932099e-13
3.068134429e-13
2.273883982e-13
1.658729698e-13
1.188405e-13
8.344108899e-14
5.728908082e-14
3.837966854e-14
2.503488652e-14
1.587044175e-14
9.764718123e-15
5.828233808e-15
3.377257482e-15
1.905053714e-15
1.052256055e-15
5.760421426e-16
3.185911455e-16
1.825371086e-16
1.106908388e-16
7.139376699e-17
4.843964596e-17
3.389661128e-17
2.401673255e-17
1.701465589e-17
1.193787082e-17
8.232075902e-18
5.563629009e-18
3.693666225e-18
2.418672371e-18
1.56329023e-18
9.915990852e-19
6.0837707e-19
3.504893762e-19
1.770291918e-19
6.59132695e-20
1.436600913e-20
7.120482475e-09
1.954320962e-09
1.051916426e-09
6.672413752e-10
4.624861346e-10
3.107043321e-10
1.902390122e-10
1.010219596e-10
4.776360997e-11
2.488438439e-11
1.557577398e-11
1.107040955e-11
8.407445403e-12
6.603587279e-12
5.233736621e-12
4.207493501e-12
3.388993876e-12
2.729381837e-12
2.193854607e-12
1.757484019e-12
1.401630963e-12
1.111774623e-12
8.762644587e-13
6.855431125e-13
5.31698986e-13
4.081652158e-13
3.095332841e-13
2.313932705e-13
1.701453209e-13
1.227986562e-13
8.680249666e-14
5.997241657e-14
4.043358246e-14
2.65651178e-14
1.698969352e-14
1.056955931e-14
6.394910791e-15
3.765933941e-15
2.16427102e-15
1.220973678e-15
6.83833545e-16
3.870212442e-16
2.264876814e-16
1.397072193e-16
9.126857821e-17
6.241454344e-17
4.381019984e-17
3.102152829e-17
2.19183597e-17
1.533866325e-17
1.057090964e-17
7.145723796e-18
4.73764931e-18
3.087038858e-18
1.97480774e-18
1.229153993e-18
7.274919659e-19
3.873084748e-19
1.593824001e-19
4.001976148e-20
1.01920642e-08
2.565215149e-09
1.039155235e-09
6.666015314e-10
4.560634356e-10
3.32321749e-10
2.283604933e-10
1.44352463e-10
8.108000324e-11
4.040409101e-11
2.074183408e-11
1.240578135e-11
8.548539119e-12
6.448419651e-12
5.060057141e-12
4.051786246e-12
3.276296651e-12
2.660356717e-12
2.16190197e-12
1.754294575e-12
1.41924311e-12
1.14331587e-12
9.161501263e-13
7.294678356e-13
5.764837787e-13
4.515834851e-13
3.500857221e-13
2.68066763e-13
2.022580249e-13
1.500031884e-13
1.091239186e-13
7.769649936e-14
5.401710341e-14
3.66205517e-14
2.419582122e-14
1.557235357e-14
9.764908263e-15
5.972428661e-15
3.568982039e-15
2.091085244e-15
1.209667624e-15
6.993668819e-16
4.113011085e-16
2.509886464e-16
1.610425322e-16
1.085545276e-16
7.579601899e-17
5.380371016e-17
3.825370353e-17
2.700256103e-17
1.883707451e-17
1.294163197e-17
8.729088633e-18
5.776172029e-18
3.7468263e-18
2.369557677e-18
1.437351299e-18
8.024206912e-19
3.639841448e-19
1.05899428e-19
2.261733482e-08
5.437162407e-09
1.674498434e-09
9.044101889e-10
5.443613299e-10
3.85587853e-10
2.751048284e-10
1.879460415e-10
1.211593191e-10
7.036784806e-11
3.459403505e-11
1.588600564e-11
8.552052714e-12
5.619319404e-12
4.158540097e-12
3.257972403e-12
2.621143716e-12
2.136277914e-12
1.751484681e-12
1.438726514e-12
1.181022899e-12
9.670947942e-13
7.888660892e-13
6.402086443e-13
5.162736978e-13
4.131189539e-13
3.274992976e-13
2.567279201e-13
1.985646176e-13
1.511643317e-13
1.130146941e-13
8.280719126e-14
5.935315318e-14
4.15366251e-14
2.834216649e-14
1.884975712e-14
1.222217844e-14
7.735480712e-15
4.788690494e-15
2.910317622e-15
1.747016643e-15
1.045246958e-15
6.317531117e-16
3.92301577e-16
2.540012939e-16
1.722936784e-16
1.213951137e-16
8.731237487e-17
6.299340591e-17
4.506264825e-17
3.179454955e-17
2.209790168e-17
1.511711213e-17
1.016615717e-17
6.708105338e-18
4.324188821e-18
2.691153652e-18
1.567255634e-18
7.762953911e-19
2.618000979e-19
4.51288459e-08
1.134278188e-08
3.187355372e-09
1.490260855e-09
8.36917737e-10
5.296447537e-10
3.648578764e-10
2.507447639e-10
1.685209671e-10
1.081597724e-10
6.172602407e-11
2.794643389e-11
1.084055861e-11
5.17396306e-12
3.251274149e-12
2.373087642e-12
1.853445199e-12
1.495404603e-12
1.226186463e-12
1.013200746e-12
8.396658517e-13
6.958763887e-13
5.755937473e-13
4.744520011e-13
3.891932986e-13
3.172648694e-13
2.566113374e-13
2.055598774e-13
1.627494931e-13
1.270741887e-13
9.761436481e-14
7.359054072e-14
5.432729678e-14
3.920008282e-14
2.760752185e-14
1.897610823e-14
1.273914937e-14
8.357243794e-15
5.365735499e-15
3.383427796e-15
2.107552948e-15
1.309040355e-15
8.209534434e-16
5.270434277e-16
3.508218732e-16
2.436099954e-16
1.755819832e-16
1.294522057e-16
9.590329601e-17
7.034195625e-17
5.064760287e-17
3.573183468e-17
2.47509001e-17
1.686659755e-17
1.130538846e-17
7.429864926e-18
4.744367927e-18
2.874294708e-18
1.537453731e-18
5.983745371e-19
4.493004718e-08
1.338460886e-08
3.992289909e-09
1.818143949e-09
1.111435109e-09
6.819347005e-10
4.660552122e-10
3.247524253e-10
2.236713003e-10
1.494599598e-10
9.350714267e-11
4.982906645e-11
1.942609429e-11
6.523968589e-12
2.945659526e-12
1.813367391e-12
1.30941711e-12
1.016767719e-12
8.174575387e-13
6.685531382e-13
5.515944391e-13
4.569059568e-13
3.788009352e-13
3.136748746e-13
2.59042746e-13
2.130188964e-13
1.741566466e-13
1.413277704e-13
1.136332219e-13
9.035032925e-14
7.089042024e-14
5.476608121e-14
4.156601277e-14
3.093057085e-14
2.252922678e-14
1.604871887e-14
1.11818543e-14
7.625060713e-15
5.09891987e-15
3.354288442e-15
2.181663557e-15
1.414572368e-15
9.252390451e-16
6.192067223e-16
4.286987975e-16
3.08356071e-16
2.29448472e-16
1.744688676e-16
1.333947544e-16
1.010059203e-16
7.491572198e-17
5.415652081e-17
3.819797007e-17
2.640301388e-17
1.795024215e-17
1.200372718e-17
7.849850505e-18
4.929237771e-18
2.813118931e-18
1.246833229e-18
3.396272127e-08
1.241484606e-08
3.946104714e-09
1.73790576e-09
1.142137284e-09
7.415192675e-10
5.220506126e-10
3.801670446e-10
2.725465317e-10
1.892012264e-10
1.244808959e-10
7.403019513e-11
3.490162849e-11
1.123791089e-11
3.612892895e-12
1.691810369e-12
1.052592951e-12
7.531288759e-13
5.757589717e-13
4.551177313e-13
3.662383324e-13
2.976110043e-13
2.43075929e-13
1.989477665e-13
1.628061328e-13
1.32925808e-13
1.081762369e-13
8.760421993e-14
7.049737993e-14
5.629849598e-14
4.456670849e-14
3.491701246e-14
2.702798737e-14
2.063265817e-14
1.550612428e-14
1.145615135e-14
8.313773275e-15
5.925780865e-15
4.153232045e-15
2.87011147e-15
1.965258574e-15
1.343937269e-15
9.273219376e-16
6.529814109e-16
4.739479442e-16
3.558342523e-16
2.749752542e-16
2.163043948e-16
1.708113554e-16
1.335732326e-16
1.022978301e-16
7.62003813e-17
5.511986494e-17
3.885440726e-17
2.684465305e-17
1.825124494e-17
1.219405028e-17
7.901532281e-18
4.755255393e-18
2.349349328e-18
2.577804628e-08
1.204612492e-08
3.949912122e-09
1.621801901e-09
1.041103365e-09
7.344733431e-10
5.3148798e-10
4.056428652e-10
3.049072202e-10
2.209985684e-10
1.524009495e-10
9.721780924e-11
5.329850362e-11
2.115766123e-11
5.984590503e-12
2.064888714e-12
1.045427417e-12
6.645599278e-13
4.703655914e-13
3.509586649e-13
2.694795444e-13
2.103700221e-13
1.658392612e-13
1.314718603e-13
1.045207089e-13
8.314637011e-14
6.606830896e-14
5.237580579e-14
4.139779068e-14
3.260856248e-14
2.558164396e-14
2.000568322e-14
1.558351132e-14
1.207745385e-14
9.298941286e-15
7.099224856e-15
5.362660042e-15
4.003469654e-15
2.954708005e-15
2.160350794e-15
1.571407175e-15
1.144792534e-15
8.423834275e-16
6.313081621e-16
4.84761326e-16
3.819932037e-16
3.075137215e-16
2.504766163e-16
2.04048556e-16
1.643954749e-16
1.297301485e-16
9.957047683e-17
7.408964959e-17
5.352198306e-17
3.773122134e-17
2.61143949e-17
1.779563706e-17
1.184685795e-17
7.444647332e-18
4.009684561e-18
2.139199404e-08
1.393189311e-08
4.626763602e-09
1.749106158e-09
1.001555221e-09
7.317702478e-10
5.333750691e-10
4.152993022e-10
3.237979018e-10
2.441011062e-10
1.759219614e-10
1.191983224e-10
7.29511435e-11
3.580177652e-11
1.170199823e-11
3.321557005e-12
1.307555748e-12
7.107935869e-13
4.586558629e-13
3.205573445e-13
2.331556161e-13
1.733070722e-13
1.304451456e-13
9.889582617e-14
7.526740476e-14
5.736948994e-14
4.369575335e-14
3.321959205e-14
2.521919548e-14
1.913838308e-14
1.454621995e-14
1.110383336e-14
8.534701862e-15
6.612477064e-15
5.155168304e-15
4.036423961e-15
3.161881124e-15
2.470579487e-15
1.923907343e-15
1.494775265e-15
1.161844529e-15
9.076291656e-16
7.16558724e-16
5.743937573e-16
4.685248126e-16
3.884174014e-16
3.257692194e-16
2.743866861e-16
2.300474147e-16
1.903267471e-16
1.541966005e-16
1.215903254e-16
9.298416953e-17
6.895022571e-17
4.974820147e-17
3.512560953e-17
2.439518245e-17
1.661726013e-17
1.081688788e-17
6.227620027e-18
2.041049953e-08
1.930098699e-08
6.516869607e-09
2.324742128e-09
1.149170144e-09
8.011318093e-10
5.755530464e-10
4.362718155e-10
3.426155044e-10
2.645821922e-10
1.972997476e-10
1.40077007e-10
9.228906151e-11
5.304383211e-11
2.269499047e-11
6.527296209e-12
2.021255739e-12
9.029818257e-13
5.202560437e-13
3.395961973e-13
2.350120919e-13
1.674402624e-13
1.210908022e-13
8.81970963e-14
6.43947258e-14
4.698728487e-14
3.419280205e-14
2.477650534e-14
1.786625362e-14
1.284573366e-14
9.247049852e-15
6.704734659e-15
4.935852641e-15
3.715898019e-15
2.870114804e-15
2.270419132e-15
1.829528814e-15
1.492590837e-15
1.226604669e-15
1.014204575e-15
8.43301706e-16
7.062050484e-16
5.968674137e-16
5.096065876e-16
4.39209108e-16
3.810929339e-16
3.314494641e-16
2.87404116e-16
2.469678933e-16
2.089928287e-16
1.731524021e-16
1.397698437e-16
1.095572421e-16
8.330615783e-17
6.156026042e-17
4.439753937e-17
3.141363718e-17
2.181716025e-17
1.460872587e-17
8.839037538e-18
2.242884101e-08
2.848110615e-08
9.936319235e-09
3.482080068e-09
1.535654462e-09
9.76692272e-10
6.876597828e-10
4.928500827e-10
3.769923053e-10
2.920384894e-10
2.220945048e-10
1.631346462e-10
1.134948e-10
7.207928885e-11
3.790640526e-11
1.370513754e-11
3.820362254e-12
1.356042223e-12
6.716119111e-13
4.036874832e-13
2.657293337e-13
1.825885065e-13
1.281120033e-13
9.075271434e-14
6.446584179e-14
4.570457232e-14
3.222597378e-14
2.253815468e-14
1.560866317e-14
1.070906934e-14
7.307336561e-15
4.992186055e-15
3.450710553e-15
2.448832493e-15
1.808983803e-15
1.400808215e-15
1.134398852e-15
9.520925269e-16
8.192963949e-16
7.165534873e-16
6.332589505e-16
5.636505898e-16
5.044319284e-16
4.532895493e-16
4.079879018e-16
3.667365133e-16
3.281027403e-16
2.909982939e-16
2.548524619e-16
2.195045784e-16
1.851493318e-16
1.523516269e-16
1.219498468e-16
9.482703899e-17
7.166662249e-17
5.277185193e-17
3.800986291e-17
2.683135089e-17
1.835599273e-17
1.149498736e-17
2.612546894e-08
3.847641372e-08
1.411069498e-08
5.010066268e-09
2.08244055e-09
1.218205519e-09
8.521760848e-10
5.88561949e-10
4.336593096e-10
3.322477516e-10
2.544021464e-10
1.906514628e-10
1.373976928e-10
9.290529013e-11
5.61437361e-11
2.657600044e-11
8.401587874e-12
2.453746681e-12
9.828315985e-13
5.232323351e-13
3.236086824e-13
2.144419613e-13
1.468224219e-13
1.020615331e-13
7.133480361e-14
4.982312834e-14
3.461938938e-14
2.384708247e-14
1.623410748e-14
1.089016219e-14
7.203450663e-15
4.726040449e-15
3.104622304e-15
2.072722719e-15
1.435551572e-15
1.052581761e-15
8.256491495e-16
6.899341818e-16
6.052017236e-16
5.478991257e-16
5.049465412e-16
4.69397086e-16
4.376240824e-16
4.076751944e-16
3.783547025e-16
3.487716531e-16
3.184990212e-16
2.872475469e-16
2.551144569e-16
2.225709184e-16
1.902701543e-16
1.589065738e-16
1.293189542e-16
1.023918838e-16
7.885034422e-17
5.911176041e-17
4.323417363e-17
3.090309509e-17
2.1434109e-17
1.368777193e-17
2.932115258e-08
4.41053565e-08
1.737736628e-08
6.407981364e-09
2.626145322e-09
1.44930431e-09
1.015596596e-09
7.066636955e-10
5.078747839e-10
3.849961107e-10
2.95523609e-10
2.241598208e-10
1.653163075e-10
1.163654092e-10
7.583827676e-11
4.28551191e-11
1.796430001e-11
5.2009182e-12
1.649391092e-12
7.366695394e-13
4.161253703e-13
2.636350701e-13
1.760581538e-13
1.204884362e-13
8.33215847e-14
5.774561066e-14
3.988578182e-14
2.734050832e-14
1.853412072e-14
1.23889497e-14
8.146590535e-15
5.274677299e-15
3.38362125e-15
2.17619027e-15
1.430481454e-15
9.856273012e-16
7.289672028e-16
5.846829655e-16
5.041826311e-16
4.579144328e-16
4.287750402e-16
4.073052205e-16
3.884748264e-16
3.696937069e-16
3.49657007e-16
3.277264469e-16
3.036293052e-16
2.773433105e-16
2.491362752e-16
2.195688201e-16
1.895860356e-16
1.600560021e-16
1.318465663e-16
1.057967392e-16
8.261881503e-17
6.275921949e-17
4.639347367e-17
3.338736117e-17
2.324902818e-17
1.487871586e-17
3.152180618e-08
4.595621397e-08
1.940572563e-08
7.450663087e-09
3.071625241e-09
1.628841494e-09
1.137002001e-09
8.204547049e-10
5.875491172e-10
4.43828403e-10
3.422386642e-10
2.624183176e-10
1.970260404e-10
1.428306535e-10
9.799558654e-11
6.126502391e-11
3.16687021e-11
1.133106913e-11
3.190325868e-12
1.146733376e-12
5.669182931e-13
3.365646139e-13
2.175262854e-13
1.462152073e-13
1.0005903e-13
6.893023104e-14
4.746998702e-14
3.251694098e-14
2.206686701e-14
1.478636582e-14
9.755171464e-15
6.327582522e-15
4.045011866e-15
2.567053489e-15
1.639788548e-15
1.078306049e-15
7.507644979e-16
5.666079321e-16
4.662988329e-16
4.124972798e-16
3.828328945e-16
3.644712684e-16
3.503429366e-16
3.367091112e-16
3.21686213e-16
3.044013001e-16
2.845525785e-16
2.621828856e-16
2.375784804e-16
2.112658739e-16
1.839966189e-16
1.566653091e-16
1.302106958e-16
1.054724546e-16
8.312280974e-17
6.364644961e-17
4.72856758e-17
3.402334369e-17
2.350374463e-17
1.479529487e-17
3.336306078e-08
4.648444554e-08
2.072863405e-08
8.261474204e-09
3.450057495e-09
1.774582151e-09
1.217824712e-09
9.133617672e-10
6.639061769e-10
5.016237347e-10
3.900772509e-10
3.026599921e-10
2.309242452e-10
1.713220171e-10
1.218628459e-10
8.119059169e-11
4.83238055e-11
2.25763997e-11
7.119773548e-12
2.099644441e-12
8.473201175e-13
4.502360466e-13
2.760637988e-13
1.806950666e-13
1.219254442e-13
8.338422085e-14
5.724990765e-14
3.921567641e-14
2.667549366e-14
1.795049082e-14
1.191195403e-14
7.77597939e-15
4.991990677e-15
3.164330941e-15
1.998389454e-15
1.278115154e-15
8.489133163e-16
6.026163149e-16
4.664283067e-16
3.9342683e-16
3.546790617e-16
3.330861852e-16
3.189436876e-16
3.069630663e-16
2.943970808e-16
2.799228514e-16
2.630138784e-16
2.436265594e-16
2.220349026e-16
1.986899731e-16
1.74205814e-16
1.49341689e-16
1.249345513e-16
1.018136305e-16
8.06624582e-17
6.196814319e-17
4.60284255e-17
3.290924024e-17
2.230488711e-17
1.381954326e-17
3.535550938e-08
4.682897198e-08
2.164690922e-08
8.902198996e-09
3.772917143e-09
1.897764869e-09
1.268720621e-09
9.774573983e-10
7.308546386e-10
5.543764643e-10
4.347725051e-10
3.418664517e-10
2.650484903e-10
2.007104205e-10
1.469218505e-10
1.023262413e-10
6.589894595e-11
3.68699974e-11
1.543171275e-11
4.514708979e-12
1.443033449e-12
6.44156058e-13
3.616176225e-13
2.270528752e-13
1.500771442e-13
1.01571443e-13
6.941125626e-14
4.750119361e-14
3.236996509e-14
2.186991696e-14
1.459711057e-14
9.596624881e-15
6.203011962e-15
3.946768638e-15
2.485863368e-15
1.567169375e-15
1.008071667e-15
6.79873163e-16
4.941929831e-16
3.927192866e-16
3.385804668e-16
3.094220691e-16
2.922319347e-16
2.797368427e-16
2.680511556e-16
2.55227277e-16
2.404038185e-16
2.23354805e-16
2.042414735e-16
1.834514901e-16
1.615211032e-16
1.390865132e-16
1.168512195e-16
9.55268433e-17
7.577661066e-17
5.81299611e-17
4.294530761e-17
3.028513557e-17
1.984429143e-17
1.222951746e-17
3.755321554e-08
4.671774862e-08
2.212026556e-08
9.367861879e-09
4.043191838e-09
2.006478354e-09
1.302389924e-09
1.015515674e-09
7.851934758e-10
6.006751936e-10
4.742860577e-10
3.779807076e-10
2.977330064e-10
2.298286536e-10
1.724762939e-10
1.244530143e-10
8.475712544e-11
5.252122499e-11
2.704213797e-11
9.772053348e-12
2.769461433e-12
9.969117352e-13
4.919320756e-13
2.906329553e-13
1.865667575e-13
1.244167024e-13
8.440547096e-14
5.760367317e-14
3.927039367e-14
2.660781808e-14
1.784505714e-14
1.180735029e-14
7.686551788e-15
4.91930885e-15
3.103653556e-15
1.944394862e-15
1.226208635e-15
7.958164059e-16
5.469245093e-16
4.079601709e-16
3.326246604e-16
2.921937375e-16
2.695680113e-16
2.549772012e-16
2.430775739e-16
2.311018779e-16
2.177481821e-16
2.025504259e-16
1.855178645e-16
1.669379734e-16
1.472508733e-16
1.269992845e-16
1.068063675e-16
8.730328616e-17
6.908262142e-17
5.267275234e-17
3.838775525e-17
2.629189037e-17
1.648525466e-17
1.039194769e-17
3.973490373e-08
4.544223548e-08
2.192107759e-08
9.55692772e-09
4.213902816e-09
2.083464146e-09
1.318477246e-09
1.029890414e-09
8.229639448e-10
6.389466474e-10
5.075023888e-10
4.092772323e-10
3.275086685e-10
2.574150617e-10
1.97482828e-10
1.466820739e-10
1.041316716e-10
6.906788843e-11
4.082482146e-11
1.890584363e-11
5.934849914e-12
1.763889731e-12
7.202359582e-13
3.846118999e-13
2.355940751e-13
1.535548835e-13
1.029753098e-13
6.989558304e-14
4.757763923e-14
3.227925419e-14
2.172607546e-14
1.445177602e-14
9.470114465e-15
6.10037094e-15
3.865018371e-15
2.418516452e-15
1.508370308e-15
9.532728233e-16
6.259994777e-16
4.396740946e-16
3.369294823e-16
2.814161258e-16
2.510478605e-16
2.32950039e-16
2.199327282e-16
2.081807241e-16
1.958190565e-16
1.820645965e-16
1.66747008e-16
1.50039745e-16
1.322901059e-16
1.139632049e-16
9.560923065e-17
7.780162258e-17
6.110886008e-17
4.593863105e-17
3.2585861e-17
2.135586786e-17
1.298492515e-17
8.654975773e-18
4.168757188e-08
4.246696327e-08
2.086856923e-08
9.386524562e-09
4.248475197e-09
2.114528969e-09
1.315019199e-09
1.023496471e-09
8.413600352e-10
6.670864015e-10
5.334087905e-10
4.345031983e-10
3.529710163e-10
2.821955112e-10
2.208706816e-10
1.681621954e-10
1.233783563e-10
8.586433477e-11
5.50514587e-11
3.050080227e-11
1.257019483e-11
3.666767841e-12
1.194296187e-12
5.416043469e-13
3.057206138e-13
1.917680075e-13
1.262300336e-13
8.491532465e-14
5.759166e-14
3.906444928e-14
2.635299738e-14
1.760400583e-14
1.160258944e-14
7.523013054e-15
4.792922957e-15
3.005194036e-15
1.86461357e-15
1.158412399e-15
7.352490742e-16
4.901529957e-16
3.527959832e-16
2.778264664e-16
2.371445888e-16
2.140504209e-16
1.990384399e-16
1.869530831e-16
1.751728741e-16
1.625120732e-16
1.485818011e-16
1.334185243e-16
1.17287534e-16
1.006019205e-16
8.385843529e-17
6.759494965e-17
5.223927269e-17
3.818337504e-17
2.594878133e-17
1.628389928e-17
9.941093485e-18
7.149559326e-18
4.355121066e-08
3.823476523e-08
1.912666767e-08
8.877923558e-09
4.133902761e-09
2.087277607e-09
1.28863319e-09
9.990772039e-10
8.402819471e-10
6.831898392e-10
5.514342943e-10
4.531400978e-10
3.731712816e-10
3.03339127e-10
2.41876809e-10
1.882681963e-10
1.420451941e-10
1.027339563e-10
6.986415396e-11
4.298897701e-11
2.17920618e-11
7.728642069e-12
2.208400916e-12
8.155616313e-13
4.08949317e-13
2.42791592e-13
1.556662514e-13
1.033742315e-13
6.970009691e-14
4.719876551e-14
3.187786077e-14
2.136498927e-14
1.415129707e-14
9.231037927e-15
5.915124054e-15
3.722750609e-15
2.308154428e-15
1.420503249e-15
8.806367164e-16
5.630535975e-16
3.824020705e-16
2.826881373e-16
2.285947365e-16
1.987485223e-16
1.807580281e-16
1.677660532e-16
1.561940372e-16
1.443317494e-16
1.315018115e-16
1.175883995e-16
1.02783696e-16
8.745168059e-17
7.205671202e-17
5.701029564e-17
4.274193939e-17
2.990356993e-17
1.940228349e-17
1.192035562e-17
7.566687409e-18
5.893087703e-18
4.574013838e-08
3.399785799e-08
1.720673903e-08
8.208309742e-09
3.927271559e-09
2.019518197e-09
1.24725978e-09
9.64350851e-10
8.248744453e-10
6.877632487e-10
5.617572113e-10
4.652520497e-10
3.877922009e-10
3.202269524e-10
2.597933332e-10
2.062856045e-10
1.59433933e-10
1.189648305e-10
8.455369508e-11
5.586970419e-11
3.261932203e-11
1.471724217e-11
4.531903639e-12
1.381392886e-12
5.823736918e-13
3.159700068e-13
1.943877141e-13
1.265489077e-13
8.450930334e-14
5.700107839e-14
3.84836779e-14
2.584693883e-14
1.718786626e-14
1.127207951e-14
7.266689604e-15
4.597434825e-15
2.857245813e-15
1.751888618e-15
1.070336309e-15
6.635660101e-16
4.288800738e-16
2.978057351e-16
2.264006407e-16
1.875972142e-16
1.654219802e-16
1.508718937e-16
1.391288392e-16
1.277984291e-16
1.158429063e-16
1.02958284e-16
8.923803855e-17
7.499892147e-17
6.058425033e-17
4.643339024e-17
3.327647498e-17
2.219197235e-17
1.394292749e-17
8.616421582e-18
5.815808712e-18
4.860602386e-18
4.772023767e-08
3.057135847e-08
1.553103795e-08
7.563040455e-09
3.702014268e-09
1.938428054e-09
1.203532467e-09
9.2961472e-10
8.042059303e-10
6.852133119e-10
5.668930236e-10
4.727736084e-10
3.979147851e-10
3.330847928e-10
2.745496378e-10
2.219258482e-10
1.751605793e-10
1.341530096e-10
9.872664912e-11
6.86375502e-11
4.365918613e-11
2.368118787e-11
9.407780602e-12
2.728099482e-12
9.261512045e-13
4.346205286e-13
2.490948616e-13
1.568373989e-13
1.030567681e-13
6.899011906e-14
4.645883949e-14
3.122480559e-14
2.082686713e-14
1.372413846e-14
8.900577265e-15
5.664994697e-15
3.536048636e-15
2.168855753e-15
1.315122787e-15
7.985928032e-16
4.964644868e-16
3.256451696e-16
2.319141806e-16
1.812969308e-16
1.533884694e-16
1.364539782e-16
1.240912961e-16
1.1303324e-16
1.017711518e-16
8.975382925e-17
7.694641454e-17
6.351004968e-17
4.981971972e-17
3.654699046e-17
2.491325715e-17
1.59794758e-17
9.896184639e-18
6.283140378e-18
4.547422387e-18
4.016451933e-18
4.618568643e-08
2.700504474e-08
1.382486973e-08
6.871851781e-09
3.441761456e-09
1.840117391e-09
1.155792624e-09
8.955415036e-10
7.814507386e-10
6.777625333e-10
5.681895322e-10
4.770054323e-10
4.045918316e-10
3.425149537e-10
2.863586486e-10
2.3515624e-10
1.890581905e-10
1.480754584e-10
1.121625919e-10
8.11884082e-11
5.497857906e-11
3.337783379e-11
1.634621444e-11
5.536676996e-12
1.618550554e-12
6.307968645e-13
3.266938138e-13
1.964474249e-13
1.26312909e-13
8.369783153e-14
5.613080497e-14
3.77111517e-14
2.520964398e-14
1.668197436e-14
1.088054205e-14
6.969679436e-15
4.375416759e-15
2.69237583e-15
1.629005953e-15
9.772290626e-16
5.908280835e-16
3.695699501e-16
2.47011031e-16
1.808277452e-16
1.451056661e-16
1.246808127e-16
1.111348952e-16
1.000552267e-16
8.931109845e-17
7.803157865e-17
6.594430139e-17
5.318146709e-17
4.018588759e-17
2.807844419e-17
1.832317835e-17
1.143462748e-17
7.079006129e-18
4.6792635e-18
3.619206953e-18
3.325796228e-18
3.943113754e-08
2.233425599e-08
1.167593447e-08
5.969871173e-09
3.080482521e-09
1.695999376e-09
1.089713674e-09
8.547225736e-10
7.537187984e-10
6.643938235e-10
5.648952625e-10
4.778992909e-10
4.08208264e-10
3.489239734e-10
2.953466269e-10
2.45981737e-10
2.010133046e-10
1.605204445e-10
1.24560019e-10
9.30969024e-11
6.601902675e-11
4.321117843e-11
2.46334452e-11
1.061479695e-11
3.192981706e-12
1.023258683e-12
4.541084869e-13
2.526775638e-13
1.568258133e-13
1.022144052e-13
6.804511228e-14
4.561273852e-14
3.052361536e-14
2.026724854e-14
1.328779181e-14
8.56668997e-15
5.413522107e-15
3.348686889e-15
2.029793106e-15
1.21125438e-15
7.194845154e-16
4.341449975e-16
2.743256112e-16
1.875899803e-16
1.412369347e-16
1.158164446e-16
1.003262763e-16
8.885545925e-17
7.844909144e-17
6.773503224e-17
5.626627326e-17
4.412999155e-17
3.19976181e-17
2.138868209e-17
1.349099597e-17
8.268911052e-18
5.166731312e-18
3.571827945e-18
2.922161686e-18
2.758008986e-18
3.147381436e-08
1.766052731e-08
9.442907463e-09
4.971549184e-09
2.651098447e-09
1.512723215e-09
1.003986898e-09
8.040758034e-10
7.188571013e-10
6.437714719e-10
5.558334564e-10
4.748139029e-10
4.086124739e-10
3.523968653e-10
3.016157152e-10
2.544941428e-10
2.110201649e-10
1.714085572e-10
1.357901806e-10
1.042118778e-10
7.663099852e-11
5.295741286e-11
3.314901839e-11
1.73315351e-11
6.518026471e-12
1.902718164e-12
6.898390734e-13
3.394552802e-13
1.988570629e-13
1.261730234e-13
8.29587224e-14
5.533375806e-14
3.70073805e-14
2.463057617e-14
1.622132755e-14
1.05223712e-14
6.696610535e-15
4.170308361e-15
2.539751997e-15
1.515677832e-15
8.922535231e-16
5.255441186e-16
3.175438101e-16
2.036321255e-16
1.428197414e-16
1.103094987e-16
9.17911064e-17
7.94047239e-17
6.904142951e-17
5.879364032e-17
4.796014729e-17
3.653857638e-17
2.548747669e-17
1.643522143e-17
1.009619998e-17
6.113918609e-18
3.872652461e-18
2.791074115e-18
2.382831407e-18
2.287997632e-18
2.375982776e-08
1.342441167e-08
7.35490108e-09
3.990243939e-09
2.204431812e-09
1.311398688e-09
9.084907815e-10
7.489873743e-10
6.791624553e-10
6.16991584e-10
5.408785822e-10
4.673493373e-10
4.056243326e-10
3.52918795e-10
3.052152541e-10
2.606524771e-10
2.190300523e-10
1.806616767e-10
1.457424247e-10
1.14395279e-10
8.665275074e-11
6.248491559e-11
4.186345369e-11
2.482410504e-11
1.153336787e-11
3.702357924e-12
1.138841052e-12
4.775875804e-13
2.575242375e-13
1.574314072e-13
1.017490557e-13
6.735807156e-14
4.495113522e-14
2.995559247e-14
1.980293849e-14
1.291928683e-14
8.281264308e-15
5.197032412e-15
3.186839907e-15
1.909741142e-15
1.122035212e-15
6.521165143e-16
3.818234251e-16
2.319683742e-16
1.514909634e-16
1.089496409e-16
8.582449581e-17
7.167097304e-17
6.099703777e-17
5.117267609e-17
4.109357664e-17
3.059836768e-17
2.070543844e-17
1.296035581e-17
7.77630843e-18
4.658582117e-18
2.985675285e-18
2.223755667e-18
1.954462259e-18
1.896409609e-18
1.701587749e-08
9.79171192e-09
5.514747319e-09
3.091401978e-09
1.776395476e-09
1.10843486e-09
8.060791829e-10
6.866830786e-10
6.335825922e-10
5.840425733e-10
5.201307934e-10
4.552960282e-10
3.990822307e-10
3.504496816e-10
3.061561784e-10
2.64446326e-10
2.250082642e-10
1.882140895e-10
1.543179557e-10
1.235128369e-10
9.590121324e-11
7.150996193e-11
5.032998775e-11
3.238855864e-11
1.781062006e-11
7.245922197e-12
2.164750087e-12
7.461644172e-13
3.517258921e-13
2.014635119e-13
1.264066674e-13
8.257036137e-14
5.481540564e-14
3.651078693e-14
2.420127801e-14
1.58688199e-14
1.024279968e-14
6.481289974e-15
4.007986528e-15
2.418985453e-15
1.426234352e-15
8.254391845e-16
4.745751769e-16
2.771449555e-16
1.699112352e-16
1.131959214e-16
8.309000805e-17
6.592271459e-17
5.439086583e-17
4.483413539e-17
3.559487933e-17
2.618060871e-17
1.737727531e-17
1.060470586e-17
6.210925444e-18
3.663539671e-18
2.358792122e-18
1.79487662e-18
1.606527783e-18
1.568301719e-18
1.155455442e-08
6.829314315e-09
3.970707547e-09
2.309974697e-09
1.390440503e-09
9.20220769e-10
7.041145318e-10
6.212745937e-10
5.839715184e-10
5.461401679e-10
4.941663769e-10
4.388534305e-10
3.890206169e-10
3.450094108e-10
3.044722021e-10
2.658970893e-10
2.289462699e-10
1.940277327e-10
1.614525254e-10
1.314798864e-10
1.042801821e-10
7.99416666e-11
5.849869724e-11
3.997668321e-11
2.445833364e-11
1.217747419e-11
4.310355129e-12
1.304625902e-12
5.146936471e-13
2.669639456e-13
1.600519589e-13
1.023597876e-13
6.731071796e-14
4.469656596e-14
2.966155294e-14
1.953037427e-14
1.268838443e-14
8.09598538e-15
5.054101788e-15
3.079098087e-15
1.829376527e-15
1.062101793e-15
6.06768204e-16
3.462211492e-16
2.025004756e-16
1.256607208e-16
8.503639956e-17
6.289704896e-17
4.950052051e-17
3.975325556e-17
3.116710617e-17
2.275382705e-17
1.492658134e-17
8.916336152e-18
5.089489146e-18
2.945061028e-18
1.892223113e-18
1.456739028e-18
1.318383577e-18
1.29170029e-18
7.40912345e-09
4.530178459e-09
2.734232319e-09
1.660896387e-09
1.054017257e-09
7.4019032e-10
6.028352954e-10
5.530838632e-10
5.309201158e-10
5.042783664e-10
4.6387553e-10
4.184189083e-10
3.755957371e-10
3.366877595e-10
3.002234939e-10
2.650351938e-10
2.308503966e-10
1.98075921e-10
1.670922594e-10
1.382187256e-10
1.11689313e-10
8.765265984e-11
6.619237594e-11
4.736013767e-11
3.123087052e-11
1.79485025e-11
7.880561242e-12
2.468192706e-12
8.212847651e-13
3.711886458e-13
2.076534285e-13
1.287111043e-13
8.344279292e-14
5.509933774e-14
3.654914845e-14
2.414124742e-14
1.577719719e-14
1.014992276e-14
6.400220089e-15
3.942602812e-15
2.36822483e-15
1.387465709e-15
7.956943845e-16
4.508564745e-16
2.569243328e-16
1.510774266e-16
9.445716108e-17
6.412443461e-17
4.703105561e-17
3.608323123e-17
2.762587645e-17
1.997053792e-17
1.298582021e-17
7.598791922e-18
4.217440752e-18
2.391599686e-18
1.526946095e-18
1.182359205e-18
1.077278513e-18
1.057766636e-18
4.486709818e-09
2.85593322e-09
1.801413572e-09
1.152469233e-09
7.800197845e-10
5.889831605e-10
5.102921125e-10
4.855674782e-10
4.763819265e-10
4.598730054e-10
4.303608777e-10
3.947034213e-10
3.592241724e-10
3.257355198e-10
2.935733448e-10
2.619722052e-10
2.307654929e-10
2.003638352e-10
1.712083079e-10
1.436735297e-10
1.180514986e-10
9.454740238e-11
7.329378239e-11
5.43742197e-11
3.785722653e-11
2.386009982e-11
1.260703321e-11
4.882379564e-12
1.498846336e-12
5.639843572e-13
2.820994557e-13
1.659698294e-13
1.05116471e-13
6.871621625e-14
4.54443192e-14
3.006750682e-14
1.975159805e-14
1.280842483e-14
8.161102202e-15
5.090168254e-15
3.099938615e-15
1.842025111e-15
1.069996286e-15
6.111419365e-16
3.464493353e-16
1.979172241e-16
1.165838843e-16
7.263709409e-17
4.858845821e-17
3.457806398e-17
2.525340572e-17
1.786503365e-17
1.148934912e-17
6.575281856e-18
3.536468861e-18
1.956191762e-18
1.23423643e-18
9.562264108e-19
8.744106057e-19
8.596679273e-19
2.587575813e-09
1.72326602e-09
1.143708372e-09
7.787717272e-10
5.685244985e-10
4.659062161e-10
4.285079868e-10
4.225797198e-10
4.232485991e-10
4.151249944e-10
3.95313788e-10
3.688007862e-10
3.405537034e-10
3.125808666e-10
2.848254828e-10
2.569063249e-10
2.288041129e-10
2.009425187e-10
1.738062806e-10
1.478159105e-10
1.233133201e-10
1.005545862e-10
7.971971511e-11
6.093100716e-11
4.427887114e-11
2.986259961e-11
1.783685925e-11
8.459055586e-12
2.878766486e-12
9.403083533e-13
4.063912893e-13
2.212744377e-13
1.353293691e-13
8.71018994e-14
5.726833967e-14
3.789115758e-14
2.499593488e-14
1.633386264e-14
1.052021414e-14
6.652069776e-15
4.118122561e-15
2.493850863e-15
1.479501127e-15
8.617272458e-16
4.946022367e-16
2.818849364e-16
1.615311908e-16
9.472537654e-17
5.798531202e-17
3.747312174e-17
2.524478794e-17
1.697656846e-17
1.065006581e-17
5.949713805e-18
3.082499457e-18
1.6394274e-18
1.006066348e-18
7.708476987e-19
7.039829382e-19
6.922903486e-19
1.440952013e-09
1.009040892e-09
7.120857361e-10
5.24400785e-10
4.168228265e-10
3.69128002e-10
3.587887344e-10
3.654437252e-10
3.728889771e-10
3.717486724e-10
3.60323411e-10
3.419683206e-10
3.204638976e-10
2.978002708e-10
2.743635977e-10
2.501109961e-10
2.251552162e-10
1.999296737e-10
1.749474033e-10
1.506622094e-10
1.274555023e-10
1.056259134e-10
8.5395219e-11
6.692196251e-11
5.032040119e-11
3.568685278e-11
2.314696943e-11
1.289560304e-11
5.440108842e-12
1.745948063e-12
6.389772474e-13
3.101162523e-13
1.79560234e-13
1.128521628e-13
7.347879628e-14
4.850903005e-14
3.210383106e-14
2.113801668e-14
1.377306134e-14
8.845318183e-15
5.585286601e-15
3.466175554e-15
2.113317484e-15
1.265774937e-15
7.458649391e-16
4.337047354e-16
2.500651322e-16
1.441515877e-16
8.409174002e-17
5.024287686e-17
3.081742762e-17
1.905102485e-17
1.132579072e-17
6.109786619e-18
3.008580645e-18
1.491738861e-18
8.521410293e-19
6.243802832e-19
5.623073304e-19
5.517938075e-19
7.88960783e-10
5.853939855e-10
4.436969417e-10
3.555894611e-10
3.09699226e-10
2.95787381e-10
3.013179036e-10
3.152739459e-10
3.273306302e-10
3.316666562e-10
3.270417896e-10
3.155263113e-10
2.99930613e-10
2.821124819e-10
2.627334356e-10
2.419820015e-10
2.200862399e-10
1.974981838e-10
1.747338031e-10
1.522617629e-10
1.304880093e-10
1.097420243e-10
9.027904152e-11
7.228954601e-11
5.591341893e-11
4.125894107e-11
2.843107639e-11
1.758562171e-11
8.998094436e-12
3.420343406e-12
1.129001037e-12
4.691615077e-13
2.490484105e-13
1.506759159e-13
9.658882672e-14
6.346222496e-14
4.206939116e-14
2.789783373e-14
1.840289949e-14
1.203037628e-14
7.778073829e-15
4.965322283e-15
3.125385137e-15
1.938740843e-15
1.185338668e-15
7.14606703e-16
4.254218424e-16
2.508359074e-16
1.470914501e-16
8.6123264e-17
5.035983561e-17
2.915662187e-17
1.633790748e-17
8.484711867e-18
3.962028969e-18
1.753109417e-18
8.428738634e-19
5.292465214e-19
4.483668642e-19
4.352260436e-19
4.344634981e-10
3.446156085e-10
2.844685362e-10
2.502476084e-10
2.375142059e-10
2.415069989e-10
2.553774482e-10
2.729383912e-10
2.879377471e-10
2.962597988e-10
2.967773322e-10
2.906323841e-10
2.799059955e-10
2.662613871e-10
2.504941022e-10
2.329507393e-10
2.139362594e-10
1.938947996e-10
1.733335678e-10
1.527186536e-10
1.324642518e-10
1.1291703e-10
9.435512429e-11
7.699410268e-11
6.099736605e-11
4.64906301e-11
3.358280512e-11
2.240334648e-11
1.31358995e-11
6.070378211e-12
2.10924327e-12
7.682755328e-13
3.636314531e-13
2.07970487e-13
1.304123639e-13
8.514389716e-14
5.656086038e-14
3.780635468e-14
2.52718121e-14
1.684263608e-14
1.116502278e-14
7.344551114e-15
4.78716786e-15
3.088932814e-15
1.971515322e-15
1.243934656e-15
7.75975438e-16
4.78917131e-16
2.925484243e-16
1.766129351e-16
1.049765655e-16
6.093932367e-17
3.405738235e-17
1.789540442e-17
8.514907427e-18
3.584207094e-18
1.385206998e-18
5.891778563e-19
3.784037979e-19
3.426643354e-19
2.477480817e-10
2.131860828e-10
1.926900828e-10
1.850583715e-10
1.890272228e-10
2.018627001e-10
2.196809788e-10
2.38882767e-10
2.554160315e-10
2.663109853e-10
2.703637981e-10
2.681197502e-10
2.611447015e-10
2.508900194e-10
2.381900084e-10
2.23467864e-10
2.070589889e-10
1.893935048e-10
1.709540868e-10
1.521809326e-10
1.334809159e-10
1.152044649e-10
9.764147729e-11
8.102408594e-11
6.553364752e-11
5.131113238e-11
3.847143331e-11
2.712454477e-11
1.741564959e-11
9.554167919e-12
4.034746282e-12
1.404574761e-12
5.762454727e-13
3.013651169e-13
1.820026125e-13
1.17508134e-13
7.818953931e-14
5.275473231e-14
3.583924202e-14
2.440597748e-14
1.66045879e-14
1.126522535e-14
7.610457399e-15
5.11255571e-15
3.410846061e-15
2.257685637e-15
1.481829613e-15
9.638723622e-16
6.204356798e-16
3.939332577e-16
2.454251586e-16
1.489364872e-16
8.713378265e-17
4.840470126e-17
2.493294172e-17
1.145081891e-17
4.442985568e-18
1.433040255e-18
4.920977037e-19
2.970060271e-19
1.528058221e-10
1.438645335e-10
1.419490297e-10
1.472050678e-10
1.579773609e-10
1.740044499e-10
1.930843654e-10
2.126305165e-10
2.297370688e-10
2.419940452e-10
2.481584137e-10
2.484811344e-10
2.441871534e-10
2.365252357e-10
2.262966989e-10
2.139449474e-10
1.998170281e-10
1.842985926e-10
1.678298791e-10
1.508237157e-10
1.336620563e-10
1.166849656e-10
1.001822987e-10
8.439339514e-11
6.951089418e-11
5.568769923e-11
4.30469991e-11
3.169653925e-11
2.175190093e-11
1.337944515e-11
6.833025716e-12
2.707339734e-12
1.008776377e-12
4.678395377e-13
2.654969283e-13
1.677336797e-13
1.114669869e-13
7.604719789e-14
5.262667349e-14
3.66865445e-14
2.566224966e-14
1.796907941e-14
1.257471818e-14
8.781795765e-15
6.111391391e-15
4.232601213e-15
2.913862134e-15
1.990934033e-15
1.346784334e-15
8.985846095e-16
5.884455568e-16
3.757963078e-16
2.32044076e-16
1.369487607e-16
7.598299734e-17
3.860554883e-17
1.707310989e-17
6.021608887e-18
1.627756586e-18
4.559734204e-19
1.064298821e-10
1.075801582e-10
1.136446546e-10
1.236464335e-10
1.377212982e-10
1.549155627e-10
1.741037132e-10
1.933485301e-10
2.103319366e-10
2.229480144e-10
2.300593964e-10
2.318376567e-10
2.292909416e-10
2.234861472e-10
2.151528692e-10
2.047208757e-10
1.92515911e-10
1.78876052e-10
1.641934028e-10
1.488370079e-10
1.33154417e-10
1.174648732e-10
1.020479733e-10
8.714126687e-11
7.294155757e-11
5.960904354e-11
4.727405341e-11
3.604688966e-11
2.603301987e-11
1.736257087e-11
1.021843125e-11
4.8631117e-12
1.873931051e-12
7.82886084e-13
4.088144502e-13
2.494946466e-13
1.651066949e-13
1.13817603e-13
8.020486929e-14
5.724962583e-14
4.118095686e-14
2.975371688e-14
2.154184874e-14
1.559906997e-14
1.127865731e-14
8.12924919e-15
5.830468489e-15
4.152083665e-15
2.927396917e-15
2.035880981e-15
1.390210703e-15
9.265999794e-16
5.982796218e-16
3.706770892e-16
2.176084016e-16
1.188153613e-16
5.849387323e-17
2.437194435e-17
7.628570189e-18
1.647382095e-18
8.289317698e-11
8.88484649e-11
9.804654499e-11
1.103107885e-10
1.252912416e-10
1.426665115e-10
1.614627577e-10
1.800268784e-10
1.96311302e-10
2.084881222e-10
2.156597727e-10
2.180371329e-10
2.164874602e-10
2.11918484e-10
2.049689841e-10
1.960327506e-10
1.854048354e-10
1.73374495e-10
1.602688925e-10
1.46411253e-10
1.321144319e-10
1.176656423e-10
1.033262006e-10
8.932441822e-11
7.585472981e-11
6.307947774e-11
5.113297426e-11
4.012790901e-11
3.016492071e-11
2.134812629e-11
1.381660666e-11
7.76402945e-12
3.536957594e-12
1.429768766e-12
6.76468209e-13
3.917738569e-13
2.560791936e-13
1.777445504e-13
1.272976321e-13
9.283230314e-14
6.845977537e-14
5.083783874e-14
3.79031123e-14
2.830559544e-14
2.112946728e-14
1.573484753e-14
1.166347762e-14
8.582634037e-15
6.249838667e-15
4.487327939e-15
3.163036321e-15
2.177365649e-15
1.454119265e-15
9.346244618e-16
5.723732367e-16
3.293522141e-16
1.742309905e-16
8.159243982e-17
3.075098565e-17
7.379554797e-18
7.163606621e-11
7.984452315e-11
9.042881962e-11
1.034290609e-10
1.186832702e-10
1.358823633e-10
1.540435614e-10
1.715823337e-10
1.866597883e-10
1.977995851e-10
2.044046823e-10
2.067680106e-10
2.056546817e-10
2.018326548e-10
1.95844736e-10
1.880398797e-10
1.786722376e-10
1.679808343e-10
1.562387631e-10
1.437187752e-10
1.30689594e-10
1.17407433e-10
1.041095785e-10
9.100896329e-11
7.829183661e-11
6.611773013e-11
5.462140099e-11
4.391668153e-11
3.410257289e-11
2.527284189e-11
1.753277284e-11
1.103001286e-11
5.975319716e-12
2.717568418e-12
1.222820511e-12
6.611196838e-13
4.194941215e-13
2.903841409e-13
2.099667265e-13
1.554531938e-13
1.167397141e-13
8.845994263e-14
6.739896696e-14
5.149263583e-14
3.935382883e-14
3.001703965e-14
2.279343812e-14
1.718290975e-14
1.281862318e-14
9.428706933e-15
6.809284207e-15
4.805607236e-15
3.295851718e-15
2.181914676e-15
1.383055213e-15
8.30122276e-16
4.63850734e-16
2.343406282e-16
9.97185101e-17
2.798425186e-17
6.744741005e-11
7.661321662e-11
8.783661718e-11
1.012148669e-10
1.1661417e-10
1.3349385e-10
1.507646716e-10
1.669044253e-10
1.803605686e-10
1.900582105e-10
1.956968586e-10
1.976439345e-10
1.965772035e-10
1.931360473e-10
1.877802587e-10
1.808056167e-10
1.724247488e-10
1.628335041e-10
1.522529747e-10
1.409034244e-10
1.290146639e-10
1.168098331e-10
1.044972361e-10
9.22712562e-11
8.030624585e-11
6.875519501e-11
5.775013787e-11
4.740418435e-11
3.78153099e-11
2.907253609e-11
2.126624891e-11
1.450782812e-11
8.952668612e-12
4.809127917e-12
2.324776336e-12
1.203620264e-12
7.310935139e-13
4.964438006e-13
3.5758166e-13
2.659509186e-13
2.014882276e-13
1.544060375e-13
1.191640926e-13
9.232173117e-14
7.161286405e-14
5.548054232e-14
4.282078649e-14
3.283405664e-14
2.493349408e-14
1.868370977e-14
1.375896932e-14
9.913044136e-15
6.955179514e-15
4.726875715e-15
3.090511868e-15
1.925845941e-15
1.127730654e-15
6.051253547e-16
2.798317104e-16
9.11163722e-17
6.787781533e-11
7.758541817e-11
8.929213434e-11
1.029844353e-10
1.183354237e-10
1.345912648e-10
1.505847769e-10
1.649502551e-10
1.764915475e-10
1.845210557e-10
1.889786373e-10
1.902758904e-10
1.890028459e-10
1.856937059e-10
1.807276886e-10
1.743494698e-10
1.667324384e-10
1.580314119e-10
1.484218177e-10
1.380828912e-10
1.272039615e-10
1.159737376e-10
1.045754213e-10
9.318190998e-11
8.195238315e-11
7.10300424e-11
6.054137013e-11
5.059680394e-11
4.12928525e-11
3.271596297e-11
2.494924107e-11
1.808460321e-11
1.224330745e-11
7.582816669e-12
4.248584028e-12
2.292262502e-12
1.345785772e-12
8.809659094e-13
6.215575134e-13
4.590651987e-13
3.480368634e-13
2.678219883e-13
2.079428091e-13
1.622668409e-13
1.268911739e-13
9.918500121e-14
7.730281814e-14
5.991352878e-14
4.604032593e-14
3.495958537e-14
2.613248754e-14
1.915753977e-14
1.371446629e-14
9.542292774e-15
6.415682564e-15
4.135995254e-15
2.526719374e-15
1.431022096e-15
7.115516495e-16
2.662723518e-16
7.182043228e-11
8.215761702e-11
9.434670847e-11
1.081747858e-10
1.231059979e-10
1.382642901e-10
1.525409548e-10
1.648278271e-10
1.742935832e-10
1.805724044e-10
1.837704275e-10
1.843048318e-10
1.826842891e-10
1.793463333e-10
1.74598272e-10
1.686380844e-10
1.616041499e-10
1.536176787e-10
1.448163176e-10
1.353428949e-10
1.253483437e-10
1.149923902e-10
1.044325321e-10
9.381865914e-11
8.329427149e-11
7.299145004e-11
6.302950143e-11
5.351480209e-11
4.454191269e-11
3.619640971e-11
2.856011226e-11
2.171814963e-11
1.575441202e-11
1.076476142e-11
6.877818106e-12
4.16085143e-12
2.505680523e-12
1.597444542e-12
1.09454649e-12
7.933322294e-13
5.96728742e-13
4.585038584e-13
3.563977125e-13
2.788205027e-13
2.187985561e-13
1.717421497e-13
1.34537505e-13
1.049152419e-13
8.120196752e-14
6.219060254e-14
4.697966847e-14
3.488266472e-14
2.536187947e-14
1.798165509e-14
1.237340566e-14
8.211890516e-15
5.20616688e-15
3.095243122e-15
1.646016726e-15
6.967097649e-16
7.919232979e-11
9.008758658e-11
1.024949276e-10
1.160155714e-10
1.299898975e-10
1.435496833e-10
1.557574361e-10
1.658004948e-10
1.731672402e-10
1.777276844e-10
1.796850704e-10
1.794338595e-10
1.774012696e-10
1.739401629e-10
1.692955447e-10
1.63624597e-10
1.570357396e-10
1.49622166e-10
1.414882699e-10
1.327466488e-10
1.235195647e-10
1.139382501e-10
1.041352898e-10
9.424205695e-11
8.438512446e-11
7.468409184e-11
6.52497667e-11
5.61835145e-11
4.757798124e-11
3.951917451e-11
3.208886758e-11
2.535777611e-11
1.938557665e-11
1.423745383e-11
9.989415711e-12
6.713328605e-12
4.388565293e-12
2.872586426e-12
1.944964873e-12
1.379543482e-12
1.019203143e-12
7.748378238e-13
5.989218733e-13
4.669719083e-13
3.658752907e-13
2.872160697e-13
2.252155405e-13
1.75941169e-13
1.365760049e-13
1.050578766e-13
7.984846033e-14
5.977733767e-14
4.393182546e-14
3.157803657e-14
2.210971089e-14
1.500666111e-14
9.801446287e-15
6.069038518e-15
3.423168141e-15
1.606378342e-15
8.980556506e-11
1.008586789e-10
1.129449028e-10
1.255575427e-10
1.38023628e-10
1.495854034e-10
1.595270005e-10
1.673101332e-10
1.726690847e-10
1.756264101e-10
1.764266461e-10
1.754224433e-10
1.729642278e-10
1.693318653e-10
1.64717399e-10
1.592432116e-10
1.529925894e-10
1.460361242e-10
1.384521024e-10
1.303308048e-10
1.217685062e-10
1.128698829e-10
1.037476106e-10
9.451488963e-11
8.528182562e-11
7.615630419e-11
6.724073744e-11
5.863146292e-11
5.041896251e-11
4.268804911e-11
3.551140869e-11
2.894646161e-11
2.304462694e-11
1.785427825e-11
1.341974704e-11
9.774334623e-12
6.926524036e-12
4.834229458e-12
3.376303751e-12
2.394663297e-12
1.741598957e-12
1.299378908e-12
9.888308912e-13
7.62761716e-13
5.930964143e-13
4.627584158e-13
3.612287105e-13
2.813663879e-13
2.181198342e-13
1.678347031e-13
1.278211525e-13
9.606413296e-14
7.102158659e-14
5.148031344e-14
3.645225489e-14
2.511507248e-14
1.675033989e-14
1.069247749e-14
6.325849787e-15
3.226547867e-15
1.029948836e-10
1.135827817e-10
1.247019034e-10
1.358270782e-10
1.463567687e-10
1.556928932e-10
1.633359713e-10
1.689672716e-10
1.724889813e-10
1.740079704e-10
1.737711863e-10
1.720799254e-10
1.692151792e-10
1.653952322e-10
1.607681634e-10
1.554276225e-10
1.494365379e-10
1.428477101e-10
1.357188074e-10
1.281208669e-10
1.201294936e-10
1.118301778e-10
1.033162424e-10
9.468377879e-11
8.602983608e-11
7.745064508e-11
6.904024699e-11
6.088942271e-11
5.308458266e-11
4.570192349e-11
3.880336439e-11
3.244224978e-11
2.666463382e-11
2.15086558e-11
1.700187912e-11
1.315767293e-11
9.971919106e-12
7.419982074e-12
5.454032905e-12
3.991035937e-12
2.925432901e-12
2.159269244e-12
1.606832384e-12
1.21556407e-12
9.303184588e-13
7.162515937e-13
5.529797067e-13
4.270057131e-13
3.289209207e-13
2.520294248e-13
1.91512679e-13
1.438639213e-13
1.064882279e-13
7.741643201e-14
5.509829148e-14
3.825669104e-14
2.581430215e-14
1.679982747e-14
1.028899286e-14
5.583472604e-15
1.177050091e-10
1.271828921e-10
1.367680284e-10
1.459833559e-10
1.543406691e-10
1.614043968e-10
1.668539439e-10
1.70526352e-10
1.724251761e-10
1.726924657e-10
1.715541042e-10
1.692579545e-10
1.660244534e-10
1.620209794e-10
1.573598259e-10
1.521113927e-10
1.463223822e-10
1.400316914e-10
1.332809548e-10
1.261262218e-10
1.186276092e-10
1.108540283e-10
1.028815661e-10
9.479274015e-11
8.667297045e-11
7.860789899e-11
7.068344535e-11
6.298359036e-11
5.558512596e-11
4.855339408e-11
4.194575787e-11
3.58119883e-11
3.019362755e-11
2.512205261e-11
2.061589915e-11
1.667904938e-11
1.330000115e-11
1.045240751e-11
8.096663953e-12
6.184461654e-12
4.66191726e-12
3.475126145e-12
2.570019823e-12
1.892458632e-12
1.412073124e-12
1.062048585e-12
8.03698912e-13
6.106867729e-13
4.645893527e-13
3.526642234e-13
2.66129469e-13
1.988924535e-13
1.466610503e-13
1.063341965e-13
7.557733404e-14
5.252217004e-14
3.558993026e-14
2.339388725e-14
1.463274678e-14
8.258047836e-15
1.327502268e-10
1.40621473e-10
1.483032791e-10
1.554006584e-10
1.615452955e-10
1.664401596e-10
1.698959315e-10
1.718489653e-10
1.723549134e-10
1.715596091e-10
1.696562901e-10
1.668422709e-10
1.632867933e-10
1.591159257e-10
1.544133119e-10
1.492308536e-10
1.436025591e-10
1.375566879e-10
1.31124099e-10
1.243469085e-10
1.172743105e-10
1.099619499e-10
1.024730507e-10
9.487802676e-11
8.725080552e-11
7.966743857e-11
7.22054972e-11
6.493855502e-11
5.79320863e-11
5.124543078e-11
4.493154696e-11
3.903629056e-11
3.359685711e-11
2.863960717e-11
2.417795732e-11
2.021113655e-11
1.672418201e-11
1.368912822e-11
1.106761316e-11
8.816272916e-12
6.894259993e-12
5.271387335e-12
3.93250445e-12
2.868249932e-12
2.077645775e-12
1.511280241e-12
1.108484806e-12
8.207194638e-13
6.115701069e-13
4.566262278e-13
3.399661557e-13
2.512163176e-13
1.834600229e-13
1.319068577e-13
9.309549917e-14
6.437762876e-14
4.352666621e-14
2.864201129e-14
1.80524257e-14
1.036937559e-14
1.470577793e-10
1.53058617e-10
1.587002899e-10
1.636780621e-10
1.677296354e-10
1.706637044e-10
1.723790217e-10
1.728687341e-10
1.722083023e-10
1.705300273e-10
1.679911881e-10
1.647443399e-10
1.609166767e-10
1.566013874e-10
1.518596107e-10
1.467288739e-10
1.412335319e-10
1.353939678e-10
1.292330934e-10
1.22781759e-10
1.160804797e-10
1.091745083e-10
1.021171275e-10
9.496794913e-11
8.779166886e-11
8.065626147e-11
7.362789424e-11
6.676819689e-11
6.013511606e-11
5.378215692e-11
4.775747288e-11
4.210245894e-11
3.684985831e-11
3.202171027e-11
2.762766772e-11
2.366415154e-11
2.011451523e-11
1.695028426e-11
1.413386517e-11
1.162344064e-11
9.380891224e-12
7.380754046e-12
5.620449e-12
4.124267375e-12
2.930680237e-12
2.060599867e-12
1.444255895e-12
1.031594385e-12
7.454704376e-13
5.425588276e-13
3.956164573e-13
2.873444786e-13
2.067096927e-13
1.465810931e-13
1.021001836e-13
6.969105238e-14
4.650977351e-14
3.024338277e-14
1.890941744e-14
1.081132341e-14
1.598096054e-10
1.639107355e-10
1.67581098e-10
1.705990772e-10
1.727872828e-10
1.740296212e-10
1.742799398e-10
1.735598811e-10
1.719461318e-10
1.695500681e-10
1.66494845e-10
1.628953922e-10
1.588453368e-10
1.544122394e-10
1.496398844e-10
1.445548098e-10
1.39174104e-10
1.335123106e-10
1.275864712e-10
1.214193074e-10
1.150439225e-10
1.08498897e-10
1.018288911e-10
9.508485593e-11
8.832289365e-11
8.159999874e-11
7.497088767e-11
6.848921676e-11
6.220616453e-11
5.616942096e-11
5.042185995e-11
4.499984754e-11
3.993133157e-11
3.523402644e-11
3.091407877e-11
2.69654983e-11
2.337046367e-11
2.01006292e-11
1.71197931e-11
1.438839752e-11
1.187027351e-11
9.54195005e-12
7.403873151e-12
5.492242395e-12
3.879365267e-12
2.637266664e-12
1.773905776e-12
1.207324489e-12
8.370223254e-13
5.891805114e-13
4.174742788e-13
2.952211193e-13
2.069618525e-13
1.430744776e-13
9.71278123e-14
6.453360218e-14
4.18483136e-14
2.644259564e-14
1.608960963e-14
8.93576241e-15
1.704934812e-10
1.72848626e-10
1.747631157e-10
1.760848612e-10
1.767005968e-10
1.765454754e-10
1.756060271e-10
1.739156277e-10
1.715433195e-10
1.685784682e-10
1.651147464e-10
1.612368864e-10
1.570125241e-10
1.524897335e-10
1.476992404e-10
1.426594172e-10
1.373820862e-10
1.318777001e-10
1.261592309e-10
1.202447781e-10
1.141594289e-10
1.079376285e-10
1.016168698e-10
9.524022913e-11
8.885434111e-11
8.250572011e-11
7.624112596e-11
7.010695727e-11
6.414783713e-11
5.840538227e-11
5.291669906e-11
4.771264655e-11
4.28160487e-11
3.824013831e-11
3.398752642e-11
3.00498939e-11
2.640849458e-11
2.303558233e-11
1.989702726e-11
1.695650724e-11
1.418161017e-11
1.155224922e-11
9.072149094e-12
6.783738434e-12
4.7793175e-12
3.178797033e-12
2.035910657e-12
1.315414232e-12
8.694064917e-13
5.853152918e-13
3.972768177e-13
2.692260164e-13
1.806502903e-13
1.192484062e-13
7.704666082e-14
4.850797691e-14
2.971152178e-14
1.776281884e-14
1.028240739e-14
5.507554921e-15
1.788807188e-10
1.797558745e-10
1.802117101e-10
1.801507189e-10
1.795062339e-10
1.782474305e-10
1.763794776e-10
1.739386894e-10
1.709836189e-10
1.675839746e-10
1.638097022e-10
1.597223747e-10
1.553702215e-10
1.507870101e-10
1.459940245e-10
1.410038672e-10
1.358247745e-10
1.304644984e-10
1.249333027e-10
1.192460298e-10
1.134233002e-10
1.074917766e-10
1.014848813e-10
9.543879076e-11
8.93903944e-11
8.33788622e-11
7.744414038e-11
7.162551021e-11
6.596102679e-11
6.048608049e-11
5.52317674e-11
5.022319773e-11
4.547790615e-11
4.100459077e-11
3.680239574e-11
3.286087449e-11
2.916069946e-11
2.567520312e-11
2.237295423e-11
1.922172422e-11
1.619423042e-11
1.327620194e-11
1.047779176e-11
7.849564571e-12
5.498850464e-12
3.580555575e-12
2.208469102e-12
1.349699735e-12
8.405999581e-13
5.338611052e-13
3.414343271e-13
2.171643719e-13
1.357910581e-13
8.282855619e-14
4.899726854e-14
2.813812691e-14
1.587827032e-14
8.907791354e-15
4.908864567e-15
2.579163929e-15
1.849735984e-10
1.846804225e-10
1.840001362e-10
1.828759731e-10
1.812740788e-10
1.791858011e-10
1.766266183e-10
1.736318462e-10
1.702499426e-10
1.665347549e-10
1.625382484e-10
1.583050341e-10
1.538694437e-10
1.492551941e-10
1.444770884e-10
1.39543916e-10
1.344616902e-10
1.292365611e-10
1.238771134e-10
1.183959278e-10
1.128104269e-10
1.071430512e-10
1.014200215e-10
9.566990268e-11
8.992344051e-11
8.421425022e-11
7.857526717e-11
7.303900522e-11
6.763741632e-11
6.239977268e-11
5.735113002e-11
5.251086004e-11
4.789134597e-11
4.349704858e-11
3.932410797e-11
3.536056677e-11
3.158725166e-11
2.797938423e-11
2.4509125e-11
2.114939882e-11
1.787939819e-11
1.469234519e-11
1.160658666e-11
8.68182774e-12
6.038728448e-12
3.858002092e-12
2.293960138e-12
1.328788357e-12
7.787969164e-13
4.632401863e-13
2.751535362e-13
1.602351878e-13
9.01180824e-14
4.850675208e-14
2.531207594e-14
1.320712905e-14
6.995723072e-15
3.766015219e-15
2.01647571e-15
1.09679014e-15
1.889405181e-10
1.877874673e-10
1.862794739e-10
1.843887229e-10
1.82103649e-10
1.794296741e-10
1.763877175e-10
1.730107043e-10
1.693387111e-10
1.654136752e-10
1.612746549e-10
1.569544398e-10
1.524779208e-10
1.478621894e-10
1.431179833e-10
1.382519079e-10
1.332688636e-10
1.281742238e-10
1.229755538e-10
1.176837666e-10
1.123137457e-10
1.068837209e-10
1.014141618e-10
9.59284608e-11
9.045213678e-11
8.501200703e-11
7.963507489e-11
7.434770979e-11
6.917468356e-11
6.41412992e-11
5.92666824e-11
5.456471533e-11
5.004310663e-11
4.570274384e-11
4.153756876e-11
3.753498827e-11
3.367683682e-11
2.994098351e-11
2.63038132e-11
2.274390476e-11
1.924728638e-11
1.581492461e-11
1.247384624e-11
9.293765296e-12
6.408540673e-12
4.018176394e-12
2.306055328e-12
1.266456499e-12
6.959810616e-13
3.847077091e-13
2.089136118e-13
1.082905401e-13
5.229365026e-14
2.400350009e-14
1.121370106e-14
5.501097731e-15
2.802219632e-15
1.469973898e-15
7.782045502e-16
4.51840134e-16
1.910415734e-10
1.893022395e-10
1.872356405e-10
1.848334427e-10
1.820985054e-10
1.790447628e-10
1.75695689e-10
1.720815707e-10
1.682360563e-10
1.641926012e-10
1.59981435e-10
1.556275228e-10
1.511497357e-10
1.465611763e-10
1.418703895e-10
1.370830673e-10
1.322038608e-10
1.272379969e-10
1.221925448e-10
1.170772798e-10
1.119044647e-10
1.066883216e-10
1.014457206e-10
9.619512686e-11
9.095663862e-11
8.57518611e-11
8.060345918e-11
7.553290511e-11
7.055904689e-11
6.569854585e-11
6.096728209e-11
5.637538338e-11
5.192665175e-11
4.761932439e-11
4.344611948e-11
3.939473856e-11
3.544884904e-11
3.158967148e-11
2.779839407e-11
2.405968134e-11
2.03666213e-11
1.672777661e-11
1.31776911e-11
9.792897829e-12
6.713604534e-12
4.148313713e-12
2.30212335e-12
1.195639487e-12
6.127342926e-13
3.1174418e-13
1.517566424e-13
6.691330865e-14
2.660878189e-14
1.063609967e-14
4.635791318e-15
2.186115502e-15
1.080850985e-15
5.553402353e-16
2.937782752e-16
1.828794851e-16
1.9160164e-10
1.895020863e-10
1.870976778e-10
1.843922673e-10
1.813973331e-10
1.781314275e-10
1.746187579e-10
1.708870927e-10
1.669653248e-10
1.628810968e-10
1.586588758e-10
1.543187571e-10
1.498761094e-10
1.453419856e-10
1.40724113e-10
1.360281968e-10
1.312592451e-10
1.264227471e-10
1.215256008e-10
1.165761117e-10
1.115837384e-10
1.065598717e-10
1.015176861e-10
9.647170904e-11
9.143911893e-11
8.643830778e-11
8.14869054e-11
7.660113224e-11
7.179467141e-11
6.707918228e-11
6.246306331e-11
5.795429373e-11
5.355583059e-11
4.926400062e-11
4.507104445e-11
4.096559037e-11
3.693359333e-11
3.295986364e-11
2.90303644e-11
2.51354866e-11
2.127462569e-11
1.746272751e-11
1.374014405e-11
1.018800047e-11
6.950343721e-12
4.240950806e-12
2.278814143e-12
1.115787795e-12
5.294116603e-13
2.449889185e-13
1.030759508e-13
3.687951773e-14
1.229397044e-14
4.493390293e-15
1.870552354e-15
8.540663951e-16
4.106656232e-16
2.069828452e-16
1.102824778e-16
7.319708402e-17
1.9092407e-10
1.886374647e-10
1.860641142e-10
1.832147428e-10
1.801053233e-10
1.767563411e-10
1.731915457e-10
1.694363463e-10
1.655160832e-10
1.614544362e-10
1.572722054e-10
1.529866199e-10
1.486112298e-10
1.441563142e-10
1.396296569e-10
1.350375057e-10
1.30385526e-10
1.256796585e-10
1.20926229e-10
1.161319306e-10
1.113047911e-10
1.064543127e-10
1.015915371e-10
9.672906926e-11
9.187942672e-11
8.705538739e-11
8.227017135e-11
7.753674538e-11
7.286664324e-11
6.826765657e-11
6.374400354e-11
5.930072338e-11
5.493932895e-11
5.06554695e-11
4.644175526e-11
4.228830436e-11
3.818367773e-11
3.411633744e-11
3.007677447e-11
2.606049807e-11
2.207216556e-11
1.81314507e-11
1.428188654e-11
1.060473608e-11
7.239535175e-12
4.393272794e-12
2.296540654e-12
1.051841953e-12
4.536157044e-13
1.846838356e-13
6.410060443e-14
1.866027938e-14
5.497675731e-15
1.887421234e-15
7.536599321e-16
3.329165472e-16
1.554456355e-16
7.684597078e-17
4.144093535e-17
2.904697111e-17
1.893951374e-10
1.870480928e-10
1.844290271e-10
1.815517928e-10
1.78433993e-10
1.750962157e-10
1.71560972e-10
1.678514585e-10
1.639903059e-10
1.599984834e-10
1.558945059e-10
1.516940273e-10
1.474098303e-10
1.430521671e-10
1.386293434e-10
1.341483969e-10
1.296157943e-10
1.250375192e-10
1.204191294e-10
1.157667741e-10
1.110874246e-10
1.063889896e-10
1.016802686e-10
9.697072172e-11
9.227047688e-11
8.759127587e-11
8.294446918e-11
7.83392218e-11
7.37823674e-11
6.927754465e-11
6.48266358e-11
6.042977808e-11
5.609185793e-11
5.180808134e-11
4.757163731e-11
4.337413543e-11
3.920648913e-11
3.506027421e-11
3.092965912e-11
2.681405776e-11
2.272180498e-11
1.86754751e-11
1.471995295e-11
1.093503994e-11
7.457315138e-12
4.493309139e-12
2.288181316e-12
9.826587479e-13
3.770781984e-13
1.279866616e-13
3.581419406e-14
8.950023694e-15
2.432384216e-15
7.920705686e-16
3.031917319e-16
1.293421538e-16
5.859577915e-17
2.843418544e-17
1.557795382e-17
1.143544872e-17
1.875712751e-10
1.852330821e-10
1.826342302e-10
1.797895634e-10
1.76716817e-10
1.734358703e-10
1.699678044e-10
1.663339045e-10
1.625548008e-10
1.58649714e-10
1.546357802e-10
1.505277532e-10
1.463380804e-10
1.420771755e-10
1.377538495e-10
1.333758184e-10
1.289497111e-10
1.244811269e-10
1.199756577e-10
1.154391954e-10
1.108781657e-10
1.06299673e-10
1.01711564e-10
9.712239956e-11
9.254088739e-11
8.797444755e-11
8.343010237e-11
7.891477427e-11
7.44340587e-11
6.999173002e-11
6.558901499e-11
6.122991296e-11
5.69123352e-11
5.263222407e-11
4.838395491e-11
4.416089788e-11
3.995628369e-11
3.576446006e-11
3.158262777e-11
2.741317131e-11
2.326691022e-11
1.916783e-11
1.516022884e-11
1.132024799e-11
7.772637736e-12
4.706173829e-12
2.349624019e-12
8.985274489e-13
2.767155582e-13
7.645860903e-14
1.841700114e-14
4.211557172e-15
1.08058775e-15
3.343891655e-16
1.222536447e-16
5.016640057e-17
2.20173324e-17
1.049721477e-17
5.854771158e-18
4.468807344e-18
)
;

boundaryField
{
    inletCH4
    {
        type            fixedValue;
        value           uniform 0;
    }
    wallOutside
    {
        type            zeroGradient;
    }
    wallTube
    {
        type            zeroGradient;
    }
    inletPilot
    {
        type            fixedValue;
        value           uniform 0;
    }
    inletAir
    {
        type            fixedValue;
        value           uniform 0;
    }
    outlet
    {
        type            zeroGradient;
    }
    axis
    {
        type            empty;
    }
    frontAndBack_pos
    {
        type            wedge;
    }
    frontAndBack_neg
    {
        type            wedge;
    }
}


// ************************************************************************* //
