/*--------------------------------*- C++ -*----------------------------------*\
  =========                 |
  \\      /  F ield         | OpenFOAM: The Open Source CFD Toolbox
   \\    /   O peration     | Website:  https://openfoam.org
    \\  /    A nd           | Version:  10
     \\/     M anipulation  |
\*---------------------------------------------------------------------------*/
FoamFile
{
    format      ascii;
    class       volScalarField;
    location    "3000";
    object      k;
}
// * * * * * * * * * * * * * * * * * * * * * * * * * * * * * * * * * * * * * //

dimensions      [0 2 -2 0 0 0 0];

internalField   nonuniform List<scalar> 
5170
(
7.397511371
7.396518822
7.39952002
7.487029543
9.549614609
6.788301052
6.790078056
6.794524204
6.938676182
12.709762
6.303497373
6.304407195
6.321896231
6.790316821
16.37162029
5.847094901
5.841416419
5.863934699
6.649996715
18.82432017
5.499736441
5.491646337
5.509691341
6.582090461
21.47967981
5.13199416
5.122259308
5.212181347
6.538224391
23.09755691
4.838475176
4.810763552
4.792741273
6.504150967
23.86107596
4.557178498
4.524649442
4.511821585
6.512320988
24.31901538
4.32471576
4.287732946
4.316657644
6.579886792
24.5473057
4.070874647
4.032537913
4.140126125
6.709815619
24.60867731
3.86496047
3.829488211
3.957565446
6.987220642
24.5549576
3.654481946
3.605969632
3.808407157
7.305522478
24.4289779
3.476849265
3.45687424
3.714228478
7.677202069
24.2652877
3.304866836
3.278796377
3.664444705
8.10839031
24.08819857
3.138038618
3.159991167
3.674977229
8.586303286
23.90931895
3.024262508
3.029191549
3.736627701
9.376503305
23.7375006
2.858496498
2.929280406
3.84910096
9.833548096
23.58441912
2.776764124
2.875739096
4.018866531
10.87199247
23.45971729
2.637551772
2.839554207
4.232243928
11.39985583
23.37352804
2.599323475
2.870166486
4.635664112
13.13043463
22.07402802
0.4397034743
0.6956734391
0.7219178093
0.6702832726
0.4082930875
0.2039189366
0.612871041
0.6556439253
0.5662042749
0.1600003947
0.1083093019
0.5100674487
0.5543021892
0.4157424116
0.0718902932
0.07597802054
0.4076359666
0.4703014135
0.4090810877
0.05105181451
0.06138076138
0.3682832004
0.4235003086
0.4624088841
0.05082770723
0.05280922762
0.3372258305
0.3909959082
0.5762871899
0.060058133
0.05065497686
0.3488363701
0.3990869538
0.8298566171
0.08481568289
0.05094513556
0.3627377819
0.4331966147
1.165042683
0.1207479067
0.05219803856
0.3747895314
0.4831886104
1.462418022
0.1580841101
0.05463127119
0.3938449498
0.5430099994
1.716351953
0.1938456972
0.05713816209
0.411829335
0.610494012
1.96827828
0.2300595657
0.0597249681
0.4311798978
0.6757529405
2.177111895
0.261650156
0.06182029432
0.4435021657
0.739337702
2.356227691
0.2903251234
0.0644506953
0.4618762694
0.8039596628
2.518634791
0.3175640649
0.06665862924
0.4750458167
0.8707098804
2.724941066
0.3445250955
0.06943071511
0.4935891087
0.9289515332
2.798285876
0.3583421642
0.07230588472
0.5036322061
0.9848080355
2.845080526
0.3749529833
0.07916395444
0.5262431691
1.066980994
3.054322637
0.4041354653
0.09473303153
0.5395660404
1.178729947
3.122555249
0.4162120739
0.8544295874
0.8031440818
1.515225599
3.287747608
0.4475259267
2.511671786
2.850023428
5.002922096
13.1118633
19.88195386
2.47182168
2.87203103
5.418132733
13.42935281
22.10386114
2.412429007
2.923612062
5.809191049
14.14748896
25.83821428
2.395199634
3.02769738
6.433160414
15.82119024
30.3051527
2.402135504
3.198371578
7.325959789
17.54445734
32.48582007
2.43373997
3.421697672
7.999619355
18.92007872
34.15450496
2.518203832
3.818759486
9.217106565
21.87419592
37.10556806
2.678138321
4.528310706
11.57323274
25.608336
40.40669471
2.948114637
5.636068182
14.5684225
28.6972851
42.7912039
3.394290426
7.199937663
17.78476235
31.38314127
44.9142112
4.323394593
9.578331974
20.92059596
33.84508359
46.80697882
5.909147476
12.10036356
23.3712078
35.8057339
48.21891232
7.808450367
14.44554016
25.53582156
37.58936063
49.48965085
9.994037494
16.85902963
27.73736383
39.42152391
50.84858414
13.1644144
19.70836868
30.16430441
41.37214304
52.25864641
17.10130779
23.00083081
32.70458171
43.24495957
53.49546091
21.89467924
26.73617403
35.25889653
44.86166925
54.34032583
26.36418898
30.32172931
37.54573648
46.07163239
54.70740447
30.63844887
33.71254594
39.67389694
47.05617223
54.80009754
34.07838013
36.59848519
41.52572146
47.86251131
54.74412601
37.12102154
39.1220623
43.2002745
48.61804534
54.69305852
39.62016885
41.31692914
44.75347355
49.4128072
54.75882641
41.92291982
43.31287522
46.20931972
50.2072648
54.88457062
43.81704854
45.00110646
47.43803117
50.83745042
54.87538166
45.28968156
46.25783219
48.30174256
51.18586196
54.67122658
46.15623819
46.97980016
48.68931129
51.12247569
54.1033151
46.55923833
47.228034
48.66131193
50.73295565
53.24804916
46.55832142
47.14540758
48.36006171
50.08308154
52.23445295
46.36830914
46.83602225
47.83787976
49.30530397
51.15358715
45.93600238
46.34725098
47.21308156
48.47918141
50.08176661
45.46601154
45.81101026
46.55475449
47.6480303
49.0413452
44.88164505
45.18885389
45.8352941
46.78809358
48.00911161
44.21639022
44.47697011
45.04148187
45.87901854
46.96020904
43.4073611
43.64922043
44.15830837
44.91508423
45.89610242
42.63676397
42.85278323
43.32207485
44.02182013
44.93044566
42.04190401
42.24978929
42.6882864
43.33919757
44.1807281
41.72803505
41.91098966
42.3068827
42.89374571
43.65011632
41.53180288
41.69668521
42.04412644
42.5570694
43.21567463
41.33113369
41.46755712
41.76195249
42.19661443
42.75386935
41.00005027
41.11698322
41.36270823
41.72377336
42.18433119
40.5220139
40.61308867
40.80876147
41.09579719
41.46046926
39.80403733
39.87619994
40.02711602
40.2476222
40.52685726
38.84862014
38.90203751
39.01650356
39.18401145
39.39612123
37.71234773
37.75479356
37.84299697
37.97154866
38.13373904
36.4860507
36.51753228
36.58473157
36.68265439
36.80581206
35.20820582
35.23298877
35.28393519
35.35761958
35.44953733
33.90784405
33.92521417
33.96198806
34.01498906
34.08050264
32.57804535
32.59060992
32.61584764
32.65166265
32.69504884
31.21908472
31.22641762
31.2415782
31.26270998
31.28740058
29.82569716
29.82969721
29.83697057
29.84640036
29.85610101
28.4115159
28.41220459
28.41309583
28.41326519
28.4112482
26.99068706
26.9894475
26.98578619
26.97923486
26.96867348
25.58469646
25.58168892
25.5746778
25.56330983
25.54672498
24.20757727
24.20368717
24.19455324
24.1800782
24.15960991
22.87228165
22.8676185
22.85710631
22.84070032
22.81790173
21.5848562
21.57994306
21.56876828
21.55142449
21.52753587
20.35118986
20.34606955
20.33463862
20.31700451
20.29288164
19.17323623
19.16821024
19.15691239
19.13952055
19.11582072
18.05435332
18.04941906
18.03845163
18.02162332
17.99877039
16.994181
16.98950693
16.97906001
16.96304687
16.94134261
15.99497397
15.9905314
15.98068007
15.96561197
15.94522788
15.05326867
15.04914791
15.03996588
15.02592936
15.00695943
14.17214751
14.16830195
14.15978555
14.14678695
14.12924034
13.34209757
13.33857849
13.33075059
13.31880488
13.30268717
12.57409932
12.57085249
12.56366764
12.55271835
12.53795814
11.83885927
11.83592894
11.82941663
11.8194916
11.80612549
11.18865349
11.18595495
11.17998648
11.1709031
11.1586694
10.49849498
10.49613982
10.4909066
10.4829325
10.47219986
10.04381065
10.04152005
10.03645413
10.02874789
10.01838276
9.149679892
9.147821909
9.143740146
9.137559017
9.129315772
26.55028195
36.74825729
39.46840165
41.51535777
42.52305216
43.77424477
46.57604598
49.47253729
51.36512912
53.15396955
54.69363754
55.73770228
56.67533743
57.75131036
58.81151292
59.6604768
60.08973723
60.05097262
59.71339977
59.21988716
58.75045431
58.42517274
58.14809289
57.75821533
57.17536144
56.26983483
55.11822257
53.85456154
52.56059617
51.31183017
50.11974683
48.96157221
47.81061197
46.67171073
45.64929819
44.84332085
44.24306875
43.72991371
43.1877006
42.54065787
41.74101453
40.74099097
39.55856547
38.25740623
36.89916788
35.51846561
34.12887897
32.72614416
31.30400179
29.86107591
28.40721939
26.95809105
25.53158991
24.14157207
22.79818983
21.50710409
20.27240664
19.09580447
17.97954703
16.92313758
15.92817328
14.99111695
14.11462828
13.28926541
12.52569761
11.79501478
11.14852657
10.46328086
10.00978578
9.122555084
39.81505167
9.673993081
3.46865374
2.711149281
0.5691670346
54.07418866
36.83013137
11.11338848
3.592352753
0.8386305174
55.62517729
50.98556217
29.92156707
10.85658754
2.516395698
55.7365193
58.0635646
47.45844652
27.31584927
9.235101361
55.83192631
63.24511033
58.34925684
39.63452236
18.96670871
56.72692123
67.76842439
65.81495645
50.35087355
29.77776757
59.31118035
70.85986622
70.56696431
58.71910308
39.60486272
61.64327064
73.05919083
74.16539365
65.46630046
48.09371475
62.86734599
74.06934423
77.09880351
70.96727917
55.5455873
64.23609241
75.63813843
79.57598029
75.1683902
62.13193757
65.29560014
76.44596126
80.72611198
77.7300422
67.31550761
65.83923231
76.68293645
81.48485073
79.96704339
71.85458639
66.35015228
77.08167911
82.53736907
82.2927837
75.95607731
67.07232836
77.72015691
83.57591615
84.15144809
79.14900017
67.66144183
77.89295098
83.81402775
84.99962511
81.17409107
67.97303005
77.72956862
83.59084673
85.20363102
82.46588739
67.87370655
77.21161978
83.04955915
85.1047226
83.32370319
67.36098187
76.21887906
82.09017689
84.74215988
83.89499613
66.44474448
74.9619342
80.92365957
84.0386775
83.97499865
65.42063504
73.57927154
79.56817836
83.01407129
83.60001412
64.42198298
72.16469254
78.10800555
81.83273272
83.00509861
63.58724144
70.838627
76.58452454
80.38784197
81.91959142
62.77005845
69.4451419
74.90647616
78.72664271
80.59121104
61.86601768
67.97061413
73.14793965
76.96233666
79.1199962
60.76849265
66.27336874
71.11187987
74.87272263
77.22881694
59.39674529
64.31926643
68.78797389
72.4174924
74.87745058
57.83230526
62.21674847
66.320819
69.78986261
72.32101164
56.21736758
60.12358368
63.88178707
67.16839369
69.69029145
54.62145171
58.09856053
61.52765441
64.62083588
67.10600396
53.11994855
56.22611266
59.35853517
62.26171507
64.6777862
51.71036319
54.48877788
57.34771543
60.05916613
62.37930481
50.37089132
52.87169325
55.49162983
58.02342919
60.23436892
49.07276525
51.34367491
53.75492422
56.11230959
58.19435176
47.82495686
49.9153649
52.14674602
54.33508849
56.27429783
46.7180995
48.65217346
50.70896454
52.71669227
54.4887597
45.82670129
47.59155382
49.45182879
51.25140933
52.82443075
45.12156002
46.68558731
48.31939898
49.88308323
51.22958572
44.49062107
45.83556777
47.22750001
48.54121736
49.64855375
43.82854195
44.95262758
46.10096088
47.16424251
48.03833916
43.06566311
43.97461712
44.88771436
45.71660733
46.3806617
42.15341339
42.85941521
43.5595554
44.18472759
44.67062218
41.05540072
41.59040967
42.11602467
42.5768273
42.92009008
39.79689543
40.19993194
40.59087924
40.92455705
41.15729199
38.4385184
38.74136759
39.02923256
39.26493106
39.4121507
37.03552775
37.25975609
37.46636141
37.62451183
37.70393583
35.61868872
35.77909963
35.91951236
36.01433098
36.03836852
34.19871856
34.30559635
34.39048372
34.43224127
34.41015936
32.77041653
32.83219695
32.87037499
32.86767073
32.80724658
31.32687263
31.35113854
31.3507366
31.31179125
31.22029346
29.86679253
29.86113853
29.8302946
29.76299699
29.6482067
28.39969264
28.37121602
28.31750785
28.22967647
28.0989125
26.9409484
26.89613934
26.82654301
26.7251215
26.58488244
25.50780411
25.45205011
25.37232018
25.26304182
25.11865768
24.11357857
24.05121133
23.96592312
23.85329677
23.70890544
22.76781149
22.70210462
22.61471379
22.50212361
22.36079193
21.47574735
21.40917529
21.32225262
21.21217399
21.0760931
20.24107416
20.17541253
20.09079277
19.98496564
19.85563063
19.06523375
19.00174952
18.92070799
18.82029789
18.69864957
17.95023147
17.88977123
17.81314493
17.71888102
17.60544936
16.8954051
16.83849697
16.76676981
16.67901358
16.57396824
15.90221644
15.84916133
15.78258918
15.70149093
15.60482004
14.96702089
14.91791207
14.85650996
14.78196404
14.6934012
14.09241407
14.04725084
13.99094578
13.92278213
13.84202798
13.26888559
13.22755431
13.17615765
13.11405821
13.04064649
12.50707428
12.46941781
12.4226691
12.36630904
12.29981486
11.77815293
11.74401146
11.7017445
11.6508493
11.59088948
11.13313066
11.1021047
11.06370119
11.0175349
10.96322726
10.44974531
10.42237857
10.38854461
10.34787152
10.30003049
9.996740504
9.970430534
9.937970741
9.899113541
9.853624113
9.112341702
9.092072323
9.067452167
9.038331124
9.00428241
0.01960796021
0.002358804376
0.002541211968
0.0027221147
0.002798715602
0.002793802428
0.002785044453
0.002775986361
0.00276657915
0.002757795375
0.0027505258
0.002743656956
0.002738427782
0.002734759673
0.00273318311
0.00273290902
0.002733869522
0.002735484547
0.002737183568
0.002738712446
0.002739750278
0.002740078135
0.002739710136
0.002738702003
0.00273717037
0.002735283559
0.002733205671
0.002731104365
0.002729112026
0.002727283077
0.00272560472
0.002724032127
0.002722543243
0.002721108453
0.002719718023
0.002718357358
0.002717032857
0.002715752431
0.002714520794
0.00271334087
0.002712228284
0.002711150155
0.00271004652
0.002708878938
0.00270760703
0.002706369294
0.002705326554
0.002704377377
0.002703439089
0.002702540891
0.002701685902
0.002700884118
0.002700144777
0.0026995204
0.002699112989
0.00269892696
0.00269873756
0.002697698231
0.002692194693
0.002644234753
0.05420443522
0.003235009634
0.002633487076
0.00301206462
0.003159839014
0.00314917539
0.0031198628
0.003074232408
0.003028593896
0.002983285321
0.00294245005
0.002905404525
0.002874405673
0.002847790903
0.002826232622
0.002809601038
0.002798309459
0.002791121152
0.002787401154
0.002785755942
0.002785524005
0.002786155373
0.002787012105
0.00278741363
0.002786991463
0.00278558077
0.002783319584
0.002780498294
0.002777322595
0.002773906424
0.002770379953
0.002766771475
0.002763110497
0.00275948315
0.002755989701
0.002752652318
0.002749450436
0.002746343016
0.002743289985
0.002740293869
0.002737390754
0.002734597994
0.002731915453
0.002729390799
0.002727084843
0.0027248977
0.002722745668
0.002720638494
0.00271862757
0.002716793875
0.002715153184
0.002713727272
0.002712526117
0.002711580251
0.002710868449
0.002710278007
0.002709042002
0.002704474666
0.002684566774
0.002529929259
0.2145914013
0.009091630036
0.003945818372
0.004207002528
0.004409936023
0.00440013367
0.004280279606
0.004108718562
0.003927226278
0.003749512137
0.003582497028
0.003432695349
0.003302650626
0.003191335314
0.003099930701
0.003025952898
0.002969563243
0.002928196097
0.002902674498
0.002887101334
0.002879578335
0.002879915727
0.002884898173
0.002891588667
0.002898360213
0.002903907738
0.002907088753
0.002907081029
0.002903984933
0.002898090158
0.002889991483
0.002880208182
0.00286938129
0.002858343973
0.002847799331
0.002838035979
0.002828954035
0.002820256519
0.002811628634
0.002802929206
0.002794240351
0.002785878075
0.002778273875
0.002771680683
0.002765971687
0.002761084587
0.002756978666
0.002753655027
0.002750726282
0.002747867583
0.002744932729
0.002742105838
0.002739663071
0.002737786956
0.002736484884
0.002735093496
0.002731411288
0.002719504056
0.002678086414
0.002448806502
1.663556458
0.1273839906
0.01196928597
0.008196554946
0.00861817268
0.00859155039
0.008155183465
0.00757385463
0.006943264498
0.006324581019
0.005732361281
0.00519568619
0.004720980054
0.004315417303
0.003978674052
0.003706781157
0.003494374275
0.003330969665
0.003208913014
0.003120197323
0.003058833593
0.003017834747
0.002993662304
0.002981026963
0.002976356409
0.002977169196
0.00298123969
0.002985963672
0.002989913721
0.002992110813
0.002991980341
0.002989038633
0.00298308323
0.002974430464
0.002963761913
0.002951985987
0.002940027006
0.002928530075
0.002917734234
0.002907365379
0.002896992462
0.002886166794
0.002874514865
0.002861987391
0.002849321017
0.002837461878
0.002827144136
0.002818738854
0.002812447845
0.002807972904
0.002804675851
0.002801849197
0.002799049297
0.002796401733
0.00279377315
0.002789527276
0.00277915309
0.00275168509
0.00267160929
0.002344411953
4.713842669
0.6279479053
0.05774202533
0.02170546693
0.02191962694
0.02187689169
0.02056691062
0.01877821644
0.01678369289
0.0147637534
0.01279230891
0.0109796734
0.009368109855
0.007988960391
0.006843515055
0.005928340672
0.005202535421
0.004630177651
0.004182905799
0.003843615691
0.003593568172
0.00341231166
0.003283389595
0.0031936635
0.003132422905
0.003090737981
0.003063166651
0.003045239091
0.003033297351
0.003024790312
0.003018120051
0.00301267952
0.003007334508
0.003001967778
0.002996000314
0.002988825295
0.002980797749
0.002972859208
0.002965959518
0.002960673846
0.002956720357
0.002953183936
0.002948718661
0.002941982077
0.002932472178
0.002920597213
0.002907437154
0.00289447905
0.002883116808
0.00287439855
0.00286862601
0.002865613964
0.002864366768
0.002863731595
0.002861890823
0.002854805433
0.002835239427
0.002787333433
0.002661205964
0.002224013181
10.86519634
2.360705671
0.3282649752
0.07115372331
0.06350536241
0.06328120514
0.05977574591
0.05449853233
0.04827316599
0.04169573815
0.03520295785
0.02933727489
0.02416313166
0.01972476286
0.0161492954
0.01327459594
0.01090224664
0.008957459317
0.00741485431
0.0062328288
0.005356982167
0.004719661156
0.004245973234
0.003895743331
0.003640977064
0.003459305276
0.00333032091
0.003238379137
0.00317289266
0.003126571432
0.003093893763
0.003070652635
0.003054589137
0.003045138513
0.003039424074
0.00303525905
0.003031008798
0.00302613945
0.003021067845
0.003016634025
0.003014051209
0.00301388642
0.003015874073
0.003018526
0.003019810801
0.003017874429
0.003011953469
0.003002115466
0.002989713434
0.002976583935
0.002964772873
0.002955891124
0.00295040078
0.002947122135
0.002942590124
0.002929709711
0.002897442303
0.002824346335
0.002647661157
0.002161493278
19.94204243
5.933881623
1.273676006
0.2317844709
0.1084851515
0.1117376102
0.1113782149
0.1071663495
0.1006612105
0.09275061327
0.0839432218
0.07445637419
0.06474032866
0.055163901
0.04586575636
0.03722487665
0.02950431719
0.02296835092
0.01788850894
0.01400342522
0.01121732323
0.009119510983
0.007486544508
0.006254383297
0.00534818657
0.004703654927
0.004237731944
0.00389423352
0.003643703464
0.003465000091
0.00333999715
0.003252223763
0.003191493629
0.003153016228
0.003136663444
0.003132716172
0.003133282419
0.003133050285
0.003130194168
0.003123771079
0.003114567623
0.003106127202
0.003102298022
0.003104717516
0.00311295872
0.003124139019
0.003134479869
0.003140706319
0.003140937467
0.003135445091
0.003125579728
0.003113759491
0.003101842831
0.003089851708
0.003074257522
0.003046152484
0.002991077828
0.002881176827
0.00264194136
0.002093560039
28.11549762
12.53964174
3.508399716
0.7772419375
0.2201813471
0.1497793954
0.1467271391
0.1437890705
0.1383631718
0.1310150938
0.122370317
0.1129169518
0.1030283306
0.09299513823
0.08303380432
0.07331226589
0.06395849726
0.054924113
0.04608977443
0.03779190362
0.03010432546
0.02339292045
0.01790641478
0.01384536849
0.01089723824
0.008836099643
0.007266823359
0.006075667423
0.00520296995
0.004586272413
0.004150534579
0.003837240007
0.003616701225
0.003468639165
0.003380881025
0.003348819902
0.003344369329
0.003347619177
0.003354460502
0.00334564934
0.003316820569
0.003284436638
0.003253735444
0.003231102016
0.003222398907
0.003228568271
0.003246102776
0.003269093651
0.003291060874
0.003307346468
0.003315567034
0.003315349749
0.003307455699
0.003291398879
0.003263417934
0.003214303971
0.003127201214
0.002966718025
0.002641781336
0.001964184572
35.65443362
18.38090748
7.54235577
2.042379227
0.4887603044
0.2088182578
0.1715036831
0.166169131
0.1614714052
0.1551080093
0.1473027537
0.1385031851
0.1291118419
0.1194477178
0.1097499058
0.1001905203
0.09088768078
0.08190796629
0.07326274207
0.06496848853
0.05703952597
0.04949590248
0.04221543345
0.035071286
0.02834669881
0.02221150661
0.01699080069
0.01306304637
0.01021503327
0.008267837271
0.006817258972
0.00573615146
0.004969459033
0.004451629879
0.004113162465
0.003906848907
0.00381767695
0.003785419485
0.003768930875
0.003770038338
0.003751412038
0.003680960585
0.003577112741
0.00348824922
0.003425261259
0.003388365209
0.003377664174
0.00339023561
0.003419223341
0.003454843743
0.003488058278
0.003512465709
0.003522944441
0.003516156079
0.003485725401
0.003420887473
0.003302247163
0.003086071747
0.00265190942
0.001913121968
43.16926218
24.74129165
12.00267222
4.456178159
1.192029676
0.3408365405
0.2015913416
0.1791282822
0.1726743855
0.1668298759
0.1600034941
0.1522432132
0.143829522
0.1350489702
0.1261434804
0.117298973
0.1086473906
0.1002735136
0.0922212468
0.08450427041
0.07711663007
0.07003895414
0.06323485536
0.0566418673
0.05023146761
0.04399448828
0.03791566996
0.03173658014
0.02574828128
0.02014496959
0.01533997626
0.01176481429
0.009251591832
0.007590022001
0.006412523453
0.005592015722
0.005069173865
0.004786893138
0.004611265232
0.004482057006
0.004389595938
0.004327092865
0.004237782103
0.004080168413
0.003888334956
0.003730090822
0.003637918531
0.003592015134
0.003582794139
0.003602737866
0.003640410912
0.003681408323
0.003712275673
0.003721397955
0.003698292192
0.003627690493
0.003486908062
0.003223197701
0.002689792845
0.001876247437
50.11987445
31.3795326
17.09123398
7.888496263
2.577181136
0.7063727326
0.2634130223
0.191978256
0.1762816764
0.169307502
0.1630054613
0.1562352962
0.1489383642
0.1412819416
0.1334408973
0.1255875505
0.1178610971
0.1103585476
0.103139883
0.09623378263
0.08964344484
0.08335299103
0.07733186351
0.07153676656
0.06591818135
0.06042732498
0.05501758852
0.04962602222
0.0442149593
0.03879282032
0.03339744601
0.02784072256
0.02247793232
0.01760907833
0.01362246255
0.01076250855
0.008813164668
0.007497117027
0.006614598452
0.006004954358
0.005579666601
0.005274908356
0.005067773369
0.004920778331
0.004756053214
0.004526345345
0.004260331994
0.00403562683
0.003911935885
0.003857878284
0.003848195116
0.00386473824
0.003888815173
0.003898608257
0.003876181845
0.003801562363
0.003644118728
0.003342257027
0.002736012058
0.001852707324
56.47472946
37.92398966
22.51170673
11.80281371
5.25114761
1.621360002
0.4835801185
0.2234658317
0.1786035355
0.1675608574
0.1612623338
0.1550610754
0.1483968664
0.1413477944
0.1341565228
0.126988324
0.1199623216
0.1131699124
0.1066714796
0.100500483
0.09466917883
0.08917163954
0.08398063999
0.07904814366
0.07433120473
0.06978009498
0.0653404887
0.06095511191
0.05656614165
0.05212365526
0.04759159628
0.04293385435
0.03815162462
0.03331683411
0.02854868446
0.02380589428
0.01935439047
0.01542571347
0.01218943027
0.00984086663
0.00828685603
0.007242618631
0.006532097196
0.006044572126
0.005721629952
0.005490492582
0.005258972828
0.004982140556
0.004676919722
0.004427814467
0.004272936838
0.004201898905
0.004168977032
0.004141213366
0.004093856776
0.003994410403
0.00380271222
0.003451713795
0.002785887147
0.001849374776
62.08207633
43.86140214
27.67437579
15.74377995
7.974417867
3.410527665
1.063659407
0.3536521917
0.1894196662
0.1589062555
0.1520513061
0.1470504039
0.1416426094
0.1357252575
0.1296480609
0.1233550714
0.1170673769
0.1109192975
0.1049979578
0.09935663981
0.09402125503
0.08899653493
0.08428659607
0.07990841431
0.07582738899
0.07200321757
0.0683929703
0.064949337
0.06162155921
0.05835234629
0.05504865136
0.05164648227
0.04809010324
0.04434225323
0.04039156946
0.03624540091
0.03193961336
0.02755992971
0.02323554605
0.0190264827
0.0152128144
0.01210499073
0.009824291768
0.008344948099
0.007376208767
0.006731743619
0.006298320851
0.006021124702
0.005752636726
0.005461405403
0.005177627008
0.004939604028
0.004768150724
0.004638446569
0.004505320516
0.004326635756
0.004056621242
0.00361902095
0.002872002718
0.00187985345
66.96466282
49.60019819
33.05046817
20.05932746
11.10485726
5.492062752
2.285191386
0.7335891363
0.2657836475
0.1500831249
0.1265403015
0.122576952
0.1196694103
0.1161889963
0.1120333175
0.1076476134
0.1031634157
0.0986850692
0.0942996479
0.09013127256
0.08618720396
0.08247229822
0.07896156151
0.07563287872
0.07246959563
0.06944381418
0.0665855833
0.06383688818
0.06116706327
0.05855375971
0.05605645003
0.05363182342
0.05122054039
0.04876345138
0.04617667778
0.04333690532
0.04019328553
0.03672325251
0.03295152206
0.02894537408
0.02482395944
0.02078106908
0.01701878876
0.01371607812
0.01114875268
0.009343317817
0.008180368996
0.007448487456
0.006987642287
0.00664286347
0.006329776503
0.006026305152
0.005741193837
0.005475268063
0.005207476652
0.004901609485
0.004507240481
0.003938010185
0.00304240728
0.00196508692
70.91095293
54.94422842
38.55213633
24.79172726
14.71610981
8.035072701
3.951069561
1.649547539
0.5502855692
0.2053448427
0.1140527273
0.0931863805
0.09028777926
0.08870111431
0.08667305367
0.08428953222
0.08166655404
0.07892381402
0.07615308095
0.073420557
0.07077114138
0.06825335605
0.06592068321
0.06378483045
0.06185698791
0.06014226946
0.05857347607
0.05714170613
0.05583786389
0.05461085902
0.05327994299
0.05178714839
0.05016175696
0.0484566184
0.04665048972
0.04482044236
0.04287247131
0.04071878736
0.03821277828
0.03531602153
0.03203540814
0.02844780862
0.02468841913
0.0209336454
0.01740956845
0.01434343028
0.01189935681
0.01011495708
0.008928752235
0.008178379128
0.007677858367
0.007286491807
0.006929783366
0.006573888673
0.006194873869
0.005763367567
0.005233487021
0.00451867232
0.003407646896
0.002131415207
74.06189423
59.72705822
43.90939308
29.73694868
18.71991966
11.00905434
6.032738387
3.034823493
1.327535471
0.4673302385
0.1711948001
0.08872220796
0.06915572694
0.06601045576
0.06513418313
0.06428414878
0.06325206559
0.06205859966
0.06075234358
0.05937471197
0.05795447599
0.05651300545
0.05506922621
0.05364101129
0.0522419274
0.05089117105
0.04962340497
0.048468575
0.04745688838
0.04661825817
0.04603790482
0.04571386167
0.04549003957
0.04518778672
0.04467648352
0.04370523108
0.04248634212
0.04099513809
0.03939281659
0.03758982756
0.03546033178
0.03291045453
0.02996177823
0.02670983883
0.02329700651
0.01991189522
0.01676660787
0.01405630854
0.01192735759
0.01041379294
0.009414998334
0.008754561869
0.008262478671
0.00782284944
0.007367111678
0.006848457711
0.006217274082
0.005388671595
0.004152118602
0.002392253045
76.69098438
63.92811713
48.8956832
34.64928524
22.95622603
14.33939504
8.485487365
4.752137187
2.485350284
1.154151098
0.4261246092
0.1497558955
0.07148663344
0.05413689318
0.05084754608
0.05003006639
0.04957284826
0.0491226347
0.04862236671
0.04807359765
0.0474858783
0.04686792137
0.04622547318
0.04556122929
0.04487685489
0.04416904087
0.04343375814
0.0426756873
0.04191077071
0.04116683279
0.04049286953
0.03995029346
0.03959498477
0.03943916211
0.03951244681
0.03978612503
0.03987565831
0.03961932271
0.03880019725
0.03757792658
0.03614279907
0.03449650751
0.03248268579
0.03006208016
0.0272962501
0.02428940119
0.02119270362
0.01819333103
0.0154933447
0.01326704073
0.0116026888
0.01045785544
0.009680356567
0.009093059422
0.008559064907
0.007987371979
0.007306049082
0.006421603806
0.005112803344
0.002758321872
78.85161752
67.61429007
53.52811334
39.46750323
27.33870575
17.9434548
11.24267791
6.748456769
3.866527668
2.07443118
0.9877699627
0.3604972007
0.1222615805
0.05866818077
0.0456412634
0.04257550943
0.04143576355
0.04077660224
0.04023285206
0.03972476125
0.03923871204
0.03877947295
0.03835504486
0.0379725478
0.03763728127
0.03735235773
0.03711615652
0.03691983816
0.03675011938
0.03659271252
0.03643384459
0.03626717394
0.03609524072
0.03594221601
0.03585935854
0.03589853976
0.03605767702
0.03626775603
0.03646716271
0.03631184906
0.03568790841
0.03453910567
0.03318493634
0.03151996048
0.02946551552
0.02706076381
0.02438780627
0.02157284067
0.01878094252
0.01620188805
0.0140144805
0.01232800075
0.01112765747
0.01028113583
0.009616204565
0.00898798685
0.008285389128
0.00739212329
0.006062126984
0.003234349015
80.21825208
70.58121112
57.62208937
43.99418947
31.66627448
21.66635096
14.20804856
8.970542815
5.446005913
3.144204176
1.676934375
0.7655057918
0.2555298718
0.08810627474
0.04917783903
0.04080938671
0.03819512107
0.03683449915
0.03577667249
0.03482712581
0.03394427251
0.03312910037
0.03239573547
0.03176488745
0.03125500285
0.03088279973
0.03066368968
0.03060749318
0.03071321142
0.03097416174
0.0313736185
0.03187477006
0.03242415513
0.03296064399
0.03343315822
0.03380785909
0.03408161413
0.03426773577
0.03438865942
0.03439444513
0.03427016951
0.03389724579
0.03307776577
0.03190651034
0.03041108226
0.02857514501
0.02641632699
0.02399327617
0.02141095609
0.01881696192
0.01638979267
0.01430217548
0.01266127407
0.01145516449
0.01056167504
0.009818028347
0.009074306308
0.008182799322
0.006867410816
0.003813710139
80.8595484
72.83587896
61.15988939
48.21012165
35.92951036
25.5055424
17.3718591
11.41049497
7.22733704
4.383795106
2.49885057
1.279668497
0.5250517536
0.1663439616
0.06368725584
0.04309750121
0.0379777771
0.03582483206
0.03426514472
0.03285830783
0.03151466414
0.03023202689
0.02903375507
0.02795084029
0.02701484005
0.02625656465
0.02570780309
0.02540840144
0.0253756844
0.02562835782
0.0261753524
0.02699695219
0.02803671094
0.02920268477
0.03038603686
0.0314783371
0.0323883035
0.03306388675
0.0334835846
0.03364355536
0.03356689699
0.03329745278
0.03276075172
0.03194469862
0.03081038331
0.0293867854
0.02766667866
0.02566278998
0.02341604203
0.02101847862
0.01860800844
0.01635026805
0.01440087399
0.01284239212
0.01164629603
0.01069613834
0.009840705198
0.008911643724
0.007616612056
0.004559830641
81.07985694
74.57767713
64.22060872
52.09964155
40.0605
29.3858047
20.69320709
14.05889158
9.224083589
5.816109742
3.480515906
1.925066859
0.9219564508
0.3251271597
0.1046621113
0.05079234493
0.03942277109
0.03610247012
0.03424719718
0.03263156004
0.03105412101
0.02949181012
0.02796991006
0.02652948912
0.02521439622
0.02406613167
0.0231252659
0.02246225326
0.02209842062
0.02206173348
0.02239310807
0.02311343885
0.02419668985
0.02556557606
0.02710033204
0.02866138317
0.03011384614
0.03135035443
0.03230089996
0.03292165764
0.03318686147
0.03311437794
0.03275258101
0.03210428092
0.03120755354
0.03004117458
0.02861768486
0.0269328822
0.02502024726
0.02290784607
0.0206810468
0.01846591677
0.01640679559
0.01462087964
0.01314803688
0.01194142725
0.01089517492
0.009856704534
0.008543925539
0.005625884321
80.80001541
75.72617089
66.71814036
55.55108354
43.93417875
33.18960462
24.08108121
16.85461409
11.39902541
7.428158151
4.623115809
2.700875762
1.428895322
0.621625138
0.2005274396
0.07154438889
0.04385053143
0.03722278734
0.03477386325
0.03300973345
0.03135698679
0.02972380617
0.02811341908
0.02655785041
0.0250895802
0.02374320384
0.022566413
0.02160860947
0.02091273422
0.02056528803
0.02055725012
0.02094810295
0.02175157428
0.02293104572
0.0243997855
0.026033624
0.02769330531
0.02924736694
0.03058869833
0.03164030719
0.03235768502
0.03269632168
0.03262233784
0.03223462244
0.03159014418
0.03066829197
0.02948552407
0.02807471627
0.02643904684
0.02462064717
0.02265706319
0.02062616736
0.01863287619
0.01677912732
0.01513123864
0.01369403698
0.01241809694
0.0111975371
0.00978671907
0.006806323203
80.18973184
76.29535461
68.59252808
58.46221012
47.44027641
36.82831705
27.48105229
19.78473078
13.7674448
9.246380283
5.958197427
3.641902232
2.066338345
1.033605948
0.3959398165
0.1262426814
0.05477419662
0.03973294975
0.03561577944
0.03366341456
0.03204627659
0.03045332169
0.02884234753
0.02723909888
0.0256882211
0.02424215676
0.0229509616
0.02185848968
0.02100805203
0.02044777078
0.02020259451
0.0202640004
0.02069439483
0.02151036663
0.02266632185
0.02407766859
0.02563282736
0.02721061914
0.02869618552
0.02999225098
0.03102589633
0.03175292683
0.03214150443
0.03205860461
0.03163852072
0.03098614996
0.03010247449
0.02898421263
0.02765980474
0.02615236877
0.02448653953
0.02271843182
0.02090169034
0.0191097793
0.01739961582
0.01579634819
0.01429133481
0.01282609009
0.01118999206
0.007820119741
79.39704945
76.34652688
69.82121034
60.73228446
50.41684093
40.10678772
30.69668756
22.67994498
16.20290113
11.18643894
7.437318513
4.724640443
2.829319438
1.555116107
0.7334332513
0.2506218663
0.08572680058
0.04608732078
0.03705917059
0.03428219014
0.03264975978
0.03118801328
0.02972571276
0.02824640551
0.02677591586
0.02535120377
0.02401302466
0.02280698891
0.02178059012
0.02098775382
0.02052154573
0.02039007671
0.02055131504
0.02101611718
0.021803235
0.02287451114
0.02415371252
0.02554815246
0.0269591723
0.02829193105
0.02946365089
0.03040965473
0.0310864652
0.03144799223
0.03138061073
0.0309413207
0.03027302148
0.0294396862
0.02842377078
0.027234796
0.02589112717
0.02441237798
0.02282682849
0.02117176859
0.01948179366
0.01777867983
0.01606387442
0.01430556417
0.0123273355
0.008285023538
77.96439659
75.88098396
70.43978212
62.39423712
52.88152265
43.02968377
33.72819812
25.5378853
18.70793128
13.25754642
9.069442001
5.960356903
3.729309526
2.186099193
1.159390387
0.5060265146
0.1661760535
0.06362562962
0.04078858607
0.03517617703
0.03314289277
0.03172933127
0.03040511675
0.02907073074
0.02772514714
0.02639633023
0.02512111638
0.02393883531
0.02288964367
0.02201300653
0.02134342291
0.02093777724
0.02083652163
0.02104281944
0.02151444937
0.02224689501
0.02320279286
0.02432014321
0.02552509138
0.02673927538
0.02788625516
0.02889725881
0.02971535897
0.03029574103
0.03058817702
0.03053865059
0.03011776989
0.029441007
0.02861130111
0.02765011453
0.02655496114
0.02531922666
0.02394519486
0.02243825384
0.02080574215
0.01905275989
0.01717669088
0.01513683671
0.01274005065
0.008252003772
75.99070527
74.64630124
70.29426179
63.29412691
54.66756885
45.41684381
36.39232968
28.192126
21.14584038
15.36041256
10.79359116
7.314968852
4.753352183
2.931543486
1.681414234
0.8523860458
0.3314154607
0.1092925553
0.04998706309
0.03711368696
0.03360764687
0.03203069626
0.03079533119
0.02960191109
0.02839566601
0.02718545848
0.02600000122
0.02487393005
0.02384307277
0.02294302376
0.02220792749
0.02167166852
0.02138221918
0.02132319982
0.02152933694
0.02196637198
0.02261841653
0.02344286943
0.02438845691
0.02539694197
0.02640670653
0.02735674241
0.02819059664
0.02885961144
0.02932230596
0.02953883856
0.02950256092
0.02911637172
0.02845730448
0.02760337655
0.02659528171
0.02546078041
0.02418854126
0.02276324369
0.02116992318
0.0193954778
0.01742594379
0.0152152449
0.01265806834
0.007980052595
73.75923951
73.03393935
69.63554675
63.61064935
55.90747096
47.35237854
38.73475771
30.66038397
23.51564372
17.48476128
12.5950447
8.775114005
5.892841671
3.788716058
2.303090815
1.288961266
0.6211800814
0.2166160519
0.07675558319
0.04252443986
0.03465935571
0.03227986357
0.03098467683
0.02988403286
0.02880122749
0.02770855086
0.02662069548
0.02556582248
0.02457571988
0.02368233244
0.02291654177
0.02230696919
0.02188287816
0.02167820773
0.02166418367
0.02186455293
0.02225367687
0.02280758593
0.02349030424
0.02425953219
0.0250691951
0.02587124585
0.02661772634
0.02726358584
0.0277696391
0.0280946394
0.02821847406
0.02816183433
0.02782192342
0.02718319361
0.02632004128
0.02526423655
0.02403615625
0.02263457926
0.02104610529
0.019251289
0.01722154177
0.01491210921
0.01204925685
0.007530443017
71.32508914
71.08580997
68.46646011
63.40742686
56.58736712
48.76111347
40.63965436
32.81131675
25.69356683
19.52674971
14.40063081
10.29581294
7.121176477
4.744188263
3.019289674
1.805792926
0.9797493475
0.4400750539
0.1478452346
0.05841110205
0.03791858822
0.03288777402
0.03113942859
0.03002156653
0.02901771996
0.028021186
0.02702102769
0.02603551295
0.02509180967
0.02421873821
0.02344415833
0.02279356859
0.02228988073
0.02195779858
0.02181258617
0.02182407668
0.02200278415
0.02232799243
0.02277239326
0.02330529969
0.02389230552
0.02449768222
0.02508453282
0.02561587932
0.02605644579
0.02637101722
0.02652027222
0.02652849628
0.02635975215
0.02599703121
0.02538670693
0.02449610543
0.02335991932
0.02199376861
0.02038969781
0.01851806037
0.01633987555
0.01374270924
0.009849994896
0.005854147921
68.89599027
69.06101007
67.10026291
62.86351232
56.86420468
49.76987095
42.19127445
34.68733255
27.68772786
21.4730794
16.18402102
11.84770569
8.414199119
5.781671097
3.822406627
2.405501218
1.410061446
0.7318593482
0.2950581426
0.09969171266
0.04639273006
0.03456509223
0.03140571969
0.03004669839
0.02904719773
0.02812189985
0.0272046701
0.02628991473
0.02539807514
0.02455508279
0.02378689283
0.02311736029
0.02256673427
0.02215271995
0.0218915333
0.02178335637
0.02179973568
0.02194152148
0.02218614963
0.02250771747
0.0228795997
0.02327427434
0.02366359461
0.02401947822
0.02431367323
0.02450957869
0.02458987215
0.02454806144
0.0243460071
0.02396597662
0.02338498351
0.02260013919
0.02155754838
0.02021626309
0.01853482124
0.01648474587
0.01397425707
0.01051533306
0.006154898294
0.003898278061
66.5300083
66.97257429
65.49908661
61.96321366
56.73693757
50.3464276
43.34211138
36.23502267
29.4458686
23.27696386
17.90629671
13.40294576
9.753507537
6.8884156
4.703723219
3.082811188
1.912048589
1.091021031
0.5353981892
0.1904408312
0.06900459608
0.03905505212
0.03215160715
0.03008014663
0.02898024796
0.02807758931
0.02720757924
0.02635104808
0.02551091353
0.02470419117
0.02395299013
0.02327985481
0.02270392111
0.0222403359
0.02190081509
0.02169430587
0.02160312038
0.02160190508
0.0216854313
0.02183129606
0.02201422681
0.02220987543
0.02239574113
0.02254989676
0.02264396326
0.0226699659
0.02259879967
0.02240955931
0.02207585978
0.021571832
0.02086679774
0.01992994351
0.01872462685
0.01721156308
0.01536158726
0.01305613391
0.009986484112
0.006349652321
0.003686098341
0.002723154773
64.24437581
64.89770458
63.82671273
60.89576341
56.3527704
50.60427649
44.16191164
37.47566583
30.95038478
24.89577977
19.51406008
14.90613443
11.08996672
8.026132581
5.636013151
3.820009334
2.475071581
1.505147173
0.8279169152
0.3762615713
0.1278434828
0.05209769668
0.03469653547
0.03039764736
0.02889348285
0.02795233831
0.0271250721
0.02630903201
0.02550146133
0.02471972285
0.0239838987
0.02331220428
0.02272253449
0.02223077447
0.02184484517
0.02155559887
0.0213656715
0.02126427092
0.02122953944
0.02123408716
0.02126019621
0.02128275456
0.02128305409
0.02123943365
0.0211341759
0.02095018193
0.02066766176
0.02026661456
0.01972401169
0.01901290208
0.01810229826
0.01695873118
0.01554464623
0.01382316051
0.01170907089
0.008932327858
0.005909224305
0.003567867697
0.002402525439
0.002057722825
62.06953496
62.84299129
62.05747746
59.60260616
55.6364217
50.50685946
44.62638035
38.39916079
32.1983271
26.32684464
21.00132154
16.34783397
12.41356515
9.186041589
6.61192329
4.612233722
3.097017057
1.977308872
1.172480765
0.6129294887
0.2479029396
0.0853449483
0.04138652486
0.03157862172
0.02893800141
0.0277756562
0.02693819464
0.02616846333
0.02540683963
0.02465555456
0.0239336256
0.0232620523
0.02265795533
0.02213217941
0.02168997046
0.02134085641
0.02108290692
0.02090017264
0.02077128134
0.0206714246
0.02057611994
0.02046127468
0.02030505654
0.02008743684
0.01978989606
0.01939532822
0.01888636511
0.01824356531
0.0174453292
0.01646772529
0.01528487783
0.01386972559
0.01220142507
0.01022268011
0.007679329092
0.005111177998
0.003227106706
0.002199898788
0.001772321536
0.001655998216
59.95548091
60.78031375
60.21654224
58.16656703
54.71424468
50.149521
44.77567028
38.99989879
33.14794295
27.50944941
22.30142051
17.66434623
13.66715903
10.32078581
7.595692697
5.433644159
3.759754658
2.494952739
1.563333525
0.8975488973
0.4400537257
0.1559119587
0.0586312808
0.03488420897
0.02930284507
0.0275698399
0.02664448286
0.025891336
0.025171871
0.02445856972
0.02375837971
0.02308930759
0.02247003453
0.02191636283
0.02144196631
0.02105052821
0.02073783336
0.020490923
0.02028960517
0.02010875452
0.01992111923
0.0196996384
0.01941919525
0.01905730996
0.01859466375
0.01801293107
0.01729353212
0.0164163974
0.01536065897
0.01410412233
0.01262849509
0.01092260336
0.008961561409
0.006615517443
0.004313619701
0.002784734825
0.001958522803
0.001572818799
0.001421347172
0.001379783416
57.92926876
58.74936268
58.33225105
56.59073176
53.56746206
49.49540651
44.6443417
39.32732612
33.84887228
28.47888395
23.43130309
18.85624444
14.84009776
11.41476128
8.570817323
6.269266142
4.451753821
3.050099538
1.994729946
1.220592954
0.6714393234
0.3012026437
0.1030752036
0.04439355106
0.03103986331
0.02767763492
0.02641006945
0.02559535741
0.02487980371
0.02418438215
0.02349912452
0.02283546224
0.02221030555
0.02163954704
0.02113473627
0.02070162741
0.0203388169
0.02003568393
0.01977344345
0.01952699481
0.01926740293
0.0189646076
0.01858970556
0.0181164532
0.01752215459
0.01678586754
0.01588799636
0.01480915606
0.0135288624
0.01202989737
0.01029496904
0.008333068708
0.006112869022
0.003793208973
0.002404562083
0.001711656491
0.001388129606
0.00124322949
0.001183300394
0.001165304378
55.99802519
56.75503444
56.41831618
54.91716388
52.25983279
48.62407718
44.23803879
39.33791544
34.2440376
29.17674116
24.33786822
19.87724654
15.89311702
12.43432371
9.509411884
7.098003536
5.157660953
3.631987541
2.45983278
1.580746174
0.9393529832
0.4872906061
0.191152713
0.06784640295
0.0355959267
0.02828520166
0.02621090816
0.02525030389
0.0245298991
0.02385783442
0.02319388825
0.02254007096
0.02191087043
0.02132244914
0.02078783547
0.0203145547
0.01990376074
0.01954783727
0.0192302618
0.01892697324
0.01860853532
0.01824281314
0.01779754604
0.01724280743
0.01655109222
0.0156969081
0.01465754412
0.01341370043
0.01195325405
0.01026787379
0.00837572072
0.006213898091
0.003794281525
0.002229782312
0.001527123515
0.001226500483
0.001091886369
0.001028808951
0.0009996662331
0.0009896227338
54.14691523
54.79448569
54.48595873
53.15435501
50.79861545
47.55188016
43.59173037
39.13715305
34.40212387
29.63953542
25.02826122
20.7155511
16.80358771
13.35249868
10.38537182
7.896530708
5.857655841
4.224999838
2.946756834
1.968459008
1.23777215
0.7082009336
0.3405694185
0.1188165824
0.04748707271
0.0304649787
0.02633444651
0.02494652605
0.02415666478
0.02349175929
0.02284866613
0.02220953256
0.02158222031
0.02098148323
0.02042140985
0.01991159833
0.01945558988
0.01904939322
0.0186795601
0.01832414423
0.01795448666
0.01753757621
0.01703884628
0.0164246516
0.01566223665
0.01472099409
0.01357409911
0.01220370694
0.01060004059
0.008782085713
0.006707568363
0.004384445932
0.002371435487
0.001462931705
0.001116763148
0.0009773170632
0.0009118523129
0.0008737895631
0.0008551327974
0.0008481429336
52.33583618
52.84529116
52.52901912
51.32014314
49.21226893
46.29953415
42.72274343
38.66355141
34.30695219
29.86320047
25.50460903
21.37131568
17.56748584
14.16117135
11.18687581
8.651017542
6.538507286
4.817913489
3.446741525
2.377425796
1.561949645
0.9553858336
0.5191200642
0.224111523
0.07785891068
0.03662330645
0.02727574437
0.02480683724
0.02379265011
0.02309818005
0.02247013111
0.0218502049
0.02123264969
0.0206279281
0.02004989595
0.01951003495
0.01901430048
0.01856187248
0.01814314177
0.01773922446
0.01732327767
0.01686256736
0.01632128927
0.01566254188
0.01484926193
0.01384699401
0.0126293164
0.01117689108
0.009503138846
0.007566848381
0.005350017524
0.003010887283
0.001606489093
0.001081517516
0.0008985562486
0.000824313771
0.0007870728375
0.0007582848262
0.0007419627327
0.0007361043428
50.53048803
50.89177344
50.54653019
49.42624317
47.52149885
44.90011901
41.66939895
37.97514905
33.98461863
29.84690764
25.75577815
21.82822683
18.16623236
14.84050325
11.89379367
9.343005085
7.184392904
5.397266332
3.948675972
2.798814943
1.905221692
1.22633896
0.72448585
0.3672154983
0.1362163126
0.0513525286
0.0300011917
0.02499093721
0.02344592311
0.02267174223
0.0220520579
0.0214568853
0.02085907591
0.02026180002
0.01967714962
0.0191175367
0.01859126257
0.01810027556
0.01763880304
0.01719156282
0.01673433789
0.01623568383
0.01565969482
0.01496766872
0.01412137579
0.0130892199
0.0118463411
0.01039830543
0.008706705264
0.006740636614
0.004526742034
0.002314466948
0.001249449721
0.0008911316091
0.0007702114964
0.000719383342
0.0006906941718
0.0006636764097
0.0006492098247
0.0006435802282
48.70789609
48.92711664
48.54531983
47.49306522
45.75982012
43.39094549
40.47015927
37.11499999
33.46362668
29.66111656
25.82631993
22.11343101
18.61138363
15.39204245
12.50130672
9.963551902
7.784133133
5.951755923
4.442445204
3.224261296
2.260821916
1.514690873
0.9502463452
0.5364285554
0.2480077002
0.08628663527
0.03756923448
0.02621113714
0.02332881544
0.02226253322
0.0216023795
0.02102448154
0.02045332925
0.01987588592
0.01929874107
0.0187333953
0.01818966429
0.01767201581
0.01717775292
0.01669552218
0.01620437659
0.01567525291
0.01507372588
0.01436310044
0.0135107786
0.01248971685
0.01129640019
0.009891135779
0.008247592161
0.006369569919
0.004296010692
0.002162381515
0.001129307161
0.0007986349145
0.0006909702168
0.0006472250322
0.0006177360944
0.0005854308565
0.0005711128624
0.0005654222377
46.86265316
46.95627554
46.53966312
45.54396907
43.9583163
41.81119878
39.16677362
36.11855168
32.7813162
29.27872864
25.73017298
22.24265888
18.91699145
15.82303236
13.0104378
10.50878789
8.330591958
6.472664266
4.919281317
3.645927584
2.62232604
1.815623285
1.193131831
0.7246092803
0.3841836591
0.1559222148
0.05640955629
0.02982083917
0.02367108397
0.02191035705
0.02113251988
0.02055569241
0.02001287308
0.0194647809
0.01890842467
0.0183520221
0.01780534742
0.01727471204
0.0167600851
0.01625351374
0.01573806432
0.01518869963
0.01457576948
0.01387017998
0.0130458179
0.01209000847
0.01095802118
0.009625921723
0.00808817826
0.006328067983
0.004313620745
0.002198257963
0.001108709284
0.0007445669192
0.0006314836132
0.000591538468
0.0005655959921
0.0005301026554
0.0005125722922
0.0005065871641
44.99533396
44.98462942
44.53899821
43.59407092
42.13818937
40.18763069
37.79103089
35.024
31.98053684
28.76436431
25.4807226
22.21949599
19.08180227
16.13066647
13.41675719
10.97302515
8.817216379
6.953019374
5.372141173
4.05699105
2.983400645
2.123456372
1.448053904
0.9291018898
0.5416741672
0.2649409021
0.09409554318
0.03876417279
0.02520944851
0.02184340856
0.02069670963
0.02006626988
0.01954084527
0.01902607241
0.018500586
0.01796589939
0.01743003807
0.01690015704
0.01637860178
0.01586089976
0.01533507449
0.01478291804
0.01418331948
0.01351492071
0.01275774548
0.01185988912
0.01079654621
0.00955522938
0.008097109999
0.00638619871
0.004436142081
0.002353528194
0.001141194868
0.0007256069673
0.0005830267202
0.0005373334534
0.0005169918068
0.0004926078113
0.0004743225615
0.0004681776735
43.11973157
43.02884432
42.5630071
41.66877982
40.33018217
38.55609017
36.38296443
33.87086139
31.09707102
28.14976755
25.11989162
22.09409309
19.139657
16.33690426
13.73227907
11.36082225
9.243357513
7.388973688
5.795519122
4.451542668
3.338574959
2.433558507
1.711161465
1.145826533
0.7136103754
0.3943259675
0.1729459729
0.06148667583
0.02983330707
0.02240849453
0.02039372876
0.01959470821
0.01905708678
0.01856904484
0.01807791213
0.01757379238
0.01706041344
0.01654450108
0.01603052581
0.01551821949
0.01500225901
0.01447267198
0.01391678862
0.01331115393
0.01259821666
0.01175318779
0.01076069023
0.009582201905
0.008191591287
0.006587630392
0.004777626058
0.002757729679
0.001266960557
0.0007414472599
0.0005644992053
0.0004924723265
0.0004653541434
0.0004510600615
0.0004401837666
0.0004355864534
41.26033972
41.10899347
40.63266809
39.78714181
38.55421405
36.93769615
34.96483106
32.6834424
30.15717899
27.459255
24.66673199
21.855512
19.09510357
16.44706738
13.96054812
11.6721855
9.606283849
7.775919496
6.183783583
4.823629571
3.682084979
2.740684817
1.977921713
1.371133928
0.8981899555
0.5391055016
0.2770504739
0.1052408661
0.04107598991
0.02451224538
0.02047450689
0.01919714645
0.01858622318
0.01811005091
0.01765133863
0.01718095348
0.01669629921
0.01620323747
0.01570907651
0.01521951152
0.01473657777
0.01425924393
0.01376371243
0.01318911913
0.0125127972
0.01172151766
0.01079002429
0.009697997206
0.0084591624
0.007050782556
0.005420859452
0.003532667792
0.001618716442
0.000828058851
0.0005725660573
0.0004774396847
0.0004293048297
0.0004054609022
0.0003965842965
0.0003939142291
39.44076182
39.24432549
38.76491514
37.96591984
36.8285527
35.35316638
33.5598361
31.48628131
29.18423465
26.71481409
24.14470619
21.54068455
18.96503397
16.46720558
14.10517067
11.91042414
9.908348767
8.1145041
6.535810352
5.170679924
4.010416077
3.040893313
2.244356541
1.601148887
1.091273193
0.6958175252
0.3985994944
0.1870328294
0.06677898772
0.03031138319
0.02141478204
0.01908550369
0.01820172422
0.01768730446
0.01724790515
0.01681256112
0.01636573362
0.01591067422
0.01545724869
0.01501518098
0.01459211917
0.01416272522
0.01367369054
0.01311196957
0.01247350154
0.01173752879
0.01088536761
0.009930308577
0.008844901713
0.007601770671
0.006159130312
0.004486200716
0.002548878984
0.001106579931
0.0006377684662
0.0004850539153
0.0004222593379
0.0003803105237
0.0003570980701
0.0003508137269
37.67406333
37.44224483
36.96400357
36.20796635
35.15584875
33.80574013
32.17227886
30.28525788
28.18697378
25.92875537
23.56666035
21.15798149
18.75836881
16.41846239
14.18056783
12.08226469
10.15031355
8.402481531
6.8479671
5.488599876
4.319519662
3.330452125
2.507187386
1.83308692
1.290491646
0.8619854328
0.5315970964
0.2862826277
0.119471578
0.04491405622
0.02443968021
0.01945690777
0.01800802992
0.0173548062
0.01690919017
0.01651001886
0.01611756639
0.01572864587
0.01535029541
0.0149826549
0.01460073699
0.01416656037
0.01366805715
0.01311112073
0.01248655426
0.0117894
0.01102739619
0.01018484492
0.009241274596
0.008168007124
0.006936037803
0.005523163109
0.003890441202
0.00201277891
0.0009080593994
0.0005512836733
0.0004332211715
0.0003789915571
0.0003415719404
0.0003264437935
35.96103294
35.70099593
35.22648495
34.50960809
33.53359762
32.29510921
30.80457402
29.08529981
27.17150449
25.10560085
22.93491459
20.70970274
18.47943221
16.28951011
14.17559325
12.18164898
10.32902913
8.636757836
7.116440352
5.772871177
4.604496106
3.604440519
2.761752232
2.062712111
1.492091156
1.034294689
0.6744316851
0.399541772
0.1992313689
0.07341193445
0.03170571499
0.02092834001
0.01813079989
0.01719757479
0.01669855767
0.01633205439
0.01600671021
0.01569079515
0.01537004764
0.01503493805
0.0146486065
0.01419707072
0.01369287112
0.0131382205
0.01253234612
0.01188431436
0.01119474593
0.01045423535
0.009642670637
0.008736518331
0.007717301806
0.00656825381
0.005254592788
0.003708617186
0.001899145641
0.0008926560516
0.0005239045778
0.0003963782988
0.0003437124587
0.000323519094
34.29304429
34.0104334
33.54080289
32.85956467
31.95155593
30.81257312
29.44985358
27.88156383
26.13542893
24.24672887
22.25593005
20.20558857
18.13843709
16.09571509
14.11467079
12.22228507
10.45204116
8.821591633
7.34361675
6.024407562
4.865087033
3.861755058
3.00644415
2.288212524
1.694242265
1.210861641
0.8244833332
0.5225420823
0.2947881782
0.1339247919
0.04979599337
0.0251730705
0.01898843453
0.01730283138
0.01667843663
0.01631046096
0.01601994954
0.0157551761
0.01548886885
0.01516006665
0.01475125244
0.01428394304
0.01377052894
0.01321457768
0.01262772066
0.0120196056
0.01139346444
0.0107408114
0.01004526947
0.009290303288
0.008463548084
0.007552211288
0.006527374021
0.005328866298
0.003865376143
0.002085351313
0.0009445312801
0.000511111119
0.0003743652521
0.0003318903035
32.65735996
32.3577656
31.89466767
31.24691944
30.40098114
29.35223528
28.10551168
26.67483814
25.08247753
23.35739623
21.53334688
19.64670264
17.7352278
15.83555821
13.98103752
12.19946205
10.51844461
8.956292128
7.527354584
6.240060727
5.09754096
4.098391154
3.237280155
2.505826731
1.893528324
1.388656991
0.9790907612
0.6531027029
0.4002148634
0.2122676558
0.0870266395
0.03563254137
0.0214882303
0.01786987874
0.01681434621
0.01639223109
0.01614978379
0.01596020413
0.0157057811
0.01535683129
0.01493482457
0.01445215817
0.01391991372
0.01335485729
0.01277614657
0.01219683739
0.01161891201
0.01103498676
0.01043467347
0.009808951302
0.009150469658
0.00844701695
0.007670895958
0.006770329658
0.005664610294
0.00424677257
0.002357954367
0.0009568312996
0.0005003601734
0.000362024659
31.04515669
30.734314
30.28046243
29.66555079
28.87760385
27.911845
26.77126385
25.46656299
24.01553098
22.44194375
20.7741372
19.04340908
17.28186732
15.52126823
13.79196962
12.12123228
10.52819624
9.039708169
7.666906148
6.419106682
5.300994175
4.313308589
3.453063124
2.714243069
2.088572396
1.566278641
1.136823209
0.7895998302
0.5146538052
0.3036437823
0.1505089323
0.05749658555
0.0274711869
0.01948239572
0.01735109862
0.01670725832
0.01646910815
0.01625337352
0.01597065889
0.0156145857
0.0151863018
0.01469288742
0.01415176012
0.01358631509
0.01301733465
0.01245808014
0.01191428237
0.01138525061
0.01086585151
0.01035093791
0.009834042041
0.009301199653
0.008724651572
0.00805868354
0.007235216085
0.006153377576
0.004641772668
0.002438539513
0.0009261799744
0.0004645261381
29.45532303
29.13939996
28.69837954
28.11693294
27.38453998
26.49647689
25.45437394
24.26629208
22.94632991
21.5138227
19.99222642
18.40779083
16.78812032
15.16142424
13.55479974
11.99277094
10.4969245
9.083929491
7.769995748
6.56565637
5.4770476
4.506327352
3.652456565
2.911482532
2.277137933
1.741482829
1.295543442
0.9299300834
0.6354473603
0.4037703795
0.2284742049
0.1054345457
0.04241189714
0.02364053182
0.01871731857
0.01742426065
0.01700827638
0.01672812821
0.01642933655
0.01606584757
0.0156283303
0.01513035006
0.01459326305
0.0140398468
0.01349155871
0.01296331408
0.0124554672
0.01196809307
0.01150272367
0.0110605365
0.0106379
0.01022156119
0.009785146017
0.009287672977
0.008670218006
0.007843657273
0.006658891265
0.004871473059
0.002264567401
0.0007890156826
27.89547207
27.58055734
27.15614192
26.60922466
25.93059197
25.11567113
24.16506241
23.08470233
21.88565251
20.58355142
19.19779839
17.75055546
16.26566579
14.76720853
13.27870776
11.82248082
10.41854393
9.081965894
7.832002979
6.676682493
5.623174185
4.675224844
3.833464508
3.095736335
2.457585997
1.91279609
1.453931713
1.072878453
0.7613703461
0.5115321701
0.3165123227
0.1712771957
0.07473092864
0.03384040793
0.02199163558
0.01879599246
0.01794332383
0.01758463705
0.01728301604
0.01693199819
0.01651211546
0.01603288046
0.01551635816
0.01498442973
0.0144514623
0.01392386743
0.01341085376
0.01292014276
0.01246008898
0.01203688972
0.01165034932
0.01129021833
0.01093319635
0.01054139728
0.01005958817
0.009410171768
0.008463718985
0.007014934283
0.004749086245
0.00149899695
26.3772594
26.06870065
25.6641533
25.15259706
24.52598317
23.77996634
22.91440367
21.93356896
20.84606634
19.66446049
18.40466746
17.0851668
15.72609524
14.34822905
12.97267765
11.61964694
10.30735851
9.052067289
7.865347346
6.760257978
5.744607166
4.823066259
3.997390344
3.26696396
2.628937036
2.078647478
1.610086743
1.216377051
0.8902434815
0.6244828273
0.4124598973
0.2487567132
0.1298903574
0.05657695522
0.02983025445
0.02179736899
0.01975145724
0.01910045692
0.01874860807
0.01840546255
0.01800839162
0.01755168677
0.01704564027
0.01650415849
0.01594100357
0.01537009676
0.01480658529
0.01426621653
0.01376388061
0.01331049757
0.01290969174
0.01255498946
0.0122273408
0.01189170745
0.01149420871
0.01096157333
0.01018277149
0.008981754817
0.007023197424
0.002989445818
24.9120195
24.61403645
24.23173029
23.75574528
23.17904374
22.49753328
21.71052564
20.82097802
19.83549677
18.76411016
17.61983954
16.41811269
15.17607043
13.91182798
12.64352312
11.38876907
10.16422931
8.984893591
7.862655753
6.811375363
5.837425531
4.946387499
4.14126459
3.422672497
2.789109735
2.237299986
1.762579938
1.359306652
1.021265575
0.7420746989
0.515630787
0.3366890479
0.20096035
0.1054511383
0.04988546008
0.02980352473
0.02372156383
0.02177933915
0.02109502071
0.02066046089
0.02023340361
0.01975264706
0.01920761151
0.01860557446
0.01796194614
0.01729709009
0.0166341763
0.01599671361
0.01540566497
0.01487641224
0.01441607481
0.01402111037
0.01367460651
0.01334384722
0.01297590585
0.01250196899
0.01182267773
0.01078354207
0.009051530344
0.005220677796
23.50717918
23.22281526
22.86418872
22.42333799
21.89410527
21.27267303
20.5579806
19.75197569
18.85967756
17.88905034
16.85070284
15.75744547
14.62374262
13.46509878
12.29725477
11.13609943
9.996918807
8.893537463
7.838337736
6.840126038
5.908624077
5.050097767
4.268233836
3.564515843
2.938633868
2.388560287
1.910861967
1.501048201
1.153940282
0.864080292
0.6261311313
0.434762049
0.2847317981
0.172241923
0.09508749519
0.05129473852
0.03355385958
0.02717415122
0.02477686494
0.02381449839
0.02318914997
0.02259490757
0.02194916128
0.02123727565
0.02047051183
0.01967208555
0.01887078939
0.01809634924
0.01737534944
0.01672773099
0.01616396331
0.01568268847
0.01526860795
0.01489082576
0.01450141747
0.01403529991
0.01340427082
0.01247260761
0.01091527013
0.007265794911
22.16681119
21.89809672
21.5638098
21.1571503
20.67271795
20.10696973
19.45859366
18.72875857
17.92121598
17.04224772
16.10046723
15.1064947
14.07253289
13.01187531
11.93838603
10.86591608
9.807902205
8.777010566
7.784663241
6.839998686
5.954002898
5.131205357
4.376027655
3.690940727
3.076587911
2.532005037
2.054869368
1.641802166
1.28871844
0.991109736
0.7439302457
0.5416384715
0.3791917011
0.252644538
0.1588474746
0.09515311788
0.05715535705
0.0392745549
0.03180311574
0.02857345601
0.02708085571
0.02609080763
0.02519610905
0.02428144317
0.0233284295
0.02235222734
0.02137993905
0.02044144744
0.01956412683
0.0187690681
0.01806816329
0.01746172268
0.01693649386
0.0164642626
0.01600213583
0.01549169233
0.01485541392
0.01397501087
0.01254157905
0.009046243615
20.89179562
20.63993901
20.33004063
19.95626991
19.51388117
18.99960297
18.41197062
17.75156623
17.02114285
16.22562305
15.3719745
14.46897567
13.5268923
12.55708991
11.57160688
10.58254219
9.602007792
8.64172423
7.712383138
6.823537245
5.981974894
5.195269609
4.468294935
3.804041818
3.203833345
2.667622423
2.194085393
1.780880012
1.424822195
1.121798136
0.8668392102
0.6549563185
0.4817846783
0.3433644596
0.2359351788
0.1560630862
0.1006609168
0.06603071725
0.04705943014
0.03770835478
0.03312301996
0.03067944934
0.02904942167
0.02769374559
0.02642868355
0.02520487981
0.02402112409
0.0228927681
0.0218390145
0.02087644095
0.0200148115
0.01925406774
0.01858216708
0.01797380514
0.01739045821
0.01678234096
0.01608573851
0.01520074189
0.01385225095
0.01048529219
19.68225597
19.44784602
19.16195139
18.81955028
18.41646032
17.94966926
17.41762869
16.82047951
16.16018729
15.44057612
14.66725967
13.84747642
12.98984261
12.10404005
11.20045897
10.28982578
9.382899005
8.49013784
7.621357967
6.785413189
5.989264871
5.240968485
4.544668049
3.903906787
3.320765038
2.795994196
2.329165894
1.918732572
1.56193972
1.25491603
0.9933766991
0.7733080358
0.5908709926
0.4421598245
0.3232274043
0.2303619195
0.1603111427
0.1101917606
0.07689373919
0.05644219546
0.04464509791
0.03804504435
0.0342251335
0.03171846828
0.02979126835
0.02813825896
0.02664324241
0.02526807347
0.02400391712
0.02285072782
0.02180788897
0.02086908567
0.02001951967
0.01923505517
0.01848263125
0.01771976153
0.01689738659
0.01594448166
0.01464546001
0.01141809834
18.53687492
18.31999806
18.05737154
17.74465143
17.37814201
16.95507621
16.47387351
15.93434794
15.33784628
14.68730437
13.98721804
13.24353241
12.46345942
11.65523841
10.82785661
9.990749795
9.153347032
8.325013533
7.514829309
6.73108774
5.981163374
5.271147583
4.606376611
3.990764469
3.426926578
2.916212383
2.458751055
2.053314821
1.69740093
1.387807303
1.12130559
0.8946588807
0.7044025698
0.5467781923
0.4179205431
0.3141540284
0.2321854393
0.169083166
0.1222028348
0.08885829693
0.0662785095
0.05176199528
0.04280059968
0.03730112361
0.03372565051
0.03114966223
0.02910602311
0.02737401768
0.0258496968
0.0244808463
0.02323578513
0.02209131168
0.02102802399
0.02002890807
0.01907072591
0.01812624291
0.01716918219
0.01614791398
0.01488275439
0.0117721764
17.45554616
17.25594321
17.0156307
16.73083341
16.39827515
16.01541662
15.58068084
15.09364304
14.55516655
13.96747341
13.33414404
12.66004715
11.95120514
11.2146044
10.45796185
9.689464611
8.917509911
8.150582328
7.396931047
6.664235551
5.959497089
5.288166075
4.655978112
4.067100625
3.524458918
3.02972047
2.58321883
2.183948789
1.830015949
1.519253619
1.249321407
1.01752664
0.8207101738
0.6553431727
0.5177832454
0.4045339743
0.3123888961
0.2384551165
0.1801180061
0.1349886479
0.1008870522
0.07592017321
0.05844289547
0.04684593393
0.03946040226
0.03473148215
0.03151243913
0.02911612561
0.027177908
0.02550400138
0.02400284532
0.02263711222
0.02138548648
0.02022549151
0.0191395137
0.01811319747
0.01710425482
0.01605094936
0.0148001779
0.01173856217
16.43583708
16.25291261
16.03372206
15.77497309
15.47375498
15.12774051
14.73538259
14.29608567
13.81033595
13.27977929
12.70724051
12.09668367
11.45311732
10.7824524
10.09132393
9.386889624
8.676626087
7.967968859
7.268243772
6.584571364
5.923489803
5.290804475
4.692338461
4.131613027
3.611721402
3.134415574
2.700098028
2.308221306
1.957813386
1.647613022
1.375920442
1.140450094
0.9383482946
0.7663845466
0.6212129372
0.4995816191
0.3984359925
0.3149455937
0.2465172642
0.1908807422
0.1460392923
0.1103900091
0.08283158904
0.06255521272
0.04865405447
0.03973874165
0.03414197657
0.03046267054
0.02778235744
0.02570814431
0.02402508878
0.0225749708
0.02125896305
0.02003192901
0.01886472579
0.01773004325
0.01660363685
0.01545502347
0.01417498799
0.0111361102
15.47820286
15.31125885
15.11198147
14.87748752
14.60518384
14.29293822
13.93925045
13.54340619
13.1056
12.62701571
12.10985872
11.55734037
10.97361276
10.36365961
9.733150481
9.088268185
8.435521504
7.781559164
7.133162272
6.496950904
5.87905419
5.285108283
4.71986081
4.18744014
3.690659097
3.231129334
2.80953165
2.426078431
2.080630679
1.772567624
1.500616316
1.26280221
1.056566388
0.8789925337
0.7270414807
0.5977159821
0.4881429727
0.3956130837
0.317623932
0.2519393992
0.1967365888
0.150592097
0.1126346507
0.08260907401
0.0604716803
0.04565398938
0.03652555347
0.0309884291
0.02754243153
0.02518755908
0.02334411579
0.02176443737
0.02033490305
0.01898440395
0.01765812724
0.01630889845
0.01490794306
0.01345104318
0.01190107701
0.008366928505
14.57777596
14.42587205
14.24512177
14.0329926
13.7871706
13.505705
13.18715561
12.83072908
12.43640909
12.00499601
11.53819441
11.03858418
10.50958851
9.955396985
9.380857973
8.791350977
8.192650264
7.590787447
6.991756399
6.401478116
5.825742019
5.269832764
4.737798247
4.233605166
3.759859467
3.318303951
2.910194306
2.536446317
2.197493542
1.893106149
1.622290096
1.383330424
1.173959829
0.9915797879
0.8334567033
0.6968525053
0.5790979423
0.4776444995
0.3901282226
0.314459922
0.248936164
0.1923725334
0.1441320819
0.1042716818
0.07339818489
0.05182740142
0.03844892728
0.03073881963
0.02628563885
0.02330326276
0.02106112452
0.01918715154
0.01748253057
0.01582399486
0.01410375559
0.01222100985
0.01020290973
0.008229265973
0.006483871726
0.003806602778
13.73687685
13.59913875
13.4356648
13.24421922
13.02272962
12.76940908
12.48288409
12.16231433
11.80749941
11.41897042
10.99799481
10.54664098
10.06772439
9.564761732
9.041888827
8.503758908
7.955420324
7.402181073
6.849451948
6.302752716
5.76735719
5.247855727
4.748156008
4.271509309
3.820429469
3.397064533
3.003227962
2.640285205
2.30899872
2.009374721
1.740630116
1.501291246
1.28937701
1.102597969
0.9385182991
0.7946643608
0.6685969716
0.5579761716
0.4606394362
0.3747006454
0.2986644046
0.2315895331
0.1731926392
0.1238603564
0.08465326547
0.0566161226
0.03923596405
0.02950862388
0.02387738769
0.02028232466
0.01758708343
0.01527298848
0.01309079534
0.01088231027
0.008576968037
0.006402807926
0.004651626754
0.003377293495
0.002427999326
0.001338759372
12.94526216
12.82062756
12.67303178
12.50049877
12.30117121
12.07341469
11.81592876
11.52785409
11.20886504
10.85924747
10.4799489
10.07260025
9.63950797
9.183621635
8.708477182
8.218123454
7.71702701
7.209954188
6.701816033
6.197309389
5.700872645
5.216570772
4.747837333
4.298103677
3.869649231
3.464993403
3.086278967
2.735135007
2.412517125
2.118571517
1.852676719
1.613581874
1.399583574
1.208697572
1.03879323
0.8876885956
0.7532241025
0.6333359235
0.5261419579
0.4300433937
0.3438368798
0.2668237998
0.1989750948
0.1410436772
0.09446138003
0.06071501639
0.0395610656
0.02802328932
0.02159567192
0.01747986396
0.01431160608
0.01149498151
0.008750690744
0.00604265404
0.003856666581
0.002461813019
0.001627545909
0.001120014316
0.000765307561
0.0004773223821
12.21357403
12.10110573
11.96814121
11.81292533
11.63378938
11.4292386
11.19804766
10.93934751
10.65274317
10.33832733
9.996774765
9.629378778
9.23803588
8.825231983
8.393998999
7.947846155
7.490663618
7.026583237
6.559793044
6.09432839
5.633992007
5.182395541
4.742753148
4.318310381
3.911631029
3.525392897
3.161875079
2.822779821
2.50909674
2.22103952
1.95813533
1.71935524
1.503277659
1.308233624
1.132417866
0.9739718565
0.831054885
0.7019187188
0.5849945912
0.4789922956
0.3830076853
0.296639547
0.2201221198
0.1544544392
0.1014048725
0.06289141472
0.03899272196
0.02594548395
0.01894055778
0.01446878246
0.01092394673
0.00768098138
0.004616970489
0.00246593864
0.001357190503
0.0008227536336
0.000540523316
0.0003792816314
0.0002752599056
0.000214014098
11.51323816
11.41214619
11.29281398
11.15368508
10.99325939
10.81016825
10.60325791
10.37167869
10.11495356
9.833027075
9.526363295
9.19597374
8.843418161
8.470792465
8.08068818
7.676121651
7.260431462
6.837131044
6.409739154
5.981665654
5.556168808
5.136302799
4.725209637
4.325229817
3.939993022
3.572216297
3.224216042
2.897609442
2.593296681
2.311544364
2.052022927
1.813940526
1.596169178
1.397366209
1.216066312
1.050753917
0.8999305563
0.7621889617
0.63629795
0.5212950764
0.4165835039
0.3220347729
0.2381024013
0.1659359131
0.1074012222
0.06454719483
0.03778979694
0.0235356624
0.01610511771
0.01139890916
0.007611652074
0.004136550099
0.001860200152
0.0008620338183
0.0004718923981
0.0002994232001
0.0002128146152
0.0001653009254
0.0001375196079
0.0001253085232
10.89298557
10.80166567
10.69400389
10.56862032
10.42417476
10.25942747
10.07331069
9.86500562
9.63402441
9.380244092
9.10397198
8.80600196
8.487629228
8.150620639
7.797173209
7.429825039
7.051330905
6.664518838
6.272205623
5.877156668
5.482128314
5.089874478
4.703401676
4.325753113
3.961379496
3.611608952
3.278696336
2.964165358
2.668852905
2.393073324
2.136667922
1.89908575
1.67950699
1.476929895
1.29024571
1.118298036
0.959943185
0.8141198443
0.679927803
0.5567110833
0.4441435588
0.3423212894
0.2518698151
0.174069033
0.1109351388
0.06474431727
0.03567317964
0.02060987147
0.01304096414
0.008309713136
0.004388566202
0.001767546491
0.0006757957264
0.0003228292736
0.0001979506381
0.0001447511278
0.0001184191463
0.000103570941
9.576137459e-05
9.284485704e-05
10.23817386
10.15779108
10.06304749
9.952708579
9.825562695
9.680467892
9.516417564
9.332605634
9.128496657
8.90388883
8.658961331
8.394291053
8.110889709
7.810164507
7.493853643
7.163937013
6.822529519
6.471833323
6.114129393
5.751843592
5.38756409
5.024100669
4.664457118
4.311765441
3.967431746
3.635106248
3.316756015
3.013862254
2.727392377
2.457745497
2.204893623
1.968509453
1.748048799
1.542817117
1.352037884
1.17489165
1.010567873
0.8583267914
0.7175684174
0.5879052011
0.4692339338
0.3618068814
0.266310287
0.1839585074
0.1165637736
0.06617563314
0.03412852624
0.01760225378
0.009825732489
0.005200720675
0.002067122737
0.0007102072847
0.0002769848673
0.0001500263018
0.0001087967643
9.07415846e-05
8.135106115e-05
7.490882181e-05
7.166922619e-05
7.048801907e-05
9.795083342
9.719418397
9.630676736
9.527775973
9.409638886
9.275246417
9.123696797
8.95426649
8.766469256
8.560113033
8.335338897
8.092640164
7.832855076
7.557124671
7.266815914
6.963438985
6.648616069
6.324107496
5.991811873
5.653815231
5.312445252
4.97028185
4.630129302
4.294900823
3.967703171
3.651659817
3.347226499
3.055704209
2.777897689
2.514179685
2.264706892
2.029434811
1.808116164
1.600379434
1.405764397
1.223763435
1.053873463
0.8956542486
0.7487960638
0.6131699337
0.4888689055
0.3762861191
0.2762098678
0.1899267023
0.1194086603
0.06655175994
0.03263737485
0.01543648084
0.007246581191
0.002870997704
0.0009392862285
0.0003228446719
0.0001427967565
9.768945745e-05
8.24475904e-05
7.491777082e-05
6.833709986e-05
6.483345841e-05
6.292665237e-05
6.22211515e-05
8.959453308
8.900462461
8.830416413
8.748474405
8.653772806
8.545434058
8.422609067
8.28457669
8.130945946
7.961424853
7.775950697
7.574691076
7.358036836
7.126566159
6.880984099
6.622136515
6.351072801
6.06904997
5.77759509
5.478599822
5.174309389
4.867221552
4.55989663
4.254729796
3.953630476
3.657907853
3.370374816
3.092250402
2.824485574
2.567778278
2.322540553
2.088993526
1.867260531
1.657369037
1.459258524
1.272811055
1.097889281
0.9343799241
0.7822342923
0.6415216252
0.5124878716
0.3955903439
0.2915391085
0.2013709697
0.1264932022
0.06898159069
0.03047678572
0.0107399387
0.003422689097
0.001075104426
0.0003488882543
0.0001415679229
8.383312259e-05
6.759220825e-05
6.064039594e-05
5.542379254e-05
5.185392278e-05
4.946656049e-05
4.794699779e-05
4.726506411e-05
)
;

boundaryField
{
    inletCH4
    {
        type            turbulentIntensityKineticEnergyInlet;
        intensity       0.0458;
        value           uniform 7.740795034;
    }
    wallOutside
    {
        type            kqRWallFunction;
        value           nonuniform List<scalar> 
70
(
0.002644234753
0.002529929259
0.002448806502
0.002344411953
0.002224013181
0.002161493278
0.002093560039
0.001964184572
0.001913121968
0.001876247437
0.001852707324
0.001849374776
0.00187985345
0.00196508692
0.002131415207
0.002392253045
0.002758321872
0.003234349015
0.003813710139
0.004559830641
0.005625884321
0.006806323203
0.007820119741
0.008285023538
0.008252003772
0.007980052595
0.007530443017
0.005854147921
0.003898278061
0.002723154773
0.002057722825
0.001655998216
0.001379783416
0.001165304378
0.0009896227338
0.0008481429336
0.0007361043428
0.0006435802282
0.0005654222377
0.0005065871641
0.0004681776735
0.0004355864534
0.0003939142291
0.0003508137269
0.0003264437935
0.000323519094
0.0003318903035
0.000362024659
0.0004645261381
0.0007890156826
0.00149899695
0.002989445818
0.005220677796
0.007265794911
0.009046243615
0.01048529219
0.01141809834
0.0117721764
0.01173856217
0.0111361102
0.008366928505
0.003806602778
0.001338759372
0.0004773223821
0.000214014098
0.0001253085232
9.284485704e-05
7.048801907e-05
6.22211515e-05
4.726506411e-05
)
;
    }
    wallTube
    {
        type            kqRWallFunction;
        value           nonuniform List<scalar> 
61
(
9.549614609
12.709762
16.37162029
18.82432017
21.47967981
23.09755691
23.86107596
24.31901538
24.5473057
24.60867731
24.5549576
24.4289779
24.2652877
24.08819857
23.90931895
23.7375006
23.58441912
23.45971729
23.37352804
22.07402802
26.55028195
0.4397034743
0.2039189366
0.1083093019
0.07597802054
0.06138076138
0.05280922762
0.05065497686
0.05094513556
0.05219803856
0.05463127119
0.05713816209
0.0597249681
0.06182029432
0.0644506953
0.06665862924
0.06943071511
0.07230588472
0.07916395444
0.09473303153
0.8544295874
0.4082930875
0.1600003947
0.0718902932
0.05105181451
0.05082770723
0.060058133
0.08481568289
0.1207479067
0.1580841101
0.1938456972
0.2300595657
0.261650156
0.2903251234
0.3175640649
0.3445250955
0.3583421642
0.3749529833
0.4041354653
0.4162120739
0.4475259267
)
;
    }
    inletPilot
    {
        type            turbulentIntensityKineticEnergyInlet;
        intensity       0.0628;
        value           uniform 0.7688121696;
    }
    inletAir
    {
        type            turbulentIntensityKineticEnergyInlet;
        intensity       0.0471;
        value           uniform 0.00269536815;
    }
    outlet
    {
        type            zeroGradient;
    }
    axis
    {
        type            empty;
    }
    frontAndBack_pos
    {
        type            wedge;
    }
    frontAndBack_neg
    {
        type            wedge;
    }
}


// ************************************************************************* //
