/*--------------------------------*- C++ -*----------------------------------*\
  =========                 |
  \\      /  F ield         | OpenFOAM: The Open Source CFD Toolbox
   \\    /   O peration     | Website:  https://openfoam.org
    \\  /    A nd           | Version:  10
     \\/     M anipulation  |
\*---------------------------------------------------------------------------*/
FoamFile
{
    format      ascii;
    class       volScalarField;
    location    "3000";
    object      N2O;
}
// * * * * * * * * * * * * * * * * * * * * * * * * * * * * * * * * * * * * * //

dimensions      [0 0 0 0 0 0 0];

internalField   nonuniform List<scalar> 
5170
(
1.695231277e-63
1.369940684e-63
8.531641807e-64
4.252000823e-64
3.441781052e-64
5.736244474e-61
4.583110609e-61
2.800697686e-61
1.618525932e-61
2.857974966e-61
1.967807878e-58
1.560644672e-58
9.499305446e-59
7.467751451e-59
2.249777513e-58
6.882311076e-56
5.452783339e-56
3.425697243e-56
3.839179307e-56
1.623486249e-55
2.452911231e-53
1.960246766e-53
1.320235025e-53
2.090148651e-53
1.092094873e-52
8.945889908e-51
7.301704986e-51
5.394923255e-51
1.171402359e-50
6.936002151e-50
3.334962611e-48
2.804257982e-48
2.366359722e-48
6.678461214e-48
4.252314232e-47
1.269011674e-45
1.111652953e-45
1.117748262e-45
3.856849546e-45
2.547853396e-44
4.942406901e-43
4.601326267e-43
5.554023931e-43
2.250951243e-42
1.500630415e-41
1.973510632e-40
1.987246385e-40
2.870646349e-40
1.330038602e-39
8.723831967e-39
8.061954733e-38
8.923437501e-38
1.534121146e-37
7.942861067e-37
5.021162233e-36
3.354616764e-35
4.152378548e-35
8.482948844e-35
4.787148703e-34
2.868172613e-33
1.416182375e-32
1.989408936e-32
4.86774998e-32
2.930204265e-31
1.62876344e-30
6.017799684e-30
9.725978559e-30
2.871134538e-29
1.822986162e-28
9.211625644e-28
2.562363999e-27
4.811003268e-27
1.715873988e-26
1.147473202e-25
5.195471959e-25
1.07595342e-24
2.369824927e-24
1.018087132e-23
7.071716817e-23
2.92561029e-22
4.433283445e-22
1.15948866e-21
5.845712487e-21
4.223733486e-20
1.648754371e-19
1.752706232e-19
5.529811521e-19
3.247931131e-18
2.39960914e-17
9.293937601e-17
6.369719434e-17
2.516771155e-16
1.697199982e-15
1.270262292e-14
5.260690441e-14
1.983440468e-14
1.108270296e-13
8.636612457e-13
6.157154363e-12
3.027242428e-11
3.768878418e-07
2.933434614e-07
2.641503199e-07
3.131000375e-07
3.824388287e-07
4.890071028e-07
4.258723387e-07
4.004254399e-07
4.456926292e-07
4.922611937e-07
5.025972869e-07
4.758581481e-07
4.61701011e-07
4.840922122e-07
4.969844741e-07
4.833363089e-07
4.804950066e-07
4.749212786e-07
4.834627153e-07
4.706557321e-07
4.542196105e-07
4.66855667e-07
4.664274284e-07
4.66043291e-07
4.369509708e-07
4.240159683e-07
4.455542016e-07
4.485116298e-07
4.413617691e-07
4.035645107e-07
3.96182912e-07
4.21968026e-07
4.266205586e-07
4.139686582e-07
3.733298072e-07
3.714281192e-07
3.983655707e-07
4.034336344e-07
3.862776394e-07
3.467486217e-07
3.498159168e-07
3.757761082e-07
3.802818176e-07
3.603660177e-07
3.243763713e-07
3.311617669e-07
3.549016261e-07
3.582690235e-07
3.375934725e-07
3.062822017e-07
3.152048147e-07
3.361162025e-07
3.382394773e-07
3.183869146e-07
2.919794746e-07
3.016729403e-07
3.196087994e-07
3.206523021e-07
3.026008755e-07
2.807505027e-07
2.902859346e-07
3.053882971e-07
3.056151522e-07
2.898175664e-07
2.719313308e-07
2.80766022e-07
2.93321793e-07
2.929996233e-07
2.795385734e-07
2.649627452e-07
2.728410102e-07
2.832034965e-07
2.825532086e-07
2.712868326e-07
2.594030502e-07
2.662644878e-07
2.747841187e-07
2.739862374e-07
2.646418261e-07
2.548879729e-07
2.608323741e-07
2.678039082e-07
2.669536872e-07
2.592490277e-07
2.511706309e-07
2.564862757e-07
2.620252959e-07
2.611225816e-07
2.547889477e-07
2.48055286e-07
2.559102733e-07
2.579624663e-07
2.563804938e-07
2.510392877e-07
2.453685799e-07
3.983747806e-07
2.940057012e-07
2.628913475e-07
2.522558478e-07
2.463741011e-07
7.431648725e-13
5.749880502e-12
8.842852147e-11
1.330857808e-09
1.787837345e-08
4.01764239e-12
2.693662119e-11
3.264238472e-10
3.439096269e-09
2.594414762e-08
1.309519354e-11
7.758486433e-11
7.692044667e-10
6.104048708e-09
3.048678409e-08
3.411149498e-11
1.820909298e-10
1.508283992e-09
9.216015678e-09
3.299305496e-08
7.635741912e-11
3.695775432e-10
2.562207073e-09
1.229992941e-08
3.444158294e-08
1.549440532e-10
6.786970088e-10
3.959862379e-09
1.533987481e-08
3.576782089e-08
3.015077904e-10
1.205749728e-09
5.896061828e-09
1.844610497e-08
3.707966828e-08
5.676673062e-10
2.076764663e-09
8.330229849e-09
2.133431078e-08
3.823985869e-08
1.027935521e-09
3.380557595e-09
1.101169189e-08
2.381892584e-08
3.921815522e-08
1.775857922e-09
5.131750046e-09
1.371730071e-08
2.598903346e-08
4.014250857e-08
2.973305231e-09
7.267483726e-09
1.626207851e-08
2.791251265e-08
4.101666882e-08
4.650193186e-09
9.589121055e-09
1.860360925e-08
2.963956876e-08
4.181302241e-08
6.819173059e-09
1.2052488e-08
2.082933456e-08
3.123870882e-08
4.256467345e-08
9.544863458e-09
1.471639312e-08
2.306515287e-08
3.282428678e-08
4.337558673e-08
1.293516014e-08
1.770062561e-08
2.544676572e-08
3.451365745e-08
4.432284287e-08
1.701193442e-08
2.114562089e-08
2.812717972e-08
3.644091697e-08
4.550350318e-08
2.172680804e-08
2.516047275e-08
3.127541295e-08
3.877348503e-08
4.70634706e-08
2.689059763e-08
2.969307158e-08
3.494716772e-08
4.161018556e-08
4.910297625e-08
3.233892297e-08
3.462021584e-08
3.907573769e-08
4.491089465e-08
5.16056791e-08
3.786205903e-08
3.973222794e-08
4.349140017e-08
4.855067156e-08
5.447378407e-08
4.328401863e-08
4.482671378e-08
4.799206351e-08
5.23467907e-08
5.753881767e-08
4.844597618e-08
4.972685583e-08
5.239128124e-08
5.611660042e-08
6.062428674e-08
5.325778481e-08
5.432144761e-08
5.655589975e-08
5.971922464e-08
6.359110863e-08
5.767322761e-08
5.855515414e-08
6.042178708e-08
6.308796952e-08
6.638206226e-08
6.169845508e-08
6.243053179e-08
6.398687249e-08
6.622381116e-08
6.900550808e-08
6.539098874e-08
6.599803937e-08
6.729193694e-08
6.915996769e-08
7.1495309e-08
6.881504468e-08
6.931650162e-08
7.038808741e-08
7.193932664e-08
7.388413857e-08
7.200647151e-08
7.241687258e-08
7.329409343e-08
7.456446127e-08
7.615624998e-08
7.495683856e-08
7.5285697e-08
7.598811048e-08
7.700095261e-08
7.825859268e-08
7.761107477e-08
7.786254073e-08
7.839541706e-08
7.915464107e-08
8.007769699e-08
7.985916762e-08
8.003024685e-08
8.038755752e-08
8.087901042e-08
8.143936306e-08
8.151729494e-08
8.159767018e-08
8.175338918e-08
8.193626033e-08
8.208437032e-08
8.22303202e-08
8.219915857e-08
8.210959916e-08
8.190928366e-08
8.155414795e-08
8.106016886e-08
8.0887786e-08
8.048807952e-08
7.984527566e-08
7.892104732e-08
7.642246369e-08
7.611550095e-08
7.544498873e-08
7.443763689e-08
7.311775712e-08
6.77870755e-08
6.747958517e-08
6.68261729e-08
6.589608326e-08
6.477510499e-08
5.811369044e-08
5.794803131e-08
5.761232905e-08
5.717918741e-08
5.67441946e-08
5.077685851e-08
5.07912602e-08
5.084699255e-08
5.099651256e-08
5.131801837e-08
4.691137235e-08
4.707479353e-08
4.745113778e-08
4.806880723e-08
4.898155331e-08
4.590828428e-08
4.615447273e-08
4.67044091e-08
4.756504567e-08
4.877303395e-08
4.51200746e-08
4.541275654e-08
4.610481502e-08
4.731061329e-08
4.926765006e-08
4.767999758e-08
4.843388842e-08
5.014963874e-08
5.291189985e-08
5.689614376e-08
6.145486609e-08
6.260563077e-08
6.517435776e-08
6.918018739e-08
7.473366736e-08
8.578784177e-08
8.722396683e-08
9.040718356e-08
9.531220611e-08
1.020079387e-07
1.19551073e-07
1.211998996e-07
1.248423779e-07
1.304343489e-07
1.380142825e-07
1.625145288e-07
1.643353813e-07
1.683501549e-07
1.744796458e-07
1.82741736e-07
2.14718308e-07
2.166647357e-07
2.209499692e-07
2.27474688e-07
2.362378125e-07
2.760647238e-07
2.780939777e-07
2.825560449e-07
2.893347416e-07
2.98409912e-07
3.46029057e-07
3.480911894e-07
3.526195085e-07
3.594822769e-07
3.686381115e-07
4.234010327e-07
4.254289712e-07
4.298747187e-07
4.365920691e-07
4.455141948e-07
5.05811985e-07
5.077099544e-07
5.118634327e-07
5.181080577e-07
5.263595542e-07
5.890679466e-07
5.907096357e-07
5.942893188e-07
5.996456537e-07
6.066618309e-07
6.672254637e-07
6.685081616e-07
6.712954408e-07
6.754407257e-07
6.808233785e-07
7.342476777e-07
7.351034915e-07
7.369535176e-07
7.396792628e-07
7.431705612e-07
7.858208552e-07
7.862529445e-07
7.871767156e-07
7.885103927e-07
7.901668285e-07
8.203042997e-07
8.203718225e-07
8.205010238e-07
8.206467092e-07
8.207484402e-07
8.385419864e-07
8.383313178e-07
8.378554863e-07
8.37099913e-07
8.360282515e-07
8.42963719e-07
8.425629815e-07
8.416745395e-07
8.403063057e-07
8.384405716e-07
8.366145255e-07
8.360988639e-07
8.349615044e-07
8.332251239e-07
8.308849163e-07
8.224663133e-07
8.218928487e-07
8.20630847e-07
8.187115613e-07
8.161383097e-07
8.030632255e-07
8.024718713e-07
8.011720016e-07
7.991989975e-07
7.965607965e-07
7.804050785e-07
7.79821736e-07
7.785402711e-07
7.765972454e-07
7.740028606e-07
7.559797434e-07
7.554200096e-07
7.541908175e-07
7.523280897e-07
7.498428105e-07
7.308311562e-07
7.30303449e-07
7.29144774e-07
7.273893827e-07
7.250481755e-07
7.056869455e-07
7.051950421e-07
7.041150575e-07
7.024790558e-07
7.002973838e-07
6.809916576e-07
6.805363213e-07
6.795366245e-07
6.780222532e-07
6.760027865e-07
6.570818401e-07
6.56662267e-07
6.557410792e-07
6.54345574e-07
6.524844803e-07
6.341030915e-07
6.337172571e-07
6.328701004e-07
6.315866441e-07
6.298747967e-07
6.125137017e-07
6.121594064e-07
6.113814812e-07
6.102028074e-07
6.086304873e-07
5.942988998e-07
5.939706244e-07
5.932497294e-07
5.921572947e-07
5.906997417e-07
6.49544244e-08
6.214434008e-08
5.833884424e-08
5.465318311e-08
5.223623451e-08
5.121782685e-08
5.071650788e-08
5.026248007e-08
4.998343558e-08
4.998370128e-08
5.009406896e-08
5.019620862e-08
5.033361163e-08
5.061968517e-08
5.108313853e-08
5.177899577e-08
5.283600659e-08
5.436245947e-08
5.635841094e-08
5.873602257e-08
6.132514394e-08
6.394867972e-08
6.647247768e-08
6.88520707e-08
7.110425607e-08
7.326607843e-08
7.536169563e-08
7.736049897e-08
7.919500364e-08
8.074085135e-08
8.180013075e-08
8.210234535e-08
8.116490487e-08
7.810436924e-08
7.207860994e-08
6.399022339e-08
5.653869701e-08
5.171021939e-08
4.98245762e-08
4.985170345e-08
5.127910533e-08
6.047489007e-08
7.951121158e-08
1.076675341e-07
1.443638002e-07
1.896198391e-07
2.434994718e-07
3.058990958e-07
3.761593011e-07
4.528004805e-07
5.330300962e-07
6.123110126e-07
6.85090425e-07
7.458875096e-07
7.914003355e-07
8.207362093e-07
8.350819277e-07
8.368657671e-07
8.289373702e-07
8.140105244e-07
7.94386527e-07
7.718685143e-07
7.4780015e-07
7.231248046e-07
6.985053733e-07
6.743440092e-07
6.509556265e-07
6.284683512e-07
6.073384101e-07
5.895017127e-07
1.592790868e-07
1.960625136e-07
4.603608953e-07
3.910249692e-07
2.528904504e-07
1.245157643e-07
1.883952576e-07
3.112033186e-07
6.172947341e-07
2.995601758e-07
1.046729638e-07
1.464226123e-07
1.393875576e-07
5.648985209e-07
3.195850179e-07
8.985728987e-08
1.171597051e-07
1.001267049e-07
3.947051482e-07
3.98375896e-07
8.104838299e-08
1.095403936e-07
1.332339955e-07
2.899415401e-07
5.20187299e-07
7.627197463e-08
1.066407992e-07
1.391881855e-07
2.01626702e-07
5.132901996e-07
7.24984247e-08
9.975362737e-08
1.226766974e-07
1.35559026e-07
3.997762255e-07
6.9102561e-08
9.235840184e-08
1.088324809e-07
1.083903376e-07
3.045365029e-07
6.667340762e-08
8.825117478e-08
1.069599353e-07
1.2333377e-07
2.368467276e-07
6.51710971e-08
8.596807511e-08
1.061531445e-07
1.268030468e-07
1.824951662e-07
6.401710585e-08
8.347173167e-08
1.019993418e-07
1.18088973e-07
1.406131879e-07
6.296773755e-08
8.081943066e-08
9.717484179e-08
1.095520312e-07
1.168987866e-07
6.212121879e-08
7.878954069e-08
9.452314335e-08
1.084212504e-07
1.209425173e-07
6.159267759e-08
7.744042855e-08
9.305375414e-08
1.083152061e-07
1.238296118e-07
6.131566613e-08
7.630470285e-08
9.122399796e-08
1.056879265e-07
1.190078323e-07
6.127282397e-08
7.520097742e-08
8.883253098e-08
1.013653817e-07
1.112619953e-07
6.155429435e-08
7.431509962e-08
8.656937319e-08
9.738340192e-08
1.05099169e-07
6.228754589e-08
7.394601226e-08
8.514333558e-08
9.513125508e-08
1.028077989e-07
6.350705596e-08
7.417452405e-08
8.45384838e-08
9.405045919e-08
1.02011932e-07
6.513614546e-08
7.486479408e-08
8.442667428e-08
9.334113655e-08
1.010015924e-07
6.700133848e-08
7.578532248e-08
8.446474281e-08
9.253248104e-08
9.933315381e-08
6.892354888e-08
7.673070751e-08
8.443094521e-08
9.147153662e-08
9.714266959e-08
7.077835868e-08
7.760594982e-08
8.430566767e-08
9.030270969e-08
9.487609895e-08
7.254022326e-08
7.843912926e-08
8.420392796e-08
8.927138113e-08
9.296099305e-08
7.42374915e-08
7.929136689e-08
8.421964548e-08
8.849151264e-08
9.149883954e-08
7.590858864e-08
8.019741025e-08
8.434625623e-08
8.786060403e-08
9.019749007e-08
7.756265943e-08
8.112515884e-08
8.450486168e-08
8.721963522e-08
8.879984037e-08
7.914648948e-08
8.198669763e-08
8.455941676e-08
8.63825608e-08
8.709722696e-08
8.057186964e-08
8.266182538e-08
8.434860422e-08
8.517495702e-08
8.497887887e-08
8.169731285e-08
8.296984548e-08
8.367047304e-08
8.34198799e-08
8.239610956e-08
8.228997761e-08
8.266232078e-08
8.228767086e-08
8.098393912e-08
7.944682237e-08
8.206556113e-08
8.142218799e-08
7.994648179e-08
7.783195267e-08
7.637661337e-08
8.051297159e-08
7.879455725e-08
7.640960826e-08
7.407227055e-08
7.349305602e-08
7.683259272e-08
7.42888707e-08
7.163924415e-08
6.997929627e-08
7.100554435e-08
7.053373798e-08
6.804887352e-08
6.620287414e-08
6.6086004e-08
6.907903544e-08
6.288410361e-08
6.161474649e-08
6.152032135e-08
6.352475114e-08
6.878367444e-08
5.632051899e-08
5.677516525e-08
5.864298472e-08
6.268723136e-08
7.009601835e-08
5.238469768e-08
5.442580716e-08
5.796980202e-08
6.38263727e-08
7.494598041e-08
5.116156812e-08
5.432620025e-08
5.924603466e-08
6.83760847e-08
8.460261205e-08
5.156233165e-08
5.60229367e-08
6.445417405e-08
7.861348338e-08
9.966561016e-08
5.457976804e-08
6.319433023e-08
7.641360978e-08
9.522847802e-08
1.203887255e-07
6.607803419e-08
7.864931132e-08
9.587155988e-08
1.184350917e-07
1.469080403e-07
8.687456568e-08
1.024543385e-07
1.22732283e-07
1.482186961e-07
1.793380866e-07
1.163312331e-07
1.341871775e-07
1.568338131e-07
1.846283593e-07
2.178440524e-07
1.540471531e-07
1.736966292e-07
1.982102585e-07
2.278015036e-07
2.625856442e-07
2.00081719e-07
2.211031569e-07
2.470188587e-07
2.77888804e-07
3.136659999e-07
2.545216003e-07
2.764986544e-07
3.033185646e-07
3.348911797e-07
3.709699005e-07
3.172448353e-07
3.396950563e-07
3.668115197e-07
3.98323366e-07
4.337537181e-07
3.875294569e-07
4.098292201e-07
4.364341832e-07
4.668635921e-07
5.00393126e-07
4.637865032e-07
4.85084291e-07
5.100917626e-07
5.381054031e-07
5.681858856e-07
5.430582604e-07
5.62222555e-07
5.842583859e-07
6.083234602e-07
6.333484953e-07
6.207710966e-07
6.366289438e-07
6.544415816e-07
6.732408463e-07
6.919982408e-07
6.914428538e-07
7.030477298e-07
7.156339832e-07
7.283584428e-07
7.40317136e-07
7.499006667e-07
7.569492455e-07
7.641702042e-07
7.708756073e-07
7.763613648e-07
7.931869376e-07
7.959994857e-07
7.983647099e-07
7.99776347e-07
7.997368708e-07
8.206598104e-07
8.199848325e-07
8.184276047e-07
8.15651997e-07
8.113398611e-07
8.33612319e-07
8.303606542e-07
8.259477658e-07
8.201752531e-07
8.128638219e-07
8.34461032e-07
8.294991615e-07
8.23217994e-07
8.155195622e-07
8.063230496e-07
8.259797783e-07
8.20022111e-07
8.126756413e-07
8.039096953e-07
7.937081754e-07
8.107874065e-07
8.043675386e-07
7.965511477e-07
7.873491812e-07
7.767848677e-07
7.91097344e-07
7.845843938e-07
7.767081655e-07
7.675030441e-07
7.570138605e-07
7.686420462e-07
7.622735927e-07
7.546004853e-07
7.456685261e-07
7.355325246e-07
7.447134483e-07
7.386311584e-07
7.313171509e-07
7.228211473e-07
7.132007232e-07
7.202189197e-07
7.144974931e-07
7.076238251e-07
6.996471931e-07
6.906237788e-07
6.957981137e-07
6.904693626e-07
6.840694677e-07
6.766448848e-07
6.682481639e-07
6.718380694e-07
6.669053557e-07
6.609808158e-07
6.541070262e-07
6.463319562e-07
6.486458008e-07
6.440983881e-07
6.386351507e-07
6.322943645e-07
6.251190701e-07
6.263434293e-07
6.221586131e-07
6.171291895e-07
6.112893012e-07
6.046773034e-07
6.053859512e-07
6.015399035e-07
5.969154612e-07
5.915426965e-07
5.854553873e-07
5.876911703e-07
5.841234221e-07
5.798315005e-07
5.748421826e-07
5.691855859e-07
2.970550663e-08
3.649280843e-09
5.532327976e-10
1.127004398e-10
2.946513377e-11
8.502024153e-12
2.618360413e-12
9.347878112e-13
4.092513719e-13
2.132414869e-13
1.231981411e-13
7.478186877e-14
4.631990884e-14
2.88469954e-14
1.792224359e-14
1.105548003e-14
6.751315897e-15
4.073267315e-15
2.424666341e-15
1.422587179e-15
8.220999423e-16
4.677244735e-16
2.619204587e-16
1.443726004e-16
7.838178273e-17
4.198117015e-17
2.224868262e-17
1.172617198e-17
6.194240537e-18
3.315328598e-18
1.822357987e-18
1.043230392e-18
6.286700742e-19
4.003496525e-19
2.683085741e-19
1.872971678e-19
1.343733067e-19
9.771703254e-20
7.112896829e-20
5.12951162e-20
3.637396591e-20
2.524350303e-20
1.71096861e-20
1.132680819e-20
7.336503086e-21
4.661551938e-21
2.913901497e-21
1.796303406e-21
1.093785014e-21
6.581977115e-22
3.912121689e-22
2.293301218e-22
1.32268444e-22
7.476315581e-23
4.110550553e-23
2.161809138e-23
1.041149213e-23
4.129774893e-24
9.614468506e-25
7.865414527e-26
6.554071033e-08
9.547704842e-09
1.563275287e-09
3.309058859e-10
9.536668254e-11
3.438694364e-11
1.479539338e-11
7.406769916e-12
4.039738495e-12
2.305848392e-12
1.336239268e-12
7.792285881e-13
4.547359332e-13
2.652215234e-13
1.544455177e-13
8.971984285e-14
5.194656561e-14
2.993873269e-14
1.715450205e-14
9.757471902e-15
5.501460752e-15
3.070918514e-15
1.695608058e-15
9.255312401e-16
4.994664005e-16
2.667866577e-16
1.414145149e-16
7.472627546e-17
3.964435814e-17
2.132738686e-17
1.178015787e-17
6.768782178e-18
4.087811642e-18
2.605595132e-18
1.74718129e-18
1.2208726e-18
8.774950833e-19
6.397270672e-19
4.669924382e-19
3.377465037e-19
2.40165548e-19
1.671257095e-19
1.135899636e-19
7.542536316e-20
4.902168262e-20
3.12715797e-20
1.963595858e-20
1.216548969e-20
7.447464337e-21
4.506316316e-21
2.693122429e-21
1.587217342e-21
9.202019229e-22
5.226491204e-22
2.885301318e-22
1.521653932e-22
7.342376692e-23
2.928725714e-23
7.294178323e-24
7.402936748e-25
8.717958639e-08
1.363424943e-08
2.300021042e-09
6.200064852e-10
2.454603152e-10
1.223432442e-10
6.739896794e-11
3.940341963e-11
2.338014715e-11
1.396265442e-11
8.255861787e-12
4.836955707e-12
2.795399547e-12
1.595972952e-12
9.001748375e-13
5.026156922e-13
2.784173923e-13
1.533456728e-13
8.414874096e-14
4.604627135e-14
2.512284624e-14
1.3654207e-14
7.385211613e-15
3.971395352e-15
2.122370638e-15
1.127871251e-15
5.971453266e-16
3.161025705e-16
1.682808378e-16
9.085108513e-17
5.027555562e-17
2.885755159e-17
1.735787024e-17
1.10024716e-17
7.341129913e-18
5.116196186e-18
3.677944522e-18
2.688093024e-18
1.97002045e-18
1.431403056e-18
1.022838552e-18
7.153427649e-19
4.887100113e-19
3.262830209e-19
2.133218527e-19
1.369752953e-19
8.663800304e-20
5.410636789e-20
3.340549579e-20
2.039181387e-20
1.229569514e-20
7.310293503e-21
4.273906563e-21
2.446199284e-21
1.35894782e-21
7.192805058e-22
3.472466611e-22
1.377740458e-22
3.453572502e-23
3.64462953e-24
1.535810543e-07
3.420373592e-08
5.483783758e-09
1.467917852e-09
6.968420982e-10
4.06737534e-10
2.497519432e-10
1.554175086e-10
9.656245533e-11
5.964123955e-11
3.637381369e-11
2.18863678e-11
1.294841626e-11
7.533812547e-12
4.303680306e-12
2.416229832e-12
1.333610404e-12
7.253958233e-13
3.897569671e-13
2.075545528e-13
1.098548812e-13
5.791974519e-14
3.045938466e-14
1.599026166e-14
8.384518187e-15
4.393911345e-15
2.304166283e-15
1.2119785e-15
6.420329285e-16
3.446811642e-16
1.891421427e-16
1.071808461e-16
6.337283062e-17
3.940718219e-17
2.583908685e-17
1.778321921e-17
1.270028447e-17
9.268848481e-18
6.807031881e-18
4.966983825e-18
3.569085126e-18
2.512301899e-18
1.728800828e-18
1.163425844e-18
7.67291852e-19
4.973769042e-19
3.178187204e-19
2.006274581e-19
1.252515906e-19
7.732817889e-20
4.716478293e-20
2.836548285e-20
1.677033694e-20
9.698658749e-21
5.433980171e-21
2.890439009e-21
1.396268493e-21
5.502075543e-22
1.367474806e-22
1.45244195e-23
2.464881829e-07
7.571148433e-08
1.507276264e-08
3.577851718e-09
1.727487546e-09
1.078234344e-09
7.051859856e-10
4.614126077e-10
3.00222171e-10
1.938169563e-10
1.237574353e-10
7.801753374e-11
4.84201814e-11
2.955360786e-11
1.769601221e-11
1.039132635e-11
5.974113158e-12
3.364624275e-12
1.855588257e-12
1.00408874e-12
5.338894403e-13
2.799082794e-13
1.451187736e-13
7.467453421e-14
3.826127743e-14
1.958154187e-14
1.003635506e-14
5.165042617e-15
2.677126948e-15
1.403466692e-15
7.48704357e-16
4.097981462e-16
2.324905006e-16
1.381878376e-16
8.675273585e-17
5.759101982e-17
4.009500908e-17
2.882059361e-17
2.101506354e-17
1.531025545e-17
1.102512946e-17
7.797914799e-18
5.402517289e-18
3.666781161e-18
2.442894214e-18
1.601974808e-18
1.036667415e-18
6.630912403e-19
4.194954756e-19
2.62392717e-19
1.620956131e-19
9.871314232e-20
5.907894406e-20
3.456240847e-20
1.955561262e-20
1.046961172e-20
5.067123206e-21
1.988988039e-21
4.906331513e-22
5.303771235e-23
3.315624773e-07
1.418271007e-07
4.099626201e-08
9.309516089e-09
3.845747216e-09
2.340823169e-09
1.568044689e-09
1.064806577e-09
7.233904804e-10
4.896509291e-10
3.291715982e-10
2.191743723e-10
1.441799587e-10
9.353091558e-11
5.969075645e-11
3.7416047e-11
2.29893988e-11
1.38284662e-11
8.127107362e-12
4.665540496e-12
2.614041826e-12
1.431290081e-12
7.662300647e-13
4.020325694e-13
2.072181981e-13
1.053619732e-13
5.306900132e-14
2.660990837e-14
1.334832324e-14
6.73424697e-15
3.436729948e-15
1.786544523e-15
9.545905532e-16
5.304114313e-16
3.103908795e-16
1.929375946e-16
1.27188932e-16
8.780505612e-17
6.233415602e-17
4.47079062e-17
3.19554344e-17
2.25627619e-17
1.566722413e-17
1.068916854e-17
7.177690359e-18
4.756617308e-18
3.117711299e-18
2.022982019e-18
1.299113523e-18
8.247593645e-19
5.168255531e-19
3.19012287e-19
1.933692482e-19
1.144715121e-19
6.545901014e-20
3.53493086e-20
1.720648418e-20
6.77910632e-21
1.675992725e-21
1.865516284e-22
4.337246885e-07
2.278919878e-07
9.044853727e-08
2.566350666e-08
8.100858498e-09
4.266751326e-09
2.79248309e-09
1.929495621e-09
1.352548272e-09
9.509838645e-10
6.673813396e-10
4.661330929e-10
3.233026805e-10
2.222464591e-10
1.511429711e-10
1.014831507e-10
6.711366542e-11
4.360998709e-11
2.776911329e-11
1.729488832e-11
1.051384394e-11
6.231338401e-12
3.594917526e-12
2.017775151e-12
1.101487956e-12
5.857490112e-13
3.039207528e-13
1.543388519e-13
7.701976661e-14
3.799313252e-14
1.866030783e-14
9.204141571e-15
4.606019057e-15
2.367558189e-15
1.268861367e-15
7.198094203e-16
4.353282251e-16
2.790586315e-16
1.869148097e-16
1.286038339e-16
8.948763612e-17
6.224973099e-17
4.294937908e-17
2.92727833e-17
1.970828724e-17
1.313804627e-17
8.689899441e-18
5.705797954e-18
3.715205934e-18
2.39416869e-18
1.523273172e-18
9.542786058e-19
5.865949966e-19
3.518010827e-19
2.036296866e-19
1.112735323e-19
5.481793239e-20
2.192762424e-20
5.535363433e-21
6.442851097e-22
5.128214513e-07
3.170984893e-07
1.606047586e-07
5.978901311e-08
1.840085595e-08
7.591279387e-09
4.442503003e-09
3.003695546e-09
2.122919477e-09
1.522941609e-09
1.097349298e-09
7.903780733e-10
5.675638663e-10
4.056415024e-10
2.881604684e-10
2.03206527e-10
1.420493998e-10
9.828374655e-11
6.716738084e-11
4.521898931e-11
2.989815459e-11
1.935038846e-11
1.221617847e-11
7.501906429e-12
4.472074068e-12
2.584800269e-12
1.447061757e-12
7.845103123e-13
4.121572139e-13
2.103902653e-13
1.04753995e-13
5.119404557e-14
2.478532165e-14
1.20411128e-14
5.963652619e-15
3.068864673e-15
1.669324353e-15
9.642428163e-16
5.875533656e-16
3.737016934e-16
2.45172535e-16
1.63946577e-16
1.105386161e-16
7.448897746e-17
4.994322893e-17
3.331045502e-17
2.212232689e-17
1.462851793e-17
9.618375905e-18
6.273406922e-18
4.046703058e-18
2.572904161e-18
1.605690133e-18
9.774880409e-19
5.741190067e-19
3.184708878e-19
1.595924687e-19
6.5292163e-20
1.702595226e-20
2.108594126e-21
4.98432044e-07
3.813518353e-07
2.242624529e-07
1.089070386e-07
3.895231171e-08
1.37830933e-08
6.859472573e-09
4.340290109e-09
3.027196767e-09
2.185843583e-09
1.59938144e-09
1.175805314e-09
8.649853531e-10
6.353383342e-10
4.652663439e-10
3.393231439e-10
2.46196957e-10
1.775103645e-10
1.270210661e-10
9.006228553e-11
6.314890392e-11
4.368456692e-11
2.97374593e-11
1.985178399e-11
1.294540512e-11
8.215017284e-12
5.052072669e-12
3.001424889e-12
1.719447598e-12
9.493758795e-13
5.05308496e-13
2.597045403e-13
1.294493341e-13
6.309074571e-14
3.042386353e-14
1.473861163e-14
7.314190211e-15
3.785562479e-15
2.054675588e-15
1.168534538e-15
6.955438445e-16
4.318420357e-16
2.771265283e-16
1.814952439e-16
1.198867307e-16
7.94683216e-17
5.275239181e-17
3.498384346e-17
2.312266562e-17
1.519588631e-17
9.902517994e-18
6.376538233e-18
4.0385547e-18
2.498492016e-18
1.492905642e-18
8.436656695e-19
4.321633183e-19
1.821489348e-19
4.971251001e-20
6.690859911e-21
4.229036292e-07
4.44889746e-07
2.85528954e-07
1.615524672e-07
7.319856005e-08
2.609585771e-08
1.089359995e-08
6.198250812e-09
4.157080169e-09
2.977447367e-09
2.189790009e-09
1.62941331e-09
1.218610203e-09
9.128841574e-10
6.836023233e-10
5.110124186e-10
3.809173335e-10
2.828632942e-10
2.090394588e-10
1.535649969e-10
1.119668562e-10
8.092103588e-11
5.78451385e-11
4.079785185e-11
2.830959626e-11
1.926595986e-11
1.281714987e-11
8.304067099e-12
5.217222107e-12
3.16525536e-12
1.847222691e-12
1.034503813e-12
5.560436077e-13
2.876943719e-13
1.441189064e-13
7.048539119e-14
3.40063017e-14
1.643075499e-14
8.080102911e-15
4.096739796e-15
2.160601761e-15
1.19794431e-15
7.033105394e-16
4.349818948e-16
2.785901273e-16
1.817922279e-16
1.198550036e-16
7.938974768e-17
5.25790618e-17
3.469051474e-17
2.274157159e-17
1.477282749e-17
9.469723674e-18
5.948401193e-18
3.619329657e-18
2.089717673e-18
1.099107922e-18
4.806810834e-19
1.392465762e-19
2.074256012e-20
3.418346804e-07
4.948048002e-07
3.511315471e-07
2.180264768e-07
1.174508064e-07
4.930328245e-08
1.881779082e-08
9.178331391e-09
5.715975501e-09
3.991426631e-09
2.919711848e-09
2.181283963e-09
1.646993747e-09
1.250233315e-09
9.512509144e-10
7.240629576e-10
5.506327764e-10
4.178547641e-10
3.162857918e-10
2.385365464e-10
1.790005113e-10
1.334517762e-10
9.8676471e-11
7.222184221e-11
5.220679536e-11
3.71811262e-11
2.602007148e-11
1.784279879e-11
1.195144553e-11
7.792907473e-12
4.929339803e-12
3.01308473e-12
1.772689947e-12
1.000895766e-12
5.421199392e-13
2.823635272e-13
1.41988186e-13
6.924678e-14
3.302315918e-14
1.562560527e-14
7.482057369e-15
3.696845687e-15
1.924474669e-15
1.073796243e-15
6.429574582e-16
4.057032624e-16
2.636522735e-16
1.735888471e-16
1.147485346e-16
7.577354724e-17
4.982527924e-17
3.253751718e-17
2.10301586e-17
1.337177186e-17
8.273491855e-18
4.883773352e-18
2.646242854e-18
1.208306191e-18
3.764012594e-19
6.300104485e-20
2.768302452e-07
4.921871442e-07
4.109403997e-07
2.72006674e-07
1.659523807e-07
8.674905579e-08
3.615623119e-08
1.516888067e-08
8.187696914e-09
5.365107449e-09
3.838664102e-09
2.851580049e-09
2.158108407e-09
1.649607027e-09
1.267290133e-09
9.767879252e-10
7.542163236e-10
5.823958282e-10
4.491763077e-10
3.456333337e-10
2.649798773e-10
2.021050619e-10
1.531269162e-10
1.150589554e-10
8.558304189e-11
6.288841048e-11
4.555196334e-11
3.244603554e-11
2.266859534e-11
1.549225875e-11
1.032746323e-11
6.695419408e-12
4.208222091e-12
2.55620949e-12
1.496523007e-12
8.428100912e-13
4.559866067e-13
2.367542514e-13
1.179891452e-13
5.659914826e-14
2.642185892e-14
1.225549358e-14
5.802244984e-15
2.889123571e-15
1.552271179e-15
9.06621192e-16
5.661122497e-16
3.676621645e-16
2.424197004e-16
1.600716238e-16
1.053141457e-16
6.893085744e-17
4.477672043e-17
2.871900355e-17
1.801238814e-17
1.085280477e-17
6.065236892e-18
2.906246639e-18
9.84803482e-19
1.873880453e-19
2.266264155e-07
4.482067142e-07
4.608783662e-07
3.251396741e-07
2.116612903e-07
1.273597961e-07
6.584585007e-08
2.841924914e-08
1.302689302e-08
7.445846292e-09
4.98906232e-09
3.603984415e-09
2.693609365e-09
2.056126065e-09
1.581154417e-09
1.231321657e-09
9.626623319e-10
7.538056254e-10
5.901155641e-10
4.612075309e-10
3.594016149e-10
2.78897713e-10
2.152371318e-10
1.649547383e-10
1.253392228e-10
9.425543999e-11
7.001215239e-11
5.125874325e-11
3.690724578e-11
2.607302669e-11
1.802920469e-11
1.217330788e-11
8.005354407e-12
5.114233329e-12
3.166294742e-12
1.895242086e-12
1.094216803e-12
6.077648782e-13
3.238187421e-13
1.652383365e-13
8.080029192e-14
3.811735671e-14
1.763277407e-14
8.2139673e-15
4.003775814e-15
2.110848006e-15
1.216491178e-15
7.555958286e-16
4.91239991e-16
3.249410354e-16
2.14881236e-16
1.410892423e-16
9.187578487e-17
5.921698064e-17
3.750760351e-17
2.299488704e-17
1.324222876e-17
6.687091915e-18
2.489499235e-18
5.42558067e-19
1.862576682e-07
3.890225505e-07
4.939235293e-07
3.79471245e-07
2.597536294e-07
1.68482712e-07
1.0129573e-07
5.303507452e-08
2.399759854e-08
1.14718883e-08
6.558944962e-09
4.332810041e-09
3.109712992e-09
2.336468437e-09
1.784968568e-09
1.393770936e-09
1.095971515e-09
8.653934582e-10
6.844753505e-10
5.412640996e-10
4.272926074e-10
3.363275062e-10
2.636409582e-10
2.0555968e-10
1.591906086e-10
1.222365855e-10
9.287623407e-11
6.967202593e-11
5.148449712e-11
3.739284294e-11
2.663125646e-11
1.855715903e-11
1.262701901e-11
8.374471063e-12
5.40359068e-12
3.38573524e-12
2.055574425e-12
1.206344134e-12
6.824324957e-13
3.71032448e-13
1.934198995e-13
9.660850724e-14
4.645510723e-14
2.180646886e-14
1.026585054e-14
5.035489571e-15
2.664384372e-15
1.540418923e-15
9.595506088e-16
6.255303506e-16
4.151462434e-16
2.752333679e-16
1.807000968e-16
1.171685004e-16
7.477089804e-17
4.648148128e-17
2.749342608e-17
1.463237854e-17
6.020333024e-18
1.511510365e-18
1.535979106e-07
3.311590521e-07
4.952263812e-07
4.320879319e-07
3.101683205e-07
2.120388331e-07
1.384668964e-07
8.451515131e-08
4.562784133e-08
2.115389144e-08
9.777850568e-09
5.248831859e-09
3.313336383e-09
2.344347897e-09
1.751756029e-09
1.349961009e-09
1.058734217e-09
8.388214869e-10
6.683022989e-10
5.33794485e-10
4.265192218e-10
3.403671899e-10
2.708904657e-10
2.147386555e-10
1.693188896e-10
1.325957497e-10
1.029515074e-10
7.908741854e-11
5.996124356e-11
4.475232338e-11
3.280785593e-11
2.356783838e-11
1.654709221e-11
1.133518639e-11
7.567189944e-12
4.916041251e-12
3.104125489e-12
1.902665765e-12
1.129763947e-12
6.481403623e-13
3.582734467e-13
1.904161456e-13
9.729136689e-14
4.801080506e-14
2.317972299e-14
1.123620266e-14
5.676203618e-15
3.088824411e-15
1.826988361e-15
1.154353136e-15
7.578741589e-16
5.045339183e-16
3.349238441e-16
2.198704625e-16
1.420640866e-16
8.966936004e-17
5.43399476e-17
3.032116979e-17
1.375039117e-17
4.000052724e-18
1.289545425e-07
2.802896012e-07
4.664944802e-07
4.762313606e-07
3.619579914e-07
2.574122882e-07
1.772492096e-07
1.174063556e-07
7.332260455e-08
4.071982481e-08
1.871136723e-08
7.77176406e-09
3.710512919e-09
2.19969807e-09
1.509316254e-09
1.118353974e-09
8.62289275e-10
6.798490176e-10
5.430102663e-10
4.369530763e-10
3.529723737e-10
2.855214862e-10
2.308303868e-10
1.862035722e-10
1.496377519e-10
1.196015407e-10
9.490446654e-11
7.461101851e-11
5.797776766e-11
4.441795128e-11
3.34696159e-11
2.474944191e-11
1.792200315e-11
1.268036356e-11
8.749320246e-12
5.88048417e-12
3.845904682e-12
2.44567682e-12
1.510641894e-12
9.052415347e-13
5.254822561e-13
2.948442354e-13
1.596678476e-13
8.355758908e-14
4.253119721e-14
2.137527015e-14
1.088800696e-14
5.807316176e-15
3.322694984e-15
2.04074483e-15
1.318615278e-15
8.74709928e-16
5.844033422e-16
3.884111441e-16
2.548073015e-16
1.637849087e-16
1.017875421e-16
5.923675612e-17
2.933076614e-17
9.889742304e-18
1.142953809e-07
2.388225461e-07
4.239586955e-07
5.023378024e-07
4.128789916e-07
3.040823314e-07
2.173698976e-07
1.513899258e-07
1.017194888e-07
6.438045353e-08
3.583054766e-08
1.557714308e-08
5.561254409e-09
2.345938953e-09
1.315026081e-09
8.799188281e-10
6.439192802e-10
4.94363015e-10
3.900652535e-10
3.127871374e-10
2.53244545e-10
2.061714817e-10
1.682979427e-10
1.374472692e-10
1.120927788e-10
9.111833261e-11
7.368556502e-11
5.915522258e-11
4.703720481e-11
3.695480958e-11
2.86123277e-11
2.177318129e-11
1.624378883e-11
1.185398994e-11
8.445222378e-12
5.868566784e-12
3.975654206e-12
2.622286301e-12
1.681746077e-12
1.047718857e-12
6.33503707e-13
3.716648841e-13
2.115671851e-13
1.168539443e-13
6.284011956e-14
3.323328314e-14
1.760962412e-14
9.597041261e-15
5.51436344e-15
3.371798183e-15
2.16939012e-15
1.43820899e-15
9.648048413e-16
6.470548787e-16
4.303106581e-16
2.817062833e-16
1.795417639e-16
1.086696071e-16
5.809948945e-17
2.260670747e-17
1.112850028e-07
2.068547285e-07
3.7891468e-07
5.050078725e-07
4.573653716e-07
3.507785105e-07
2.583136859e-07
1.862246081e-07
1.307860294e-07
8.815595785e-08
5.521399358e-08
2.929744671e-08
1.118245856e-08
3.497784179e-09
1.404122714e-09
7.704455018e-10
5.070746224e-10
3.660520626e-10
2.777369243e-10
2.168672157e-10
1.724662897e-10
1.388030983e-10
1.125685205e-10
9.171922462e-11
7.49085437e-11
6.118832858e-11
4.988149201e-11
4.04962396e-11
3.266815002e-11
2.612440127e-11
2.06583054e-11
1.611118573e-11
1.235917583e-11
9.30197203e-12
6.853038299e-12
4.93341644e-12
3.466162348e-12
2.373763182e-12
1.58315102e-12
1.027121669e-12
6.473537133e-13
3.960627696e-13
2.353561618e-13
1.362282445e-13
7.708819798e-14
4.29530022e-14
2.391221263e-14
1.358730745e-14
8.05276988e-15
5.031500758e-15
3.290689897e-15
2.211224338e-15
1.500116401e-15
1.016702826e-15
6.84522492e-16
4.555710196e-16
2.97218688e-16
1.864167867e-16
1.063252116e-16
4.711130867e-17
1.1097519e-07
1.812434009e-07
3.36005228e-07
4.871989809e-07
4.911998675e-07
3.961714178e-07
2.99646013e-07
2.217491628e-07
1.605531262e-07
1.125481083e-07
7.474242736e-08
4.481167077e-08
2.119049804e-08
6.684309658e-09
2.000470825e-09
8.415240165e-10
4.714592538e-10
3.083017828e-10
2.184526934e-10
1.619465465e-10
1.234792971e-10
9.59559912e-11
7.558372727e-11
6.01252283e-11
4.816059604e-11
3.873556479e-11
3.123349495e-11
2.518899126e-11
2.027548608e-11
1.625626889e-11
1.295836533e-11
1.024574031e-11
8.014643298e-12
6.186040496e-12
4.698481883e-12
3.502730797e-12
2.557133348e-12
1.824151002e-12
1.269186576e-12
8.598252941e-13
5.663910844e-13
3.625959003e-13
2.256489147e-13
1.367548769e-13
8.117006955e-14
4.760746188e-14
2.794497977e-14
1.671130937e-14
1.036565471e-14
6.728410282e-15
4.542488406e-15
3.135620386e-15
2.174856923e-15
1.500021646e-15
1.025111243e-15
6.931983058e-16
4.619010983e-16
2.989026711e-16
1.797610179e-16
8.878032752e-17
1.092793953e-07
1.600173226e-07
2.967440838e-07
4.559457235e-07
5.107623286e-07
4.386848052e-07
3.414324545e-07
2.581968592e-07
1.913654754e-07
1.380357887e-07
9.540566385e-08
6.119627169e-08
3.370795186e-08
1.332547213e-08
3.646752399e-09
1.166112746e-09
5.37140593e-10
3.120450258e-10
2.035872698e-10
1.41136389e-10
1.014415852e-10
7.467875974e-11
5.593649173e-11
4.245884114e-11
3.257006708e-11
2.519115678e-11
1.960577227e-11
1.533021794e-11
1.202915409e-11
9.460730381e-12
7.446186469e-12
5.862799015e-12
4.60746101e-12
3.604398909e-12
2.798145013e-12
2.147966649e-12
1.623922707e-12
1.204859201e-12
8.74673665e-13
6.197597256e-13
4.277869605e-13
2.874031508e-13
1.880111628e-13
1.199811269e-13
7.505592113e-14
4.647709959e-14
2.888735567e-14
1.830259473e-14
1.198538233e-14
8.158264782e-15
5.733737411e-15
4.096071704e-15
2.925941525e-15
2.068092986e-15
1.44172671e-15
9.922520506e-16
6.742698937e-16
4.48234873e-16
2.814671688e-16
1.515401994e-16
1.061033385e-07
1.421847192e-07
2.617203492e-07
4.183680119e-07
5.13751784e-07
4.7539327e-07
3.83040296e-07
2.954711688e-07
2.232704452e-07
1.647399036e-07
1.173874787e-07
7.911685743e-08
4.825368686e-08
2.352862766e-08
7.545254223e-09
2.041319046e-09
7.446050714e-10
3.729039584e-10
2.228148278e-10
1.449501856e-10
9.855955392e-11
6.877658073e-11
4.882275172e-11
3.509066608e-11
2.546587502e-11
1.862665221e-11
1.370653864e-11
1.013869537e-11
7.543464444e-12
5.650617748e-12
4.26715531e-12
3.253800267e-12
2.506994151e-12
1.949141378e-12
1.522497848e-12
1.189371878e-12
9.23216884e-13
7.078618949e-13
5.337473595e-13
3.944716088e-13
2.849705786e-13
2.009751338e-13
1.38430913e-13
9.33466843e-14
6.193615061e-14
4.080518898e-14
2.704350544e-14
1.827688057e-14
1.271610236e-14
9.12347899e-15
6.699189464e-15
4.9651128e-15
3.662024379e-15
2.661953673e-15
1.900560536e-15
1.334696535e-15
9.244158167e-16
6.287958706e-16
4.090078546e-16
2.353863735e-16
1.021839942e-07
1.276057346e-07
2.312735526e-07
3.797565758e-07
5.014951318e-07
5.031107246e-07
4.230401976e-07
3.333363563e-07
2.561680952e-07
1.926138484e-07
1.40611493e-07
9.820598138e-08
6.381230299e-08
3.616970927e-08
1.519357713e-08
4.22728898e-09
1.234540316e-09
5.127766704e-10
2.750700319e-10
1.679713291e-10
1.091351317e-10
7.320560394e-11
4.997516243e-11
3.445962968e-11
2.389852303e-11
1.662851836e-11
1.159008471e-11
8.083221883e-12
5.639403816e-12
3.94468859e-12
2.777907192e-12
1.980237711e-12
1.438412334e-12
1.069804892e-12
8.147547049e-13
6.321228928e-13
4.952458062e-13
3.881215773e-13
3.015894818e-13
2.312730624e-13
1.742391826e-13
1.287470412e-13
9.338301175e-14
6.666232194e-14
4.708187569e-14
3.317610979e-14
2.357114463e-14
1.705610769e-14
1.263553904e-14
9.564674706e-15
7.33732421e-15
5.63828104e-15
4.291187315e-15
3.208878893e-15
2.349756192e-15
1.686500119e-15
1.190285975e-15
8.255799585e-16
5.52419467e-16
3.341155571e-16
9.846120505e-08
1.165701124e-07
2.058262257e-07
3.434840962e-07
4.783647438e-07
5.191071928e-07
4.593373789e-07
3.712838952e-07
2.900057118e-07
2.217853557e-07
1.653555195e-07
1.189709633e-07
8.112360197e-08
5.052156202e-08
2.603020473e-08
9.168210924e-09
2.448773087e-09
8.168361863e-10
3.782905022e-10
2.134245698e-10
1.323722788e-10
8.593042233e-11
5.708333366e-11
3.836506332e-11
2.591478922e-11
1.751491497e-11
1.180518119e-11
7.915140456e-12
5.270147472e-12
3.48538862e-12
2.297079161e-12
1.51689822e-12
1.012204779e-12
6.907758627e-13
4.875415273e-13
3.576289153e-13
2.716091872e-13
2.113637856e-13
1.664180249e-13
1.311236358e-13
1.0257384e-13
7.931622916e-14
6.059938661e-14
4.588259028e-14
3.456151254e-14
2.607535873e-14
1.985575092e-14
1.534151325e-14
1.204310296e-14
9.568089425e-15
7.633418901e-15
6.058545119e-15
4.743384028e-15
3.640936685e-15
2.731666893e-15
2.003438499e-15
1.439907399e-15
1.015265301e-15
6.941340216e-16
4.345332807e-16
9.559165374e-08
1.091287257e-07
1.853092607e-07
3.115604944e-07
4.50284009e-07
5.233389063e-07
4.899111717e-07
4.079148074e-07
3.24400567e-07
2.518782498e-07
1.912215941e-07
1.40947953e-07
9.962301713e-08
6.602459752e-08
3.911803897e-08
1.812974842e-08
5.564943112e-09
1.549278101e-09
5.831646693e-10
2.916355966e-10
1.701519969e-10
1.067159554e-10
6.931859434e-11
4.580759636e-11
3.049715201e-11
2.033189518e-11
1.351466618e-11
8.924972871e-12
5.836036829e-12
3.764821645e-12
2.394417858e-12
1.506780917e-12
9.433416453e-13
5.929408984e-13
3.795612345e-13
2.516360314e-13
1.750027636e-13
1.280491662e-13
9.781715853e-14
7.694755552e-14
6.148006068e-14
4.939492278e-14
3.969338936e-14
3.186362118e-14
2.558717209e-14
2.060767416e-14
1.671556939e-14
1.367059693e-14
1.125638016e-14
9.294882248e-15
7.651007987e-15
6.233299705e-15
4.994362129e-15
3.917531031e-15
3.000421648e-15
2.242394779e-15
1.637272202e-15
1.169192335e-15
8.105182047e-16
5.174414261e-16
9.359709363e-08
1.049228973e-07
1.698568046e-07
2.849107618e-07
4.215426602e-07
5.173935797e-07
5.129374738e-07
4.420416935e-07
3.585552914e-07
2.82726851e-07
2.181538987e-07
1.641640117e-07
1.194257491e-07
8.273720499e-08
5.305590523e-08
2.950515027e-08
1.21349497e-08
3.402367298e-09
1.024131475e-09
4.302005183e-10
2.291064681e-10
1.374151107e-10
8.71356132e-11
5.67484924e-11
3.741858963e-11
2.477500081e-11
1.638108647e-11
1.077012804e-11
7.015363317e-12
4.51124167e-12
2.853358527e-12
1.772370251e-12
1.083123299e-12
6.541730388e-13
3.938527174e-13
2.397041868e-13
1.503032385e-13
9.902379485e-14
6.942513072e-14
5.180317095e-14
4.067988967e-14
3.309436212e-14
2.750844712e-14
2.3146388e-14
1.961569747e-14
1.670361712e-14
1.427314295e-14
1.221530778e-14
1.043992864e-14
8.874812518e-15
7.475170629e-15
6.208154171e-15
5.060718744e-15
4.034697054e-15
3.138642836e-15
2.378838243e-15
1.756253945e-15
1.262985096e-15
8.791107389e-16
5.624730111e-16
9.181159004e-08
1.020602629e-07
1.583637712e-07
2.635133153e-07
3.953211182e-07
5.051172689e-07
5.282173423e-07
4.726672739e-07
3.917317835e-07
3.139124549e-07
2.458573429e-07
1.884244041e-07
1.404555362e-07
1.007924267e-07
6.839367651e-08
4.229461495e-08
2.160416346e-08
7.585837294e-09
2.058363514e-09
7.00082305e-10
3.26223702e-10
1.832134856e-10
1.124142482e-10
7.191305579e-11
4.693036095e-11
3.089007981e-11
2.036491315e-11
1.33807288e-11
8.726166082e-12
5.627241697e-12
3.574794844e-12
2.229630204e-12
1.363794345e-12
8.188008259e-13
4.840751625e-13
2.839446564e-13
1.674325597e-13
1.011982728e-13
6.419262374e-14
4.363691033e-14
3.20685722e-14
2.529021811e-14
2.102382608e-14
1.807370689e-14
1.582972925e-14
1.398503895e-14
1.238360973e-14
1.094036515e-14
9.60473548e-15
8.347215394e-15
7.154618519e-15
6.026997738e-15
4.974671978e-15
4.012053766e-15
3.15351099e-15
2.41080145e-15
1.789432952e-15
1.28685957e-15
8.887056016e-16
5.593289323e-16
8.989330106e-08
9.979458955e-08
1.501492446e-07
2.468894162e-07
3.725372054e-07
4.894370626e-07
5.360701931e-07
4.9881475e-07
4.233493795e-07
3.447642389e-07
2.742111373e-07
2.135436638e-07
1.624633223e-07
1.198637823e-07
8.47096296e-08
5.60737912e-08
3.31533552e-08
1.534032573e-08
4.736954553e-09
1.339365062e-09
5.106925373e-10
2.562431323e-10
1.489253902e-10
9.267929143e-11
5.959631977e-11
3.892117918e-11
2.556957782e-11
1.679325705e-11
1.09743324e-11
7.107215788e-12
4.544367859e-12
2.857941583e-12
1.762843591e-12
1.065774304e-12
6.319558747e-13
3.685785263e-13
2.129606339e-13
1.234616099e-13
7.326117682e-14
4.567818484e-14
3.071076311e-14
2.257015311e-14
1.801640083e-14
1.529300408e-14
1.347641711e-14
1.209492015e-14
1.091423249e-14
9.822258062e-15
8.768440993e-15
7.732011587e-15
6.710222898e-15
5.712788585e-15
4.757440999e-15
3.865766316e-15
3.057149175e-15
2.346042799e-15
1.741436853e-15
1.244602402e-15
8.433605754e-16
5.224597415e-16
8.768058016e-08
9.775730619e-08
1.443004599e-07
2.341834629e-07
3.535270064e-07
4.73031481e-07
5.380650104e-07
5.201052084e-07
4.528110329e-07
3.74931895e-07
3.025888343e-07
2.39198818e-07
1.852244775e-07
1.398170918e-07
1.019746607e-07
7.07757488e-08
4.542649148e-08
2.529886708e-08
1.048299239e-08
2.989309051e-09
9.111265352e-10
3.839263872e-10
2.037865139e-10
1.21436789e-10
7.640120417e-11
4.933220865e-11
3.223215527e-11
2.113400515e-11
1.382782515e-11
8.988036468e-12
5.78112316e-12
3.665669543e-12
2.283187976e-12
1.394080427e-12
8.341620905e-13
4.894835723e-13
2.825701476e-13
1.616839381e-13
9.293136368e-14
5.480582223e-14
3.412227972e-14
2.30695886e-14
1.71703037e-14
1.393732762e-14
1.203065425e-14
1.07500987e-14
9.741651898e-15
8.834900449e-15
7.954170866e-15
7.071470586e-15
6.183532081e-15
5.300369357e-15
4.439648813e-15
3.622420385e-15
2.869967073e-15
2.199945928e-15
1.624524415e-15
1.145296375e-15
7.503287354e-16
4.623743056e-16
8.524656353e-08
9.598400631e-08
1.403623728e-07
2.246974568e-07
3.379272199e-07
4.571056882e-07
5.355691911e-07
5.363864469e-07
4.795696955e-07
4.04063286e-07
3.306799289e-07
2.652451179e-07
2.086153337e-07
1.605664887e-07
1.201642801e-07
8.651492884e-08
5.881549906e-08
3.636541448e-08
1.863276086e-08
6.642721025e-09
1.820991674e-09
6.217598281e-10
2.896971641e-10
1.621400765e-10
9.893987978e-11
6.288376464e-11
4.074939656e-11
2.662119346e-11
1.74107152e-11
1.134171437e-11
7.327888059e-12
4.678101999e-12
2.939606278e-12
1.812738774e-12
1.095543895e-12
6.487651624e-13
3.768697875e-13
2.155611318e-13
1.224161584e-13
7.005388002e-14
4.135507734e-14
2.59692839e-14
1.784224875e-14
1.354359889e-14
1.118860583e-14
9.772931008e-15
8.779359734e-15
7.952923656e-15
7.175872954e-15
6.401021615e-15
5.61638178e-15
4.828046267e-15
4.051953269e-15
3.307691501e-15
2.61517701e-15
1.992926711e-15
1.451965981e-15
9.942577207e-16
6.233409146e-16
3.929325368e-16
8.272301317e-08
9.44503007e-08
1.378497109e-07
2.177881065e-07
3.254859378e-07
4.427378527e-07
5.302816149e-07
5.479823918e-07
5.031185115e-07
4.316888976e-07
3.581878863e-07
2.912148963e-07
2.3238608e-07
1.818878449e-07
1.390448266e-07
1.030135396e-07
7.300593614e-08
4.834905347e-08
2.850133654e-08
1.31080286e-08
4.035879759e-09
1.151000224e-09
4.444482404e-10
2.243435598e-10
1.30378313e-10
8.08688507e-11
5.173563756e-11
3.357552234e-11
2.19016447e-11
1.427263442e-11
9.248231338e-12
5.934408702e-12
3.756489859e-12
2.337343949e-12
1.426340234e-12
8.527888815e-13
4.994956832e-13
2.870680483e-13
1.626439337e-13
9.172995117e-14
5.238378648e-14
3.109609395e-14
1.982222561e-14
1.392377916e-14
1.080852482e-14
9.072720431e-15
7.980746234e-15
7.162156592e-15
6.440745865e-15
5.740703596e-15
5.036104879e-15
4.326353548e-15
3.623780022e-15
2.946025938e-15
2.312592344e-15
1.737860889e-15
1.232445618e-15
8.0760353e-16
4.910190719e-16
3.272920859e-16
8.041025197e-08
9.347341911e-08
1.368088186e-07
2.133452888e-07
3.160969324e-07
4.304385413e-07
5.236411495e-07
5.556552654e-07
5.232710079e-07
4.573776834e-07
3.847198215e-07
3.167158029e-07
2.561995584e-07
2.034843513e-07
1.583610564e-07
1.200560529e-07
8.782102616e-08
6.098182754e-08
3.900085941e-08
2.151388937e-08
8.775836187e-09
2.493336897e-09
7.739552535e-10
3.313974239e-10
1.769621472e-10
1.053987773e-10
6.607402669e-11
4.243891632e-11
2.754847334e-11
1.792845874e-11
1.163301938e-11
7.492267702e-12
4.770619073e-12
2.991699151e-12
1.842146071e-12
1.111599523e-12
6.566338948e-13
3.798654614e-13
2.157597637e-13
1.210234472e-13
6.780342113e-14
3.870172613e-14
2.318319277e-14
1.507146419e-14
1.086012479e-14
8.621168685e-15
7.329230843e-15
6.459647505e-15
5.757074793e-15
5.106146211e-15
4.462295774e-15
3.816493523e-15
3.176714884e-15
2.558669406e-15
1.976557357e-15
1.444357755e-15
9.814114312e-16
6.158295088e-16
3.759572433e-16
2.704008776e-16
7.867060278e-08
9.353188389e-08
1.373415526e-07
2.112989592e-07
3.098235282e-07
4.209291442e-07
5.17071165e-07
5.602908821e-07
5.399563725e-07
4.807201186e-07
4.099262713e-07
3.41494809e-07
2.796945505e-07
2.25173576e-07
1.77973525e-07
1.375544197e-07
1.032310741e-07
7.436071943e-08
5.03897139e-08
3.087505635e-08
1.554227393e-08
5.426090829e-09
1.496067564e-09
5.23330659e-10
2.477400627e-10
1.393610735e-10
8.495904116e-11
5.379739867e-11
3.467535898e-11
2.250375617e-11
1.460420452e-11
9.429576776e-12
6.031934927e-12
3.807389044e-12
2.362596257e-12
1.437643933e-12
8.565797816e-13
4.993791201e-13
2.851009761e-13
1.599001059e-13
8.87275686e-14
4.938247353e-14
2.822036733e-14
1.711811896e-14
1.139345087e-14
8.433787454e-15
6.830414141e-15
5.851624751e-15
5.134653484e-15
4.511246946e-15
3.912171246e-15
3.317047978e-15
2.72895115e-15
2.157608464e-15
1.61705324e-15
1.131132395e-15
7.338422561e-16
4.508486465e-16
2.862010136e-16
2.229152618e-16
7.777907107e-08
9.510350283e-08
1.398229529e-07
2.11951106e-07
3.069380006e-07
4.146946518e-07
5.11789246e-07
5.632993248e-07
5.536826246e-07
5.015282957e-07
4.33416179e-07
3.651457492e-07
3.024524716e-07
2.465734854e-07
1.975563579e-07
1.552266523e-07
1.189686342e-07
8.818500611e-08
6.233268671e-08
4.096876309e-08
2.376856936e-08
1.061360616e-08
3.193393143e-09
9.306485832e-10
3.704323879e-10
1.899152027e-10
1.10853158e-10
6.869808342e-11
4.379318736e-11
2.82718594e-11
1.831874662e-11
1.184104292e-11
7.599289595e-12
4.821998711e-12
3.013190446e-12
1.848444209e-12
1.110847872e-12
6.530238541e-13
3.753621157e-13
2.112382341e-13
1.168501333e-13
6.409275342e-14
3.544553119e-14
2.032233707e-14
1.253075971e-14
8.565761006e-15
6.508733187e-15
5.35061803e-15
4.584352018e-15
3.969198583e-15
3.401416675e-15
2.845403108e-15
2.294320119e-15
1.757173901e-15
1.258912114e-15
8.394580723e-16
5.273985461e-16
3.259312439e-16
2.200138379e-16
1.838919358e-16
7.763632576e-08
9.836015794e-08
1.445390467e-07
2.155625771e-07
3.077030936e-07
4.12257378e-07
5.088001371e-07
5.656235294e-07
5.648718459e-07
5.197331364e-07
4.549463901e-07
3.874203286e-07
3.242474263e-07
2.673438971e-07
2.168795024e-07
1.728659022e-07
1.348524354e-07
1.022983837e-07
7.468593615e-08
5.155437744e-08
3.255767566e-08
1.750785706e-08
6.855213957e-09
1.92630122e-09
6.207330278e-10
2.746630969e-10
1.488872772e-10
8.902248857e-11
5.573475556e-11
3.565469197e-11
2.301124963e-11
1.486652476e-11
9.560802905e-12
6.092665021e-12
3.831051698e-12
2.368046381e-12
1.434997642e-12
8.508361546e-13
4.929266352e-13
2.790044325e-13
1.545600947e-13
8.421795837e-14
4.562688323e-14
2.509059977e-14
1.447858308e-14
9.113758134e-15
6.405551033e-15
4.974680212e-15
4.116184309e-15
3.488868207e-15
2.940748149e-15
2.411136086e-15
1.886831236e-15
1.383035011e-15
9.425419747e-16
6.045025831e-16
3.74374165e-16
2.377113131e-16
1.720640787e-16
1.519839214e-16
7.788729775e-08
1.033492281e-07
1.51756183e-07
2.224497542e-07
3.124171955e-07
4.139418266e-07
5.088370003e-07
5.684778821e-07
5.743526509e-07
5.354741659e-07
4.743046826e-07
4.080278833e-07
3.447946527e-07
2.871994162e-07
2.356915564e-07
1.902568577e-07
1.507123466e-07
1.165759811e-07
8.737176542e-08
6.265774186e-08
4.206144447e-08
2.530625818e-08
1.225154835e-08
4.063068542e-09
1.139050051e-09
4.190563255e-10
2.047423916e-10
1.166605618e-10
7.135222221e-11
4.511805286e-11
2.896180358e-11
1.868180293e-11
1.202897926e-11
7.691931714e-12
4.863146308e-12
3.027469659e-12
1.849555642e-12
1.106164601e-12
6.463682275e-13
3.685963943e-13
2.051634673e-13
1.117154873e-13
5.987909299e-14
3.203476871e-14
1.755109677e-14
1.02281556e-14
6.588527355e-15
4.751562697e-15
3.740792103e-15
3.075277697e-15
2.531996892e-15
2.021543791e-15
1.522312715e-15
1.062618047e-15
6.932709532e-16
4.326206041e-16
2.678427784e-16
1.770673952e-16
1.369718362e-16
1.258750026e-16
8.062504836e-08
1.110556389e-07
1.620163014e-07
2.329250504e-07
3.212462011e-07
4.198867168e-07
5.122607629e-07
5.724611758e-07
5.827148948e-07
5.490905819e-07
4.914887161e-07
4.268206699e-07
3.6390875e-07
3.05956939e-07
2.537137974e-07
2.07166699e-07
1.663424731e-07
1.308244489e-07
1.001879385e-07
7.401830262e-08
5.193749181e-08
3.364981169e-08
1.897661156e-08
8.055454818e-09
2.352800584e-09
7.167382589e-10
2.996335768e-10
1.574905447e-10
9.276116033e-11
5.759123356e-11
3.664082428e-11
2.354947113e-11
1.516039226e-11
9.717562701e-12
6.17193698e-12
3.867257008e-12
2.381167693e-12
1.436458249e-12
8.470259761e-13
4.872600169e-13
2.731800401e-13
1.493161694e-13
7.980170441e-14
4.205033881e-14
2.222511114e-14
1.214982711e-14
7.171271154e-15
4.730737496e-15
3.47831208e-15
2.733745268e-15
2.178356711e-15
1.681187374e-15
1.212629064e-15
8.095379372e-16
5.104992921e-16
3.128944177e-16
1.955273491e-16
1.351918466e-16
1.106168294e-16
1.044081442e-16
8.696818148e-08
1.221951538e-07
1.757499921e-07
2.471880077e-07
3.342031156e-07
4.300036893e-07
5.191090188e-07
5.780686188e-07
5.905481507e-07
5.60900338e-07
5.066120656e-07
4.437747209e-07
3.815158796e-07
3.235158702e-07
2.708102416e-07
2.234993785e-07
1.816228594e-07
1.4492475e-07
1.130274429e-07
8.554901293e-08
6.212407682e-08
4.243226769e-08
2.62563754e-08
1.355259343e-08
4.996899401e-09
1.403366958e-09
4.806010437e-10
2.227406264e-10
1.234573295e-10
7.445014414e-11
4.670009285e-11
2.982008619e-11
1.915982162e-11
1.22955279e-11
7.837284454e-12
4.938836452e-12
3.063853444e-12
1.864364988e-12
1.10973212e-12
6.446154219e-13
3.647312377e-13
2.008168618e-13
1.076764426e-13
5.645479559e-14
2.923065031e-14
1.526593377e-14
8.347914662e-15
5.003786396e-15
3.365736133e-15
2.477963256e-15
1.886678966e-15
1.398126899e-15
9.667606821e-16
6.221903764e-16
3.820985095e-16
2.313910153e-16
1.465870928e-16
1.056666407e-16
9.022245572e-17
8.663533732e-17
9.731470417e-08
1.370627164e-07
1.93151115e-07
2.652662519e-07
3.511299434e-07
4.43987586e-07
5.291022465e-07
5.854246274e-07
5.982757084e-07
5.713064971e-07
5.198527321e-07
4.588982225e-07
3.975584285e-07
3.397958987e-07
2.868972832e-07
2.390958523e-07
1.964182051e-07
1.58755617e-07
1.257802349e-07
9.71500378e-08
7.25274981e-08
5.160326679e-08
3.413577885e-08
1.998299263e-08
9.137291128e-09
2.852407279e-09
8.354605811e-10
3.298774639e-10
1.678622189e-10
9.734160577e-11
5.99288215e-11
3.79290948e-11
2.428559627e-11
1.558576012e-11
9.961560278e-12
6.308793682e-12
3.941322395e-12
2.41907347e-12
1.453973632e-12
8.535149075e-13
4.881565051e-13
2.715100295e-13
1.467672994e-13
7.719941085e-14
3.969593171e-14
2.020609867e-14
1.045809137e-14
5.743405959e-15
3.482032659e-15
2.341763657e-15
1.672613664e-15
1.183428387e-15
7.873080965e-16
4.909023395e-16
2.943654606e-16
1.763478822e-16
1.130403706e-16
8.421028509e-17
7.40214765e-17
7.182543551e-17
1.121364581e-07
1.559292045e-07
2.143765757e-07
2.871678458e-07
3.718689123e-07
4.615522027e-07
5.420201008e-07
5.943461877e-07
6.060141068e-07
5.805168259e-07
5.314308136e-07
4.723369025e-07
4.12069793e-07
3.547869977e-07
3.019383015e-07
2.538785605e-07
2.106364231e-07
1.722176759e-07
1.383432021e-07
1.087130301e-07
8.302064403e-08
6.09714926e-08
4.230763569e-08
2.685470776e-08
1.455545172e-08
5.80495359e-09
1.671651689e-09
5.447594065e-10
2.416788539e-10
1.308931285e-10
7.80539131e-11
4.866008307e-11
3.094788211e-11
1.982458627e-11
1.268943907e-11
8.069231729e-12
5.073393341e-12
3.140303733e-12
1.906373994e-12
1.131618467e-12
6.550779339e-13
3.689387964e-13
2.018594282e-13
1.072497046e-13
5.542141858e-14
2.80426931e-14
1.412549265e-14
7.282807807e-15
3.992909712e-15
2.399802168e-15
1.564758843e-15
1.042191471e-15
6.660269994e-16
4.023976348e-16
2.35220205e-16
1.387169306e-16
8.932872648e-17
6.798733179e-17
6.086007853e-17
5.941390288e-17
1.316960881e-07
1.79010751e-07
2.395519259e-07
3.128531941e-07
3.961491073e-07
4.821508253e-07
5.573198634e-07
6.045815616e-07
6.138275514e-07
5.88752437e-07
5.414497445e-07
4.84168568e-07
4.251384463e-07
3.685228387e-07
3.159332181e-07
2.678193216e-07
2.242263232e-07
1.85244999e-07
1.50644202e-07
1.20166192e-07
9.353887085e-08
7.049140368e-08
5.077304132e-08
3.418114412e-08
2.060467697e-08
1.008726365e-08
3.478270554e-09
1.005099242e-09
3.733751574e-10
1.825730455e-10
1.037723018e-10
6.322267119e-11
3.976807032e-11
2.536097823e-11
1.623095173e-11
1.035263396e-11
6.545896195e-12
4.08431043e-12
2.504545956e-12
1.50419021e-12
8.822846077e-13
5.041803671e-13
2.801816721e-13
1.512660868e-13
7.938687466e-14
4.066400667e-14
2.046355222e-14
1.024767366e-14
5.231854451e-15
2.812035287e-15
1.621533122e-15
9.792802433e-16
5.87941785e-16
3.40927752e-16
1.931188125e-16
1.115751708e-16
7.168187016e-17
5.519465559e-17
4.995804011e-17
4.894841185e-17
1.561908253e-07
2.065172315e-07
2.688238071e-07
3.423491053e-07
4.238547479e-07
5.056176784e-07
5.745725573e-07
6.158249698e-07
6.21674224e-07
5.961961939e-07
5.501653142e-07
4.945170542e-07
4.367876054e-07
3.810101898e-07
3.288666912e-07
2.808824074e-07
2.371498202e-07
1.977833654e-07
1.62619637e-07
1.314398319e-07
1.040068935e-07
8.00771389e-08
5.941547508e-08
4.181638413e-08
2.714191199e-08
1.534743896e-08
6.600795912e-09
1.995553716e-09
6.287286426e-10
2.674661257e-10
1.414871317e-10
8.339116266e-11
5.164005563e-11
3.270655391e-11
2.089750368e-11
1.33556642e-11
8.486409531e-12
5.335201616e-12
3.304454132e-12
2.00896046e-12
1.195303222e-12
6.944182609e-13
3.932820745e-13
2.170186419e-13
1.168244903e-13
6.138619996e-14
3.150638852e-14
1.585167026e-14
7.881660399e-15
3.930653218e-15
2.006760708e-15
1.056175134e-15
5.640909513e-16
3.013643485e-16
1.618699428e-16
9.089676164e-17
5.789586163e-17
4.481540039e-17
4.083387944e-17
4.009520113e-17
1.858124463e-07
2.38634297e-07
3.022784155e-07
3.755560788e-07
4.546207719e-07
5.312928005e-07
5.931268789e-07
6.275807685e-07
6.293350084e-07
6.028158736e-07
5.576476888e-07
5.034953368e-07
4.47137474e-07
3.923211905e-07
3.40766391e-07
2.93076459e-07
2.493766838e-07
2.097893858e-07
1.742149938e-07
1.424727019e-07
1.143599758e-07
8.966108708e-08
6.815993816e-08
4.965514976e-08
3.398201322e-08
2.105946848e-08
1.092638721e-08
4.124563591e-09
1.211503698e-09
4.296144836e-10
2.025531546e-10
1.130136004e-10
6.824818603e-11
4.273343281e-11
2.718758035e-11
1.738443643e-11
1.109111159e-11
7.022102598e-12
4.39254467e-12
2.704594975e-12
1.634389931e-12
9.674622724e-13
5.605283144e-13
3.181277473e-13
1.768403366e-13
9.615747583e-14
5.108466913e-14
2.647438758e-14
1.336400373e-14
6.578817016e-15
3.176230043e-15
1.499369733e-15
6.826851396e-16
3.081849237e-16
1.459369581e-16
7.632354724e-17
4.713784384e-17
3.629752386e-17
3.315880266e-17
3.259706881e-17
2.207452603e-07
2.755015458e-07
3.399013413e-07
4.121986569e-07
4.878383973e-07
5.584048923e-07
6.123009714e-07
6.394554263e-07
6.367015783e-07
6.086791641e-07
5.640452002e-07
5.112217128e-07
4.562212772e-07
4.024906111e-07
3.516722268e-07
3.04407665e-07
2.608814833e-07
2.212211659e-07
1.853781022e-07
1.532071077e-07
1.245381424e-07
9.918362011e-08
7.6949566e-08
5.764796352e-08
4.111353607e-08
2.723245851e-08
1.597296203e-08
7.413580091e-09
2.439433506e-09
7.560788254e-10
3.077541277e-10
1.585169086e-10
9.227902682e-11
5.681740073e-11
3.589771451e-11
2.29287718e-11
1.467362722e-11
9.351900792e-12
5.908429333e-12
3.686917097e-12
2.266337847e-12
1.370701477e-12
8.161819524e-13
4.784215705e-13
2.757684679e-13
1.561238166e-13
8.664145484e-14
4.698422944e-14
2.481659038e-14
1.27327163e-14
6.306933847e-15
2.960118976e-15
1.261954748e-15
4.845948558e-16
1.833104122e-16
7.766487411e-17
4.125474492e-17
2.97021353e-17
2.675578213e-17
2.62698087e-17
2.611794926e-07
3.172243004e-07
3.816139437e-07
4.51930975e-07
5.230132357e-07
5.862556052e-07
6.314153131e-07
6.509046288e-07
6.433729467e-07
6.136304208e-07
5.693307558e-07
5.177394595e-07
4.641080958e-07
4.115284762e-07
3.615490916e-07
3.148487857e-07
2.716422052e-07
2.320520927e-07
1.960751393e-07
1.63601585e-07
1.34493063e-07
1.0859e-07
8.572118857e-08
6.571401718e-08
4.840687506e-08
3.366676817e-08
2.142483267e-08
1.170012658e-08
4.809132466e-09
1.479347355e-09
5.1113523e-10
2.341012868e-10
1.287373869e-10
7.729817697e-11
4.831464792e-11
3.076092152e-11
1.972938651e-11
1.265628563e-11
8.081310943e-12
5.118111157e-12
3.208539298e-12
1.990926874e-12
1.222290952e-12
7.417740532e-13
4.447217071e-13
2.631530872e-13
1.533725229e-13
8.782657835e-14
4.928678958e-14
2.700189556e-14
1.431571489e-14
7.20437981e-15
3.31272151e-15
1.323512577e-15
4.644327989e-16
1.57271599e-16
5.686878685e-17
2.81178284e-17
2.192919297e-17
2.105659887e-17
3.072179703e-07
3.637429111e-07
4.271302212e-07
4.942520554e-07
5.593022171e-07
6.139933602e-07
6.497977633e-07
6.614736496e-07
6.491449623e-07
6.175925036e-07
5.735041616e-07
5.230681734e-07
4.707997822e-07
4.194453079e-07
3.704339087e-07
3.244075088e-07
2.816233917e-07
2.422300439e-07
2.062485525e-07
1.735981799e-07
1.441683979e-07
1.178263439e-07
9.442349802e-08
7.38046347e-08
5.581760452e-08
4.03259722e-08
2.722889716e-08
1.650361204e-08
8.255901362e-09
3.039471373e-09
9.544891511e-10
3.740442249e-10
1.880592012e-10
1.085063411e-10
6.670011428e-11
4.222602953e-11
2.710142894e-11
1.749178836e-11
1.129533432e-11
7.274655391e-12
4.66639368e-12
2.978092838e-12
1.888874249e-12
1.189846914e-12
7.438803767e-13
4.610061357e-13
2.82796573e-13
1.714470056e-13
1.024943487e-13
6.017622432e-14
3.442214937e-14
1.890034666e-14
9.731131989e-15
4.514714545e-15
1.817333725e-15
6.428728871e-16
2.000608997e-16
5.670206363e-17
2.281052517e-17
1.764389393e-17
3.588708892e-07
4.148976921e-07
4.759653903e-07
5.38248997e-07
5.956637251e-07
6.40719318e-07
6.66804999e-07
6.7075191e-07
6.537932002e-07
6.204761459e-07
5.765475879e-07
5.272212056e-07
4.763253336e-07
4.262506325e-07
3.782828714e-07
3.330420689e-07
2.908071192e-07
2.517286647e-07
2.158618074e-07
1.831524961e-07
1.535155209e-07
1.268421276e-07
1.030055202e-07
8.186866339e-08
6.329241356e-08
4.714567963e-08
3.332021189e-08
2.175983764e-08
1.248190701e-08
5.615505001e-09
1.873523111e-09
6.459808517e-10
2.891387681e-10
1.574410264e-10
9.459791079e-11
5.94791515e-11
3.823257837e-11
2.485227605e-11
1.624569992e-11
1.065456572e-11
6.999193307e-12
4.59729074e-12
3.015782848e-12
1.974051288e-12
1.287821685e-12
8.361291379e-13
5.395814512e-13
3.456470076e-13
2.192864747e-13
1.371631464e-13
8.401097986e-14
4.985649713e-14
2.82404785e-14
1.494464997e-14
7.127938587e-15
2.952701181e-15
1.020383898e-15
2.753845779e-16
6.253935769e-17
2.240780216e-17
4.157842278e-07
4.699302993e-07
5.269764656e-07
5.82581542e-07
6.308346125e-07
6.65476723e-07
6.818228442e-07
6.784033969e-07
6.571286103e-07
6.221792603e-07
5.784180834e-07
5.301790143e-07
4.806604269e-07
4.319089721e-07
3.850807769e-07
3.407453095e-07
2.991637238e-07
2.605143085e-07
2.248858861e-07
1.922353049e-07
1.625023779e-07
1.356019841e-07
1.11428841e-07
8.986440505e-08
7.078384948e-08
5.406417406e-08
3.95944999e-08
2.729171529e-08
1.713344113e-08
9.175040643e-09
3.753833708e-09
1.246208107e-09
4.833717271e-10
2.400393233e-10
1.386934016e-10
8.61856031e-11
5.546965772e-11
3.637647104e-11
2.414752457e-11
1.616397755e-11
1.08812991e-11
7.356651125e-12
4.989326431e-12
3.389601476e-12
2.303013611e-12
1.562407823e-12
1.056811083e-12
7.114501388e-13
4.753768698e-13
3.138643032e-13
2.034979483e-13
1.285473243e-13
7.831202401e-14
4.537470268e-14
2.447242598e-14
1.182896743e-14
4.802603122e-15
1.502114346e-15
3.503264577e-16
7.856319212e-17
4.768808464e-07
5.273891268e-07
5.784394188e-07
6.255438563e-07
6.634280211e-07
6.873256028e-07
6.94295657e-07
6.841041608e-07
6.589796154e-07
6.226362501e-07
5.791191069e-07
5.319818955e-07
4.838594791e-07
4.364780718e-07
3.908486494e-07
3.475007306e-07
3.066940344e-07
2.685876278e-07
2.332971966e-07
2.008139027e-07
1.710926708e-07
1.440682234e-07
1.196552172e-07
9.77532221e-08
7.825259727e-08
6.104104951e-08
4.601153037e-08
3.307297811e-08
2.216887005e-08
1.331356124e-08
6.616527363e-09
2.524574247e-09
8.932422291e-10
3.92576056e-10
2.126343853e-10
1.291483831e-10
8.297571415e-11
5.500465076e-11
3.71745951e-11
2.54480718e-11
1.758489552e-11
1.224108288e-11
8.571581639e-12
6.028169978e-12
4.250085708e-12
2.998424081e-12
2.112725952e-12
1.483321126e-12
1.034366519e-12
7.133174317e-13
4.839280712e-13
3.208951187e-13
2.062832924e-13
1.271919573e-13
7.409211065e-14
3.979462937e-14
1.876099094e-14
7.07952843e-15
1.957296145e-15
4.21916431e-16
5.401915921e-07
5.850151288e-07
6.28091127e-07
6.651733273e-07
6.9208495e-07
7.054570522e-07
7.0378e-07
6.876124791e-07
6.592209285e-07
6.217961829e-07
5.786551367e-07
5.326629436e-07
4.859637222e-07
4.39994572e-07
3.956277704e-07
3.533489424e-07
3.133996167e-07
2.759311065e-07
2.410870731e-07
2.088764951e-07
1.792692638e-07
1.522192059e-07
1.276597682e-07
1.055078763e-07
8.566928705e-08
6.804398809e-08
5.253247878e-08
3.904379783e-08
2.75078463e-08
1.790123914e-08
1.02675401e-08
4.734550772e-09
1.745131953e-09
6.917456297e-10
3.44053948e-10
2.015793625e-10
1.289110164e-10
8.633404149e-11
5.939625382e-11
4.159963544e-11
2.951469123e-11
2.114703162e-11
1.526554645e-11
1.108002963e-11
8.069908859e-12
5.885640965e-12
4.28859275e-12
3.113531313e-12
2.244711234e-12
1.600701655e-12
1.123716952e-12
7.721177121e-13
5.155685586e-13
3.316272761e-13
2.031063553e-13
1.164217728e-13
6.065970675e-14
2.70379649e-14
9.176835354e-15
2.12099196e-15
6.027758547e-07
6.398992381e-07
6.733808148e-07
6.997062245e-07
7.156714501e-07
7.192800057e-07
7.099984776e-07
6.888051832e-07
6.578119916e-07
6.196758847e-07
5.770757141e-07
5.322911834e-07
4.870468373e-07
4.425256321e-07
3.994716375e-07
3.58319352e-07
3.193093366e-07
2.825858474e-07
2.482795323e-07
2.164274479e-07
1.870271185e-07
1.600421457e-07
1.354232592e-07
1.131041777e-07
9.300595244e-08
7.504144047e-08
5.912040041e-08
4.51555872e-08
3.307096314e-08
2.281507313e-08
1.438986715e-08
7.8620087e-09
3.45523969e-09
1.330971748e-09
5.98777731e-10
3.321856562e-10
2.096630258e-10
1.413692481e-10
9.883294923e-11
7.06715454e-11
5.132810581e-11
3.77047112e-11
2.793024671e-11
2.081205646e-11
1.556439715e-11
1.165567331e-11
8.718017239e-12
6.493353016e-12
4.799643738e-12
3.507409551e-12
2.52303126e-12
1.777473866e-12
1.218767794e-12
8.073350552e-13
5.118902726e-13
3.066805993e-13
1.701419676e-13
8.438381921e-14
3.425172846e-14
9.174860678e-15
6.610383368e-07
6.890461464e-07
7.121659581e-07
7.276648432e-07
7.334607211e-07
7.285097471e-07
7.128806579e-07
6.876937505e-07
6.547934206e-07
6.163402441e-07
5.744648756e-07
5.309621728e-07
4.872070436e-07
4.441658363e-07
4.024682495e-07
3.624995941e-07
3.244870798e-07
2.885669986e-07
2.548797316e-07
2.234747212e-07
1.943613073e-07
1.675232555e-07
1.429262677e-07
1.205190305e-07
1.002368474e-07
8.200532663e-08
6.574448015e-08
5.137347082e-08
3.881660068e-08
2.801204485e-08
1.892713897e-08
1.158673675e-08
6.085520328e-09
2.659216947e-09
1.139883644e-09
5.890193305e-10
3.603162251e-10
2.42160017e-10
1.708547343e-10
1.239293879e-10
9.151542705e-11
6.843603916e-11
5.164115357e-11
3.921067877e-11
2.98829513e-11
2.280184708e-11
1.737326706e-11
1.317824593e-11
9.918427784e-12
7.379183639e-12
5.404274226e-12
3.87843546e-12
2.713151824e-12
1.838517334e-12
1.197811591e-12
7.426732789e-13
4.314752282e-13
2.287222247e-13
1.037411289e-13
3.226693404e-14
7.116811472e-07
7.29858406e-07
7.426545709e-07
7.481853112e-07
7.451739824e-07
7.331591888e-07
7.125252345e-07
6.843678435e-07
6.502407437e-07
6.118683561e-07
5.709086765e-07
5.28766308e-07
4.865321398e-07
4.449923961e-07
4.046781503e-07
3.659300292e-07
3.289614469e-07
2.939123194e-07
2.609198348e-07
2.300313624e-07
2.012795041e-07
1.746655948e-07
1.501645246e-07
1.277406037e-07
1.073436091e-07
8.891208817e-08
7.237691007e-08
5.76652596e-08
4.470539745e-08
3.343303192e-08
2.38012146e-08
1.579911463e-08
9.471107079e-09
4.91776163e-09
2.278979649e-09
1.128173009e-09
6.594669654e-10
4.341187119e-10
3.047289852e-10
2.217457096e-10
1.649183281e-10
1.24452314e-10
9.486802903e-11
7.281255997e-11
5.611559993e-11
4.331550396e-11
3.339898789e-11
2.564998945e-11
1.955636453e-11
1.474831154e-11
1.095677115e-11
7.984018385e-12
5.681216214e-12
3.928035782e-12
2.622258996e-12
1.675854034e-12
1.012265982e-12
5.649454859e-13
2.756762337e-13
9.801289252e-14
7.51818824e-07
7.606091161e-07
7.64125352e-07
7.611392161e-07
7.509428062e-07
7.334424379e-07
7.091386868e-07
6.790041803e-07
6.442988253e-07
6.063738314e-07
5.665086671e-07
5.258004125e-07
4.851153162e-07
4.450944844e-07
4.061859496e-07
3.68690893e-07
3.328084589e-07
2.986720932e-07
2.664178373e-07
2.361076973e-07
2.077823792e-07
1.814546162e-07
1.571170316e-07
1.347456988e-07
1.143025752e-07
9.573811434e-08
7.899407134e-08
6.400675972e-08
5.071087156e-08
3.904430251e-08
2.895525473e-08
2.041426434e-08
1.343358451e-08
8.069425579e-09
4.363314513e-09
2.260057226e-09
1.275736651e-09
8.075408043e-10
5.539874823e-10
3.996035368e-10
2.969125131e-10
2.245856109e-10
1.71872038e-10
1.325461435e-10
1.026990328e-10
7.973856925e-11
6.188064912e-11
4.786579416e-11
3.679100401e-11
2.800330495e-11
2.102823293e-11
1.552078143e-11
1.121372915e-11
7.895644421e-12
5.388886874e-12
3.540118238e-12
2.21483142e-12
1.293886681e-12
6.719670238e-13
2.700021757e-13
7.803856352e-07
7.810046072e-07
7.768097618e-07
7.670502737e-07
7.513835089e-07
7.299101337e-07
7.031374892e-07
6.718833088e-07
6.371462617e-07
5.999740791e-07
5.613544507e-07
5.221424847e-07
4.830275815e-07
4.445335266e-07
4.070399856e-07
3.708139315e-07
3.360418932e-07
3.028563971e-07
2.713918815e-07
2.417188534e-07
2.138781089e-07
1.879003019e-07
1.637914796e-07
1.415359179e-07
1.211090025e-07
1.024736741e-07
8.558308158e-08
7.038356398e-08
5.681809806e-08
4.483081218e-08
3.437327159e-08
2.54115102e-08
1.791843498e-08
1.188856032e-08
7.358621787e-09
4.297576696e-09
2.492757632e-09
1.534006306e-09
1.019407969e-09
7.200504538e-10
5.299320282e-10
3.996599761e-10
3.057256799e-10
2.359520487e-10
1.830852478e-10
1.424194137e-10
1.108055292e-10
8.599706879e-11
6.637440366e-11
5.079087093e-11
3.840872932e-11
2.860492526e-11
2.090397993e-11
1.493123715e-11
1.037848414e-11
6.980366486e-12
4.503748281e-12
2.741490701e-12
1.508166469e-12
6.748560205e-13
7.975694789e-07
7.916698861e-07
7.815518249e-07
7.667910411e-07
7.472654518e-07
7.231638124e-07
6.949498368e-07
6.63291476e-07
6.28972191e-07
5.928026486e-07
5.555477659e-07
5.178775647e-07
4.803435599e-07
4.433770668e-07
4.073026092e-07
3.723588167e-07
3.387208141e-07
3.065187463e-07
2.758769808e-07
2.468761869e-07
2.195696541e-07
1.939954292e-07
1.701688757e-07
1.480894307e-07
1.27741977e-07
1.091000537e-07
9.212769332e-08
7.678194059e-08
6.30162546e-08
5.078460066e-08
4.004473858e-08
3.074902121e-08
2.284577929e-08
1.629998856e-08
1.109715718e-08
7.223402106e-09
4.565213378e-09
2.887772039e-09
1.893877288e-09
1.306353423e-09
9.424744052e-10
7.021700466e-10
5.333876504e-10
4.096603527e-10
3.168624568e-10
2.460595997e-10
1.912322954e-10
1.483412945e-10
1.145432277e-10
8.779487251e-11
6.660209487e-11
4.985226885e-11
3.669785535e-11
2.647433027e-11
1.864661647e-11
1.2766969e-11
8.441741179e-12
5.318350737e-12
3.077862735e-12
1.507278e-12
8.04497164e-07
7.938265347e-07
7.795226717e-07
7.613755926e-07
7.393911002e-07
7.137891677e-07
6.849747395e-07
6.534878237e-07
6.199433922e-07
5.849722431e-07
5.491718615e-07
5.130725881e-07
4.771204097e-07
4.416743873e-07
4.070145941e-07
3.733556916e-07
3.408621551e-07
3.096619068e-07
2.798720695e-07
2.515885733e-07
2.248672632e-07
1.997469088e-07
1.76257769e-07
1.54410949e-07
1.341997572e-07
1.15609647e-07
9.861635359e-08
8.318875748e-08
6.929187147e-08
5.688869663e-08
4.593216148e-08
3.636352132e-08
2.812689565e-08
2.117273154e-08
1.545519521e-08
1.092287637e-08
7.503261535e-09
5.074355663e-09
3.436835802e-09
2.369003187e-09
1.679788365e-09
1.225978808e-09
9.153660086e-10
6.945278594e-10
5.323421788e-10
4.102050317e-10
3.167873762e-10
2.445205913e-10
1.88140945e-10
1.439058272e-10
1.091086878e-10
8.175907549e-11
6.036352219e-11
4.377194449e-11
3.106910267e-11
2.151062807e-11
1.446137612e-11
9.345143722e-12
5.635530782e-12
2.969318997e-12
8.028106868e-07
7.889676139e-07
7.719958242e-07
7.518217326e-07
7.285228324e-07
7.023229211e-07
6.735701892e-07
6.427027342e-07
6.102080364e-07
5.765832184e-07
5.423016827e-07
5.077895595e-07
4.734130046e-07
4.394753057e-07
4.062212953e-07
3.738460272e-07
3.425050792e-07
3.123241876e-07
2.834132392e-07
2.558757015e-07
2.297724934e-07
2.051518257e-07
1.820502857e-07
1.604873012e-07
1.404689139e-07
1.219904607e-07
1.05038918e-07
8.959467527e-08
7.563247709e-08
6.311458363e-08
5.198840129e-08
4.219827436e-08
3.368845714e-08
2.640224147e-08
2.027813805e-08
1.524556774e-08
1.122175461e-08
8.108879602e-09
5.791461835e-09
4.123548119e-09
2.946804503e-09
2.125527904e-09
1.54920801e-09
1.150892999e-09
8.669049788e-10
6.580526993e-10
5.017103121e-10
3.831603726e-10
2.923256263e-10
2.221554093e-10
1.676569306e-10
1.252525924e-10
9.233602591e-11
6.696204105e-11
4.762815761e-11
3.312375662e-11
2.245091924e-11
1.473228301e-11
9.150637709e-12
5.091002777e-12
7.943079656e-07
7.786153092e-07
7.60199518e-07
7.390708973e-07
7.153449427e-07
6.892371273e-07
6.610469923e-07
6.311344703e-07
5.998924932e-07
5.677201041e-07
5.349995965e-07
5.020799451e-07
4.692673435e-07
4.368223321e-07
4.049620075e-07
3.738654185e-07
3.436803839e-07
3.145299353e-07
2.865172348e-07
2.597519686e-07
2.343026294e-07
2.102226067e-07
1.875516816e-07
1.663204351e-07
1.4654682e-07
1.282357463e-07
1.113848481e-07
9.598371804e-08
8.200803129e-08
6.941701427e-08
5.816345189e-08
4.81966208e-08
3.946248625e-08
3.190140064e-08
2.544507858e-08
2.001487316e-08
1.552206277e-08
1.186917998e-08
8.952001457e-09
6.664781348e-09
4.903660497e-09
3.573309479e-09
2.587311721e-09
1.867688077e-09
1.369047634e-09
1.01322997e-09
7.556281945e-10
5.666400146e-10
4.260177707e-10
3.20005805e-10
2.392645338e-10
1.773972044e-10
1.299490743e-10
9.37385939e-11
6.640439824e-11
4.609446679e-11
3.1283241e-11
2.066823842e-11
1.306140771e-11
7.51725161e-12
7.807034417e-07
7.641748353e-07
7.452391869e-07
7.239555625e-07
7.004568902e-07
6.749451548e-07
6.476798873e-07
6.189617982e-07
5.891140743e-07
5.584639736e-07
5.27326967e-07
4.959949394e-07
4.647290676e-07
4.337571364e-07
4.032743784e-07
3.734466992e-07
3.444151296e-07
3.163001232e-07
2.892050771e-07
2.632341005e-07
2.384672435e-07
2.149626939e-07
1.927668431e-07
1.719180718e-07
1.524417245e-07
1.343520166e-07
1.176556165e-07
1.023441642e-07
8.839184309e-08
7.576399498e-08
6.441997176e-08
5.431411524e-08
4.539463231e-08
3.760134285e-08
3.086378499e-08
2.510081782e-08
2.022179185e-08
1.612874476e-08
1.271974467e-08
9.895187977e-09
7.566095602e-09
5.66266503e-09
4.138261947e-09
2.95815911e-09
2.101660331e-09
1.501035359e-09
1.08230674e-09
7.888310199e-10
5.794221064e-10
4.270099277e-10
3.141893298e-10
2.297394971e-10
1.662457766e-10
1.186210035e-10
8.323208964e-11
5.734780494e-11
3.873769411e-11
2.555582312e-11
1.622822936e-11
9.47311345e-12
7.63494347e-07
7.468565684e-07
7.280575589e-07
7.07181803e-07
6.843668137e-07
6.59798903e-07
6.337047236e-07
6.063397505e-07
5.779752784e-07
5.488856005e-07
5.193368204e-07
4.895783094e-07
4.59837269e-07
4.303163049e-07
4.011934857e-07
3.726241438e-07
3.447437469e-07
3.176706852e-07
2.915084681e-07
2.663537185e-07
2.422953505e-07
2.193966482e-07
1.977118783e-07
1.772847199e-07
1.581492893e-07
1.403295288e-07
1.238320904e-07
1.086467016e-07
9.475307714e-08
8.212328119e-08
7.072297771e-08
6.051106233e-08
5.143812523e-08
4.344470508e-08
3.646032174e-08
3.040378903e-08
2.518465017e-08
2.070551528e-08
1.686575397e-08
1.356745562e-08
1.072463656e-08
8.272833156e-09
6.17969809e-09
4.447768567e-09
3.098312916e-09
2.135476402e-09
1.467178186e-09
1.028641379e-09
7.305547803e-10
5.232563897e-10
3.759900543e-10
2.694843207e-10
1.915756454e-10
1.34462301e-10
9.28789497e-11
6.301550333e-11
4.192334767e-11
2.727714333e-11
1.715247675e-11
9.949452018e-12
7.439148899e-07
7.276573353e-07
7.094334758e-07
6.893379733e-07
6.675048639e-07
6.441038844e-07
6.193341016e-07
5.934155939e-07
5.665801883e-07
5.39062313e-07
5.110909239e-07
4.828831864e-07
4.546402375e-07
4.265450041e-07
3.987617715e-07
3.714370684e-07
3.447013741e-07
3.186708395e-07
2.934487233e-07
2.691269776e-07
2.45798476e-07
2.235361031e-07
2.023986125e-07
1.82435245e-07
1.636859927e-07
1.46174434e-07
1.299059127e-07
1.148757783e-07
1.010702599e-07
8.846788118e-08
7.703960326e-08
6.674788515e-08
5.754526236e-08
4.937319747e-08
4.216180026e-08
3.583059432e-08
3.029015949e-08
2.544462971e-08
2.119551364e-08
1.744744544e-08
1.411629476e-08
1.113979014e-08
8.489610502e-09
6.183584168e-09
4.283629549e-09
2.851588949e-09
1.876606151e-09
1.249778973e-09
8.486854493e-10
5.859453808e-10
4.077968904e-10
2.836415634e-10
1.95875661e-10
1.336280235e-10
8.97182061e-11
5.911831592e-11
3.815236326e-11
2.409730909e-11
1.47428382e-11
8.313041663e-12
7.229262804e-07
7.073547428e-07
6.899765459e-07
6.708869299e-07
6.502115832e-07
6.281034726e-07
6.047379199e-07
5.803064193e-07
5.550098488e-07
5.290517591e-07
5.026323739e-07
4.759437828e-07
4.49166551e-07
4.224677481e-07
3.960002417e-07
3.699030229e-07
3.443021694e-07
3.193118815e-07
2.950354164e-07
2.715662146e-07
2.489903151e-07
2.273926846e-07
2.06835327e-07
1.873704021e-07
1.690378476e-07
1.518597667e-07
1.358462362e-07
1.209981627e-07
1.073075931e-07
9.475820764e-08
8.332487233e-08
7.297256753e-08
6.365525231e-08
5.531523189e-08
4.788339019e-08
4.128032944e-08
3.541828753e-08
3.020386315e-08
2.554191134e-08
2.1341132e-08
1.752167578e-08
1.402517644e-08
1.082781702e-08
7.956820649e-09
5.501376386e-09
3.582588978e-09
2.240717673e-09
1.412666478e-09
9.114484302e-10
5.995879515e-10
3.981328741e-10
2.643160487e-10
1.740342198e-10
1.129695721e-10
7.197862125e-11
4.485653686e-11
2.732750547e-11
1.634772948e-11
9.540279102e-12
5.210649972e-12
7.012611537e-07
6.865491645e-07
6.701661635e-07
6.522022623e-07
6.327721058e-07
6.120121647e-07
5.900768541e-07
5.671338131e-07
5.433587829e-07
5.189305465e-07
4.940263391e-07
4.688180694e-07
4.434695328e-07
4.181346244e-07
3.929565022e-07
3.680675599e-07
3.435898725e-07
3.196357458e-07
2.963082723e-07
2.737019252e-07
2.519031301e-07
2.309896309e-07
2.110332028e-07
1.920882961e-07
1.741905381e-07
1.573656797e-07
1.416288902e-07
1.269848622e-07
1.134299363e-07
1.009515959e-07
8.952745906e-08
7.912419167e-08
6.969671896e-08
6.118808876e-08
5.353016538e-08
4.664512542e-08
4.044765258e-08
3.484786575e-08
2.97552738e-08
2.508425577e-08
2.0761508e-08
1.673600978e-08
1.299271397e-08
9.571072558e-09
6.582869829e-09
4.196704505e-09
2.525686594e-09
1.502441572e-09
9.101517465e-10
5.624627474e-10
3.503264112e-10
2.172461929e-10
1.326560453e-10
7.922284987e-11
4.607278654e-11
2.617152136e-11
1.472229474e-11
8.302461529e-12
4.641753529e-12
2.507932748e-12
6.794356231e-07
6.656633714e-07
6.503391771e-07
6.335449784e-07
6.153832205e-07
5.959745725e-07
5.754548264e-07
5.539712142e-07
5.316784416e-07
5.087347541e-07
4.852983249e-07
4.615242088e-07
4.375619891e-07
4.135541679e-07
3.896352465e-07
3.659315069e-07
3.42561148e-07
3.196344589e-07
2.972540205e-07
2.755147059e-07
2.545033935e-07
2.342982117e-07
2.149650942e-07
1.965554834e-07
1.791082532e-07
1.626550116e-07
1.472128437e-07
1.327890958e-07
1.193839784e-07
1.069877648e-07
9.557980107e-08
8.512778107e-08
7.558741025e-08
6.690274553e-08
5.900730471e-08
5.182586979e-08
4.527688508e-08
3.927550069e-08
3.373757427e-08
2.8585135e-08
2.375378249e-08
1.920265355e-08
1.492823974e-08
1.098413586e-08
7.503663678e-09
4.694052024e-09
2.721712382e-09
1.531866083e-09
8.707952847e-10
5.02114537e-10
2.891029798e-10
1.632373195e-10
8.910737091e-11
4.669978396e-11
2.390124067e-11
1.236499883e-11
6.565294016e-12
3.577506966e-12
1.959909201e-12
1.106615957e-12
6.578390964e-07
6.450274404e-07
6.307711426e-07
6.151426464e-07
5.982320277e-07
5.801451036e-07
5.610009406e-07
5.409289343e-07
5.200656771e-07
4.985518332e-07
4.765292351e-07
4.541383794e-07
4.315164127e-07
4.087956742e-07
3.861027915e-07
3.635582914e-07
3.412764375e-07
3.193650503e-07
2.979252627e-07
2.770510661e-07
2.568286598e-07
2.373336329e-07
2.186280237e-07
2.007636317e-07
1.837815996e-07
1.677125812e-07
1.525763652e-07
1.383825552e-07
1.251307727e-07
1.12818189e-07
1.014247486e-07
9.091863556e-08
8.125650351e-08
7.238411791e-08
6.423775112e-08
5.67461445e-08
4.98329483e-08
4.341975887e-08
3.743012546e-08
3.179499491e-08
2.646004406e-08
2.139566939e-08
1.66113767e-08
1.217683323e-08
8.247796781e-09
5.06350677e-09
2.832094224e-09
1.508790265e-09
8.020089363e-10
4.281924064e-10
2.243367096e-10
1.120525495e-10
5.213306709e-11
2.3184707e-11
1.064037232e-11
5.206942396e-12
2.678625845e-12
1.433968625e-12
7.846070344e-13
4.767953827e-13
6.366912572e-07
6.248202549e-07
6.116029467e-07
5.971020827e-07
5.81395895e-07
5.645765534e-07
5.467481596e-07
5.280244089e-07
5.085260751e-07
4.883784792e-07
4.677091263e-07
4.466456286e-07
4.253139785e-07
4.038372443e-07
3.823346858e-07
3.609211966e-07
3.397068578e-07
3.1879642e-07
2.982886879e-07
2.782758172e-07
2.588407246e-07
2.400547304e-07
2.219795498e-07
2.046648847e-07
1.881506638e-07
1.72468744e-07
1.576435242e-07
1.436875834e-07
1.306005129e-07
1.183726402e-07
1.069902162e-07
9.642478315e-08
8.663446982e-08
7.756776309e-08
6.916496617e-08
6.136014008e-08
5.408348238e-08
4.726434066e-08
4.083522411e-08
3.473718445e-08
2.892696805e-08
2.338676065e-08
1.813827319e-08
1.32636946e-08
8.932904581e-09
5.404331862e-09
2.921133682e-09
1.469141472e-09
7.261244945e-10
3.554538422e-10
1.660719293e-10
7.00169861e-11
2.661461025e-11
1.030037822e-11
4.437842535e-12
2.104570433e-12
1.059653859e-12
5.606850995e-13
3.100546727e-13
2.032712329e-13
6.162174453e-07
6.052484889e-07
5.930243406e-07
5.795984129e-07
5.650378803e-07
5.494224487e-07
5.32842757e-07
5.153985079e-07
4.971964449e-07
4.783482934e-07
4.589688036e-07
4.391740141e-07
4.190797958e-07
3.988006574e-07
3.784488651e-07
3.581337138e-07
3.379607445e-07
3.180309197e-07
2.984397588e-07
2.792748777e-07
2.606135888e-07
2.425240118e-07
2.250647466e-07
2.082843635e-07
1.922269337e-07
1.76928527e-07
1.624129249e-07
1.486921501e-07
1.357656438e-07
1.236238915e-07
1.122469284e-07
1.016127003e-07
9.16868549e-08
8.242112687e-08
7.376064769e-08
6.564562728e-08
5.80135609e-08
5.080215958e-08
4.395328297e-08
3.741814087e-08
3.116414558e-08
2.518428146e-08
1.951078181e-08
1.423592125e-08
9.540842172e-09
5.699419857e-09
2.980807231e-09
1.410545623e-09
6.432984386e-10
2.851542741e-10
1.14367843e-10
3.876797566e-11
1.23010497e-11
4.375410118e-12
1.816577533e-12
8.416045003e-13
4.157842056e-13
2.179615699e-13
1.228570422e-13
8.622365596e-14
5.964694346e-07
5.863461341e-07
5.750525865e-07
5.626336495e-07
5.491465168e-07
5.346597519e-07
5.192520205e-07
5.030106022e-07
4.860297681e-07
4.684091206e-07
4.502519866e-07
4.316639429e-07
4.127515392e-07
3.93621196e-07
3.74378245e-07
3.551259913e-07
3.359646966e-07
3.169905887e-07
2.982936079e-07
2.799552311e-07
2.6204932e-07
2.446418502e-07
2.277910695e-07
2.115480608e-07
1.959522021e-07
1.810339817e-07
1.668169234e-07
1.533166723e-07
1.405389883e-07
1.284752216e-07
1.171049652e-07
1.0640833e-07
9.635563611e-08
8.690361973e-08
7.800332925e-08
6.960185098e-08
6.16444802e-08
5.407757718e-08
4.685233145e-08
3.992967849e-08
3.32866981e-08
2.692529972e-08
2.088489582e-08
1.526174798e-08
1.023654149e-08
6.082199835e-09
3.093191302e-09
1.366043362e-09
5.636710674e-10
2.183777425e-10
7.160246335e-11
1.960157995e-11
5.507359512e-12
1.856468433e-12
7.468181453e-13
3.378769852e-13
1.635944711e-13
8.500951624e-14
4.907083362e-14
3.644555516e-14
5.778929538e-07
5.685564304e-07
5.581279546e-07
5.466445423e-07
5.341542979e-07
5.207156967e-07
5.063966141e-07
4.912731616e-07
4.754283964e-07
4.589509901e-07
4.419339228e-07
4.244732479e-07
4.066669155e-07
3.886137121e-07
3.70412219e-07
3.521596889e-07
3.339509579e-07
3.158762969e-07
2.980192708e-07
2.804571507e-07
2.632603506e-07
2.464921055e-07
2.302081439e-07
2.144562065e-07
1.992767232e-07
1.847064064e-07
1.707725886e-07
1.574891841e-07
1.448582469e-07
1.328693537e-07
1.215050162e-07
1.10741562e-07
1.005650042e-07
9.09366286e-08
8.18132283e-08
7.31484771e-08
6.489497512e-08
5.700696898e-08
4.944387059e-08
4.217476413e-08
3.518429278e-08
2.848080789e-08
2.210833152e-08
1.616466669e-08
1.083201405e-08
6.39094773e-09
3.165566003e-09
1.308561641e-09
4.778921192e-10
1.528303486e-10
3.998701041e-11
9.374203066e-12
2.446518051e-12
7.907765702e-13
3.082372375e-13
1.359685086e-13
6.448477857e-14
3.325954176e-14
1.971960308e-14
1.534532978e-14
5.621532076e-07
5.534628326e-07
5.437453644e-07
5.330316585e-07
5.213626873e-07
5.087889718e-07
4.95369719e-07
4.811718731e-07
4.662694398e-07
4.50742566e-07
4.346759698e-07
4.181577129e-07
4.012783231e-07
3.841297592e-07
3.668043202e-07
3.493935256e-07
3.319861121e-07
3.146659938e-07
2.975123791e-07
2.805990779e-07
2.639940684e-07
2.477592339e-07
2.319502264e-07
2.166163441e-07
2.017989584e-07
1.875276732e-07
1.738243204e-07
1.607045813e-07
1.481751215e-07
1.362332189e-07
1.248659168e-07
1.140644329e-07
1.038021193e-07
9.404641887e-08
8.47603625e-08
7.590418104e-08
6.743732423e-08
5.932103382e-08
5.152159338e-08
4.401439739e-08
3.678932192e-08
2.985820103e-08
2.326571609e-08
1.710645174e-08
1.154861858e-08
6.853079979e-09
3.329662747e-09
1.220883028e-09
3.534443685e-10
9.097172865e-11
2.041708129e-11
4.399429596e-12
1.095062927e-12
3.404011442e-13
1.281513486e-13
5.490786773e-14
2.547420415e-14
1.305777882e-14
7.959104138e-15
6.434591172e-15
)
;

boundaryField
{
    inletCH4
    {
        type            fixedValue;
        value           uniform 0;
    }
    wallOutside
    {
        type            zeroGradient;
    }
    wallTube
    {
        type            zeroGradient;
    }
    inletPilot
    {
        type            fixedValue;
        value           uniform 0;
    }
    inletAir
    {
        type            fixedValue;
        value           uniform 0;
    }
    outlet
    {
        type            zeroGradient;
    }
    axis
    {
        type            empty;
    }
    frontAndBack_pos
    {
        type            wedge;
    }
    frontAndBack_neg
    {
        type            wedge;
    }
}


// ************************************************************************* //
