/*--------------------------------*- C++ -*----------------------------------*\
  =========                 |
  \\      /  F ield         | OpenFOAM: The Open Source CFD Toolbox
   \\    /   O peration     | Website:  https://openfoam.org
    \\  /    A nd           | Version:  10
     \\/     M anipulation  |
\*---------------------------------------------------------------------------*/
FoamFile
{
    format      ascii;
    class       volScalarField;
    location    "3000";
    object      OH;
}
// * * * * * * * * * * * * * * * * * * * * * * * * * * * * * * * * * * * * * //

dimensions      [0 0 0 0 0 0 0];

internalField   nonuniform List<scalar> 
5170
(
5.470220211e-52
5.511757801e-52
5.747202919e-52
7.007250531e-52
1.383225982e-51
1.235194677e-51
1.250292691e-51
1.332909263e-51
1.747144339e-51
2.922173218e-51
2.005284391e-51
2.047164908e-51
2.242843897e-51
3.047103308e-51
4.443594708e-51
2.841803117e-51
2.930385777e-51
3.295377343e-51
4.555857275e-51
5.984898205e-51
3.737102616e-51
3.892546592e-51
4.47427566e-51
6.240299528e-51
7.558349671e-51
5.183207557e-51
5.323939664e-51
6.056450147e-51
8.675019395e-51
1.279713248e-50
1.950322203e-49
1.581480375e-49
1.304026295e-49
3.570007302e-49
2.236543445e-48
7.712956528e-47
6.244978836e-47
5.849289295e-47
2.011010308e-46
1.344263026e-45
3.345519651e-44
2.741172364e-44
2.934699138e-44
1.182433257e-43
8.067594009e-43
1.573634513e-41
1.307250458e-41
1.55079949e-41
7.122578117e-41
4.918538876e-40
8.149005442e-39
6.926157892e-39
8.749394122e-39
4.486561027e-38
3.188293657e-37
4.669641181e-36
4.182076118e-36
5.518467185e-36
3.12603943e-35
2.385161979e-34
2.953070179e-33
2.933706722e-33
4.227196651e-33
2.711327368e-32
2.247576987e-31
2.02291175e-30
2.371507427e-30
4.20275556e-30
3.228831199e-29
2.688109227e-28
1.475200233e-27
2.16571908e-27
5.299562584e-27
5.016978949e-26
3.767669065e-25
1.107097777e-24
2.12722609e-24
7.594272229e-24
8.57894865e-23
5.704222477e-22
8.379828096e-22
2.18548294e-21
1.10802359e-20
1.422404513e-19
8.922032627e-19
6.165762098e-19
2.230161426e-18
1.577741163e-17
2.234299146e-16
1.413367905e-15
4.161129599e-16
2.154978225e-15
2.056926618e-14
3.081177636e-13
2.2528137e-12
2.341708348e-13
1.928102786e-12
2.533803557e-11
3.827864272e-10
3.646352203e-09
0.002162408036
0.002217938813
0.0022390096
0.002202902971
0.002157754609
0.001770053843
0.001855457674
0.001877812319
0.001833978472
0.001748578329
0.001514966732
0.001611123665
0.001632712849
0.001583706319
0.001480677709
0.001336616834
0.001433276323
0.001452479633
0.001398410785
0.001291639352
0.001206390788
0.001298412029
0.001315266571
0.001257341954
0.001151637237
0.001108918753
0.001192525431
0.001207084113
0.001147711208
0.001048097539
0.00103359482
0.001107277359
0.001119074683
0.00106093298
0.000971024774
0.0009739972911
0.00103781239
0.001046719782
0.0009915647761
0.0009129376382
0.0009261414654
0.0009807008275
0.0009867259203
0.0009357689304
0.0008686948077
0.0008871615293
0.000933340331
0.0009368029543
0.0008908419291
0.0008345723079
0.0008550525283
0.0008938760864
0.0008952541839
0.0008545923034
0.0008077553004
0.000828249903
0.0008608261697
0.0008606587011
0.0008251628651
0.0007861145653
0.0008055579175
0.0008329814075
0.0008317320602
0.0008009614926
0.0007681073719
0.0007860186474
0.0008092786851
0.0008073382907
0.0007806743526
0.0007526108748
0.0007688966719
0.000788874179
0.000786509935
0.0007632601165
0.0007388115618
0.0007535785518
0.00077101709
0.000768450017
0.0007479017053
0.0007260579896
0.0007396382029
0.0007550790149
0.000752357443
0.0007339011456
0.0007138656665
0.0007270088828
0.0007405278584
0.0007374822732
0.0007206039897
0.0007018578469
0.0007225271571
0.0007285843865
0.0007234791349
0.0007073430982
0.0006893256316
0.001266855687
0.0008332727199
0.0007350054483
0.0006964234553
0.0006678426685
2.0450028e-11
2.467487828e-10
6.756082988e-09
2.157599105e-07
6.069808908e-06
5.660001791e-11
5.547141718e-10
1.129614828e-08
2.14257789e-07
2.331310673e-06
1.056326198e-10
9.280272153e-10
1.563663907e-08
1.86769752e-07
9.840508759e-07
1.881571842e-10
1.57172218e-09
2.232674663e-08
1.652467095e-07
5.274562298e-07
3.421518215e-10
2.70006957e-09
3.057993113e-08
1.438219505e-07
3.40670569e-07
6.406454911e-10
4.573446618e-09
3.94673859e-08
1.288399627e-07
3.020271063e-07
1.272180924e-09
7.942669342e-09
4.99432829e-08
1.293984769e-07
3.691454386e-07
2.577230462e-09
1.360971983e-08
6.028798921e-08
1.370607531e-07
4.171160688e-07
5.064676589e-09
2.155377883e-08
6.798328915e-08
1.416174212e-07
4.126832199e-07
9.286922879e-09
3.068497601e-08
7.359944808e-08
1.493857781e-07
4.28436131e-07
1.588921276e-08
3.964932654e-08
7.941758686e-08
1.667397703e-07
4.857295122e-07
2.406909973e-08
4.722220121e-08
8.618968249e-08
1.880595251e-07
5.40480114e-07
3.26116427e-08
5.355426253e-08
9.37468188e-08
2.064552533e-07
5.646980238e-07
4.071199676e-08
5.961785599e-08
1.034038093e-07
2.280320862e-07
6.001765618e-07
4.867698643e-08
6.720990369e-08
1.182806458e-07
2.622523501e-07
6.85805963e-07
5.825692145e-08
7.926385946e-08
1.428660772e-07
3.174242697e-07
8.194413815e-07
7.30870337e-08
9.98705676e-08
1.820096591e-07
4.000012555e-07
1.004206066e-06
9.572744858e-08
1.299205785e-07
2.314743756e-07
4.940095507e-07
1.181612295e-06
1.273423707e-07
1.69145828e-07
2.919813625e-07
5.940873274e-07
1.357862971e-06
1.690054801e-07
2.217946533e-07
3.731635265e-07
7.353655324e-07
1.58828814e-06
2.264254918e-07
2.938425808e-07
4.845526703e-07
9.365779146e-07
1.928387329e-06
3.174916297e-07
4.109670087e-07
6.622116066e-07
1.227895856e-06
2.414286854e-06
4.488844334e-07
5.752542619e-07
9.125254531e-07
1.621989894e-06
3.020018553e-06
6.511162855e-07
8.153762676e-07
1.244269622e-06
2.103744344e-06
3.737577609e-06
9.321544566e-07
1.140723861e-06
1.674307495e-06
2.699907665e-06
4.589635799e-06
1.306651055e-06
1.564653546e-06
2.212255943e-06
3.4479786e-06
5.644625188e-06
1.843037923e-06
2.169179872e-06
2.978955107e-06
4.467537766e-06
7.069599992e-06
2.610488235e-06
3.024487481e-06
4.040327582e-06
5.908967446e-06
9.087579106e-06
3.788765757e-06
4.313656651e-06
5.585200676e-06
7.936501797e-06
1.194315661e-05
5.604775272e-06
6.311784472e-06
8.022591778e-06
1.10764657e-05
1.614351044e-05
8.432945368e-06
9.392716395e-06
1.168488227e-05
1.57136341e-05
2.229928178e-05
1.29134412e-05
1.422938704e-05
1.735083044e-05
2.276268427e-05
3.142663348e-05
2.03301891e-05
2.215325427e-05
2.64365619e-05
3.376419814e-05
4.52745479e-05
3.319468228e-05
3.573682509e-05
4.164964417e-05
5.160395627e-05
6.691530053e-05
5.547018174e-05
5.89513651e-05
6.699166154e-05
8.031087563e-05
0.0001003907219
9.006246313e-05
9.466455147e-05
0.000105224608
0.0001225490916
0.0001483849591
0.0001370332824
0.0001430735687
0.0001569146063
0.0001795699132
0.0002132503604
0.0001999163562
0.0002082138401
0.0002272260342
0.000258330647
0.0003045110002
0.0002950050909
0.0003072712595
0.0003353393349
0.0003811283303
0.0004487703476
0.0004681971953
0.0004877590653
0.0005322900861
0.0006041798218
0.0007085439102
0.0008394053706
0.0008701427913
0.0009386571487
0.001044842654
0.001189497058
0.001479252821
0.001511599791
0.001581927391
0.001686519796
0.001822033826
0.002135193298
0.002161124411
0.002217079737
0.002299208627
0.002403744804
0.002667765144
0.002685862796
0.002724677455
0.002781008172
0.002851527685
0.003033058449
0.003043746446
0.003066448079
0.003098883487
0.00313837956
0.003223545485
0.003227996167
0.003237190816
0.003249574216
0.003263238972
0.003248782591
0.003248421993
0.003247232486
0.003244363985
0.003238584202
0.003131946919
0.003128300534
0.003120048143
0.003106884729
0.003088122111
0.002906351018
0.002900811417
0.002888516813
0.002869534632
0.002843568788
0.00260966767
0.002603351358
0.002589427049
0.002568176545
0.002539554896
0.002277035645
0.00227074036
0.002256883031
0.002235955778
0.002207835625
0.001939378333
0.001933740379
0.001921388221
0.001902742153
0.00187799653
0.001622144703
0.0016171918
0.00160634075
0.001589956304
0.001568201381
0.001338362364
0.001334220479
0.001325154199
0.00131148577
0.001293377985
0.001092977757
0.001089611775
0.001082246845
0.001071150524
0.001056462653
0.0008860455166
0.0008833585892
0.0008774802944
0.0008686256945
0.0008569082581
0.0007147974854
0.0007126772497
0.0007080388036
0.0007010517854
0.0006918055116
0.0005750295035
0.0005733681751
0.0005697334207
0.0005642575574
0.0005570096468
0.0004620585597
0.0004607614712
0.0004579232944
0.0004536466014
0.0004479842429
0.0003713174521
0.0003703057227
0.0003680916085
0.0003647544376
0.0003603344649
0.0002986836679
0.0002978937597
0.0002961648154
0.0002935582109
0.0002901045823
0.0002406098608
0.0002399917427
0.0002386385904
0.0002365980065
0.0002338933659
0.0001941529871
0.0001936678624
0.0001926057004
0.0001910035561
0.0001888793441
0.0001569185369
0.0001565365786
0.0001557001805
0.0001544383076
0.0001527647727
0.0001270027276
0.0001267010994
0.0001260405416
0.0001250437936
0.0001237215738
0.0001028887529
0.0001026499658
0.0001021269843
0.0001013377323
0.0001002905859
8.340283987e-05
8.321350318e-05
8.279881545e-05
8.217294889e-05
8.134248214e-05
6.761517273e-05
6.746491305e-05
6.713580065e-05
6.663906904e-05
6.597991879e-05
5.491200035e-05
5.479263131e-05
5.453119351e-05
5.413660904e-05
5.361299623e-05
4.549461566e-05
4.539790842e-05
4.518607659e-05
4.486633474e-05
4.444200652e-05
8.226441742e-05
1.739687437e-05
4.560631579e-06
1.809368098e-06
1.020423363e-06
1.000662029e-06
1.30903922e-06
1.34234845e-06
1.189081358e-06
1.181908156e-06
1.319114681e-06
1.40117092e-06
1.368254297e-06
1.392916489e-06
1.556172395e-06
1.825754778e-06
2.120262236e-06
2.340346918e-06
2.543094853e-06
2.843167685e-06
3.327162813e-06
4.001382415e-06
4.823507938e-06
5.769955074e-06
6.860525997e-06
8.201870547e-06
1.002267769e-05
1.260789234e-05
1.627751552e-05
2.155467964e-05
2.919701241e-05
4.031255811e-05
5.681247736e-05
8.188418855e-05
0.0001195927725
0.0001728117322
0.0002449855768
0.0003479122153
0.0005118194913
0.0008031254275
0.001309406742
0.001928773539
0.002484321014
0.002904670246
0.003166924375
0.003271555856
0.003231856991
0.003071495242
0.002821591184
0.002515769654
0.002185104195
0.001857401112
0.001550428082
0.001278629891
0.001044511855
0.0008473772294
0.0006842841335
0.0005511122912
0.0004433752237
0.0003567351139
0.0002872908547
0.0002316888632
0.0001871472287
0.0001513996641
0.0001226427229
9.943599834e-05
8.066462534e-05
6.544186367e-05
5.318555463e-05
4.409559111e-05
0.0002934739146
0.002943153813
0.001600060014
0.0007204043596
0.0002738399349
5.202125537e-05
0.0003774336446
0.003258237728
0.001172096322
0.000147686262
1.648097288e-05
0.0001839300814
0.00313475961
0.002091321201
0.0001802111247
6.542242389e-06
7.228136056e-05
0.0008401983745
0.003067972371
0.0004996153535
3.589629217e-06
4.004230531e-05
0.000416330903
0.003744365189
0.001115765546
3.755757592e-06
4.278413248e-05
0.0004183136667
0.003904772349
0.00207173953
4.804894201e-06
4.748536488e-05
0.0004036623852
0.003290651691
0.003058128108
4.361394044e-06
3.49215254e-05
0.0002401751532
0.001564187847
0.003561591543
3.488182564e-06
2.394664065e-05
0.0001439038256
0.0008193051488
0.003735101223
3.345433666e-06
2.164356238e-05
0.0001253382193
0.0006962722002
0.003593207683
3.614513685e-06
2.190901997e-05
0.0001196678673
0.0006269544069
0.003114181394
3.644669204e-06
1.994513173e-05
9.805156422e-05
0.0004579402603
0.002039916784
3.35060194e-06
1.631556598e-05
7.127605265e-05
0.0002937593561
0.001152697534
3.27786977e-06
1.487238633e-05
6.156895903e-05
0.0002440271101
0.0009401255846
3.564052611e-06
1.516519661e-05
6.022173903e-05
0.0002303105147
0.0008590352503
4.068061369e-06
1.620369395e-05
6.083826486e-05
0.0002200949859
0.0007751755862
4.523179044e-06
1.661616952e-05
5.773195474e-05
0.0001930632874
0.0006266927145
4.745181081e-06
1.592502037e-05
5.093971317e-05
0.0001571714887
0.0004706193999
4.929580127e-06
1.536910462e-05
4.630789826e-05
0.0001360773155
0.0003921582838
5.313570322e-06
1.570338785e-05
4.540321392e-05
0.0001291606203
0.0003624086402
6.01220127e-06
1.69604706e-05
4.71822898e-05
0.0001296312726
0.0003514610156
6.99593175e-06
1.878442589e-05
4.999992663e-05
0.0001317842469
0.0003432933554
8.167549246e-06
2.080883747e-05
5.281003579e-05
0.0001331213365
0.0003323143492
9.474014862e-06
2.28880195e-05
5.53142424e-05
0.0001331165054
0.0003175325188
1.093544023e-05
2.509206179e-05
5.783735549e-05
0.000133120287
0.0003042185611
1.272820353e-05
2.787892091e-05
6.160082249e-05
0.0001363531815
0.0003003613084
1.519006122e-05
3.194707901e-05
6.802032719e-05
0.0001454647644
0.0003100385991
1.870271684e-05
3.79070818e-05
7.797307995e-05
0.000161334147
0.000332838404
2.369768316e-05
4.639978889e-05
9.229664913e-05
0.0001847547345
0.0003686095954
3.073927144e-05
5.819911305e-05
0.0001119118451
0.0002164552596
0.0004169939465
4.081446341e-05
7.446345586e-05
0.0001381523396
0.0002576603832
0.0004785492086
5.514491668e-05
9.678149859e-05
0.0001727052914
0.0003096975064
0.0005536720303
7.588329697e-05
0.0001275177067
0.0002179355552
0.0003748355998
0.0006448920349
0.0001063698839
0.0001702067718
0.0002778444653
0.000458670626
0.000761624279
0.0001507263145
0.0002296214504
0.0003593430492
0.0005729649494
0.0009241751811
0.0002122094345
0.0003108034479
0.0004708917285
0.0007309501925
0.001148734334
0.0002960337912
0.0004232843917
0.0006279158468
0.0009540072356
0.00145240097
0.0004175459185
0.0005899912307
0.0008621747068
0.001276522013
0.00183079792
0.0006124577581
0.0008561088594
0.001219962759
0.001703072046
0.002230101852
0.0009518130609
0.001283030499
0.001702571801
0.002161975817
0.002607626525
0.001490749023
0.001833903963
0.002211595167
0.002588839676
0.002928392891
0.00208741466
0.002369458641
0.0026622016
0.002937354195
0.003166957011
0.002603033261
0.00280593931
0.003005959551
0.003180646396
0.003309171208
0.002982190895
0.003108168858
0.003222637178
0.003308666911
0.00335145174
0.003207763643
0.003267021297
0.003309478834
0.00332322362
0.00329847487
0.003282395355
0.003288398119
0.00327494826
0.00323438732
0.003160858377
0.003220502763
0.003187932522
0.003135194643
0.003057916495
0.002953225853
0.003045632452
0.002988615699
0.002912101901
0.002814142552
0.002693907546
0.002787981407
0.002718691022
0.002631439796
0.002525849276
0.002402311773
0.002479654929
0.002407359128
0.002319120484
0.002215783691
0.002098360122
0.002150590863
0.002082190489
0.002000208304
0.00190558265
0.001799736137
0.001826207658
0.001764826098
0.001691451878
0.001608408304
0.001516883987
0.001523634301
0.001471560484
0.001410104152
0.001340477517
0.001263987251
0.001256421967
0.00121343488
0.001162886952
0.00110576557
0.001043166448
0.00102652385
0.0009917538321
0.0009509273839
0.0009048508398
0.0008544109341
0.0008330336446
0.0008053171513
0.0007727840953
0.0007360756341
0.0006958926624
0.0006729650444
0.0006510873816
0.0006253998707
0.0005964020312
0.0005646386523
0.0005422365196
0.0005250712627
0.0005049025845
0.0004821145067
0.0004571258651
0.0004364375181
0.0004230099945
0.0004072183699
0.0003893556107
0.0003697417257
0.000351316328
0.0003408195313
0.0003284618522
0.0003144660854
0.0002990761805
0.0002830540733
0.0002748397936
0.0002651591224
0.0002541815446
0.0002420931858
0.0002283688674
0.0002219266853
0.0002143268891
0.0002056988162
0.0001961849458
0.0001845382326
0.0001794719309
0.0001734898873
0.0001666912829
0.0001591857077
0.0001493432045
0.0001453472429
0.0001406253719
0.0001352541237
0.0001293182926
0.000121017298
0.0001178573023
0.000114120928
0.0001098675899
0.0001051632696
9.814836914e-05
9.564404365e-05
9.268153459e-05
8.930727026e-05
8.557289733e-05
7.964319038e-05
7.765613824e-05
7.530475741e-05
7.262548619e-05
6.965889974e-05
6.463110514e-05
6.305356866e-05
6.118644499e-05
5.905847741e-05
5.67016778e-05
5.254140066e-05
5.128810953e-05
4.980457065e-05
4.811346152e-05
4.624003119e-05
4.357351996e-05
4.255766383e-05
4.135497008e-05
3.998371606e-05
3.84642519e-05
9.024066175e-06
6.047013705e-07
7.953499146e-08
1.514292215e-08
3.672664094e-09
9.494721538e-10
2.412521963e-10
6.258257515e-11
1.831353403e-11
6.901405372e-12
3.515884623e-12
2.21284134e-12
1.540061462e-12
1.114442857e-12
8.175453738e-13
6.02351271e-13
4.445325352e-13
3.285726613e-13
2.435268723e-13
1.812857766e-13
1.357950965e-13
1.025338419e-13
7.815132057e-14
6.018671099e-14
4.685234108e-14
3.685456214e-14
2.925992473e-14
2.34009355e-14
1.880682854e-14
1.515097269e-14
1.220956404e-14
9.828245704e-15
7.896614383e-15
6.330667301e-15
5.061974219e-15
4.0325722e-15
3.193930709e-15
2.507590111e-15
1.945208918e-15
1.486935649e-15
1.118459733e-15
8.280141467e-16
6.043868223e-16
4.36261069e-16
3.125301415e-16
2.229938619e-16
1.589547035e-16
1.134589182e-16
8.122352835e-17
5.836950166e-17
4.210683339e-17
3.045340505e-17
2.200913294e-17
1.578903113e-17
1.110310182e-17
7.471829575e-18
4.571390658e-18
2.277517635e-18
6.575390432e-19
6.458525087e-20
7.571648541e-06
6.803515841e-07
1.135346307e-07
2.486409751e-08
6.499942707e-09
1.805747694e-09
5.320046334e-10
1.863775016e-10
8.491304513e-11
4.853544206e-11
3.119645754e-11
2.105286319e-11
1.444743152e-11
9.983397131e-12
6.9289512e-12
4.832678324e-12
3.392382986e-12
2.400534839e-12
1.715328971e-12
1.239474316e-12
9.068534572e-13
6.725329673e-13
5.059490901e-13
3.861958294e-13
2.990039774e-13
2.345643486e-13
1.860997996e-13
1.489310232e-13
1.198601241e-13
9.6726106e-14
7.808773439e-14
6.297244895e-14
5.0690773e-14
4.071985401e-14
3.263231257e-14
2.606233056e-14
2.070030006e-14
1.629990995e-14
1.268097746e-14
9.719804448e-15
7.329331925e-15
5.438483622e-15
3.978428813e-15
2.878103243e-15
2.066602215e-15
1.478190467e-15
1.056452333e-15
7.561642471e-16
5.42876451e-16
3.912426831e-16
2.830265643e-16
2.052538808e-16
1.487278258e-16
1.069539819e-16
7.537483627e-17
5.084328342e-17
3.129031393e-17
1.592038684e-17
5.131219692e-18
6.946795435e-19
7.066847375e-06
5.06760609e-07
8.670153102e-08
2.280234069e-08
7.125532664e-09
2.504296555e-09
1.031747407e-09
5.338319207e-10
3.299755763e-10
2.244289513e-10
1.569216749e-10
1.102274394e-10
7.675417823e-11
5.294552423e-11
3.619818085e-11
2.46260985e-11
1.674787169e-11
1.144430383e-11
7.897135395e-12
5.524818948e-12
3.930029383e-12
2.847174182e-12
2.102550046e-12
1.582564091e-12
1.213043937e-12
9.452158577e-13
7.467643948e-13
5.962073486e-13
4.793582544e-13
3.868859328e-13
3.126670447e-13
2.526306343e-13
2.03926412e-13
1.644098883e-13
1.32342477e-13
1.062427928e-13
8.486111925e-14
6.721156838e-14
5.258898425e-14
4.052709733e-14
3.071227311e-14
2.289222204e-14
1.681557441e-14
1.221152156e-14
8.800687712e-15
6.317985168e-15
4.532423923e-15
3.256814715e-15
2.347670768e-15
1.699009604e-15
1.234315112e-15
8.989351059e-16
6.540319995e-16
4.721052519e-16
3.338162561e-16
2.258956127e-16
1.399007974e-16
7.220034673e-17
2.453423275e-17
3.809521443e-18
2.220107173e-05
9.872062413e-07
9.142111218e-08
2.107968658e-08
7.984530623e-09
3.824335111e-09
2.159254743e-09
1.395778444e-09
9.795704656e-10
7.140249118e-10
5.241186488e-10
3.826471798e-10
2.755973899e-10
1.956224514e-10
1.367400603e-10
9.439792271e-11
6.455221415e-11
4.395692699e-11
2.996914193e-11
2.058615437e-11
1.43257374e-11
1.014390025e-11
7.329380093e-12
5.411004756e-12
4.08077215e-12
3.138208875e-12
2.453616483e-12
1.943087125e-12
1.552618057e-12
1.247541084e-12
1.005477769e-12
8.116416205e-13
6.557833639e-13
5.302572382e-13
4.289314854e-13
3.466267294e-13
2.790365481e-13
2.228522742e-13
1.758211971e-13
1.365697907e-13
1.042593355e-13
7.823907439e-14
5.782881771e-14
4.223815382e-14
3.060672558e-14
2.20878356e-14
1.592638004e-14
1.150126153e-14
8.331565243e-15
6.059540774e-15
4.424792737e-15
3.239562069e-15
2.369456734e-15
1.719057895e-15
1.221198774e-15
8.302137982e-16
5.180370657e-16
2.712859525e-16
9.611795962e-17
1.689632012e-17
6.32825183e-05
2.857682177e-06
2.062281211e-07
2.9086765e-08
1.140608557e-08
6.774921727e-09
4.500423339e-09
3.165316293e-09
2.319274232e-09
1.740391636e-09
1.316966903e-09
9.949495555e-10
7.448391838e-10
5.507165017e-10
4.01062933e-10
2.8782546e-10
2.036307959e-10
1.424833269e-10
9.891619709e-11
6.851750567e-11
4.760125979e-11
3.337834635e-11
2.3739535e-11
1.719455851e-11
1.270691996e-11
9.580860059e-12
7.355641767e-12
5.731808375e-12
4.516804663e-12
3.587434809e-12
2.864519058e-12
2.296077799e-12
1.846639838e-12
1.490392826e-12
1.207055989e-12
9.796826072e-13
7.94184001e-13
6.39838082e-13
5.096017214e-13
3.995453571e-13
3.076772295e-13
2.327062326e-13
1.73210198e-13
1.273283563e-13
9.283427017e-14
6.740347938e-14
4.889294358e-14
3.551201546e-14
2.58657046e-14
1.890946772e-14
1.387737739e-14
1.021169471e-14
7.508279712e-15
5.477027122e-15
3.912791433e-15
2.67681065e-15
1.685566415e-15
8.976799657e-16
3.313185394e-16
6.702223812e-17
0.0002110538801
1.15051282e-05
7.174632025e-07
7.534081852e-08
2.291978731e-08
1.304532616e-08
8.767591725e-09
6.25370559e-09
4.631379651e-09
3.518114866e-09
2.711847097e-09
2.102425075e-09
1.627843916e-09
1.252611034e-09
9.541587948e-10
7.180324828e-10
5.330328187e-10
3.904789746e-10
2.8245311e-10
2.023539981e-10
1.44037554e-10
1.024219135e-10
7.309931227e-11
5.265624667e-11
3.842449357e-11
2.848213321e-11
2.144773444e-11
1.638405109e-11
1.266345641e-11
9.877286176e-12
7.758393954e-12
6.129812324e-12
4.870622988e-12
3.894600653e-12
3.136351509e-12
2.54219153e-12
2.067106645e-12
1.676410825e-12
1.347213077e-12
1.066819061e-12
8.294753923e-13
6.32673394e-13
4.74162248e-13
3.50480653e-13
2.567760659e-13
1.873670461e-13
1.366567879e-13
9.983965927e-14
7.315265014e-14
5.378772669e-14
3.968929901e-14
2.93578918e-14
2.169890582e-14
1.591739198e-14
1.144630316e-14
7.898362682e-15
5.037084687e-15
2.744151692e-15
1.062890454e-15
2.509722548e-16
0.0006766909579
4.626659582e-05
3.000502747e-06
2.853293107e-07
4.915641792e-08
2.229545715e-08
1.420527816e-08
1.008341241e-08
7.521516066e-09
5.780764499e-09
4.52921725e-09
3.589905962e-09
2.860686621e-09
2.280509619e-09
1.811556952e-09
1.429453525e-09
1.117526243e-09
8.64050813e-10
6.598821177e-10
4.978589531e-10
3.713750602e-10
2.745786281e-10
2.01801816e-10
1.480677178e-10
1.08900797e-10
8.064229393e-11
6.026964636e-11
4.550976278e-11
3.46874371e-11
2.664401874e-11
2.05878395e-11
1.598812904e-11
1.248125473e-11
9.808029945e-12
7.775044891e-12
6.22836741e-12
5.034432595e-12
4.083099822e-12
3.298194664e-12
2.634317449e-12
2.068902848e-12
1.593479795e-12
1.203784601e-12
8.945440123e-13
6.574302559e-13
4.807970759e-13
3.515684791e-13
2.577473077e-13
1.896949941e-13
1.402031949e-13
1.040317706e-13
7.739362653e-14
5.75415875e-14
4.248311739e-14
3.079505102e-14
2.14944922e-14
1.395300492e-14
7.839856263e-15
3.230625117e-15
8.965657676e-16
0.001341720784
0.000171193358
1.365942324e-05
1.08610103e-06
1.384807745e-07
4.029583515e-08
2.137429462e-08
1.436406634e-08
1.054967798e-08
8.100477548e-09
6.38966014e-09
5.128258828e-09
4.160317105e-09
3.394411834e-09
2.774368754e-09
2.264452925e-09
1.841067082e-09
1.488167e-09
1.193956754e-09
9.494819298e-10
7.476608745e-10
5.827025226e-10
4.495421728e-10
3.437696565e-10
2.611973662e-10
1.978337462e-10
1.498298326e-10
1.13773226e-10
8.674261966e-11
6.642942596e-11
5.105359571e-11
3.933551949e-11
3.037042831e-11
2.351963561e-11
1.831016219e-11
1.438148415e-11
1.142876791e-11
9.168413795e-12
7.37659981e-12
5.908135549e-12
4.677893527e-12
3.641496046e-12
2.779618497e-12
2.081710441e-12
1.536336846e-12
1.125048317e-12
8.226254056e-13
6.030581611e-13
4.442211438e-13
3.29062129e-13
2.450610456e-13
1.832080652e-13
1.370368225e-13
1.019152733e-13
7.456624702e-14
5.272857781e-14
3.491173799e-14
2.02670882e-14
8.895029224e-15
2.853733846e-15
0.002093990358
0.0004054891123
4.808756171e-05
4.629470659e-06
4.56374033e-07
8.659670331e-08
3.338778925e-08
1.961631941e-08
1.372174845e-08
1.035085021e-08
8.134749192e-09
6.559511988e-09
5.378864243e-09
4.457734707e-09
3.716435952e-09
3.105860375e-09
2.594702177e-09
2.162361389e-09
1.794723801e-09
1.481597693e-09
1.215250947e-09
9.895953531e-10
7.996563082e-10
6.409567183e-10
5.09559757e-10
4.020316576e-10
3.150621265e-10
2.456374876e-10
1.908912907e-10
1.481274288e-10
1.148617668e-10
8.900809217e-11
6.890553627e-11
5.329833918e-11
4.12279472e-11
3.195905167e-11
2.492298936e-11
1.961549956e-11
1.555013015e-11
1.2350105e-11
9.771379973e-12
7.661143278e-12
5.919551221e-12
4.48905728e-12
3.340747309e-12
2.455283603e-12
1.795915519e-12
1.314427816e-12
9.660570927e-13
7.145568744e-13
5.323189309e-13
3.989989483e-13
2.999390421e-13
2.247392343e-13
1.661602463e-13
1.192338566e-13
8.06656487e-14
4.847037409e-14
2.268490955e-14
8.267666976e-15
0.002863300304
0.0008220988681
0.0001237147748
1.569738983e-05
1.739225781e-06
2.371468254e-07
5.964622168e-08
2.757678999e-08
1.743572652e-08
1.260837259e-08
9.740484215e-09
7.824541698e-09
6.445753409e-09
5.397761362e-09
4.566620425e-09
3.885572308e-09
3.313942007e-09
2.826124521e-09
2.405435129e-09
2.040565983e-09
1.723245058e-09
1.447779117e-09
1.20920452e-09
1.003484638e-09
8.271253156e-10
6.770525644e-10
5.504861133e-10
4.44702762e-10
3.570558486e-10
2.850688904e-10
2.264000311e-10
1.789307651e-10
1.407828733e-10
1.103207629e-10
8.614176897e-11
6.706701983e-11
5.212180229e-11
4.054292688e-11
3.164036238e-11
2.476907784e-11
1.938799176e-11
1.512610085e-11
1.17305074e-11
9.005255595e-12
6.803291285e-12
5.050853635e-12
3.708212063e-12
2.712751677e-12
1.988154005e-12
1.465038292e-12
1.088005159e-12
8.147482349e-13
6.138676966e-13
4.62741204e-13
3.456501039e-13
2.519077157e-13
1.743565297e-13
1.085961579e-13
5.422281494e-14
2.203904802e-14
0.003452868636
0.001395957471
0.0002802144129
4.194376233e-05
5.578130198e-06
6.925577007e-07
1.243079984e-07
4.14100193e-08
2.227233699e-08
1.501921258e-08
1.124339307e-08
8.919302747e-09
7.337676972e-09
6.180710659e-09
5.285242561e-09
4.560848523e-09
3.954951513e-09
3.435504132e-09
2.983663073e-09
2.586456931e-09
2.235064223e-09
1.92341384e-09
1.647060212e-09
1.402585598e-09
1.187209005e-09
9.985520903e-10
8.344888671e-10
6.930044436e-10
5.72032764e-10
4.694745436e-10
3.832308255e-10
3.111719845e-10
2.512573742e-10
2.016970575e-10
1.609726972e-10
1.277593947e-10
1.008417977e-10
7.914550885e-11
6.179978691e-11
4.807918155e-11
3.73195441e-11
2.888200222e-11
2.226086164e-11
1.707696635e-11
1.301542973e-11
9.809546782e-12
7.290316128e-12
5.358470051e-12
3.922186651e-12
2.877998525e-12
2.126871528e-12
1.586553018e-12
1.193968964e-12
9.026893824e-13
6.798185813e-13
5.027072176e-13
3.560472088e-13
2.300005851e-13
1.224322237e-13
5.454105973e-14
0.003688749021
0.002016698303
0.0005474582393
9.700722379e-05
1.62229777e-05
2.417538327e-06
3.598592732e-07
7.894507123e-08
3.091055787e-08
1.80520203e-08
1.272828176e-08
9.843573623e-09
8.029160124e-09
6.769499681e-09
5.826948638e-09
5.082154416e-09
4.467197377e-09
3.941561715e-09
3.481499438e-09
3.072569143e-09
2.705322245e-09
2.37367042e-09
2.07360149e-09
1.802328743e-09
1.557794387e-09
1.338377355e-09
1.142709677e-09
9.695283291e-10
8.175474989e-10
6.85372213e-10
5.714609633e-10
4.741228106e-10
3.915246838e-10
3.218193744e-10
2.632601499e-10
2.142666816e-10
1.733961043e-10
1.393590976e-10
1.110833791e-10
8.771125746e-11
6.861039141e-11
5.323370985e-11
4.10057618e-11
3.138010058e-11
2.387935349e-11
1.807539397e-11
1.358431453e-11
1.011151098e-11
7.453804068e-12
5.467415625e-12
4.020052947e-12
2.981073375e-12
2.234156924e-12
1.688286481e-12
1.277547914e-12
9.560511408e-13
6.920486366e-13
4.636395528e-13
2.627538152e-13
1.263761935e-13
0.003687525594
0.002596678245
0.0009134016156
0.0001948169934
3.543016976e-05
6.666567135e-06
1.12874172e-06
1.998909908e-07
5.164633582e-08
2.285292391e-08
1.428469163e-08
1.052134132e-08
8.413742103e-09
7.066537182e-09
6.094949268e-09
5.365207095e-09
4.770186588e-09
4.263608621e-09
3.818858533e-09
3.420249673e-09
3.058169278e-09
2.726656848e-09
2.421932866e-09
2.141548169e-09
1.883893229e-09
1.647889798e-09
1.43279591e-09
1.238046064e-09
1.063123852e-09
9.074517216e-10
7.702835464e-10
6.50615066e-10
5.471523781e-10
4.583823574e-10
3.826733805e-10
3.183492057e-10
2.637801025e-10
2.174389859e-10
1.779800526e-10
1.443593935e-10
1.157778873e-10
9.169264045e-11
7.169536101e-11
5.536583551e-11
4.231543531e-11
3.208077707e-11
2.416058696e-11
1.809823284e-11
1.34801258e-11
9.97589658e-12
7.354049081e-12
5.433116686e-12
4.047640043e-12
3.046777428e-12
2.308070774e-12
1.741983975e-12
1.285628028e-12
8.929404829e-13
5.380659813e-13
2.762119273e-13
0.00355674101
0.003109031222
0.00137879502
0.0003655622928
7.420186163e-05
1.485578232e-05
3.101091691e-06
5.844089587e-07
1.171256112e-07
3.456824849e-08
1.673731123e-08
1.10355109e-08
8.471367117e-09
7.022176077e-09
6.036388183e-09
5.332521329e-09
4.770013039e-09
4.297728731e-09
3.886134466e-09
3.517955518e-09
3.182829724e-09
2.874419195e-09
2.588794812e-09
2.323444796e-09
2.076700128e-09
1.847378186e-09
1.634655686e-09
1.43806579e-09
1.257474377e-09
1.092933567e-09
9.444296787e-10
8.117979172e-10
6.946646631e-10
5.922851998e-10
5.035411163e-10
4.270402021e-10
3.612302076e-10
3.045465336e-10
2.555273226e-10
2.129176638e-10
1.757455288e-10
1.432992531e-10
1.151620506e-10
9.108659399e-11
7.090302422e-11
5.44091556e-11
4.125852598e-11
3.1004168e-11
2.316732128e-11
1.725053721e-11
1.281424349e-11
9.511262486e-12
7.083069403e-12
5.315822486e-12
4.022885784e-12
3.051947694e-12
2.287852496e-12
1.642748591e-12
1.050600965e-12
5.725412571e-13
0.003271629609
0.0034849112
0.001907536086
0.0006330534124
0.0001475862929
3.144485612e-05
7.053246331e-06
1.643322882e-06
3.494065021e-07
7.893857139e-08
2.567347945e-08
1.292006172e-08
8.685034486e-09
6.80710441e-09
5.718075728e-09
4.983467532e-09
4.433628756e-09
3.992188631e-09
3.619923856e-09
3.294884781e-09
3.003996017e-09
2.739109842e-09
2.49499379e-09
2.268222524e-09
2.05650157e-09
1.858299853e-09
1.672587518e-09
1.498644898e-09
1.335995407e-09
1.184554382e-09
1.04463621e-09
9.164923627e-10
8.002004268e-10
6.958611443e-10
6.032866225e-10
5.217719771e-10
4.503314948e-10
3.877887325e-10
3.328413707e-10
2.842628546e-10
2.410212506e-10
2.023389405e-10
1.677019836e-10
1.368554505e-10
1.097126839e-10
8.630824529e-11
6.667651232e-11
5.071335312e-11
3.813035418e-11
2.847673949e-11
2.121881791e-11
1.582305421e-11
1.183438908e-11
8.905562385e-12
6.755263852e-12
5.151747637e-12
3.910844104e-12
2.887249138e-12
1.950927051e-12
1.129107533e-12
0.002823126363
0.003682685048
0.002417870601
0.0009901684246
0.0002734329043
6.352278618e-05
1.497827722e-05
3.801136193e-06
1.01378418e-06
2.558883222e-07
6.636054135e-08
2.217147034e-08
1.071127007e-08
6.975323272e-09
5.354982375e-09
4.453367461e-09
3.85894184e-09
3.423864961e-09
3.082461658e-09
2.800967806e-09
2.560204311e-09
2.348471218e-09
2.158249239e-09
1.984515945e-09
1.82381589e-09
1.673716573e-09
1.532505263e-09
1.399013755e-09
1.272476628e-09
1.152531409e-09
1.039236903e-09
9.329111844e-10
8.339654678e-10
7.426652438e-10
6.591617566e-10
5.834483268e-10
5.151642009e-10
4.537194582e-10
3.983412012e-10
3.482272628e-10
3.026299118e-10
2.608776099e-10
2.224752984e-10
1.871723154e-10
1.549295145e-10
1.258588932e-10
1.00173138e-10
7.808403762e-11
5.971781729e-11
4.501935174e-11
3.367317111e-11
2.51603591e-11
1.88748258e-11
1.426227345e-11
1.087263769e-11
8.35145864e-12
6.419377213e-12
4.85139379e-12
3.439808397e-12
2.119131788e-12
0.002103891477
0.003674813591
0.00284823416
0.001391932588
0.0004646948995
0.0001204382063
2.989463817e-05
7.961500525e-06
2.302778232e-06
7.078859752e-07
2.150895316e-07
6.152070516e-08
1.962167828e-08
8.771717918e-09
5.442326886e-09
4.048017224e-09
3.292617187e-09
2.812377951e-09
2.474115827e-09
2.218539481e-09
2.015373386e-09
1.847487405e-09
1.704360066e-09
1.579131307e-09
1.467128591e-09
1.365042052e-09
1.27047182e-09
1.181677442e-09
1.097427487e-09
1.016918474e-09
9.396749974e-10
8.654902797e-10
7.944183187e-10
7.266691653e-10
6.624894839e-10
6.021626794e-10
5.457814856e-10
4.930924697e-10
4.437259532e-10
3.973131433e-10
3.535225978e-10
3.121329672e-10
2.729932687e-10
2.359484236e-10
2.009961268e-10
1.683278913e-10
1.382594808e-10
1.111673589e-10
8.742735581e-11
6.734734911e-11
5.105205204e-11
3.838320702e-11
2.88768679e-11
2.188632093e-11
1.676738919e-11
1.298151904e-11
1.010526059e-11
7.801822217e-12
5.765038128e-12
3.787118742e-12
0.00145727766
0.003541443226
0.00318079138
0.001807260501
0.0007169384098
0.0002128547579
5.662127992e-05
1.558941675e-05
4.670280616e-06
1.516713281e-06
5.207219149e-07
1.736057501e-07
5.001537533e-08
1.526250631e-08
6.67157826e-09
4.060908868e-09
2.959579783e-09
2.363782914e-09
1.988524762e-09
1.72887795e-09
1.538488151e-09
1.392751524e-09
1.277273214e-09
1.183092851e-09
1.10429501e-09
1.036713304e-09
9.773670874e-10
9.240755818e-10
8.751981923e-10
8.294772902e-10
7.859396009e-10
7.438463779e-10
7.026671966e-10
6.620741738e-10
6.21910009e-10
5.821542942e-10
5.428491619e-10
5.039795123e-10
4.655211454e-10
4.274125448e-10
3.895793406e-10
3.520411111e-10
3.149521617e-10
2.786179111e-10
2.43275015e-10
2.091569522e-10
1.766545888e-10
1.462580023e-10
1.184916663e-10
9.387544847e-11
7.285296719e-11
5.56785236e-11
4.228291991e-11
3.222356187e-11
2.482036045e-11
1.936938914e-11
1.526720236e-11
1.202319188e-11
9.203258398e-12
6.433181746e-12
0.001184079403
0.003389607646
0.003431797531
0.00221569124
0.001019386072
0.000350458447
0.0001015380617
2.891395298e-05
8.832010434e-06
2.925300632e-06
1.035454309e-06
3.750663071e-07
1.229642513e-07
3.326280742e-08
1.035068608e-08
4.797626531e-09
2.980957936e-09
2.159773349e-09
1.699220969e-09
1.406257261e-09
1.205644046e-09
1.061847914e-09
9.555200921e-10
8.750583616e-10
8.129994777e-10
7.642745554e-10
7.255519793e-10
6.942507125e-10
6.68468363e-10
6.46692293e-10
6.276488833e-10
6.101724784e-10
5.93218519e-10
5.758907301e-10
5.574888522e-10
5.375331794e-10
5.157480168e-10
4.920085953e-10
4.662992576e-10
4.386734094e-10
4.092368413e-10
3.781957976e-10
3.458157881e-10
3.124546511e-10
2.786533487e-10
2.449628746e-10
2.118642781e-10
1.799114288e-10
1.4972903e-10
1.219627327e-10
9.724156182e-11
7.610055479e-11
5.884522082e-11
4.540107007e-11
3.529029007e-11
2.779924227e-11
2.219115151e-11
1.780481345e-11
1.404733677e-11
1.037720347e-11
0.001070068533
0.003209616422
0.003599824728
0.002598560379
0.00136058386
0.0005395388857
0.0001728727975
5.161177445e-05
1.59855913e-05
5.328657192e-06
1.90273387e-06
7.093789256e-07
2.611946238e-07
7.843455088e-08
2.01662801e-08
6.86571612e-09
3.476990814e-09
2.232146652e-09
1.616690795e-09
1.254821301e-09
1.021347787e-09
8.626022561e-10
7.51319045e-10
6.719480651e-10
6.148899723e-10
5.738850207e-10
5.44728665e-10
5.245068657e-10
5.111072809e-10
5.028701073e-10
4.983673333e-10
4.962564886e-10
4.951760732e-10
4.93828765e-10
4.910838103e-10
4.860751852e-10
4.782205444e-10
4.671917599e-10
4.528627876e-10
4.352519698e-10
4.144734379e-10
3.907382961e-10
3.643510273e-10
3.356699726e-10
3.05163064e-10
2.734943566e-10
2.413860962e-10
2.094836945e-10
1.784620199e-10
1.490541086e-10
1.219971331e-10
9.798708637e-11
7.757865506e-11
6.102468318e-11
4.815468784e-11
3.842391334e-11
3.10995771e-11
2.540468783e-11
2.058320481e-11
1.593381468e-11
0.001002231897
0.002993343495
0.003683944045
0.002936025787
0.001721792301
0.0007767942084
0.0002791222981
8.871450813e-05
2.798772584e-05
9.360944491e-06
3.344868161e-06
1.259563098e-06
4.804360941e-07
1.66219979e-07
4.458253884e-08
1.212292132e-08
4.767071569e-09
2.617583044e-09
1.725375781e-09
1.250528716e-09
9.615905276e-10
7.732451561e-10
6.461279885e-10
5.589903046e-10
4.991853653e-10
4.586850549e-10
4.321603239e-10
4.160784918e-10
4.079646941e-10
4.059208885e-10
4.084039269e-10
4.13990011e-10
4.212536444e-10
4.287793199e-10
4.352763993e-10
4.396187298e-10
4.409954197e-10
4.388742455e-10
4.329792984e-10
4.232407094e-10
4.097107205e-10
3.925394123e-10
3.719675734e-10
3.483153248e-10
3.219876704e-10
2.935310746e-10
2.636694909e-10
2.331700644e-10
2.027494857e-10
1.731581409e-10
1.451895801e-10
1.196284494e-10
9.716879085e-11
7.827630476e-11
6.304845959e-11
5.118431903e-11
4.209262465e-11
3.500335807e-11
2.905414104e-11
2.339011453e-11
0.0009410902131
0.002740215765
0.003686944692
0.003211556702
0.002080518289
0.001051252425
0.0004243279093
0.0001453544287
4.730449273e-05
1.590251379e-05
5.67499147e-06
2.141120693e-06
8.363985497e-07
3.232813865e-07
1.02673386e-07
2.584429013e-08
7.77999124e-09
3.481031124e-09
2.038644494e-09
1.372827307e-09
9.985770055e-10
7.657340103e-10
6.134055707e-10
5.115593943e-10
4.433538983e-10
3.984876337e-10
3.702815221e-10
3.542405366e-10
3.472634414e-10
3.471161334e-10
3.520331535e-10
3.605163304e-10
3.711409091e-10
3.825069038e-10
3.933046039e-10
4.024080725e-10
4.089353497e-10
4.122524262e-10
4.119353324e-10
4.077510381e-10
3.996343763e-10
3.876466484e-10
3.71971429e-10
3.528491324e-10
3.306004997e-10
3.056834398e-10
2.787112525e-10
2.504501218e-10
2.21677048e-10
1.931240967e-10
1.655558187e-10
1.397626673e-10
1.164801211e-10
9.627506606e-11
7.942116786e-11
6.584032292e-11
5.514606279e-11
4.669913592e-11
3.964794179e-11
3.300408613e-11
0.0008727660338
0.002448030391
0.003612817391
0.003412398254
0.002412898739
0.001346059607
0.0006058669693
0.0002271061401
7.741624574e-05
2.633041811e-05
9.404023375e-06
3.547202431e-06
1.397351846e-06
5.567114819e-07
2.062979764e-07
5.883852013e-08
1.518471685e-08
5.332162059e-09
2.667169498e-09
1.642060929e-09
1.125860112e-09
8.239153772e-10
6.335980682e-10
5.09472803e-10
4.277691909e-10
3.746409839e-10
3.414562009e-10
3.22577501e-10
3.14169841e-10
3.135041043e-10
3.184745716e-10
3.273754703e-10
3.387543811e-10
3.512540468e-10
3.636095055e-10
3.747174026e-10
3.836911068e-10
3.898708912e-10
3.927998472e-10
3.921854278e-10
3.878675546e-10
3.797880649e-10
3.680001042e-10
3.526997327e-10
3.340872148e-10
3.125139336e-10
2.885273371e-10
2.627986336e-10
2.361303614e-10
2.093018457e-10
1.830278573e-10
1.580199412e-10
1.349726624e-10
1.144576523e-10
9.682145224e-11
8.213292773e-11
7.019747279e-11
6.0571253e-11
5.253849433e-11
4.505002266e-11
0.0007949779455
0.002126475363
0.003479706203
0.003539047851
0.002700498958
0.00164095699
0.0008132506862
0.0003344497857
0.0001211150732
4.213324297e-05
1.511530178e-05
5.705778177e-06
2.260022043e-06
9.239540259e-07
3.773014988e-07
1.318372338e-07
3.528930399e-08
9.870233013e-09
3.935572276e-09
2.122489038e-09
1.351745014e-09
9.414493878e-10
6.958685199e-10
5.40298512e-10
4.395296081e-10
3.744415185e-10
3.336232258e-10
3.098181779e-10
2.98193224e-10
2.954189286e-10
2.990912375e-10
3.072536783e-10
3.182693849e-10
3.307481147e-10
3.434550567e-10
3.55304222e-10
3.654047849e-10
3.730803222e-10
3.778506802e-10
3.793981758e-10
3.775343561e-10
3.72177111e-10
3.633374687e-10
3.511173908e-10
3.356810061e-10
3.172111974e-10
2.961496176e-10
2.73030665e-10
2.485816307e-10
2.236529453e-10
1.990306201e-10
1.753388871e-10
1.53163375e-10
1.330243587e-10
1.152792167e-10
1.000703379e-10
8.733629089e-11
7.681709308e-11
6.800111385e-11
5.993283407e-11
0.0007291934425
0.001864310419
0.003326407515
0.003602330034
0.002934075161
0.001919727468
0.001035261915
0.0004659637209
0.0001811572
6.554879431e-05
2.375066398e-05
8.993546576e-06
3.572965068e-06
1.476467159e-06
6.205833702e-07
2.534379894e-07
8.295429699e-08
2.151605521e-08
6.638953591e-09
2.967906586e-09
1.70836799e-09
1.123726665e-09
7.97956291e-10
5.990484207e-10
4.725655266e-10
3.913606438e-10
3.401104741e-10
3.094240151e-10
2.932119406e-10
2.873417163e-10
2.888924902e-10
2.956744464e-10
3.058906706e-10
3.180175235e-10
3.307514756e-10
3.429848991e-10
3.538017796e-10
3.624892569e-10
3.685335478e-10
3.715921125e-10
3.714607469e-10
3.680459333e-10
3.613458138e-10
3.514404469e-10
3.384834131e-10
3.226958498e-10
3.043770801e-10
2.839209707e-10
2.618760466e-10
2.389364223e-10
2.159730654e-10
1.936602631e-10
1.725493186e-10
1.53093111e-10
1.356250864e-10
1.20304868e-10
1.071543608e-10
9.605565578e-11
8.670967549e-11
7.84412109e-11
0.0006940289008
0.001709117883
0.003193751786
0.003626507507
0.003114773448
0.002169410086
0.001258305354
0.0006148614879
0.0002575556026
9.810966038e-05
3.627229164e-05
1.383024345e-05
5.519057996e-06
2.298901262e-06
9.860457537e-07
4.233627925e-07
1.651225607e-07
4.894708014e-08
1.295692306e-08
4.606528637e-09
2.2985028e-09
1.400987229e-09
9.4923591e-10
6.87655352e-10
5.257376582e-10
4.229564955e-10
3.579749859e-10
3.183154494e-10
2.961510996e-10
2.86314292e-10
2.852344594e-10
2.903274938e-10
2.995797188e-10
3.113258668e-10
3.241644676e-10
3.369000082e-10
3.485435057e-10
3.583159958e-10
3.656440038e-10
3.701386148e-10
3.715665159e-10
3.698205413e-10
3.648955171e-10
3.568717732e-10
3.459053655e-10
3.32219585e-10
3.16116865e-10
2.979728739e-10
2.782272345e-10
2.5742184e-10
2.362015438e-10
2.152386218e-10
1.951527004e-10
1.764152607e-10
1.593391329e-10
1.441207466e-10
1.308414951e-10
1.194897392e-10
1.099386772e-10
1.0243888e-10
0.0006926186944
0.001645482949
0.003093199953
0.003624828562
0.003248693526
0.002385178343
0.001473608814
0.0007749428719
0.0003498878599
0.0001409689336
5.398246058e-05
2.080341702e-05
8.349106287e-06
3.499153716e-06
1.519904748e-06
6.726498131e-07
2.946823823e-07
1.080719003e-07
2.993043013e-08
8.527016982e-09
3.427835662e-09
1.84743051e-09
1.17133703e-09
8.127371682e-10
6.006585143e-10
4.689661149e-10
3.862000322e-10
3.351735479e-10
3.055980974e-10
2.909112332e-10
2.867111963e-10
2.898992851e-10
2.981665201e-10
3.096555148e-10
3.228231972e-10
3.363727848e-10
3.492104344e-10
3.60455603e-10
3.694404172e-10
3.756975464e-10
3.789357072e-10
3.790115028e-10
3.759029776e-10
3.696880438e-10
3.605289957e-10
3.48660286e-10
3.343812106e-10
3.180796625e-10
3.00204167e-10
2.81216242e-10
2.616223164e-10
2.419762515e-10
2.228438563e-10
2.047462206e-10
1.880744726e-10
1.73082117e-10
1.599531021e-10
1.488235742e-10
1.401554318e-10
1.349494439e-10
0.0007185654107
0.001644714941
0.003026732087
0.00361190874
0.003345221247
0.002565657921
0.001673083083
0.0009380395224
0.0004545358073
0.0001945347174
7.769890549e-05
3.052221499e-05
1.235356285e-05
5.210959629e-06
2.284205948e-06
1.028537687e-06
4.654316294e-07
2.020049418e-07
6.984539972e-08
1.879416187e-08
5.872491271e-09
2.623395772e-09
1.503497772e-09
9.86171102e-10
7.01425715e-10
5.307483471e-10
4.250183073e-10
3.597164495e-10
3.210219109e-10
3.004802309e-10
2.926027842e-10
2.936377474e-10
3.008829029e-10
3.122505656e-10
3.260207383e-10
3.407602099e-10
3.55260791e-10
3.685154994e-10
3.797332402e-10
3.883343745e-10
3.939343125e-10
3.963191978e-10
3.954202342e-10
3.912901591e-10
3.840834696e-10
3.74039832e-10
3.61468247e-10
3.467515915e-10
3.303455385e-10
3.127326565e-10
2.943961489e-10
2.758370391e-10
2.575558973e-10
2.400432351e-10
2.23775766e-10
2.091874159e-10
1.967041293e-10
1.87152978e-10
1.812508441e-10
1.793613402e-10
0.0007680931165
0.001691007916
0.00299063581
0.003594250302
0.003412108594
0.002713868994
0.001853649913
0.001099039734
0.0005679052552
0.0002584821131
0.0001080437224
4.366535268e-05
1.787307384e-05
7.594446769e-06
3.355074132e-06
1.530614347e-06
7.112297608e-07
3.296633687e-07
1.359510734e-07
4.235857013e-08
1.138559304e-08
4.04722629e-09
2.016138233e-09
1.228949359e-09
8.359911581e-10
6.117276731e-10
4.759075394e-10
3.924826901e-10
3.424740406e-10
3.148045567e-10
3.025330473e-10
3.010606584e-10
3.071750665e-10
3.184908036e-10
3.330930591e-10
3.493837151e-10
3.660174008e-10
3.818593942e-10
3.959742807e-10
4.076409939e-10
4.163471414e-10
4.217712025e-10
4.237598864e-10
4.223049838e-10
4.175230321e-10
4.096361071e-10
3.98953468e-10
3.858641949e-10
3.708304849e-10
3.543577151e-10
3.369594768e-10
3.19170261e-10
3.015453439e-10
2.846456371e-10
2.690648241e-10
2.555104702e-10
2.452564709e-10
2.392556088e-10
2.379749017e-10
2.387330437e-10
0.0008377166123
0.00177239922
0.00298088602
0.003577532626
0.003456771058
0.0028316458
0.002011438026
0.001251838679
0.0006849948754
0.000331048905
0.0001453128229
6.079213343e-05
2.530532377e-05
1.084858589e-05
4.827715672e-06
2.223438789e-06
1.049426097e-06
4.989630138e-07
2.311024281e-07
8.825329669e-08
2.498973315e-08
7.206744632e-09
2.935164324e-09
1.597628027e-09
1.022472982e-09
7.188161854e-10
5.417992186e-10
4.347321895e-10
3.704291716e-10
3.339514884e-10
3.16332943e-10
3.118396868e-10
3.165969686e-10
3.278300909e-10
3.433923501e-10
3.615118705e-10
3.806947722e-10
3.996648089e-10
4.173406228e-10
4.328401899e-10
4.454955807e-10
4.548438161e-10
4.606086089e-10
4.626802923e-10
4.610968822e-10
4.560272471e-10
4.477548097e-10
4.36664535e-10
4.232324324e-10
4.080015154e-10
3.915592238e-10
3.745322424e-10
3.576248472e-10
3.416306906e-10
3.275085765e-10
3.169263712e-10
3.110794517e-10
3.102943909e-10
3.128072856e-10
3.14434257e-10
0.0009262311053
0.001881184418
0.002993900149
0.003563305117
0.003483079152
0.00292168298
0.002145313783
0.001391785712
0.0008006179982
0.0004090698825
0.0001887237026
8.195273614e-05
3.491922988e-05
1.513496384e-05
6.787937205e-06
3.151937604e-06
1.505961213e-06
7.316180741e-07
3.55569782e-07
1.600498269e-07
5.648660233e-08
1.536355285e-08
4.896131121e-09
2.228845405e-09
1.295851906e-09
8.630045226e-10
6.268422525e-10
4.882829763e-10
4.057180637e-10
3.582401922e-10
3.340141968e-10
3.25776961e-10
3.287884141e-10
3.39770596e-10
3.562892552e-10
3.76391434e-10
3.984335502e-10
4.209877995e-10
4.428159356e-10
4.628781672e-10
4.803382016e-10
4.945626807e-10
5.051164743e-10
5.117495127e-10
5.143803296e-10
5.130837612e-10
5.080808052e-10
4.997243875e-10
4.884967088e-10
4.749939258e-10
4.599168503e-10
4.440891316e-10
4.285158228e-10
4.144515464e-10
4.040082421e-10
3.986070383e-10
3.98385189e-10
4.015971319e-10
4.049752532e-10
4.06178632e-10
0.001031920951
0.002006111471
0.003024479092
0.003552612977
0.003494420245
0.002984684424
0.002252096371
0.001513934798
0.0009098577625
0.0004890198626
0.0002370955091
0.000107112242
4.692298834e-05
2.064576334e-05
9.343977999e-06
4.372994765e-06
2.109623275e-06
1.04000145e-06
5.162801411e-07
2.514827481e-07
1.063021384e-07
3.344528401e-08
9.128050765e-09
3.33640418e-09
1.701536896e-09
1.057917831e-09
7.36334038e-10
5.555391355e-10
4.495212686e-10
3.882332371e-10
3.557638317e-10
3.427971431e-10
3.434724427e-10
3.538736156e-10
3.712115913e-10
3.933164622e-10
4.183728822e-10
4.448163137e-10
4.712666896e-10
4.965227793e-10
5.195711736e-10
5.395952121e-10
5.559777348e-10
5.682947637e-10
5.76307994e-10
5.799589988e-10
5.793611316e-10
5.748117164e-10
5.667838959e-10
5.559383019e-10
5.431439503e-10
5.29542238e-10
5.166476742e-10
5.070478718e-10
5.024188926e-10
5.027786395e-10
5.062364184e-10
5.099904827e-10
5.121940266e-10
5.126376019e-10
0.001158055976
0.002141523088
0.003069120407
0.003545009493
0.003492136273
0.003022198093
0.002331505065
0.001614573776
0.001006984603
0.0005658121824
0.0002875125057
0.000135211397
6.107269283e-05
2.740550839e-05
1.254145076e-05
5.920374028e-06
2.881891092e-06
1.438167175e-06
7.280563972e-07
3.684473034e-07
1.758736812e-07
6.770008791e-08
1.91622073e-08
5.679364093e-09
2.399133395e-09
1.343913478e-09
8.835408957e-10
6.417350237e-10
5.041144343e-10
4.249365494e-10
3.819746414e-10
3.629535048e-10
3.604840311e-10
3.698097173e-10
3.876666912e-10
4.116196118e-10
4.39682643e-10
4.701549017e-10
5.015260674e-10
5.324442532e-10
5.617238142e-10
5.883605301e-10
6.115420055e-10
6.306497251e-10
6.452571406e-10
6.551284378e-10
6.602516503e-10
6.608398964e-10
6.573443661e-10
6.505117784e-10
6.414575116e-10
6.31778987e-10
6.243576569e-10
6.211149571e-10
6.222467882e-10
6.257802976e-10
6.292476447e-10
6.313239621e-10
6.319836745e-10
6.318654233e-10
0.001321037139
0.002292513963
0.003127322639
0.003540231138
0.003477260715
0.00303453253
0.002381397801
0.001690637772
0.001088809573
0.0006361928681
0.0003376407877
0.000165295262
7.70945291e-05
3.538174082e-05
1.6420541e-05
7.827568512e-06
3.844249534e-06
1.938482818e-06
9.957377913e-07
5.142888661e-07
2.616909397e-07
1.194557436e-07
4.182075676e-08
1.143794647e-08
3.814668813e-09
1.817018927e-09
1.095208669e-09
7.560822957e-10
5.732548523e-10
4.700452621e-10
4.134197846e-10
3.86540738e-10
3.798210151e-10
3.873531105e-10
4.052433132e-10
4.307229421e-10
4.616144504e-10
4.960727782e-10
5.324702651e-10
5.693215916e-10
6.052823253e-10
6.391670629e-10
6.699669473e-10
6.96854665e-10
7.191849118e-10
7.365486784e-10
7.487890635e-10
7.559985438e-10
7.586032497e-10
7.574703822e-10
7.540492745e-10
7.511944357e-10
7.508066329e-10
7.534280211e-10
7.576517171e-10
7.608457671e-10
7.622926964e-10
7.624060042e-10
7.61907397e-10
7.61516013e-10
0.001551903588
0.002471536253
0.003200762603
0.003537816696
0.003450115195
0.003022927327
0.002402569335
0.001740292696
0.001151174544
0.0006956960265
0.0003840588833
0.0001955073378
9.42422744e-05
4.434966014e-05
2.094322317e-05
1.009749478e-05
5.006907272e-06
2.550277603e-06
1.327042065e-06
6.98790149e-07
3.673694769e-07
1.8397242e-07
7.737523013e-08
2.37868942e-08
6.690632929e-09
2.603295784e-09
1.396853458e-09
9.062975835e-10
6.601840631e-10
5.252250403e-10
4.509982423e-10
4.139958712e-10
4.01607175e-10
4.063976452e-10
4.236533734e-10
4.501649931e-10
4.83526667e-10
5.217452388e-10
5.630748363e-10
6.059161666e-10
6.487858801e-10
6.903315903e-10
7.29354985e-10
7.648069548e-10
7.958414083e-10
8.21882949e-10
8.426033503e-10
8.579847225e-10
8.684332785e-10
8.749478217e-10
8.800283898e-10
8.853152942e-10
8.912048339e-10
8.974690509e-10
9.015150469e-10
9.026008399e-10
9.019980236e-10
9.006989588e-10
8.995057893e-10
8.989960487e-10
0.00184556608
0.002674729102
0.003283989108
0.003533833677
0.003409526104
0.002988022533
0.002395538208
0.001763406518
0.001193547802
0.0007425547843
0.0004243816789
0.0002240771535
0.0001116130326
5.394122918e-05
2.597291942e-05
1.269162325e-05
6.362540731e-06
3.274662719e-06
1.724176508e-06
9.220357454e-07
4.95005002e-07
2.620240576e-07
1.264319135e-07
4.782715738e-08
1.343201419e-08
4.211169195e-09
1.901001995e-09
1.122345518e-09
7.750585195e-10
5.945911709e-10
4.965782275e-10
4.461978121e-10
4.262119076e-10
4.27004351e-10
4.427397196e-10
4.696104079e-10
5.049107316e-10
5.464815368e-10
5.924504288e-10
6.41120818e-10
6.90892247e-10
7.402669359e-10
7.878623567e-10
8.324233955e-10
8.7293349e-10
9.086506638e-10
9.391012459e-10
9.641898714e-10
9.843452009e-10
1.001385099e-09
1.016417382e-09
1.029286861e-09
1.039746118e-09
1.046849157e-09
1.049028538e-09
1.048020376e-09
1.045986014e-09
1.043872295e-09
1.042251706e-09
1.04171402e-09
0.002160061259
0.002879430132
0.0033628972
0.003520540673
0.003352992562
0.002930789514
0.00236270968
0.001761268849
0.001215067109
0.0007752671458
0.0004569361189
0.0002495769893
0.0001283605708
6.374806826e-05
3.134232837e-05
1.556291985e-05
7.896596997e-06
4.108687992e-06
2.188156309e-06
1.186599276e-06
6.495022172e-07
3.542793807e-07
1.848650177e-07
8.375364631e-08
2.841136603e-08
7.901963971e-09
2.849008625e-09
1.459202788e-09
9.339419378e-10
6.839856515e-10
5.526806645e-10
4.843437106e-10
4.541995247e-10
4.493800246e-10
4.624733699e-10
4.888537005e-10
5.253915779e-10
5.6972656e-10
6.198595673e-10
6.739902154e-10
7.304244095e-10
7.87542382e-10
8.437939009e-10
8.977553436e-10
9.482633123e-10
9.944317998e-10
1.035691983e-09
1.071937409e-09
1.104275668e-09
1.133257083e-09
1.158051549e-09
1.177116831e-09
1.190821051e-09
1.197563866e-09
1.198012793e-09
1.195392144e-09
1.192193362e-09
1.189444053e-09
1.187645602e-09
1.187133703e-09
0.002479927791
0.003070274073
0.003425427171
0.003490804375
0.003278351391
0.0028527987
0.002307658504
0.001737266701
0.001217591158
0.0007938889648
0.0004806747866
0.0002707525103
0.0001436043856
7.329675673e-05
3.684267246e-05
1.861847264e-05
9.574827338e-06
5.040771686e-06
2.715713308e-06
1.491812083e-06
8.299136321e-07
4.624914649e-07
2.5387743e-07
1.283885539e-07
5.24237914e-08
1.555756851e-08
4.658790681e-09
1.994311628e-09
1.15450387e-09
7.994360848e-10
6.220082523e-10
5.298238884e-10
4.863041818e-10
4.738788332e-10
4.829571911e-10
5.07810804e-10
5.447323892e-10
5.910831999e-10
6.447252843e-10
7.037526515e-10
7.663908412e-10
8.309227453e-10
8.956601278e-10
9.590531249e-10
1.01982176e-09
1.076974679e-09
1.129916379e-09
1.179080711e-09
1.224589023e-09
1.265371737e-09
1.29930757e-09
1.323897804e-09
1.34057155e-09
1.347787306e-09
1.347359269e-09
1.343245394e-09
1.338603315e-09
1.334982113e-09
1.333135923e-09
1.332693512e-09
0.00277922078
0.003230908921
0.003460679943
0.003438403746
0.003183421957
0.002754501387
0.00223125055
0.001692768368
0.001202215394
0.0007988686685
0.0004955906655
0.0002870414825
0.0001566882882
8.216109335e-05
4.226313173e-05
2.176001312e-05
1.135588574e-05
6.054481822e-06
3.30084242e-06
1.835972997e-06
1.036523631e-06
5.890403476e-07
3.329639604e-07
1.803641281e-07
8.633220322e-08
3.153960943e-08
8.911370794e-09
3.053714294e-09
1.511557673e-09
9.61698471e-10
7.116992124e-10
5.855825282e-10
5.239060784e-10
5.011811367e-10
5.044983075e-10
5.265515456e-10
5.62830068e-10
6.102875583e-10
6.666092605e-10
7.297871428e-10
7.979589628e-10
8.693317338e-10
9.421248841e-10
1.014700626e-09
1.0856899e-09
1.154056361e-09
1.219608253e-09
1.282131055e-09
1.340533313e-09
1.392749746e-09
1.43552339e-09
1.465803821e-09
1.486721637e-09
1.496037714e-09
1.495379942e-09
1.489639992e-09
1.483083638e-09
1.478476004e-09
1.476463702e-09
1.476061391e-09
0.003034758925
0.003347625128
0.003460340685
0.003359173889
0.003067588769
0.002638216558
0.002137253129
0.001631023013
0.001171496133
0.0007912694386
0.00050150966
0.0002980724516
0.0001672289966
9.001430217e-05
4.740013595e-05
2.488345732e-05
1.319132794e-05
7.128325947e-06
3.934396498e-06
2.215383229e-06
1.267779239e-06
7.324327164e-07
4.227456296e-07
2.398333556e-07
1.261685101e-07
5.557523046e-08
1.805461305e-08
5.281783901e-09
2.131317251e-09
1.201809711e-09
8.322379418e-10
6.560161742e-10
5.691090441e-10
5.323706071e-10
5.276604553e-10
5.453262491e-10
5.797149571e-10
6.272016671e-10
6.851955993e-10
7.515736586e-10
8.243926473e-10
9.017823039e-10
9.819121757e-10
1.063088136e-09
1.143886645e-09
1.223540106e-09
1.301526035e-09
1.376811013e-09
1.447639621e-09
1.511239135e-09
1.563714942e-09
1.601197536e-09
1.627750934e-09
1.640062337e-09
1.639355288e-09
1.631565584e-09
1.623239716e-09
1.618020502e-09
1.615873191e-09
1.615465012e-09
0.003227930045
0.003410178039
0.003418663037
0.003250281877
0.002929936996
0.002503650791
0.002027612736
0.001554926253
0.001127874332
0.0007729455295
0.0004993465397
0.000303765065
0.0001748398683
9.653585786e-05
5.204036661e-05
2.787375665e-05
1.502900634e-05
8.237901498e-06
4.605390672e-06
2.625271675e-06
1.521809344e-06
8.924599599e-07
5.252642807e-07
3.068624983e-07
1.719102646e-07
8.639304341e-08
3.395991678e-08
9.983439207e-09
3.301057737e-09
1.581733973e-09
1.000236083e-09
7.473354726e-10
6.248784651e-10
5.690613422e-10
5.533578424e-10
5.646338801e-10
5.956013143e-10
6.418165648e-10
7.002808294e-10
7.686881473e-10
8.450067838e-10
9.273019592e-10
1.013703833e-09
1.102476597e-09
1.192339436e-09
1.282453724e-09
1.371813382e-09
1.458973191e-09
1.541838451e-09
1.617371535e-09
1.681089452e-09
1.727555307e-09
1.760461887e-09
1.776567323e-09
1.776160509e-09
1.766651205e-09
1.75735235e-09
1.751874319e-09
1.749707872e-09
1.749336043e-09
0.003345889891
0.00341247282
0.003333192942
0.003111650065
0.002772406869
0.00235511674
0.00190606552
0.001467750799
0.001073990013
0.0007456930828
0.0004901111166
0.0003045848518
0.0001796019483
0.0001016072305
5.604940568e-05
3.064068311e-05
1.681516269e-05
9.355530403e-06
5.299908575e-06
3.058802591e-06
1.795289619e-06
1.067291471e-06
6.38505034e-07
3.806087401e-07
2.226090766e-07
1.21494187e-07
5.700835814e-08
2.015511334e-08
5.940473201e-09
2.29105527e-09
1.261872574e-09
8.741263315e-10
6.971776998e-10
6.141692016e-10
5.831768123e-10
5.853803222e-10
6.109797049e-10
6.543208907e-10
7.117953071e-10
7.808001458e-10
8.59172096e-10
9.449062166e-10
1.036073442e-09
1.130987384e-09
1.228500598e-09
1.327565268e-09
1.42693769e-09
1.525033336e-09
1.619684019e-09
1.707597889e-09
1.783674616e-09
1.841214473e-09
1.880348683e-09
1.901560248e-09
1.902888805e-09
1.893634679e-09
1.884459985e-09
1.879053852e-09
1.876888245e-09
1.876529036e-09
0.003382603447
0.003352902821
0.003204464239
0.002944810976
0.002596830914
0.002194954946
0.001775566371
0.001372603834
0.001012474998
0.0007113529325
0.0004749512768
0.0003009619134
0.0001814879716
0.000105124619
5.931684507e-05
3.309377406e-05
1.849045597e-05
1.044722535e-05
5.999633126e-06
3.506411138e-06
2.083366728e-06
1.254651888e-06
7.619340648e-07
4.630807014e-07
2.788388334e-07
1.611206276e-07
8.456802906e-08
3.595944966e-08
1.139203292e-08
3.680269658e-09
1.696192847e-09
1.059298484e-09
7.951108287e-10
6.722165662e-10
6.196755408e-10
6.09095815e-10
6.26764269e-10
6.651992146e-10
7.198722004e-10
7.877170138e-10
8.663488837e-10
9.536232962e-10
1.047549329e-09
1.146712846e-09
1.249975055e-09
1.356175456e-09
1.464024461e-09
1.571929356e-09
1.677548501e-09
1.777299191e-09
1.866033279e-09
1.936622169e-09
1.983389577e-09
2.011342477e-09
2.017350708e-09
2.01130427e-09
2.003675964e-09
1.998720952e-09
1.996520561e-09
1.996087788e-09
0.003338702744
0.003234203687
0.003035869466
0.002753220114
0.002407451997
0.00202627786
0.001638808266
0.00127155425
0.0009449645906
0.0006712797839
0.0004547840602
0.0002934479653
0.0001807186954
0.0001070456106
6.174375804e-05
3.516269967e-05
2.00123998e-05
1.148897409e-05
6.690919936e-06
3.960366839e-06
2.381633273e-06
1.4519498e-06
8.937551981e-07
5.520587817e-07
3.390609613e-07
2.041269108e-07
1.153489072e-07
5.72061126e-08
2.192844649e-08
6.704889245e-09
2.513322117e-09
1.354614911e-09
9.357205528e-10
7.508053855e-10
6.669469917e-10
6.382464852e-10
6.445498644e-10
6.754853321e-10
7.251042365e-10
7.896122385e-10
8.662191684e-10
9.525561607e-10
1.046954421e-09
1.148145587e-09
1.254929673e-09
1.366120243e-09
1.480469719e-09
1.596324403e-09
1.711247381e-09
1.821745362e-09
1.922924498e-09
2.007732666e-09
2.067318584e-09
2.103111294e-09
2.11749517e-09
2.117806349e-09
2.113679635e-09
2.109908524e-09
2.10772271e-09
2.10713201e-09
0.00322052545
0.003063093823
0.002833559701
0.002542118632
0.002207543469
0.001851986838
0.001498291786
0.001166890605
0.0008733876117
0.0006268748582
0.0004305232776
0.0002825224139
0.0001774461166
0.0001073806524
6.328945871e-05
3.677632447e-05
2.131759639e-05
1.243861823e-05
7.34885648e-06
4.406702363e-06
2.682482013e-06
1.655147795e-06
1.031978841e-06
6.470347668e-07
4.050991747e-07
2.509142279e-07
1.492955116e-07
8.152922604e-08
3.754050432e-08
1.318608511e-08
4.26239359e-09
1.885524306e-09
1.154815523e-09
8.639939583e-10
7.32064636e-10
6.769031033e-10
6.668472802e-10
6.868245212e-10
7.285828008e-10
7.870969189e-10
8.589167829e-10
9.41776013e-10
1.034114879e-09
1.134651538e-09
1.242246984e-09
1.355813419e-09
1.474085614e-09
1.595381528e-09
1.717410822e-09
1.836965925e-09
1.949586843e-09
2.048875474e-09
2.12626819e-09
2.174683952e-09
2.200540186e-09
2.210560993e-09
2.212454917e-09
2.21140483e-09
2.209762354e-09
2.208998279e-09
0.003038151659
0.002847949732
0.00260415732
0.002316735668
0.002000983271
0.001674958567
0.001356270787
0.001060481383
0.0007992165384
0.0005793004979
0.0004029794543
0.0002686658939
0.0001719000714
0.0001061596723
6.387755722e-05
3.786598532e-05
2.235744092e-05
1.326158491e-05
7.950560859e-06
4.831061124e-06
2.977242133e-06
1.859130247e-06
1.173581039e-06
7.460252349e-07
4.748565951e-07
3.002134139e-07
1.858055935e-07
1.085868322e-07
5.680817214e-08
2.377255109e-08
7.790079313e-09
2.883780981e-09
1.513134558e-09
1.032973268e-09
8.255073412e-10
7.313915676e-10
6.977271211e-10
7.018014279e-10
7.319243792e-10
7.812192792e-10
8.455306801e-10
9.223269363e-10
1.009876456e-09
1.106883212e-09
1.212306354e-09
1.325148524e-09
1.444203856e-09
1.567895961e-09
1.694174926e-09
1.820347834e-09
1.942527392e-09
2.055193179e-09
2.15101558e-09
2.221704526e-09
2.263135614e-09
2.286041665e-09
2.297180886e-09
2.301306496e-09
2.301817952e-09
2.301301016e-09
0.002804521091
0.002599574344
0.002355755604
0.002082202018
0.001791718898
0.001498090551
0.001214929986
0.0009539642039
0.0007238496439
0.0005296503649
0.0003729374674
0.0002523731269
0.0001643269331
0.0001034648394
6.352462035e-05
3.841276916e-05
2.310099652e-05
1.393348245e-05
8.480190143e-06
5.223287011e-06
3.259482095e-06
2.059871298e-06
1.316082198e-06
8.475699966e-07
5.477112849e-07
3.528677666e-07
2.246782676e-07
1.377449014e-07
7.835926759e-08
3.869181355e-08
1.498917173e-08
5.047703184e-09
2.182261331e-09
1.307188978e-09
9.666952866e-10
8.120455694e-10
7.438338933e-10
7.251047925e-10
7.385044411e-10
7.747012041e-10
8.283737043e-10
8.962242389e-10
9.761345359e-10
1.06669906e-09
1.166885973e-09
1.275751455e-09
1.392213445e-09
1.514926362e-09
1.642207084e-09
1.771881437e-09
1.900850026e-09
2.02459148e-09
2.137013014e-09
2.230823507e-09
2.299228308e-09
2.340126917e-09
2.363685773e-09
2.376359695e-09
2.381719842e-09
2.382775764e-09
0.002535186633
0.002330166304
0.002097539437
0.001845621236
0.00158444037
0.001324658579
0.001076650066
0.000849203301
0.0006487686335
0.000479109398
0.0003412806656
0.0002342442742
0.0001550783363
9.946173511e-05
6.225565727e-05
3.83833008e-05
2.351555214e-05
1.44248855e-05
8.913895277e-06
5.567201787e-06
3.518985552e-06
2.251137596e-06
1.455735267e-06
9.494138746e-07
6.222404399e-07
4.077025382e-07
2.651831562e-07
1.68688615e-07
1.01910367e-07
5.606616123e-08
2.596793438e-08
9.592072207e-09
3.562623046e-09
1.798031541e-09
1.194780403e-09
9.374905856e-10
8.164799753e-10
7.648550535e-10
7.549039797e-10
7.730952429e-10
8.120531786e-10
8.674315434e-10
9.365140701e-10
1.017548695e-09
1.109357231e-09
1.210993452e-09
1.321513572e-09
1.439862932e-09
1.564788062e-09
1.694657951e-09
1.827051157e-09
1.958422225e-09
2.084000112e-09
2.197828984e-09
2.29333531e-09
2.364596805e-09
2.408031115e-09
2.432243563e-09
2.445844178e-09
2.450875048e-09
0.002245827424
0.002052055073
0.00183860349
0.001613600206
0.001383801445
0.001157963505
0.0009438485546
0.0007480729862
0.0005754685123
0.0004288150742
0.0003088959383
0.0002149132458
0.0001445598408
9.437645991e-05
6.01938046e-05
3.782358194e-05
2.360002819e-05
1.47242414e-05
9.241685174e-06
5.854846235e-06
3.749884776e-06
2.428876554e-06
1.58984994e-06
1.049801974e-06
6.972908928e-07
4.639273257e-07
3.07363643e-07
2.011243114e-07
1.271152254e-07
7.536376949e-08
3.995428435e-08
1.734544311e-08
6.358240846e-09
2.731667364e-09
1.586537829e-09
1.142671675e-09
9.367442566e-10
8.359378666e-10
7.927399965e-10
7.860794497e-10
8.050662701e-10
8.435496362e-10
8.978551972e-10
9.657044426e-10
1.04562866e-09
1.136600042e-09
1.237788468e-09
1.348398472e-09
1.467540087e-09
1.594007659e-09
1.726002202e-09
1.860962126e-09
1.995376199e-09
2.12460677e-09
2.242945456e-09
2.343843272e-09
2.420114704e-09
2.465693159e-09
2.489570143e-09
2.501920772e-09
0.001953183126
0.001777811999
0.001588746962
0.001391558458
0.001193828183
0.001000920778
0.0008187820976
0.0006524507831
0.0005055915754
0.0003800638313
0.0002767607515
0.0001950850851
0.0001332389171
8.848148223e-05
5.747257735e-05
3.678856307e-05
2.337561346e-05
1.483769602e-05
9.460611882e-06
6.080701387e-06
3.947201758e-06
2.589186591e-06
1.715573347e-06
1.146742534e-06
7.71530761e-07
5.20722376e-07
3.508965519e-07
2.346240218e-07
1.535255738e-07
9.607537008e-08
5.571163838e-08
2.837629847e-08
1.192372594e-08
4.684510694e-09
2.324731945e-09
1.502218809e-09
1.145877253e-09
9.661032163e-10
8.726930196e-10
8.300499954e-10
8.210903087e-10
8.365501504e-10
8.710410089e-10
9.21303835e-10
9.853157431e-10
1.06178194e-09
1.149846152e-09
1.248891812e-09
1.358331044e-09
1.477368586e-09
1.604808196e-09
1.738922059e-09
1.877286023e-09
2.016467501e-09
2.151730359e-09
2.276867381e-09
2.384012775e-09
2.463810465e-09
2.50842382e-09
2.529397744e-09
0.001670736801
0.001516844019
0.001353504314
0.001185981523
0.001018776792
0.000856558464
0.0007038193982
0.0005643849823
0.0004407045123
0.0003340717301
0.0002458047843
0.0001754440472
0.0001215859397
8.207219951e-05
5.425989203e-05
3.536654386e-05
2.287649834e-05
1.476955629e-05
9.568071756e-06
6.240829559e-06
4.106632352e-06
2.728463924e-06
1.830209002e-06
1.238319036e-06
8.436179138e-07
5.771103307e-07
3.9490828e-07
2.688834224e-07
1.808401767e-07
1.179623916e-07
7.296730582e-08
4.13876547e-08
2.043834964e-08
8.680203904e-09
3.855536961e-09
2.190329414e-09
1.528982083e-09
1.207275606e-09
1.030685548e-09
9.316675942e-10
8.809610049e-10
8.635169083e-10
8.707517663e-10
8.975146627e-10
9.406417094e-10
9.981908003e-10
1.068997332e-09
1.152375888e-09
1.24787126e-09
1.355038354e-09
1.473255388e-09
1.601500893e-09
1.73821264e-09
1.88094415e-09
2.025858235e-09
2.167496504e-09
2.298452088e-09
2.409071619e-09
2.487848902e-09
2.523646388e-09
0.001406739638
0.00127708791
0.001140681941
0.001001189233
0.0008623628707
0.0007278630521
0.0006010426829
0.0004847286172
0.000381041394
0.0002913478862
0.0002165791884
0.0001564737151
0.0001099714551
7.541835936e-05
5.072048052e-05
3.364734665e-05
2.214878703e-05
1.454432332e-05
9.574073724e-06
6.337597112e-06
4.227992682e-06
2.845606177e-06
1.932371331e-06
1.3232086e-06
9.124440529e-07
6.322464279e-07
4.388575791e-07
3.038798387e-07
2.087884381e-07
1.406808456e-07
9.136629921e-08
5.593538046e-08
3.126727888e-08
1.537875083e-08
7.006725574e-09
3.597227231e-09
2.271294299e-09
1.660927569e-09
1.329389848e-09
1.133378007e-09
1.015291887e-09
9.476611842e-10
9.154584053e-10
9.098113526e-10
9.252799436e-10
9.584910847e-10
1.00738792e-09
1.070776162e-09
1.148009781e-09
1.238754991e-09
1.342777245e-09
1.459665511e-09
1.588450556e-09
1.727308139e-09
1.873281599e-09
2.021932117e-09
2.167018313e-09
2.300154574e-09
2.41010684e-09
2.473730349e-09
0.001172350978
0.001065060583
0.0009526459718
0.0008379583737
0.0007239313665
0.0006134139826
0.0005090127745
0.00041295397
0.0003269780438
0.0002522757722
0.0001894722563
0.0001385175626
9.869069202e-05
6.87313048e-05
4.69963776e-05
3.171646017e-05
2.123868367e-05
1.418015072e-05
9.482074774e-06
6.37003426e-06
4.30852503e-06
2.937461435e-06
2.019443592e-06
1.399460812e-06
9.766123562e-07
6.851298919e-07
4.819794025e-07
3.388527098e-07
2.370120364e-07
1.639472443e-07
1.106052766e-07
7.167103455e-08
4.375171578e-08
2.463569091e-08
1.270026975e-08
6.488323861e-09
3.75895865e-09
2.518289082e-09
1.874300157e-09
1.501476182e-09
1.2699451e-09
1.1224447e-09
1.030498201e-09
9.780104892e-10
9.552588708e-10
9.561672845e-10
9.769149343e-10
1.015158729e-09
1.06956159e-09
1.139464814e-09
1.224595213e-09
1.324632273e-09
1.438971202e-09
1.566324146e-09
1.704482284e-09
1.850037844e-09
1.998196623e-09
2.142735687e-09
2.275257425e-09
2.371135456e-09
0.0009683427702
0.0008809334371
0.0007894899163
0.0006962495834
0.0006035036958
0.0005134786824
0.0004282227423
0.000349506359
0.0002787423004
0.0002169256022
0.0001645870966
0.0001217510701
8.79259599e-05
6.216336244e-05
4.319786982e-05
2.964446034e-05
2.018656832e-05
1.370014952e-05
9.305563735e-06
6.344498961e-06
4.350725489e-06
3.004877393e-06
2.091343082e-06
1.466524819e-06
1.035427375e-06
7.351018716e-07
5.237416433e-07
3.734727519e-07
2.656243212e-07
1.876449723e-07
1.305308823e-07
8.842544438e-08
5.761384603e-08
3.560406429e-08
2.073637726e-08
1.158762097e-08
6.607814007e-09
4.121821881e-09
2.849955432e-09
2.141620182e-09
1.71272193e-09
1.435819206e-09
1.251523816e-09
1.129498843e-09
1.052159843e-09
1.008618969e-09
9.91996159e-10
9.978416287e-10
1.023434139e-09
1.067219793e-09
1.128344649e-09
1.206261972e-09
1.300361097e-09
1.409598671e-09
1.532199262e-09
1.665522105e-09
1.806076844e-09
1.949843283e-09
2.092464329e-09
2.21486597e-09
0.0007941699162
0.0007238285648
0.0006502339093
0.000575133344
0.0005003149208
0.0004275219175
0.0003583700525
0.0002942730192
0.0002363795565
0.0001855212747
0.0001421679684
0.0001063914992
7.785488621e-05
5.58543453e-05
3.942677911e-05
2.749944791e-05
1.903423123e-05
1.312686115e-05
9.05371783e-06
6.262830464e-06
4.353871106e-06
3.046045482e-06
2.146063116e-06
1.522750608e-06
1.087657929e-06
7.812708641e-07
5.634920063e-07
4.072234312e-07
2.940789232e-07
2.115238065e-07
1.509449667e-07
1.059268793e-07
7.248391167e-08
4.794939236e-08
3.047600038e-08
1.869869767e-08
1.130683976e-08
6.992566804e-09
4.596991259e-09
3.25386141e-09
2.460143074e-09
1.960198304e-09
1.627305169e-09
1.398753095e-09
1.241606798e-09
1.135796922e-09
1.068563435e-09
1.031926457e-09
1.020811869e-09
1.032038813e-09
1.063638392e-09
1.11433533e-09
1.183113952e-09
1.268840694e-09
1.369907162e-09
1.484022081e-09
1.608439305e-09
1.740692097e-09
1.879915592e-09
2.015610901e-09
0.0006478914744
0.0005918023362
0.0005330503521
0.0004729923583
0.0004130205754
0.0003545002275
0.0002987082094
0.000246776409
0.0001996412094
0.0001579983768
0.0001222621889
9.253267854e-05
6.858556387e-05
4.990473498e-05
3.576389578e-05
2.533912815e-05
1.781874139e-05
1.248198873e-05
8.739210257e-06
6.13285171e-06
4.322033078e-06
3.062762675e-06
2.184257471e-06
1.568074376e-06
1.132870432e-06
8.230806265e-07
6.006908188e-07
4.396533603e-07
3.220674959e-07
2.355813234e-07
1.716104113e-07
1.23840109e-07
8.796609309e-08
6.117339763e-08
4.14749173e-08
2.738916122e-08
1.773195563e-08
1.14525911e-08
7.542429356e-09
5.165026009e-09
3.720474313e-09
2.818091029e-09
2.229759399e-09
1.831368915e-09
1.554105239e-09
1.358541614e-09
1.22167067e-09
1.12902427e-09
1.071285323e-09
1.042432147e-09
1.038573532e-09
1.057145757e-09
1.096308034e-09
1.154457608e-09
1.229849927e-09
1.320281397e-09
1.423156913e-09
1.536565044e-09
1.661397067e-09
1.795204913e-09
0.000526661615
0.0004822203695
0.0004355821365
0.0003877955279
0.0003399422533
0.0002930912254
0.0002482526436
0.0002063340565
0.0001680990866
0.0001341283921
0.0001047832699
8.017711861e-05
6.01670538e-05
4.437917946e-05
3.227027257e-05
2.32121056e-05
1.657466373e-05
1.178793e-05
8.375263392e-06
5.960646159e-06
4.257209272e-06
3.055438604e-06
2.205551419e-06
1.601826012e-06
1.170410048e-06
8.599692225e-07
6.348742714e-07
4.703728941e-07
3.492237463e-07
2.593456191e-07
1.922263284e-07
1.418613485e-07
1.037332005e-07
7.487915852e-08
5.321486146e-08
3.718312417e-08
2.557177938e-08
1.739933011e-08
1.184080333e-08
8.165766289e-09
5.766704055e-09
4.203707452e-09
3.169571624e-09
2.488945449e-09
2.024179194e-09
1.696434989e-09
1.46242023e-09
1.295658171e-09
1.179196624e-09
1.102014389e-09
1.056923029e-09
1.039201886e-09
1.045633926e-09
1.073775598e-09
1.121396198e-09
1.186118387e-09
1.265270086e-09
1.356627442e-09
1.460990344e-09
1.581087764e-09
0.0004272099804
0.0003921343095
0.0003552403387
0.0003173361003
0.0002792610906
0.0002418523511
0.0002059096379
0.0001721607734
0.0001412275185
0.0001135919974
8.956521265e-05
6.926316449e-05
5.260026236e-05
3.93088681e-05
2.898568423e-05
2.115471975e-05
1.533005351e-05
1.106390039e-05
7.973810895e-06
5.753392918e-06
4.163588427e-06
3.025980139e-06
2.210506833e-06
1.623922188e-06
1.199866341e-06
8.914115369e-07
6.655149949e-07
4.988918696e-07
3.750793652e-07
2.823971786e-07
2.125641262e-07
1.596971047e-07
1.194801652e-07
8.873887236e-08
6.530338289e-08
4.756810796e-08
3.429532428e-08
2.450433125e-08
1.740065338e-08
1.233591322e-08
8.781430495e-09
6.318849205e-09
4.626385473e-09
3.464737914e-09
2.695679659e-09
2.165664538e-09
1.793089182e-09
1.528143757e-09
1.339092089e-09
1.205666104e-09
1.114937801e-09
1.058644272e-09
1.031417315e-09
1.029540195e-09
1.050012649e-09
1.08990863e-09
1.146141335e-09
1.215895578e-09
1.299000619e-09
1.400069454e-09
0.0003462245053
0.0003185912652
0.0002894531785
0.0002594323067
0.0002291802687
0.0001993529586
0.0001705837704
0.0001434559222
0.0001184741133
9.603603709e-05
7.64059127e-05
5.969512552e-05
4.585721436e-05
3.470286185e-05
2.593463709e-05
1.919388547e-05
1.410789778e-05
1.032701401e-05
7.546962845e-06
5.518875957e-06
4.04569434e-06
2.976835489e-06
2.200499638e-06
1.635090308e-06
1.221539677e-06
9.17441097e-07
6.924807614e-07
5.249555872e-07
3.993111525e-07
3.044163175e-07
2.322956878e-07
1.772149289e-07
1.350205722e-07
1.025320867e-07
7.747659589e-08
5.820773876e-08
4.346825735e-08
3.226982939e-08
2.382178805e-08
1.748916172e-08
1.276941394e-08
9.276077231e-09
6.722540654e-09
4.891680998e-09
3.636644175e-09
2.789194222e-09
2.212358059e-09
1.814956156e-09
1.536495695e-09
1.3394595e-09
1.200894126e-09
1.106767354e-09
1.048338555e-09
1.019873405e-09
1.017147129e-09
1.036377605e-09
1.07376829e-09
1.125879118e-09
1.191414047e-09
1.274834205e-09
0.0002805938512
0.0002588282167
0.0002358196239
0.0002120474178
0.000188018035
0.0001642459626
0.0001412329043
0.0001194454738
9.929172368e-05
8.109738819e-05
6.508419085e-05
5.135451663e-05
3.988767011e-05
3.055130758e-05
2.312738907e-05
1.734699389e-05
1.292566947e-05
9.591853269e-06
7.104934998e-06
5.263905033e-06
3.907623443e-06
2.910165337e-06
2.176339459e-06
1.635317784e-06
1.235063624e-06
9.376007297e-07
7.152942894e-07
5.481026176e-07
4.215258101e-07
3.250738061e-07
2.511439846e-07
1.942022862e-07
1.501899939e-07
1.160973217e-07
8.95614253e-08
6.889458515e-08
5.282510233e-08
4.035877079e-08
3.070352579e-08
2.322587204e-08
1.742669706e-08
1.292524599e-08
9.44799706e-09
6.812153411e-09
4.89456704e-09
3.587929185e-09
2.704571553e-09
2.132303468e-09
1.746335603e-09
1.480819811e-09
1.296688829e-09
1.170403017e-09
1.087755426e-09
1.040057185e-09
1.021496479e-09
1.027443377e-09
1.053596528e-09
1.09588827e-09
1.151816481e-09
1.224867127e-09
0.0002275528488
0.0002103925256
0.0001922086913
0.0001733715867
0.000154275616
0.0001353248386
0.0001169165787
9.942338064e-05
8.317372269e-05
6.843255425e-05
5.538389113e-05
4.411889348e-05
3.46331165e-05
2.683519999e-05
2.05662037e-05
1.562540686e-05
1.179668603e-05
8.870163793e-06
6.65662741e-06
4.994813893e-06
3.753641709e-06
2.828837474e-06
2.139860919e-06
1.625795894e-06
1.241150925e-06
9.521626487e-07
7.339223389e-07
5.68162014e-07
4.415006786e-07
3.44140323e-07
2.688925251e-07
2.104602865e-07
1.649143534e-07
1.293165981e-07
1.014209593e-07
7.946872197e-08
6.216955613e-08
4.852573854e-08
3.774595017e-08
2.919825832e-08
2.238328528e-08
1.691931547e-08
1.253306626e-08
9.053587681e-09
6.393954921e-09
4.493001097e-09
3.238183955e-09
2.442606927e-09
1.936022117e-09
1.605605818e-09
1.384617859e-09
1.236281182e-09
1.140265933e-09
1.084582309e-09
1.061566616e-09
1.06570129e-09
1.092276152e-09
1.136438819e-09
1.194392501e-09
1.267871806e-09
0.0001847244916
0.0001711721215
0.0001567799717
0.0001418349677
0.0001266450321
0.0001115278877
9.67980587e-05
8.275228058e-05
6.965381804e-05
5.771678151e-05
4.7092392e-05
3.785983961e-05
3.00243121e-05
2.35235983e-05
1.824246896e-05
1.403175198e-05
1.072794062e-05
8.169584861e-06
6.208660146e-06
4.716815665e-06
3.587489462e-06
2.735244409e-06
2.092467792e-06
1.607174785e-06
1.23991622e-06
9.60965468e-07
7.481173683e-07
5.848705963e-07
4.589844288e-07
3.613833297e-07
2.853263737e-07
2.257864907e-07
1.78992633e-07
1.420957416e-07
1.129261935e-07
8.977578291e-08
7.132298134e-08
5.656472867e-08
4.471211025e-08
3.513706972e-08
2.73430645e-08
2.09485345e-08
1.567962377e-08
1.137003652e-08
7.957275254e-09
5.437146566e-09
3.735839542e-09
2.70350712e-09
2.082544697e-09
1.69807189e-09
1.453412385e-09
1.297770893e-09
1.203558295e-09
1.155163552e-09
1.143108018e-09
1.161014909e-09
1.203267057e-09
1.262793232e-09
1.332913581e-09
1.409167307e-09
0.0001501326485
0.0001394083755
0.0001279976405
0.0001161236241
0.0001040273218
9.195880409e-05
8.016685677e-05
6.888722878e-05
5.83300189e-05
4.866722634e-05
4.002206368e-05
3.246202876e-05
2.599753681e-05
2.058694015e-05
1.61472014e-05
1.256795748e-05
9.726033144e-06
7.497786421e-06
5.767987652e-06
4.435042338e-06
3.413105043e-06
2.631949877e-06
2.035637885e-06
1.580212119e-06
1.231663361e-06
9.640760093e-07
7.578201472e-07
5.980993463e-07
4.738078762e-07
3.766112349e-07
3.0024253e-07
2.399722195e-07
1.922128705e-07
1.542268925e-07
1.239108904e-07
9.96356859e-08
8.009184131e-08
6.42682527e-08
5.138000954e-08
4.080568036e-08
3.205472866e-08
2.475041234e-08
1.862326036e-08
1.351429997e-08
9.380002327e-09
6.262547206e-09
4.159606936e-09
2.897789361e-09
2.175090323e-09
1.755770627e-09
1.50724713e-09
1.362916849e-09
1.288112705e-09
1.26420572e-09
1.280115292e-09
1.327235004e-09
1.394763822e-09
1.469884196e-09
1.544749634e-09
1.609458564e-09
0.000122150722
0.0001136474104
0.0001045850942
9.513801525e-05
8.549521461e-05
7.585364185e-05
6.640988104e-05
5.735073484e-05
4.884318552e-05
4.102463247e-05
3.399468395e-05
2.780998211e-05
2.248329328e-05
1.798732951e-05
1.426264243e-05
1.122796716e-05
8.790920604e-06
6.857246051e-06
5.337683926e-06
4.152243043e-06
3.232199736e-06
2.520401653e-06
1.97049215e-06
1.545586835e-06
1.216754065e-06
9.616425629e-07
7.630138477e-07
6.077191054e-07
4.857772723e-07
3.895982543e-07
3.134024939e-07
2.527768633e-07
2.043379419e-07
1.654790483e-07
1.341806615e-07
1.088679375e-07
8.830349804e-08
7.1473956e-08
5.759953397e-08
4.60683441e-08
3.639943099e-08
2.822464305e-08
2.128258083e-08
1.542413582e-08
1.062432815e-08
6.963469357e-09
4.491172382e-09
3.034578915e-09
2.238626465e-09
1.805187909e-09
1.568725553e-09
1.448988921e-09
1.406197648e-09
1.41872555e-09
1.470550542e-09
1.544368779e-09
1.625011967e-09
1.699222373e-09
1.761550543e-09
1.802357678e-09
9.947763444e-05
9.272434991e-05
8.551750873e-05
7.799356234e-05
7.030102456e-05
6.259500215e-05
5.503059132e-05
4.775538321e-05
4.090155758e-05
3.457831622e-05
2.886565492e-05
2.381055228e-05
1.942639486e-05
1.569587296e-05
1.257679751e-05
1.000968074e-05
7.925570466e-06
6.2529471e-06
4.922998162e-06
3.873067523e-06
3.04846042e-06
2.402959379e-06
1.898469782e-06
1.504248003e-06
1.195842462e-06
9.540424787e-07
7.63882083e-07
6.137865055e-07
4.948345823e-07
4.002178291e-07
3.246401976e-07
2.640131473e-07
2.151715072e-07
1.756550245e-07
1.435427147e-07
1.173267387e-07
9.581671108e-08
7.805353059e-08
6.325849517e-08
5.082972037e-08
4.029770931e-08
3.130517851e-08
2.36017856e-08
1.70518985e-08
1.16512563e-08
7.511558068e-09
4.723154619e-09
3.11317349e-09
2.273335288e-09
1.846822917e-09
1.636966564e-09
1.552404507e-09
1.549126209e-09
1.599450303e-09
1.677698373e-09
1.761200098e-09
1.837462736e-09
1.898215332e-09
1.94180416e-09
1.964233664e-09
8.105645923e-05
7.568689145e-05
6.995072327e-05
6.395506507e-05
5.78166912e-05
5.165767924e-05
4.560015134e-05
3.976035177e-05
3.424247831e-05
2.913288103e-05
2.449540116e-05
2.036860848e-05
1.676546389e-05
1.367550386e-05
1.106910803e-05
8.903015385e-06
7.126041926e-06
5.68419927e-06
4.524716646e-06
3.598793738e-06
2.86316426e-06
2.280694847e-06
1.820334645e-06
1.45659544e-06
1.16894959e-06
9.410774966e-07
7.601265617e-07
6.159845273e-07
5.007374476e-07
4.082317616e-07
3.337153373e-07
2.734512985e-07
2.245029068e-07
1.845687094e-07
1.518381431e-07
1.248801539e-07
1.025574721e-07
8.396151131e-08
6.834029433e-08
5.510310593e-08
4.379391388e-08
3.406815174e-08
2.568680527e-08
1.852486405e-08
1.259055001e-08
8.014051623e-09
4.921462128e-09
3.166266463e-09
2.29508048e-09
1.885697598e-09
1.708675558e-09
1.662420195e-09
1.697903278e-09
1.775959461e-09
1.862150908e-09
1.940448866e-09
2.004239869e-09
2.049630371e-09
2.077934177e-09
2.089821405e-09
6.606917215e-05
6.17984305e-05
5.723234191e-05
5.245504877e-05
4.755832013e-05
4.263807672e-05
3.779022587e-05
3.310602069e-05
2.86672958e-05
2.454206683e-05
2.078107296e-05
1.741579323e-05
1.445826522e-05
1.190270771e-05
9.728641378e-06
7.904867563e-06
6.393625742e-06
5.154381387e-06
4.146880203e-06
3.333324583e-06
2.67968196e-06
2.156301708e-06
1.738021125e-06
1.40391726e-06
1.136972089e-06
9.234266778e-07
7.52235843e-07
6.146079478e-07
5.035846424e-07
4.136973362e-07
3.406366495e-07
2.810478616e-07
2.322606931e-07
1.921366455e-07
1.589817519e-07
1.314480676e-07
1.084575907e-07
8.914467916e-08
7.280483248e-08
5.885879382e-08
4.686495036e-08
3.64920419e-08
2.751223133e-08
1.98100093e-08
1.340424966e-08
8.440272863e-09
5.069975588e-09
3.185647998e-09
2.298329077e-09
1.916413795e-09
1.776225727e-09
1.770361591e-09
1.83847597e-09
1.925938009e-09
2.007173371e-09
2.074085547e-09
2.124167649e-09
2.156590165e-09
2.174371523e-09
2.180667981e-09
5.384891097e-05
5.045321408e-05
4.682048166e-05
4.301678861e-05
3.911414215e-05
3.518771555e-05
3.131256888e-05
2.756004601e-05
2.399413718e-05
2.06681837e-05
1.762234118e-05
1.488216288e-05
1.245850717e-05
1.034873663e-05
8.538972306e-06
7.006948422e-06
5.725025362e-06
4.662980673e-06
3.790324377e-06
3.077981972e-06
2.499376147e-06
2.031016834e-06
1.652692957e-06
1.347385186e-06
1.100926378e-06
9.017458227e-07
7.404959694e-07
6.096692427e-07
5.03240049e-07
4.163630136e-07
3.45168437e-07
2.866297103e-07
2.383218255e-07
1.982806236e-07
1.649370945e-07
1.370331576e-07
1.13555795e-07
9.368676529e-08
7.676526368e-08
6.223748514e-08
4.96767704e-08
3.876496011e-08
2.928348463e-08
2.112102608e-08
1.429492898e-08
8.948624379e-09
5.262582489e-09
3.206038065e-09
2.290087404e-09
1.93495904e-09
1.835435071e-09
1.870776129e-09
1.954787114e-09
2.039722793e-09
2.111293381e-09
2.16614257e-09
2.204343716e-09
2.22707783e-09
2.238112266e-09
2.241470738e-09
4.397164243e-05
4.127047982e-05
3.837902517e-05
3.534910202e-05
3.223712185e-05
2.910190053e-05
2.600209803e-05
2.299344169e-05
2.012596525e-05
1.744155119e-05
1.497206969e-05
1.273835382e-05
1.075012943e-05
9.006889207e-06
7.499497102e-06
6.212235278e-06
5.124995248e-06
4.215355124e-06
3.460302682e-06
2.837532504e-06
2.326353682e-06
1.908216283e-06
1.56692988e-06
1.288658185e-06
1.061787299e-06
8.767392594e-07
7.25614098e-07
6.019320236e-07
5.004286045e-07
4.168448972e-07
3.477726116e-07
2.904801102e-07
2.42845379e-07
2.030708296e-07
1.697097598e-07
1.415935129e-07
1.177747609e-07
9.748402415e-08
8.009720886e-08
6.509515193e-08
5.206468791e-08
4.069931563e-08
3.078836255e-08
2.222331715e-08
1.50239943e-08
9.342482401e-09
5.391377763e-09
3.198464258e-09
2.262070097e-09
1.941515449e-09
1.894491408e-09
1.958788082e-09
2.044606686e-09
2.121098665e-09
2.181432163e-09
2.224968076e-09
2.253341805e-09
2.268962945e-09
2.275716385e-09
2.277498309e-09
3.662394488e-05
3.443166176e-05
3.208362986e-05
2.962132747e-05
2.708983937e-05
2.45360973e-05
2.200683204e-05
1.954640735e-05
1.71947538e-05
1.498549261e-05
1.294444804e-05
1.108888496e-05
9.427492268e-06
7.961029778e-06
6.683500083e-06
5.58365685e-06
4.646654599e-06
3.855586255e-06
3.192782468e-06
2.640861709e-06
2.183473874e-06
1.805760493e-06
1.49458187e-06
1.238567483e-06
1.028024887e-06
8.547691748e-07
7.120229205e-07
5.942218046e-07
4.967982482e-07
4.16013238e-07
3.488089977e-07
2.927635942e-07
2.458528538e-07
2.06434198e-07
1.731728677e-07
1.449815379e-07
1.209722414e-07
1.004189605e-07
8.272921854e-08
6.741488854e-08
5.407355307e-08
4.240687049e-08
3.220778438e-08
2.33660716e-08
1.588602466e-08
9.899135057e-09
5.604031985e-09
3.134650237e-09
2.172648367e-09
1.938715114e-09
1.949629556e-09
2.027368096e-09
2.107626606e-09
2.174001935e-09
2.223806528e-09
2.257880627e-09
2.2786627e-09
2.289226814e-09
2.293286751e-09
2.294189387e-09
)
;

boundaryField
{
    inletCH4
    {
        type            fixedValue;
        value           uniform 0;
    }
    wallOutside
    {
        type            zeroGradient;
    }
    wallTube
    {
        type            zeroGradient;
    }
    inletPilot
    {
        type            fixedValue;
        value           uniform 0.0028;
    }
    inletAir
    {
        type            fixedValue;
        value           uniform 0;
    }
    outlet
    {
        type            zeroGradient;
    }
    axis
    {
        type            empty;
    }
    frontAndBack_pos
    {
        type            wedge;
    }
    frontAndBack_neg
    {
        type            wedge;
    }
}


// ************************************************************************* //
