/*--------------------------------*- C++ -*----------------------------------*\
  =========                 |
  \\      /  F ield         | OpenFOAM: The Open Source CFD Toolbox
   \\    /   O peration     | Website:  https://openfoam.org
    \\  /    A nd           | Version:  10
     \\/     M anipulation  |
\*---------------------------------------------------------------------------*/
FoamFile
{
    format      ascii;
    class       volScalarField;
    location    "3000";
    object      rDeltaT;
}
// * * * * * * * * * * * * * * * * * * * * * * * * * * * * * * * * * * * * * //

dimensions      [0 0 -1 0 0 0 0];

internalField   nonuniform List<scalar> 
5170
(
39929.01169
40076.68309
40249.99806
40387.28394
39694.39876
40280.7673
40435.27221
40583.23048
40620.19907
39629.46251
40714.47177
40820.04421
40919.17008
40878.13551
39881.10782
41094.05327
41174.29245
41266.76071
41155.52778
40151.73442
41474.93893
41580.43175
41687.91408
41367.02814
40358.07623
41874.09922
41990.68381
42068.54167
41490.1293
40478.17492
42285.91085
42391.90181
42414.68991
41590.23541
41141.88971
42693.04326
42782.41222
42748.04253
41688.27041
42170.43695
43091.12303
43159.58128
43068.09438
41770.3343
43224.69788
43470.71279
43516.56889
43404.41556
43224.69788
44305.31532
43835.50736
43868.36636
43731.11551
44305.31532
45412.94821
44200.59988
44233.91077
43988.64853
45412.94821
46548.27191
44566.57678
44577.46502
45412.94821
46548.27191
47711.97871
44924.54803
45412.94821
46548.27191
47711.97871
48904.77818
45275.87837
46548.27191
47711.97871
48904.77818
50127.39763
46548.27191
47711.97871
48904.77818
50127.39763
51380.58257
47711.97871
48904.77818
50127.39763
51380.58257
52665.09714
48904.77818
50127.39763
51380.58257
52665.09714
53981.72457
50127.39763
51380.58257
52665.09714
53981.72457
55331.26768
51380.58257
52665.09714
53981.72457
55331.26768
56714.54937
37272.52151
38204.33455
38577.06659
37636.16252
36718.20734
38204.33455
39159.44291
39541.49325
38577.06659
37636.16252
39159.44291
40138.42899
40530.03058
39541.49325
38577.06659
40138.42899
41141.88971
41543.28135
40530.03058
39541.49325
41141.88971
42170.43695
42581.86338
41543.28135
40530.03058
42170.43695
43224.69788
43646.40997
42581.86338
41543.28135
43224.69788
44305.31532
44737.57022
43646.40997
42581.86338
44305.31532
45412.94821
45856.00947
44737.57022
43646.40997
45412.94821
46548.27191
47002.40971
45856.00947
44737.57022
46548.27191
47711.97871
48177.46995
47002.40971
45856.00947
47711.97871
48904.77818
49381.9067
48177.46995
47002.40971
48904.77818
50127.39763
50616.45437
49381.9067
48177.46995
50127.39763
51380.58257
51881.86573
50616.45437
49381.9067
51380.58257
52665.09714
53178.91237
51881.86573
50616.45437
52665.09714
53981.72457
54508.38518
53178.91237
51881.86573
53981.72457
55331.26768
55871.09481
54508.38518
53178.91237
55331.26768
56714.54937
57267.87218
55871.09481
54508.38518
56714.54937
58132.41311
58699.56898
57267.87218
55871.09481
58132.41311
59585.72343
60167.05821
58699.56898
57267.87218
59585.72343
61075.36652
61671.23466
60167.05821
58699.56898
52665.09714
53981.72457
55331.26768
56714.54937
58132.41311
53178.91237
54508.38518
55871.09481
57267.87218
58699.56898
54508.38518
55871.09481
57267.87218
58699.56898
60167.05821
52933.03672
54256.36264
55612.7717
57003.09099
58428.16827
54411.06508
55771.34171
57165.62525
58594.76589
60059.63503
55771.34171
57165.62525
58594.76589
60059.63503
61561.12591
57165.62525
58594.76589
60059.63503
61561.12591
63100.15406
55771.34171
57165.62525
58594.76589
60059.63503
61561.12591
54411.06508
55771.34171
57165.62525
58594.76589
60059.63503
53083.96594
54411.06508
55771.34171
57165.62525
58594.76589
51789.23506
53083.96594
54411.06508
55771.34171
57165.62525
50526.08298
51789.23506
53083.96594
54411.06508
55771.34171
49293.7395
50526.08298
51789.23506
53083.96594
54411.06508
48091.45317
49293.7395
50526.08298
51789.23506
53083.96594
46501.71873
47664.26169
48855.86824
50077.26494
51329.19657
46935.74871
48109.14243
49311.87099
50544.66777
51808.28446
47032.40743
48208.21762
49413.42306
50648.75864
51914.9776
46410.87033
47571.14209
48760.42064
49979.43116
51228.91694
45038.04375
46163.99484
47318.09471
48501.04708
49713.57325
43939.55487
45038.04375
46163.99484
47318.09471
48501.04708
42867.85841
43939.55487
45038.04375
46163.99484
47318.09471
41822.30089
42867.85841
43939.55487
45038.04375
46163.99484
40802.24477
41822.30089
42867.85841
43939.55487
45038.04375
39807.06807
40802.24477
41822.30089
42867.85841
43939.55487
38836.16397
39807.06807
40802.24477
41822.30089
42867.85841
37888.94046
38836.16397
39807.06807
40802.24477
41822.30089
36964.81996
37888.94046
38836.16397
39807.06807
40802.24477
36063.23899
36964.81996
37888.94046
38836.16397
39807.06807
35183.64779
36063.23899
36964.81996
37888.94046
38836.16397
34325.51004
35183.64779
36063.23899
36964.81996
37888.94046
33488.30248
34325.51004
35183.64779
36063.23899
36964.81996
32671.51461
33488.30248
34325.51004
35183.64779
36063.23899
31874.6484
32671.51461
33488.30248
34325.51004
35183.64779
31097.21795
31874.6484
32671.51461
33488.30248
34325.51004
30338.74922
31097.21795
31874.6484
32671.51461
33488.30248
29598.77973
30338.74922
31097.21795
31874.6484
32671.51461
28876.85827
29598.77973
30338.74922
31097.21795
31874.6484
28172.54466
28876.85827
29598.77973
30338.74922
31097.21795
27485.40942
28172.54466
28876.85827
29598.77973
30338.74922
26815.03358
27485.40942
28172.54466
28876.85827
29598.77973
26161.00837
26815.03358
27485.40942
28172.54466
28876.85827
25522.935
26161.00837
26815.03358
27485.40942
28172.54466
24900.42439
25522.935
26161.00837
26815.03358
27485.40942
24293.09696
24900.42439
25522.935
26161.00837
26815.03358
23700.5824
24293.09696
24900.42439
25522.935
26161.00837
23122.51942
23700.5824
24293.09696
24900.42439
25522.935
22558.55553
23122.51942
23700.5824
24293.09696
24900.42439
22008.34686
22558.55553
23122.51942
23700.5824
24293.09696
21471.55791
22008.34686
22558.55553
23122.51942
23700.5824
20947.86138
21471.55791
22008.34686
22558.55553
23122.51942
20436.93793
20947.86138
21471.55791
22008.34686
22558.55553
19938.47603
20436.93793
20947.86138
21471.55791
22008.34686
19452.17173
19938.47603
20436.93793
20947.86138
21471.55791
18977.72852
19452.17173
19938.47603
20436.93793
20947.86138
18514.85709
18977.72852
19452.17173
19938.47603
20436.93793
18063.27521
18514.85709
18977.72852
19452.17173
19938.47603
17622.70752
18063.27521
18514.85709
18977.72852
19452.17173
17192.88539
17622.70752
18063.27521
18514.85709
18977.72852
16773.54672
17192.88539
17622.70752
18063.27521
18514.85709
16364.43583
16773.54672
17192.88539
17622.70752
18063.27521
15965.30325
16364.43583
16773.54672
17192.88539
17622.70752
15575.90561
15965.30325
16364.43583
16773.54672
17192.88539
15196.00547
15575.90561
15965.30325
16364.43583
16773.54672
14825.37119
15196.00547
15575.90561
15965.30325
16364.43583
14463.77677
14825.37119
15196.00547
15575.90561
15965.30325
14111.00173
14463.77677
14825.37119
15196.00547
15575.90561
13766.83095
14111.00173
14463.77677
14825.37119
15196.00547
13431.05459
13766.83095
14111.00173
14463.77677
14825.37119
13103.46789
13431.05459
13766.83095
14111.00173
14463.77677
12783.87111
13103.46789
13431.05459
13766.83095
14111.00173
59585.72343
60167.05821
61671.23466
59888.87248
61561.12591
63100.15406
64677.65791
63100.15406
61561.12591
60059.63503
58594.76589
57165.62525
55771.34171
54411.06508
52612.42648
53103.49157
53212.85204
52509.63986
50956.41259
49713.57325
48501.04708
47318.09471
46163.99484
45038.04375
43939.55487
42867.85841
41822.30089
40802.24477
39807.06807
38836.16397
37888.94046
36964.81996
36063.23899
35183.64779
34325.51004
33488.30248
32671.51461
31874.6484
31097.21795
30338.74922
29598.77973
28876.85827
28172.54466
27485.40942
26815.03358
26161.00837
25522.935
24900.42439
24293.09696
23700.5824
23122.51942
22558.55553
22008.34686
21471.55791
20947.86138
20436.93793
19938.47603
19452.17173
18977.72852
18514.85709
18063.27521
17622.70752
17192.88539
16773.54672
16364.43583
15965.30325
15575.90561
15196.00547
14825.37119
14463.77677
61075.36652
62602.25068
63213.01553
61671.23466
60167.05821
61671.23466
63213.01553
64793.34092
63213.01553
61671.23466
63213.01553
64793.34092
66413.17444
64793.34092
63213.01553
61386.09429
62920.74664
64493.76531
66294.59936
64677.65791
63100.15406
64677.65791
66294.59936
67951.96434
66294.59936
64677.65791
66294.59936
67951.96434
69650.76345
67951.96434
66294.59936
67951.96434
69650.76345
71392.03253
69650.76345
64677.65791
66294.59936
67951.96434
69650.76345
67951.96434
63100.15406
64677.65791
66294.59936
67951.96434
66294.59936
61561.12591
63100.15406
64677.65791
66294.59936
64677.65791
60059.63503
61561.12591
63100.15406
64677.65791
63100.15406
58594.76589
60059.63503
61561.12591
63100.15406
61561.12591
57165.62525
58594.76589
60059.63503
61561.12591
60059.63503
55771.34171
57165.62525
58594.76589
60059.63503
58594.76589
54411.06508
55771.34171
57165.62525
58594.76589
57165.62525
53083.96594
54411.06508
55771.34171
57165.62525
55771.34171
51914.9776
53083.96594
54411.06508
55771.34171
54411.06508
51228.91694
51789.23506
53083.96594
54411.06508
53083.96594
49713.57325
50526.08298
51789.23506
53083.96594
51789.23506
48501.04708
49293.7395
50526.08298
51789.23506
50526.08298
47318.09471
48091.45317
49293.7395
50526.08298
49293.7395
46163.99484
46918.4909
48091.45317
49293.7395
48091.45317
45038.04375
45774.13746
46918.4909
48091.45317
46918.4909
43939.55487
44657.69508
45774.13746
46918.4909
45774.13746
42867.85841
43568.48301
44657.69508
45774.13746
44657.69508
41822.30089
42505.83708
43568.48301
44657.69508
43568.48301
40802.24477
41469.10935
42505.83708
43568.48301
42505.83708
39807.06807
40457.66765
41469.10935
42505.83708
41469.10935
38836.16397
39470.89527
40457.66765
41469.10935
40457.66765
37888.94046
38508.19051
39470.89527
40457.66765
39470.89527
36964.81996
37568.96635
38508.19051
39470.89527
38508.19051
36063.23899
36652.6501
37568.96635
38508.19051
37568.96635
35183.64779
35758.68302
36652.6501
37568.96635
36652.6501
34325.51004
34886.52002
35758.68302
36652.6501
35758.68302
33488.30248
34035.62929
34886.52002
35758.68302
34886.52002
32671.51461
33205.49199
34035.62929
34886.52002
34035.62929
31874.6484
32395.60194
33205.49199
34035.62929
33205.49199
31097.21795
31605.46531
32395.60194
33205.49199
32395.60194
30338.74922
30834.6003
31605.46531
32395.60194
31605.46531
29598.77973
30082.53688
30834.6003
31605.46531
30834.6003
28876.85827
29348.81647
30082.53688
30834.6003
30082.53688
28172.54466
28632.99168
29348.81647
30082.53688
29348.81647
27485.40942
27934.62603
28632.99168
29348.81647
28632.99168
26815.03358
27253.29368
27934.62603
28632.99168
27934.62603
26161.00837
26588.5792
27253.29368
27934.62603
27253.29368
25522.935
25940.07727
26588.5792
27253.29368
26588.5792
24900.42439
25307.39246
25940.07727
26588.5792
25940.07727
24293.09696
24690.13899
25307.39246
25940.07727
25307.39246
23700.5824
24087.94047
24690.13899
25307.39246
24690.13899
23122.51942
23500.42973
24087.94047
24690.13899
24087.94047
22558.55553
22927.24852
23500.42973
24087.94047
23500.42973
22008.34686
22368.04733
22927.24852
23500.42973
22927.24852
21471.55791
21822.4852
22368.04733
22927.24852
22368.04733
20947.86138
21290.22947
21822.4852
22368.04733
21822.4852
20436.93793
20770.95558
21290.22947
21822.4852
21290.22947
19938.47603
20264.34691
20770.95558
21290.22947
20770.95558
19452.17173
19770.09454
20264.34691
20770.95558
20264.34691
18977.72852
19287.89711
19770.09454
20264.34691
19770.09454
18514.85709
18817.4606
19287.89711
19770.09454
19287.89711
18063.27521
18358.49815
18817.4606
19287.89711
18817.4606
17622.70752
17910.7299
18358.49815
18817.4606
18358.49815
17192.88539
17473.88283
17910.7299
18358.49815
17910.7299
16773.54672
17047.69056
17473.88283
17910.7299
17473.88283
16364.43583
16631.89323
17047.69056
17473.88283
17047.69056
15965.30325
16226.2373
16631.89323
17047.69056
16631.89323
15575.90561
15830.47541
16226.2373
16631.89323
16226.2373
15196.00547
15444.36626
15830.47541
16226.2373
15830.47541
14825.37119
15067.6744
15444.36626
15830.47541
15444.36626
14463.77677
14700.17014
15067.6744
15444.36626
15067.6744
14111.00173
14341.62941
14700.17014
15067.6744
14700.17014
58699.56898
57267.87218
55871.09481
54508.38518
53178.91237
51881.86573
50616.45437
49381.9067
48177.46995
47002.40971
45856.00947
44737.57022
43646.40997
42581.86338
41543.28135
40530.03058
39541.49325
38577.06659
37636.16252
36718.20734
35822.64131
34948.91835
34096.50571
33264.88362
32453.54499
31661.99511
30889.75133
30136.34276
29401.31001
28684.20489
27984.59014
27302.03916
26636.13576
25986.47391
25352.65748
24734.29998
24131.02437
23542.4628
22968.25639
22408.05501
21861.51709
21328.30935
20808.10669
20300.59189
19805.4555
19322.39561
18851.11767
18391.33431
17942.76518
17505.13676
17078.18221
16661.64118
16255.25969
15858.78994
15471.99018
15094.62457
14726.46299
14367.28097
14016.85948
13674.98486
60167.05821
58699.56898
57267.87218
55871.09481
54508.38518
53178.91237
51881.86573
50616.45437
49381.9067
48177.46995
47002.40971
45856.00947
44737.57022
43646.40997
42581.86338
41543.28135
40530.03058
39541.49325
38577.06659
37636.16252
36718.20734
35822.64131
34948.91835
34096.50571
33264.88362
32453.54499
31661.99511
30889.75133
30136.34276
29401.31001
28684.20489
27984.59014
27302.03916
26636.13576
25986.47391
25352.65748
24734.29998
24131.02437
23542.4628
22968.25639
22408.05501
21861.51709
21328.30935
20808.10669
20300.59189
19805.4555
19322.39561
18851.11767
18391.33431
17942.76518
17505.13676
17078.18221
16661.64118
16255.25969
15858.78994
15471.99018
15094.62457
14726.46299
14367.28097
14016.85948
61671.23466
60167.05821
58699.56898
57267.87218
55871.09481
54508.38518
53178.91237
51881.86573
50616.45437
49381.9067
48177.46995
47002.40971
45856.00947
44737.57022
43646.40997
42581.86338
41543.28135
40530.03058
39541.49325
38577.06659
37636.16252
36718.20734
35822.64131
34948.91835
34096.50571
33264.88362
32453.54499
31661.99511
30889.75133
30136.34276
29401.31001
28684.20489
27984.59014
27302.03916
26636.13576
25986.47391
25352.65748
24734.29998
24131.02437
23542.4628
22968.25639
22408.05501
21861.51709
21328.30935
20808.10669
20300.59189
19805.4555
19322.39561
18851.11767
18391.33431
17942.76518
17505.13676
17078.18221
16661.64118
16255.25969
15858.78994
15471.99018
15094.62457
14726.46299
14367.28097
63100.15406
61561.12591
60059.63503
58594.76589
57165.62525
55771.34171
54411.06508
53083.96594
51789.23506
50526.08298
49293.7395
48091.45317
46918.4909
45774.13746
44657.69508
43568.48301
42505.83708
41469.10935
40457.66765
39470.89527
38508.19051
37568.96635
36652.6501
35758.68302
34886.52002
34035.62929
33205.49199
32395.60194
31605.46531
30834.6003
30082.53688
29348.81647
28632.99168
27934.62603
27253.29368
26588.5792
25940.07727
25307.39246
24690.13899
24087.94047
23500.42973
22927.24852
22368.04733
21822.4852
21290.22947
20770.95558
20264.34691
19770.09454
19287.89711
18817.4606
18358.49815
17910.7299
17473.88283
17047.69056
16631.89323
16226.2373
15830.47541
15444.36626
15067.6744
14700.17014
64677.65791
63100.15406
61561.12591
60059.63503
58594.76589
57165.62525
55771.34171
54411.06508
53083.96594
51789.23506
50526.08298
49293.7395
48091.45317
46918.4909
45774.13746
44657.69508
43568.48301
42505.83708
41469.10935
40457.66765
39470.89527
38508.19051
37568.96635
36652.6501
35758.68302
34886.52002
34035.62929
33205.49199
32395.60194
31605.46531
30834.6003
30082.53688
29348.81647
28632.99168
27934.62603
27253.29368
26588.5792
25940.07727
25307.39246
24690.13899
24087.94047
23500.42973
22927.24852
22368.04733
21822.4852
21290.22947
20770.95558
20264.34691
19770.09454
19287.89711
18817.4606
18358.49815
17910.7299
17473.88283
17047.69056
16631.89323
16226.2373
15830.47541
15444.36626
15067.6744
66294.59936
64677.65791
63100.15406
61561.12591
60059.63503
58594.76589
57165.62525
55771.34171
54411.06508
53083.96594
51789.23506
50526.08298
49293.7395
48091.45317
46918.4909
45774.13746
44657.69508
43568.48301
42505.83708
41469.10935
40457.66765
39470.89527
38508.19051
37568.96635
36652.6501
35758.68302
34886.52002
34035.62929
33205.49199
32395.60194
31605.46531
30834.6003
30082.53688
29348.81647
28632.99168
27934.62603
27253.29368
26588.5792
25940.07727
25307.39246
24690.13899
24087.94047
23500.42973
22927.24852
22368.04733
21822.4852
21290.22947
20770.95558
20264.34691
19770.09454
19287.89711
18817.4606
18358.49815
17910.7299
17473.88283
17047.69056
16631.89323
16226.2373
15830.47541
15444.36626
67951.96434
66294.59936
64677.65791
63100.15406
61561.12591
60059.63503
58594.76589
57165.62525
55771.34171
54411.06508
53083.96594
51789.23506
50526.08298
49293.7395
48091.45317
46918.4909
45774.13746
44657.69508
43568.48301
42505.83708
41469.10935
40457.66765
39470.89527
38508.19051
37568.96635
36652.6501
35758.68302
34886.52002
34035.62929
33205.49199
32395.60194
31605.46531
30834.6003
30082.53688
29348.81647
28632.99168
27934.62603
27253.29368
26588.5792
25940.07727
25307.39246
24690.13899
24087.94047
23500.42973
22927.24852
22368.04733
21822.4852
21290.22947
20770.95558
20264.34691
19770.09454
19287.89711
18817.4606
18358.49815
17910.7299
17473.88283
17047.69056
16631.89323
16226.2373
15830.47541
66294.59936
64677.65791
63100.15406
61561.12591
60059.63503
58594.76589
57165.62525
55771.34171
54411.06508
53083.96594
51789.23506
50526.08298
49293.7395
48091.45317
46918.4909
45774.13746
44657.69508
43568.48301
42505.83708
41469.10935
40457.66765
39470.89527
38508.19051
37568.96635
36652.6501
35758.68302
34886.52002
34035.62929
33205.49199
32395.60194
31605.46531
30834.6003
30082.53688
29348.81647
28632.99168
27934.62603
27253.29368
26588.5792
25940.07727
25307.39246
24690.13899
24087.94047
23500.42973
22927.24852
22368.04733
21822.4852
21290.22947
20770.95558
20264.34691
19770.09454
19287.89711
18817.4606
18358.49815
17910.7299
17473.88283
17047.69056
16631.89323
16226.2373
15830.47541
15444.36626
64677.65791
63100.15406
61561.12591
60059.63503
58594.76589
57165.62525
55771.34171
54411.06508
53083.96594
51789.23506
50526.08298
49293.7395
48091.45317
46918.4909
45774.13746
44657.69508
43568.48301
42505.83708
41469.10935
40457.66765
39470.89527
38508.19051
37568.96635
36652.6501
35758.68302
34886.52002
34035.62929
33205.49199
32395.60194
31605.46531
30834.6003
30082.53688
29348.81647
28632.99168
27934.62603
27253.29368
26588.5792
25940.07727
25307.39246
24690.13899
24087.94047
23500.42973
22927.24852
22368.04733
21822.4852
21290.22947
20770.95558
20264.34691
19770.09454
19287.89711
18817.4606
18358.49815
17910.7299
17473.88283
17047.69056
16631.89323
16226.2373
15830.47541
15444.36626
15067.6744
63100.15406
61561.12591
60059.63503
58594.76589
57165.62525
55771.34171
54411.06508
53083.96594
51789.23506
50526.08298
49293.7395
48091.45317
46918.4909
45774.13746
44657.69508
43568.48301
42505.83708
41469.10935
40457.66765
39470.89527
38508.19051
37568.96635
36652.6501
35758.68302
34886.52002
34035.62929
33205.49199
32395.60194
31605.46531
30834.6003
30082.53688
29348.81647
28632.99168
27934.62603
27253.29368
26588.5792
25940.07727
25307.39246
24690.13899
24087.94047
23500.42973
22927.24852
22368.04733
21822.4852
21290.22947
20770.95558
20264.34691
19770.09454
19287.89711
18817.4606
18358.49815
17910.7299
17473.88283
17047.69056
16631.89323
16226.2373
15830.47541
15444.36626
15067.6744
14700.17014
61561.12591
60059.63503
58594.76589
57165.62525
55771.34171
54411.06508
53083.96594
51789.23506
50526.08298
49293.7395
48091.45317
46918.4909
45774.13746
44657.69508
43568.48301
42505.83708
41469.10935
40457.66765
39470.89527
38508.19051
37568.96635
36652.6501
35758.68302
34886.52002
34035.62929
33205.49199
32395.60194
31605.46531
30834.6003
30082.53688
29348.81647
28632.99168
27934.62603
27253.29368
26588.5792
25940.07727
25307.39246
24690.13899
24087.94047
23500.42973
22927.24852
22368.04733
21822.4852
21290.22947
20770.95558
20264.34691
19770.09454
19287.89711
18817.4606
18358.49815
17910.7299
17473.88283
17047.69056
16631.89323
16226.2373
15830.47541
15444.36626
15067.6744
14700.17014
14341.62941
60059.63503
58594.76589
57165.62525
55771.34171
54411.06508
53083.96594
51789.23506
50526.08298
49293.7395
48091.45317
46918.4909
45774.13746
44657.69508
43568.48301
42505.83708
41469.10935
40457.66765
39470.89527
38508.19051
37568.96635
36652.6501
35758.68302
34886.52002
34035.62929
33205.49199
32395.60194
31605.46531
30834.6003
30082.53688
29348.81647
28632.99168
27934.62603
27253.29368
26588.5792
25940.07727
25307.39246
24690.13899
24087.94047
23500.42973
22927.24852
22368.04733
21822.4852
21290.22947
20770.95558
20264.34691
19770.09454
19287.89711
18817.4606
18358.49815
17910.7299
17473.88283
17047.69056
16631.89323
16226.2373
15830.47541
15444.36626
15067.6744
14700.17014
14341.62941
13991.83357
58594.76589
57165.62525
55771.34171
54411.06508
53083.96594
51789.23506
50526.08298
49293.7395
48091.45317
46918.4909
45774.13746
44657.69508
43568.48301
42505.83708
41469.10935
40457.66765
39470.89527
38508.19051
37568.96635
36652.6501
35758.68302
34886.52002
34035.62929
33205.49199
32395.60194
31605.46531
30834.6003
30082.53688
29348.81647
28632.99168
27934.62603
27253.29368
26588.5792
25940.07727
25307.39246
24690.13899
24087.94047
23500.42973
22927.24852
22368.04733
21822.4852
21290.22947
20770.95558
20264.34691
19770.09454
19287.89711
18817.4606
18358.49815
17910.7299
17473.88283
17047.69056
16631.89323
16226.2373
15830.47541
15444.36626
15067.6744
14700.17014
14341.62941
13991.83357
13650.56934
57165.62525
55771.34171
54411.06508
53083.96594
51789.23506
50526.08298
49293.7395
48091.45317
46918.4909
45774.13746
44657.69508
43568.48301
42505.83708
41469.10935
40457.66765
39470.89527
38508.19051
37568.96635
36652.6501
35758.68302
34886.52002
34035.62929
33205.49199
32395.60194
31605.46531
30834.6003
30082.53688
29348.81647
28632.99168
27934.62603
27253.29368
26588.5792
25940.07727
25307.39246
24690.13899
24087.94047
23500.42973
22927.24852
22368.04733
21822.4852
21290.22947
20770.95558
20264.34691
19770.09454
19287.89711
18817.4606
18358.49815
17910.7299
17473.88283
17047.69056
16631.89323
16226.2373
15830.47541
15444.36626
15067.6744
14700.17014
14341.62941
13991.83357
13650.56934
13317.62862
55771.34171
54411.06508
53083.96594
51789.23506
50526.08298
49293.7395
48091.45317
46918.4909
45774.13746
44657.69508
43568.48301
42505.83708
41469.10935
40457.66765
39470.89527
38508.19051
37568.96635
36652.6501
35758.68302
34886.52002
34035.62929
33205.49199
32395.60194
31605.46531
30834.6003
30082.53688
29348.81647
28632.99168
27934.62603
27253.29368
26588.5792
25940.07727
25307.39246
24690.13899
24087.94047
23500.42973
22927.24852
22368.04733
21822.4852
21290.22947
20770.95558
20264.34691
19770.09454
19287.89711
18817.4606
18358.49815
17910.7299
17473.88283
17047.69056
16631.89323
16226.2373
15830.47541
15444.36626
15067.6744
14700.17014
14341.62941
13991.83357
13650.56934
13317.62862
12992.80841
54411.06508
53083.96594
51789.23506
50526.08298
49293.7395
48091.45317
46918.4909
45774.13746
44657.69508
43568.48301
42505.83708
41469.10935
40457.66765
39470.89527
38508.19051
37568.96635
36652.6501
35758.68302
34886.52002
34035.62929
33205.49199
32395.60194
31605.46531
30834.6003
30082.53688
29348.81647
28632.99168
27934.62603
27253.29368
26588.5792
25940.07727
25307.39246
24690.13899
24087.94047
23500.42973
22927.24852
22368.04733
21822.4852
21290.22947
20770.95558
20264.34691
19770.09454
19287.89711
18817.4606
18358.49815
17910.7299
17473.88283
17047.69056
16631.89323
16226.2373
15830.47541
15444.36626
15067.6744
14700.17014
14341.62941
13991.83357
13650.56934
13317.62862
12992.80841
12675.91064
53083.96594
51789.23506
50526.08298
49293.7395
48091.45317
46918.4909
45774.13746
44657.69508
43568.48301
42505.83708
41469.10935
40457.66765
39470.89527
38508.19051
37568.96635
36652.6501
35758.68302
34886.52002
34035.62929
33205.49199
32395.60194
31605.46531
30834.6003
30082.53688
29348.81647
28632.99168
27934.62603
27253.29368
26588.5792
25940.07727
25307.39246
24690.13899
24087.94047
23500.42973
22927.24852
22368.04733
21822.4852
21290.22947
20770.95558
20264.34691
19770.09454
19287.89711
18817.4606
18358.49815
17910.7299
17473.88283
17047.69056
16631.89323
16226.2373
15830.47541
15444.36626
15067.6744
14700.17014
14341.62941
13991.83357
13650.56934
13317.62862
12992.80841
12675.91064
12366.74209
51789.23506
50526.08298
49293.7395
48091.45317
46918.4909
45774.13746
44657.69508
43568.48301
42505.83708
41469.10935
40457.66765
39470.89527
38508.19051
37568.96635
36652.6501
35758.68302
34886.52002
34035.62929
33205.49199
32395.60194
31605.46531
30834.6003
30082.53688
29348.81647
28632.99168
27934.62603
27253.29368
26588.5792
25940.07727
25307.39246
24690.13899
24087.94047
23500.42973
22927.24852
22368.04733
21822.4852
21290.22947
20770.95558
20264.34691
19770.09454
19287.89711
18817.4606
18358.49815
17910.7299
17473.88283
17047.69056
16631.89323
16226.2373
15830.47541
15444.36626
15067.6744
14700.17014
14341.62941
13991.83357
13650.56934
13317.62862
12992.80841
12675.91064
12366.74209
12065.11424
50526.08298
49293.7395
48091.45317
46918.4909
45774.13746
44657.69508
43568.48301
42505.83708
41469.10935
40457.66765
39470.89527
38508.19051
37568.96635
36652.6501
35758.68302
34886.52002
34035.62929
33205.49199
32395.60194
31605.46531
30834.6003
30082.53688
29348.81647
28632.99168
27934.62603
27253.29368
26588.5792
25940.07727
25307.39246
24690.13899
24087.94047
23500.42973
22927.24852
22368.04733
21822.4852
21290.22947
20770.95558
20264.34691
19770.09454
19287.89711
18817.4606
18358.49815
17910.7299
17473.88283
17047.69056
16631.89323
16226.2373
15830.47541
15444.36626
15067.6744
14700.17014
14341.62941
13991.83357
13650.56934
13317.62862
12992.80841
12675.91064
12366.74209
12065.11424
11770.84316
49293.7395
48091.45317
46918.4909
45774.13746
44657.69508
43568.48301
42505.83708
41469.10935
40457.66765
39470.89527
38508.19051
37568.96635
36652.6501
35758.68302
34886.52002
34035.62929
33205.49199
32395.60194
31605.46531
30834.6003
30082.53688
29348.81647
28632.99168
27934.62603
27253.29368
26588.5792
25940.07727
25307.39246
24690.13899
24087.94047
23500.42973
22927.24852
22368.04733
21822.4852
21290.22947
20770.95558
20264.34691
19770.09454
19287.89711
18817.4606
18358.49815
17910.7299
17473.88283
17047.69056
16631.89323
16226.2373
15830.47541
15444.36626
15067.6744
14700.17014
14341.62941
13991.83357
13650.56934
13317.62862
12992.80841
12675.91064
12366.74209
12065.11424
11770.84316
11483.74942
48091.45317
46918.4909
45774.13746
44657.69508
43568.48301
42505.83708
41469.10935
40457.66765
39470.89527
38508.19051
37568.96635
36652.6501
35758.68302
34886.52002
34035.62929
33205.49199
32395.60194
31605.46531
30834.6003
30082.53688
29348.81647
28632.99168
27934.62603
27253.29368
26588.5792
25940.07727
25307.39246
24690.13899
24087.94047
23500.42973
22927.24852
22368.04733
21822.4852
21290.22947
20770.95558
20264.34691
19770.09454
19287.89711
18817.4606
18358.49815
17910.7299
17473.88283
17047.69056
16631.89323
16226.2373
15830.47541
15444.36626
15067.6744
14700.17014
14341.62941
13991.83357
13650.56934
13317.62862
12992.80841
12675.91064
12366.74209
12065.11424
11770.84316
11483.74942
11203.65797
46918.4909
45774.13746
44657.69508
43568.48301
42505.83708
41469.10935
40457.66765
39470.89527
38508.19051
37568.96635
36652.6501
35758.68302
34886.52002
34035.62929
33205.49199
32395.60194
31605.46531
30834.6003
30082.53688
29348.81647
28632.99168
27934.62603
27253.29368
26588.5792
25940.07727
25307.39246
24690.13899
24087.94047
23500.42973
22927.24852
22368.04733
21822.4852
21290.22947
20770.95558
20264.34691
19770.09454
19287.89711
18817.4606
18358.49815
17910.7299
17473.88283
17047.69056
16631.89323
16226.2373
15830.47541
15444.36626
15067.6744
14700.17014
14341.62941
13991.83357
13650.56934
13317.62862
12992.80841
12675.91064
12366.74209
12065.11424
11770.84316
11483.74942
11203.65797
10930.39802
45774.13746
44657.69508
43568.48301
42505.83708
41469.10935
40457.66765
39470.89527
38508.19051
37568.96635
36652.6501
35758.68302
34886.52002
34035.62929
33205.49199
32395.60194
31605.46531
30834.6003
30082.53688
29348.81647
28632.99168
27934.62603
27253.29368
26588.5792
25940.07727
25307.39246
24690.13899
24087.94047
23500.42973
22927.24852
22368.04733
21822.4852
21290.22947
20770.95558
20264.34691
19770.09454
19287.89711
18817.4606
18358.49815
17910.7299
17473.88283
17047.69056
16631.89323
16226.2373
15830.47541
15444.36626
15067.6744
14700.17014
14341.62941
13991.83357
13650.56934
13317.62862
12992.80841
12675.91064
12366.74209
12065.11424
11770.84316
11483.74942
11203.65797
10930.39802
10663.80295
44657.69508
43568.48301
42505.83708
41469.10935
40457.66765
39470.89527
38508.19051
37568.96635
36652.6501
35758.68302
34886.52002
34035.62929
33205.49199
32395.60194
31605.46531
30834.6003
30082.53688
29348.81647
28632.99168
27934.62603
27253.29368
26588.5792
25940.07727
25307.39246
24690.13899
24087.94047
23500.42973
22927.24852
22368.04733
21822.4852
21290.22947
20770.95558
20264.34691
19770.09454
19287.89711
18817.4606
18358.49815
17910.7299
17473.88283
17047.69056
16631.89323
16226.2373
15830.47541
15444.36626
15067.6744
14700.17014
14341.62941
13991.83357
13650.56934
13317.62862
12992.80841
12675.91064
12366.74209
12065.11424
11770.84316
11483.74942
11203.65797
10930.39802
10663.80295
10403.71019
43568.48301
42505.83708
41469.10935
40457.66765
39470.89527
38508.19051
37568.96635
36652.6501
35758.68302
34886.52002
34035.62929
33205.49199
32395.60194
31605.46531
30834.6003
30082.53688
29348.81647
28632.99168
27934.62603
27253.29368
26588.5792
25940.07727
25307.39246
24690.13899
24087.94047
23500.42973
22927.24852
22368.04733
21822.4852
21290.22947
20770.95558
20264.34691
19770.09454
19287.89711
18817.4606
18358.49815
17910.7299
17473.88283
17047.69056
16631.89323
16226.2373
15830.47541
15444.36626
15067.6744
14700.17014
14341.62941
13991.83357
13650.56934
13317.62862
12992.80841
12675.91064
12366.74209
12065.11424
11770.84316
11483.74942
11203.65797
10930.39802
10663.80295
10403.71019
10149.96116
42505.83708
41469.10935
40457.66765
39470.89527
38508.19051
37568.96635
36652.6501
35758.68302
34886.52002
34035.62929
33205.49199
32395.60194
31605.46531
30834.6003
30082.53688
29348.81647
28632.99168
27934.62603
27253.29368
26588.5792
25940.07727
25307.39246
24690.13899
24087.94047
23500.42973
22927.24852
22368.04733
21822.4852
21290.22947
20770.95558
20264.34691
19770.09454
19287.89711
18817.4606
18358.49815
17910.7299
17473.88283
17047.69056
16631.89323
16226.2373
15830.47541
15444.36626
15067.6744
14700.17014
14341.62941
13991.83357
13650.56934
13317.62862
12992.80841
12675.91064
12366.74209
12065.11424
11770.84316
11483.74942
11203.65797
10930.39802
10663.80295
10403.71019
10149.96116
10000
41469.10935
40457.66765
39470.89527
38508.19051
37568.96635
36652.6501
35758.68302
34886.52002
34035.62929
33205.49199
32395.60194
31605.46531
30834.6003
30082.53688
29348.81647
28632.99168
27934.62603
27253.29368
26588.5792
25940.07727
25307.39246
24690.13899
24087.94047
23500.42973
22927.24852
22368.04733
21822.4852
21290.22947
20770.95558
20264.34691
19770.09454
19287.89711
18817.4606
18358.49815
17910.7299
17473.88283
17047.69056
16631.89323
16226.2373
15830.47541
15444.36626
15067.6744
14700.17014
14341.62941
13991.83357
13650.56934
13317.62862
12992.80841
12675.91064
12366.74209
12065.11424
11770.84316
11483.74942
11203.65797
10930.39802
10663.80295
10403.71019
10149.96116
10000
10000
40457.66765
39470.89527
38508.19051
37568.96635
36652.6501
35758.68302
34886.52002
34035.62929
33205.49199
32395.60194
31605.46531
30834.6003
30082.53688
29348.81647
28632.99168
27934.62603
27253.29368
26588.5792
25940.07727
25307.39246
24690.13899
24087.94047
23500.42973
22927.24852
22368.04733
21822.4852
21290.22947
20770.95558
20264.34691
19770.09454
19287.89711
18817.4606
18358.49815
17910.7299
17473.88283
17047.69056
16631.89323
16226.2373
15830.47541
15444.36626
15067.6744
14700.17014
14341.62941
13991.83357
13650.56934
13317.62862
12992.80841
12675.91064
12366.74209
12065.11424
11770.84316
11483.74942
11203.65797
10930.39802
10663.80295
10403.71019
10149.96116
10000
10000
10000
39470.89527
38508.19051
37568.96635
36652.6501
35758.68302
34886.52002
34035.62929
33205.49199
32395.60194
31605.46531
30834.6003
30082.53688
29348.81647
28632.99168
27934.62603
27253.29368
26588.5792
25940.07727
25307.39246
24690.13899
24087.94047
23500.42973
22927.24852
22368.04733
21822.4852
21290.22947
20770.95558
20264.34691
19770.09454
19287.89711
18817.4606
18358.49815
17910.7299
17473.88283
17047.69056
16631.89323
16226.2373
15830.47541
15444.36626
15067.6744
14700.17014
14341.62941
13991.83357
13650.56934
13317.62862
12992.80841
12675.91064
12366.74209
12065.11424
11770.84316
11483.74942
11203.65797
10930.39802
10663.80295
10403.71019
10149.96116
10000
10000
10000
10000
38508.19051
37568.96635
36652.6501
35758.68302
34886.52002
34035.62929
33205.49199
32395.60194
31605.46531
30834.6003
30082.53688
29348.81647
28632.99168
27934.62603
27253.29368
26588.5792
25940.07727
25307.39246
24690.13899
24087.94047
23500.42973
22927.24852
22368.04733
21822.4852
21290.22947
20770.95558
20264.34691
19770.09454
19287.89711
18817.4606
18358.49815
17910.7299
17473.88283
17047.69056
16631.89323
16226.2373
15830.47541
15444.36626
15067.6744
14700.17014
14341.62941
13991.83357
13650.56934
13317.62862
12992.80841
12675.91064
12366.74209
12065.11424
11770.84316
11483.74942
11203.65797
10930.39802
10663.80295
10403.71019
10149.96116
10000
10000
10000
10000
10000
37568.96635
36652.6501
35758.68302
34886.52002
34035.62929
33205.49199
32395.60194
31605.46531
30834.6003
30082.53688
29348.81647
28632.99168
27934.62603
27253.29368
26588.5792
25940.07727
25307.39246
24690.13899
24087.94047
23500.42973
22927.24852
22368.04733
21822.4852
21290.22947
20770.95558
20264.34691
19770.09454
19287.89711
18817.4606
18358.49815
17910.7299
17473.88283
17047.69056
16631.89323
16226.2373
15830.47541
15444.36626
15067.6744
14700.17014
14341.62941
13991.83357
13650.56934
13317.62862
12992.80841
12675.91064
12366.74209
12065.11424
11770.84316
11483.74942
11203.65797
10930.39802
10663.80295
10403.71019
10149.96116
10000
10000
10000
10000
10000
10000
36652.6501
35758.68302
34886.52002
34035.62929
33205.49199
32395.60194
31605.46531
30834.6003
30082.53688
29348.81647
28632.99168
27934.62603
27253.29368
26588.5792
25940.07727
25307.39246
24690.13899
24087.94047
23500.42973
22927.24852
22368.04733
21822.4852
21290.22947
20770.95558
20264.34691
19770.09454
19287.89711
18817.4606
18358.49815
17910.7299
17473.88283
17047.69056
16631.89323
16226.2373
15830.47541
15444.36626
15067.6744
14700.17014
14341.62941
13991.83357
13650.56934
13317.62862
12992.80841
12675.91064
12366.74209
12065.11424
11770.84316
11483.74942
11203.65797
10930.39802
10663.80295
10403.71019
10149.96116
10000
10000
10000
10000
10000
10000
10000
35758.68302
34886.52002
34035.62929
33205.49199
32395.60194
31605.46531
30834.6003
30082.53688
29348.81647
28632.99168
27934.62603
27253.29368
26588.5792
25940.07727
25307.39246
24690.13899
24087.94047
23500.42973
22927.24852
22368.04733
21822.4852
21290.22947
20770.95558
20264.34691
19770.09454
19287.89711
18817.4606
18358.49815
17910.7299
17473.88283
17047.69056
16631.89323
16226.2373
15830.47541
15444.36626
15067.6744
14700.17014
14341.62941
13991.83357
13650.56934
13317.62862
12992.80841
12675.91064
12366.74209
12065.11424
11770.84316
11483.74942
11203.65797
10930.39802
10663.80295
10403.71019
10149.96116
10000
10000
10000
10000
10000
10000
10000
10000
34886.52002
34035.62929
33205.49199
32395.60194
31605.46531
30834.6003
30082.53688
29348.81647
28632.99168
27934.62603
27253.29368
26588.5792
25940.07727
25307.39246
24690.13899
24087.94047
23500.42973
22927.24852
22368.04733
21822.4852
21290.22947
20770.95558
20264.34691
19770.09454
19287.89711
18817.4606
18358.49815
17910.7299
17473.88283
17047.69056
16631.89323
16226.2373
15830.47541
15444.36626
15067.6744
14700.17014
14341.62941
13991.83357
13650.56934
13317.62862
12992.80841
12675.91064
12366.74209
12065.11424
11770.84316
11483.74942
11203.65797
10930.39802
10663.80295
10403.71019
10149.96116
10000
10000
10000
10000
10000
10000
10000
10000
10000
34035.62929
33205.49199
32395.60194
31605.46531
30834.6003
30082.53688
29348.81647
28632.99168
27934.62603
27253.29368
26588.5792
25940.07727
25307.39246
24690.13899
24087.94047
23500.42973
22927.24852
22368.04733
21822.4852
21290.22947
20770.95558
20264.34691
19770.09454
19287.89711
18817.4606
18358.49815
17910.7299
17473.88283
17047.69056
16631.89323
16226.2373
15830.47541
15444.36626
15067.6744
14700.17014
14341.62941
13991.83357
13650.56934
13317.62862
12992.80841
12675.91064
12366.74209
12065.11424
11770.84316
11483.74942
11203.65797
10930.39802
10663.80295
10403.71019
10149.96116
10000
10000
10000
10000
10000
10000
10000
10000
10000
10000
33205.49199
32395.60194
31605.46531
30834.6003
30082.53688
29348.81647
28632.99168
27934.62603
27253.29368
26588.5792
25940.07727
25307.39246
24690.13899
24087.94047
23500.42973
22927.24852
22368.04733
21822.4852
21290.22947
20770.95558
20264.34691
19770.09454
19287.89711
18817.4606
18358.49815
17910.7299
17473.88283
17047.69056
16631.89323
16226.2373
15830.47541
15444.36626
15067.6744
14700.17014
14341.62941
13991.83357
13650.56934
13317.62862
12992.80841
12675.91064
12366.74209
12065.11424
11770.84316
11483.74942
11203.65797
10930.39802
10663.80295
10403.71019
10149.96116
10000
10000
10000
10000
10000
10000
10000
10000
10000
10000
10000
32395.60194
31605.46531
30834.6003
30082.53688
29348.81647
28632.99168
27934.62603
27253.29368
26588.5792
25940.07727
25307.39246
24690.13899
24087.94047
23500.42973
22927.24852
22368.04733
21822.4852
21290.22947
20770.95558
20264.34691
19770.09454
19287.89711
18817.4606
18358.49815
17910.7299
17473.88283
17047.69056
16631.89323
16226.2373
15830.47541
15444.36626
15067.6744
14700.17014
14341.62941
13991.83357
13650.56934
13317.62862
12992.80841
12675.91064
12366.74209
12065.11424
11770.84316
11483.74942
11203.65797
10930.39802
10663.80295
10403.71019
10149.96116
10000
10000
10000
10000
10000
10000
10000
10000
10000
10000
10000
10000
31605.46531
30834.6003
30082.53688
29348.81647
28632.99168
27934.62603
27253.29368
26588.5792
25940.07727
25307.39246
24690.13899
24087.94047
23500.42973
22927.24852
22368.04733
21822.4852
21290.22947
20770.95558
20264.34691
19770.09454
19287.89711
18817.4606
18358.49815
17910.7299
17473.88283
17047.69056
16631.89323
16226.2373
15830.47541
15444.36626
15067.6744
14700.17014
14341.62941
13991.83357
13650.56934
13317.62862
12992.80841
12675.91064
12366.74209
12065.11424
11770.84316
11483.74942
11203.65797
10930.39802
10663.80295
10403.71019
10149.96116
10000
10000
10000
10000
10000
10000
10000
10000
10000
10000
10000
10000
10000
30834.6003
30082.53688
29348.81647
28632.99168
27934.62603
27253.29368
26588.5792
25940.07727
25307.39246
24690.13899
24087.94047
23500.42973
22927.24852
22368.04733
21822.4852
21290.22947
20770.95558
20264.34691
19770.09454
19287.89711
18817.4606
18358.49815
17910.7299
17473.88283
17047.69056
16631.89323
16226.2373
15830.47541
15444.36626
15067.6744
14700.17014
14341.62941
13991.83357
13650.56934
13317.62862
12992.80841
12675.91064
12366.74209
12065.11424
11770.84316
11483.74942
11203.65797
10930.39802
10663.80295
10403.71019
10149.96116
10000
10000
10000
10000
10000
10000
10000
10000
10000
10000
10000
10000
10000
10000
30082.53688
29348.81647
28632.99168
27934.62603
27253.29368
26588.5792
25940.07727
25307.39246
24690.13899
24087.94047
23500.42973
22927.24852
22368.04733
21822.4852
21290.22947
20770.95558
20264.34691
19770.09454
19287.89711
18817.4606
18358.49815
17910.7299
17473.88283
17047.69056
16631.89323
16226.2373
15830.47541
15444.36626
15067.6744
14700.17014
14341.62941
13991.83357
13650.56934
13317.62862
12992.80841
12675.91064
12366.74209
12065.11424
11770.84316
11483.74942
11203.65797
10930.39802
10663.80295
10403.71019
10149.96116
10000
10000
10000
10000
10000
10000
10000
10000
10000
10000
10000
10000
10000
10000
10000
29348.81647
28632.99168
27934.62603
27253.29368
26588.5792
25940.07727
25307.39246
24690.13899
24087.94047
23500.42973
22927.24852
22368.04733
21822.4852
21290.22947
20770.95558
20264.34691
19770.09454
19287.89711
18817.4606
18358.49815
17910.7299
17473.88283
17047.69056
16631.89323
16226.2373
15830.47541
15444.36626
15067.6744
14700.17014
14341.62941
13991.83357
13650.56934
13317.62862
12992.80841
12675.91064
12366.74209
12065.11424
11770.84316
11483.74942
11203.65797
10930.39802
10663.80295
10403.71019
10149.96116
10000
10000
10000
10000
10000
10000
10000
10000
10000
10000
10000
10000
10000
10000
10000
10000
28632.99168
27934.62603
27253.29368
26588.5792
25940.07727
25307.39246
24690.13899
24087.94047
23500.42973
22927.24852
22368.04733
21822.4852
21290.22947
20770.95558
20264.34691
19770.09454
19287.89711
18817.4606
18358.49815
17910.7299
17473.88283
17047.69056
16631.89323
16226.2373
15830.47541
15444.36626
15067.6744
14700.17014
14341.62941
13991.83357
13650.56934
13317.62862
12992.80841
12675.91064
12366.74209
12065.11424
11770.84316
11483.74942
11203.65797
10930.39802
10663.80295
10403.71019
10149.96116
10000
10000
10000
10000
10000
10000
10000
10000
10000
10000
10000
10000
10000
10000
10000
10000
10000
27934.62603
27253.29368
26588.5792
25940.07727
25307.39246
24690.13899
24087.94047
23500.42973
22927.24852
22368.04733
21822.4852
21290.22947
20770.95558
20264.34691
19770.09454
19287.89711
18817.4606
18358.49815
17910.7299
17473.88283
17047.69056
16631.89323
16226.2373
15830.47541
15444.36626
15067.6744
14700.17014
14341.62941
13991.83357
13650.56934
13317.62862
12992.80841
12675.91064
12366.74209
12065.11424
11770.84316
11483.74942
11203.65797
10930.39802
10663.80295
10403.71019
10149.96116
10000
10000
10000
10000
10000
10000
10000
10000
10000
10000
10000
10000
10000
10000
10000
10000
10000
10000
27253.29368
26588.5792
25940.07727
25307.39246
24690.13899
24087.94047
23500.42973
22927.24852
22368.04733
21822.4852
21290.22947
20770.95558
20264.34691
19770.09454
19287.89711
18817.4606
18358.49815
17910.7299
17473.88283
17047.69056
16631.89323
16226.2373
15830.47541
15444.36626
15067.6744
14700.17014
14341.62941
13991.83357
13650.56934
13317.62862
12992.80841
12675.91064
12366.74209
12065.11424
11770.84316
11483.74942
11203.65797
10930.39802
10663.80295
10403.71019
10149.96116
10000
10000
10000
10000
10000
10000
10000
10000
10000
10000
10000
10000
10000
10000
10000
10000
10000
10000
10000
26588.5792
25940.07727
25307.39246
24690.13899
24087.94047
23500.42973
22927.24852
22368.04733
21822.4852
21290.22947
20770.95558
20264.34691
19770.09454
19287.89711
18817.4606
18358.49815
17910.7299
17473.88283
17047.69056
16631.89323
16226.2373
15830.47541
15444.36626
15067.6744
14700.17014
14341.62941
13991.83357
13650.56934
13317.62862
12992.80841
12675.91064
12366.74209
12065.11424
11770.84316
11483.74942
11203.65797
10930.39802
10663.80295
10403.71019
10149.96116
10000
10000
10000
10000
10000
10000
10000
10000
10000
10000
10000
10000
10000
10000
10000
10000
10000
10000
10000
10000
25940.07727
25307.39246
24690.13899
24087.94047
23500.42973
22927.24852
22368.04733
21822.4852
21290.22947
20770.95558
20264.34691
19770.09454
19287.89711
18817.4606
18358.49815
17910.7299
17473.88283
17047.69056
16631.89323
16226.2373
15830.47541
15444.36626
15067.6744
14700.17014
14341.62941
13991.83357
13650.56934
13317.62862
12992.80841
12675.91064
12366.74209
12065.11424
11770.84316
11483.74942
11203.65797
10930.39802
10663.80295
10403.71019
10149.96116
10000
10000
10000
10000
10000
10000
10000
10000
10000
10000
10000
10000
10000
10000
10000
10000
10000
10000
10000
10000
10000
25307.39246
24690.13899
24087.94047
23500.42973
22927.24852
22368.04733
21822.4852
21290.22947
20770.95558
20264.34691
19770.09454
19287.89711
18817.4606
18358.49815
17910.7299
17473.88283
17047.69056
16631.89323
16226.2373
15830.47541
15444.36626
15067.6744
14700.17014
14341.62941
13991.83357
13650.56934
13317.62862
12992.80841
12675.91064
12366.74209
12065.11424
11770.84316
11483.74942
11203.65797
10930.39802
10663.80295
10403.71019
10149.96116
10000
10000
10000
10000
10000
10000
10000
10000
10000
10000
10000
10000
10000
10000
10000
10000
10000
10000
10000
10000
10000
10000
24690.13899
24087.94047
23500.42973
22927.24852
22368.04733
21822.4852
21290.22947
20770.95558
20264.34691
19770.09454
19287.89711
18817.4606
18358.49815
17910.7299
17473.88283
17047.69056
16631.89323
16226.2373
15830.47541
15444.36626
15067.6744
14700.17014
14341.62941
13991.83357
13650.56934
13317.62862
12992.80841
12675.91064
12366.74209
12065.11424
11770.84316
11483.74942
11203.65797
10930.39802
10663.80295
10403.71019
10149.96116
10000
10000
10000
10000
10000
10000
10000
10000
10000
10000
10000
10000
10000
10000
10000
10000
10000
10000
10000
10000
10000
10000
10000
24087.94047
23500.42973
22927.24852
22368.04733
21822.4852
21290.22947
20770.95558
20264.34691
19770.09454
19287.89711
18817.4606
18358.49815
17910.7299
17473.88283
17047.69056
16631.89323
16226.2373
15830.47541
15444.36626
15067.6744
14700.17014
14341.62941
13991.83357
13650.56934
13317.62862
12992.80841
12675.91064
12366.74209
12065.11424
11770.84316
11483.74942
11203.65797
10930.39802
10663.80295
10403.71019
10149.96116
10000
10000
10000
10000
10000
10000
10000
10000
10000
10000
10000
10000
10000
10000
10000
10000
10000
10000
10000
10000
10000
10000
10000
10000
23500.42973
22927.24852
22368.04733
21822.4852
21290.22947
20770.95558
20264.34691
19770.09454
19287.89711
18817.4606
18358.49815
17910.7299
17473.88283
17047.69056
16631.89323
16226.2373
15830.47541
15444.36626
15067.6744
14700.17014
14341.62941
13991.83357
13650.56934
13317.62862
12992.80841
12675.91064
12366.74209
12065.11424
11770.84316
11483.74942
11203.65797
10930.39802
10663.80295
10403.71019
10149.96116
10000
10000
10000
10000
10000
10000
10000
10000
10000
10000
10000
10000
10000
10000
10000
10000
10000
10000
10000
10000
10000
10000
10000
10000
10000
22927.24852
22368.04733
21822.4852
21290.22947
20770.95558
20264.34691
19770.09454
19287.89711
18817.4606
18358.49815
17910.7299
17473.88283
17047.69056
16631.89323
16226.2373
15830.47541
15444.36626
15067.6744
14700.17014
14341.62941
13991.83357
13650.56934
13317.62862
12992.80841
12675.91064
12366.74209
12065.11424
11770.84316
11483.74942
11203.65797
10930.39802
10663.80295
10403.71019
10149.96116
10000
10000
10000
10000
10000
10000
10000
10000
10000
10000
10000
10000
10000
10000
10000
10000
10000
10000
10000
10000
10000
10000
10000
10000
10000
10000
22368.04733
21822.4852
21290.22947
20770.95558
20264.34691
19770.09454
19287.89711
18817.4606
18358.49815
17910.7299
17473.88283
17047.69056
16631.89323
16226.2373
15830.47541
15444.36626
15067.6744
14700.17014
14341.62941
13991.83357
13650.56934
13317.62862
12992.80841
12675.91064
12366.74209
12065.11424
11770.84316
11483.74942
11203.65797
10930.39802
10663.80295
10403.71019
10149.96116
10000
10000
10000
10000
10000
10000
10000
10000
10000
10000
10000
10000
10000
10000
10000
10000
10000
10000
10000
10000
10000
10000
10000
10000
10000
10000
10000
21822.4852
21290.22947
20770.95558
20264.34691
19770.09454
19287.89711
18817.4606
18358.49815
17910.7299
17473.88283
17047.69056
16631.89323
16226.2373
15830.47541
15444.36626
15067.6744
14700.17014
14341.62941
13991.83357
13650.56934
13317.62862
12992.80841
12675.91064
12366.74209
12065.11424
11770.84316
11483.74942
11203.65797
10930.39802
10663.80295
10403.71019
10149.96116
10000
10000
10000
10000
10000
10000
10000
10000
10000
10000
10000
10000
10000
10000
10000
10000
10000
10000
10000
10000
10000
10000
10000
10000
10000
10000
10000
10000
21290.22947
20770.95558
20264.34691
19770.09454
19287.89711
18817.4606
18358.49815
17910.7299
17473.88283
17047.69056
16631.89323
16226.2373
15830.47541
15444.36626
15067.6744
14700.17014
14341.62941
13991.83357
13650.56934
13317.62862
12992.80841
12675.91064
12366.74209
12065.11424
11770.84316
11483.74942
11203.65797
10930.39802
10663.80295
10403.71019
10149.96116
10000
10000
10000
10000
10000
10000
10000
10000
10000
10000
10000
10000
10000
10000
10000
10000
10000
10000
10000
10000
10000
10000
10000
10000
10000
10000
10000
10000
10000
20770.95558
20264.34691
19770.09454
19287.89711
18817.4606
18358.49815
17910.7299
17473.88283
17047.69056
16631.89323
16226.2373
15830.47541
15444.36626
15067.6744
14700.17014
14341.62941
13991.83357
13650.56934
13317.62862
12992.80841
12675.91064
12366.74209
12065.11424
11770.84316
11483.74942
11203.65797
10930.39802
10663.80295
10403.71019
10149.96116
10000
10000
10000
10000
10000
10000
10000
10000
10000
10000
10000
10000
10000
10000
10000
10000
10000
10000
10000
10000
10000
10000
10000
10000
10000
10000
10000
10000
10000
10000
20264.34691
19770.09454
19287.89711
18817.4606
18358.49815
17910.7299
17473.88283
17047.69056
16631.89323
16226.2373
15830.47541
15444.36626
15067.6744
14700.17014
14341.62941
13991.83357
13650.56934
13317.62862
12992.80841
12675.91064
12366.74209
12065.11424
11770.84316
11483.74942
11203.65797
10930.39802
10663.80295
10403.71019
10149.96116
10000
10000
10000
10000
10000
10000
10000
10000
10000
10000
10000
10000
10000
10000
10000
10000
10000
10000
10000
10000
10000
10000
10000
10000
10000
10000
10000
10000
10000
10000
10000
19770.09454
19287.89711
18817.4606
18358.49815
17910.7299
17473.88283
17047.69056
16631.89323
16226.2373
15830.47541
15444.36626
15067.6744
14700.17014
14341.62941
13991.83357
13650.56934
13317.62862
12992.80841
12675.91064
12366.74209
12065.11424
11770.84316
11483.74942
11203.65797
10930.39802
10663.80295
10403.71019
10149.96116
10000
10000
10000
10000
10000
10000
10000
10000
10000
10000
10000
10000
10000
10000
10000
10000
10000
10000
10000
10000
10000
10000
10000
10000
10000
10000
10000
10000
10000
10000
10000
10000
19287.89711
18817.4606
18358.49815
17910.7299
17473.88283
17047.69056
16631.89323
16226.2373
15830.47541
15444.36626
15067.6744
14700.17014
14341.62941
13991.83357
13650.56934
13317.62862
12992.80841
12675.91064
12366.74209
12065.11424
11770.84316
11483.74942
11203.65797
10930.39802
10663.80295
10403.71019
10149.96116
10000
10000
10000
10000
10000
10000
10000
10000
10000
10000
10000
10000
10000
10000
10000
10000
10000
10000
10000
10000
10000
10000
10000
10000
10000
10000
10000
10000
10000
10000
10000
10000
10000
18817.4606
18358.49815
17910.7299
17473.88283
17047.69056
16631.89323
16226.2373
15830.47541
15444.36626
15067.6744
14700.17014
14341.62941
13991.83357
13650.56934
13317.62862
12992.80841
12675.91064
12366.74209
12065.11424
11770.84316
11483.74942
11203.65797
10930.39802
10663.80295
10403.71019
10149.96116
10000
10000
10000
10000
10000
10000
10000
10000
10000
10000
10000
10000
10000
10000
10000
10000
10000
10000
10000
10000
10000
10000
10000
10000
10000
10000
10000
10000
10000
10000
10000
10000
10000
10000
18358.49815
17910.7299
17473.88283
17047.69056
16631.89323
16226.2373
15830.47541
15444.36626
15067.6744
14700.17014
14341.62941
13991.83357
13650.56934
13317.62862
12992.80841
12675.91064
12366.74209
12065.11424
11770.84316
11483.74942
11203.65797
10930.39802
10663.80295
10403.71019
10149.96116
10000
10000
10000
10000
10000
10000
10000
10000
10000
10000
10000
10000
10000
10000
10000
10000
10000
10000
10000
10000
10000
10000
10000
10000
10000
10000
10000
10000
10000
10000
10000
10000
10000
10000
10000
17910.7299
17473.88283
17047.69056
16631.89323
16226.2373
15830.47541
15444.36626
15067.6744
14700.17014
14341.62941
13991.83357
13650.56934
13317.62862
12992.80841
12675.91064
12366.74209
12065.11424
11770.84316
11483.74942
11203.65797
10930.39802
10663.80295
10403.71019
10149.96116
10000
10000
10000
10000
10000
10000
10000
10000
10000
10000
10000
10000
10000
10000
10000
10000
10000
10000
10000
10000
10000
10000
10000
10000
10000
10000
10000
10000
10000
10000
10000
10000
10000
10000
10000
10000
17473.88283
17047.69056
16631.89323
16226.2373
15830.47541
15444.36626
15067.6744
14700.17014
14341.62941
13991.83357
13650.56934
13317.62862
12992.80841
12675.91064
12366.74209
12065.11424
11770.84316
11483.74942
11203.65797
10930.39802
10663.80295
10403.71019
10149.96116
10000
10000
10000
10000
10000
10000
10000
10000
10000
10000
10000
10000
10000
10000
10000
10000
10000
10000
10000
10000
10000
10000
10000
10000
10000
10000
10000
10000
10000
10000
10000
10000
10000
10000
10000
10000
10000
17047.69056
16631.89323
16226.2373
15830.47541
15444.36626
15067.6744
14700.17014
14341.62941
13991.83357
13650.56934
13317.62862
12992.80841
12675.91064
12366.74209
12065.11424
11770.84316
11483.74942
11203.65797
10930.39802
10663.80295
10403.71019
10149.96116
10000
10000
10000
10000
10000
10000
10000
10000
10000
10000
10000
10000
10000
10000
10000
10000
10000
10000
10000
10000
10000
10000
10000
10000
10000
10000
10000
10000
10000
10000
10000
10000
10000
10000
10000
10000
10000
10000
16631.89323
16226.2373
15830.47541
15444.36626
15067.6744
14700.17014
14341.62941
13991.83357
13650.56934
13317.62862
12992.80841
12675.91064
12366.74209
12065.11424
11770.84316
11483.74942
11203.65797
10930.39802
10663.80295
10403.71019
10149.96116
10000
10000
10000
10000
10000
10000
10000
10000
10000
10000
10000
10000
10000
10000
10000
10000
10000
10000
10000
10000
10000
10000
10000
10000
10000
10000
10000
10000
10000
10000
10000
10000
10000
10000
10000
10000
10000
10000
10000
16226.2373
15830.47541
15444.36626
15067.6744
14700.17014
14341.62941
13991.83357
13650.56934
13317.62862
12992.80841
12675.91064
12366.74209
12065.11424
11770.84316
11483.74942
11203.65797
10930.39802
10663.80295
10403.71019
10149.96116
10000
10000
10000
10000
10000
10000
10000
10000
10000
10000
10000
10000
10000
10000
10000
10000
10000
10000
10000
10000
10000
10000
10000
10000
10000
10000
10000
10000
10000
10000
10000
10000
10000
10000
10000
10000
10000
10000
10000
10000
15830.47541
15444.36626
15067.6744
14700.17014
14341.62941
13991.83357
13650.56934
13317.62862
12992.80841
12675.91064
12366.74209
12065.11424
11770.84316
11483.74942
11203.65797
10930.39802
10663.80295
10403.71019
10149.96116
10000
10000
10000
10000
10000
10000
10000
10000
10000
10000
10000
10000
10000
10000
10000
10000
10000
10000
10000
10000
10000
10000
10000
10000
10000
10000
10000
10000
10000
10000
10000
10000
10000
10000
10000
10000
10000
10000
10000
10000
10000
15444.36626
15067.6744
14700.17014
14341.62941
13991.83357
13650.56934
13317.62862
12992.80841
12675.91064
12366.74209
12065.11424
11770.84316
11483.74942
11203.65797
10930.39802
10663.80295
10403.71019
10149.96116
10000
10000
10000
10000
10000
10000
10000
10000
10000
10000
10000
10000
10000
10000
10000
10000
10000
10000
10000
10000
10000
10000
10000
10000
10000
10000
10000
10000
10000
10000
10000
10000
10000
10000
10000
10000
10000
10000
10000
10000
10000
10000
15067.6744
14700.17014
14341.62941
13991.83357
13650.56934
13317.62862
12992.80841
12675.91064
12366.74209
12065.11424
11770.84316
11483.74942
11203.65797
10930.39802
10663.80295
10403.71019
10149.96116
10000
10000
10000
10000
10000
10000
10000
10000
10000
10000
10000
10000
10000
10000
10000
10000
10000
10000
10000
10000
10000
10000
10000
10000
10000
10000
10000
10000
10000
10000
10000
10000
10000
10000
10000
10000
10000
10000
10000
10000
10000
10000
10000
14700.17014
14341.62941
13991.83357
13650.56934
13317.62862
12992.80841
12675.91064
12366.74209
12065.11424
11770.84316
11483.74942
11203.65797
10930.39802
10663.80295
10403.71019
10149.96116
10000
10000
10000
10000
10000
10000
10000
10000
10000
10000
10000
10000
10000
10000
10000
10000
10000
10000
10000
10000
10000
10000
10000
10000
10000
10000
10000
10000
10000
10000
10000
10000
10000
10000
10000
10000
10000
10000
10000
10000
10000
10000
10000
10000
14341.62941
13991.83357
13650.56934
13317.62862
12992.80841
12675.91064
12366.74209
12065.11424
11770.84316
11483.74942
11203.65797
10930.39802
10663.80295
10403.71019
10149.96116
10000
10000
10000
10000
10000
10000
10000
10000
10000
10000
10000
10000
10000
10000
10000
10000
10000
10000
10000
10000
10000
10000
10000
10000
10000
10000
10000
10000
10000
10000
10000
10000
10000
10000
10000
10000
10000
10000
10000
10000
10000
10000
10000
10000
10000
)
;

boundaryField
{
    inletCH4
    {
        type            extrapolatedCalculated;
        value           nonuniform List<scalar> 5(39929.01169 40076.68309 40249.99806 40387.28394 39694.39876);
    }
    wallOutside
    {
        type            extrapolatedCalculated;
        value           nonuniform List<scalar> 
70
(
13674.98486
14016.85948
14367.28097
14700.17014
15067.6744
15444.36626
15830.47541
15444.36626
15067.6744
14700.17014
14341.62941
13991.83357
13650.56934
13317.62862
12992.80841
12675.91064
12366.74209
12065.11424
11770.84316
11483.74942
11203.65797
10930.39802
10663.80295
10403.71019
10149.96116
10000
10000
10000
10000
10000
10000
10000
10000
10000
10000
10000
10000
10000
10000
10000
10000
10000
10000
10000
10000
10000
10000
10000
10000
10000
10000
10000
10000
10000
10000
10000
10000
10000
10000
10000
10000
10000
10000
10000
10000
10000
10000
10000
10000
10000
)
;
    }
    wallTube
    {
        type            extrapolatedCalculated;
        value           nonuniform List<scalar> 
61
(
39694.39876
39629.46251
39881.10782
40151.73442
40358.07623
40478.17492
41141.88971
42170.43695
43224.69788
44305.31532
45412.94821
46548.27191
47711.97871
48904.77818
50127.39763
51380.58257
52665.09714
53981.72457
55331.26768
56714.54937
59585.72343
37272.52151
38204.33455
39159.44291
40138.42899
41141.88971
42170.43695
43224.69788
44305.31532
45412.94821
46548.27191
47711.97871
48904.77818
50127.39763
51380.58257
52665.09714
53981.72457
55331.26768
56714.54937
58132.41311
59585.72343
36718.20734
37636.16252
38577.06659
39541.49325
40530.03058
41543.28135
42581.86338
43646.40997
44737.57022
45856.00947
47002.40971
48177.46995
49381.9067
50616.45437
51881.86573
53178.91237
54508.38518
55871.09481
57267.87218
58699.56898
)
;
    }
    inletPilot
    {
        type            extrapolatedCalculated;
        value           nonuniform List<scalar> 5(37272.52151 38204.33455 38577.06659 37636.16252 36718.20734);
    }
    inletAir
    {
        type            extrapolatedCalculated;
        value           nonuniform List<scalar> 
60
(
58699.56898
57267.87218
55871.09481
54508.38518
53178.91237
51881.86573
50616.45437
49381.9067
48177.46995
47002.40971
45856.00947
44737.57022
43646.40997
42581.86338
41543.28135
40530.03058
39541.49325
38577.06659
37636.16252
36718.20734
35822.64131
34948.91835
34096.50571
33264.88362
32453.54499
31661.99511
30889.75133
30136.34276
29401.31001
28684.20489
27984.59014
27302.03916
26636.13576
25986.47391
25352.65748
24734.29998
24131.02437
23542.4628
22968.25639
22408.05501
21861.51709
21328.30935
20808.10669
20300.59189
19805.4555
19322.39561
18851.11767
18391.33431
17942.76518
17505.13676
17078.18221
16661.64118
16255.25969
15858.78994
15471.99018
15094.62457
14726.46299
14367.28097
14016.85948
13674.98486
)
;
    }
    outlet
    {
        type            extrapolatedCalculated;
        value           nonuniform List<scalar> 
71
(
12783.87111
13103.46789
13431.05459
13766.83095
14111.00173
14463.77677
14111.00173
14341.62941
14700.17014
15067.6744
14700.17014
14341.62941
13991.83357
13650.56934
13317.62862
12992.80841
12675.91064
12366.74209
12065.11424
11770.84316
11483.74942
11203.65797
10930.39802
10663.80295
10403.71019
10149.96116
10000
10000
10000
10000
10000
10000
10000
10000
10000
10000
10000
10000
10000
10000
10000
10000
10000
10000
10000
10000
10000
10000
10000
10000
10000
10000
10000
10000
10000
10000
10000
10000
10000
10000
10000
10000
10000
10000
10000
10000
10000
10000
10000
10000
10000
)
;
    }
    axis
    {
        type            empty;
    }
    frontAndBack_pos
    {
        type            wedge;
    }
    frontAndBack_neg
    {
        type            wedge;
    }
}


// ************************************************************************* //
