/*--------------------------------*- C++ -*----------------------------------*\
  =========                 |
  \\      /  F ield         | OpenFOAM: The Open Source CFD Toolbox
   \\    /   O peration     | Website:  https://openfoam.org
    \\  /    A nd           | Version:  10
     \\/     M anipulation  |
\*---------------------------------------------------------------------------*/
FoamFile
{
    format      ascii;
    class       volScalarField;
    location    "1";
    object      C2H3;
}
// * * * * * * * * * * * * * * * * * * * * * * * * * * * * * * * * * * * * * //

dimensions      [0 0 0 0 0 0 0];

internalField   nonuniform List<scalar> 
4000
(
5.33905e-21
2.89532e-20
9.56552e-20
2.79254e-19
7.59288e-19
1.96793e-18
4.92331e-18
1.19697e-17
2.83805e-17
6.4504e-17
1.42021e-16
3.0654e-16
6.54208e-16
1.39098e-15
2.97044e-15
6.43115e-15
1.42346e-14
3.23791e-14
7.59701e-14
1.83721e-13
4.54543e-13
1.1347e-12
2.80529e-12
6.74247e-12
1.53481e-11
3.21741e-11
6.26523e-11
1.13673e-10
1.89833e-10
2.985e-10
4.43883e-10
6.35296e-10
8.84652e-10
1.2126e-09
1.65383e-09
2.26048e-09
3.10987e-09
4.31734e-09
6.05333e-09
8.58434e-09
1.23762e-08
1.80945e-08
2.69482e-08
4.08661e-08
6.27149e-08
9.72186e-08
1.49319e-07
2.2807e-07
3.39105e-07
4.95799e-07
6.94904e-07
9.34942e-07
1.19689e-06
1.43897e-06
1.59681e-06
1.59607e-06
1.38699e-06
1.00094e-06
5.88626e-07
3.23864e-07
1.78486e-07
9.75658e-08
5.26213e-08
2.78622e-08
1.42973e-08
7.14913e-09
3.4485e-09
1.59822e-09
6.88112e-10
2.87532e-10
1.12246e-10
4.02672e-11
1.31412e-11
3.8501e-12
9.98023e-13
2.27606e-13
4.28142e-14
6.87084e-15
9.53478e-16
1.18821e-16
1.43247e-17
1.89059e-18
3.1252e-19
6.6524e-20
1.66441e-20
4.4582e-21
1.21685e-21
3.31279e-22
8.9639e-23
2.40343e-23
6.37972e-24
1.67633e-24
4.35938e-25
1.12077e-25
2.83983e-26
7.03559e-27
1.67347e-27
3.66463e-28
6.67573e-29
6.31636e-30
5.34558e-21
2.89903e-20
9.57947e-20
2.79753e-19
7.60936e-19
1.97281e-18
4.93609e-18
1.19986e-17
2.84332e-17
6.45971e-17
1.42066e-16
3.06097e-16
6.51714e-16
1.38135e-15
2.93792e-15
6.32759e-15
1.39113e-14
3.14279e-14
7.32663e-14
1.76205e-13
4.3419e-13
1.0818e-12
2.67515e-12
6.40426e-12
1.45999e-11
3.06987e-11
6.00406e-11
1.09665e-10
1.8411e-10
2.91168e-10
4.3512e-10
6.25162e-10
8.7254e-10
1.19856e-09
1.6371e-09
2.24026e-09
3.08539e-09
4.28875e-09
6.01995e-09
8.54701e-09
1.23381e-08
1.80606e-08
2.69316e-08
4.09108e-08
6.28714e-08
9.75937e-08
1.50112e-07
2.29616e-07
3.41803e-07
5.00249e-07
7.01226e-07
9.43648e-07
1.20763e-06
1.45008e-06
1.60527e-06
1.59774e-06
1.37879e-06
9.85071e-07
5.7396e-07
3.16082e-07
1.74102e-07
9.50746e-08
5.1197e-08
2.70456e-08
1.38482e-08
6.90141e-09
3.31326e-09
1.52929e-09
6.54865e-10
2.72028e-10
1.0513e-10
3.74098e-11
1.20781e-11
3.49499e-12
8.9029e-13
1.97789e-13
3.62851e-14
5.68087e-15
7.71622e-16
9.48206e-17
1.14301e-17
1.54121e-18
2.65027e-19
5.86106e-20
1.5061e-20
4.1095e-21
1.13911e-21
3.15514e-22
8.63627e-23
2.33269e-23
6.21983e-24
1.63841e-24
4.26468e-25
1.09533e-25
2.773e-26
6.86416e-27
1.63096e-27
3.56915e-28
6.5001e-29
6.14897e-30
5.37075e-21
2.9132e-20
9.62951e-20
2.8131e-19
7.65362e-19
1.98441e-18
4.96402e-18
1.20592e-17
2.85467e-17
6.47908e-17
1.42275e-16
3.0595e-16
6.49973e-16
1.37362e-15
2.91073e-15
6.23974e-15
1.36602e-14
3.0709e-14
7.11751e-14
1.70065e-13
4.16286e-13
1.03102e-12
2.54172e-12
6.09669e-12
1.39316e-11
2.94086e-11
5.78325e-11
1.06058e-10
1.78874e-10
2.84248e-10
4.2586e-10
6.13236e-10
8.57462e-10
1.18058e-09
1.61541e-09
2.21388e-09
3.05346e-09
4.25147e-09
5.97716e-09
8.50084e-09
1.22946e-08
1.80299e-08
2.69378e-08
4.10147e-08
6.31607e-08
9.8232e-08
1.51438e-07
2.32131e-07
3.46251e-07
5.07484e-07
7.11647e-07
9.58216e-07
1.22539e-06
1.46827e-06
1.6187e-06
1.59963e-06
1.36464e-06
9.58613e-07
5.50584e-07
3.03617e-07
1.67067e-07
9.10826e-08
4.88931e-08
2.57266e-08
1.31376e-08
6.51351e-09
3.10903e-09
1.42464e-09
6.06256e-10
2.49392e-10
9.54649e-11
3.34232e-11
1.06348e-11
3.04672e-12
7.37017e-13
1.61189e-13
2.89195e-14
4.43697e-15
5.93907e-16
7.26786e-17
8.8831e-18
1.24453e-18
2.2529e-19
5.18597e-20
1.36343e-20
3.76713e-21
1.05166e-21
2.92032e-22
8.02007e-23
2.17454e-23
5.82075e-24
1.5391e-24
4.02258e-25
1.03941e-25
2.64161e-26
6.5531e-27
1.5588e-27
3.41226e-28
6.21353e-29
5.87651e-30
5.37322e-21
2.91448e-20
9.63317e-20
2.81382e-19
7.65372e-19
1.98363e-18
4.95904e-18
1.2037e-17
2.84636e-17
6.45349e-17
1.41469e-16
3.03486e-16
6.4269e-16
1.35439e-15
2.86221e-15
6.12033e-15
1.33566e-14
2.99196e-14
6.90874e-14
1.6449e-13
4.01459e-13
9.92358e-13
2.44043e-12
5.85586e-12
1.34111e-11
2.83699e-11
5.59602e-11
1.0302e-10
1.74179e-10
2.77583e-10
4.17006e-10
6.01967e-10
8.43464e-10
1.16333e-09
1.59504e-09
2.18937e-09
3.02441e-09
4.21858e-09
5.94174e-09
8.46712e-09
1.22722e-08
1.80357e-08
2.70074e-08
4.12309e-08
6.36478e-08
9.92063e-08
1.53323e-07
2.35552e-07
3.5196e-07
5.1655e-07
7.24821e-07
9.75888e-07
1.24671e-06
1.48994e-06
1.63383e-06
1.60015e-06
1.34533e-06
9.25505e-07
5.23622e-07
2.89095e-07
1.58946e-07
8.66909e-08
4.59873e-08
2.41138e-08
1.2284e-08
6.05426e-09
2.86923e-09
1.30372e-09
5.54262e-10
2.25356e-10
8.47487e-11
2.92515e-11
9.15875e-12
2.56105e-12
6.11726e-13
1.30906e-13
2.28667e-14
3.42323e-15
4.49774e-16
5.46371e-17
6.75857e-18
9.82581e-19
1.86625e-19
4.45337e-20
1.19522e-20
3.34274e-21
9.41123e-22
2.63119e-22
7.26827e-23
1.98074e-23
5.32515e-24
1.41305e-24
3.70218e-25
9.57141e-26
2.43478e-26
6.04751e-27
1.44056e-27
3.1578e-28
5.75695e-29
5.44788e-30
5.3584e-21
2.9064e-20
9.60584e-20
2.80543e-19
7.62898e-19
1.97644e-18
4.93828e-18
1.19774e-17
2.82947e-17
6.40674e-17
1.40284e-16
3.00608e-16
6.35982e-16
1.33835e-15
2.82326e-15
6.02385e-15
1.31133e-14
2.92935e-14
6.74462e-14
1.60138e-13
3.89941e-13
9.62406e-13
2.36516e-12
5.66615e-12
1.296e-11
2.74074e-11
5.40938e-11
1.00039e-10
1.69856e-10
2.71626e-10
4.09268e-10
5.92198e-10
8.31474e-10
1.14851e-09
1.57751e-09
2.16945e-09
3.00208e-09
4.19516e-09
5.92022e-09
8.45413e-09
1.22813e-08
1.80906e-08
2.71542e-08
4.1568e-08
6.43223e-08
1.00463e-07
1.55606e-07
2.39496e-07
3.58428e-07
5.26762e-07
7.39743e-07
9.9585e-07
1.27044e-06
1.51311e-06
1.64921e-06
1.59855e-06
1.32192e-06
8.8884e-07
4.96617e-07
2.7398e-07
1.50374e-07
8.17253e-08
4.31609e-08
2.25086e-08
1.14152e-08
5.59113e-09
2.62905e-09
1.17855e-09
5.01468e-10
2.01636e-10
7.48509e-11
2.54324e-11
7.76738e-12
2.12059e-12
5.12362e-13
1.02009e-13
1.73495e-14
2.53948e-15
3.28881e-16
3.99444e-17
5.05871e-18
7.73506e-19
1.55328e-19
3.84686e-20
1.05295e-20
2.97703e-21
8.44125e-22
2.37267e-22
6.58284e-23
1.80054e-23
4.85558e-24
1.29166e-24
3.39069e-25
8.7787e-26
2.23551e-26
5.55707e-27
1.32457e-27
2.90499e-28
5.29784e-29
5.01366e-30
5.3281e-21
2.88997e-20
9.55115e-20
2.78917e-19
7.58337e-19
1.96406e-18
4.90529e-18
1.18904e-17
2.80745e-17
6.35401e-17
1.39077e-16
2.97937e-16
6.29955e-16
1.32442e-15
2.79041e-15
5.94421e-15
1.29144e-14
2.87771e-14
6.60522e-14
1.56245e-13
3.78856e-13
9.30824e-13
2.27937e-12
5.46117e-12
1.25238e-11
2.65745e-11
5.26617e-11
9.76991e-11
1.66335e-10
2.66733e-10
4.02976e-10
5.84367e-10
8.22243e-10
1.13753e-09
1.56525e-09
2.15579e-09
2.98795e-09
4.18278e-09
5.91427e-09
8.46368e-09
1.23237e-08
1.81971e-08
2.73834e-08
4.20367e-08
6.52126e-08
1.02058e-07
1.5848e-07
2.44074e-07
3.66074e-07
5.38791e-07
7.56915e-07
1.01815e-06
1.29591e-06
1.53714e-06
1.66382e-06
1.59441e-06
1.29523e-06
8.50841e-07
4.71275e-07
2.59781e-07
1.42374e-07
7.72298e-08
4.06763e-08
2.11301e-08
1.06548e-08
5.18314e-09
2.41588e-09
1.07258e-09
4.52759e-10
1.7941e-10
6.56058e-11
2.18766e-11
6.57826e-12
1.76245e-12
4.14385e-13
8.04449e-14
1.33568e-14
1.91619e-15
2.45143e-16
2.98284e-17
3.87189e-18
6.2076e-19
1.30693e-19
3.33323e-20
9.2631e-21
2.6414e-21
7.53323e-22
2.12726e-22
5.9256e-23
1.62653e-23
4.39984e-24
1.17317e-24
3.08498e-25
7.99955e-26
2.03997e-26
5.07839e-27
1.2122e-27
2.66161e-28
4.8574e-29
4.59755e-30
5.28283e-21
2.86531e-20
9.46892e-20
2.76489e-19
7.51675e-19
1.94674e-18
4.86228e-18
1.17882e-17
2.78275e-17
6.29426e-17
1.3772e-16
2.948e-16
6.22788e-16
1.3081e-15
2.75288e-15
5.85606e-15
1.27024e-14
2.82513e-14
6.47067e-14
1.5272e-13
3.69768e-13
9.07392e-13
2.22134e-12
5.31977e-12
1.22045e-11
2.59297e-11
5.14633e-11
9.57374e-11
1.63464e-10
2.62792e-10
3.97871e-10
5.7791e-10
8.15861e-10
1.12998e-09
1.55671e-09
2.14739e-09
2.98105e-09
4.18023e-09
5.92197e-09
8.49235e-09
1.23916e-08
1.83426e-08
2.7675e-08
4.26077e-08
6.6293e-08
1.03702e-07
1.6149e-07
2.48716e-07
3.73755e-07
5.50699e-07
7.73737e-07
1.03992e-06
1.32082e-06
1.56018e-06
1.67662e-06
1.58787e-06
1.26688e-06
8.1395e-07
4.4908e-07
2.47254e-07
1.3527e-07
7.31901e-08
3.84393e-08
1.98812e-08
9.98026e-09
4.83211e-09
2.25088e-09
9.70732e-10
4.07105e-10
1.5952e-10
5.76309e-11
1.89169e-11
5.58954e-12
1.46069e-12
3.37324e-13
6.40248e-14
1.04051e-14
1.4669e-15
1.85869e-16
2.27213e-17
3.03037e-18
5.08892e-19
1.11759e-19
2.9218e-20
8.22246e-21
2.36122e-21
6.7661e-22
1.91771e-22
5.35887e-23
1.47527e-23
4.00257e-24
1.0712e-24
2.82824e-25
7.35703e-26
1.87916e-26
4.68108e-27
1.11743e-27
2.45307e-28
4.47602e-29
4.23616e-30
5.23284e-21
2.83806e-20
9.37759e-20
2.73762e-19
7.44038e-19
1.92622e-18
4.80869e-18
1.16514e-17
2.7492e-17
6.21362e-17
1.35727e-16
2.902e-16
6.12402e-16
1.2848e-15
2.70038e-15
5.73605e-15
1.24236e-14
2.7589e-14
6.30985e-14
1.48747e-13
3.59701e-13
8.82586e-13
2.16295e-12
5.18748e-12
1.19072e-11
2.53178e-11
5.03938e-11
9.39936e-11
1.60886e-10
2.59328e-10
3.93999e-10
5.73382e-10
8.11021e-10
1.12478e-09
1.55145e-09
2.1434e-09
2.98022e-09
4.18631e-09
5.94235e-09
8.54305e-09
1.24642e-08
1.84993e-08
2.79751e-08
4.31874e-08
6.73302e-08
1.05515e-07
1.64578e-07
2.53315e-07
3.81221e-07
5.62177e-07
7.90038e-07
1.06094e-06
1.34449e-06
1.58143e-06
1.68731e-06
1.5796e-06
1.23838e-06
7.79417e-07
4.29454e-07
2.36155e-07
1.28941e-07
6.95816e-08
3.64606e-08
1.87892e-08
9.38447e-09
4.51925e-09
2.09095e-09
8.92096e-10
3.71058e-10
1.43862e-10
5.12019e-11
1.65744e-11
4.82035e-12
1.23959e-12
2.79615e-13
5.18871e-14
8.25867e-15
1.14527e-15
1.43911e-16
1.77043e-17
2.42919e-18
4.26406e-19
9.71992e-20
2.59468e-20
7.37815e-21
2.13093e-21
6.12914e-22
1.74209e-22
4.87934e-23
1.34582e-23
3.65681e-24
9.79471e-25
2.58741e-25
6.73799e-26
1.72548e-26
4.30741e-27
1.02948e-27
2.26126e-28
4.12726e-29
3.90651e-30
5.18892e-21
2.81424e-20
9.29851e-20
2.71431e-19
7.37607e-19
1.90923e-18
4.76521e-18
1.1543e-17
2.72279e-17
6.1466e-17
1.34221e-16
2.86877e-16
6.05165e-16
1.26903e-15
2.66557e-15
5.65758e-15
1.22428e-14
2.71617e-14
6.20643e-14
1.46237e-13
3.53187e-13
8.6637e-13
2.12042e-12
5.0808e-12
1.16828e-11
2.48892e-11
4.96112e-11
9.2666e-11
1.58925e-10
2.56499e-10
3.91737e-10
5.7044e-10
8.07796e-10
1.12149e-09
1.54856e-09
2.14227e-09
2.98328e-09
4.1944e-09
5.96424e-09
8.59338e-09
1.256e-08
1.86806e-08
2.83152e-08
4.38053e-08
6.84321e-08
1.07422e-07
1.67843e-07
2.58499e-07
3.89288e-07
5.7404e-07
8.06079e-07
1.081e-06
1.36648e-06
1.60053e-06
1.69591e-06
1.57029e-06
1.21097e-06
7.48086e-07
4.11957e-07
2.26302e-07
1.23366e-07
6.64103e-08
3.47904e-08
1.7862e-08
8.88236e-09
4.2542e-09
1.95732e-09
8.28877e-10
3.41754e-10
1.31065e-10
4.61479e-11
1.47715e-11
4.27487e-12
1.0369e-12
2.30214e-13
4.20386e-14
6.59903e-15
9.06523e-16
1.13754e-16
1.41747e-17
2.0092e-18
3.68023e-19
8.65754e-20
2.34811e-20
6.72505e-21
1.94914e-21
5.61793e-22
1.59916e-22
4.4844e-23
1.23814e-23
3.36688e-24
9.02216e-25
2.38403e-25
6.2104e-26
1.59005e-26
3.97036e-27
9.49621e-28
2.08756e-28
3.81224e-29
3.60924e-30
5.15383e-21
2.79536e-20
9.2367e-20
2.69636e-19
7.32726e-19
1.89649e-18
4.73276e-18
1.14615e-17
2.70246e-17
6.09637e-17
1.33049e-16
2.84226e-16
5.9927e-16
1.25603e-15
2.63683e-15
5.59286e-15
1.20932e-14
2.68042e-14
6.11827e-14
1.43964e-13
3.47658e-13
8.51513e-13
2.0847e-12
5.0028e-12
1.15106e-11
2.45502e-11
4.90121e-11
9.16865e-11
1.57545e-10
2.54696e-10
3.89723e-10
5.68215e-10
8.05579e-10
1.11949e-09
1.54725e-09
2.14287e-09
2.98817e-09
4.20655e-09
5.99019e-09
8.64699e-09
1.26597e-08
1.8864e-08
2.86432e-08
4.43899e-08
6.94599e-08
1.09212e-07
1.70809e-07
2.63266e-07
3.96634e-07
5.84717e-07
8.2081e-07
1.09943e-06
1.38655e-06
1.61742e-06
1.70275e-06
1.56069e-06
1.18565e-06
7.20527e-07
3.96472e-07
2.17563e-07
1.18372e-07
6.35111e-08
3.331e-08
1.70431e-08
8.44152e-09
4.02448e-09
1.84178e-09
7.77207e-10
3.18397e-10
1.21124e-10
4.22622e-11
1.33848e-11
3.82292e-12
9.13157e-13
1.99713e-13
3.59221e-14
5.56368e-15
7.56757e-16
9.46316e-17
1.18847e-17
1.7235e-18
3.2514e-19
7.81205e-20
2.1412e-20
6.16182e-21
1.79024e-21
5.16794e-22
1.47284e-22
4.13451e-23
1.14263e-23
3.1094e-24
8.33545e-25
2.20367e-25
5.74351e-26
1.47192e-26
3.67928e-27
8.8076e-28
1.93732e-28
3.53911e-29
3.35129e-30
5.11924e-21
2.7766e-20
9.17464e-20
2.67824e-19
7.27818e-19
1.8839e-18
4.70193e-18
1.13892e-17
2.68626e-17
6.05812e-17
1.3218e-16
2.82271e-16
5.94786e-16
1.24583e-15
2.61364e-15
5.54014e-15
1.19723e-14
2.65207e-14
6.05039e-14
1.42209e-13
3.42977e-13
8.40028e-13
2.05688e-12
4.93656e-12
1.13725e-11
2.42848e-11
4.8551e-11
9.09423e-11
1.56512e-10
2.53357e-10
3.88215e-10
5.66642e-10
8.04196e-10
1.11854e-09
1.54725e-09
2.14501e-09
2.99471e-09
4.22053e-09
6.0176e-09
8.69963e-09
1.27552e-08
1.90353e-08
2.89502e-08
4.49358e-08
7.04195e-08
1.10853e-07
1.73544e-07
2.67659e-07
4.03388e-07
5.94512e-07
8.34114e-07
1.11579e-06
1.40392e-06
1.63169e-06
1.70778e-06
1.55129e-06
1.16345e-06
6.98576e-07
3.81766e-07
2.09409e-07
1.13847e-07
6.09833e-08
3.20079e-08
1.62762e-08
8.0386e-09
3.81839e-09
1.73851e-09
7.33525e-10
2.98769e-10
1.12839e-10
3.90558e-11
1.22599e-11
3.46484e-12
8.24011e-13
1.78169e-13
3.16603e-14
4.84873e-15
6.5361e-16
8.14023e-17
1.02757e-17
1.51596e-18
2.92354e-19
7.13387e-20
1.97036e-20
5.69004e-21
1.65616e-21
4.7864e-22
1.36534e-22
3.83601e-23
1.0612e-23
2.89244e-24
7.77333e-25
2.06059e-25
5.38208e-26
1.38005e-26
3.44847e-27
8.25128e-28
1.81433e-28
3.31366e-29
3.13763e-30
5.08945e-21
2.76048e-20
9.12144e-20
2.66271e-19
7.23586e-19
1.87289e-18
4.67426e-18
1.13214e-17
2.66905e-17
6.01718e-17
1.31284e-16
2.80413e-16
5.91075e-16
1.23796e-15
2.59606e-15
5.49839e-15
1.18732e-14
2.62847e-14
5.9918e-14
1.40816e-13
3.39485e-13
8.31391e-13
2.0362e-12
4.88843e-12
1.12677e-11
2.40818e-11
4.81999e-11
9.03798e-11
1.55744e-10
2.5238e-10
3.87158e-10
5.65627e-10
8.03448e-10
1.11835e-09
1.54817e-09
2.1482e-09
3.00237e-09
4.23575e-09
6.0464e-09
8.75392e-09
1.28513e-08
1.92043e-08
2.92472e-08
4.54542e-08
7.13246e-08
1.12401e-07
1.76112e-07
2.71766e-07
4.0965e-07
6.0343e-07
8.46235e-07
1.13071e-06
1.41964e-06
1.64412e-06
1.71142e-06
1.54157e-06
1.14199e-06
6.77019e-07
3.70355e-07
2.02951e-07
1.1019e-07
5.89227e-08
3.08538e-08
1.56774e-08
7.71701e-09
3.65016e-09
1.6536e-09
6.97949e-10
2.82814e-10
1.06121e-10
3.64687e-11
1.13488e-11
3.16931e-12
7.53658e-13
1.61454e-13
2.83954e-14
4.30514e-15
5.75911e-16
7.15168e-17
9.07615e-18
1.35991e-18
2.67212e-19
6.6025e-20
1.83444e-20
5.31108e-21
1.54773e-21
4.476e-22
1.27731e-22
3.58861e-23
9.92496e-24
2.70478e-24
7.27351e-25
1.9286e-25
5.0389e-26
1.29348e-26
3.2362e-27
7.75114e-28
1.70549e-28
3.11605e-29
2.95095e-30
5.06465e-21
2.74707e-20
9.07724e-20
2.64982e-19
7.20081e-19
1.8638e-18
4.65147e-18
1.12658e-17
2.65466e-17
5.98223e-17
1.30489e-16
2.7867e-16
5.87293e-16
1.23005e-15
2.57972e-15
5.46476e-15
1.17968e-14
2.61e-14
5.94615e-14
1.39643e-13
3.36651e-13
8.24465e-13
2.01877e-12
4.84921e-12
1.11842e-11
2.39245e-11
4.79329e-11
8.9958e-11
1.55181e-10
2.51682e-10
3.86445e-10
5.65021e-10
8.0317e-10
1.11869e-09
1.54967e-09
2.15188e-09
3.01015e-09
4.25053e-09
6.07359e-09
8.80305e-09
1.29391e-08
1.93618e-08
2.95291e-08
4.59519e-08
7.21904e-08
1.13871e-07
1.78527e-07
2.75559e-07
4.1536e-07
6.11505e-07
8.56922e-07
1.14351e-06
1.43285e-06
1.65425e-06
1.71362e-06
1.53198e-06
1.12264e-06
6.58613e-07
3.60765e-07
1.97585e-07
1.07169e-07
5.72222e-08
2.98976e-08
1.51812e-08
7.45138e-09
3.51266e-09
1.58422e-09
6.69154e-10
2.69765e-10
1.00652e-10
3.43397e-11
1.06054e-11
2.93277e-12
6.98202e-13
1.48205e-13
2.58259e-14
3.88264e-15
5.16064e-16
6.3934e-17
8.15291e-18
1.23801e-18
2.47079e-19
6.1672e-20
1.72163e-20
4.99474e-21
1.45704e-21
4.21697e-22
1.20458e-22
3.39077e-23
9.40021e-24
2.56525e-24
6.90016e-25
1.82994e-25
4.78115e-26
1.22679e-26
3.06837e-27
7.34762e-28
1.61647e-28
2.95309e-29
2.79651e-30
5.04448e-21
2.73617e-20
9.04139e-20
2.63939e-19
7.17256e-19
1.85651e-18
4.63331e-18
1.12218e-17
2.6431e-17
5.95402e-17
1.2985e-16
2.77275e-16
5.8429e-16
1.22358e-15
2.56565e-15
5.43348e-15
1.17288e-14
2.59484e-14
5.91035e-14
1.38763e-13
3.34442e-13
8.18952e-13
2.00593e-12
4.81965e-12
1.11222e-11
2.38067e-11
4.77342e-11
8.96483e-11
1.54775e-10
2.51195e-10
3.85981e-10
5.64691e-10
8.03171e-10
1.11929e-09
1.55135e-09
2.15555e-09
3.01755e-09
4.26418e-09
6.09804e-09
8.84768e-09
1.30172e-08
1.94981e-08
2.97662e-08
4.6363e-08
7.29181e-08
1.15147e-07
1.80726e-07
2.79027e-07
4.2056e-07
6.18652e-07
8.66313e-07
1.15471e-06
1.44419e-06
1.66263e-06
1.71493e-06
1.52318e-06
1.1058e-06
6.4315e-07
3.52682e-07
1.93089e-07
1.04656e-07
5.57814e-08
2.90865e-08
1.47435e-08
7.21822e-09
3.39224e-09
1.52325e-09
6.44057e-10
2.58671e-10
9.60167e-11
3.25947e-11
1.00009e-11
2.74129e-12
6.53735e-13
1.37748e-13
2.38038e-14
3.55132e-15
4.69236e-16
5.79945e-17
7.42423e-18
1.14008e-18
2.30508e-19
5.80224e-20
1.62623e-20
4.72641e-21
1.37999e-21
3.99606e-22
1.14186e-22
3.21427e-23
8.91267e-24
2.43658e-24
6.5629e-25
1.74186e-25
4.55084e-26
1.16792e-26
2.92172e-27
6.99763e-28
1.53965e-28
2.8129e-29
2.66381e-30
5.02825e-21
2.7274e-20
9.01256e-20
2.63101e-19
7.14991e-19
1.85068e-18
4.61883e-18
1.11869e-17
2.63388e-17
5.93158e-17
1.29344e-16
2.76174e-16
5.81933e-16
1.21854e-15
2.55474e-15
5.40943e-15
1.16748e-14
2.58198e-14
5.88076e-14
1.38083e-13
3.32782e-13
8.14856e-13
1.99597e-12
4.79696e-12
1.10746e-11
2.37174e-11
4.75847e-11
8.94152e-11
1.54485e-10
2.50866e-10
3.85702e-10
5.64562e-10
8.03361e-10
1.12004e-09
1.55308e-09
2.15904e-09
3.02424e-09
4.27619e-09
6.11928e-09
8.88473e-09
1.30803e-08
1.96047e-08
2.99475e-08
4.66602e-08
7.33961e-08
1.1588e-07
1.83183e-07
2.82364e-07
4.25271e-07
6.24981e-07
8.74574e-07
1.1644e-06
1.45383e-06
1.66956e-06
1.71567e-06
1.51534e-06
1.09158e-06
6.30749e-07
3.4618e-07
1.89571e-07
1.02931e-07
5.42629e-08
2.82832e-08
1.4323e-08
7.0028e-09
3.2844e-09
1.47033e-09
6.22781e-10
2.49269e-10
9.21603e-11
3.11349e-11
9.50317e-12
2.58637e-12
6.18407e-13
1.29211e-13
2.21247e-14
3.27369e-15
4.29837e-16
5.29858e-17
6.80772e-18
1.0568e-18
2.16364e-19
5.491e-20
1.54523e-20
4.49968e-21
1.31516e-21
3.8108e-22
1.08938e-22
3.06725e-23
8.50429e-24
2.32302e-24
6.255e-25
1.66058e-25
4.34302e-26
1.11563e-26
2.79302e-27
6.69327e-28
1.47328e-28
2.6923e-29
2.54982e-30
5.0154e-21
2.72046e-20
8.98971e-20
2.62436e-19
7.13189e-19
1.84603e-18
4.60723e-18
1.11588e-17
2.6266e-17
5.91393e-17
1.28946e-16
2.75314e-16
5.80093e-16
1.2146e-15
2.54623e-15
5.39071e-15
1.16319e-14
2.57235e-14
5.8577e-14
1.37524e-13
3.31455e-13
8.1163e-13
1.98833e-12
4.77981e-12
1.10392e-11
2.36524e-11
4.74793e-11
8.92567e-11
1.54289e-10
2.50653e-10
3.85555e-10
5.64569e-10
8.03679e-10
1.12088e-09
1.55485e-09
2.16245e-09
3.03064e-09
4.28749e-09
6.13889e-09
8.91912e-09
1.31399e-08
1.97093e-08
3.01303e-08
4.69774e-08
7.39552e-08
1.16855e-07
1.8481e-07
2.84898e-07
4.29011e-07
6.3007e-07
8.81229e-07
1.17221e-06
1.46158e-06
1.67504e-06
1.71607e-06
1.50877e-06
1.07988e-06
6.20694e-07
3.40885e-07
1.86611e-07
1.0126e-07
5.33425e-08
2.77622e-08
1.40367e-08
6.85e-09
3.20573e-09
1.43096e-09
6.06866e-10
2.42227e-10
8.92601e-11
3.00442e-11
9.13337e-12
2.4752e-12
5.94279e-13
1.17901e-13
2.00733e-14
2.95665e-15
3.87413e-16
4.78693e-17
6.21096e-18
9.81001e-19
2.04245e-19
5.23455e-20
1.47956e-20
4.31674e-21
1.26289e-21
3.66151e-22
1.04716e-22
2.94936e-23
8.1797e-24
2.23482e-24
6.01869e-25
1.59819e-25
4.18102e-26
1.07435e-26
2.69051e-27
6.44926e-28
1.41984e-28
2.59491e-29
2.45754e-30
5.00568e-21
2.7152e-20
8.97246e-20
2.61936e-19
7.11838e-19
1.84255e-18
4.59864e-18
1.11381e-17
2.62116e-17
5.90065e-17
1.28648e-16
2.74668e-16
5.78717e-16
1.21167e-15
2.53992e-15
5.37687e-15
1.16006e-14
2.56515e-14
5.84056e-14
1.37109e-13
3.3044e-13
8.09228e-13
1.98272e-12
4.76729e-12
1.10137e-11
2.36058e-11
4.7404e-11
8.91469e-11
1.54163e-10
2.50531e-10
3.85501e-10
5.64661e-10
8.04044e-10
1.12171e-09
1.55648e-09
2.16548e-09
3.03611e-09
4.29702e-09
6.15557e-09
8.94827e-09
1.31904e-08
1.97971e-08
3.02838e-08
4.72428e-08
7.44155e-08
1.17634e-07
1.86037e-07
2.86832e-07
4.31905e-07
6.34027e-07
8.86435e-07
1.17836e-06
1.46772e-06
1.67936e-06
1.71634e-06
1.50348e-06
1.07053e-06
6.12748e-07
3.36704e-07
1.84269e-07
9.99305e-08
5.26376e-08
2.73718e-08
1.38239e-08
6.73744e-09
3.14816e-09
1.40258e-09
5.94668e-10
2.36818e-10
8.70386e-11
2.92104e-11
8.84999e-12
2.38942e-12
5.71254e-13
1.12646e-13
1.90613e-14
2.79234e-15
3.64398e-16
4.49668e-17
5.85351e-18
9.32109e-19
1.95764e-19
5.04462e-20
1.42966e-20
4.17654e-21
1.22275e-21
3.5468e-22
1.0147e-22
2.85872e-23
7.93033e-24
2.16728e-24
5.8385e-25
1.5508e-25
4.05816e-26
1.04303e-26
2.61259e-27
6.26344e-28
1.37906e-28
2.52052e-29
2.38714e-30
4.99875e-21
2.71146e-20
8.96017e-20
2.6158e-19
7.10878e-19
1.84009e-18
4.59256e-18
1.11235e-17
2.61728e-17
5.89116e-17
1.28434e-16
2.74205e-16
5.77727e-16
1.20954e-15
2.53529e-15
5.36654e-15
1.15777e-14
2.55987e-14
5.82841e-14
1.36819e-13
3.29731e-13
8.07502e-13
1.97869e-12
4.75851e-12
1.09959e-11
2.3574e-11
4.73546e-11
8.90761e-11
1.54086e-10
2.50466e-10
3.85497e-10
5.6478e-10
8.04383e-10
1.12242e-09
1.55783e-09
2.16793e-09
3.0405e-09
4.30465e-09
6.16865e-09
8.97095e-09
1.32295e-08
1.9865e-08
3.04016e-08
4.74423e-08
7.47583e-08
1.1821e-07
1.86939e-07
2.88258e-07
4.34038e-07
6.36944e-07
8.90283e-07
1.18291e-06
1.47227e-06
1.68258e-06
1.71651e-06
1.49949e-06
1.06356e-06
6.06965e-07
3.3362e-07
1.8254e-07
9.89526e-08
5.21214e-08
2.70867e-08
1.36699e-08
6.65613e-09
3.10675e-09
1.38256e-09
5.85515e-10
2.32797e-10
8.53955e-11
2.8596e-11
8.64137e-12
2.32645e-12
5.54421e-13
1.0891e-13
1.83619e-14
2.68108e-15
3.49052e-16
4.30488e-17
5.61773e-18
8.99592e-19
1.90023e-19
4.91356e-20
1.39473e-20
4.07744e-21
1.19419e-21
3.46489e-22
9.91537e-23
2.79438e-23
7.75431e-24
2.1197e-24
5.71129e-25
1.51719e-25
3.97063e-26
1.02065e-26
2.55675e-27
6.13002e-28
1.34975e-28
2.46698e-29
2.33645e-30
4.99437e-21
2.7091e-20
8.95243e-20
2.61356e-19
7.10275e-19
1.83855e-18
4.58875e-18
1.11144e-17
2.61484e-17
5.88518e-17
1.28299e-16
2.73916e-16
5.77113e-16
1.20823e-15
2.53247e-15
5.36031e-15
1.15637e-14
2.55666e-14
5.82088e-14
1.36639e-13
3.29294e-13
8.06449e-13
1.97623e-12
4.75307e-12
1.0985e-11
2.35546e-11
4.73247e-11
8.90338e-11
1.54043e-10
2.50434e-10
3.8551e-10
5.64881e-10
8.04641e-10
1.12294e-09
1.5588e-09
2.16964e-09
3.04355e-09
4.30993e-09
6.17774e-09
8.98673e-09
1.32565e-08
1.99113e-08
3.04812e-08
4.75774e-08
7.49887e-08
1.18594e-07
1.87532e-07
2.89195e-07
4.35442e-07
6.38864e-07
8.92816e-07
1.18591e-06
1.47525e-06
1.68468e-06
1.71662e-06
1.49689e-06
1.05905e-06
6.03285e-07
3.31578e-07
1.81396e-07
9.83069e-08
5.1781e-08
2.68999e-08
1.35692e-08
6.60326e-09
3.07996e-09
1.36957e-09
5.79556e-10
2.30174e-10
8.43246e-11
2.81964e-11
8.50657e-12
2.28586e-12
5.4361e-13
1.0654e-13
1.7919e-14
2.61106e-15
3.39459e-16
4.18562e-17
5.47151e-18
8.79393e-19
1.86435e-19
4.83109e-20
1.37263e-20
4.01447e-21
1.17598e-21
3.41246e-22
9.76613e-23
2.75246e-23
7.63849e-24
2.08826e-24
5.62739e-25
1.49514e-25
3.91351e-26
1.00609e-26
2.52055e-27
6.04366e-28
1.33079e-28
2.43238e-29
2.30368e-30
4.99225e-21
2.70796e-20
8.94867e-20
2.61247e-19
7.09981e-19
1.8378e-18
4.58689e-18
1.11099e-17
2.61364e-17
5.88224e-17
1.28233e-16
2.73775e-16
5.76814e-16
1.2076e-15
2.53111e-15
5.35734e-15
1.15571e-14
2.55512e-14
5.81724e-14
1.3655e-13
3.2908e-13
8.05936e-13
1.97503e-12
4.75044e-12
1.09797e-11
2.35453e-11
4.73104e-11
8.90142e-11
1.54023e-10
2.50422e-10
3.85523e-10
5.64941e-10
8.04781e-10
1.12322e-09
1.5593e-09
2.17053e-09
3.04512e-09
4.31262e-09
6.18233e-09
8.99458e-09
1.32699e-08
1.99343e-08
3.05208e-08
4.76445e-08
7.51036e-08
1.18786e-07
1.87829e-07
2.89663e-07
4.36142e-07
6.39819e-07
8.94077e-07
1.1874e-06
1.47674e-06
1.68573e-06
1.71668e-06
1.49561e-06
1.05684e-06
6.01492e-07
3.30581e-07
1.80837e-07
9.79903e-08
5.16134e-08
2.68078e-08
1.35195e-08
6.57725e-09
3.06682e-09
1.36323e-09
5.76639e-10
2.28889e-10
8.3801e-11
2.80013e-11
8.44087e-12
2.26615e-12
5.38389e-13
1.05403e-13
1.77085e-14
2.57786e-15
3.3493e-16
4.12958e-17
5.40307e-18
8.69963e-19
1.84762e-19
4.79261e-20
1.36231e-20
3.98502e-21
1.16746e-21
3.38787e-22
9.696e-23
2.73276e-23
7.58398e-24
2.07342e-24
5.5876e-25
1.48463e-25
3.88617e-26
9.991e-27
2.50311e-27
6.00195e-28
1.32162e-28
2.41561e-29
2.28779e-30
4.99225e-21
2.70796e-20
8.94866e-20
2.61246e-19
7.09976e-19
1.83777e-18
4.58681e-18
1.11097e-17
2.61356e-17
5.88201e-17
1.28228e-16
2.73762e-16
5.76787e-16
1.20755e-15
2.53103e-15
5.35724e-15
1.1557e-14
2.55512e-14
5.81725e-14
1.36551e-13
3.29082e-13
8.0594e-13
1.97504e-12
4.75045e-12
1.09797e-11
2.35454e-11
4.73106e-11
8.90146e-11
1.54024e-10
2.50423e-10
3.85525e-10
5.64944e-10
8.04787e-10
1.12322e-09
1.55931e-09
2.17055e-09
3.04515e-09
4.31266e-09
6.1824e-09
8.99467e-09
1.32701e-08
1.99345e-08
3.05212e-08
4.76451e-08
7.51045e-08
1.18787e-07
1.87832e-07
2.89666e-07
4.36146e-07
6.39825e-07
8.94086e-07
1.18741e-06
1.47676e-06
1.68575e-06
1.71668e-06
1.49561e-06
1.05684e-06
6.0149e-07
3.3058e-07
1.80836e-07
9.79903e-08
5.1613e-08
2.68076e-08
1.35195e-08
6.57722e-09
3.06682e-09
1.36325e-09
5.76646e-10
2.28893e-10
8.38022e-11
2.80018e-11
8.44104e-12
2.26621e-12
5.38404e-13
1.05406e-13
1.77091e-14
2.57796e-15
3.34944e-16
4.12975e-17
5.40327e-18
8.69986e-19
1.84765e-19
4.79268e-20
1.36232e-20
3.98508e-21
1.16747e-21
3.38792e-22
9.69616e-23
2.7328e-23
7.58412e-24
2.07346e-24
5.58772e-25
1.48466e-25
3.88625e-26
9.99121e-27
2.50316e-27
6.00208e-28
1.32165e-28
2.41566e-29
2.28784e-30
4.99439e-21
2.70911e-20
8.95242e-20
2.61354e-19
7.10265e-19
1.8385e-18
4.58859e-18
1.11139e-17
2.61466e-17
5.88468e-17
1.28287e-16
2.73888e-16
5.77056e-16
1.20813e-15
2.5323e-15
5.36009e-15
1.15635e-14
2.55665e-14
5.82093e-14
1.3664e-13
3.29299e-13
8.0646e-13
1.97625e-12
4.75312e-12
1.09851e-11
2.35548e-11
4.73251e-11
8.90348e-11
1.54044e-10
2.50437e-10
3.85516e-10
5.64891e-10
8.04656e-10
1.12297e-09
1.55884e-09
2.1697e-09
3.04364e-09
4.31007e-09
6.17795e-09
8.98702e-09
1.3257e-08
1.9912e-08
3.04823e-08
4.75791e-08
7.49916e-08
1.18598e-07
1.8754e-07
2.89205e-07
4.35456e-07
6.38882e-07
8.92839e-07
1.18594e-06
1.47528e-06
1.6847e-06
1.71662e-06
1.49688e-06
1.05903e-06
6.03275e-07
3.31574e-07
1.81394e-07
9.8306e-08
5.17802e-08
2.68995e-08
1.3569e-08
6.60319e-09
3.07994e-09
1.36956e-09
5.79555e-10
2.30175e-10
8.43256e-11
2.8197e-11
8.50685e-12
2.28596e-12
5.43641e-13
1.06548e-13
1.79205e-14
2.6113e-15
3.39494e-16
4.18606e-17
5.47203e-18
8.79457e-19
1.86445e-19
4.83129e-20
1.37268e-20
4.01462e-21
1.17603e-21
3.41262e-22
9.76661e-23
2.75261e-23
7.63892e-24
2.08838e-24
5.62771e-25
1.49522e-25
3.91372e-26
1.00615e-26
2.52069e-27
6.044e-28
1.33087e-28
2.43252e-29
2.30382e-30
4.99881e-21
2.71149e-20
8.96021e-20
2.61579e-19
7.10868e-19
1.84004e-18
4.59237e-18
1.11229e-17
2.61707e-17
5.89059e-17
1.2842e-16
2.74176e-16
5.77671e-16
1.20945e-15
2.53517e-15
5.36641e-15
1.15777e-14
2.5599e-14
5.82852e-14
1.36822e-13
3.29738e-13
8.07518e-13
1.97873e-12
4.7586e-12
1.09961e-11
2.35744e-11
4.73554e-11
8.90776e-11
1.54089e-10
2.50471e-10
3.85505e-10
5.64793e-10
8.04404e-10
1.12245e-09
1.55788e-09
2.168e-09
3.04062e-09
4.30485e-09
6.16898e-09
8.9715e-09
1.32304e-08
1.98662e-08
3.04034e-08
4.74456e-08
7.4763e-08
1.18216e-07
1.86946e-07
2.88267e-07
4.34055e-07
6.36969e-07
8.90316e-07
1.18295e-06
1.47231e-06
1.6826e-06
1.71651e-06
1.49947e-06
1.06353e-06
6.06944e-07
3.33608e-07
1.82534e-07
9.89494e-08
5.212e-08
2.70861e-08
1.36697e-08
6.65605e-09
3.10674e-09
1.38256e-09
5.85521e-10
2.32803e-10
8.53987e-11
2.85975e-11
8.64194e-12
2.32665e-12
5.5448e-13
1.08924e-13
1.83648e-14
2.68156e-15
3.4912e-16
4.30573e-17
5.61873e-18
8.99718e-19
1.90042e-19
4.91397e-20
1.39484e-20
4.07774e-21
1.19429e-21
3.46516e-22
9.9162e-23
2.79464e-23
7.75509e-24
2.11993e-24
5.71195e-25
1.51737e-25
3.97111e-26
1.02077e-26
2.55706e-27
6.13073e-28
1.3499e-28
2.46726e-29
2.33671e-30
5.0058e-21
2.71527e-20
8.97262e-20
2.61939e-19
7.11839e-19
1.84253e-18
4.59853e-18
1.11377e-17
2.62101e-17
5.90024e-17
1.28638e-16
2.74649e-16
5.78686e-16
1.21163e-15
2.5399e-15
5.37693e-15
1.16009e-14
2.56522e-14
5.84074e-14
1.37113e-13
3.30449e-13
8.0925e-13
1.98277e-12
4.76742e-12
1.10139e-11
2.36064e-11
4.74053e-11
8.91493e-11
1.54167e-10
2.50538e-10
3.85512e-10
5.64678e-10
8.04068e-10
1.12174e-09
1.55653e-09
2.16554e-09
3.03621e-09
4.29718e-09
6.15581e-09
8.94866e-09
1.3191e-08
1.97984e-08
3.02858e-08
4.7245e-08
7.44188e-08
1.17639e-07
1.86047e-07
2.8685e-07
4.31929e-07
6.34062e-07
8.86482e-07
1.17841e-06
1.46777e-06
1.6794e-06
1.71634e-06
1.50345e-06
1.07049e-06
6.12719e-07
3.3669e-07
1.84261e-07
9.99273e-08
5.26363e-08
2.73713e-08
1.38238e-08
6.73744e-09
3.14819e-09
1.40261e-09
5.94686e-10
2.36828e-10
8.70442e-11
2.92129e-11
8.85081e-12
2.38971e-12
5.71341e-13
1.12667e-13
1.90655e-14
2.79304e-15
3.64496e-16
4.4979e-17
5.85495e-18
9.32286e-19
1.95791e-19
5.04516e-20
1.4298e-20
4.17694e-21
1.22287e-21
3.54715e-22
1.0148e-22
2.859e-23
7.93108e-24
2.16748e-24
5.83902e-25
1.55093e-25
4.0585e-26
1.04312e-26
2.61281e-27
6.26395e-28
1.37917e-28
2.52071e-29
2.38731e-30
5.01559e-21
2.72056e-20
8.99e-20
2.62443e-19
7.13201e-19
1.84604e-18
4.6072e-18
1.11586e-17
2.62651e-17
5.91365e-17
1.2894e-16
2.75302e-16
5.80076e-16
1.21459e-15
2.54625e-15
5.39084e-15
1.16323e-14
2.57244e-14
5.85792e-14
1.37529e-13
3.31467e-13
8.11657e-13
1.9884e-12
4.77996e-12
1.10396e-11
2.36532e-11
4.74808e-11
8.92598e-11
1.54295e-10
2.50663e-10
3.85569e-10
5.64591e-10
8.03711e-10
1.12093e-09
1.55492e-09
2.16255e-09
3.03076e-09
4.28764e-09
6.13907e-09
8.91936e-09
1.31403e-08
1.97097e-08
3.0131e-08
4.69787e-08
7.39578e-08
1.1686e-07
1.8482e-07
2.84913e-07
4.29038e-07
6.30111e-07
8.81283e-07
1.17227e-06
1.46164e-06
1.67509e-06
1.71607e-06
1.50873e-06
1.07982e-06
6.20656e-07
3.40866e-07
1.86602e-07
1.01256e-07
5.33406e-08
2.77614e-08
1.40365e-08
6.84996e-09
3.20574e-09
1.43097e-09
6.06875e-10
2.42236e-10
8.92655e-11
3.00469e-11
9.13462e-12
2.47563e-12
5.94403e-13
1.1793e-13
2.0079e-14
2.9576e-15
3.87544e-16
4.78854e-17
6.21282e-18
9.81224e-19
2.04277e-19
5.23518e-20
1.47972e-20
4.31719e-21
1.26303e-21
3.66191e-22
1.04727e-22
2.94966e-23
8.18042e-24
2.23497e-24
6.01897e-25
1.59823e-25
4.18104e-26
1.07434e-26
2.69045e-27
6.44904e-28
1.41978e-28
2.59479e-29
2.45742e-30
5.02848e-21
2.72752e-20
9.01292e-20
2.6311e-19
7.15007e-19
1.8507e-18
4.61882e-18
1.11867e-17
2.6338e-17
5.9313e-17
1.29337e-16
2.7616e-16
5.81909e-16
1.21851e-15
2.55473e-15
5.40952e-15
1.16752e-14
2.58208e-14
5.881e-14
1.38089e-13
3.32796e-13
8.1489e-13
1.99605e-12
4.79716e-12
1.10751e-11
2.37182e-11
4.75862e-11
8.94179e-11
1.54489e-10
2.50873e-10
3.85715e-10
5.64584e-10
8.03395e-10
1.12009e-09
1.55315e-09
2.15914e-09
3.02436e-09
4.27636e-09
6.1195e-09
8.88502e-09
1.30807e-08
1.96052e-08
2.99483e-08
4.66618e-08
7.33989e-08
1.15885e-07
1.83195e-07
2.82385e-07
4.25303e-07
6.25027e-07
8.74637e-07
1.16447e-06
1.45391e-06
1.66962e-06
1.71567e-06
1.51528e-06
1.0915e-06
6.30704e-07
3.46157e-07
1.89559e-07
1.02926e-07
5.42602e-08
2.8282e-08
1.43226e-08
7.00266e-09
3.28439e-09
1.47036e-09
6.22787e-10
2.49276e-10
9.21652e-11
3.11375e-11
9.50432e-12
2.58682e-12
6.18506e-13
1.29238e-13
2.21302e-14
3.27464e-15
4.29975e-16
5.30035e-17
6.80983e-18
1.05706e-18
2.16404e-19
5.49181e-20
1.54543e-20
4.50025e-21
1.31532e-21
3.81122e-22
1.08947e-22
3.06735e-23
8.50392e-24
2.32267e-24
6.25358e-25
1.66009e-25
4.3416e-26
1.11526e-26
2.79211e-27
6.69115e-28
1.47283e-28
2.6915e-29
2.54907e-30
5.04472e-21
2.7363e-20
9.04177e-20
2.63948e-19
7.17275e-19
1.85654e-18
4.63333e-18
1.12217e-17
2.64303e-17
5.9538e-17
1.29844e-16
2.77262e-16
5.84267e-16
1.22355e-15
2.56563e-15
5.43356e-15
1.17292e-14
2.59494e-14
5.91059e-14
1.38769e-13
3.34457e-13
8.18991e-13
2.00603e-12
4.8199e-12
1.11227e-11
2.38077e-11
4.77361e-11
8.96516e-11
1.54781e-10
2.51204e-10
3.85997e-10
5.64715e-10
8.03208e-10
1.11934e-09
1.55143e-09
2.15566e-09
3.01771e-09
4.2644e-09
6.09834e-09
8.84809e-09
1.30178e-08
1.94989e-08
2.97674e-08
4.63651e-08
7.29217e-08
1.15153e-07
1.80738e-07
2.79046e-07
4.20591e-07
6.18697e-07
8.66375e-07
1.15479e-06
1.44426e-06
1.66267e-06
1.71492e-06
1.5231e-06
1.10572e-06
6.43105e-07
3.5266e-07
1.93078e-07
1.04651e-07
5.57791e-08
2.90856e-08
1.47432e-08
7.21816e-09
3.39226e-09
1.52329e-09
6.44072e-10
2.58683e-10
9.60234e-11
3.2598e-11
1.00023e-11
2.74182e-12
6.53854e-13
1.37779e-13
2.38103e-14
3.55244e-15
4.69399e-16
5.80153e-17
7.42669e-18
1.14038e-18
2.30553e-19
5.80312e-20
1.62645e-20
4.72698e-21
1.38012e-21
3.99628e-22
1.14181e-22
3.2135e-23
8.90699e-24
2.43275e-24
6.55397e-25
1.73992e-25
4.54662e-26
1.16699e-26
2.91968e-27
6.99323e-28
1.53876e-28
2.81138e-29
2.66241e-30
5.0649e-21
2.7472e-20
9.07765e-20
2.64992e-19
7.20104e-19
1.86385e-18
4.65155e-18
1.1266e-17
2.65468e-17
5.98224e-17
1.3049e-16
2.78674e-16
5.87309e-16
1.2301e-15
2.57985e-15
5.46505e-15
1.17974e-14
2.61011e-14
5.94634e-14
1.39647e-13
3.36664e-13
8.24505e-13
2.0189e-12
4.84963e-12
1.11854e-11
2.39259e-11
4.79352e-11
8.99618e-11
1.55188e-10
2.51693e-10
3.86463e-10
5.65048e-10
8.03211e-10
1.11874e-09
1.54975e-09
2.152e-09
3.01032e-09
4.25077e-09
6.07393e-09
8.80354e-09
1.29398e-08
1.93629e-08
2.95307e-08
4.59544e-08
7.21944e-08
1.13877e-07
1.78538e-07
2.75576e-07
4.15387e-07
6.11546e-07
8.56978e-07
1.14358e-06
1.43292e-06
1.65431e-06
1.71364e-06
1.53198e-06
1.1226e-06
6.58593e-07
3.60754e-07
1.9758e-07
1.07167e-07
5.72214e-08
2.98974e-08
1.51812e-08
7.45147e-09
3.51276e-09
1.58428e-09
6.6918e-10
2.69782e-10
1.00661e-10
3.43439e-11
1.06071e-11
2.9334e-12
6.98348e-13
1.48243e-13
2.58337e-14
3.88398e-15
5.16259e-16
6.39588e-17
8.15585e-18
1.23836e-18
2.4713e-19
6.16818e-20
1.72187e-20
4.99536e-21
1.45719e-21
4.21717e-22
1.20448e-22
3.38934e-23
9.39371e-24
2.56504e-24
6.89871e-25
1.82923e-25
4.77791e-26
1.22598e-26
3.06649e-27
7.34356e-28
1.61567e-28
2.95175e-29
2.79529e-30
5.08965e-21
2.76058e-20
9.12176e-20
2.66279e-19
7.23604e-19
1.87293e-18
4.67434e-18
1.13216e-17
2.66911e-17
6.01742e-17
1.31292e-16
2.80438e-16
5.9114e-16
1.23811e-15
2.59635e-15
5.49891e-15
1.18739e-14
2.62852e-14
5.99179e-14
1.40813e-13
3.39482e-13
8.31394e-13
2.03623e-12
4.88847e-12
1.12676e-11
2.40824e-11
4.82017e-11
9.03834e-11
1.55751e-10
2.52391e-10
3.87176e-10
5.65655e-10
8.03491e-10
1.11842e-09
1.54826e-09
2.14833e-09
3.00254e-09
4.236e-09
6.04675e-09
8.75445e-09
1.28521e-08
1.92055e-08
2.9249e-08
4.5457e-08
7.13292e-08
1.12408e-07
1.76124e-07
2.71784e-07
4.09678e-07
6.03469e-07
8.46288e-07
1.13077e-06
1.41971e-06
1.64417e-06
1.71145e-06
1.54156e-06
1.14198e-06
6.77014e-07
3.70352e-07
2.0295e-07
1.10191e-07
5.89231e-08
3.08543e-08
1.56777e-08
7.71725e-09
3.65034e-09
1.65372e-09
6.97998e-10
2.8284e-10
1.06134e-10
3.64742e-11
1.1351e-11
3.17007e-12
7.53834e-13
1.615e-13
2.84048e-14
4.30675e-15
5.76145e-16
7.15465e-17
9.07965e-18
1.36033e-18
2.67271e-19
6.60362e-20
1.83472e-20
5.31192e-21
1.548e-21
4.47703e-22
1.27776e-22
3.59112e-23
9.9356e-24
2.70738e-24
7.27458e-25
1.92855e-25
5.03958e-26
1.29359e-26
3.23641e-27
7.7517e-28
1.70566e-28
3.11646e-29
2.95139e-30
5.11936e-21
2.77665e-20
9.17476e-20
2.67825e-19
7.27808e-19
1.88383e-18
4.70163e-18
1.13881e-17
2.68592e-17
6.05824e-17
1.32191e-16
2.82306e-16
5.94877e-16
1.24603e-15
2.61406e-15
5.54088e-15
1.19735e-14
2.65226e-14
6.05067e-14
1.42213e-13
3.42982e-13
8.40033e-13
2.05687e-12
4.93658e-12
1.13726e-11
2.42854e-11
4.85526e-11
9.09457e-11
1.56519e-10
2.53368e-10
3.88233e-10
5.66671e-10
8.04239e-10
1.1186e-09
1.54734e-09
2.14514e-09
2.99489e-09
4.22078e-09
6.01796e-09
8.70013e-09
1.27559e-08
1.90364e-08
2.89519e-08
4.49386e-08
7.0424e-08
1.10861e-07
1.73556e-07
2.67678e-07
4.03415e-07
5.94551e-07
8.34164e-07
1.11585e-06
1.40398e-06
1.63175e-06
1.70781e-06
1.5513e-06
1.16345e-06
6.98583e-07
3.8177e-07
2.09412e-07
1.1385e-07
6.0985e-08
3.20092e-08
1.62767e-08
8.03899e-09
3.81864e-09
1.73866e-09
7.33588e-10
2.988e-10
1.12855e-10
3.90622e-11
1.22624e-11
3.46572e-12
8.24221e-13
1.78222e-13
3.16711e-14
4.85059e-15
6.5388e-16
8.14367e-17
1.02797e-17
1.51644e-18
2.92421e-19
7.13512e-20
1.97068e-20
5.69101e-21
1.65649e-21
4.78754e-22
1.36577e-22
3.83768e-23
1.06182e-23
2.89456e-24
7.77996e-25
2.06161e-25
5.38378e-26
1.38064e-26
3.45065e-27
8.25802e-28
1.81609e-28
3.31722e-29
3.14114e-30
5.15412e-21
2.79553e-20
9.23729e-20
2.69656e-19
7.3279e-19
1.89669e-18
4.73343e-18
1.14637e-17
2.70316e-17
6.09736e-17
1.3307e-16
2.84278e-16
5.99395e-16
1.25631e-15
2.63737e-15
5.59383e-15
1.20947e-14
2.68062e-14
6.11846e-14
1.43966e-13
3.47655e-13
8.51504e-13
2.08471e-12
5.00286e-12
1.15108e-11
2.45509e-11
4.90137e-11
9.16899e-11
1.57551e-10
2.54707e-10
3.89741e-10
5.68242e-10
8.05621e-10
1.11955e-09
1.54734e-09
2.143e-09
2.98834e-09
4.20679e-09
5.99053e-09
8.64748e-09
1.26605e-08
1.8865e-08
2.86449e-08
4.43925e-08
6.94641e-08
1.09219e-07
1.7082e-07
2.63283e-07
3.96659e-07
5.84752e-07
8.20855e-07
1.09949e-06
1.38661e-06
1.61745e-06
1.70274e-06
1.56069e-06
1.18566e-06
7.20542e-07
3.96482e-07
2.1757e-07
1.18376e-07
6.35142e-08
3.33116e-08
1.70442e-08
8.44214e-09
4.02484e-09
1.84198e-09
7.77292e-10
3.1844e-10
1.21143e-10
4.22701e-11
1.33877e-11
3.8239e-12
9.13424e-13
1.99779e-13
3.59354e-14
5.56593e-15
7.5708e-16
9.46723e-17
1.18894e-17
1.72405e-18
3.25215e-19
7.81343e-20
2.14155e-20
6.16288e-21
1.79059e-21
5.16915e-22
1.47327e-22
4.13614e-23
1.14326e-23
3.11196e-24
8.34634e-25
2.2078e-25
5.75803e-26
1.47622e-26
3.69099e-27
8.83716e-28
1.94398e-28
3.55137e-29
3.36292e-30
5.18909e-21
2.81433e-20
9.29887e-20
2.71443e-19
7.37646e-19
1.90936e-18
4.76559e-18
1.1544e-17
2.72308e-17
6.14734e-17
1.34241e-16
2.86926e-16
6.05283e-16
1.26929e-15
2.66607e-15
5.65846e-15
1.22442e-14
2.71637e-14
6.20669e-14
1.46241e-13
3.53196e-13
8.66392e-13
2.12048e-12
5.08093e-12
1.16831e-11
2.489e-11
4.96129e-11
9.26694e-11
1.58931e-10
2.5651e-10
3.91754e-10
5.70466e-10
8.07836e-10
1.12155e-09
1.54864e-09
2.14238e-09
2.98344e-09
4.19461e-09
5.96453e-09
8.59378e-09
1.25605e-08
1.86814e-08
2.83168e-08
4.38079e-08
6.84362e-08
1.07429e-07
1.67853e-07
2.58515e-07
3.8931e-07
5.7407e-07
8.06117e-07
1.08105e-06
1.36653e-06
1.60058e-06
1.69595e-06
1.57031e-06
1.21097e-06
7.48104e-07
4.11971e-07
2.26311e-07
1.23373e-07
6.64146e-08
3.47927e-08
1.78634e-08
8.88314e-09
4.25462e-09
1.95754e-09
8.28984e-10
3.41805e-10
1.31088e-10
4.61573e-11
1.4775e-11
4.27602e-12
1.03721e-12
2.30289e-13
4.20538e-14
6.60159e-15
9.06889e-16
1.13799e-16
1.418e-17
2.0098e-18
3.68102e-19
8.65896e-20
2.34847e-20
6.72614e-21
1.94951e-21
5.61923e-22
1.59966e-22
4.48644e-23
1.23907e-23
3.37148e-24
9.04729e-25
2.39784e-25
6.25829e-26
1.60392e-26
4.00612e-27
9.57889e-28
2.10368e-28
3.83901e-29
3.63357e-30
5.23261e-21
2.83794e-20
9.37718e-20
2.7375e-19
7.44008e-19
1.92615e-18
4.80857e-18
1.16513e-17
2.74924e-17
6.21383e-17
1.35734e-16
2.90222e-16
6.12458e-16
1.28492e-15
2.70059e-15
5.73638e-15
1.2424e-14
2.75897e-14
6.30999e-14
1.4875e-13
3.59709e-13
8.82611e-13
2.16301e-12
5.18764e-12
1.19076e-11
2.53187e-11
5.03956e-11
9.39968e-11
1.60892e-10
2.59337e-10
3.94014e-10
5.73406e-10
8.11057e-10
1.12483e-09
1.55152e-09
2.1435e-09
2.98036e-09
4.18651e-09
5.94262e-09
8.54344e-09
1.24648e-08
1.85001e-08
2.79764e-08
4.31892e-08
6.73331e-08
1.0552e-07
1.64587e-07
2.5333e-07
3.8124e-07
5.62202e-07
7.9007e-07
1.06097e-06
1.34453e-06
1.58147e-06
1.68736e-06
1.57965e-06
1.23843e-06
7.79466e-07
4.29482e-07
2.36171e-07
1.2895e-07
6.95873e-08
3.64636e-08
1.8791e-08
9.38543e-09
4.5198e-09
2.09124e-09
8.9224e-10
3.71126e-10
1.43893e-10
5.12144e-11
1.65789e-11
4.82173e-12
1.24e-12
2.79719e-13
5.19081e-14
8.26222e-15
1.14577e-15
1.43974e-16
1.77114e-17
2.42997e-18
4.26502e-19
9.72151e-20
2.59506e-20
7.37928e-21
2.13131e-21
6.13047e-22
1.74258e-22
4.88124e-23
1.34661e-23
3.66017e-24
9.80985e-25
2.59388e-25
6.75793e-26
1.72976e-26
4.31678e-27
1.03181e-27
2.26715e-28
4.13804e-29
3.9166e-30
5.28216e-21
2.86493e-20
9.4675e-20
2.76441e-19
7.51519e-19
1.94625e-18
4.8608e-18
1.1784e-17
2.78235e-17
6.29384e-17
1.37714e-16
2.94792e-16
6.22778e-16
1.30809e-15
2.75285e-15
5.856e-15
1.27023e-14
2.82511e-14
6.47066e-14
1.52721e-13
3.69774e-13
9.07413e-13
2.2214e-12
5.31993e-12
1.22048e-11
2.59304e-11
5.14647e-11
9.57401e-11
1.63469e-10
2.62801e-10
3.97884e-10
5.77931e-10
8.15893e-10
1.13002e-09
1.55678e-09
2.14748e-09
2.98117e-09
4.18039e-09
5.92221e-09
8.49272e-09
1.23922e-08
1.83434e-08
2.76757e-08
4.2608e-08
6.62948e-08
1.03706e-07
1.61496e-07
2.48726e-07
3.73768e-07
5.50716e-07
7.73759e-07
1.03995e-06
1.32085e-06
1.56021e-06
1.67666e-06
1.58792e-06
1.26693e-06
8.14006e-07
4.49113e-07
2.47273e-07
1.35281e-07
7.31966e-08
3.84429e-08
1.98833e-08
9.98145e-09
4.83277e-09
2.25123e-09
9.70904e-10
4.07186e-10
1.59555e-10
5.76455e-11
1.89224e-11
5.59139e-12
1.46122e-12
3.37438e-13
6.40489e-14
1.04094e-14
1.46752e-15
1.85947e-16
2.27302e-17
3.03134e-18
5.09008e-19
1.11778e-19
2.92222e-20
8.22369e-21
2.3616e-21
6.76729e-22
1.91807e-22
5.35977e-23
1.47536e-23
4.00142e-24
1.06978e-24
2.8179e-25
7.32167e-26
1.87024e-26
4.66001e-27
1.11267e-27
2.44385e-28
4.46136e-29
4.22314e-30
5.32814e-21
2.89e-20
9.55133e-20
2.78926e-19
7.58381e-19
1.96425e-18
4.90601e-18
1.1893e-17
2.80753e-17
6.35378e-17
1.39069e-16
2.97916e-16
6.29907e-16
1.32432e-15
2.79022e-15
5.94388e-15
1.29138e-14
2.87764e-14
6.60516e-14
1.56246e-13
3.78862e-13
9.30848e-13
2.27944e-12
5.46133e-12
1.25242e-11
2.65754e-11
5.26632e-11
9.77017e-11
1.66339e-10
2.6674e-10
4.02988e-10
5.84385e-10
8.22269e-10
1.13756e-09
1.5653e-09
2.15586e-09
2.98804e-09
4.18291e-09
5.91444e-09
8.46393e-09
1.2324e-08
1.81976e-08
2.73841e-08
4.20377e-08
6.52142e-08
1.0206e-07
1.58483e-07
2.44077e-07
3.6608e-07
5.388e-07
7.56927e-07
1.01816e-06
1.29593e-06
1.53717e-06
1.66384e-06
1.59445e-06
1.29528e-06
8.50897e-07
4.7131e-07
2.59801e-07
1.42385e-07
7.72367e-08
4.06802e-08
2.11324e-08
1.0656e-08
5.18382e-09
2.41623e-09
1.07272e-09
4.52829e-10
1.79441e-10
6.56153e-11
2.18771e-11
6.57779e-12
1.76223e-12
4.14334e-13
8.04379e-14
1.33563e-14
1.9162e-15
2.45153e-16
2.98303e-17
3.87218e-18
6.20809e-19
1.30705e-19
3.33356e-20
9.26417e-21
2.64175e-21
7.53428e-22
2.12755e-22
5.92628e-23
1.6266e-23
4.39936e-24
1.17274e-24
3.0814e-25
7.98346e-26
2.03488e-26
5.06449e-27
1.20875e-27
2.65407e-28
4.84411e-29
4.58522e-30
5.35854e-21
2.90648e-20
9.60611e-20
2.80551e-19
7.62922e-19
1.9765e-18
4.93837e-18
1.19773e-17
2.82932e-17
6.40618e-17
1.40268e-16
3.00571e-16
6.35902e-16
1.33819e-15
2.82295e-15
6.02332e-15
1.31125e-14
2.92925e-14
6.74457e-14
1.6014e-13
3.89952e-13
9.62438e-13
2.36525e-12
5.66634e-12
1.29604e-11
2.74081e-11
5.40953e-11
1.00041e-10
1.6986e-10
2.71631e-10
4.09277e-10
5.92212e-10
8.31494e-10
1.14854e-09
1.57755e-09
2.16951e-09
3.00215e-09
4.19526e-09
5.92034e-09
8.4543e-09
1.22815e-08
1.80909e-08
2.71545e-08
4.15684e-08
6.43228e-08
1.00464e-07
1.55606e-07
2.39496e-07
3.58429e-07
5.26765e-07
7.39747e-07
9.95855e-07
1.27045e-06
1.51312e-06
1.64923e-06
1.59858e-06
1.32197e-06
8.88896e-07
4.96657e-07
2.74003e-07
1.50387e-07
8.1733e-08
4.31652e-08
2.2511e-08
1.14165e-08
5.59184e-09
2.62941e-09
1.17873e-09
5.01547e-10
2.0165e-10
7.48256e-11
2.53609e-11
7.7512e-12
2.1166e-12
5.1152e-13
1.01853e-13
1.73249e-14
2.53617e-15
3.28491e-16
3.99031e-17
5.05464e-18
7.73118e-19
1.55292e-19
3.84657e-20
1.05296e-20
2.97718e-21
8.44189e-22
2.37287e-22
6.58337e-23
1.80063e-23
4.85548e-24
1.29147e-24
3.38947e-25
8.7733e-26
2.2336e-26
5.55128e-27
1.32301e-27
2.90132e-28
5.29094e-29
5.00705e-30
5.37327e-21
2.91451e-20
9.63322e-20
2.81381e-19
7.65364e-19
1.98359e-18
4.95883e-18
1.20362e-17
2.84609e-17
6.45269e-17
1.41448e-16
3.03437e-16
6.42584e-16
1.35418e-15
2.86183e-15
6.11973e-15
1.33557e-14
2.99188e-14
6.90876e-14
1.64494e-13
4.01476e-13
9.92411e-13
2.44053e-12
5.85607e-12
1.34115e-11
2.83707e-11
5.59612e-11
1.03021e-10
1.74182e-10
2.77587e-10
4.17012e-10
6.01977e-10
8.43478e-10
1.16335e-09
1.59507e-09
2.18941e-09
3.02446e-09
4.21863e-09
5.9418e-09
8.46719e-09
1.22722e-08
1.80357e-08
2.70073e-08
4.12307e-08
6.36473e-08
9.92054e-08
1.53322e-07
2.35549e-07
3.51956e-07
5.16545e-07
7.24814e-07
9.75877e-07
1.2467e-06
1.48992e-06
1.6338e-06
1.60016e-06
1.34537e-06
9.25556e-07
5.23662e-07
2.89118e-07
1.58959e-07
8.66985e-08
4.59918e-08
2.41163e-08
1.22853e-08
6.05496e-09
2.86961e-09
1.30394e-09
5.54353e-10
2.25416e-10
8.48116e-11
2.93333e-11
9.17806e-12
2.56598e-12
6.13001e-13
1.31155e-13
2.29072e-14
3.42888e-15
4.50457e-16
5.47104e-17
6.76574e-18
9.83246e-19
1.86687e-19
4.45404e-20
1.19532e-20
3.343e-21
9.41198e-22
2.63141e-22
7.26888e-23
1.98088e-23
5.32538e-24
1.41305e-24
3.70191e-25
9.56987e-26
2.43417e-26
6.04547e-27
1.43997e-27
3.15635e-28
5.75415e-29
5.44518e-30
5.37072e-21
2.91319e-20
9.6294e-20
2.81304e-19
7.65339e-19
1.98433e-18
4.96372e-18
1.20582e-17
2.85438e-17
6.47826e-17
1.42255e-16
3.05903e-16
6.49872e-16
1.37342e-15
2.91037e-15
6.23913e-15
1.36593e-14
3.0708e-14
7.11746e-14
1.70066e-13
4.16289e-13
1.03103e-12
2.54175e-12
6.09679e-12
1.39319e-11
2.9409e-11
5.78338e-11
1.06061e-10
1.78878e-10
2.84251e-10
4.25865e-10
6.13242e-10
8.57472e-10
1.1806e-09
1.61542e-09
2.2139e-09
3.05348e-09
4.25149e-09
5.97716e-09
8.50079e-09
1.22945e-08
1.80297e-08
2.69373e-08
4.10137e-08
6.3159e-08
9.82296e-08
1.51435e-07
2.32126e-07
3.46243e-07
5.07473e-07
7.11633e-07
9.58199e-07
1.22537e-06
1.46826e-06
1.6187e-06
1.59965e-06
1.36468e-06
9.58668e-07
5.50629e-07
3.03642e-07
1.67081e-07
9.10907e-08
4.88976e-08
2.57292e-08
1.3139e-08
6.51428e-09
3.10944e-09
1.42485e-09
6.06349e-10
2.49436e-10
9.54814e-11
3.34356e-11
1.06405e-11
3.04869e-12
7.3735e-13
1.61282e-13
2.89386e-14
4.44014e-15
5.9435e-16
7.27326e-17
8.88912e-18
1.24519e-18
2.25368e-19
5.18711e-20
1.36365e-20
3.76762e-21
1.05179e-21
2.92066e-22
8.02095e-23
2.17477e-23
5.8213e-24
1.53922e-24
4.0228e-25
1.03944e-25
2.64161e-26
6.5529e-27
1.55871e-27
3.41198e-28
6.21293e-29
5.87591e-30
5.34554e-21
2.899e-20
9.57932e-20
2.79747e-19
7.60909e-19
1.97271e-18
4.93578e-18
1.19976e-17
2.84305e-17
6.45897e-17
1.42048e-16
3.06057e-16
6.51631e-16
1.38119e-15
2.93765e-15
6.32719e-15
1.39108e-14
3.14274e-14
7.32666e-14
1.76207e-13
4.34196e-13
1.08182e-12
2.67516e-12
6.40426e-12
1.45998e-11
3.06983e-11
6.00396e-11
1.09663e-10
1.84108e-10
2.91168e-10
4.35122e-10
6.25165e-10
8.72544e-10
1.19857e-09
1.6371e-09
2.24026e-09
3.08539e-09
4.28873e-09
6.01988e-09
8.54686e-09
1.23378e-08
1.80599e-08
2.69302e-08
4.09078e-08
6.28667e-08
9.75895e-08
1.50107e-07
2.29609e-07
3.41793e-07
5.00235e-07
7.01209e-07
9.43629e-07
1.20761e-06
1.45006e-06
1.60527e-06
1.59776e-06
1.37884e-06
9.85137e-07
5.74015e-07
3.16111e-07
1.74118e-07
9.50836e-08
5.1202e-08
2.70483e-08
1.38498e-08
6.90233e-09
3.31374e-09
1.52952e-09
6.54964e-10
2.72071e-10
1.05148e-10
3.74182e-11
1.2078e-11
3.49515e-12
8.90379e-13
1.9782e-13
3.62924e-14
5.68224e-15
7.71834e-16
9.48494e-17
1.14337e-17
1.54169e-18
2.65098e-19
5.86239e-20
1.50639e-20
4.11022e-21
1.13929e-21
3.15564e-22
8.6376e-23
2.33304e-23
6.22073e-24
1.63863e-24
4.26522e-25
1.09545e-25
2.77326e-26
6.86466e-27
1.63103e-27
3.56922e-28
6.50019e-29
6.14905e-30
5.339e-21
2.89529e-20
9.56538e-20
2.79247e-19
7.59262e-19
1.96784e-18
4.92301e-18
1.19688e-17
2.83779e-17
6.44973e-17
1.42006e-16
3.06506e-16
6.54142e-16
1.39087e-15
2.97026e-15
6.43093e-15
1.42345e-14
3.23794e-14
7.59712e-14
1.83723e-13
4.54547e-13
1.1347e-12
2.80528e-12
6.74242e-12
1.5348e-11
3.21737e-11
6.26515e-11
1.13671e-10
1.89831e-10
2.98498e-10
4.43882e-10
6.35296e-10
8.84653e-10
1.2126e-09
1.65383e-09
2.26048e-09
3.10987e-09
4.31732e-09
6.05329e-09
8.58428e-09
1.23761e-08
1.80945e-08
2.69483e-08
4.08671e-08
6.27162e-08
9.72172e-08
1.49315e-07
2.28063e-07
3.39095e-07
4.95785e-07
6.94887e-07
9.34924e-07
1.19688e-06
1.43897e-06
1.59681e-06
1.59609e-06
1.38704e-06
1.001e-06
5.88683e-07
3.23894e-07
1.78503e-07
9.7575e-08
5.26262e-08
2.78648e-08
1.42986e-08
7.14964e-09
3.44871e-09
1.59832e-09
6.88156e-10
2.87552e-10
1.12256e-10
4.02731e-11
1.31468e-11
3.8518e-12
9.98456e-13
2.27704e-13
4.28325e-14
6.8738e-15
9.53893e-16
1.18873e-16
1.43308e-17
1.89134e-18
3.12624e-19
6.65423e-20
1.66481e-20
4.45916e-21
1.2171e-21
3.31342e-22
8.96553e-23
2.40385e-23
6.3808e-24
1.67661e-24
4.36006e-25
1.12093e-25
2.84023e-26
7.03654e-27
1.67371e-27
3.66516e-28
6.67666e-29
6.31722e-30
)
;

boundaryField
{
    fuel
    {
        type            fixedValue;
        value           uniform 0;
    }
    air
    {
        type            fixedValue;
        value           uniform 0;
    }
    outlet
    {
        type            inletOutlet;
        inletValue      uniform 0;
        value           nonuniform List<scalar> 
200
(
5.33905e-21
2.89532e-20
9.56552e-20
2.79254e-19
7.59288e-19
1.96793e-18
4.92331e-18
1.19697e-17
2.83805e-17
6.4504e-17
1.42021e-16
3.0654e-16
6.54208e-16
1.39098e-15
2.97044e-15
6.43115e-15
1.42346e-14
3.23791e-14
7.59701e-14
1.83721e-13
4.54543e-13
1.1347e-12
2.80529e-12
6.74247e-12
1.53481e-11
3.21741e-11
6.26523e-11
1.13673e-10
1.89833e-10
2.985e-10
4.43883e-10
6.35296e-10
8.84652e-10
1.2126e-09
1.65383e-09
2.26048e-09
3.10987e-09
4.31734e-09
6.05333e-09
8.58434e-09
1.23762e-08
1.80945e-08
2.69482e-08
4.08661e-08
6.27149e-08
9.72186e-08
1.49319e-07
2.2807e-07
3.39105e-07
4.95799e-07
6.94904e-07
9.34942e-07
1.19689e-06
1.43897e-06
1.59681e-06
1.59607e-06
1.38699e-06
1.00094e-06
5.88626e-07
3.23864e-07
1.78486e-07
9.75658e-08
5.26213e-08
2.78622e-08
1.42973e-08
7.14913e-09
3.4485e-09
1.59822e-09
6.88112e-10
2.87532e-10
1.12246e-10
4.02672e-11
1.31412e-11
3.8501e-12
9.98023e-13
2.27606e-13
4.28142e-14
6.87084e-15
9.53478e-16
1.18821e-16
1.43247e-17
1.89059e-18
3.1252e-19
6.6524e-20
1.66441e-20
4.4582e-21
1.21685e-21
3.31279e-22
8.9639e-23
2.40343e-23
6.37972e-24
1.67633e-24
4.35938e-25
1.12077e-25
2.83983e-26
7.03559e-27
1.67347e-27
3.66463e-28
6.67573e-29
6.31636e-30
5.339e-21
2.89529e-20
9.56538e-20
2.79247e-19
7.59262e-19
1.96784e-18
4.92301e-18
1.19688e-17
2.83779e-17
6.44973e-17
1.42006e-16
3.06506e-16
6.54142e-16
1.39087e-15
2.97026e-15
6.43093e-15
1.42345e-14
3.23794e-14
7.59712e-14
1.83723e-13
4.54547e-13
1.1347e-12
2.80528e-12
6.74242e-12
1.5348e-11
3.21737e-11
6.26515e-11
1.13671e-10
1.89831e-10
2.98498e-10
4.43882e-10
6.35296e-10
8.84653e-10
1.2126e-09
1.65383e-09
2.26048e-09
3.10987e-09
4.31732e-09
6.05329e-09
8.58428e-09
1.23761e-08
1.80945e-08
2.69483e-08
4.08671e-08
6.27162e-08
9.72172e-08
1.49315e-07
2.28063e-07
3.39095e-07
4.95785e-07
6.94887e-07
9.34924e-07
1.19688e-06
1.43897e-06
1.59681e-06
1.59609e-06
1.38704e-06
1.001e-06
5.88683e-07
3.23894e-07
1.78503e-07
9.7575e-08
5.26262e-08
2.78648e-08
1.42986e-08
7.14964e-09
3.44871e-09
1.59832e-09
6.88156e-10
2.87552e-10
1.12256e-10
4.02731e-11
1.31468e-11
3.8518e-12
9.98456e-13
2.27704e-13
4.28325e-14
6.8738e-15
9.53893e-16
1.18873e-16
1.43308e-17
1.89134e-18
3.12624e-19
6.65423e-20
1.66481e-20
4.45916e-21
1.2171e-21
3.31342e-22
8.96553e-23
2.40385e-23
6.3808e-24
1.67661e-24
4.36006e-25
1.12093e-25
2.84023e-26
7.03654e-27
1.67371e-27
3.66516e-28
6.67666e-29
6.31722e-30
)
;
    }
    frontAndBack
    {
        type            empty;
    }
    internal
    {
        type            internal;
    }
}


// ************************************************************************* //
