/*--------------------------------*- C++ -*----------------------------------*\
  =========                 |
  \\      /  F ield         | OpenFOAM: The Open Source CFD Toolbox
   \\    /   O peration     | Website:  https://openfoam.org
    \\  /    A nd           | Version:  10
     \\/     M anipulation  |
\*---------------------------------------------------------------------------*/
FoamFile
{
    format      ascii;
    class       volScalarField;
    location    "1";
    object      C2H4;
}
// * * * * * * * * * * * * * * * * * * * * * * * * * * * * * * * * * * * * * //

dimensions      [0 0 0 0 0 0 0];

internalField   nonuniform List<scalar> 
4000
(
1.56692e-08
6.07094e-08
1.29423e-07
2.37938e-07
4.09176e-07
6.78483e-07
1.10025e-06
1.75743e-06
2.77536e-06
4.28929e-06
6.51207e-06
9.75448e-06
1.44383e-05
2.11124e-05
3.0465e-05
4.33187e-05
6.05873e-05
8.32059e-05
0.000112029
0.000147723
0.000190665
0.000240878
0.000298028
0.000361813
0.000431103
0.000503407
0.00057939
0.000659327
0.000739865
0.000821929
0.000903275
0.000984128
0.00106348
0.00114044
0.00121458
0.00128559
0.00135325
0.00141745
0.00147799
0.00153486
0.00158838
0.00163772
0.00168322
0.00172482
0.00176201
0.00179475
0.00182104
0.00183953
0.00184574
0.00183327
0.00179248
0.00171054
0.00157471
0.00137838
0.00112757
0.000845061
0.000569094
0.000342517
0.000191074
0.000105178
5.7991e-05
3.17132e-05
1.71114e-05
9.06404e-06
4.65336e-06
2.32871e-06
1.12569e-06
5.25903e-07
2.35032e-07
1.14745e-07
6.65741e-08
4.54149e-08
3.40264e-08
2.64926e-08
2.07192e-08
1.59564e-08
1.17837e-08
8.36163e-09
5.67202e-09
3.67374e-09
2.27791e-09
1.35947e-09
7.86039e-10
4.43033e-10
2.44657e-10
1.32893e-10
7.12066e-11
3.77179e-11
1.98001e-11
1.03127e-11
5.33431e-12
2.74207e-12
1.40113e-12
7.11297e-13
3.58073e-13
1.77871e-13
8.61972e-14
3.96533e-14
1.6042e-14
3.69401e-15
1.56745e-08
6.07317e-08
1.29485e-07
2.38104e-07
4.09579e-07
6.79346e-07
1.10189e-06
1.76022e-06
2.7795e-06
4.29575e-06
6.5197e-06
9.75962e-06
1.44329e-05
2.108e-05
3.0375e-05
4.3118e-05
6.0185e-05
8.25048e-05
0.000110937
0.000146166
0.000188606
0.000238354
0.000295182
0.000358189
0.000426908
0.000498718
0.000574294
0.000654181
0.000734655
0.00081696
0.00089872
0.00098007
0.00105979
0.00113725
0.00121186
0.00128331
0.00135139
0.00141603
0.00147696
0.0015342
0.00158809
0.00163778
0.00168361
0.00172559
0.00176311
0.00179611
0.00182262
0.00184132
0.00184761
0.00183505
0.00179391
0.00171096
0.00157344
0.0013748
0.00112144
0.000836961
0.000560587
0.000335698
0.00018686
0.000102948
5.6727e-05
3.09895e-05
1.66936e-05
8.82193e-06
4.51927e-06
2.25407e-06
1.08471e-06
5.05205e-07
2.25772e-07
1.11531e-07
6.57105e-08
4.52714e-08
3.40384e-08
2.64866e-08
2.06334e-08
1.58088e-08
1.16102e-08
8.1925e-09
5.52978e-09
3.56886e-09
2.20929e-09
1.3191e-09
7.64371e-10
4.3229e-10
2.39695e-10
1.30757e-10
7.03675e-11
3.74369e-11
1.97072e-11
1.02814e-11
5.32268e-12
2.73674e-12
1.39801e-12
7.09135e-13
3.56704e-13
1.7705e-13
8.57333e-14
3.94174e-14
1.59414e-14
3.66987e-15
1.57086e-08
6.087e-08
1.29806e-07
2.38754e-07
4.10798e-07
6.81498e-07
1.10547e-06
1.76575e-06
2.78727e-06
4.30648e-06
6.53221e-06
9.77044e-06
1.44358e-05
2.10598e-05
3.03045e-05
4.29492e-05
5.9874e-05
8.19845e-05
0.000110117
0.000144938
0.000186853
0.000235947
0.000292104
0.000354705
0.000423015
0.000494505
0.000569968
0.000649608
0.000729992
0.00081245
0.00089413
0.000975481
0.0010553
0.00113324
0.00120836
0.00128034
0.00134897
0.0014142
0.00147567
0.00153345
0.00158788
0.00163808
0.0016844
0.0017269
0.00176482
0.0017982
0.00182509
0.00184409
0.00185059
0.00183786
0.00179599
0.00171141
0.00157109
0.00136863
0.00111113
0.000823719
0.000547055
0.000324821
0.000180203
9.93981e-05
5.47077e-05
2.98328e-05
1.60177e-05
8.43028e-06
4.30658e-06
2.13691e-06
1.02273e-06
4.7377e-07
2.12422e-07
1.06951e-07
6.45223e-08
4.50841e-08
3.40904e-08
2.65667e-08
2.04748e-08
1.56449e-08
1.14324e-08
8.0262e-09
5.39405e-09
3.47058e-09
2.14501e-09
1.28038e-09
7.42494e-10
4.20519e-10
2.33591e-10
1.27675e-10
6.88324e-11
3.66727e-11
1.93382e-11
1.01057e-11
5.23912e-12
2.69684e-12
1.37904e-12
7.00387e-13
3.52472e-13
1.74952e-13
8.46978e-14
3.89273e-14
1.57376e-14
3.62196e-15
1.57116e-08
6.08816e-08
1.29832e-07
2.388e-07
4.10859e-07
6.81523e-07
1.10528e-06
1.76489e-06
2.78469e-06
4.30087e-06
6.5192e-06
9.74124e-06
1.43731e-05
2.09439e-05
3.01085e-05
4.26429e-05
5.94097e-05
8.13052e-05
0.000109164
0.000143661
0.000185224
0.000233977
0.00028967
0.000351895
0.000419933
0.000491101
0.000566286
0.000645771
0.000725862
0.000808141
0.000889746
0.000971137
0.00105113
0.00112937
0.00120505
0.00127756
0.00134676
0.00141259
0.00147465
0.00153301
0.00158805
0.00163882
0.00168569
0.00172872
0.00176716
0.001801
0.00182833
0.0018477
0.00185429
0.00184126
0.00179837
0.00171166
0.00156788
0.00136073
0.00109841
0.000807484
0.000530516
0.000311853
0.000172487
9.52364e-05
5.23637e-05
2.85599e-05
1.51506e-05
7.94502e-06
4.04847e-06
1.99699e-06
9.49426e-07
4.37292e-07
1.9843e-07
1.02334e-07
6.33052e-08
4.48716e-08
3.40843e-08
2.65195e-08
2.04281e-08
1.54956e-08
1.12306e-08
7.82361e-09
5.22232e-09
3.34217e-09
2.05815e-09
1.22612e-09
7.10631e-10
4.02667e-10
2.23938e-10
1.22595e-10
6.62141e-11
3.53448e-11
1.8673e-11
9.77546e-12
5.07605e-12
2.61643e-12
1.33922e-12
6.80483e-13
3.42637e-13
1.70161e-13
8.24201e-14
3.78982e-14
1.53275e-14
3.52839e-15
1.5689e-08
6.07941e-08
1.29644e-07
2.38446e-07
4.10218e-07
6.80365e-07
1.10315e-06
1.76091e-06
2.77718e-06
4.28652e-06
6.49389e-06
9.69861e-06
1.43054e-05
2.08364e-05
2.994e-05
4.23843e-05
5.9024e-05
8.07492e-05
0.000108393
0.000142637
0.000183923
0.0002324
0.000287849
0.000349715
0.000417299
0.000487967
0.000562573
0.000641907
0.00072196
0.000804213
0.000885862
0.000967333
0.00104752
0.00112601
0.00120215
0.00127526
0.00134503
0.00141146
0.0014741
0.00153304
0.00158866
0.00163999
0.00168742
0.00173103
0.00176998
0.00180427
0.00183199
0.00185162
0.00185825
0.00184482
0.00180079
0.00171167
0.00156394
0.00135157
0.00108379
0.000789184
0.000512398
0.000298122
0.000164606
9.0798e-05
4.9828e-05
2.70787e-05
1.43e-05
7.45744e-06
3.78253e-06
1.8543e-06
8.75327e-07
3.99396e-07
1.84545e-07
9.78697e-08
6.21116e-08
4.46169e-08
3.40254e-08
2.6432e-08
2.0406e-08
1.52111e-08
1.09612e-08
7.59116e-09
5.04082e-09
3.21314e-09
1.97359e-09
1.17427e-09
6.80433e-10
3.85751e-10
2.14735e-10
1.17696e-10
6.36502e-11
3.40197e-11
1.79948e-11
9.43074e-12
4.9017e-12
2.52852e-12
1.295e-12
6.58308e-13
3.31586e-13
1.6472e-13
7.98043e-14
3.67029e-14
1.48464e-14
3.41772e-15
1.56423e-08
6.06139e-08
1.29259e-07
2.3773e-07
4.08958e-07
6.78193e-07
1.09942e-06
1.7544e-06
2.7661e-06
4.2684e-06
6.46547e-06
9.65589e-06
1.42407e-05
2.07379e-05
2.97909e-05
4.2162e-05
5.86991e-05
8.02829e-05
0.000107737
0.000141729
0.000182692
0.000230741
0.000285673
0.000347153
0.000414515
0.000485038
0.000559601
0.000638832
0.000718755
0.000800954
0.000882664
0.000964233
0.00104468
0.00112347
0.00120009
0.00127366
0.00134394
0.00141089
0.00147407
0.00153356
0.00158973
0.0016416
0.00168956
0.00173374
0.00177321
0.00180794
0.00183612
0.00185599
0.00186273
0.00184888
0.00180348
0.0017116
0.0015595
0.00134153
0.00106814
0.000769975
0.000493854
0.000284506
0.000156912
8.64685e-05
4.73767e-05
2.56936e-05
1.35302e-05
7.02792e-06
3.54439e-06
1.72609e-06
8.08539e-07
3.67158e-07
1.71992e-07
9.38028e-08
6.09529e-08
4.4295e-08
3.38904e-08
2.62894e-08
2.02071e-08
1.49666e-08
1.07121e-08
7.37022e-09
4.866e-09
3.08753e-09
1.89031e-09
1.12251e-09
6.49844e-10
3.68361e-10
2.05141e-10
1.12527e-10
6.09163e-11
3.25954e-11
1.72616e-11
9.05691e-12
4.71227e-12
2.43266e-12
1.24661e-12
6.34053e-13
3.19535e-13
1.58825e-13
7.69935e-14
3.54273e-14
1.43346e-14
3.30009e-15
1.55725e-08
6.03422e-08
1.28673e-07
2.36637e-07
4.0705e-07
6.75004e-07
1.09427e-06
1.74646e-06
2.75348e-06
4.24775e-06
6.43351e-06
9.60543e-06
1.41625e-05
2.06192e-05
2.96146e-05
4.19054e-05
5.8335e-05
7.9778e-05
0.000107054
0.000140827
0.000181575
0.000229391
0.000284125
0.000345361
0.000412477
0.000482783
0.000557107
0.000636217
0.000716104
0.000798302
0.000880051
0.000961651
0.0010427
0.00112171
0.00119863
0.00127265
0.00134339
0.00141082
0.0014745
0.00153448
0.00159113
0.00164349
0.00169196
0.00173665
0.00177666
0.00181161
0.00184022
0.00186026
0.00186703
0.00185265
0.0018058
0.00171112
0.00155463
0.00133109
0.00105221
0.000750835
0.000475846
0.000271699
0.000149776
8.24501e-05
4.5101e-05
2.43995e-05
1.28134e-05
6.6272e-06
3.32772e-06
1.61339e-06
7.56075e-07
3.35687e-07
1.6005e-07
8.98859e-08
5.97143e-08
4.38553e-08
3.36565e-08
2.60636e-08
1.9962e-08
1.47008e-08
1.04577e-08
7.15315e-09
4.69878e-09
2.96963e-09
1.81316e-09
1.07496e-09
6.21864e-10
3.52468e-10
1.96354e-10
1.0777e-10
5.83837e-11
3.12658e-11
1.65719e-11
8.7031e-12
4.53311e-12
2.34367e-12
1.20296e-12
6.12571e-13
3.08861e-13
1.53541e-13
7.44285e-14
3.42435e-14
1.38546e-14
3.18947e-15
1.54959e-08
6.00443e-08
1.2803e-07
2.35429e-07
4.04913e-07
6.71328e-07
1.08804e-06
1.73596e-06
2.73635e-06
4.22005e-06
6.3863e-06
9.53006e-06
1.40462e-05
2.04447e-05
2.93592e-05
4.15415e-05
5.78322e-05
7.91054e-05
0.000106186
0.000139753
0.00018026
0.000227866
0.000282463
0.000343608
0.00041053
0.000480578
0.000554823
0.000633852
0.000713682
0.000795899
0.000878006
0.000959804
0.00104117
0.00112046
0.0011977
0.00127213
0.00134331
0.0014112
0.00147535
0.00153589
0.00159263
0.00164552
0.00169446
0.00173965
0.00178004
0.00181533
0.0018442
0.00186428
0.00187095
0.00185598
0.00180768
0.00171019
0.0015494
0.00132048
0.0010365
0.000732419
0.00045899
0.000260049
0.000143285
7.87945e-05
4.30227e-05
2.32172e-05
1.21662e-05
6.27033e-06
3.13317e-06
1.51148e-06
7.0453e-07
3.11608e-07
1.51029e-07
8.69703e-08
5.87561e-08
4.34926e-08
3.34332e-08
2.58225e-08
1.96872e-08
1.44223e-08
1.02046e-08
6.94491e-09
4.54254e-09
2.86164e-09
1.74346e-09
1.03235e-09
5.96871e-10
3.38266e-10
1.88479e-10
1.03486e-10
5.60903e-11
3.00538e-11
1.59382e-11
8.37458e-12
4.36376e-12
2.25653e-12
1.15843e-12
5.90231e-13
2.97973e-13
1.48269e-13
7.19092e-14
3.30919e-14
1.33905e-14
3.08284e-15
1.5427e-08
5.97777e-08
1.27459e-07
2.34371e-07
4.03067e-07
6.68207e-07
1.08286e-06
1.72745e-06
2.72258e-06
4.19596e-06
6.34872e-06
9.47282e-06
1.39612e-05
2.03208e-05
2.91819e-05
4.12929e-05
5.74927e-05
7.86544e-05
0.000105606
0.000139057
0.000179398
0.000226887
0.000281278
0.000342158
0.000408992
0.000479001
0.000553151
0.000632056
0.000711858
0.000793964
0.000876877
0.000958672
0.0010402
0.00111969
0.00119719
0.00127199
0.00134358
0.00141172
0.00147627
0.0015373
0.00159442
0.00164771
0.00169712
0.0017427
0.00178347
0.00181907
0.00184827
0.00186847
0.00187496
0.00185925
0.00180928
0.00170892
0.00154391
0.00130992
0.00102138
0.000715197
0.000443683
0.00024976
0.00013755
7.55665e-05
4.11969e-05
2.21784e-05
1.16196e-05
5.96682e-06
2.96884e-06
1.42493e-06
6.61418e-07
2.92475e-07
1.43952e-07
8.46573e-08
5.79998e-08
4.32202e-08
3.33228e-08
2.54424e-08
1.9373e-08
1.41519e-08
9.97976e-09
6.76923e-09
4.41444e-09
2.77415e-09
1.68702e-09
9.97618e-10
5.76289e-10
3.26426e-10
1.81829e-10
9.98226e-11
5.4105e-11
2.89932e-11
1.53784e-11
8.08202e-12
4.21198e-12
2.17816e-12
1.11825e-12
5.69825e-13
2.8765e-13
1.43163e-13
6.9463e-14
3.19798e-14
1.29439e-14
2.9805e-15
1.53702e-08
5.95601e-08
1.27e-07
2.33533e-07
4.0163e-07
6.65812e-07
1.07891e-06
1.72095e-06
2.71174e-06
4.17764e-06
6.31917e-06
9.42669e-06
1.38909e-05
2.02168e-05
2.90324e-05
4.10838e-05
5.72069e-05
7.82725e-05
0.00010511
0.000138409
0.000178652
0.000225938
0.000280199
0.000341057
0.000407797
0.000477732
0.000551843
0.000630702
0.00071055
0.000792723
0.00087584
0.000957794
0.00103952
0.00111923
0.00119697
0.00127206
0.00134401
0.00141245
0.00147733
0.00153874
0.0015962
0.00164985
0.00169955
0.00174544
0.00178649
0.00182238
0.00185173
0.00187195
0.00187821
0.00186173
0.00181021
0.00170713
0.00153819
0.00129968
0.00100722
0.000699528
0.000430159
0.000240898
0.000132557
7.27421e-05
3.95793e-05
2.1237e-05
1.11393e-05
5.7006e-06
2.82534e-06
1.35025e-06
6.24307e-07
2.77023e-07
1.38375e-07
8.28151e-08
5.7354e-08
4.29341e-08
3.31223e-08
2.52362e-08
1.91616e-08
1.39474e-08
9.79856e-09
6.62188e-09
4.30388e-09
2.69695e-09
1.63634e-09
9.65993e-10
5.57346e-10
3.15443e-10
1.75624e-10
9.63923e-11
5.22428e-11
2.79974e-11
1.48527e-11
7.80732e-12
4.06943e-12
2.10451e-12
1.08058e-12
5.50714e-13
2.78109e-13
1.38473e-13
6.72098e-14
3.09496e-14
1.25287e-14
2.88522e-15
1.53138e-08
5.93414e-08
1.26532e-07
2.32668e-07
4.00135e-07
6.63335e-07
1.07494e-06
1.71478e-06
2.70257e-06
4.16305e-06
6.29658e-06
9.39204e-06
1.38369e-05
2.01344e-05
2.89101e-05
4.09095e-05
5.69688e-05
7.7959e-05
0.000104718
0.000137907
0.000178
0.000225187
0.000279361
0.000340106
0.000406815
0.00047672
0.000550825
0.00062967
0.000709575
0.000791809
0.000875068
0.00095717
0.00103909
0.001119
0.00119696
0.00127231
0.00134455
0.00141327
0.00147841
0.00154012
0.00159784
0.00165173
0.00170169
0.00174781
0.0017891
0.00182518
0.00185465
0.00187486
0.00188085
0.00186364
0.00181063
0.00170502
0.00153254
0.00128999
0.000994237
0.00068559
0.000418569
0.00023384
0.000127807
7.01129e-05
3.81211e-05
2.04218e-05
1.07199e-05
5.45243e-06
2.69485e-06
1.2836e-06
5.91319e-07
2.64166e-07
1.3378e-07
8.12767e-08
5.67925e-08
4.26682e-08
3.29284e-08
2.50944e-08
1.90054e-08
1.37872e-08
9.65064e-09
6.49749e-09
4.20824e-09
2.62916e-09
1.59149e-09
9.37892e-10
5.40472e-10
3.05639e-10
1.70076e-10
9.33204e-11
5.05721e-11
2.71025e-11
1.43799e-11
7.56116e-12
3.94378e-12
2.04183e-12
1.04962e-12
5.3538e-13
2.70381e-13
1.34587e-13
6.53064e-14
3.00678e-14
1.21703e-14
2.80263e-15
1.52644e-08
5.91508e-08
1.26126e-07
2.31919e-07
3.9884e-07
6.6117e-07
1.07139e-06
1.70905e-06
2.69278e-06
4.14701e-06
6.27211e-06
9.35687e-06
1.37895e-05
2.00685e-05
2.88163e-05
4.07713e-05
5.67732e-05
7.76965e-05
0.000104368
0.000137488
0.000177496
0.000224607
0.000278724
0.000339412
0.00040607
0.000475945
0.00055005
0.000628893
0.000708856
0.000791151
0.000874536
0.000956775
0.00103886
0.00111895
0.0011971
0.00127267
0.00134518
0.00141412
0.00147951
0.00154149
0.00159943
0.00165353
0.00170367
0.00174997
0.00179143
0.00182765
0.0018572
0.00187736
0.00188306
0.0018651
0.00181064
0.00170263
0.00152686
0.0012807
0.000982158
0.00067292
0.000408071
0.000227138
0.000124257
6.80933e-05
3.69718e-05
1.9771e-05
1.03536e-05
5.26203e-06
2.59217e-06
1.22985e-06
5.64528e-07
2.53951e-07
1.30194e-07
8.00878e-08
5.6357e-08
4.24475e-08
3.27475e-08
2.49886e-08
1.88802e-08
1.3653e-08
9.52357e-09
6.39068e-09
4.1268e-09
2.57184e-09
1.55366e-09
9.14195e-10
5.26217e-10
2.97334e-10
1.65362e-10
9.07015e-11
4.91422e-11
2.63322e-11
1.39678e-11
7.34248e-12
3.82921e-12
1.98306e-12
1.01949e-12
5.20097e-13
2.62811e-13
1.30894e-13
6.35411e-14
2.92626e-14
1.1846e-14
2.72812e-15
1.52227e-08
5.89898e-08
1.25783e-07
2.31288e-07
3.97751e-07
6.59357e-07
1.06844e-06
1.70432e-06
2.68462e-06
4.13343e-06
6.25074e-06
9.32439e-06
1.37409e-05
1.99998e-05
2.87236e-05
4.06542e-05
5.66182e-05
7.74877e-05
0.000104095
0.00013713
0.00017708
0.000224141
0.000278179
0.000338834
0.000405466
0.000475338
0.00054946
0.000628313
0.000708336
0.000790692
0.00087419
0.000956553
0.00103879
0.00111903
0.00119736
0.00127312
0.00134583
0.00141496
0.00148054
0.0015427
0.00160083
0.00165512
0.00170546
0.00175194
0.00179356
0.00182989
0.00185948
0.00187954
0.00188492
0.00186625
0.00181043
0.00170028
0.0015216
0.00127229
0.000971358
0.000661636
0.000398928
0.000221442
0.000121297
6.6432e-05
3.60321e-05
1.92394e-05
1.00528e-05
5.10566e-06
2.50805e-06
1.18625e-06
5.42818e-07
2.45864e-07
1.27373e-07
7.9164e-08
5.60129e-08
4.2265e-08
3.25911e-08
2.48976e-08
1.87668e-08
1.35323e-08
9.41088e-09
6.29638e-09
4.05496e-09
2.52129e-09
1.52034e-09
8.93339e-10
5.13684e-10
2.90043e-10
1.6123e-10
8.84119e-11
4.78995e-11
2.56728e-11
1.36287e-11
7.17133e-12
3.74165e-12
1.93768e-12
9.9617e-13
5.0817e-13
2.5672e-13
1.27842e-13
6.20538e-14
2.85761e-14
1.15676e-14
2.66396e-15
1.51882e-08
5.88566e-08
1.255e-07
2.30768e-07
3.96857e-07
6.57876e-07
1.06604e-06
1.70052e-06
2.67795e-06
4.12227e-06
6.23321e-06
9.29792e-06
1.37019e-05
1.99436e-05
2.8644e-05
4.05433e-05
5.64749e-05
7.73095e-05
0.000103873
0.000136859
0.000176753
0.000223758
0.00027777
0.000338395
0.000405015
0.000474886
0.000549025
0.000627894
0.000707972
0.000790385
0.000873983
0.000956455
0.00103882
0.0011192
0.00119767
0.00127359
0.00134647
0.00141576
0.00148149
0.00154384
0.00160211
0.00165654
0.00170699
0.00175356
0.00179529
0.00183172
0.00186139
0.00188139
0.00188648
0.00186712
0.00181006
0.00169795
0.00151672
0.00126474
0.000961852
0.000651957
0.000391201
0.000216674
0.000118812
6.50455e-05
3.52544e-05
1.87902e-05
9.79829e-06
4.96764e-06
2.4342e-06
1.14808e-06
5.23781e-07
2.38858e-07
1.24953e-07
7.83406e-08
5.56937e-08
4.20873e-08
3.24384e-08
2.48089e-08
1.86587e-08
1.3417e-08
9.30443e-09
6.20836e-09
3.98866e-09
2.47511e-09
1.49017e-09
8.746e-10
5.02496e-10
2.83567e-10
1.57573e-10
8.6388e-11
4.67979e-11
2.5081e-11
1.33133e-11
7.006e-12
3.65855e-12
1.89565e-12
9.748e-13
4.97206e-13
2.51195e-13
1.25099e-13
6.07262e-14
2.79658e-14
1.13208e-14
2.60715e-15
1.516e-08
5.87478e-08
1.25269e-07
2.30344e-07
3.96129e-07
6.56671e-07
1.0641e-06
1.69744e-06
2.67254e-06
4.11323e-06
6.21905e-06
9.27663e-06
1.36707e-05
1.98988e-05
2.85812e-05
4.04572e-05
5.63606e-05
7.71551e-05
0.000103683
0.000136641
0.000176502
0.000223472
0.000277451
0.000338055
0.00040467
0.000474544
0.000548701
0.000627585
0.000707719
0.000790187
0.000873871
0.000956436
0.00103891
0.0011194
0.00119799
0.00127404
0.00134706
0.00141648
0.00148235
0.00154483
0.00160322
0.00165774
0.00170829
0.00175492
0.00179667
0.00183307
0.00186326
0.00188308
0.00188782
0.00186781
0.0018096
0.00169577
0.00151232
0.00125807
0.000953695
0.000643786
0.000384786
0.000212815
0.000116799
6.39588e-05
3.47272e-05
1.83073e-05
9.5427e-06
4.83369e-06
2.36547e-06
1.11372e-06
5.07186e-07
2.32888e-07
1.22852e-07
7.7605e-08
5.53918e-08
4.19186e-08
3.22969e-08
2.47236e-08
1.85376e-08
1.32906e-08
9.19307e-09
6.12023e-09
3.92464e-09
2.4318e-09
1.46252e-09
8.57725e-10
4.92557e-10
2.77873e-10
1.54382e-10
8.46316e-11
4.58447e-11
2.45696e-11
1.30409e-11
6.86144e-12
3.58136e-12
1.85541e-12
9.5427e-13
4.86994e-13
2.4614e-13
1.22622e-13
5.95389e-14
2.74238e-14
1.11026e-14
2.55701e-15
1.51373e-08
5.86605e-08
1.25083e-07
2.30002e-07
3.95541e-07
6.55695e-07
1.06251e-06
1.69491e-06
2.66818e-06
4.10599e-06
6.20777e-06
9.25974e-06
1.36461e-05
1.98635e-05
2.85318e-05
4.03897e-05
5.62683e-05
7.70387e-05
0.000103535
0.00013646
0.000176297
0.000223242
0.000277201
0.000337795
0.000404409
0.000474293
0.000548474
0.000627378
0.000707555
0.000790068
0.000873825
0.000956469
0.00103903
0.00111962
0.0011983
0.00127446
0.0013476
0.00141713
0.00148309
0.00154567
0.00160415
0.00165877
0.0017094
0.00175609
0.00179792
0.00183438
0.00186459
0.00188432
0.00188881
0.00186828
0.00180915
0.00169392
0.00150868
0.00125258
0.000946942
0.000637091
0.000379588
0.000209698
0.000115164
6.30431e-05
3.42081e-05
1.80204e-05
9.37924e-06
4.74334e-06
2.31705e-06
1.08879e-06
4.9492e-07
2.28503e-07
1.21325e-07
7.70731e-08
5.51817e-08
4.18171e-08
3.22412e-08
2.47166e-08
1.82978e-08
1.31231e-08
9.07285e-09
6.03561e-09
3.86715e-09
2.39438e-09
1.43914e-09
8.43631e-10
4.84307e-10
2.73159e-10
1.51743e-10
8.31789e-11
4.50573e-11
2.41481e-11
1.28177e-11
6.74422e-12
3.52029e-12
1.82386e-12
9.3812e-13
4.7881e-13
2.42039e-13
1.20596e-13
5.85619e-14
2.69761e-14
1.09218e-14
2.51534e-15
1.51199e-08
5.85934e-08
1.24941e-07
2.29741e-07
3.95092e-07
6.54951e-07
1.06131e-06
1.69301e-06
2.66485e-06
4.10043e-06
6.1991e-06
9.24677e-06
1.36272e-05
1.98366e-05
2.84943e-05
4.03386e-05
5.61999e-05
7.69504e-05
0.000103423
0.000136324
0.000176137
0.000223066
0.000277014
0.000337602
0.00040422
0.000474114
0.000548312
0.000627236
0.000707452
0.000790005
0.00087382
0.000956527
0.00103916
0.00111982
0.00119858
0.00127482
0.00134804
0.00141765
0.00148368
0.00154634
0.00160489
0.00165958
0.00171027
0.00175701
0.0017989
0.0018354
0.00186558
0.00188524
0.00188953
0.0018686
0.00180876
0.00169242
0.00150576
0.00124823
0.000941623
0.00063182
0.000375499
0.000207249
0.000113879
6.2321e-05
3.37965e-05
1.78019e-05
9.25752e-06
4.6766e-06
2.28157e-06
1.07063e-06
4.86148e-07
2.2519e-07
1.20183e-07
7.66812e-08
5.50244e-08
4.17289e-08
3.21672e-08
2.46376e-08
1.82025e-08
1.30317e-08
8.9952e-09
5.97522e-09
3.82389e-09
2.36544e-09
1.42081e-09
8.32514e-10
4.77786e-10
2.69435e-10
1.49661e-10
8.20351e-11
4.4438e-11
2.38169e-11
1.26424e-11
6.6524e-12
3.47267e-12
1.79939e-12
9.2564e-13
4.72494e-13
2.3887e-13
1.19027e-13
5.78039e-14
2.66281e-14
1.07811e-14
2.48298e-15
1.51073e-08
5.85448e-08
1.24838e-07
2.29551e-07
3.94767e-07
6.54415e-07
1.06045e-06
1.69164e-06
2.66243e-06
4.09638e-06
6.19276e-06
9.23725e-06
1.36133e-05
1.98167e-05
2.84662e-05
4.02997e-05
5.61487e-05
7.68842e-05
0.000103343
0.000136228
0.000176025
0.00022294
0.000276879
0.000337465
0.000404087
0.00047399
0.000548207
0.000627145
0.000707392
0.000789975
0.000873834
0.000956587
0.00103927
0.00111998
0.00119881
0.0012751
0.00134839
0.00141805
0.00148414
0.00154685
0.00160545
0.00166019
0.00171094
0.0017577
0.00179962
0.00183614
0.00186629
0.00188591
0.00189005
0.00186883
0.00180845
0.0016913
0.0015036
0.00124498
0.000937675
0.000627914
0.000372478
0.000205463
0.000112929
6.17868e-05
3.34927e-05
1.76414e-05
9.16847e-06
4.62824e-06
2.25593e-06
1.05759e-06
4.79985e-07
2.22721e-07
1.1934e-07
7.63942e-08
5.49087e-08
4.16621e-08
3.21099e-08
2.45781e-08
1.814e-08
1.29729e-08
8.94469e-09
5.93536e-09
3.79481e-09
2.34562e-09
1.40806e-09
8.24676e-10
4.7314e-10
2.66759e-10
1.48155e-10
8.12042e-11
4.39874e-11
2.35765e-11
1.2516e-11
6.58664e-12
3.43863e-12
1.78185e-12
9.16653e-13
4.67926e-13
2.36572e-13
1.17887e-13
5.7252e-14
2.63744e-14
1.06785e-14
2.45935e-15
1.50993e-08
5.85139e-08
1.24772e-07
2.29431e-07
3.94561e-07
6.54075e-07
1.0599e-06
1.69078e-06
2.66089e-06
4.09379e-06
6.18869e-06
9.23117e-06
1.36044e-05
1.9804e-05
2.84485e-05
4.02756e-05
5.61169e-05
7.68434e-05
0.000103292
0.000136168
0.000175955
0.000222862
0.000276796
0.000337381
0.000404006
0.000473916
0.000548143
0.000627093
0.000707359
0.000789963
0.000873851
0.000956636
0.00103936
0.0011201
0.00119897
0.0012753
0.00134862
0.00141832
0.00148445
0.00154721
0.00160584
0.00166061
0.00171139
0.00175817
0.0018001
0.00183663
0.00186676
0.00188634
0.0018904
0.00186898
0.00180826
0.00169057
0.00150218
0.00124287
0.000935098
0.00062537
0.000370527
0.000204322
0.000112296
6.14317e-05
3.32919e-05
1.75356e-05
9.11007e-06
4.5966e-06
2.23926e-06
1.04915e-06
4.75986e-07
2.21115e-07
1.18792e-07
7.62066e-08
5.48332e-08
4.16188e-08
3.20729e-08
2.45404e-08
1.81015e-08
1.29363e-08
8.91341e-09
5.91073e-09
3.77675e-09
2.3332e-09
1.39999e-09
8.19685e-10
4.70166e-10
2.65039e-10
1.47184e-10
8.06667e-11
4.36947e-11
2.34192e-11
1.24324e-11
6.5427e-12
3.41582e-12
1.77013e-12
9.10691e-13
4.64913e-13
2.35062e-13
1.1714e-13
5.6891e-14
2.62086e-14
1.06115e-14
2.44392e-15
1.50954e-08
5.84989e-08
1.2474e-07
2.29373e-07
3.94462e-07
6.53911e-07
1.05964e-06
1.69036e-06
2.66015e-06
4.09254e-06
6.18675e-06
9.22825e-06
1.36001e-05
1.97979e-05
2.844e-05
4.02641e-05
5.61018e-05
7.68239e-05
0.000103268
0.000136138
0.000175921
0.000222824
0.000276755
0.00033734
0.000403966
0.00047388
0.000548114
0.000627069
0.000707345
0.00078996
0.000873862
0.000956663
0.0010394
0.00112017
0.00119905
0.0012754
0.00134875
0.00141846
0.00148461
0.00154738
0.00160604
0.00166082
0.00171161
0.0017584
0.00180035
0.00183688
0.001867
0.00188656
0.00189057
0.00186905
0.00180816
0.00169021
0.00150148
0.00124184
0.000933828
0.00062412
0.000369569
0.000203763
0.000111985
6.12571e-05
3.31928e-05
1.74832e-05
9.08119e-06
4.58096e-06
2.23104e-06
1.045e-06
4.74036e-07
2.20332e-07
1.18525e-07
7.61146e-08
5.47959e-08
4.15975e-08
3.20549e-08
2.45223e-08
1.80833e-08
1.29193e-08
8.89872e-09
5.8992e-09
3.76832e-09
2.32739e-09
1.39621e-09
8.17336e-10
4.68765e-10
2.64228e-10
1.46726e-10
8.04126e-11
4.35561e-11
2.33446e-11
1.23927e-11
6.52182e-12
3.40495e-12
1.76453e-12
9.07824e-13
4.63458e-13
2.3433e-13
1.16777e-13
5.67153e-14
2.61278e-14
1.05788e-14
2.43638e-15
1.50955e-08
5.84993e-08
1.24741e-07
2.29374e-07
3.94464e-07
6.53914e-07
1.05964e-06
1.69037e-06
2.66016e-06
4.09255e-06
6.18676e-06
9.22827e-06
1.36002e-05
1.9798e-05
2.84401e-05
4.02642e-05
5.61018e-05
7.6824e-05
0.000103268
0.000136138
0.000175921
0.000222824
0.000276756
0.00033734
0.000403967
0.000473881
0.000548114
0.000627069
0.000707346
0.000789961
0.000873863
0.000956665
0.0010394
0.00112017
0.00119905
0.0012754
0.00134875
0.00141847
0.00148461
0.00154739
0.00160604
0.00166082
0.00171161
0.00175841
0.00180035
0.00183688
0.00186701
0.00188656
0.00189057
0.00186905
0.00180816
0.00169021
0.00150147
0.00124182
0.000933818
0.000624112
0.000369565
0.000203761
0.000111984
6.12566e-05
3.31926e-05
1.7483e-05
9.0811e-06
4.58092e-06
2.23102e-06
1.045e-06
4.74037e-07
2.20332e-07
1.18524e-07
7.61137e-08
5.47951e-08
4.15968e-08
3.20544e-08
2.45219e-08
1.80831e-08
1.29191e-08
8.89861e-09
5.89913e-09
3.76828e-09
2.32737e-09
1.39619e-09
8.1733e-10
4.68762e-10
2.64226e-10
1.46725e-10
8.04124e-11
4.35561e-11
2.33446e-11
1.23928e-11
6.52185e-12
3.40497e-12
1.76454e-12
9.07829e-13
4.63462e-13
2.34332e-13
1.16778e-13
5.67159e-14
2.61281e-14
1.05789e-14
2.43641e-15
1.50995e-08
5.85149e-08
1.24774e-07
2.29435e-07
3.94567e-07
6.54085e-07
1.05992e-06
1.6908e-06
2.66092e-06
4.09383e-06
6.18874e-06
9.23123e-06
1.36045e-05
1.98041e-05
2.84486e-05
4.02757e-05
5.61171e-05
7.68436e-05
0.000103293
0.000136168
0.000175956
0.000222863
0.000276796
0.000337381
0.000404006
0.000473917
0.000548145
0.000627094
0.000707361
0.000789965
0.000873853
0.000956639
0.00103936
0.00112011
0.00119897
0.0012753
0.00134863
0.00141833
0.00148446
0.00154721
0.00160585
0.00166062
0.0017114
0.00175818
0.00180012
0.00183664
0.00186677
0.00188635
0.0018904
0.00186898
0.00180826
0.00169057
0.00150217
0.00124286
0.000935083
0.000625356
0.000370517
0.000204317
0.000112294
6.14305e-05
3.32913e-05
1.75353e-05
9.10992e-06
4.59654e-06
2.23924e-06
1.04915e-06
4.75995e-07
2.21117e-07
1.18791e-07
7.62041e-08
5.48308e-08
4.16168e-08
3.20713e-08
2.45392e-08
1.81007e-08
1.29358e-08
8.91308e-09
5.91053e-09
3.77664e-09
2.33314e-09
1.39996e-09
8.19669e-10
4.70158e-10
2.65035e-10
1.47183e-10
8.06663e-11
4.36947e-11
2.34192e-11
1.24325e-11
6.54277e-12
3.41587e-12
1.77016e-12
9.10706e-13
4.64922e-13
2.35067e-13
1.17143e-13
5.68925e-14
2.62094e-14
1.06118e-14
2.44399e-15
1.51077e-08
5.85463e-08
1.24841e-07
2.29557e-07
3.94776e-07
6.54429e-07
1.06047e-06
1.69168e-06
2.66247e-06
4.09643e-06
6.19282e-06
9.23733e-06
1.36134e-05
1.98168e-05
2.84664e-05
4.02999e-05
5.6149e-05
7.68846e-05
0.000103343
0.000136229
0.000176026
0.000222941
0.00027688
0.000337467
0.000404089
0.000473992
0.000548209
0.000627148
0.000707394
0.000789978
0.000873837
0.000956591
0.00103928
0.00111999
0.00119881
0.00127511
0.0013484
0.00141806
0.00148415
0.00154687
0.00160547
0.00166021
0.00171095
0.00175772
0.00179964
0.00183615
0.0018663
0.00188591
0.00189006
0.00186883
0.00180845
0.00169129
0.00150358
0.00124496
0.000937647
0.000627889
0.000372461
0.000205454
0.000112924
6.17843e-05
3.34914e-05
1.76409e-05
9.16818e-06
4.62812e-06
2.25588e-06
1.05757e-06
4.79977e-07
2.22715e-07
1.19334e-07
7.63889e-08
5.49045e-08
4.16588e-08
3.21073e-08
2.45762e-08
1.81387e-08
1.29721e-08
8.94416e-09
5.93505e-09
3.79463e-09
2.34553e-09
1.40801e-09
8.24654e-10
4.7313e-10
2.66754e-10
1.48153e-10
8.12037e-11
4.39874e-11
2.35766e-11
1.25162e-11
6.58678e-12
3.43873e-12
1.78191e-12
9.16691e-13
4.67947e-13
2.36583e-13
1.17893e-13
5.72549e-14
2.63758e-14
1.06791e-14
2.45948e-15
1.51204e-08
5.85952e-08
1.24944e-07
2.29747e-07
3.95103e-07
6.54969e-07
1.06134e-06
1.69305e-06
2.6649e-06
4.1005e-06
6.19919e-06
9.24689e-06
1.36273e-05
1.98368e-05
2.84946e-05
4.0339e-05
5.62004e-05
7.6951e-05
0.000103424
0.000136325
0.000176138
0.000223068
0.000277016
0.000337604
0.000404222
0.000474117
0.000548316
0.000627239
0.000707456
0.000790009
0.000873825
0.000956532
0.00103917
0.00111982
0.00119859
0.00127482
0.00134805
0.00141765
0.00148369
0.00154635
0.0016049
0.00165959
0.00171029
0.00175703
0.00179891
0.00183541
0.00186559
0.00188525
0.00188954
0.00186861
0.00180875
0.00169241
0.00150574
0.0012482
0.000941604
0.000631794
0.000375478
0.000207238
0.000113873
6.2318e-05
3.3795e-05
1.78013e-05
9.25724e-06
4.67649e-06
2.28153e-06
1.07063e-06
4.86146e-07
2.25186e-07
1.20176e-07
7.66745e-08
5.50187e-08
4.17242e-08
3.21636e-08
2.4635e-08
1.82007e-08
1.30305e-08
8.99445e-09
5.97478e-09
3.82365e-09
2.36531e-09
1.42074e-09
8.32481e-10
4.77771e-10
2.69428e-10
1.49658e-10
8.20342e-11
4.44378e-11
2.38169e-11
1.26424e-11
6.65245e-12
3.47271e-12
1.79941e-12
9.25656e-13
4.72504e-13
2.38876e-13
1.19031e-13
5.78058e-14
2.6629e-14
1.07815e-14
2.48306e-15
1.51379e-08
5.86627e-08
1.25088e-07
2.3001e-07
3.95555e-07
6.55717e-07
1.06255e-06
1.69496e-06
2.66825e-06
4.10608e-06
6.20789e-06
9.2599e-06
1.36463e-05
1.98638e-05
2.85322e-05
4.03902e-05
5.62689e-05
7.70394e-05
0.000103536
0.000136461
0.000176298
0.000223243
0.000277203
0.000337797
0.000404412
0.000474297
0.000548478
0.000627382
0.00070756
0.000790074
0.000873831
0.000956476
0.00103904
0.00111962
0.00119831
0.00127447
0.00134761
0.00141714
0.00148309
0.00154568
0.00160416
0.00165877
0.00170941
0.00175609
0.00179792
0.00183439
0.00186459
0.00188433
0.00188881
0.00186828
0.00180915
0.0016939
0.00150865
0.00125253
0.000946896
0.000637048
0.000379557
0.000209681
0.000115155
6.30386e-05
3.42059e-05
1.80194e-05
9.37876e-06
4.74315e-06
2.31698e-06
1.08876e-06
4.94909e-07
2.28492e-07
1.21314e-07
7.70637e-08
5.51741e-08
4.18112e-08
3.22366e-08
2.47132e-08
1.82954e-08
1.31216e-08
9.07188e-09
6.03503e-09
3.86682e-09
2.3942e-09
1.43904e-09
8.43584e-10
4.84285e-10
2.73149e-10
1.51739e-10
8.31772e-11
4.50567e-11
2.41478e-11
1.28176e-11
6.74416e-12
3.52025e-12
1.82383e-12
9.381e-13
4.78799e-13
2.42033e-13
1.20593e-13
5.85604e-14
2.69754e-14
1.09215e-14
2.51528e-15
1.51606e-08
5.87502e-08
1.25274e-07
2.30353e-07
3.96144e-07
6.56695e-07
1.06414e-06
1.6975e-06
2.67262e-06
4.11333e-06
6.21918e-06
9.27681e-06
1.3671e-05
1.98992e-05
2.85817e-05
4.04578e-05
5.63613e-05
7.7156e-05
0.000103684
0.000136643
0.000176504
0.000223474
0.000277453
0.000338058
0.000404673
0.000474548
0.000548706
0.000627589
0.000707723
0.000790191
0.000873876
0.000956442
0.00103892
0.00111941
0.001198
0.00127404
0.00134706
0.00141649
0.00148235
0.00154483
0.00160322
0.00165774
0.0017083
0.00175492
0.00179668
0.00183308
0.00186326
0.00188308
0.00188782
0.0018678
0.00180959
0.00169574
0.00151227
0.001258
0.000953596
0.000643707
0.000384739
0.000212791
0.000116786
6.39522e-05
3.47239e-05
1.83057e-05
9.54192e-06
4.83334e-06
2.36533e-06
1.11367e-06
5.07171e-07
2.32873e-07
1.22839e-07
7.7594e-08
5.53829e-08
4.19117e-08
3.22917e-08
2.47195e-08
1.85347e-08
1.32887e-08
9.19189e-09
6.11954e-09
3.92426e-09
2.4316e-09
1.46241e-09
8.57674e-10
4.92532e-10
2.77862e-10
1.54377e-10
8.46291e-11
4.58434e-11
2.45686e-11
1.30401e-11
6.86078e-12
3.58086e-12
1.85511e-12
9.541e-13
4.86905e-13
2.46097e-13
1.22602e-13
5.95299e-14
2.742e-14
1.11011e-14
2.55667e-15
1.51888e-08
5.88591e-08
1.25505e-07
2.30777e-07
3.96872e-07
6.579e-07
1.06608e-06
1.70057e-06
2.67803e-06
4.12238e-06
6.23336e-06
9.29812e-06
1.37022e-05
1.99439e-05
2.86445e-05
4.05439e-05
5.64758e-05
7.73106e-05
0.000103875
0.00013686
0.000176755
0.00022376
0.000277773
0.000338399
0.00040502
0.00047489
0.00054903
0.0006279
0.000707978
0.00079039
0.000873989
0.000956461
0.00103883
0.0011192
0.00119767
0.00127359
0.00134648
0.00141577
0.0014815
0.00154385
0.00160212
0.00165655
0.001707
0.00175356
0.00179529
0.00183173
0.0018614
0.0018814
0.00188648
0.00186712
0.00181005
0.00169792
0.00151668
0.00126468
0.000961781
0.000651896
0.00039116
0.000216653
0.000118801
6.50398e-05
3.52516e-05
1.87889e-05
9.79769e-06
4.96739e-06
2.43411e-06
1.14806e-06
5.23778e-07
2.38847e-07
1.2494e-07
7.83294e-08
5.56844e-08
4.208e-08
3.24328e-08
2.48045e-08
1.86556e-08
1.34149e-08
9.30311e-09
6.20757e-09
3.98821e-09
2.47487e-09
1.49005e-09
8.74538e-10
5.02465e-10
2.83552e-10
1.57566e-10
8.63834e-11
4.67943e-11
2.50777e-11
1.33101e-11
7.0029e-12
3.65545e-12
1.89441e-12
9.74303e-13
4.97001e-13
2.51108e-13
1.25061e-13
6.07095e-14
2.79588e-14
1.13182e-14
2.60657e-15
1.52233e-08
5.89921e-08
1.25788e-07
2.31296e-07
3.97765e-07
6.59379e-07
1.06847e-06
1.70437e-06
2.68469e-06
4.13353e-06
6.25088e-06
9.32458e-06
1.37412e-05
2.00001e-05
2.8724e-05
4.06548e-05
5.6619e-05
7.74887e-05
0.000104096
0.000137132
0.000177082
0.000224143
0.000278182
0.00033884
0.000405475
0.000475345
0.000549466
0.000628319
0.000708343
0.000790698
0.000874197
0.000956561
0.0010388
0.00111904
0.00119737
0.00127313
0.00134584
0.00141498
0.00148055
0.00154272
0.00160084
0.00165513
0.00170548
0.00175195
0.00179357
0.0018299
0.00185949
0.00187955
0.00188493
0.00186625
0.00181043
0.00170026
0.00152157
0.00127225
0.000971304
0.000661588
0.000398897
0.000221427
0.000121289
6.64278e-05
3.60301e-05
1.92385e-05
1.00524e-05
5.10549e-06
2.508e-06
1.18625e-06
5.42829e-07
2.45858e-07
1.27363e-07
7.91536e-08
5.60039e-08
4.22577e-08
3.25856e-08
2.48931e-08
1.87635e-08
1.35302e-08
9.4095e-09
6.29554e-09
4.05448e-09
2.52102e-09
1.5202e-09
8.93269e-10
5.1365e-10
2.90026e-10
1.61222e-10
8.84071e-11
4.78959e-11
2.56694e-11
1.36249e-11
7.16868e-12
3.74145e-12
1.93738e-12
9.95922e-13
5.07975e-13
2.56628e-13
1.278e-13
6.2036e-14
2.85688e-14
1.15649e-14
2.66339e-15
1.52649e-08
5.91526e-08
1.2613e-07
2.31925e-07
3.98849e-07
6.61183e-07
1.07141e-06
1.70907e-06
2.69281e-06
4.14706e-06
6.27221e-06
9.35704e-06
1.37897e-05
2.00689e-05
2.88167e-05
4.07719e-05
5.67738e-05
7.76971e-05
0.000104369
0.000137489
0.000177498
0.000224608
0.000278726
0.000339414
0.000406069
0.000475947
0.000550054
0.000628897
0.000708862
0.000791157
0.000874543
0.000956783
0.00103887
0.00111896
0.00119711
0.00127269
0.00134519
0.00141414
0.00147952
0.00154151
0.00159945
0.00165355
0.00170369
0.00174998
0.00179145
0.00182766
0.00185721
0.00187738
0.00188307
0.00186511
0.00181064
0.00170262
0.00152684
0.00128066
0.000982118
0.000672884
0.000408048
0.000227127
0.00012425
6.80902e-05
3.69703e-05
1.97704e-05
1.03534e-05
5.26193e-06
2.59216e-06
1.22986e-06
5.64543e-07
2.53949e-07
1.30186e-07
8.00786e-08
5.63488e-08
4.24407e-08
3.27422e-08
2.49843e-08
1.8877e-08
1.36509e-08
9.52219e-09
6.38984e-09
4.12631e-09
2.57156e-09
1.55352e-09
9.14122e-10
5.26182e-10
2.97319e-10
1.65356e-10
9.07004e-11
4.91436e-11
2.63351e-11
1.39719e-11
7.34585e-12
3.83059e-12
1.98296e-12
1.01939e-12
5.20095e-13
2.62801e-13
1.30888e-13
6.35391e-14
2.92623e-14
1.18461e-14
2.72818e-15
1.53141e-08
5.93426e-08
1.26534e-07
2.3267e-07
4.00135e-07
6.63326e-07
1.0749e-06
1.71468e-06
2.70229e-06
4.16293e-06
6.29658e-06
9.39214e-06
1.38371e-05
2.01347e-05
2.89105e-05
4.09099e-05
5.69694e-05
7.79598e-05
0.000104719
0.000137908
0.000178001
0.000225188
0.000279362
0.000340107
0.000406816
0.000476722
0.000550828
0.000629674
0.00070958
0.000791815
0.000875076
0.000957179
0.0010391
0.00111901
0.00119697
0.00127232
0.00134457
0.00141328
0.00147843
0.00154013
0.00159785
0.00165175
0.00170171
0.00174783
0.00178912
0.00182519
0.00185467
0.00187487
0.00188087
0.00186365
0.00181063
0.00170502
0.00153253
0.00128996
0.000994209
0.000685567
0.000418555
0.000233834
0.000127804
7.01117e-05
3.81206e-05
2.04217e-05
1.072e-05
5.45249e-06
2.69491e-06
1.28364e-06
5.9135e-07
2.64171e-07
1.33776e-07
8.12694e-08
5.67854e-08
4.26621e-08
3.29236e-08
2.50905e-08
1.90025e-08
1.37852e-08
9.64933e-09
6.49668e-09
4.20776e-09
2.62889e-09
1.59134e-09
9.37819e-10
5.40436e-10
3.05623e-10
1.70071e-10
9.33198e-11
5.05735e-11
2.71046e-11
1.43821e-11
7.56289e-12
3.94496e-12
2.04253e-12
1.04978e-12
5.35429e-13
2.70427e-13
1.34623e-13
6.53284e-14
3.00795e-14
1.21754e-14
2.80384e-15
1.53708e-08
5.95623e-08
1.27005e-07
2.33543e-07
4.01648e-07
6.65848e-07
1.07899e-06
1.72111e-06
2.7121e-06
4.1779e-06
6.31939e-06
9.42692e-06
1.38912e-05
2.02172e-05
2.90328e-05
4.10844e-05
5.72076e-05
7.82734e-05
0.000105111
0.00013841
0.000178653
0.00022594
0.0002802
0.000341058
0.000407799
0.000477735
0.000551846
0.000630707
0.000710556
0.000792729
0.000875848
0.000957802
0.00103953
0.00111924
0.00119698
0.00127208
0.00134402
0.00141247
0.00147735
0.00153876
0.00159622
0.00164987
0.00169957
0.00174546
0.00178651
0.0018224
0.00185175
0.00187197
0.00187822
0.00186174
0.00181022
0.00170713
0.00153819
0.00129966
0.00100719
0.000699507
0.000430149
0.000240895
0.000132556
7.27419e-05
3.95793e-05
2.12372e-05
1.11394e-05
5.70074e-06
2.82544e-06
1.35032e-06
6.24349e-07
2.77035e-07
1.38374e-07
8.28097e-08
5.73481e-08
4.29288e-08
3.31179e-08
2.52327e-08
1.9159e-08
1.39456e-08
9.79734e-09
6.6211e-09
4.30342e-09
2.69669e-09
1.63619e-09
9.6592e-10
5.57311e-10
3.15427e-10
1.75619e-10
9.63915e-11
5.22439e-11
2.79991e-11
1.48545e-11
7.80895e-12
4.07085e-12
2.10574e-12
1.08149e-12
5.5132e-13
2.78445e-13
1.38647e-13
6.7295e-14
3.09882e-14
1.25439e-14
2.88867e-15
1.54274e-08
5.97794e-08
1.27463e-07
2.34379e-07
4.03082e-07
6.68235e-07
1.08291e-06
1.72754e-06
2.72272e-06
4.19612e-06
6.34891e-06
9.47305e-06
1.39614e-05
2.03212e-05
2.91823e-05
4.12935e-05
5.74935e-05
7.86554e-05
0.000105608
0.000139059
0.0001794
0.000226889
0.00028128
0.000342161
0.000408995
0.000479004
0.000553155
0.000632061
0.000711864
0.000793971
0.000876885
0.000958681
0.00104021
0.0011197
0.00119721
0.001272
0.0013436
0.00141173
0.00147629
0.00153732
0.00159444
0.00164773
0.00169713
0.00174272
0.00178349
0.00181909
0.0018483
0.00186849
0.00187498
0.00185926
0.00180929
0.00170893
0.00154392
0.00130992
0.00102137
0.000715195
0.000443685
0.000249763
0.000137553
7.55682e-05
4.11983e-05
2.21793e-05
1.162e-05
5.96711e-06
2.96901e-06
1.42503e-06
6.61471e-07
2.92497e-07
1.43955e-07
8.4654e-08
5.79951e-08
4.32157e-08
3.3319e-08
2.54394e-08
1.93707e-08
1.41503e-08
9.97864e-09
6.76851e-09
4.414e-09
2.77389e-09
1.68688e-09
9.97544e-10
5.76253e-10
3.2641e-10
1.81823e-10
9.98216e-11
5.41061e-11
2.89951e-11
1.53807e-11
8.08445e-12
4.21458e-12
2.18103e-12
1.12124e-12
5.7173e-13
2.88682e-13
1.43668e-13
6.9687e-14
3.20651e-14
1.2974e-14
2.98694e-15
1.54958e-08
6.00441e-08
1.28029e-07
2.35428e-07
4.04912e-07
6.71328e-07
1.08804e-06
1.73597e-06
2.73639e-06
4.22012e-06
6.38642e-06
9.53024e-06
1.40465e-05
2.04451e-05
2.93597e-05
4.15422e-05
5.78332e-05
7.91066e-05
0.000106187
0.000139755
0.000180262
0.000227869
0.000282466
0.000343611
0.000410534
0.000480583
0.000554829
0.000633858
0.000713689
0.000795906
0.000878014
0.000959813
0.00104118
0.00112047
0.00119771
0.00127215
0.00134333
0.00141121
0.00147537
0.00153591
0.00159265
0.00164554
0.00169448
0.00173967
0.00178006
0.00181536
0.00184422
0.0018643
0.00187097
0.001856
0.00180769
0.00171021
0.00154941
0.00132049
0.00103651
0.000732427
0.000458999
0.000260057
0.00014329
7.87974e-05
4.30246e-05
2.32184e-05
1.21668e-05
6.27072e-06
3.1334e-06
1.51161e-06
7.04602e-07
3.11641e-07
1.51038e-07
8.69693e-08
5.87527e-08
4.34889e-08
3.34299e-08
2.58199e-08
1.96851e-08
1.44208e-08
1.02035e-08
6.94423e-09
4.54212e-09
2.86139e-09
1.74332e-09
1.03227e-09
5.96835e-10
3.38251e-10
1.88473e-10
1.03485e-10
5.60912e-11
3.00554e-11
1.594e-11
8.37639e-12
4.36545e-12
2.25807e-12
1.15966e-12
5.90913e-13
2.98224e-13
1.48371e-13
7.19619e-14
3.31215e-14
1.34021e-14
3.08545e-15
1.55721e-08
6.03403e-08
1.28668e-07
2.36625e-07
4.07024e-07
6.74943e-07
1.09413e-06
1.74613e-06
2.75329e-06
4.24768e-06
6.43354e-06
9.60556e-06
1.41627e-05
2.06196e-05
2.96151e-05
4.19062e-05
5.8336e-05
7.97794e-05
0.000107055
0.000140829
0.000181577
0.000229394
0.000284128
0.000345364
0.000412481
0.000482788
0.000557112
0.000636223
0.000716111
0.000798309
0.00088006
0.000961661
0.00104271
0.00112172
0.00119864
0.00127266
0.00134341
0.00141084
0.00147451
0.0015345
0.00159114
0.00164351
0.00169197
0.00173667
0.00177668
0.00181163
0.00184024
0.00186028
0.00186705
0.00185267
0.00180582
0.00171113
0.00155465
0.0013311
0.00105223
0.00075085
0.000475862
0.000271711
0.000149783
8.24542e-05
4.51035e-05
2.4401e-05
1.28142e-05
6.6277e-06
3.32803e-06
1.61357e-06
7.56168e-07
3.3573e-07
1.60064e-07
8.98871e-08
5.97124e-08
4.38529e-08
3.36542e-08
2.60615e-08
1.99602e-08
1.46994e-08
1.04567e-08
7.15247e-09
4.69836e-09
2.96939e-09
1.81303e-09
1.07489e-09
6.21831e-10
3.52453e-10
1.96348e-10
1.07768e-10
5.83833e-11
3.12658e-11
1.65718e-11
8.70254e-12
4.53197e-12
2.34185e-12
1.20075e-12
6.11222e-13
3.08238e-13
1.53261e-13
7.43053e-14
3.41966e-14
1.3839e-14
3.18626e-15
1.56429e-08
6.06161e-08
1.29264e-07
2.37741e-07
4.08982e-07
6.78248e-07
1.09955e-06
1.75472e-06
2.76633e-06
4.26858e-06
6.46565e-06
9.65611e-06
1.4241e-05
2.07383e-05
2.97915e-05
4.21628e-05
5.87002e-05
8.02843e-05
0.000107738
0.000141732
0.000182694
0.000230744
0.000285677
0.000347157
0.000414519
0.000485043
0.000559607
0.000638838
0.000718762
0.000800962
0.000882672
0.000964242
0.00104469
0.00112348
0.0012001
0.00127368
0.00134395
0.00141091
0.00147409
0.00153357
0.00158974
0.00164161
0.00168958
0.00173376
0.00177323
0.00180796
0.00183614
0.001856
0.00186274
0.0018489
0.00180349
0.00171161
0.00155951
0.00134153
0.00106812
0.000769979
0.000493866
0.000284517
0.000156918
8.64725e-05
4.73792e-05
2.56952e-05
1.35312e-05
7.02848e-06
3.54471e-06
1.72627e-06
8.0863e-07
3.67193e-07
1.72007e-07
9.38084e-08
6.09562e-08
4.42969e-08
3.38912e-08
2.62892e-08
2.02062e-08
1.49655e-08
1.07111e-08
7.36952e-09
4.86555e-09
3.08726e-09
1.89017e-09
1.12244e-09
6.4981e-10
3.68346e-10
2.05135e-10
1.12525e-10
6.09154e-11
3.2595e-11
1.72613e-11
9.0564e-12
4.71167e-12
2.43205e-12
1.24586e-12
6.33464e-13
3.19201e-13
1.58656e-13
7.69131e-14
3.53922e-14
1.43215e-14
3.29723e-15
1.56899e-08
6.07976e-08
1.29652e-07
2.38461e-07
4.10245e-07
6.80414e-07
1.10323e-06
1.76103e-06
2.77732e-06
4.28667e-06
6.49406e-06
9.69884e-06
1.43057e-05
2.08369e-05
2.99406e-05
4.23851e-05
5.90252e-05
8.07508e-05
0.000108395
0.000142639
0.000183926
0.000232403
0.000287853
0.00034972
0.000417304
0.000487973
0.000562579
0.000641914
0.000721968
0.000804221
0.00088587
0.000967342
0.00104753
0.00112602
0.00120216
0.00127527
0.00134505
0.00141147
0.00147412
0.00153305
0.00158868
0.00164001
0.00168743
0.00173105
0.00177
0.00180428
0.001832
0.00185163
0.00185826
0.00184483
0.0018008
0.00171169
0.00156396
0.00135159
0.0010838
0.000789201
0.000512415
0.000298135
0.000164614
9.08028e-05
4.98309e-05
2.70804e-05
1.43009e-05
7.45799e-06
3.78284e-06
1.85447e-06
8.7542e-07
3.99446e-07
1.84572e-07
9.7888e-08
6.21277e-08
4.46276e-08
3.40315e-08
2.64345e-08
2.04066e-08
1.52107e-08
1.09605e-08
7.59042e-09
5.04028e-09
3.21281e-09
1.97341e-09
1.17419e-09
6.80396e-10
3.85736e-10
2.14729e-10
1.17694e-10
6.36495e-11
3.40194e-11
1.79946e-11
9.43051e-12
4.90143e-12
2.52825e-12
1.29476e-12
6.58126e-13
3.31472e-13
1.64656e-13
7.97715e-14
3.66876e-14
1.48402e-14
3.41631e-15
1.57124e-08
6.0885e-08
1.29839e-07
2.38813e-07
4.10882e-07
6.81561e-07
1.10534e-06
1.76497e-06
2.78481e-06
4.30101e-06
6.51938e-06
9.74147e-06
1.43734e-05
2.09444e-05
3.01091e-05
4.26438e-05
5.94108e-05
8.13067e-05
0.000109166
0.000143663
0.000185227
0.000233982
0.000289675
0.0003519
0.000419938
0.000491108
0.000566292
0.000645777
0.000725869
0.000808149
0.000889755
0.000971147
0.00105113
0.00112938
0.00120506
0.00127758
0.00134677
0.00141261
0.00147467
0.00153303
0.00158806
0.00163883
0.0016857
0.00172873
0.00176717
0.00180101
0.00182834
0.00184771
0.0018543
0.00184127
0.00179838
0.00171168
0.00156789
0.00136074
0.00109843
0.000807505
0.000530535
0.000311868
0.000172496
9.52417e-05
5.23668e-05
2.85618e-05
1.51517e-05
7.94562e-06
4.0488e-06
1.99717e-06
9.49528e-07
4.37348e-07
1.98444e-07
1.0233e-07
6.32947e-08
4.48631e-08
3.40787e-08
2.65163e-08
2.04262e-08
1.54942e-08
1.12297e-08
7.82289e-09
5.22183e-09
3.34187e-09
2.05798e-09
1.22604e-09
7.10595e-10
4.02652e-10
2.23933e-10
1.22593e-10
6.62137e-11
3.53447e-11
1.8673e-11
9.77543e-12
5.07599e-12
2.61636e-12
1.33916e-12
6.80433e-13
3.42604e-13
1.70141e-13
8.24098e-14
3.78932e-14
1.53255e-14
3.52793e-15
1.57094e-08
6.0873e-08
1.29813e-07
2.38766e-07
4.10817e-07
6.81529e-07
1.10551e-06
1.76582e-06
2.78737e-06
4.30661e-06
6.53239e-06
9.77068e-06
1.44361e-05
2.10602e-05
3.03051e-05
4.29501e-05
5.98752e-05
8.19859e-05
0.000110119
0.00014494
0.000186855
0.000235949
0.000292107
0.000354709
0.000423019
0.00049451
0.000569975
0.000649617
0.000730002
0.000812459
0.000894139
0.00097549
0.00105531
0.00113325
0.00120837
0.00128035
0.00134898
0.00141421
0.00147568
0.00153346
0.00158789
0.00163809
0.00168441
0.0017269
0.00176482
0.0017982
0.00182509
0.00184409
0.00185059
0.00183786
0.001796
0.00171142
0.00157111
0.00136865
0.00111115
0.000823743
0.00054708
0.00032484
0.000180215
9.94045e-05
5.47113e-05
2.98349e-05
1.60189e-05
8.43096e-06
4.30694e-06
2.13711e-06
1.02284e-06
4.73827e-07
2.12442e-07
1.06953e-07
6.45167e-08
4.50773e-08
3.4085e-08
2.65628e-08
2.04723e-08
1.56433e-08
1.14315e-08
8.02568e-09
5.39374e-09
3.47041e-09
2.14491e-09
1.28033e-09
7.42472e-10
4.2051e-10
2.33587e-10
1.27674e-10
6.88324e-11
3.66729e-11
1.93384e-11
1.01058e-11
5.2392e-12
2.69688e-12
1.37905e-12
7.00394e-13
3.52475e-13
1.74953e-13
8.46982e-14
3.89275e-14
1.57377e-14
3.62199e-15
1.56752e-08
6.07344e-08
1.2949e-07
2.38114e-07
4.09596e-07
6.79373e-07
1.10193e-06
1.76029e-06
2.7796e-06
4.29588e-06
6.51988e-06
9.75986e-06
1.44332e-05
2.10805e-05
3.03757e-05
4.31189e-05
6.01862e-05
8.25063e-05
0.000110939
0.000146168
0.000188609
0.000238356
0.000295185
0.000358192
0.000426912
0.000498722
0.000574297
0.000654184
0.000734658
0.000816966
0.000898728
0.000980078
0.00105979
0.00113726
0.00121187
0.00128332
0.0013514
0.00141604
0.00147697
0.00153421
0.0015881
0.00163779
0.00168361
0.00172556
0.00176308
0.0017961
0.00182262
0.00184132
0.00184762
0.00183505
0.00179391
0.00171097
0.00157346
0.00137482
0.00112147
0.000836992
0.000560617
0.000335721
0.000186874
0.000102955
5.67311e-05
3.09918e-05
1.6695e-05
8.8227e-06
4.51963e-06
2.25429e-06
1.08484e-06
5.05265e-07
2.25796e-07
1.11539e-07
6.57112e-08
4.52699e-08
3.40365e-08
2.64846e-08
2.0632e-08
1.58079e-08
1.16098e-08
8.19232e-09
5.52972e-09
3.56884e-09
2.20928e-09
1.3191e-09
7.6437e-10
4.3229e-10
2.39696e-10
1.30758e-10
7.03683e-11
3.74375e-11
1.97076e-11
1.02817e-11
5.32284e-12
2.73684e-12
1.39807e-12
7.09162e-13
3.56717e-13
1.77056e-13
8.57361e-14
3.94187e-14
1.59419e-14
3.66999e-15
1.56699e-08
6.07119e-08
1.29428e-07
2.37948e-07
4.09192e-07
6.78509e-07
1.10029e-06
1.75749e-06
2.77545e-06
4.28941e-06
6.51224e-06
9.75473e-06
1.44386e-05
2.11129e-05
3.04656e-05
4.33194e-05
6.05883e-05
8.32071e-05
0.000112031
0.000147725
0.000190667
0.00024088
0.00029803
0.000361816
0.000431106
0.000503411
0.000579394
0.000659331
0.00073987
0.000821935
0.000903282
0.000984135
0.00106349
0.00114045
0.00121459
0.0012856
0.00135326
0.00141746
0.00147801
0.00153487
0.00158839
0.00163774
0.00168325
0.00172487
0.00176206
0.00179478
0.00182106
0.00183954
0.00184575
0.00183328
0.00179249
0.00171055
0.00157474
0.00137842
0.00112761
0.000845098
0.000569127
0.000342542
0.000191089
0.000105186
5.79952e-05
3.17155e-05
1.71126e-05
9.06468e-06
4.65368e-06
2.32883e-06
1.12573e-06
5.25922e-07
2.3504e-07
1.14748e-07
6.65738e-08
4.5413e-08
3.4024e-08
2.64909e-08
2.07182e-08
1.5956e-08
1.17837e-08
8.36179e-09
5.6722e-09
3.67388e-09
2.278e-09
1.35952e-09
7.86062e-10
4.43045e-10
2.44663e-10
1.32896e-10
7.12085e-11
3.7719e-11
1.98007e-11
1.03131e-11
5.33451e-12
2.74218e-12
1.40119e-12
7.11329e-13
3.58089e-13
1.77879e-13
8.62014e-14
3.96552e-14
1.60428e-14
3.69417e-15
)
;

boundaryField
{
    fuel
    {
        type            fixedValue;
        value           uniform 0;
    }
    air
    {
        type            fixedValue;
        value           uniform 0;
    }
    outlet
    {
        type            inletOutlet;
        inletValue      uniform 0;
        value           nonuniform List<scalar> 
200
(
1.56692e-08
6.07094e-08
1.29423e-07
2.37938e-07
4.09176e-07
6.78483e-07
1.10025e-06
1.75743e-06
2.77536e-06
4.28929e-06
6.51207e-06
9.75448e-06
1.44383e-05
2.11124e-05
3.0465e-05
4.33187e-05
6.05873e-05
8.32059e-05
0.000112029
0.000147723
0.000190665
0.000240878
0.000298028
0.000361813
0.000431103
0.000503407
0.00057939
0.000659327
0.000739865
0.000821929
0.000903275
0.000984128
0.00106348
0.00114044
0.00121458
0.00128559
0.00135325
0.00141745
0.00147799
0.00153486
0.00158838
0.00163772
0.00168322
0.00172482
0.00176201
0.00179475
0.00182104
0.00183953
0.00184574
0.00183327
0.00179248
0.00171054
0.00157471
0.00137838
0.00112757
0.000845061
0.000569094
0.000342517
0.000191074
0.000105178
5.7991e-05
3.17132e-05
1.71114e-05
9.06404e-06
4.65336e-06
2.32871e-06
1.12569e-06
5.25903e-07
2.35032e-07
1.14745e-07
6.65741e-08
4.54149e-08
3.40264e-08
2.64926e-08
2.07192e-08
1.59564e-08
1.17837e-08
8.36163e-09
5.67202e-09
3.67374e-09
2.27791e-09
1.35947e-09
7.86039e-10
4.43033e-10
2.44657e-10
1.32893e-10
7.12066e-11
3.77179e-11
1.98001e-11
1.03127e-11
5.33431e-12
2.74207e-12
1.40113e-12
7.11297e-13
3.58073e-13
1.77871e-13
8.61972e-14
3.96533e-14
1.6042e-14
3.69401e-15
1.56699e-08
6.07119e-08
1.29428e-07
2.37948e-07
4.09192e-07
6.78509e-07
1.10029e-06
1.75749e-06
2.77545e-06
4.28941e-06
6.51224e-06
9.75473e-06
1.44386e-05
2.11129e-05
3.04656e-05
4.33194e-05
6.05883e-05
8.32071e-05
0.000112031
0.000147725
0.000190667
0.00024088
0.00029803
0.000361816
0.000431106
0.000503411
0.000579394
0.000659331
0.00073987
0.000821935
0.000903282
0.000984135
0.00106349
0.00114045
0.00121459
0.0012856
0.00135326
0.00141746
0.00147801
0.00153487
0.00158839
0.00163774
0.00168325
0.00172487
0.00176206
0.00179478
0.00182106
0.00183954
0.00184575
0.00183328
0.00179249
0.00171055
0.00157474
0.00137842
0.00112761
0.000845098
0.000569127
0.000342542
0.000191089
0.000105186
5.79952e-05
3.17155e-05
1.71126e-05
9.06468e-06
4.65368e-06
2.32883e-06
1.12573e-06
5.25922e-07
2.3504e-07
1.14748e-07
6.65738e-08
4.5413e-08
3.4024e-08
2.64909e-08
2.07182e-08
1.5956e-08
1.17837e-08
8.36179e-09
5.6722e-09
3.67388e-09
2.278e-09
1.35952e-09
7.86062e-10
4.43045e-10
2.44663e-10
1.32896e-10
7.12085e-11
3.7719e-11
1.98007e-11
1.03131e-11
5.33451e-12
2.74218e-12
1.40119e-12
7.11329e-13
3.58089e-13
1.77879e-13
8.62014e-14
3.96552e-14
1.60428e-14
3.69417e-15
)
;
    }
    frontAndBack
    {
        type            empty;
    }
    internal
    {
        type            internal;
    }
}


// ************************************************************************* //
