/*--------------------------------*- C++ -*----------------------------------*\
  =========                 |
  \\      /  F ield         | OpenFOAM: The Open Source CFD Toolbox
   \\    /   O peration     | Website:  https://openfoam.org
    \\  /    A nd           | Version:  10
     \\/     M anipulation  |
\*---------------------------------------------------------------------------*/
FoamFile
{
    format      ascii;
    class       volScalarField;
    location    "1";
    object      CH;
}
// * * * * * * * * * * * * * * * * * * * * * * * * * * * * * * * * * * * * * //

dimensions      [0 0 0 0 0 0 0];

internalField   nonuniform List<scalar> 
4000
(
1.84227e-36
1.40548e-35
5.59502e-35
1.82442e-34
5.40136e-34
1.53065e-33
4.32866e-33
1.29281e-32
4.48265e-32
1.957e-31
1.09784e-30
7.2636e-30
5.1651e-29
3.74549e-28
2.7013e-27
1.9114e-26
1.31304e-25
8.67828e-25
5.47172e-24
3.2648e-23
1.83079e-22
9.59939e-22
4.69247e-21
2.13921e-20
9.08393e-20
3.54931e-19
1.31001e-18
4.61694e-18
1.52215e-17
4.81222e-17
1.44247e-16
4.15325e-16
1.1466e-15
3.03834e-15
7.75809e-15
1.91474e-14
4.58012e-14
1.06473e-13
2.40842e-13
5.31406e-13
1.15e-12
2.42309e-12
5.00701e-12
1.01674e-11
2.02559e-11
3.99558e-11
7.69714e-11
1.47437e-10
2.75766e-10
5.16131e-10
9.40302e-10
1.69023e-09
2.99532e-09
5.21344e-09
8.8608e-09
1.45518e-08
2.25977e-08
3.14911e-08
3.39158e-08
1.8765e-08
1.03942e-08
5.70796e-09
3.09126e-09
1.64278e-09
8.45656e-10
4.24054e-10
2.04978e-10
9.51049e-11
4.07816e-11
1.6803e-11
6.45879e-12
2.28748e-12
7.37746e-13
2.13604e-13
5.46699e-14
1.22847e-14
2.26854e-15
3.54782e-16
4.72228e-17
5.44467e-18
5.58719e-19
5.25888e-20
4.66426e-21
3.97962e-22
3.31313e-23
2.7159e-24
2.20422e-25
1.77156e-26
1.4182e-27
1.13224e-28
9.02229e-30
7.17994e-31
5.70846e-32
4.53547e-33
3.60197e-34
2.85997e-35
2.27163e-36
1.80444e-37
1.43591e-38
9.71555e-40
1.83958e-36
1.40348e-35
5.58771e-35
1.82247e-34
5.39666e-34
1.5291e-33
4.31936e-33
1.28552e-32
4.42302e-32
1.91073e-31
1.06139e-30
6.9765e-30
4.94026e-29
3.57141e-28
2.56907e-27
1.81366e-26
1.24347e-25
8.21646e-25
5.18567e-24
3.10033e-23
1.74355e-22
9.17492e-22
4.50319e-21
2.05706e-20
8.77527e-20
3.44141e-19
1.27514e-18
4.51798e-18
1.49479e-17
4.7484e-17
1.42777e-16
4.12442e-16
1.14193e-15
3.03911e-15
7.78725e-15
1.92792e-14
4.62462e-14
1.07821e-13
2.44444e-13
5.40522e-13
1.17227e-12
2.47471e-12
5.12315e-12
1.04275e-11
2.08025e-11
4.10601e-11
7.91453e-11
1.51785e-10
2.84035e-10
5.31992e-10
9.69024e-10
1.74249e-09
3.08932e-09
5.37814e-09
9.14223e-09
1.50093e-08
2.32744e-08
3.22806e-08
3.4341e-08
1.89685e-08
1.0475e-08
5.73282e-09
3.09281e-09
1.63638e-09
8.39042e-10
4.18554e-10
2.01089e-10
9.2745e-11
3.94605e-11
1.61337e-11
6.13684e-12
2.15372e-12
6.86575e-13
1.9618e-13
4.93094e-14
1.07932e-14
1.9432e-15
2.96265e-16
3.85201e-17
4.35538e-18
4.40446e-19
4.10469e-20
3.61823e-21
3.07642e-22
2.55684e-23
2.09477e-24
1.7007e-25
1.37834e-26
1.1118e-27
8.93663e-29
7.16408e-30
5.7312e-31
4.57732e-32
3.64426e-33
2.89986e-34
2.3068e-35
1.83396e-36
1.45858e-37
1.16253e-38
7.87862e-40
1.84222e-36
1.40566e-35
5.59803e-35
1.82638e-34
5.40914e-34
1.53232e-33
4.32376e-33
1.28302e-32
4.38725e-32
1.87999e-31
1.03667e-30
6.78204e-30
4.78902e-29
3.45361e-28
2.47896e-27
1.74655e-26
1.19683e-25
7.90309e-25
4.98608e-24
2.98161e-23
1.67838e-22
8.84762e-22
4.35521e-21
1.99852e-20
8.55784e-20
3.36764e-19
1.25223e-18
4.45289e-18
1.47768e-17
4.71209e-17
1.42022e-16
4.11447e-16
1.14219e-15
3.05491e-15
7.86057e-15
1.95343e-14
4.70192e-14
1.10005e-13
2.50094e-13
5.54463e-13
1.20558e-12
2.55045e-12
5.29139e-12
1.07964e-11
2.15579e-11
4.26061e-11
8.22818e-11
1.58029e-10
2.96315e-10
5.55565e-10
1.01205e-09
1.82277e-09
3.23341e-09
5.63089e-09
9.57168e-09
1.56983e-08
2.42735e-08
3.34083e-08
3.47262e-08
1.9123e-08
1.05046e-08
5.71614e-09
3.06216e-09
1.60787e-09
8.19321e-10
4.05329e-10
1.93011e-10
8.81301e-11
3.71308e-11
1.49968e-11
5.64148e-12
1.94584e-12
6.10461e-13
1.72462e-13
4.11078e-14
8.84247e-15
1.55453e-15
2.31689e-16
2.95438e-17
3.29142e-18
3.29574e-19
3.05381e-20
2.68446e-21
2.28053e-22
1.89589e-23
1.55463e-24
1.26354e-25
1.02085e-26
8.2132e-28
6.58777e-29
5.27192e-30
4.21156e-31
3.36025e-32
2.68564e-33
2.14396e-34
1.71005e-35
1.36314e-36
1.08634e-37
8.67141e-39
5.88195e-40
1.83716e-36
1.40176e-35
5.58205e-35
1.82085e-34
5.39074e-34
1.52598e-33
4.29978e-33
1.27241e-32
4.33003e-32
1.84445e-31
1.01158e-30
6.59503e-30
4.64718e-29
3.34986e-28
2.40465e-27
1.69503e-26
1.16159e-25
7.67359e-25
4.84559e-24
2.90171e-23
1.6366e-22
8.64827e-22
4.26694e-21
1.96415e-20
8.43838e-20
3.32882e-19
1.24098e-18
4.42866e-18
1.47327e-17
4.71326e-17
1.42442e-16
4.13776e-16
1.15181e-15
3.0896e-15
7.98262e-15
1.99099e-14
4.80741e-14
1.12817e-13
2.57142e-13
5.71436e-13
1.24533e-12
2.63968e-12
5.48405e-12
1.12057e-11
2.24116e-11
4.43325e-11
8.57279e-11
1.64823e-10
3.09179e-10
5.80031e-10
1.05706e-09
1.90474e-09
3.38128e-09
5.89165e-09
1.00089e-08
1.63951e-08
2.52493e-08
3.43152e-08
3.43574e-08
1.88199e-08
1.02684e-08
5.56106e-09
2.92999e-09
1.52665e-09
7.72898e-10
3.78752e-10
1.78518e-10
8.06117e-11
3.3809e-11
1.34616e-11
4.96726e-12
1.68672e-12
5.20316e-13
1.43285e-13
3.36713e-14
7.08232e-15
1.21022e-15
1.75538e-16
2.18597e-17
2.39013e-18
2.36114e-19
2.16821e-20
1.89525e-21
1.60464e-22
1.33139e-23
1.09056e-24
8.85864e-26
7.15553e-27
5.75696e-28
4.61826e-29
3.6966e-30
2.95385e-31
2.35728e-32
1.87943e-33
1.49751e-34
1.19278e-35
9.49983e-37
7.56811e-38
6.04188e-39
4.10049e-40
1.8271e-36
1.39406e-35
5.55102e-35
1.81041e-34
5.35807e-34
1.51586e-33
4.26719e-33
1.26088e-32
4.28189e-32
1.82002e-31
9.97176e-31
6.49901e-30
4.57941e-29
3.29968e-28
2.36782e-27
1.66871e-26
1.14356e-25
7.55649e-25
4.7746e-24
2.86204e-23
1.61641e-22
8.5558e-22
4.22971e-21
1.95092e-20
8.4012e-20
3.32155e-19
1.24147e-18
4.4454e-18
1.48263e-17
4.75541e-17
1.44083e-16
4.19426e-16
1.17035e-15
3.14625e-15
8.15802e-15
2.03964e-14
4.93656e-14
1.16104e-13
2.65106e-13
5.90025e-13
1.28772e-12
2.73223e-12
5.68162e-12
1.1623e-11
2.32525e-11
4.59797e-11
8.89059e-11
1.70876e-10
3.20494e-10
6.01309e-10
1.09591e-09
1.97411e-09
3.50237e-09
6.09518e-09
1.03371e-08
1.68688e-08
2.57596e-08
3.42357e-08
3.20432e-08
1.74165e-08
9.43328e-09
5.0662e-09
2.64741e-09
1.36811e-09
6.88527e-10
3.3494e-10
1.56534e-10
6.9566e-11
2.9136e-11
1.14751e-11
4.1811e-12
1.39877e-12
4.20238e-13
1.12976e-13
2.68778e-14
5.25186e-15
8.72199e-16
1.23275e-16
1.50246e-17
1.6164e-18
1.57933e-19
1.44052e-20
1.25452e-21
1.06035e-22
8.79376e-24
7.20496e-25
5.85658e-26
4.73489e-27
3.81332e-28
3.0623e-29
2.45377e-30
1.96277e-31
1.56791e-32
1.25122e-33
9.97797e-35
7.95374e-36
6.33933e-37
5.05377e-38
4.03729e-39
2.74149e-40
1.81273e-36
1.38312e-35
5.5073e-35
1.79598e-34
5.3143e-34
1.50298e-33
4.22902e-33
1.24907e-32
4.24297e-32
1.80535e-31
9.90161e-31
6.45707e-30
4.5504e-29
3.2785e-28
2.35235e-27
1.65772e-26
1.13617e-25
7.50994e-25
4.74788e-24
2.84855e-23
1.61084e-22
8.54101e-22
4.23222e-21
1.95733e-20
8.45237e-20
3.34967e-19
1.25495e-18
4.50667e-18
1.50648e-17
4.84201e-17
1.47044e-16
4.28757e-16
1.19897e-15
3.22827e-15
8.39212e-15
2.10304e-14
5.09949e-14
1.20128e-13
2.74676e-13
6.12017e-13
1.33653e-12
2.83729e-12
5.902e-12
1.20782e-11
2.41565e-11
4.77147e-11
9.22333e-11
1.76754e-10
3.31362e-10
6.20923e-10
1.12937e-09
2.02913e-09
3.58856e-09
6.2211e-09
1.04932e-08
1.69723e-08
2.54778e-08
3.24606e-08
2.63479e-08
1.44052e-08
7.84285e-09
4.23131e-09
2.21855e-09
1.14845e-09
5.77119e-10
2.79847e-10
1.2991e-10
5.73575e-11
2.38313e-11
9.26913e-12
3.33732e-12
1.09708e-12
3.2551e-13
8.60995e-14
1.99158e-14
3.79429e-15
6.14594e-16
8.49128e-17
1.01556e-17
1.07723e-18
1.04248e-19
9.45306e-21
8.2064e-22
6.92646e-23
5.74235e-24
4.7063e-25
3.82809e-26
3.09759e-27
2.49708e-28
2.00729e-29
1.60998e-30
1.28861e-31
1.02954e-32
8.21652e-34
6.55278e-35
5.225e-36
4.16682e-37
3.32415e-38
2.6572e-39
1.80511e-40
1.79362e-36
1.36849e-35
5.44846e-35
1.77655e-34
5.25622e-34
1.48658e-33
4.18437e-33
1.23726e-32
4.21095e-32
1.79668e-31
9.88104e-31
6.45406e-30
4.55201e-29
3.28113e-28
2.35505e-27
1.66029e-26
1.13862e-25
7.5323e-25
4.76729e-24
2.86432e-23
1.6224e-22
8.61994e-22
4.28091e-21
1.98442e-20
8.58857e-20
3.40989e-19
1.28048e-18
4.60961e-18
1.54353e-17
4.96928e-17
1.51253e-16
4.41448e-16
1.24108e-15
3.34346e-15
8.70134e-15
2.18435e-14
5.30318e-14
1.2503e-13
2.86258e-13
6.3848e-13
1.39491e-12
2.96253e-12
6.16377e-12
1.26165e-11
2.52433e-11
4.96357e-11
9.5967e-11
1.83264e-10
3.43352e-10
6.4237e-10
1.16574e-09
2.08881e-09
3.68186e-09
6.35418e-09
1.06478e-08
1.70399e-08
2.50511e-08
3.02401e-08
1.97125e-08
1.10495e-08
6.13447e-09
3.35862e-09
1.78159e-09
9.28395e-10
4.69315e-10
2.28454e-10
1.06862e-10
4.60832e-11
1.91084e-11
7.37969e-12
2.63662e-12
8.5528e-13
2.50019e-13
6.4475e-14
1.46906e-14
2.73861e-15
4.34146e-16
5.88254e-17
6.92466e-18
7.26003e-19
6.97252e-20
6.29502e-21
5.45358e-22
4.60034e-23
3.81508e-24
3.1293e-25
2.5481e-26
2.06432e-27
1.66616e-28
1.34095e-29
1.07679e-30
8.63507e-32
6.9187e-33
5.53726e-34
4.42485e-35
3.53266e-36
2.81896e-37
2.24938e-38
1.79825e-39
1.22158e-40
1.77396e-36
1.35343e-35
5.38767e-35
1.75627e-34
5.19439e-34
1.46855e-33
4.13323e-33
1.22333e-32
4.17876e-32
1.79288e-31
9.9123e-31
6.49683e-30
4.59035e-29
3.31199e-28
2.37889e-27
1.67832e-26
1.15203e-25
7.62969e-25
4.83578e-24
2.91034e-23
1.65157e-22
8.79305e-22
4.37547e-21
2.03254e-20
8.82263e-20
3.51196e-19
1.32112e-18
4.76453e-18
1.59974e-17
5.15891e-17
1.5723e-16
4.59506e-16
1.29462e-15
3.49273e-15
9.10274e-15
2.28954e-14
5.56773e-14
1.31562e-13
3.01269e-13
6.72369e-13
1.46335e-12
3.11163e-12
6.47491e-12
1.32588e-11
2.65038e-11
5.20873e-11
1.00638e-10
1.91593e-10
3.59034e-10
6.71573e-10
1.21843e-09
2.18133e-09
3.84005e-09
6.61525e-09
1.10545e-08
1.76028e-08
2.55943e-08
2.99205e-08
1.70986e-08
9.57221e-09
5.30921e-09
2.90534e-09
1.54092e-09
8.02704e-10
4.04591e-10
1.96419e-10
9.13883e-11
3.90113e-11
1.60761e-11
6.1635e-12
2.17152e-12
6.96397e-13
2.00712e-13
5.10952e-14
1.13752e-14
2.0752e-15
3.22239e-16
4.28738e-17
4.97396e-18
5.1612e-19
4.92474e-20
4.43068e-21
3.83294e-22
3.23284e-23
2.6827e-24
2.20277e-25
1.79587e-26
1.45681e-27
1.17734e-28
9.48709e-30
7.62666e-31
6.11914e-32
4.90182e-33
3.92173e-34
3.13707e-35
2.50716e-36
2.00191e-37
1.59782e-38
1.2775e-39
8.67761e-41
1.75732e-36
1.34074e-35
5.33697e-35
1.73958e-34
5.14446e-34
1.45439e-33
4.09503e-33
1.21414e-32
4.16596e-32
1.79871e-31
1.00058e-30
6.58174e-30
4.65833e-29
3.36396e-28
2.41766e-27
1.70665e-26
1.17229e-25
7.77027e-25
4.92979e-24
2.96983e-23
1.68828e-22
8.99963e-22
4.48847e-21
2.09004e-20
9.08297e-20
3.62004e-19
1.36421e-18
4.92507e-18
1.65579e-17
5.34524e-17
1.64599e-16
4.80598e-16
1.35594e-15
3.66267e-15
9.5571e-15
2.40748e-14
5.86688e-14
1.3844e-13
3.17527e-13
7.10101e-13
1.54637e-12
3.29088e-12
6.85619e-12
1.40383e-11
2.8066e-11
5.51441e-11
1.0662e-10
2.02808e-10
3.79935e-10
7.10166e-10
1.28724e-09
2.30404e-09
4.0556e-09
6.98652e-09
1.16697e-08
1.85559e-08
2.68571e-08
3.09197e-08
1.71305e-08
9.46516e-09
5.19081e-09
2.81049e-09
1.481e-09
7.64896e-10
3.8247e-10
1.84087e-10
8.49945e-11
3.59175e-11
1.46351e-11
5.54496e-12
1.93279e-12
6.12829e-13
1.75657e-13
4.21501e-14
9.23872e-15
1.65841e-15
2.53731e-16
3.33393e-17
3.83137e-18
3.95042e-19
3.75577e-20
3.37373e-21
2.91811e-22
2.46291e-23
2.04612e-24
1.68226e-25
1.37335e-26
1.11551e-27
9.02627e-29
7.28158e-30
5.85946e-31
4.7048e-32
3.7709e-33
3.01831e-34
2.41311e-35
1.92756e-36
1.53875e-37
1.22802e-38
9.81547e-40
6.6646e-41
1.74449e-36
1.33103e-35
5.29872e-35
1.72721e-34
5.10814e-34
1.44435e-33
4.06924e-33
1.20893e-32
4.16879e-32
1.81289e-31
1.01514e-30
6.70369e-30
4.75363e-29
3.43604e-28
2.47102e-27
1.74537e-26
1.19977e-25
7.95934e-25
5.05489e-24
3.04907e-23
1.73479e-22
9.26834e-22
4.62869e-21
2.15762e-20
9.39886e-20
3.75245e-19
1.41648e-18
5.12019e-18
1.72439e-17
5.57433e-17
1.71976e-16
5.02877e-16
1.42095e-15
3.84288e-15
1.00392e-14
2.53258e-14
6.17439e-14
1.45829e-13
3.34792e-13
7.49746e-13
1.63382e-12
3.47952e-12
7.24796e-12
1.48422e-11
2.96787e-11
5.83463e-11
1.12772e-10
2.14508e-10
4.01882e-10
7.50941e-10
1.36196e-09
2.43835e-09
4.29263e-09
7.39203e-09
1.23416e-08
1.96005e-08
2.82617e-08
3.21447e-08
1.76968e-08
9.71797e-09
5.29481e-09
2.84554e-09
1.49517e-09
7.66464e-10
3.8036e-10
1.81643e-10
8.31752e-11
3.49066e-11
1.40974e-11
5.29065e-12
1.82533e-12
5.72122e-13
1.61723e-13
3.81947e-14
8.24216e-15
1.45619e-15
2.1952e-16
2.84763e-17
3.2392e-18
3.31495e-19
3.13583e-20
2.80817e-21
2.42472e-22
2.04474e-23
1.69814e-24
1.3961e-25
1.1399e-26
9.26075e-28
7.49504e-29
6.0475e-30
4.86687e-31
3.9074e-32
3.13124e-33
2.50538e-34
2.00255e-35
1.59931e-36
1.27639e-37
1.01829e-38
8.13523e-40
5.52097e-41
1.73235e-36
1.32177e-35
5.2618e-35
1.71518e-34
5.07291e-34
1.43482e-33
4.04625e-33
1.20522e-32
4.17891e-32
1.83033e-31
1.03146e-30
6.83813e-30
4.85963e-29
3.51678e-28
2.53097e-27
1.7887e-26
1.23028e-25
8.16781e-25
5.19138e-24
3.13603e-23
1.78719e-22
9.55806e-22
4.77985e-21
2.23202e-20
9.73248e-20
3.89082e-19
1.47068e-18
5.32108e-18
1.79441e-17
5.80601e-17
1.79355e-16
5.24965e-16
1.48457e-15
4.01852e-15
1.05055e-14
2.65233e-14
6.47534e-14
1.53056e-13
3.51543e-13
7.8769e-13
1.71716e-12
3.65812e-12
7.62394e-12
1.56183e-11
3.12453e-11
6.14299e-11
1.18755e-10
2.25931e-10
4.23345e-10
7.90894e-10
1.43441e-09
2.56741e-09
4.5185e-09
7.77983e-09
1.29809e-08
2.05874e-08
2.95728e-08
3.32703e-08
1.81779e-08
9.97211e-09
5.42172e-09
2.90512e-09
1.52541e-09
7.75878e-10
3.83296e-10
1.82056e-10
8.27997e-11
3.4665e-11
1.3898e-11
5.17374e-12
1.76906e-12
5.49028e-13
1.53401e-13
3.60367e-14
7.68345e-15
1.34005e-15
1.99501e-16
2.55864e-17
2.88291e-18
2.92903e-19
2.75676e-20
2.46052e-21
2.12015e-22
1.78566e-23
1.48188e-24
1.21782e-25
9.94104e-27
8.07528e-28
6.53513e-29
5.27273e-30
4.24367e-31
3.40861e-32
2.73331e-33
2.18854e-34
1.74963e-35
1.39706e-36
1.11463e-37
8.88919e-39
7.09878e-40
4.81568e-41
1.72222e-36
1.31407e-35
5.23121e-35
1.70523e-34
5.04378e-34
1.42692e-33
4.02735e-33
1.20252e-32
4.19041e-32
1.84869e-31
1.04829e-30
6.9735e-30
4.96331e-29
3.59571e-28
2.59018e-27
1.83238e-26
1.26122e-25
8.37839e-25
5.3301e-24
3.2215e-23
1.83819e-22
9.84176e-22
4.92681e-21
2.30407e-20
1.00615e-19
4.02729e-19
1.52397e-18
5.51817e-18
1.86293e-17
6.03237e-17
1.8655e-16
5.46498e-16
1.54703e-15
4.18935e-15
1.0959e-14
2.76993e-14
6.77006e-14
1.60125e-13
3.67999e-13
8.2539e-13
1.79903e-12
3.83167e-12
7.98477e-12
1.63553e-11
3.27267e-11
6.43515e-11
1.24414e-10
2.36713e-10
4.4352e-10
8.281e-10
1.50219e-09
2.68857e-09
4.72973e-09
8.13676e-09
1.35626e-08
2.14681e-08
3.07109e-08
3.41355e-08
1.86658e-08
1.02244e-08
5.54857e-09
2.96611e-09
1.55267e-09
7.88643e-10
3.88063e-10
1.83469e-10
8.29446e-11
3.46847e-11
1.38216e-11
5.11001e-12
1.7338e-12
5.3323e-13
1.47199e-13
3.45681e-14
7.29594e-15
1.25842e-15
1.85285e-16
2.35298e-17
2.62995e-18
2.65595e-19
2.48922e-20
2.21556e-21
1.90571e-22
1.60329e-23
1.32964e-24
1.09228e-25
8.91415e-27
7.24006e-28
5.85786e-29
4.72459e-30
3.80077e-31
3.05205e-32
2.44626e-33
1.95767e-34
1.56477e-35
1.24942e-36
9.96837e-38
7.94956e-39
6.34798e-40
4.30595e-41
1.71401e-36
1.30783e-35
5.20648e-35
1.69721e-34
5.02043e-34
1.42068e-33
4.01308e-33
1.20108e-32
4.20468e-32
1.86751e-31
1.06511e-30
7.109e-30
5.06809e-29
3.6742e-28
2.64775e-27
1.87362e-26
1.29065e-25
8.58162e-25
5.46417e-24
3.30612e-23
1.88753e-22
1.01147e-21
5.071e-21
2.3731e-20
1.03743e-19
4.15555e-19
1.57391e-18
5.70249e-18
1.92688e-17
6.2432e-17
1.93234e-16
5.66452e-16
1.60458e-15
4.34913e-15
1.13877e-14
2.87863e-14
7.03775e-14
1.66505e-13
3.828e-13
8.58542e-13
1.87232e-12
3.99038e-12
8.32017e-12
1.70465e-11
3.41061e-11
6.70458e-11
1.29577e-10
2.46408e-10
4.61515e-10
8.61204e-10
1.56144e-09
2.79323e-09
4.91208e-09
8.44674e-09
1.40677e-08
2.22336e-08
3.16669e-08
3.47835e-08
1.90399e-08
1.0421e-08
5.64866e-09
3.01437e-09
1.57405e-09
7.98827e-10
3.91862e-10
1.84565e-10
8.30216e-11
3.47088e-11
1.37605e-11
5.05801e-12
1.70433e-12
5.20094e-13
1.42117e-13
3.33997e-14
6.98386e-15
1.19289e-15
1.73988e-16
2.19092e-17
2.43188e-18
2.44308e-19
2.2813e-20
2.02552e-21
1.7395e-22
1.46201e-23
1.21173e-24
9.95031e-26
8.11847e-27
6.59277e-28
5.33514e-29
4.30541e-30
3.46501e-31
2.78268e-32
2.2306e-33
1.78525e-34
1.42682e-35
1.13915e-36
9.08761e-38
7.24628e-39
5.78557e-40
3.92393e-41
1.70749e-36
1.30288e-35
5.18691e-35
1.69089e-34
5.00213e-34
1.41587e-33
4.00259e-33
1.20049e-32
4.21971e-32
1.88527e-31
1.08063e-30
7.23301e-30
5.16365e-29
3.74626e-28
2.70108e-27
1.91227e-26
1.31762e-25
8.7643e-25
5.58422e-24
3.38149e-23
1.93218e-22
1.03626e-21
5.19787e-21
2.43492e-20
1.06531e-19
4.27071e-19
1.61867e-18
5.86734e-18
1.98424e-17
6.43223e-17
1.99224e-16
5.84345e-16
1.65625e-15
4.4898e-15
1.17552e-14
2.97239e-14
7.27076e-14
1.72056e-13
3.95576e-13
8.87749e-13
1.93586e-12
4.12515e-12
8.59869e-12
1.76131e-11
3.52527e-11
6.93316e-11
1.34062e-10
2.54879e-10
4.77258e-10
8.89661e-10
1.6125e-09
2.88375e-09
5.0687e-09
8.71084e-09
1.44957e-08
2.28702e-08
3.24433e-08
3.52513e-08
1.93152e-08
1.05668e-08
5.72325e-09
3.04833e-09
1.58842e-09
8.04625e-10
3.93687e-10
1.84839e-10
8.27821e-11
3.46277e-11
1.36713e-11
5.00071e-12
1.67596e-12
5.0809e-13
1.37598e-13
3.23884e-14
6.72032e-15
1.13796e-15
1.64582e-16
2.05683e-17
2.26883e-18
2.26852e-19
2.11122e-20
1.87028e-21
1.6038e-22
1.34665e-23
1.11539e-24
9.15498e-26
7.46706e-27
6.06224e-28
4.90408e-29
3.95563e-30
3.18388e-31
2.55718e-32
2.04999e-33
1.64038e-34
1.31093e-35
1.04655e-36
8.34828e-38
6.65623e-39
5.31401e-40
3.6038e-41
1.70239e-36
1.29901e-35
5.17159e-35
1.68595e-34
4.98792e-34
1.41217e-33
3.9949e-33
1.20042e-32
4.23441e-32
1.9014e-31
1.09448e-30
7.34305e-30
5.2482e-29
3.80991e-28
2.74811e-27
1.94629e-26
1.34154e-25
8.92858e-25
5.69061e-24
3.44703e-23
1.97104e-22
1.05787e-21
5.3104e-21
2.48923e-20
1.08975e-19
4.37112e-19
1.65759e-18
6.01022e-18
2.03292e-17
6.59133e-17
2.04242e-16
5.99195e-16
1.6989e-15
4.6075e-15
1.20648e-14
3.0515e-14
7.46538e-14
1.76671e-13
4.06222e-13
9.1143e-13
1.98679e-12
4.23163e-12
8.81801e-12
1.80474e-11
3.60893e-11
7.08974e-11
1.38318e-10
2.62278e-10
4.90682e-10
9.1386e-10
1.65603e-09
2.96018e-09
5.20026e-09
8.9311e-09
1.48461e-08
2.33863e-08
3.30543e-08
3.55651e-08
1.95069e-08
1.06752e-08
5.79272e-09
3.05187e-09
1.58983e-09
8.04677e-10
3.93165e-10
1.84214e-10
8.22317e-11
3.44385e-11
1.35523e-11
4.93812e-12
1.64737e-12
4.96791e-13
1.33557e-13
3.15163e-14
6.48339e-15
1.0876e-15
1.55915e-16
1.93349e-17
2.1195e-18
2.10931e-19
1.95655e-20
1.72934e-21
1.48067e-22
1.24196e-23
1.02792e-24
8.43256e-26
6.87504e-27
5.57983e-28
4.51268e-29
3.63913e-30
2.92758e-31
2.35028e-32
1.88345e-33
1.50705e-34
1.20432e-35
9.61414e-37
7.66895e-38
6.11446e-39
4.88138e-40
3.31033e-41
1.69845e-36
1.29602e-35
5.15979e-35
1.68214e-34
4.97698e-34
1.40935e-33
3.9893e-33
1.20068e-32
4.24833e-32
1.91587e-31
1.10673e-30
7.43991e-30
5.32251e-29
3.86583e-28
2.78943e-27
1.97615e-26
1.36266e-25
9.07132e-25
5.7844e-24
3.50545e-23
2.00511e-22
1.07676e-21
5.40805e-21
2.53632e-20
1.11093e-19
4.45788e-19
1.6912e-18
6.13412e-18
2.07599e-17
6.7331e-17
2.08682e-16
6.12416e-16
1.73659e-15
4.7098e-15
1.23358e-14
3.12069e-14
7.63724e-14
1.8073e-13
4.15493e-13
9.3227e-13
2.03225e-12
4.32885e-12
9.01997e-12
1.84588e-11
3.69177e-11
7.25396e-11
1.41493e-10
2.68199e-10
5.01572e-10
9.33476e-10
1.69121e-09
3.02206e-09
5.3068e-09
9.10982e-09
1.51329e-08
2.38041e-08
3.3537e-08
3.57764e-08
1.96367e-08
1.07434e-08
5.82622e-09
3.06743e-09
1.59561e-09
8.06317e-10
3.93255e-10
1.83855e-10
8.18204e-11
3.4298e-11
1.34591e-11
4.88838e-12
1.62483e-12
4.88022e-13
1.30653e-13
3.09517e-14
6.04363e-15
1.00735e-15
1.43576e-16
1.7721e-17
1.93575e-18
1.92191e-19
1.78028e-20
1.57254e-21
1.34622e-22
1.12936e-23
9.35041e-25
7.6739e-26
6.25959e-27
5.08298e-28
4.11304e-29
3.31863e-30
2.67116e-31
2.14553e-32
1.72023e-33
1.37711e-34
1.10101e-35
8.79349e-37
7.01747e-38
5.59742e-39
4.47039e-40
3.03255e-41
1.69555e-36
1.29382e-35
5.1511e-35
1.67936e-34
4.96904e-34
1.40735e-33
3.98563e-33
1.20117e-32
4.26066e-32
1.9281e-31
1.11696e-30
7.52042e-30
5.38415e-29
3.91216e-28
2.82362e-27
2.00086e-26
1.3801e-25
9.18991e-25
5.86201e-24
3.55371e-23
2.03348e-22
1.09231e-21
5.48834e-21
2.57507e-20
1.12833e-19
4.52929e-19
1.71889e-18
6.23495e-18
2.11071e-17
6.84684e-17
2.12273e-16
6.23074e-16
1.76712e-15
4.79334e-15
1.2557e-14
3.17697e-14
7.77476e-14
1.8398e-13
4.2302e-13
9.49211e-13
2.06913e-12
4.40745e-12
9.18368e-12
1.87923e-11
3.75842e-11
7.38421e-11
1.43954e-10
2.72835e-10
5.10158e-10
9.48955e-10
1.71903e-09
3.07113e-09
5.39149e-09
9.25107e-09
1.53587e-08
2.41326e-08
3.39099e-08
3.59104e-08
1.97211e-08
1.07867e-08
5.84656e-09
3.07803e-09
1.59975e-09
8.07548e-10
3.93341e-10
1.83604e-10
8.15389e-11
3.41607e-11
1.33754e-11
4.84562e-12
1.60592e-12
4.8073e-13
1.28215e-13
3.02473e-14
5.86983e-15
9.7224e-16
1.37762e-16
1.69165e-17
1.84037e-18
1.82178e-19
1.68407e-20
1.48553e-21
1.2706e-22
1.0653e-23
8.81658e-25
7.23379e-26
5.89938e-27
4.78966e-28
3.87508e-29
3.12618e-30
2.51594e-31
2.02063e-32
1.61994e-33
1.29671e-34
1.03664e-35
8.2786e-37
6.60594e-38
5.26863e-39
4.20734e-40
2.8538e-41
1.69352e-36
1.29228e-35
5.14504e-35
1.67742e-34
4.96355e-34
1.40599e-33
3.98335e-33
1.20173e-32
4.27081e-32
1.93783e-31
1.12503e-30
7.58377e-30
5.43262e-29
3.94859e-28
2.85051e-27
2.02031e-26
1.3937e-25
9.28238e-25
5.92198e-24
3.59095e-23
2.05539e-22
1.1044e-21
5.55049e-21
2.60479e-20
1.14165e-19
4.58382e-19
1.73986e-18
6.31207e-18
2.13725e-17
6.9338e-17
2.15011e-16
6.31206e-16
1.79042e-15
4.8571e-15
1.2725e-14
3.21971e-14
7.88002e-14
1.86477e-13
4.28733e-13
9.62042e-13
2.09713e-12
4.46696e-12
9.30736e-12
1.90406e-11
3.80787e-11
7.48089e-11
1.4578e-10
2.76285e-10
5.16539e-10
9.60437e-10
1.73967e-09
3.1075e-09
5.4542e-09
9.3561e-09
1.55256e-08
2.43738e-08
3.41785e-08
3.59879e-08
1.97701e-08
1.08115e-08
5.85781e-09
3.08398e-09
1.60196e-09
8.0808e-10
3.93251e-10
1.83366e-10
8.13312e-11
3.40266e-11
1.33015e-11
4.80982e-12
1.59059e-12
4.7493e-13
1.26305e-13
2.97002e-14
5.7417e-15
9.47403e-16
1.33756e-16
1.63722e-17
1.77659e-18
1.75529e-19
1.62047e-20
1.42819e-21
1.22088e-22
1.02325e-23
8.46662e-25
6.94563e-26
5.6638e-27
4.5981e-28
3.72004e-29
3.00112e-30
2.41529e-31
1.93977e-32
1.55506e-33
1.24473e-34
9.95038e-36
7.94601e-37
6.34023e-38
5.05642e-39
4.03761e-40
2.7385e-41
1.69224e-36
1.29131e-35
5.14123e-35
1.6762e-34
4.96014e-34
1.40516e-33
3.98206e-33
1.20218e-32
4.2779e-32
1.94448e-31
1.1305e-30
7.62664e-30
5.46538e-29
3.97318e-28
2.86865e-27
2.03341e-26
1.40291e-25
9.34494e-25
5.96275e-24
3.61626e-23
2.07024e-22
1.1126e-21
5.59276e-21
2.62512e-20
1.15076e-19
4.62109e-19
1.7543e-18
6.36509e-18
2.1555e-17
6.99343e-17
2.16879e-16
6.36718e-16
1.80622e-15
4.90037e-15
1.2839e-14
3.24855e-14
7.95103e-14
1.88161e-13
4.32612e-13
9.70786e-13
2.11609e-12
4.50702e-12
9.38996e-12
1.9207e-11
3.84084e-11
7.54476e-11
1.46979e-10
2.78548e-10
5.2073e-10
9.67971e-10
1.75319e-09
3.13129e-09
5.49513e-09
9.42443e-09
1.56342e-08
2.45301e-08
3.43495e-08
3.60297e-08
1.97932e-08
1.08231e-08
5.86284e-09
3.08672e-09
1.60284e-09
8.08165e-10
3.93075e-10
1.8316e-10
8.11749e-11
3.39294e-11
1.32491e-11
4.78491e-12
1.58008e-12
4.71012e-13
1.25027e-13
2.93375e-14
5.65823e-15
9.31307e-16
1.31183e-16
1.60255e-17
1.73621e-18
1.71336e-19
1.58044e-20
1.39214e-21
1.18965e-22
9.96863e-24
8.24722e-25
6.76511e-26
5.51633e-27
4.47823e-28
3.62294e-29
2.9227e-30
2.35213e-31
1.88903e-32
1.51439e-33
1.21218e-34
9.69025e-36
7.73831e-37
6.1745e-38
4.92423e-39
3.93201e-40
2.66683e-41
1.69159e-36
1.29082e-35
5.1393e-35
1.67559e-34
4.95841e-34
1.40473e-33
3.98142e-33
1.20241e-32
4.28152e-32
1.94787e-31
1.13329e-30
7.64846e-30
5.48207e-29
3.98572e-28
2.87792e-27
2.04009e-26
1.40761e-25
9.37694e-25
5.98365e-24
3.62925e-23
2.07784e-22
1.11678e-21
5.61423e-21
2.63545e-20
1.15537e-19
4.63993e-19
1.76156e-18
6.39161e-18
2.16459e-17
7.02316e-17
2.17813e-16
6.39489e-16
1.81415e-15
4.922e-15
1.28958e-14
3.26297e-14
7.98655e-14
1.89e-13
4.34537e-13
9.75084e-13
2.1254e-12
4.52673e-12
9.43077e-12
1.92892e-11
3.85716e-11
7.57657e-11
1.47575e-10
2.79672e-10
5.22804e-10
9.71694e-10
1.75988e-09
3.14306e-09
5.51539e-09
9.45816e-09
1.56876e-08
2.46067e-08
3.44326e-08
3.60468e-08
1.98024e-08
1.08276e-08
5.86466e-09
3.08772e-09
1.60309e-09
8.08119e-10
3.92947e-10
1.83041e-10
8.10907e-11
3.38785e-11
1.32221e-11
4.77224e-12
1.57478e-12
4.69054e-13
1.24393e-13
2.91594e-14
5.61762e-15
9.23565e-16
1.2995e-16
1.58602e-17
1.71704e-18
1.69353e-19
1.56154e-20
1.37515e-21
1.17494e-22
9.84444e-24
8.14403e-25
6.68024e-26
5.44703e-27
4.42193e-28
3.57737e-29
2.88592e-30
2.32253e-31
1.86525e-32
1.49533e-33
1.19692e-34
9.56825e-36
7.64085e-37
6.0967e-38
4.86214e-39
3.88238e-40
2.63313e-41
1.69152e-36
1.29076e-35
5.13908e-35
1.67551e-34
4.95818e-34
1.40467e-33
3.98124e-33
1.20236e-32
4.28143e-32
1.94787e-31
1.13331e-30
7.64865e-30
5.48222e-29
3.98584e-28
2.878e-27
2.04015e-26
1.40765e-25
9.37722e-25
5.98383e-24
3.62936e-23
2.0779e-22
1.11681e-21
5.6144e-21
2.63552e-20
1.15541e-19
4.64007e-19
1.76162e-18
6.3918e-18
2.16466e-17
7.02338e-17
2.17819e-16
6.39509e-16
1.8142e-15
4.92215e-15
1.28962e-14
3.26306e-14
7.98676e-14
1.89005e-13
4.34547e-13
9.75104e-13
2.12544e-12
4.52681e-12
9.43092e-12
1.92895e-11
3.85722e-11
7.57668e-11
1.47577e-10
2.79675e-10
5.22809e-10
9.71704e-10
1.7599e-09
3.1431e-09
5.51544e-09
9.45825e-09
1.56878e-08
2.46069e-08
3.44328e-08
3.60469e-08
1.98025e-08
1.08277e-08
5.86469e-09
3.08771e-09
1.60309e-09
8.08119e-10
3.92948e-10
1.83042e-10
8.10912e-11
3.38788e-11
1.32223e-11
4.7723e-12
1.57481e-12
4.69063e-13
1.24396e-13
2.91602e-14
5.6178e-15
9.236e-16
1.29956e-16
1.5861e-17
1.71713e-18
1.69361e-19
1.56162e-20
1.37522e-21
1.17501e-22
9.84497e-24
8.14446e-25
6.6806e-26
5.44732e-27
4.42217e-28
3.57756e-29
2.88608e-30
2.32265e-31
1.86535e-32
1.49541e-33
1.19699e-34
9.56876e-36
7.64126e-37
6.09703e-38
4.86239e-39
3.88259e-40
2.63327e-41
1.69205e-36
1.29117e-35
5.14065e-35
1.67601e-34
4.95955e-34
1.40499e-33
3.98161e-33
1.20206e-32
4.27767e-32
1.94448e-31
1.13055e-30
7.62713e-30
5.46578e-29
3.97348e-28
2.86888e-27
2.03357e-26
1.40302e-25
9.34567e-25
5.96322e-24
3.61654e-23
2.0704e-22
1.11269e-21
5.5932e-21
2.62533e-20
1.15085e-19
4.62148e-19
1.75444e-18
6.36559e-18
2.15567e-17
6.99411e-17
2.16901e-16
6.36783e-16
1.8064e-15
4.90085e-15
1.28403e-14
3.24887e-14
7.95185e-14
1.8818e-13
4.32652e-13
9.70853e-13
2.11622e-12
4.50728e-12
9.39047e-12
1.9208e-11
3.84104e-11
7.54517e-11
1.46986e-10
2.78559e-10
5.20745e-10
9.67997e-10
1.75324e-09
3.13138e-09
5.49529e-09
9.42466e-09
1.56345e-08
2.45305e-08
3.43498e-08
3.60295e-08
1.97931e-08
1.08231e-08
5.86285e-09
3.08671e-09
1.60283e-09
8.08167e-10
3.93077e-10
1.83162e-10
8.1176e-11
3.39301e-11
1.32494e-11
4.78507e-12
1.58015e-12
4.71037e-13
1.25035e-13
2.93398e-14
5.65875e-15
9.31405e-16
1.31198e-16
1.60276e-17
1.73644e-18
1.71361e-19
1.58067e-20
1.39235e-21
1.18983e-22
9.97013e-24
8.24846e-25
6.76613e-26
5.51716e-27
4.47891e-28
3.62349e-29
2.92314e-30
2.35249e-31
1.88931e-32
1.51461e-33
1.21236e-34
9.69168e-36
7.73945e-37
6.17541e-38
4.92495e-39
3.93259e-40
2.66722e-41
1.69326e-36
1.29208e-35
5.14423e-35
1.67715e-34
4.96275e-34
1.40576e-33
3.98276e-33
1.20159e-32
4.27054e-32
1.93784e-31
1.12509e-30
7.58438e-30
5.4331e-29
3.94894e-28
2.85077e-27
2.02049e-26
1.39383e-25
9.28321e-25
5.9225e-24
3.59126e-23
2.05556e-22
1.1045e-21
5.55095e-21
2.60501e-20
1.14175e-19
4.58421e-19
1.74002e-18
6.31264e-18
2.13745e-17
6.93437e-17
2.1503e-16
6.31263e-16
1.79059e-15
4.8576e-15
1.27264e-14
3.2201e-14
7.88109e-14
1.86504e-13
4.288e-13
9.62205e-13
2.09743e-12
4.46749e-12
9.30825e-12
1.90428e-11
3.80819e-11
7.48118e-11
1.45783e-10
2.76287e-10
5.16552e-10
9.60468e-10
1.73972e-09
3.10761e-09
5.45438e-09
9.35642e-09
1.55261e-08
2.43746e-08
3.4179e-08
3.59874e-08
1.97699e-08
1.08114e-08
5.85778e-09
3.08399e-09
1.60197e-09
8.08089e-10
3.93257e-10
1.8337e-10
8.13336e-11
3.40279e-11
1.33021e-11
4.81013e-12
1.59072e-12
4.74974e-13
1.26319e-13
2.97042e-14
5.74261e-15
9.47579e-16
1.33784e-16
1.6376e-17
1.77702e-18
1.75574e-19
1.6209e-20
1.42857e-21
1.22121e-22
1.02352e-23
8.46892e-25
6.94752e-26
5.66533e-27
4.59935e-28
3.72106e-29
3.00194e-30
2.41596e-31
1.94031e-32
1.55549e-33
1.24507e-34
9.95317e-36
7.94824e-37
6.34201e-38
5.05784e-39
4.03874e-40
2.73926e-41
1.69526e-36
1.2936e-35
5.15022e-35
1.67907e-34
4.96819e-34
1.40712e-33
3.98504e-33
1.20104e-32
4.2604e-32
1.9281e-31
1.11701e-30
7.52088e-30
5.3845e-29
3.91241e-28
2.8238e-27
2.00098e-26
1.38018e-25
9.19041e-25
5.86231e-24
3.55388e-23
2.03358e-22
1.09236e-21
5.48855e-21
2.57515e-20
1.12836e-19
4.52941e-19
1.71894e-18
6.23513e-18
2.11077e-17
6.84701e-17
2.12278e-16
6.23085e-16
1.76714e-15
4.79337e-15
1.25569e-14
3.17689e-14
7.77516e-14
1.83991e-13
4.2305e-13
9.49287e-13
2.06933e-12
4.40802e-12
9.18484e-12
1.87933e-11
3.75859e-11
7.38459e-11
1.43963e-10
2.72855e-10
5.10185e-10
9.48999e-10
1.7191e-09
3.07122e-09
5.3916e-09
9.25117e-09
1.53586e-08
2.41331e-08
3.39103e-08
3.59097e-08
1.97208e-08
1.07865e-08
5.8465e-09
3.07801e-09
1.59975e-09
8.07551e-10
3.93346e-10
1.83608e-10
8.15416e-11
3.41622e-11
1.33761e-11
4.84598e-12
1.60607e-12
4.80783e-13
1.28233e-13
3.02523e-14
5.87101e-15
9.72469e-16
1.37799e-16
1.69215e-17
1.84095e-18
1.82238e-19
1.68465e-20
1.48605e-21
1.27105e-22
1.06568e-23
8.8197e-25
7.23636e-26
5.90147e-27
4.79136e-28
3.87645e-29
3.12728e-30
2.51682e-31
2.02134e-32
1.6205e-33
1.29716e-34
1.037e-35
8.28148e-37
6.60824e-38
5.27046e-39
4.2088e-40
2.85479e-41
1.69817e-36
1.2958e-35
5.15892e-35
1.68186e-34
4.97617e-34
1.40913e-33
3.98877e-33
1.20056e-32
4.24812e-32
1.91588e-31
1.10678e-30
7.44033e-30
5.32282e-29
3.86605e-28
2.78959e-27
1.97625e-26
1.36273e-25
9.07172e-25
5.78461e-24
3.50556e-23
2.00516e-22
1.07679e-21
5.40815e-21
2.53636e-20
1.11094e-19
4.45788e-19
1.69119e-18
6.13403e-18
2.07593e-17
6.73283e-17
2.08693e-16
6.12457e-16
1.73672e-15
4.7102e-15
1.23369e-14
3.121e-14
7.63731e-14
1.80729e-13
4.15489e-13
9.32265e-13
2.03224e-12
4.32883e-12
9.02002e-12
1.84593e-11
3.69192e-11
7.25435e-11
1.41501e-10
2.68213e-10
5.01607e-10
9.33543e-10
1.69133e-09
3.02225e-09
5.30711e-09
9.11027e-09
1.51334e-08
2.38048e-08
3.35372e-08
3.57754e-08
1.96363e-08
1.07432e-08
5.82613e-09
3.06739e-09
1.5956e-09
8.06319e-10
3.9326e-10
1.8386e-10
8.18238e-11
3.42995e-11
1.34599e-11
4.88879e-12
1.62501e-12
4.88096e-13
1.30677e-13
3.09586e-14
6.04523e-15
1.00766e-15
1.43625e-16
1.77276e-17
1.93652e-18
1.9227e-19
1.78103e-20
1.57321e-21
1.3468e-22
1.12985e-23
9.35445e-25
7.67722e-26
6.26229e-27
5.08517e-28
4.11481e-29
3.32006e-30
2.67231e-31
2.14645e-32
1.72097e-33
1.3777e-34
1.10148e-35
8.79723e-37
7.02044e-38
5.59978e-39
4.47228e-40
3.03382e-41
1.70211e-36
1.2988e-35
5.17075e-35
1.68568e-34
4.98714e-34
1.41196e-33
3.99439e-33
1.20031e-32
4.23424e-32
1.90144e-31
1.09455e-30
7.34364e-30
5.24864e-29
3.81024e-28
2.74835e-27
1.94645e-26
1.34165e-25
8.92929e-25
5.69105e-24
3.44729e-23
1.97119e-22
1.05795e-21
5.31079e-21
2.48942e-20
1.08984e-19
4.37148e-19
1.65773e-18
6.01081e-18
2.03315e-17
6.59218e-17
2.04249e-16
5.99211e-16
1.69895e-15
4.60765e-15
1.20652e-14
3.05158e-14
7.46553e-14
1.76674e-13
4.06226e-13
9.11442e-13
1.98683e-12
4.23172e-12
8.81832e-12
1.80485e-11
3.6092e-11
7.09039e-11
1.38334e-10
2.62311e-10
4.90738e-10
9.13961e-10
1.65621e-09
2.96052e-09
5.20088e-09
8.9322e-09
1.4848e-08
2.33876e-08
3.30545e-08
3.55639e-08
1.95063e-08
1.0675e-08
5.79262e-09
3.05183e-09
1.58982e-09
8.04681e-10
3.93171e-10
1.8422e-10
8.22359e-11
3.44401e-11
1.35532e-11
4.93856e-12
1.64757e-12
4.96868e-13
1.33584e-13
3.15224e-14
6.48493e-15
1.0879e-15
1.55966e-16
1.9342e-17
2.12034e-18
2.11019e-19
1.9574e-20
1.73011e-21
1.48134e-22
1.24252e-23
1.02839e-24
8.43642e-26
6.8782e-27
5.58239e-28
4.51475e-29
3.6408e-30
2.92892e-31
2.35134e-32
1.88428e-33
1.50769e-34
1.20483e-35
9.61816e-37
7.67213e-38
6.11698e-39
4.88337e-40
3.31167e-41
1.70724e-36
1.30269e-35
5.18614e-35
1.69064e-34
5.00143e-34
1.41568e-33
4.00213e-33
1.20039e-32
4.21958e-32
1.88531e-31
1.08069e-30
7.23356e-30
5.16406e-29
3.74656e-28
2.7013e-27
1.91242e-26
1.31771e-25
8.76489e-25
5.58459e-24
3.3817e-23
1.93228e-22
1.03632e-21
5.1981e-21
2.43501e-20
1.06535e-19
4.27082e-19
1.6187e-18
5.86736e-18
1.98422e-17
6.43205e-17
1.99213e-16
5.84301e-16
1.65608e-15
4.49003e-15
1.1756e-14
2.9726e-14
7.27127e-14
1.72069e-13
3.95603e-13
8.87805e-13
1.93599e-12
4.12543e-12
8.59931e-12
1.76145e-11
3.52558e-11
6.93385e-11
1.34076e-10
2.54906e-10
4.77309e-10
8.89749e-10
1.61266e-09
2.88402e-09
5.06914e-09
8.71152e-09
1.44966e-08
2.28711e-08
3.24435e-08
3.52501e-08
1.93146e-08
1.05666e-08
5.72313e-09
3.04828e-09
1.58841e-09
8.04627e-10
3.93692e-10
1.84845e-10
8.27862e-11
3.46293e-11
1.36723e-11
5.00117e-12
1.67616e-12
5.08172e-13
1.37628e-13
3.2395e-14
6.72199e-15
1.13829e-15
1.64639e-16
2.05762e-17
2.26978e-18
2.26952e-19
2.11218e-20
1.87116e-21
1.60456e-22
1.34729e-23
1.11592e-24
9.15936e-26
7.47063e-27
6.06514e-28
4.90642e-29
3.95748e-30
3.18425e-31
2.5575e-32
2.05029e-33
1.64064e-34
1.31115e-35
1.04673e-36
8.34976e-38
6.65744e-39
5.315e-40
3.60449e-41
1.7138e-36
1.30767e-35
5.20584e-35
1.69701e-34
5.01986e-34
1.42054e-33
4.01277e-33
1.20103e-32
4.20469e-32
1.86761e-31
1.0652e-30
7.10968e-30
5.06859e-29
3.67456e-28
2.648e-27
1.8738e-26
1.29077e-25
8.58238e-25
5.46463e-24
3.30639e-23
1.88767e-22
1.01155e-21
5.07133e-21
2.37322e-20
1.03747e-19
4.15612e-19
1.57412e-18
5.70332e-18
1.92718e-17
6.24426e-17
1.9327e-16
5.66573e-16
1.60497e-15
4.34953e-15
1.13886e-14
2.87885e-14
7.03828e-14
1.66518e-13
3.82834e-13
8.58614e-13
1.87247e-12
3.99071e-12
8.32083e-12
1.70478e-11
3.41087e-11
6.70509e-11
1.29586e-10
2.46426e-10
4.61548e-10
8.61265e-10
1.56154e-09
2.79341e-09
4.91237e-09
8.44718e-09
1.40682e-08
2.22342e-08
3.16668e-08
3.47829e-08
1.90395e-08
1.04208e-08
5.64857e-09
3.01433e-09
1.57404e-09
7.98828e-10
3.91868e-10
1.8457e-10
8.30257e-11
3.47105e-11
1.37615e-11
5.05851e-12
1.70455e-12
5.20182e-13
1.42148e-13
3.3407e-14
6.98569e-15
1.19327e-15
1.7405e-16
2.1918e-17
2.43294e-18
2.44421e-19
2.28239e-20
2.02651e-21
1.74037e-22
1.46274e-23
1.21234e-24
9.95532e-26
8.12255e-27
6.59608e-28
5.33734e-29
4.30642e-30
3.46653e-31
2.78389e-32
2.23156e-33
1.78584e-34
1.42729e-35
1.13953e-36
9.09066e-38
7.24872e-39
5.78753e-40
3.92526e-41
1.72205e-36
1.31394e-35
5.2307e-35
1.70507e-34
5.04333e-34
1.42682e-33
4.02715e-33
1.20251e-32
4.19059e-32
1.84887e-31
1.04842e-30
6.97445e-30
4.964e-29
3.59621e-28
2.59054e-27
1.83263e-26
1.2614e-25
8.37959e-25
5.33085e-24
3.22198e-23
1.83848e-22
9.84338e-22
4.92762e-21
2.30449e-20
1.00636e-19
4.02773e-19
1.52414e-18
5.51879e-18
1.86314e-17
6.03302e-17
1.8657e-16
5.46552e-16
1.54716e-15
4.18967e-15
1.09598e-14
2.77014e-14
6.77055e-14
1.60136e-13
3.68026e-13
8.25459e-13
1.79917e-12
3.83197e-12
7.98534e-12
1.63564e-11
3.27289e-11
6.43557e-11
1.24422e-10
2.36727e-10
4.43544e-10
8.28143e-10
1.50227e-09
2.68869e-09
4.72992e-09
8.13702e-09
1.35629e-08
2.14684e-08
3.07106e-08
3.41343e-08
1.86652e-08
1.02242e-08
5.54846e-09
2.96607e-09
1.55267e-09
7.88645e-10
3.8807e-10
1.83475e-10
8.29491e-11
3.46868e-11
1.38227e-11
5.11057e-12
1.73404e-12
5.33326e-13
1.47233e-13
3.45759e-14
7.29793e-15
1.25883e-15
1.85354e-16
2.35395e-17
2.63113e-18
2.65721e-19
2.49045e-20
2.21667e-21
1.90668e-22
1.60412e-23
1.33033e-24
1.09284e-25
8.91876e-27
7.24381e-28
5.86138e-29
4.7282e-30
3.80398e-31
3.05393e-32
2.44765e-33
1.95895e-34
1.56578e-35
1.25021e-36
9.97464e-38
7.95449e-39
6.35188e-40
4.30857e-41
1.73223e-36
1.32168e-35
5.26142e-35
1.71505e-34
5.07249e-34
1.43469e-33
4.04588e-33
1.20513e-32
4.17893e-32
1.83051e-31
1.0316e-30
6.83912e-30
4.86034e-29
3.5173e-28
2.53133e-27
1.78896e-26
1.23045e-25
8.1689e-25
5.19206e-24
3.13642e-23
1.7874e-22
9.55912e-22
4.78039e-21
2.23226e-20
9.73335e-20
3.89113e-19
1.47079e-18
5.32148e-18
1.79454e-17
5.80641e-17
1.79367e-16
5.24997e-16
1.48466e-15
4.01875e-15
1.05061e-14
2.65248e-14
6.47569e-14
1.53064e-13
3.5156e-13
7.87726e-13
1.71724e-12
3.6583e-12
7.62433e-12
1.5619e-11
3.12467e-11
6.14326e-11
1.1876e-10
2.25939e-10
4.23359e-10
7.90919e-10
1.43445e-09
2.56747e-09
4.51859e-09
7.77994e-09
1.2981e-08
2.05873e-08
2.95722e-08
3.3269e-08
1.81772e-08
9.9718e-09
5.42159e-09
2.90508e-09
1.52541e-09
7.75875e-10
3.833e-10
1.82061e-10
8.28039e-11
3.46669e-11
1.38991e-11
5.17429e-12
1.76931e-12
5.49126e-13
1.53436e-13
3.60449e-14
7.68555e-15
1.34048e-15
1.99574e-16
2.55969e-17
2.88419e-18
2.93039e-19
2.75809e-20
2.46174e-21
2.12121e-22
1.78656e-23
1.48263e-24
1.21843e-25
9.94608e-27
8.07938e-28
6.53847e-29
5.27544e-30
4.24594e-31
3.41061e-32
2.73452e-33
2.18922e-34
1.75014e-35
1.39748e-36
1.11498e-37
8.89209e-39
7.10119e-40
4.81738e-41
1.74454e-36
1.33107e-35
5.29891e-35
1.7273e-34
5.10852e-34
1.4445e-33
4.06984e-33
1.20916e-32
4.16956e-32
1.81315e-31
1.01526e-30
6.70445e-30
4.75415e-29
3.4364e-28
2.47127e-27
1.74554e-26
1.19988e-25
7.96006e-25
5.05533e-24
3.04931e-23
1.73493e-22
9.26902e-22
4.629e-21
2.15777e-20
9.39946e-20
3.75268e-19
1.41656e-18
5.12049e-18
1.72449e-17
5.57464e-17
1.71986e-16
5.02903e-16
1.42102e-15
3.84306e-15
1.00396e-14
2.5327e-14
6.17465e-14
1.45835e-13
3.34806e-13
7.49779e-13
1.63389e-12
3.47967e-12
7.24825e-12
1.48427e-11
2.96795e-11
5.83475e-11
1.12774e-10
2.14512e-10
4.01891e-10
7.50955e-10
1.36198e-09
2.43837e-09
4.29266e-09
7.39202e-09
1.23415e-08
1.96001e-08
2.82608e-08
3.21433e-08
1.76961e-08
9.71771e-09
5.29473e-09
2.84554e-09
1.49517e-09
7.66476e-10
3.80372e-10
1.81651e-10
8.31811e-11
3.49093e-11
1.40989e-11
5.29135e-12
1.82563e-12
5.72235e-13
1.61761e-13
3.82052e-14
8.24476e-15
1.45671e-15
2.19607e-16
2.84886e-17
3.24069e-18
3.31655e-19
3.13739e-20
2.80958e-21
2.42596e-22
2.04579e-23
1.69902e-24
1.39683e-25
1.14049e-26
9.26559e-28
7.49897e-29
6.05068e-30
4.86944e-31
3.90959e-32
3.13314e-33
2.50731e-34
2.00427e-35
1.6008e-36
1.27767e-37
1.01938e-38
8.14451e-40
5.52756e-41
1.75738e-36
1.34079e-35
5.33721e-35
1.73968e-34
5.14484e-34
1.45453e-33
4.09549e-33
1.21429e-32
4.16649e-32
1.79891e-31
1.00067e-30
6.58228e-30
4.65868e-29
3.36419e-28
2.41783e-27
1.70677e-26
1.17237e-25
7.77075e-25
4.93008e-24
2.97e-23
1.68837e-22
9.00008e-22
4.48868e-21
2.09014e-20
9.08338e-20
3.62019e-19
1.36427e-18
4.92527e-18
1.65585e-17
5.34544e-17
1.64605e-16
4.80617e-16
1.35599e-15
3.6628e-15
9.55745e-15
2.40757e-14
5.86708e-14
1.38445e-13
3.17536e-13
7.10122e-13
1.54642e-12
3.29096e-12
6.85636e-12
1.40387e-11
2.80668e-11
5.51456e-11
1.06622e-10
2.02811e-10
3.79939e-10
7.1017e-10
1.28724e-09
2.30403e-09
4.05555e-09
6.98638e-09
1.16694e-08
1.8555e-08
2.68553e-08
3.09172e-08
1.71297e-08
9.46492e-09
5.19079e-09
2.81056e-09
1.48105e-09
7.6494e-10
3.82499e-10
1.84104e-10
8.50038e-11
3.59222e-11
1.46374e-11
5.54597e-12
1.93321e-12
6.12979e-13
1.75706e-13
4.2163e-14
9.24188e-15
1.65904e-15
2.53835e-16
3.33539e-17
3.83313e-18
3.95228e-19
3.75757e-20
3.37537e-21
2.91953e-22
2.46411e-23
2.04711e-24
1.68308e-25
1.37401e-26
1.11605e-27
9.03063e-29
7.28509e-30
5.86229e-31
4.70762e-32
3.77946e-33
3.02915e-34
2.42439e-35
1.93821e-36
1.5482e-37
1.23541e-38
9.87341e-40
6.7034e-41
1.77388e-36
1.35337e-35
5.38747e-35
1.75621e-34
5.19423e-34
1.46852e-33
4.13321e-33
1.22335e-32
4.17895e-32
1.79298e-31
9.91286e-31
6.49718e-30
4.59059e-29
3.31215e-28
2.37901e-27
1.6784e-26
1.15209e-25
7.63005e-25
4.836e-24
2.91047e-23
1.65164e-22
8.79341e-22
4.37563e-21
2.03262e-20
8.82294e-20
3.51207e-19
1.32116e-18
4.76469e-18
1.59979e-17
5.15908e-17
1.57235e-16
4.59518e-16
1.29465e-15
3.49281e-15
9.10293e-15
2.28959e-14
5.56782e-14
1.31564e-13
3.01273e-13
6.72386e-13
1.46339e-12
3.11171e-12
6.47508e-12
1.32591e-11
2.65044e-11
5.20883e-11
1.0064e-10
1.91597e-10
3.5904e-10
6.71581e-10
1.21844e-09
2.18134e-09
3.84006e-09
6.61524e-09
1.10544e-08
1.76026e-08
2.55939e-08
2.99203e-08
1.71003e-08
9.5734e-09
5.30997e-09
2.90581e-09
1.54118e-09
8.02849e-10
4.04668e-10
1.96461e-10
9.14096e-11
3.90214e-11
1.60807e-11
6.16544e-12
2.17226e-12
6.96656e-13
2.00786e-13
5.11167e-14
1.13804e-14
2.07622e-15
3.22407e-16
4.28972e-17
4.97676e-18
5.16416e-19
4.92759e-20
4.43327e-21
3.83519e-22
3.23474e-23
2.68428e-24
2.20406e-25
1.79693e-26
1.45766e-27
1.17804e-28
9.49267e-30
7.63116e-31
6.12327e-32
4.91124e-33
3.93328e-34
3.14629e-35
2.51445e-36
2.0082e-37
1.60337e-38
1.28188e-39
8.70674e-41
1.79336e-36
1.36828e-35
5.44754e-35
1.7762e-34
5.25497e-34
1.48614e-33
4.18287e-33
1.23678e-32
4.21047e-32
1.79666e-31
9.88125e-31
6.45428e-30
4.55218e-29
3.28126e-28
2.35514e-27
1.66036e-26
1.13866e-25
7.5326e-25
4.76749e-24
2.86443e-23
1.62246e-22
8.62026e-22
4.28106e-21
1.98449e-20
8.58885e-20
3.40999e-19
1.28052e-18
4.60974e-18
1.54357e-17
4.9694e-17
1.51256e-16
4.41457e-16
1.2411e-15
3.34354e-15
8.70153e-15
2.1844e-14
5.30331e-14
1.25034e-13
2.86267e-13
6.38494e-13
1.39494e-12
2.96259e-12
6.1639e-12
1.26168e-11
2.52438e-11
4.96368e-11
9.59691e-11
1.83269e-10
3.43361e-10
6.42384e-10
1.16577e-09
2.08886e-09
3.68194e-09
6.35433e-09
1.06481e-08
1.70405e-08
2.50523e-08
3.02433e-08
1.97209e-08
1.10538e-08
6.13672e-09
3.3598e-09
1.78219e-09
9.28698e-10
4.69472e-10
2.28532e-10
1.06899e-10
4.61003e-11
1.91158e-11
7.38259e-12
2.63772e-12
8.55661e-13
2.5014e-13
6.45076e-14
1.46973e-14
2.73996e-15
4.34373e-16
5.88579e-17
6.92862e-18
7.26427e-19
6.97666e-20
6.2988e-21
5.45687e-22
4.60312e-23
3.8174e-24
3.1312e-25
2.54964e-26
2.06556e-27
1.66716e-28
1.34176e-29
1.07742e-30
8.63749e-32
6.90973e-33
5.5242e-34
4.41269e-35
3.52187e-36
2.80934e-37
2.24159e-38
1.79219e-39
1.21757e-40
1.81265e-36
1.38306e-35
5.50713e-35
1.79596e-34
5.31441e-34
1.50309e-33
4.22966e-33
1.24935e-32
4.2431e-32
1.80534e-31
9.90168e-31
6.45719e-30
4.55051e-29
3.27859e-28
2.35242e-27
1.65776e-26
1.1362e-25
7.51015e-25
4.74801e-24
2.84863e-23
1.61088e-22
8.54121e-22
4.23231e-21
1.95736e-20
8.45251e-20
3.34971e-19
1.25497e-18
4.50672e-18
1.50649e-17
4.84206e-17
1.47046e-16
4.28761e-16
1.19898e-15
3.2283e-15
8.3922e-15
2.10307e-14
5.09955e-14
1.2013e-13
2.7468e-13
6.12025e-13
1.33654e-12
2.83733e-12
5.90208e-12
1.20784e-11
2.41569e-11
4.77155e-11
9.22349e-11
1.76758e-10
3.3137e-10
6.20939e-10
1.1294e-09
2.02919e-09
3.58868e-09
6.22133e-09
1.04936e-08
1.69732e-08
2.54797e-08
3.2465e-08
2.63584e-08
1.44105e-08
7.84562e-09
4.23275e-09
2.21928e-09
1.14883e-09
5.7731e-10
2.7994e-10
1.29953e-10
5.73734e-11
2.38386e-11
9.27212e-12
3.33824e-12
1.09719e-12
3.25501e-13
8.609e-14
1.99133e-14
3.79392e-15
6.14561e-16
8.49121e-17
1.0156e-17
1.0773e-18
1.04257e-19
9.45408e-21
8.20742e-22
6.92742e-23
5.74322e-24
4.70705e-25
3.82872e-26
3.09811e-27
2.49751e-28
2.00763e-29
1.61026e-30
1.28902e-31
1.02976e-32
8.21612e-34
6.55142e-35
5.22328e-36
4.16491e-37
3.32227e-38
2.65561e-39
1.80398e-40
1.827e-36
1.39399e-35
5.55073e-35
1.81033e-34
5.35786e-34
1.51581e-33
4.26704e-33
1.26082e-32
4.2816e-32
1.81993e-31
9.97158e-31
6.49901e-30
4.57945e-29
3.29972e-28
2.36785e-27
1.66873e-26
1.14357e-25
7.55658e-25
4.77465e-24
2.86206e-23
1.61642e-22
8.5558e-22
4.2297e-21
1.95091e-20
8.40113e-20
3.32152e-19
1.24145e-18
4.44533e-18
1.4826e-17
4.75532e-17
1.4408e-16
4.19418e-16
1.17033e-15
3.14619e-15
8.15788e-15
2.0396e-14
4.93649e-14
1.16102e-13
2.65103e-13
5.90018e-13
1.28771e-12
2.73222e-12
5.6816e-12
1.1623e-11
2.32525e-11
4.59798e-11
8.89064e-11
1.70876e-10
3.20496e-10
6.01312e-10
1.09592e-09
1.97413e-09
3.5024e-09
6.09524e-09
1.03372e-08
1.68691e-08
2.57603e-08
3.42377e-08
3.2049e-08
1.74199e-08
9.43514e-09
5.06724e-09
2.64797e-09
1.3684e-09
6.88682e-10
3.35018e-10
1.56573e-10
6.95856e-11
2.91441e-11
1.14772e-11
4.17979e-12
1.39381e-12
4.19167e-13
1.12717e-13
2.68241e-14
5.24196e-15
8.70648e-16
1.23067e-16
1.50003e-17
1.61386e-18
1.5769e-19
1.43834e-20
1.25265e-21
1.05879e-22
8.78099e-24
7.19467e-25
5.84835e-26
4.72837e-27
3.80818e-28
3.05827e-29
2.45063e-30
1.96033e-31
1.56602e-32
1.24976e-33
9.96667e-35
7.94503e-36
6.33262e-37
5.04862e-38
4.03334e-39
2.7389e-40
1.83695e-36
1.4016e-35
5.58139e-35
1.82063e-34
5.39007e-34
1.52578e-33
4.29919e-33
1.27223e-32
4.32949e-32
1.84429e-31
1.01153e-30
6.59486e-30
4.64711e-29
3.34982e-28
2.40462e-27
1.69501e-26
1.16158e-25
7.67347e-25
4.8455e-24
2.90165e-23
1.63656e-22
8.64803e-22
4.26678e-21
1.96406e-20
8.43796e-20
3.32865e-19
1.24091e-18
4.42839e-18
1.47318e-17
4.71295e-17
1.42432e-16
4.13747e-16
1.15173e-15
3.08938e-15
7.98207e-15
1.99085e-14
4.80709e-14
1.1281e-13
2.57127e-13
5.71405e-13
1.24527e-12
2.63957e-12
5.48383e-12
1.12053e-11
2.24109e-11
4.43315e-11
8.57261e-11
1.6482e-10
3.09172e-10
5.80018e-10
1.05704e-09
1.90469e-09
3.3812e-09
5.8915e-09
1.00086e-08
1.63946e-08
2.52486e-08
3.43147e-08
3.43587e-08
1.88208e-08
1.0269e-08
5.56146e-09
2.93024e-09
1.5268e-09
7.72977e-10
3.78797e-10
1.78543e-10
8.06261e-11
3.38152e-11
1.34656e-11
4.97142e-12
1.69247e-12
5.2163e-13
1.43615e-13
3.37539e-14
7.09832e-15
1.2128e-15
1.75895e-16
2.19025e-17
2.39466e-18
2.36548e-19
2.17207e-20
1.89852e-21
1.60732e-22
1.33354e-23
1.09226e-24
8.87207e-26
7.16603e-27
5.76514e-28
4.62462e-29
3.70155e-30
2.95769e-31
2.36026e-32
1.88175e-33
1.4993e-34
1.19418e-35
9.51071e-37
7.5766e-38
6.04853e-39
4.10494e-40
1.8419e-36
1.40542e-35
5.59704e-35
1.82605e-34
5.40815e-34
1.53203e-33
4.32293e-33
1.28279e-32
4.38656e-32
1.87977e-31
1.03658e-30
6.78156e-30
4.7887e-29
3.45338e-28
2.47879e-27
1.74642e-26
1.19674e-25
7.90248e-25
4.98568e-24
2.98135e-23
1.67823e-22
8.84679e-22
4.3548e-21
1.99833e-20
8.55698e-20
3.36728e-19
1.25209e-18
4.45238e-18
1.4775e-17
4.71148e-17
1.42003e-16
4.11389e-16
1.14202e-15
3.05444e-15
7.85933e-15
1.95311e-14
4.70112e-14
1.09985e-13
2.50048e-13
5.54359e-13
1.20536e-12
2.54997e-12
5.29048e-12
1.07948e-11
2.15555e-11
4.26028e-11
8.22763e-11
1.58019e-10
2.96295e-10
5.55527e-10
1.01197e-09
1.82265e-09
3.23318e-09
5.63053e-09
9.5711e-09
1.56974e-08
2.42719e-08
3.34063e-08
3.47251e-08
1.91225e-08
1.05045e-08
5.71612e-09
3.06218e-09
1.6079e-09
8.19346e-10
4.05348e-10
1.93024e-10
8.8138e-11
3.71345e-11
1.49987e-11
5.6422e-12
1.94656e-12
6.10805e-13
1.72581e-13
4.11282e-14
8.84805e-15
1.55567e-15
2.31876e-16
2.95693e-17
3.29443e-18
3.2989e-19
3.05685e-20
2.68721e-21
2.28292e-22
1.89791e-23
1.55631e-24
1.26492e-25
1.02197e-26
8.2223e-28
6.5951e-29
5.2778e-30
4.21626e-31
3.364e-32
2.68861e-33
2.14632e-34
1.71191e-35
1.36461e-36
1.08751e-37
8.6806e-39
5.88814e-40
1.8392e-36
1.40319e-35
5.58653e-35
1.82208e-34
5.3955e-34
1.52877e-33
4.31844e-33
1.28526e-32
4.42226e-32
1.91047e-31
1.06127e-30
6.9758e-30
4.93978e-29
3.57106e-28
2.5688e-27
1.81347e-26
1.24333e-25
8.21547e-25
5.18502e-24
3.09993e-23
1.74332e-22
9.17366e-22
4.50255e-21
2.05675e-20
8.77394e-20
3.44087e-19
1.27494e-18
4.51725e-18
1.49455e-17
4.74763e-17
1.42753e-16
4.12371e-16
1.14172e-15
3.03852e-15
7.78564e-15
1.92749e-14
4.62346e-14
1.07791e-13
2.44366e-13
5.40319e-13
1.17175e-12
2.47337e-12
5.11972e-12
1.04188e-11
2.07902e-11
4.10527e-11
7.91371e-11
1.51771e-10
2.84011e-10
5.31946e-10
9.68939e-10
1.74234e-09
3.08904e-09
5.37759e-09
9.14126e-09
1.50077e-08
2.32722e-08
3.2278e-08
3.43395e-08
1.89676e-08
1.04745e-08
5.73262e-09
3.09272e-09
1.63634e-09
8.39039e-10
4.18562e-10
2.01097e-10
9.2749e-11
3.94625e-11
1.61347e-11
6.13734e-12
2.15402e-12
6.86539e-13
1.96181e-13
4.93125e-14
1.07946e-14
1.94354e-15
2.9633e-16
3.853e-17
4.35666e-18
4.4059e-19
4.10615e-20
3.61961e-21
3.07766e-22
2.55791e-23
2.09569e-24
1.70147e-25
1.37898e-26
1.11233e-27
8.941e-29
7.16765e-30
5.73411e-31
4.57968e-32
3.64618e-33
2.90141e-34
2.30805e-35
1.83489e-36
1.45929e-37
1.16309e-38
7.88248e-40
1.84185e-36
1.40516e-35
5.59374e-35
1.824e-34
5.40011e-34
1.5303e-33
4.3277e-33
1.29255e-32
4.48189e-32
1.95673e-31
1.09771e-30
7.26284e-30
5.16457e-29
3.74509e-28
2.70101e-27
1.91119e-26
1.3129e-25
8.67731e-25
5.47109e-24
3.26442e-23
1.83058e-22
9.59825e-22
4.69193e-21
2.13897e-20
9.08291e-20
3.54893e-19
1.30987e-18
4.61648e-18
1.52201e-17
4.81181e-17
1.44236e-16
4.15297e-16
1.14654e-15
3.03825e-15
7.75802e-15
1.91478e-14
4.58037e-14
1.06484e-13
2.40878e-13
5.3152e-13
1.15034e-12
2.42406e-12
5.00969e-12
1.01746e-11
2.0265e-11
3.99565e-11
7.6966e-11
1.47424e-10
2.7574e-10
5.1608e-10
9.40208e-10
1.69006e-09
2.99501e-09
5.21289e-09
8.85985e-09
1.45502e-08
2.25954e-08
3.14883e-08
3.39139e-08
1.8764e-08
1.03937e-08
5.70765e-09
3.0911e-09
1.6427e-09
8.45613e-10
4.24027e-10
2.04963e-10
9.50983e-11
4.0779e-11
1.68021e-11
6.45859e-12
2.28753e-12
7.37951e-13
2.13668e-13
5.46864e-14
1.22884e-14
2.26924e-15
3.54895e-16
4.72386e-17
5.44658e-18
5.58923e-19
5.26087e-20
4.66607e-21
3.98119e-22
3.31445e-23
2.71699e-24
2.20511e-25
1.77229e-26
1.41878e-27
1.1327e-28
9.02602e-30
7.18293e-31
5.71086e-32
4.53739e-33
3.60349e-34
2.8612e-35
2.27268e-36
1.80531e-37
1.43662e-38
9.72035e-40
)
;

boundaryField
{
    fuel
    {
        type            fixedValue;
        value           uniform 0;
    }
    air
    {
        type            fixedValue;
        value           uniform 0;
    }
    outlet
    {
        type            inletOutlet;
        inletValue      uniform 0;
        value           nonuniform List<scalar> 
200
(
1.84227e-36
1.40548e-35
5.59502e-35
1.82442e-34
5.40136e-34
1.53065e-33
4.32866e-33
1.29281e-32
4.48265e-32
1.957e-31
1.09784e-30
7.2636e-30
5.1651e-29
3.74549e-28
2.7013e-27
1.9114e-26
1.31304e-25
8.67828e-25
5.47172e-24
3.2648e-23
1.83079e-22
9.59939e-22
4.69247e-21
2.13921e-20
9.08393e-20
3.54931e-19
1.31001e-18
4.61694e-18
1.52215e-17
4.81222e-17
1.44247e-16
4.15325e-16
1.1466e-15
3.03834e-15
7.75809e-15
1.91474e-14
4.58012e-14
1.06473e-13
2.40842e-13
5.31406e-13
1.15e-12
2.42309e-12
5.00701e-12
1.01674e-11
2.02559e-11
3.99558e-11
7.69714e-11
1.47437e-10
2.75766e-10
5.16131e-10
9.40302e-10
1.69023e-09
2.99532e-09
5.21344e-09
8.8608e-09
1.45518e-08
2.25977e-08
3.14911e-08
3.39158e-08
1.8765e-08
1.03942e-08
5.70796e-09
3.09126e-09
1.64278e-09
8.45656e-10
4.24054e-10
2.04978e-10
9.51049e-11
4.07816e-11
1.6803e-11
6.45879e-12
2.28748e-12
7.37746e-13
2.13604e-13
5.46699e-14
1.22847e-14
2.26854e-15
3.54782e-16
4.72228e-17
5.44467e-18
5.58719e-19
5.25888e-20
4.66426e-21
3.97962e-22
3.31313e-23
2.7159e-24
2.20422e-25
1.77156e-26
1.4182e-27
1.13224e-28
9.02229e-30
7.17994e-31
5.70846e-32
4.53547e-33
3.60197e-34
2.85997e-35
2.27163e-36
1.80444e-37
1.43591e-38
9.71555e-40
1.84185e-36
1.40516e-35
5.59374e-35
1.824e-34
5.40011e-34
1.5303e-33
4.3277e-33
1.29255e-32
4.48189e-32
1.95673e-31
1.09771e-30
7.26284e-30
5.16457e-29
3.74509e-28
2.70101e-27
1.91119e-26
1.3129e-25
8.67731e-25
5.47109e-24
3.26442e-23
1.83058e-22
9.59825e-22
4.69193e-21
2.13897e-20
9.08291e-20
3.54893e-19
1.30987e-18
4.61648e-18
1.52201e-17
4.81181e-17
1.44236e-16
4.15297e-16
1.14654e-15
3.03825e-15
7.75802e-15
1.91478e-14
4.58037e-14
1.06484e-13
2.40878e-13
5.3152e-13
1.15034e-12
2.42406e-12
5.00969e-12
1.01746e-11
2.0265e-11
3.99565e-11
7.6966e-11
1.47424e-10
2.7574e-10
5.1608e-10
9.40208e-10
1.69006e-09
2.99501e-09
5.21289e-09
8.85985e-09
1.45502e-08
2.25954e-08
3.14883e-08
3.39139e-08
1.8764e-08
1.03937e-08
5.70765e-09
3.0911e-09
1.6427e-09
8.45613e-10
4.24027e-10
2.04963e-10
9.50983e-11
4.0779e-11
1.68021e-11
6.45859e-12
2.28753e-12
7.37951e-13
2.13668e-13
5.46864e-14
1.22884e-14
2.26924e-15
3.54895e-16
4.72386e-17
5.44658e-18
5.58923e-19
5.26087e-20
4.66607e-21
3.98119e-22
3.31445e-23
2.71699e-24
2.20511e-25
1.77229e-26
1.41878e-27
1.1327e-28
9.02602e-30
7.18293e-31
5.71086e-32
4.53739e-33
3.60349e-34
2.8612e-35
2.27268e-36
1.80531e-37
1.43662e-38
9.72035e-40
)
;
    }
    frontAndBack
    {
        type            empty;
    }
    internal
    {
        type            internal;
    }
}


// ************************************************************************* //
