/*--------------------------------*- C++ -*----------------------------------*\
  =========                 |
  \\      /  F ield         | OpenFOAM: The Open Source CFD Toolbox
   \\    /   O peration     | Website:  https://openfoam.org
    \\  /    A nd           | Version:  10
     \\/     M anipulation  |
\*---------------------------------------------------------------------------*/
FoamFile
{
    format      ascii;
    class       volScalarField;
    location    "1";
    object      CH2(S);
}
// * * * * * * * * * * * * * * * * * * * * * * * * * * * * * * * * * * * * * //

dimensions      [0 0 0 0 0 0 0];

internalField   nonuniform List<scalar> 
4000
(
2.11664e-31
1.91685e-30
1.11767e-29
5.57653e-29
2.52613e-28
1.07426e-27
4.36832e-27
1.71401e-26
6.50648e-26
2.32336e-25
7.88367e-25
2.56756e-24
8.04593e-24
2.4218e-23
6.98027e-23
1.92157e-22
5.04844e-22
1.27217e-21
3.12709e-21
7.77641e-21
2.06905e-20
6.16748e-20
2.04189e-19
7.10365e-19
2.43721e-18
7.86086e-18
2.41199e-17
7.12219e-17
2.0023e-16
5.54307e-16
1.50261e-15
4.03102e-15
1.06212e-14
2.73216e-14
6.84731e-14
1.67008e-13
3.96423e-13
9.16745e-13
2.06582e-12
4.5443e-12
9.80666e-12
2.06024e-11
4.24196e-11
8.57288e-11
1.69658e-10
3.31565e-10
6.30523e-10
1.18587e-09
2.16104e-09
3.89632e-09
6.74414e-09
1.13181e-08
1.83561e-08
2.86111e-08
4.25445e-08
5.95998e-08
7.66837e-08
8.55398e-08
7.21139e-08
3.97105e-08
2.18986e-08
1.19756e-08
6.4607e-09
3.42144e-09
1.75603e-09
8.78625e-10
4.2497e-10
1.99309e-10
8.98773e-11
4.00073e-11
1.63572e-11
6.07834e-12
2.05183e-12
6.24149e-13
1.69333e-13
4.09634e-14
8.36439e-15
1.51528e-15
2.54161e-16
4.26261e-17
7.84061e-18
1.67269e-18
4.0796e-19
1.08046e-19
2.97029e-20
8.24922e-21
2.28214e-21
6.24084e-22
1.69065e-22
4.53219e-23
1.20213e-23
3.15564e-24
8.19795e-25
2.10551e-25
5.33008e-26
1.31944e-26
3.13635e-27
6.86459e-28
1.25006e-28
1.18261e-29
2.11918e-31
1.9193e-30
1.11941e-29
5.58812e-29
2.53292e-28
1.0777e-27
4.38332e-27
1.71952e-26
6.52245e-26
2.32768e-25
7.88525e-25
2.56147e-24
7.99996e-24
2.398e-23
6.87789e-23
1.88279e-22
4.91468e-22
1.2315e-21
3.01185e-21
7.44839e-21
1.96847e-20
5.83048e-20
1.92399e-19
6.66608e-19
2.2953e-18
7.44342e-18
2.2999e-17
6.85453e-17
1.94071e-16
5.41331e-16
1.47517e-15
3.97476e-15
1.05071e-14
2.71474e-14
6.82714e-14
1.67011e-13
3.97461e-13
9.21574e-13
2.08077e-12
4.58544e-12
9.91298e-12
2.08559e-11
4.29999e-11
8.70581e-11
1.72452e-10
3.37169e-10
6.41471e-10
1.20741e-09
2.20101e-09
3.97012e-09
6.86842e-09
1.15271e-08
1.86922e-08
2.91165e-08
4.32485e-08
6.0458e-08
7.74643e-08
8.56418e-08
7.08293e-08
3.89809e-08
2.14554e-08
1.17072e-08
6.29901e-09
3.32483e-09
1.70126e-09
8.47757e-10
4.07938e-10
1.90712e-10
8.57732e-11
3.78949e-11
1.53028e-11
5.63578e-12
1.88152e-12
5.65285e-13
1.5074e-13
3.55348e-14
7.08878e-15
1.25794e-15
2.08308e-16
3.49456e-17
6.52489e-18
1.42442e-18
3.55327e-19
9.59121e-20
2.67973e-20
7.55237e-21
2.12047e-21
5.90659e-22
1.62037e-22
4.37938e-23
1.16751e-23
3.07375e-24
7.99504e-25
2.05167e-25
5.19015e-26
1.28392e-26
3.04901e-27
6.66967e-28
1.21437e-28
1.14867e-29
2.1329e-31
1.93216e-30
1.12748e-29
5.63161e-29
2.55379e-28
1.08678e-27
4.4191e-27
1.73211e-26
6.56024e-26
2.33775e-25
7.90143e-25
2.5594e-24
7.96842e-24
2.37916e-23
6.79329e-23
1.85034e-22
4.81223e-22
1.20116e-21
2.92342e-21
7.18128e-21
1.88103e-20
5.52052e-20
1.81294e-19
6.29509e-19
2.1763e-18
7.10072e-18
2.21054e-17
6.63274e-17
1.89042e-16
5.30822e-16
1.45236e-15
3.92865e-15
1.04195e-14
2.70619e-14
6.83469e-14
1.67816e-13
4.00684e-13
9.32061e-13
2.10971e-12
4.65981e-12
1.00957e-11
2.12772e-11
4.39438e-11
8.91441e-11
1.76704e-10
3.45747e-10
6.58648e-10
1.24093e-09
2.26506e-09
4.08782e-09
7.06892e-09
1.18703e-08
1.92383e-08
2.99301e-08
4.43587e-08
6.17538e-08
7.85183e-08
8.54324e-08
6.81584e-08
3.74851e-08
2.05729e-08
1.11885e-08
5.99216e-09
3.14626e-09
1.60371e-09
7.94307e-10
3.79922e-10
1.76711e-10
7.9321e-11
3.46258e-11
1.38174e-11
5.00052e-12
1.64529e-12
4.89676e-13
1.24287e-13
2.89247e-14
5.67028e-15
9.94862e-16
1.64892e-16
2.81518e-17
5.42212e-18
1.22284e-18
3.1277e-19
8.58765e-20
2.42782e-20
6.90106e-21
1.94878e-21
5.43753e-22
1.49619e-22
4.05921e-23
1.08654e-23
2.87218e-24
7.5041e-25
1.93854e-25
4.92525e-26
1.22144e-26
2.90463e-27
6.35678e-28
1.15735e-28
1.09451e-29
2.13351e-31
1.93261e-30
1.12761e-29
5.63109e-29
2.55263e-28
1.08562e-27
4.41034e-27
1.72649e-26
6.52853e-26
2.32275e-25
7.83068e-25
2.52784e-24
7.83742e-24
2.33256e-23
6.64402e-23
1.80696e-22
4.69132e-22
1.16887e-21
2.83867e-21
6.95081e-21
1.8122e-20
5.29226e-20
1.73095e-19
6.01539e-19
2.08787e-18
6.84292e-18
2.1425e-17
6.47334e-17
1.85523e-16
5.24116e-16
1.44137e-15
3.9162e-15
1.04266e-14
2.71774e-14
6.89474e-14
1.69933e-13
4.07045e-13
9.49745e-13
2.15506e-12
4.77065e-12
1.03578e-11
2.18682e-11
4.52211e-11
9.18612e-11
1.8232e-10
3.56961e-10
6.80728e-10
1.28356e-09
2.3434e-09
4.22999e-09
7.31331e-09
1.22752e-08
1.988e-08
3.08813e-08
4.56127e-08
6.31516e-08
7.94567e-08
8.44798e-08
6.38687e-08
3.51001e-08
1.92179e-08
1.04453e-08
5.52311e-09
2.88763e-09
1.46696e-09
7.21923e-10
3.43042e-10
1.58947e-10
7.16553e-11
3.08485e-11
1.20648e-11
4.3051e-12
1.39554e-12
4.05846e-13
1.01814e-13
2.32753e-14
4.46755e-15
7.7268e-16
1.27929e-16
2.22007e-17
4.40286e-18
1.02286e-18
2.67488e-19
7.45588e-20
2.13072e-20
6.10841e-21
1.73759e-21
4.87997e-22
1.35066e-22
3.68348e-23
9.90414e-24
2.62767e-24
6.8825e-25
1.7788e-25
4.52356e-26
1.12327e-26
2.67511e-27
5.8631e-28
1.0688e-28
1.01139e-29
2.12495e-31
1.92468e-30
1.12273e-29
5.60495e-29
2.53964e-28
1.0794e-27
4.38108e-27
1.71297e-26
6.4675e-26
2.29663e-25
7.73051e-25
2.49214e-24
7.7195e-24
2.29453e-23
6.52673e-23
1.77264e-22
4.59625e-22
1.1437e-21
2.77317e-21
6.77432e-21
1.76e-20
5.1205e-20
1.67106e-19
5.8012e-19
2.01598e-18
6.629e-18
2.0861e-17
6.35636e-17
1.83525e-16
5.2185e-16
1.4432e-15
3.93819e-15
1.05263e-14
2.75258e-14
7.01289e-14
1.73367e-13
4.16432e-13
9.74126e-13
2.21501e-12
4.9122e-12
1.06838e-11
2.25853e-11
4.67599e-11
9.51234e-11
1.88908e-10
3.69858e-10
7.05525e-10
1.33039e-09
2.42925e-09
4.38607e-09
7.58363e-09
1.27219e-08
2.05774e-08
3.18829e-08
4.69052e-08
6.44744e-08
8.00001e-08
8.24603e-08
5.7731e-08
3.17048e-08
1.73328e-08
9.38545e-09
4.94146e-09
2.57086e-09
1.30214e-09
6.37886e-10
3.01619e-10
1.38866e-10
6.30527e-11
2.68439e-11
1.03665e-11
3.64633e-12
1.15386e-12
3.28508e-13
8.36806e-14
1.78855e-14
3.37094e-15
5.78558e-16
9.67061e-17
1.7277e-17
3.56479e-18
8.57749e-19
2.29802e-19
6.50557e-20
1.8787e-20
5.42777e-21
1.55355e-21
4.38574e-22
1.21926e-22
3.33783e-23
9.00372e-24
2.39508e-24
6.2862e-25
1.62719e-25
4.14274e-26
1.0296e-26
2.45371e-27
5.38064e-28
9.81185e-29
9.28534e-30
2.10819e-31
1.90926e-30
1.11343e-29
5.55671e-29
2.51678e-28
1.06913e-27
4.33639e-27
1.694e-26
6.39111e-26
2.26816e-25
7.63176e-25
2.45991e-24
7.61642e-24
2.26239e-23
6.43046e-23
1.74505e-22
4.5205e-22
1.12343e-21
2.71868e-21
6.61937e-21
1.71118e-20
4.9505e-20
1.61048e-19
5.60242e-19
1.9573e-18
6.47711e-18
2.05289e-17
6.29966e-17
1.83089e-16
5.23823e-16
1.45674e-15
3.99169e-15
1.07113e-14
2.80893e-14
7.18148e-14
1.78074e-13
4.28806e-13
1.00527e-12
2.2903e-12
5.08787e-12
1.10796e-11
2.34501e-11
4.86015e-11
9.89854e-11
1.96699e-10
3.85081e-10
7.35172e-10
1.38397e-09
2.52925e-09
4.56712e-09
7.89025e-09
1.32152e-08
2.1323e-08
3.29306e-08
4.82028e-08
6.56912e-08
8.01703e-08
7.95418e-08
5.02133e-08
2.77306e-08
1.52246e-08
8.2716e-09
4.36304e-09
2.26992e-09
1.14648e-09
5.59414e-10
2.63175e-10
1.21298e-10
5.49894e-11
2.30693e-11
8.78712e-12
3.03841e-12
9.49824e-13
2.66288e-13
6.62341e-14
1.38889e-14
2.58102e-15
4.41357e-16
7.47023e-17
1.37387e-17
2.93637e-18
7.27141e-19
1.98498e-19
5.6854e-20
1.65479e-20
4.80926e-21
1.38333e-21
3.92227e-22
1.09474e-22
3.00774e-23
8.13897e-24
2.1703e-24
5.70656e-25
1.47955e-25
3.7725e-26
9.39025e-27
2.24119e-27
4.9205e-28
8.97924e-29
8.49872e-30
2.08357e-31
1.88657e-30
1.09975e-29
5.48652e-29
2.48433e-28
1.0552e-27
4.28002e-27
1.67231e-26
6.30742e-26
2.2367e-25
7.52294e-25
2.42289e-24
7.49662e-24
2.22559e-23
6.32298e-23
1.71524e-22
4.44194e-22
1.10347e-21
2.66845e-21
6.48809e-21
1.67439e-20
4.83483e-20
1.57239e-19
5.47636e-19
1.91944e-18
6.38082e-18
2.03358e-17
6.28289e-17
1.83766e-16
5.28723e-16
1.47804e-15
4.06376e-15
1.09812e-14
2.88502e-14
7.39132e-14
1.83737e-13
4.43291e-13
1.04077e-12
2.37542e-12
5.28507e-12
1.15211e-11
2.44119e-11
5.0643e-11
1.0325e-10
2.05424e-10
4.00753e-10
7.66116e-10
1.43906e-09
2.63193e-09
4.75213e-09
8.20383e-09
1.37247e-08
2.21074e-08
3.40463e-08
4.96113e-08
6.70896e-08
8.06495e-08
7.72447e-08
4.44938e-08
2.46993e-08
1.3608e-08
7.40715e-09
3.91071e-09
2.03172e-09
1.02462e-09
4.99069e-10
2.35734e-10
1.06769e-10
4.83185e-11
2.00325e-11
7.54363e-12
2.57123e-12
7.91418e-13
2.16934e-13
5.32352e-14
1.09814e-14
2.01731e-15
3.44559e-16
5.91196e-17
1.11763e-17
2.4642e-18
6.25268e-19
1.73399e-19
5.016e-20
1.46979e-20
4.29312e-21
1.23994e-21
3.52818e-22
9.87893e-23
2.7223e-23
7.38913e-24
1.97784e-24
5.22199e-25
1.35829e-25
3.46905e-26
8.64073e-27
2.06245e-27
4.52729e-28
8.26025e-29
7.81744e-30
2.05673e-31
1.86183e-30
1.08479e-29
5.40881e-29
2.44764e-28
1.0389e-27
4.21059e-27
1.64374e-26
6.19556e-26
2.19456e-25
7.36545e-25
2.36941e-24
7.32563e-24
2.17387e-23
6.17524e-23
1.67544e-22
4.34088e-22
1.07902e-21
2.61066e-21
6.3479e-21
1.63662e-20
4.72369e-20
1.53823e-19
5.37326e-19
1.8904e-18
6.31535e-18
2.02603e-17
6.30049e-17
1.85565e-16
5.37118e-16
1.50937e-15
4.16485e-15
1.1296e-14
2.97508e-14
7.63829e-14
1.90339e-13
4.60148e-13
1.08284e-12
2.47323e-12
5.509e-12
1.19681e-11
2.53991e-11
5.27209e-11
1.07562e-10
2.13908e-10
4.17273e-10
7.97605e-10
1.49434e-09
2.73479e-09
4.9389e-09
8.52653e-09
1.42557e-08
2.29339e-08
3.52467e-08
5.11928e-08
6.88431e-08
8.18613e-08
7.65169e-08
4.25009e-08
2.34826e-08
1.28789e-08
6.97889e-09
3.67112e-09
1.89886e-09
9.52148e-10
4.6131e-10
2.1685e-10
9.7859e-11
4.3915e-11
1.79716e-11
6.66059e-12
2.24013e-12
6.79296e-13
1.83555e-13
4.40989e-14
8.93408e-15
1.62043e-15
2.7612e-16
4.79405e-17
9.28844e-18
2.10484e-18
5.45562e-19
1.534e-19
4.4764e-20
1.31935e-20
3.87008e-21
1.12147e-21
3.19987e-22
8.98068e-23
2.47971e-23
6.74122e-24
1.80599e-24
4.77081e-25
1.24226e-25
3.18069e-26
7.93861e-27
1.89697e-27
4.16603e-28
7.60302e-29
7.19612e-30
2.03341e-31
1.84041e-30
1.07194e-29
5.34292e-29
2.41699e-28
1.02551e-27
4.15463e-27
1.62116e-26
6.10734e-26
2.15982e-25
7.24656e-25
2.33069e-24
7.20601e-24
2.13872e-23
6.077e-23
1.64941e-22
4.27563e-22
1.06338e-21
2.574e-21
6.26096e-21
1.61279e-20
4.65338e-20
1.51502e-19
5.30034e-19
1.87236e-18
6.28287e-18
2.02493e-17
6.32572e-17
1.87226e-16
5.44111e-16
1.54759e-15
4.27545e-15
1.16264e-14
3.06819e-14
7.8904e-14
1.96972e-13
4.77147e-13
1.12172e-12
2.56587e-12
5.72603e-12
1.24454e-11
2.64304e-11
5.49111e-11
1.12024e-10
2.22812e-10
4.34558e-10
8.31002e-10
1.55552e-09
2.84571e-09
5.13467e-09
8.85393e-09
1.47887e-08
2.37615e-08
3.64577e-08
5.28116e-08
7.06997e-08
8.33245e-08
7.64006e-08
4.21099e-08
2.31549e-08
1.26367e-08
6.81008e-09
3.57231e-09
1.8372e-09
9.15759e-10
4.4083e-10
2.06259e-10
9.27301e-11
4.11028e-11
1.65758e-11
6.06782e-12
2.01681e-12
6.08368e-13
1.55249e-13
3.67843e-14
7.36367e-15
1.32748e-15
2.27083e-16
4.00771e-17
7.96439e-18
1.84977e-18
4.87826e-19
1.3859e-19
4.06839e-20
1.20342e-20
3.53829e-21
1.02707e-21
2.93457e-22
8.24593e-23
2.2792e-23
6.20128e-24
1.66213e-24
4.39216e-25
1.14402e-25
2.92839e-26
7.31016e-27
1.74793e-27
3.84155e-28
7.01414e-29
6.64026e-30
2.01491e-31
1.82351e-30
1.06192e-29
5.29217e-29
2.39369e-28
1.01543e-27
4.11271e-27
1.60415e-26
6.03971e-26
2.13375e-25
7.15411e-25
2.29991e-24
7.10905e-24
2.10991e-23
5.99641e-23
1.62814e-22
4.22229e-22
1.05053e-21
2.54362e-21
6.18576e-21
1.59408e-20
4.59723e-20
1.49911e-19
5.26075e-19
1.86454e-18
6.28213e-18
2.03416e-17
6.38376e-17
1.8989e-16
5.54203e-16
1.58278e-15
4.38532e-15
1.1954e-14
3.16001e-14
8.13787e-14
2.03446e-13
4.93195e-13
1.16037e-12
2.65632e-12
5.93463e-12
1.29039e-11
2.74155e-11
5.69452e-11
1.16167e-10
2.31053e-10
4.50718e-10
8.61493e-10
1.61214e-09
2.94841e-09
5.31587e-09
9.16458e-09
1.5297e-08
2.45521e-08
3.76018e-08
5.43294e-08
7.24204e-08
8.46294e-08
7.61854e-08
4.19026e-08
2.29849e-08
1.25043e-08
6.70927e-09
3.51947e-09
1.80146e-09
8.93361e-10
4.27766e-10
1.99258e-10
8.94113e-11
3.92076e-11
1.56266e-11
5.6578e-12
1.85867e-12
5.53031e-13
1.38956e-13
3.24519e-14
6.41168e-15
1.14558e-15
1.95678e-16
3.48139e-17
7.02462e-18
1.65693e-18
4.41812e-19
1.26345e-19
3.72286e-20
1.10367e-20
3.24986e-21
9.44465e-22
2.70137e-22
7.5982e-23
2.10213e-23
5.72369e-24
1.53475e-24
4.05775e-25
1.05753e-25
2.70979e-26
6.77214e-27
1.62077e-27
3.56428e-28
6.51019e-29
6.1643e-30
1.99662e-31
1.8067e-30
1.05186e-29
5.24097e-29
2.37024e-28
1.00547e-27
4.07279e-27
1.58899e-26
5.9851e-26
2.11367e-25
7.08504e-25
2.2771e-24
7.03539e-24
2.08743e-23
5.93195e-23
1.61096e-22
4.17965e-22
1.04051e-21
2.5209e-21
6.13065e-21
1.57955e-20
4.55912e-20
1.48891e-19
5.23706e-19
1.86253e-18
6.29876e-18
2.04793e-17
6.45228e-17
1.92736e-16
5.64452e-16
1.61727e-15
4.49127e-15
1.22643e-14
3.2464e-14
8.36844e-14
2.09401e-13
5.08261e-13
1.19657e-12
2.74016e-12
6.1248e-12
1.33197e-11
2.83019e-11
5.87994e-11
1.19961e-10
2.38635e-10
4.6544e-10
8.89553e-10
1.66442e-09
3.04336e-09
5.48349e-09
9.44867e-09
1.57571e-08
2.52602e-08
3.86285e-08
5.56798e-08
7.39231e-08
8.5708e-08
7.59103e-08
4.14588e-08
2.27307e-08
1.23519e-08
6.61435e-09
3.47092e-09
1.76491e-09
8.72407e-10
4.16169e-10
1.9315e-10
8.67353e-11
3.76679e-11
1.48608e-11
5.32892e-12
1.73372e-12
5.10038e-13
1.27532e-13
2.94524e-14
5.75585e-15
1.01999e-15
1.7369e-16
3.10256e-17
6.32124e-18
1.50668e-18
4.0483e-19
1.16303e-19
3.43591e-20
1.02016e-20
3.00703e-21
8.74601e-22
2.5034e-22
7.04676e-23
1.95142e-23
5.32161e-24
1.43047e-24
3.7921e-25
9.90396e-26
2.53919e-26
6.3439e-27
1.51765e-27
3.33651e-28
6.09294e-29
5.76897e-30
1.98102e-31
1.79238e-30
1.0433e-29
5.19738e-29
2.35019e-28
9.96836e-28
4.0373e-27
1.57491e-26
5.92806e-26
2.09248e-25
7.01442e-25
2.25553e-24
6.97447e-24
2.0702e-23
5.88379e-23
1.5977e-22
4.14582e-22
1.03248e-21
2.50213e-21
6.08958e-21
1.56973e-20
4.53472e-20
1.48324e-19
5.22874e-19
1.86479e-18
6.32662e-18
2.06426e-17
6.52571e-17
1.95632e-16
5.74629e-16
1.65098e-15
4.59415e-15
1.25664e-14
3.32952e-14
8.58989e-14
2.15166e-13
5.22773e-13
1.23136e-12
2.82104e-12
6.31009e-12
1.37204e-11
2.91471e-11
6.05456e-11
1.23493e-10
2.45665e-10
4.79123e-10
9.15593e-10
1.71285e-09
3.13092e-09
5.63618e-09
9.70862e-09
1.61795e-08
2.59069e-08
3.95462e-08
5.68567e-08
7.51583e-08
8.64092e-08
7.51273e-08
4.10753e-08
2.24969e-08
1.22079e-08
6.52517e-09
3.41557e-09
1.7353e-09
8.54894e-10
4.06259e-10
1.8793e-10
8.44629e-11
3.63723e-11
1.42238e-11
5.05773e-12
1.62997e-12
4.73629e-13
1.18381e-13
2.7092e-14
5.24567e-15
9.22661e-16
1.56712e-16
2.8103e-17
5.77632e-18
1.38928e-18
3.7566e-19
1.08318e-19
3.20616e-20
9.52901e-21
2.81044e-21
8.17746e-22
2.34129e-22
6.58983e-23
1.82432e-23
4.97411e-24
1.33785e-24
3.54736e-25
9.26724e-26
2.37849e-26
5.9497e-27
1.42477e-27
3.13444e-28
5.72618e-29
5.42255e-30
1.96817e-31
1.7806e-30
1.03626e-29
5.16164e-29
2.3338e-28
9.8981e-28
4.00858e-27
1.56357e-26
5.88116e-26
2.07471e-25
6.95309e-25
2.23572e-24
6.91374e-24
2.05314e-23
5.83953e-23
1.58714e-22
4.12024e-22
1.02639e-21
2.48823e-21
6.05736e-21
1.5626e-20
4.51845e-20
1.47992e-19
5.22838e-19
1.86943e-18
6.36007e-18
2.08146e-17
6.59895e-17
1.9843e-16
5.84296e-16
1.6826e-15
4.68998e-15
1.28453e-14
3.40727e-14
8.79906e-14
2.20483e-13
5.35904e-13
1.26263e-12
2.89349e-12
6.47239e-12
1.40779e-11
2.9918e-11
6.2166e-11
1.26803e-10
2.52216e-10
4.91769e-10
9.39424e-10
1.75652e-09
3.20914e-09
5.77205e-09
9.93512e-09
1.65413e-08
2.64571e-08
4.03258e-08
5.78438e-08
7.61645e-08
8.68545e-08
7.41868e-08
4.06148e-08
2.22326e-08
1.20529e-08
6.43278e-09
3.35984e-09
1.70593e-09
8.38107e-10
3.97081e-10
1.83185e-10
8.24176e-11
3.5224e-11
1.36733e-11
4.82327e-12
1.5418e-12
4.43486e-13
1.10948e-13
2.51671e-14
4.83324e-15
8.45006e-16
1.43257e-16
2.57836e-17
5.33961e-18
1.2939e-18
3.51668e-19
1.01692e-19
3.01452e-20
8.96643e-21
2.64582e-21
7.70235e-22
2.20709e-22
6.22338e-23
1.72688e-23
4.71463e-24
1.26838e-24
3.3638e-25
8.7879e-26
2.25453e-26
5.63791e-27
1.34984e-27
2.96917e-28
5.42369e-29
5.13589e-30
1.9578e-31
1.77108e-30
1.03059e-29
5.13286e-29
2.32064e-28
9.8419e-28
3.9857e-27
1.55457e-26
5.8434e-26
2.06036e-25
6.90374e-25
2.21991e-24
6.86582e-24
2.03938e-23
5.80212e-23
1.57754e-22
4.09811e-22
1.02157e-21
2.47787e-21
6.03503e-21
1.55771e-20
4.50825e-20
1.47876e-19
5.23372e-19
1.87539e-18
6.39523e-18
2.09821e-17
6.66778e-17
2.01013e-16
5.93122e-16
1.71126e-15
4.77649e-15
1.30967e-14
3.47589e-14
8.97856e-14
2.25067e-13
5.47318e-13
1.28977e-12
2.95585e-12
6.61488e-12
1.43868e-11
3.05705e-11
6.3509e-11
1.29514e-10
2.57677e-10
5.02591e-10
9.60498e-10
1.79529e-09
3.27858e-09
5.89007e-09
1.01319e-08
1.68558e-08
2.69297e-08
4.09848e-08
5.86624e-08
7.69515e-08
8.70952e-08
7.31762e-08
4.01095e-08
2.195e-08
1.18923e-08
6.33614e-09
3.30295e-09
1.67423e-09
8.20578e-10
3.87751e-10
1.78426e-10
8.03859e-11
3.41561e-11
1.3175e-11
4.62117e-12
1.46706e-12
4.18219e-13
1.04798e-13
2.36058e-14
4.49988e-15
7.82375e-16
1.32382e-16
2.38935e-17
4.97901e-18
1.21407e-18
3.31394e-19
9.60668e-20
2.85152e-20
8.48767e-21
2.50563e-21
7.29642e-22
2.09118e-22
5.89598e-23
1.6362e-23
4.47488e-24
1.20549e-24
3.19957e-25
8.35874e-26
2.14494e-26
5.36513e-27
1.28478e-27
2.82645e-28
5.16331e-29
4.88945e-30
1.94954e-31
1.7635e-30
1.02607e-29
5.10993e-29
2.31016e-28
9.79723e-28
3.96755e-27
1.54744e-26
5.81335e-26
2.04894e-25
6.86463e-25
2.20745e-24
6.82833e-24
2.02869e-23
5.77337e-23
1.57027e-22
4.08089e-22
1.0176e-21
2.46967e-21
6.01911e-21
1.55454e-20
4.50289e-20
1.47879e-19
5.24206e-19
1.88177e-18
6.42928e-18
2.11369e-17
6.7298e-17
2.03263e-16
6.00692e-16
1.73559e-15
4.84904e-15
1.33058e-14
3.53362e-14
9.13026e-14
2.28938e-13
5.56832e-13
1.31223e-12
3.00736e-12
6.72885e-12
1.46295e-11
3.10723e-11
6.45272e-11
1.31486e-10
2.6138e-10
5.0928e-10
9.81902e-10
1.83032e-09
3.33914e-09
5.99217e-09
1.0302e-08
1.71244e-08
2.73296e-08
4.15352e-08
5.93242e-08
7.75598e-08
8.72037e-08
7.22193e-08
3.9623e-08
2.16905e-08
1.17736e-08
6.20494e-09
3.23359e-09
1.63774e-09
8.01718e-10
3.7825e-10
1.73815e-10
7.846e-11
3.31752e-11
1.27348e-11
4.44377e-12
1.40312e-12
3.97142e-13
9.97785e-14
2.22923e-14
4.21399e-15
7.28058e-16
1.2289e-16
2.22378e-17
4.66277e-18
1.14423e-18
3.13765e-19
9.12118e-20
2.71193e-20
8.08052e-21
2.38711e-21
6.95489e-22
1.99408e-22
5.62355e-23
1.56053e-23
4.26449e-24
1.14845e-24
3.04897e-25
7.97365e-26
2.04801e-26
5.12651e-27
1.22834e-27
2.70335e-28
4.93961e-29
4.678e-30
1.94302e-31
1.75752e-30
1.02249e-29
5.09176e-29
2.30183e-28
9.7616e-28
3.95302e-27
1.54173e-26
5.78966e-26
2.03999e-25
6.8341e-25
2.19777e-24
6.79935e-24
2.02048e-23
5.75139e-23
1.56474e-22
4.06762e-22
1.01475e-21
2.46365e-21
6.00709e-21
1.55243e-20
4.50047e-20
1.47967e-19
5.25234e-19
1.88834e-18
6.46208e-18
2.12808e-17
6.78653e-17
2.05331e-16
6.07644e-16
1.75767e-15
4.91517e-15
1.34948e-14
3.58495e-14
9.26621e-14
2.32406e-13
5.65451e-13
1.33254e-12
3.05365e-12
6.83279e-12
1.48555e-11
3.15538e-11
6.55241e-11
1.33502e-10
2.65427e-10
5.17265e-10
9.97115e-10
1.858e-09
3.38816e-09
6.07496e-09
1.04397e-08
1.73417e-08
2.76524e-08
4.1978e-08
5.98568e-08
7.80293e-08
8.72246e-08
7.13152e-08
3.91566e-08
2.14304e-08
1.1626e-08
6.12328e-09
3.18656e-09
1.61149e-09
7.87524e-10
3.709e-10
1.70208e-10
7.69369e-11
3.24051e-11
1.23905e-11
4.30676e-12
1.35432e-12
3.81778e-13
9.6347e-14
2.0474e-14
3.8564e-15
6.65958e-16
1.12923e-16
2.06335e-17
4.37722e-18
1.08434e-18
2.99097e-19
8.72347e-20
2.59842e-20
7.75058e-21
2.29121e-21
6.6789e-22
1.91576e-22
5.40466e-23
1.50025e-23
4.10075e-24
1.1046e-24
2.93324e-25
7.67321e-26
1.97148e-26
4.93644e-27
1.18309e-27
2.60425e-28
4.759e-29
4.50688e-30
1.9381e-31
1.753e-30
1.01979e-29
5.07803e-29
2.29555e-28
9.7348e-28
3.94214e-27
1.53747e-26
5.77169e-26
2.03317e-25
6.81087e-25
2.19043e-24
6.77749e-24
2.01432e-23
5.73507e-23
1.56068e-22
4.05811e-22
1.01269e-21
2.45943e-21
5.99908e-21
1.55113e-20
4.50004e-20
1.48094e-19
5.26277e-19
1.89441e-18
6.49116e-18
2.14055e-17
6.83452e-17
2.07051e-16
6.13375e-16
1.77597e-15
4.96967e-15
1.36512e-14
3.62773e-14
9.37939e-14
2.35285e-13
5.72486e-13
1.34914e-12
3.092e-12
6.91893e-12
1.50424e-11
3.19505e-11
6.63462e-11
1.35161e-10
2.68718e-10
5.23625e-10
1.00882e-09
1.87955e-09
3.42664e-09
6.14003e-09
1.05481e-08
1.75135e-08
2.7908e-08
4.23253e-08
6.02693e-08
7.8381e-08
8.71934e-08
7.05084e-08
3.87389e-08
2.11977e-08
1.14943e-08
6.0539e-09
3.14802e-09
1.59038e-09
7.76302e-10
3.6517e-10
1.67449e-10
7.56828e-11
3.17792e-11
1.21144e-11
4.19788e-12
1.31562e-12
3.69505e-13
9.28743e-14
1.96232e-14
3.67656e-15
6.32562e-16
1.07166e-16
1.96343e-17
4.18583e-18
1.04179e-18
2.88291e-19
8.4247e-20
2.51233e-20
7.4992e-21
2.218e-21
6.46794e-22
1.85581e-22
5.23685e-23
1.45403e-23
3.97551e-24
1.07118e-24
2.84535e-25
7.44533e-26
1.91338e-26
4.79192e-27
1.14863e-27
2.52862e-28
4.62102e-29
4.37629e-30
1.93461e-31
1.74979e-30
1.01787e-29
5.06828e-29
2.29109e-28
9.71575e-28
3.9344e-27
1.53443e-26
5.75875e-26
2.02823e-25
6.79399e-25
2.18508e-24
6.76152e-24
2.00981e-23
5.72304e-23
1.55766e-22
4.05124e-22
1.01121e-21
2.45659e-21
5.99403e-21
1.55044e-20
4.50057e-20
1.48222e-19
5.27184e-19
1.89943e-18
6.51455e-18
2.15035e-17
6.87228e-17
2.08394e-16
6.17836e-16
1.79013e-15
5.01183e-15
1.3772e-14
3.66078e-14
9.46639e-14
2.37495e-13
5.77924e-13
1.362e-12
3.12134e-12
6.98467e-12
1.51852e-11
3.22525e-11
6.697e-11
1.364e-10
2.71163e-10
5.28344e-10
1.01748e-09
1.89555e-09
3.45519e-09
6.18822e-09
1.06285e-08
1.76407e-08
2.8097e-08
4.2583e-08
6.05718e-08
7.86316e-08
8.71462e-08
6.98741e-08
3.84039e-08
2.10114e-08
1.13894e-08
5.99894e-09
3.11775e-09
1.57404e-09
7.67687e-10
3.60815e-10
1.65403e-10
7.46869e-11
3.12935e-11
1.19031e-11
4.11528e-12
1.2864e-12
3.60299e-13
9.02864e-14
1.90103e-14
3.55131e-15
6.09865e-16
1.03322e-16
1.89725e-17
4.05873e-18
1.01323e-18
2.80938e-19
8.21878e-20
2.45235e-20
7.32251e-21
2.1662e-21
6.31804e-22
1.81321e-22
5.11816e-23
1.4215e-23
3.88746e-24
1.04762e-24
2.78307e-25
7.28309e-26
1.87188e-26
4.68838e-27
1.12389e-27
2.47425e-28
4.52173e-29
4.28228e-30
1.93242e-31
1.74778e-30
1.01667e-29
5.06217e-29
2.2883e-28
9.70383e-28
3.92955e-27
1.53253e-26
5.75057e-26
2.02509e-25
6.78325e-25
2.18168e-24
6.7514e-24
2.00697e-23
5.71557e-23
1.55583e-22
4.04706e-22
1.01034e-21
2.4549e-21
5.99119e-21
1.55014e-20
4.50149e-20
1.48328e-19
5.27866e-19
1.90306e-18
6.53116e-18
2.15728e-17
6.89872e-17
2.0933e-16
6.20928e-16
1.79988e-15
5.04064e-15
1.38546e-14
3.68335e-14
9.5258e-14
2.38994e-13
5.81612e-13
1.37072e-12
3.14136e-12
7.02965e-12
1.52823e-11
3.24565e-11
6.7388e-11
1.37232e-10
2.72797e-10
5.3147e-10
1.02317e-09
1.90607e-09
3.47399e-09
6.21993e-09
1.06813e-08
1.77242e-08
2.82207e-08
4.27509e-08
6.07687e-08
7.87919e-08
8.71067e-08
6.94479e-08
3.81696e-08
2.08811e-08
1.13163e-08
5.96072e-09
3.09687e-09
1.56284e-09
7.61835e-10
3.57877e-10
1.64011e-10
7.4012e-11
3.09663e-11
1.17617e-11
4.06039e-12
1.26718e-12
3.54274e-13
8.86038e-14
1.8618e-14
3.47142e-15
5.95515e-16
1.00915e-16
1.8561e-17
3.97986e-18
9.95458e-19
2.76338e-19
8.08931e-20
2.41448e-20
7.21058e-21
2.13328e-21
6.22242e-22
1.78585e-22
5.04109e-23
1.40016e-23
3.82946e-24
1.03213e-24
2.74232e-25
7.17747e-26
1.84495e-26
4.62137e-27
1.10789e-27
2.43914e-28
4.45762e-29
4.22156e-30
1.93141e-31
1.74685e-30
1.01611e-29
5.05935e-29
2.28701e-28
9.69834e-28
3.92732e-27
1.53165e-26
5.74678e-26
2.02362e-25
6.77823e-25
2.18009e-24
6.74666e-24
2.00564e-23
5.71204e-23
1.55497e-22
4.04511e-22
1.00992e-21
2.45411e-21
5.98988e-21
1.55003e-20
4.50209e-20
1.48386e-19
5.28228e-19
1.90495e-18
6.53971e-18
2.16081e-17
6.91208e-17
2.098e-16
6.22481e-16
1.80478e-15
5.05519e-15
1.38962e-14
3.69468e-14
9.5555e-14
2.39747e-13
5.83464e-13
1.37508e-12
3.15133e-12
7.05182e-12
1.53301e-11
3.25572e-11
6.7595e-11
1.37644e-10
2.73608e-10
5.33031e-10
1.02601e-09
1.91131e-09
3.48332e-09
6.23565e-09
1.07075e-08
1.77656e-08
2.82821e-08
4.2834e-08
6.08655e-08
7.88699e-08
8.70848e-08
6.92331e-08
3.80511e-08
2.08152e-08
1.12794e-08
5.94131e-09
3.08629e-09
1.55716e-09
7.58883e-10
3.56406e-10
1.63324e-10
7.36766e-11
3.08039e-11
1.16917e-11
4.03331e-12
1.25772e-12
3.51326e-13
8.77859e-14
1.84289e-14
3.43335e-15
5.88705e-16
9.97799e-17
1.83683e-17
3.94309e-18
9.87182e-19
2.74196e-19
8.02899e-20
2.39682e-20
7.15833e-21
2.11789e-21
6.17764e-22
1.77302e-22
5.00492e-23
1.39014e-23
3.80214e-24
1.0248e-24
2.72294e-25
7.12701e-26
1.83204e-26
4.58913e-27
1.10018e-27
2.42216e-28
4.42657e-29
4.19213e-30
1.9315e-31
1.74693e-30
1.01616e-29
5.05962e-29
2.28713e-28
9.69889e-28
3.92755e-27
1.53174e-26
5.7471e-26
2.02373e-25
6.77857e-25
2.18019e-24
6.74693e-24
2.0057e-23
5.71219e-23
1.55499e-22
4.04515e-22
1.00993e-21
2.45412e-21
5.9899e-21
1.55004e-20
4.50212e-20
1.48388e-19
5.28234e-19
1.90498e-18
6.53981e-18
2.16084e-17
6.91222e-17
2.09805e-16
6.22496e-16
1.80482e-15
5.05532e-15
1.38965e-14
3.69478e-14
9.55575e-14
2.39753e-13
5.83478e-13
1.37511e-12
3.1514e-12
7.05196e-12
1.53304e-11
3.25577e-11
6.75962e-11
1.37647e-10
2.73613e-10
5.33039e-10
1.02603e-09
1.91134e-09
3.48337e-09
6.23573e-09
1.07077e-08
1.77658e-08
2.82824e-08
4.28344e-08
6.0866e-08
7.88704e-08
8.7085e-08
6.9233e-08
3.80511e-08
2.08152e-08
1.12794e-08
5.94128e-09
3.08628e-09
1.55716e-09
7.58885e-10
3.56412e-10
1.63338e-10
7.36819e-11
3.08059e-11
1.16924e-11
4.03353e-12
1.25779e-12
3.51345e-13
8.77906e-14
1.84299e-14
3.43354e-15
5.88737e-16
9.97849e-17
1.83692e-17
3.94324e-18
9.87213e-19
2.74204e-19
8.02921e-20
2.39688e-20
7.15852e-21
2.11794e-21
6.1778e-22
1.77306e-22
5.00505e-23
1.39017e-23
3.80223e-24
1.02483e-24
2.72301e-25
7.12717e-26
1.83208e-26
4.58922e-27
1.1002e-27
2.42221e-28
4.42665e-29
4.19221e-30
1.93266e-31
1.74801e-30
1.0168e-29
5.06288e-29
2.28863e-28
9.70524e-28
3.93013e-27
1.53275e-26
5.75138e-26
2.02535e-25
6.78408e-25
2.18192e-24
6.75203e-24
2.00712e-23
5.71589e-23
1.55589e-22
4.04716e-22
1.01035e-21
2.45492e-21
5.99124e-21
1.55016e-20
4.50157e-20
1.48332e-19
5.27884e-19
1.90313e-18
6.53145e-18
2.15738e-17
6.89909e-17
2.09343e-16
6.20974e-16
1.80002e-15
5.04106e-15
1.38557e-14
3.68366e-14
9.52662e-14
2.39015e-13
5.81665e-13
1.37084e-12
3.14162e-12
7.03011e-12
1.52832e-11
3.24584e-11
6.73918e-11
1.3724e-10
2.72812e-10
5.31498e-10
1.02322e-09
1.90616e-09
3.47412e-09
6.22015e-09
1.06817e-08
1.77247e-08
2.82216e-08
4.2752e-08
6.077e-08
7.87932e-08
8.71073e-08
6.94476e-08
3.81695e-08
2.08811e-08
1.13163e-08
5.96069e-09
3.09687e-09
1.56284e-09
7.61836e-10
3.57878e-10
1.64009e-10
7.40108e-11
3.0966e-11
1.17617e-11
4.06044e-12
1.26721e-12
3.54288e-13
8.86088e-14
1.86194e-14
3.47173e-15
5.95575e-16
1.00926e-16
1.8563e-17
3.98026e-18
9.95547e-19
2.7636e-19
8.08994e-20
2.41466e-20
7.2111e-21
2.13343e-21
6.22287e-22
1.78598e-22
5.04146e-23
1.40026e-23
3.82974e-24
1.0322e-24
2.7425e-25
7.1779e-26
1.84505e-26
4.62162e-27
1.10795e-27
2.43926e-28
4.45784e-29
4.22177e-30
1.93495e-31
1.75011e-30
1.01806e-29
5.06926e-29
2.29154e-28
9.71765e-28
3.93516e-27
1.53472e-26
5.75977e-26
2.02855e-25
6.79498e-25
2.18536e-24
6.76223e-24
2.00998e-23
5.72339e-23
1.55773e-22
4.05135e-22
1.01123e-21
2.45662e-21
5.99411e-21
1.55047e-20
4.5007e-20
1.48228e-19
5.27208e-19
1.89952e-18
6.51492e-18
2.15049e-17
6.87275e-17
2.0841e-16
6.17882e-16
1.79027e-15
5.01226e-15
1.37733e-14
3.66113e-14
9.46737e-14
2.37521e-13
5.77995e-13
1.36218e-12
3.12177e-12
6.98569e-12
1.51871e-11
3.22561e-11
6.69764e-11
1.36414e-10
2.71186e-10
5.28373e-10
1.01752e-09
1.89561e-09
3.45535e-09
6.18852e-09
1.0629e-08
1.76415e-08
2.80982e-08
4.25846e-08
6.05738e-08
7.86336e-08
8.7147e-08
6.98729e-08
3.84034e-08
2.10111e-08
1.13892e-08
5.9989e-09
3.11774e-09
1.57405e-09
7.67694e-10
3.60821e-10
1.65405e-10
7.46876e-11
3.12942e-11
1.19035e-11
4.11551e-12
1.28649e-12
3.60334e-13
9.02974e-14
1.90132e-14
3.55195e-15
6.09988e-16
1.03344e-16
1.89764e-17
4.05948e-18
1.0134e-18
2.80981e-19
8.21995e-20
2.45268e-20
7.32349e-21
2.16648e-21
6.31885e-22
1.81344e-22
5.11883e-23
1.42169e-23
3.88798e-24
1.04777e-24
2.78345e-25
7.28405e-26
1.87211e-26
4.68893e-27
1.12401e-27
2.47451e-28
4.52218e-29
4.28269e-30
1.9385e-31
1.75337e-30
1.02001e-29
5.07914e-29
2.29606e-28
9.7369e-28
3.94297e-27
1.53778e-26
5.77274e-26
2.0335e-25
6.81183e-25
2.19069e-24
6.77812e-24
2.01447e-23
5.73536e-23
1.56074e-22
4.0582e-22
1.0127e-21
2.45947e-21
5.99919e-21
1.55116e-20
4.50018e-20
1.481e-19
5.26299e-19
1.8945e-18
6.49146e-18
2.14065e-17
6.83485e-17
2.07061e-16
6.13405e-16
1.77605e-15
4.9699e-15
1.36518e-14
3.62787e-14
9.37965e-14
2.35289e-13
5.72525e-13
1.34924e-12
3.09225e-12
6.91955e-12
1.50439e-11
3.19544e-11
6.63543e-11
1.35171e-10
2.68736e-10
5.23661e-10
1.0089e-09
1.87971e-09
3.42689e-09
6.14045e-09
1.05488e-08
1.75144e-08
2.79093e-08
4.23267e-08
6.02702e-08
7.83825e-08
8.71939e-08
7.05069e-08
3.87381e-08
2.11975e-08
1.14942e-08
6.05391e-09
3.14805e-09
1.59041e-09
7.76323e-10
3.65182e-10
1.67454e-10
7.56862e-11
3.17814e-11
1.21156e-11
4.19839e-12
1.3158e-12
3.69569e-13
9.28938e-14
1.96281e-14
3.6776e-15
6.32757e-16
1.072e-16
1.96401e-17
4.18694e-18
1.04204e-18
2.88351e-19
8.42634e-20
2.5128e-20
7.50055e-21
2.21839e-21
6.46904e-22
1.85611e-22
5.23766e-23
1.45424e-23
3.97604e-24
1.07132e-24
2.84567e-25
7.4461e-26
1.91357e-26
4.79233e-27
1.14872e-27
2.52879e-28
4.62131e-29
4.37655e-30
1.94345e-31
1.75791e-30
1.02272e-29
5.09292e-29
2.30235e-28
9.76374e-28
3.95385e-27
1.54204e-26
5.79069e-26
2.0403e-25
6.83502e-25
2.19801e-24
6.79995e-24
2.02061e-23
5.75166e-23
1.56479e-22
4.06772e-22
1.01477e-21
2.4637e-21
6.00723e-21
1.55247e-20
4.50063e-20
1.47973e-19
5.25258e-19
1.88843e-18
6.46237e-18
2.12816e-17
6.78678e-17
2.05337e-16
6.07657e-16
1.7578e-15
4.91557e-15
1.3496e-14
3.58529e-14
9.26711e-14
2.32431e-13
5.65475e-13
1.33259e-12
3.05374e-12
6.833e-12
1.4856e-11
3.15548e-11
6.55267e-11
1.33509e-10
2.65444e-10
5.17304e-10
9.97198e-10
1.85815e-09
3.38846e-09
6.07551e-09
1.04406e-08
1.73431e-08
2.76545e-08
4.19806e-08
5.98594e-08
7.80315e-08
8.72248e-08
7.13134e-08
3.91558e-08
2.14301e-08
1.1626e-08
6.12327e-09
3.18658e-09
1.61152e-09
7.87542e-10
3.70907e-10
1.70201e-10
7.69352e-11
3.24059e-11
1.23913e-11
4.30725e-12
1.35456e-12
3.81864e-13
9.63734e-14
2.04806e-14
3.85781e-15
6.6622e-16
1.12968e-16
2.06411e-17
4.37865e-18
1.08465e-18
2.99173e-19
8.72551e-20
2.599e-20
7.75224e-21
2.29169e-21
6.68025e-22
1.91613e-22
5.40562e-23
1.50048e-23
4.10127e-24
1.10471e-24
2.93343e-25
7.67348e-26
1.9715e-26
4.93637e-27
1.18306e-27
2.60413e-28
4.75874e-29
4.50661e-30
1.94999e-31
1.76392e-30
1.02631e-29
5.11116e-29
2.3107e-28
9.79945e-28
3.96841e-27
1.54776e-26
5.81442e-26
2.04928e-25
6.86562e-25
2.20772e-24
6.82903e-24
2.02886e-23
5.77371e-23
1.57033e-22
4.08103e-22
1.01763e-21
2.46974e-21
6.01931e-21
1.5546e-20
4.50313e-20
1.47888e-19
5.24242e-19
1.8819e-18
6.42977e-18
2.11386e-17
6.73039e-17
2.03284e-16
6.00759e-16
1.7357e-15
4.84933e-15
1.33066e-14
3.53384e-14
9.13084e-14
2.28951e-13
5.56861e-13
1.3123e-12
3.00749e-12
6.72918e-12
1.46303e-11
3.10739e-11
6.45312e-11
1.31496e-10
2.61404e-10
5.09332e-10
9.82017e-10
1.83055e-09
3.33954e-09
5.99288e-09
1.03032e-08
1.71264e-08
2.73328e-08
4.15399e-08
5.93306e-08
7.75644e-08
8.7205e-08
7.22181e-08
3.96225e-08
2.16903e-08
1.17735e-08
6.20493e-09
3.2336e-09
1.63776e-09
8.01737e-10
3.78264e-10
1.73824e-10
7.84631e-11
3.31775e-11
1.27361e-11
4.44442e-12
1.40339e-12
3.97245e-13
9.98041e-14
2.22992e-14
4.21549e-15
7.28347e-16
1.22941e-16
2.22468e-17
4.66449e-18
1.14461e-18
3.13859e-19
9.12374e-20
2.71265e-20
8.08258e-21
2.38769e-21
6.95644e-22
1.99446e-22
5.62434e-23
1.56062e-23
4.26424e-24
1.14828e-24
3.04827e-25
7.97139e-26
2.04739e-26
5.12492e-27
1.22795e-27
2.70251e-28
4.93808e-29
4.67656e-30
1.95825e-31
1.77149e-30
1.03083e-29
5.13405e-29
2.32116e-28
9.84403e-28
3.98652e-27
1.55487e-26
5.84441e-26
2.06068e-25
6.9047e-25
2.22017e-24
6.86653e-24
2.03955e-23
5.8025e-23
1.57762e-22
4.09828e-22
1.02161e-21
2.47795e-21
6.03527e-21
1.55778e-20
4.50853e-20
1.47886e-19
5.23411e-19
1.87553e-18
6.39564e-18
2.09833e-17
6.66813e-17
2.01022e-16
5.93141e-16
1.71129e-15
4.77651e-15
1.30965e-14
3.47616e-14
8.97936e-14
2.25088e-13
5.47367e-13
1.28989e-12
2.95611e-12
6.61545e-12
1.4388e-11
3.05732e-11
6.35148e-11
1.29527e-10
2.57704e-10
5.02646e-10
9.60607e-10
1.79549e-09
3.27896e-09
5.89073e-09
1.0133e-08
1.68576e-08
2.69324e-08
4.09884e-08
5.86666e-08
7.69551e-08
8.70966e-08
7.31758e-08
4.01094e-08
2.195e-08
1.18923e-08
6.33622e-09
3.30302e-09
1.67428e-09
8.20611e-10
3.87771e-10
1.78437e-10
8.03896e-11
3.41587e-11
1.31764e-11
4.62185e-12
1.46734e-12
4.18326e-13
1.04825e-13
2.3613e-14
4.50149e-15
7.82687e-16
1.32437e-16
2.39033e-17
4.98089e-18
1.21448e-18
3.31497e-19
9.60946e-20
2.85231e-20
8.48988e-21
2.50622e-21
7.29783e-22
2.09139e-22
5.89547e-23
1.63541e-23
4.4684e-24
1.20396e-24
3.19618e-25
8.35121e-26
2.14325e-26
5.36134e-27
1.28395e-27
2.82476e-28
5.16039e-29
4.88674e-30
1.96855e-31
1.78094e-30
1.03646e-29
5.16263e-29
2.33423e-28
9.89983e-28
4.00923e-27
1.5638e-26
5.8819e-26
2.07493e-25
6.95369e-25
2.23587e-24
6.9141e-24
2.05322e-23
5.83971e-23
1.58718e-22
4.12035e-22
1.02642e-21
2.48832e-21
6.05764e-21
1.5627e-20
4.51881e-20
1.48007e-19
5.22895e-19
1.86964e-18
6.36077e-18
2.08169e-17
6.59973e-17
1.98455e-16
5.84378e-16
1.68287e-15
4.6908e-15
1.28479e-14
3.40763e-14
8.79991e-14
2.20504e-13
5.35956e-13
1.26275e-12
2.89379e-12
6.47305e-12
1.40793e-11
2.9921e-11
6.21722e-11
1.26815e-10
2.5224e-10
4.91817e-10
9.39514e-10
1.75668e-09
3.20945e-09
5.77259e-09
9.93604e-09
1.65428e-08
2.64592e-08
4.03286e-08
5.78468e-08
7.61669e-08
8.68557e-08
7.41877e-08
4.06153e-08
2.2233e-08
1.20531e-08
6.43296e-09
3.35996e-09
1.706e-09
8.38147e-10
3.97099e-10
1.83178e-10
8.24154e-11
3.52248e-11
1.36742e-11
4.82384e-12
1.54206e-12
4.43591e-13
1.10975e-13
2.51746e-14
4.83493e-15
8.45339e-16
1.43317e-16
2.57942e-17
5.34163e-18
1.29434e-18
3.51776e-19
1.01722e-19
3.01535e-20
8.96873e-21
2.64642e-21
7.70361e-22
2.20713e-22
6.2213e-23
1.72581e-23
4.71456e-24
1.2682e-24
3.36271e-25
8.7825e-26
2.25318e-26
5.6348e-27
1.34916e-27
2.96782e-28
5.4214e-29
5.1338e-30
1.98129e-31
1.79263e-30
1.04344e-29
5.19806e-29
2.35047e-28
9.96943e-28
4.03768e-27
1.57503e-26
5.92835e-26
2.09255e-25
7.01452e-25
2.25553e-24
6.97436e-24
2.07016e-23
5.88371e-23
1.5977e-22
4.14586e-22
1.0325e-21
2.50224e-21
6.08991e-21
1.56983e-20
4.53502e-20
1.48336e-19
5.22918e-19
1.86496e-18
6.32721e-18
2.06446e-17
6.52639e-17
1.95653e-16
5.74693e-16
1.65116e-15
4.59466e-15
1.25677e-14
3.32985e-14
8.59073e-14
2.15188e-13
5.22824e-13
1.23148e-12
2.82132e-12
6.31075e-12
1.37218e-11
2.91501e-11
6.05515e-11
1.23505e-10
2.45688e-10
4.79168e-10
9.15677e-10
1.713e-09
3.13119e-09
5.63666e-09
9.70941e-09
1.61808e-08
2.59087e-08
3.95486e-08
5.68595e-08
7.5161e-08
8.64112e-08
7.51285e-08
4.1076e-08
2.24974e-08
1.22083e-08
6.52539e-09
3.41572e-09
1.73538e-09
8.54945e-10
4.06288e-10
1.87945e-10
8.44689e-11
3.63761e-11
1.42258e-11
5.05865e-12
1.63034e-12
4.73763e-13
1.18415e-13
2.7101e-14
5.24766e-15
9.23047e-16
1.56779e-16
2.81146e-17
5.77847e-18
1.38974e-18
3.75772e-19
1.08348e-19
3.20704e-20
9.53159e-21
2.81122e-21
8.18002e-22
2.34226e-22
6.59472e-23
1.82634e-23
4.97906e-24
1.3381e-24
3.54746e-25
9.26914e-26
2.37888e-26
5.95052e-27
1.42497e-27
3.13493e-28
5.72721e-29
5.4236e-30
1.99673e-31
1.80679e-30
1.0519e-29
5.24107e-29
2.37022e-28
1.00542e-27
4.07237e-27
1.58872e-26
5.98371e-26
2.11349e-25
7.08465e-25
2.27697e-24
7.03498e-24
2.08731e-23
5.93164e-23
1.6109e-22
4.17959e-22
1.04051e-21
2.52095e-21
6.13087e-21
1.57963e-20
4.5594e-20
1.489e-19
5.23744e-19
1.86268e-18
6.29929e-18
2.0481e-17
6.45285e-17
1.92753e-16
5.64503e-16
1.61741e-15
4.49167e-15
1.22654e-14
3.24668e-14
8.36916e-14
2.09419e-13
5.08303e-13
1.19667e-12
2.74038e-12
6.12529e-12
1.33208e-11
2.83042e-11
5.88043e-11
1.19971e-10
2.38654e-10
4.65477e-10
8.89622e-10
1.66455e-09
3.04359e-09
5.48387e-09
9.44929e-09
1.57581e-08
2.52616e-08
3.86304e-08
5.56821e-08
7.39254e-08
8.57097e-08
7.59118e-08
4.14596e-08
2.27313e-08
1.23523e-08
6.61462e-09
3.47111e-09
1.765e-09
8.72462e-10
4.16201e-10
1.93167e-10
8.6743e-11
3.76725e-11
1.48632e-11
5.32997e-12
1.73413e-12
5.10194e-13
1.27572e-13
2.9463e-14
5.75816e-15
1.02043e-15
1.73765e-16
3.10383e-17
6.32352e-18
1.50716e-18
4.04943e-19
1.16334e-19
3.4368e-20
1.02042e-20
3.00786e-21
8.74868e-22
2.50431e-22
7.05003e-23
1.95258e-23
5.32553e-24
1.4317e-24
3.794e-25
9.90709e-26
2.54029e-26
6.34789e-27
1.5189e-27
3.33983e-28
6.09975e-29
5.77575e-30
2.01508e-31
1.82367e-30
1.06201e-29
5.2927e-29
2.39395e-28
1.01556e-27
4.11334e-27
1.60445e-26
6.04103e-26
2.13382e-25
7.15383e-25
2.29974e-24
7.1084e-24
2.10972e-23
5.99593e-23
1.62805e-22
4.22218e-22
1.05054e-21
2.54368e-21
6.18603e-21
1.59417e-20
4.59752e-20
1.49921e-19
5.26113e-19
1.86468e-18
6.28262e-18
2.03432e-17
6.38427e-17
1.89905e-16
5.54247e-16
1.58291e-15
4.38566e-15
1.19549e-14
3.16025e-14
8.13849e-14
2.03462e-13
4.9323e-13
1.16046e-12
2.65651e-12
5.93507e-12
1.29049e-11
2.74175e-11
5.69493e-11
1.16175e-10
2.31068e-10
4.50746e-10
8.61544e-10
1.61223e-09
2.94859e-09
5.31617e-09
9.16507e-09
1.52978e-08
2.45532e-08
3.76033e-08
5.43313e-08
7.24223e-08
8.4631e-08
7.6187e-08
4.19037e-08
2.29857e-08
1.25048e-08
6.70962e-09
3.51966e-09
1.80157e-09
8.93429e-10
4.27804e-10
1.99278e-10
8.94199e-11
3.92126e-11
1.56292e-11
5.65893e-12
1.85911e-12
5.53185e-13
1.39e-13
3.24634e-14
6.41417e-15
1.14604e-15
1.95758e-16
3.4827e-17
7.0269e-18
1.65739e-18
4.41922e-19
1.26375e-19
3.72373e-20
1.10394e-20
3.25069e-21
9.44732e-22
2.70226e-22
7.60135e-23
2.1033e-23
5.72837e-24
1.53675e-24
4.06539e-25
1.06024e-25
2.71795e-26
6.79482e-27
1.62661e-27
3.57767e-28
6.53517e-29
6.18813e-30
2.03354e-31
1.84053e-30
1.07201e-29
5.34329e-29
2.41716e-28
1.02558e-27
4.15491e-27
1.62124e-26
6.1075e-26
2.15977e-25
7.24616e-25
2.3305e-24
7.20535e-24
2.13853e-23
6.07656e-23
1.64934e-22
4.27555e-22
1.06339e-21
2.57408e-21
6.26125e-21
1.61289e-20
4.65368e-20
1.51512e-19
5.30071e-19
1.87248e-18
6.28329e-18
2.02506e-17
6.32614e-17
1.87238e-16
5.44146e-16
1.54769e-15
4.27573e-15
1.16272e-14
3.06839e-14
7.89089e-14
1.96984e-13
4.77176e-13
1.12178e-12
2.56602e-12
5.72636e-12
1.24461e-11
2.64318e-11
5.49142e-11
1.1203e-10
2.22825e-10
4.34583e-10
8.31047e-10
1.5556e-09
2.84584e-09
5.13489e-09
8.85428e-09
1.47893e-08
2.37623e-08
3.64587e-08
5.28127e-08
7.07008e-08
8.33253e-08
7.64013e-08
4.21107e-08
2.31557e-08
1.26372e-08
6.81047e-09
3.57253e-09
1.83734e-09
9.15841e-10
4.40875e-10
2.06282e-10
9.27407e-11
4.11088e-11
1.65788e-11
6.06916e-12
2.01732e-12
6.08538e-13
1.55296e-13
3.67965e-14
7.3663e-15
1.32797e-15
2.27166e-16
4.00905e-17
7.96666e-18
1.85022e-18
4.87929e-19
1.38618e-19
4.06921e-20
1.20367e-20
3.5391e-21
1.02734e-21
2.93554e-22
8.24978e-23
2.28091e-23
6.20981e-24
1.66683e-24
4.41811e-25
1.1531e-25
2.95501e-26
7.37984e-27
1.76432e-27
3.87418e-28
7.06924e-29
6.69067e-30
2.05671e-31
1.86181e-30
1.08478e-29
5.40874e-29
2.4476e-28
1.03888e-27
4.21052e-27
1.64371e-26
6.1955e-26
2.19453e-25
7.36527e-25
2.36934e-24
7.32539e-24
2.17381e-23
6.17515e-23
1.67545e-22
4.34097e-22
1.07905e-21
2.61076e-21
6.3482e-21
1.63671e-20
4.72397e-20
1.53832e-19
5.37358e-19
1.89051e-18
6.31571e-18
2.02614e-17
6.30083e-17
1.85575e-16
5.37147e-16
1.50945e-15
4.16505e-15
1.12965e-14
2.97521e-14
7.63861e-14
1.90347e-13
4.60165e-13
1.08287e-12
2.47331e-12
5.50923e-12
1.19686e-11
2.54002e-11
5.27231e-11
1.07566e-10
2.13917e-10
4.17288e-10
7.97633e-10
1.4944e-09
2.73488e-09
4.93905e-09
8.52677e-09
1.4256e-08
2.29344e-08
3.52473e-08
5.11936e-08
6.8844e-08
8.18626e-08
7.65192e-08
4.25033e-08
2.34843e-08
1.288e-08
6.97956e-09
3.67149e-09
1.89908e-09
9.52268e-10
4.61377e-10
2.16884e-10
9.7875e-11
4.39235e-11
1.79758e-11
6.66239e-12
2.24081e-12
6.79511e-13
1.83623e-13
4.41165e-14
8.93785e-15
1.62113e-15
2.76233e-16
4.79578e-17
9.29115e-18
2.10533e-18
5.45666e-19
1.53427e-19
4.47717e-20
1.31959e-20
3.87084e-21
1.12172e-21
3.20077e-22
8.98411e-23
2.4811e-23
6.74728e-24
1.80876e-24
4.78292e-25
1.24605e-25
3.18906e-26
7.95752e-27
1.90176e-27
4.17811e-28
7.62524e-29
7.21695e-30
2.08338e-31
1.88638e-30
1.09962e-29
5.48564e-29
2.48381e-28
1.05491e-27
4.27851e-27
1.67162e-26
6.30663e-26
2.23664e-25
7.523e-25
2.42294e-24
7.4968e-24
2.22565e-23
6.32319e-23
1.7153e-22
4.44211e-22
1.10352e-21
2.66856e-21
6.48835e-21
1.67446e-20
4.83504e-20
1.57246e-19
5.47662e-19
1.91953e-18
6.38109e-18
2.03366e-17
6.28314e-17
1.83773e-16
5.28743e-16
1.47809e-15
4.0639e-15
1.09816e-14
2.88511e-14
7.39155e-14
1.83743e-13
4.43305e-13
1.0408e-12
2.3755e-12
5.28521e-12
1.15214e-11
2.44124e-11
5.06441e-11
1.03252e-10
2.05428e-10
4.00762e-10
7.66132e-10
1.43909e-09
2.63198e-09
4.75222e-09
8.20396e-09
1.37249e-08
2.21077e-08
3.40467e-08
4.96119e-08
6.70906e-08
8.06515e-08
7.72492e-08
4.45009e-08
2.47032e-08
1.36102e-08
7.40838e-09
3.91137e-09
2.03208e-09
1.02481e-09
4.99171e-10
2.35785e-10
1.06792e-10
4.833e-11
2.00379e-11
7.54594e-12
2.5721e-12
7.91714e-13
2.1702e-13
5.32541e-14
1.09856e-14
2.0181e-15
3.44691e-16
5.914e-17
1.11795e-17
2.46478e-18
6.25392e-19
1.7343e-19
5.01688e-20
1.47004e-20
4.2939e-21
1.24017e-21
3.52886e-22
9.88059e-23
2.72247e-23
7.38695e-24
1.97515e-24
5.20249e-25
1.35158e-25
3.45189e-26
8.59942e-27
2.05292e-27
4.5084e-28
8.22951e-29
7.78985e-30
2.10848e-31
1.90953e-30
1.1136e-29
5.55774e-29
2.51735e-28
1.06943e-27
4.33798e-27
1.69475e-26
6.39233e-26
2.26842e-25
7.63241e-25
2.4601e-24
7.61697e-24
2.26255e-23
6.43089e-23
1.74515e-22
4.52075e-22
1.12349e-21
2.71879e-21
6.61961e-21
1.71124e-20
4.95067e-20
1.61054e-19
5.60263e-19
1.95737e-18
6.47733e-18
2.05295e-17
6.29981e-17
1.83093e-16
5.23833e-16
1.45676e-15
3.99174e-15
1.07114e-14
2.80896e-14
7.18155e-14
1.78075e-13
4.28809e-13
1.00528e-12
2.29032e-12
5.08791e-12
1.10797e-11
2.34502e-11
4.86016e-11
9.89856e-11
1.96699e-10
3.85081e-10
7.35171e-10
1.38397e-09
2.52926e-09
4.56713e-09
7.89028e-09
1.32153e-08
2.13232e-08
3.29309e-08
4.82034e-08
6.56924e-08
8.0173e-08
7.9548e-08
5.02249e-08
2.77367e-08
1.52279e-08
8.27336e-09
4.36397e-09
2.27042e-09
1.14673e-09
5.59544e-10
2.63236e-10
1.21321e-10
5.49999e-11
2.3074e-11
8.78841e-12
3.03837e-12
9.49695e-13
2.66234e-13
6.62208e-14
1.38868e-14
2.58081e-15
4.41355e-16
7.47076e-17
1.37405e-17
2.93685e-18
7.27267e-19
1.98533e-19
5.68637e-20
1.65507e-20
4.81007e-21
1.38356e-21
3.92287e-22
1.09487e-22
3.00785e-23
8.13792e-24
2.1694e-24
5.69943e-25
1.47633e-25
3.76212e-26
9.36126e-27
2.23383e-27
4.90408e-28
8.9498e-29
8.4712e-30
2.12537e-31
1.92507e-30
1.12297e-29
5.60621e-29
2.54023e-28
1.07966e-27
4.38212e-27
1.71334e-26
6.46861e-26
2.29695e-25
7.73148e-25
2.49244e-24
7.72036e-24
2.29477e-23
6.52734e-23
1.77278e-22
4.59656e-22
1.14376e-21
2.77329e-21
6.77456e-21
1.76005e-20
5.12064e-20
1.6711e-19
5.80134e-19
2.01602e-18
6.6291e-18
2.08613e-17
6.3564e-17
1.83525e-16
5.21847e-16
1.44318e-15
3.93814e-15
1.05262e-14
2.75253e-14
7.01277e-14
1.73364e-13
4.16425e-13
9.74109e-13
2.21497e-12
4.91211e-12
1.06836e-11
2.25849e-11
4.67592e-11
9.5122e-11
1.88905e-10
3.69854e-10
7.05517e-10
1.33037e-09
2.42922e-09
4.38602e-09
7.58355e-09
1.27218e-08
2.05772e-08
3.18828e-08
4.69053e-08
6.4475e-08
8.00023e-08
8.2466e-08
5.77424e-08
3.17111e-08
1.73362e-08
9.3873e-09
4.94244e-09
2.57139e-09
1.30241e-09
6.38022e-10
3.01685e-10
1.38898e-10
6.30647e-11
2.68448e-11
1.03612e-11
3.63358e-12
1.15094e-12
3.2778e-13
8.35237e-14
1.78556e-14
3.3661e-15
5.77889e-16
9.66265e-17
1.72689e-17
3.56417e-18
8.57751e-19
2.29822e-19
6.50634e-20
1.87896e-20
5.42853e-21
1.55377e-21
4.38632e-22
1.2194e-22
3.33803e-23
9.00343e-24
2.39463e-24
6.28347e-25
1.62599e-25
4.13846e-26
1.02828e-26
2.4501e-27
5.37201e-28
9.79544e-29
9.26956e-30
2.13396e-31
1.93303e-30
1.12787e-29
5.63238e-29
2.55321e-28
1.08587e-27
4.4113e-27
1.72685e-26
6.52979e-26
2.32316e-25
7.83195e-25
2.52822e-24
7.83851e-24
2.33284e-23
6.64471e-23
1.80711e-22
4.69161e-22
1.16892e-21
2.83875e-21
6.95096e-21
1.81224e-20
5.29241e-20
1.73098e-19
6.01546e-19
2.08787e-18
6.8429e-18
2.14247e-17
6.47319e-17
1.85518e-16
5.24097e-16
1.44131e-15
3.91602e-15
1.04261e-14
2.71759e-14
6.89437e-14
1.69924e-13
4.07023e-13
9.49696e-13
2.15495e-12
4.77042e-12
1.03574e-11
2.18673e-11
4.52194e-11
9.18578e-11
1.82314e-10
3.56951e-10
6.8071e-10
1.28353e-09
2.34334e-09
4.22989e-09
7.31315e-09
1.2275e-08
1.98797e-08
3.08809e-08
4.56123e-08
6.31514e-08
7.94574e-08
8.44831e-08
6.38766e-08
3.51046e-08
1.92205e-08
1.04468e-08
5.52392e-09
2.88808e-09
1.46718e-09
7.22042e-10
3.43104e-10
1.5898e-10
7.167e-11
3.08597e-11
1.20764e-11
4.31962e-12
1.39901e-12
4.06748e-13
1.02053e-13
2.3323e-14
4.47557e-15
7.73839e-16
1.28077e-16
2.22182e-17
4.40494e-18
1.02315e-18
2.67541e-19
7.45713e-20
2.13105e-20
6.10934e-21
1.73785e-21
4.88066e-22
1.35083e-22
3.68385e-23
9.90466e-24
2.62763e-24
6.88172e-25
1.77839e-25
4.52194e-26
1.12273e-26
2.67355e-27
5.85922e-28
1.06804e-28
1.01066e-29
2.13336e-31
1.93259e-30
1.12774e-29
5.63289e-29
2.55437e-28
1.08702e-27
4.42004e-27
1.73246e-26
6.56152e-26
2.33817e-25
7.90274e-25
2.55979e-24
7.96951e-24
2.37944e-23
6.79397e-23
1.85048e-22
4.81249e-22
1.2012e-21
2.92345e-21
7.18127e-21
1.881e-20
5.5204e-20
1.81291e-19
6.29497e-19
2.17625e-18
7.10052e-18
2.21048e-17
6.63249e-17
1.89032e-16
5.30785e-16
1.45224e-15
3.9283e-15
1.04185e-14
2.70591e-14
6.83394e-14
1.67796e-13
4.00636e-13
9.31946e-13
2.10944e-12
4.6592e-12
1.00944e-11
2.12744e-11
4.39385e-11
8.91347e-11
1.76689e-10
3.45726e-10
6.58613e-10
1.24087e-09
2.26495e-09
4.08762e-09
7.06859e-09
1.18697e-08
1.92375e-08
2.99291e-08
4.43575e-08
6.17528e-08
7.85176e-08
8.54337e-08
6.81634e-08
3.74879e-08
2.05746e-08
1.11895e-08
5.99275e-09
3.1466e-09
1.60389e-09
7.94407e-10
3.79975e-10
1.76739e-10
7.93338e-11
3.4633e-11
1.38206e-11
5.00287e-12
1.64637e-12
4.90052e-13
1.24353e-13
2.89435e-14
5.67429e-15
9.95573e-16
1.65001e-16
2.81673e-17
5.42435e-18
1.2232e-18
3.12842e-19
8.58932e-20
2.42826e-20
6.90223e-21
1.9491e-21
5.43837e-22
1.49641e-22
4.05973e-23
1.08666e-23
2.87239e-24
7.50433e-25
1.9385e-25
4.92491e-26
1.22129e-26
2.90412e-27
6.35542e-28
1.15706e-28
1.09423e-29
2.11964e-31
1.91973e-30
1.11966e-29
5.5894e-29
2.53349e-28
1.07794e-27
4.38424e-27
1.71987e-26
6.52368e-26
2.32808e-25
7.88648e-25
2.56183e-24
8.00094e-24
2.39824e-23
6.87844e-23
1.88291e-22
4.91486e-22
1.23152e-21
3.01184e-21
7.44826e-21
1.96842e-20
5.83027e-20
1.9239e-19
6.6657e-19
2.29515e-18
7.44288e-18
2.29971e-17
6.85396e-17
1.94054e-16
5.41282e-16
1.47503e-15
3.97432e-15
1.05059e-14
2.71439e-14
6.82618e-14
1.66985e-13
3.97393e-13
9.21403e-13
2.08033e-12
4.58432e-12
9.91016e-12
2.08487e-11
4.29818e-11
8.70121e-11
1.72387e-10
3.37128e-10
6.41424e-10
1.20733e-09
2.20088e-09
3.96989e-09
6.86806e-09
1.15265e-08
1.86913e-08
2.9115e-08
4.32463e-08
6.04552e-08
7.7462e-08
8.56417e-08
7.08335e-08
3.89831e-08
2.14567e-08
1.1708e-08
6.29945e-09
3.32509e-09
1.70142e-09
8.47854e-10
4.0799e-10
1.90736e-10
8.57835e-11
3.79e-11
1.53053e-11
5.63703e-12
1.88148e-12
5.65304e-13
1.50753e-13
3.55403e-14
7.09018e-15
1.25824e-15
2.08363e-16
3.49553e-17
6.5266e-18
1.42476e-18
3.55403e-19
9.59308e-20
2.68022e-20
7.55371e-21
2.12084e-21
5.90757e-22
1.62063e-22
4.38004e-23
1.16767e-23
3.07412e-24
7.99583e-25
2.05181e-25
5.19036e-26
1.28392e-26
3.04887e-27
6.66919e-28
1.21426e-28
1.14856e-29
2.1171e-31
1.91728e-30
1.11792e-29
5.57782e-29
2.52671e-28
1.0745e-27
4.36924e-27
1.71435e-26
6.50769e-26
2.32375e-25
7.88483e-25
2.56788e-24
8.04675e-24
2.42199e-23
6.98061e-23
1.92162e-22
5.04844e-22
1.27215e-21
3.12701e-21
7.77612e-21
2.06895e-20
6.16715e-20
2.04178e-19
7.10322e-19
2.43706e-18
7.86037e-18
2.41184e-17
7.12175e-17
2.00218e-16
5.54274e-16
1.50252e-15
4.0308e-15
1.06207e-14
2.73205e-14
6.84713e-14
1.67006e-13
3.96427e-13
9.16779e-13
2.06596e-12
4.54479e-12
9.8082e-12
2.0607e-11
4.24325e-11
8.57647e-11
1.69702e-10
3.31566e-10
6.3049e-10
1.18579e-09
2.1609e-09
3.89607e-09
6.74371e-09
1.13174e-08
1.83551e-08
2.86095e-08
4.25422e-08
5.9597e-08
7.6681e-08
8.55391e-08
7.21176e-08
3.97124e-08
2.18996e-08
1.19762e-08
6.46104e-09
3.42161e-09
1.75612e-09
8.78657e-10
4.24981e-10
1.99314e-10
8.98798e-11
4.00088e-11
1.63581e-11
6.07909e-12
2.0527e-12
6.24419e-13
1.69404e-13
4.09803e-14
8.36775e-15
1.51587e-15
2.54254e-16
4.26403e-17
7.84288e-18
1.67311e-18
4.08048e-19
1.08067e-19
2.97085e-20
8.25072e-21
2.28255e-21
6.24192e-22
1.69094e-22
4.53292e-23
1.20231e-23
3.15608e-24
8.199e-25
2.10575e-25
5.3306e-26
1.31956e-26
3.13664e-27
6.86521e-28
1.25017e-28
1.18271e-29
)
;

boundaryField
{
    fuel
    {
        type            fixedValue;
        value           uniform 0;
    }
    air
    {
        type            fixedValue;
        value           uniform 0;
    }
    outlet
    {
        type            inletOutlet;
        inletValue      uniform 0;
        value           nonuniform List<scalar> 
200
(
2.11664e-31
1.91685e-30
1.11767e-29
5.57653e-29
2.52613e-28
1.07426e-27
4.36832e-27
1.71401e-26
6.50648e-26
2.32336e-25
7.88367e-25
2.56756e-24
8.04593e-24
2.4218e-23
6.98027e-23
1.92157e-22
5.04844e-22
1.27217e-21
3.12709e-21
7.77641e-21
2.06905e-20
6.16748e-20
2.04189e-19
7.10365e-19
2.43721e-18
7.86086e-18
2.41199e-17
7.12219e-17
2.0023e-16
5.54307e-16
1.50261e-15
4.03102e-15
1.06212e-14
2.73216e-14
6.84731e-14
1.67008e-13
3.96423e-13
9.16745e-13
2.06582e-12
4.5443e-12
9.80666e-12
2.06024e-11
4.24196e-11
8.57288e-11
1.69658e-10
3.31565e-10
6.30523e-10
1.18587e-09
2.16104e-09
3.89632e-09
6.74414e-09
1.13181e-08
1.83561e-08
2.86111e-08
4.25445e-08
5.95998e-08
7.66837e-08
8.55398e-08
7.21139e-08
3.97105e-08
2.18986e-08
1.19756e-08
6.4607e-09
3.42144e-09
1.75603e-09
8.78625e-10
4.2497e-10
1.99309e-10
8.98773e-11
4.00073e-11
1.63572e-11
6.07834e-12
2.05183e-12
6.24149e-13
1.69333e-13
4.09634e-14
8.36439e-15
1.51528e-15
2.54161e-16
4.26261e-17
7.84061e-18
1.67269e-18
4.0796e-19
1.08046e-19
2.97029e-20
8.24922e-21
2.28214e-21
6.24084e-22
1.69065e-22
4.53219e-23
1.20213e-23
3.15564e-24
8.19795e-25
2.10551e-25
5.33008e-26
1.31944e-26
3.13635e-27
6.86459e-28
1.25006e-28
1.18261e-29
2.1171e-31
1.91728e-30
1.11792e-29
5.57782e-29
2.52671e-28
1.0745e-27
4.36924e-27
1.71435e-26
6.50769e-26
2.32375e-25
7.88483e-25
2.56788e-24
8.04675e-24
2.42199e-23
6.98061e-23
1.92162e-22
5.04844e-22
1.27215e-21
3.12701e-21
7.77612e-21
2.06895e-20
6.16715e-20
2.04178e-19
7.10322e-19
2.43706e-18
7.86037e-18
2.41184e-17
7.12175e-17
2.00218e-16
5.54274e-16
1.50252e-15
4.0308e-15
1.06207e-14
2.73205e-14
6.84713e-14
1.67006e-13
3.96427e-13
9.16779e-13
2.06596e-12
4.54479e-12
9.8082e-12
2.0607e-11
4.24325e-11
8.57647e-11
1.69702e-10
3.31566e-10
6.3049e-10
1.18579e-09
2.1609e-09
3.89607e-09
6.74371e-09
1.13174e-08
1.83551e-08
2.86095e-08
4.25422e-08
5.9597e-08
7.6681e-08
8.55391e-08
7.21176e-08
3.97124e-08
2.18996e-08
1.19762e-08
6.46104e-09
3.42161e-09
1.75612e-09
8.78657e-10
4.24981e-10
1.99314e-10
8.98798e-11
4.00088e-11
1.63581e-11
6.07909e-12
2.0527e-12
6.24419e-13
1.69404e-13
4.09803e-14
8.36775e-15
1.51587e-15
2.54254e-16
4.26403e-17
7.84288e-18
1.67311e-18
4.08048e-19
1.08067e-19
2.97085e-20
8.25072e-21
2.28255e-21
6.24192e-22
1.69094e-22
4.53292e-23
1.20231e-23
3.15608e-24
8.199e-25
2.10575e-25
5.3306e-26
1.31956e-26
3.13664e-27
6.86521e-28
1.25017e-28
1.18271e-29
)
;
    }
    frontAndBack
    {
        type            empty;
    }
    internal
    {
        type            internal;
    }
}


// ************************************************************************* //
