/*--------------------------------*- C++ -*----------------------------------*\
  =========                 |
  \\      /  F ield         | OpenFOAM: The Open Source CFD Toolbox
   \\    /   O peration     | Website:  https://openfoam.org
    \\  /    A nd           | Version:  10
     \\/     M anipulation  |
\*---------------------------------------------------------------------------*/
FoamFile
{
    format      ascii;
    class       volScalarField;
    location    "1";
    object      CH2CHO;
}
// * * * * * * * * * * * * * * * * * * * * * * * * * * * * * * * * * * * * * //

dimensions      [0 0 0 0 0 0 0];

internalField   nonuniform List<scalar> 
4000
(
5.703e-14
2.20978e-13
4.71184e-13
8.66556e-13
1.49104e-12
2.47451e-12
4.01785e-12
6.42983e-12
1.01824e-11
1.58002e-11
2.4129e-11
3.64534e-11
5.46313e-11
8.13246e-11
1.2036e-10
1.77281e-10
2.60067e-10
3.80228e-10
5.54359e-10
8.06007e-10
1.16766e-09
1.68216e-09
2.40231e-09
3.39155e-09
4.69615e-09
6.29681e-09
8.16221e-09
1.01287e-08
1.17597e-08
1.2552e-08
1.19554e-08
9.86862e-09
7.03541e-09
4.56348e-09
2.8895e-09
1.86572e-09
1.25569e-09
8.91494e-10
6.72337e-10
5.40017e-10
4.62852e-10
4.25701e-10
4.21439e-10
4.49943e-10
5.16084e-10
6.29369e-10
7.97646e-10
1.03847e-09
1.35588e-09
1.77402e-09
2.27104e-09
2.83312e-09
3.40714e-09
3.89295e-09
4.14691e-09
4.01189e-09
3.40257e-09
2.44243e-09
1.49357e-09
8.23078e-10
4.5445e-10
2.4914e-10
1.3525e-10
7.29594e-11
3.97647e-11
2.40823e-11
1.95356e-11
2.46035e-11
4.31284e-11
7.41493e-11
9.285e-11
8.37118e-11
5.24804e-11
2.40748e-11
8.81429e-12
2.70802e-12
6.78728e-13
1.47936e-13
2.97917e-14
5.96651e-15
1.26151e-15
2.92055e-16
7.36655e-17
1.96711e-17
5.40164e-18
1.49493e-18
4.12093e-19
1.12328e-19
3.03509e-20
8.11943e-21
2.15003e-21
5.63628e-22
1.46261e-22
3.75302e-23
9.4938e-24
2.34886e-24
5.58118e-25
1.22122e-25
2.22332e-26
2.10234e-27
5.69946e-14
2.20843e-13
4.70927e-13
8.66222e-13
1.49077e-12
2.47453e-12
4.0183e-12
6.43023e-12
1.01802e-11
1.57939e-11
2.41054e-11
3.63833e-11
5.44565e-11
8.09287e-11
1.19523e-10
1.756e-10
2.56769e-10
3.74338e-10
5.44599e-10
7.90727e-10
1.14484e-09
1.64976e-09
2.35898e-09
3.32657e-09
4.60991e-09
6.1909e-09
8.04518e-09
1.00265e-08
1.17001e-08
1.25738e-08
1.20727e-08
1.00503e-08
7.21634e-09
4.69066e-09
2.96715e-09
1.91149e-09
1.28293e-09
9.08016e-10
6.82908e-10
5.47165e-10
4.67985e-10
4.29732e-10
4.25007e-10
4.53684e-10
5.20633e-10
6.35481e-10
8.06402e-10
1.05178e-09
1.37536e-09
1.8023e-09
2.3092e-09
2.88224e-09
3.46612e-09
3.95598e-09
4.20375e-09
4.04835e-09
3.40809e-09
2.42286e-09
1.47041e-09
8.10573e-10
4.47075e-10
2.4477e-10
1.32681e-10
7.15142e-11
3.9128e-11
2.40628e-11
2.02047e-11
2.63206e-11
4.68879e-11
7.90066e-11
9.60178e-11
8.35714e-11
5.0467e-11
2.25135e-11
8.02537e-12
2.38977e-12
5.83981e-13
1.24752e-13
2.49366e-14
5.00069e-15
1.06907e-15
2.51522e-16
6.44924e-17
1.74811e-17
4.86639e-18
1.36463e-18
3.81466e-19
1.05918e-19
2.89847e-20
7.81854e-21
2.08118e-21
5.47247e-22
1.422e-22
3.64577e-23
9.21676e-24
2.27898e-24
5.41039e-25
1.18329e-25
2.15408e-26
2.03665e-27
5.70401e-14
2.21037e-13
4.71421e-13
8.67297e-13
1.49287e-12
2.47826e-12
4.02419e-12
6.43806e-12
1.01874e-11
1.57972e-11
2.4091e-11
3.63227e-11
5.43033e-11
8.05731e-11
1.18763e-10
1.74048e-10
2.54055e-10
3.69756e-10
5.36971e-10
7.78226e-10
1.12479e-09
1.61834e-09
2.31268e-09
3.26594e-09
4.53238e-09
6.09908e-09
7.9503e-09
9.94213e-09
1.1656e-08
1.26079e-08
1.22093e-08
1.02732e-08
7.45033e-09
4.86189e-09
3.0744e-09
1.97597e-09
1.32193e-09
9.32107e-10
6.98561e-10
5.57911e-10
4.75822e-10
4.35943e-10
4.3055e-10
4.59489e-10
5.27456e-10
6.44731e-10
8.20106e-10
1.07246e-09
1.40664e-09
1.84763e-09
2.3703e-09
2.96287e-09
3.56244e-09
4.05827e-09
4.2941e-09
4.10286e-09
3.41105e-09
2.38618e-09
1.42982e-09
7.88634e-10
4.34244e-10
2.37257e-10
1.28248e-10
6.90412e-11
3.80671e-11
2.404e-11
2.13171e-11
2.92151e-11
5.30269e-11
8.62747e-11
9.99089e-11
8.26723e-11
4.75022e-11
2.05863e-11
6.93269e-12
2.02629e-12
4.84939e-13
1.02209e-13
2.04369e-14
4.14286e-15
9.0282e-16
2.16901e-16
5.66207e-17
1.55626e-17
4.37912e-18
1.23825e-18
3.48143e-19
9.68165e-20
2.65746e-20
7.19684e-21
1.92391e-21
5.08109e-22
1.32677e-22
3.42681e-23
8.70559e-24
2.15884e-24
5.13375e-25
1.12352e-25
2.04541e-26
1.93359e-27
5.69704e-14
2.20765e-13
4.70833e-13
8.66178e-13
1.4908e-12
2.47436e-12
4.01665e-12
6.42321e-12
1.01581e-11
1.57436e-11
2.39864e-11
3.61144e-11
5.38859e-11
7.98304e-11
1.17527e-10
1.72111e-10
2.50984e-10
3.64912e-10
5.29447e-10
7.66797e-10
1.10791e-09
1.59427e-09
2.27749e-09
3.21828e-09
4.47233e-09
6.02654e-09
7.87203e-09
9.87597e-09
1.16246e-08
1.26487e-08
1.23486e-08
1.0497e-08
7.68629e-09
5.04215e-09
3.18749e-09
2.04484e-09
1.364e-09
9.58424e-10
7.15873e-10
5.69997e-10
4.84876e-10
4.43428e-10
4.37381e-10
4.6657e-10
5.36197e-10
6.56753e-10
8.37812e-10
1.09909e-09
1.44532e-09
1.90285e-09
2.44484e-09
3.05819e-09
3.67594e-09
4.17867e-09
4.39661e-09
4.15986e-09
3.40479e-09
2.33414e-09
1.37589e-09
7.59243e-10
4.17486e-10
2.28142e-10
1.21985e-10
6.57259e-11
3.6702e-11
2.40594e-11
2.28273e-11
3.30404e-11
6.06222e-11
9.45127e-11
1.0399e-10
8.08578e-11
4.39672e-11
1.82051e-11
5.98302e-12
1.70583e-12
3.97796e-13
8.23373e-14
1.63946e-14
3.34845e-15
7.41895e-16
1.81629e-16
4.81967e-17
1.34207e-17
3.81614e-18
1.08864e-18
3.08473e-19
8.63883e-20
2.38619e-20
6.49824e-21
1.74547e-21
4.62765e-22
1.21152e-22
3.1303e-23
7.9594e-24
1.9764e-24
4.70721e-25
1.03178e-25
1.88089e-26
1.77923e-27
5.6818e-14
2.20174e-13
4.69562e-13
8.63791e-13
1.48652e-12
2.46679e-12
4.00314e-12
6.39879e-12
1.01134e-11
1.56605e-11
2.38436e-11
3.58796e-11
5.35186e-11
7.92422e-11
1.16578e-10
1.70582e-10
2.48542e-10
3.61061e-10
5.23484e-10
7.57765e-10
1.09459e-09
1.57525e-09
2.25139e-09
3.18137e-09
4.42117e-09
5.96043e-09
7.7942e-09
9.80978e-09
1.15949e-08
1.26869e-08
1.24775e-08
1.07048e-08
7.90769e-09
5.21545e-09
3.3004e-09
2.11267e-09
1.40519e-09
9.84244e-10
7.32951e-10
5.82014e-10
4.94012e-10
4.5105e-10
4.44588e-10
4.74496e-10
5.46138e-10
6.70411e-10
8.57561e-10
1.1281e-09
1.48728e-09
1.96289e-09
2.52685e-09
3.16341e-09
3.79985e-09
4.30576e-09
4.502e-09
4.21133e-09
3.38538e-09
2.26857e-09
1.31084e-09
7.22741e-10
3.96772e-10
2.1619e-10
1.15312e-10
6.21924e-11
3.52846e-11
2.42697e-11
2.48787e-11
3.81692e-11
6.97571e-11
1.02754e-10
1.06823e-10
7.79081e-11
3.98896e-11
1.58688e-11
5.22621e-12
1.38505e-12
3.1554e-13
6.45278e-14
1.28959e-14
2.67777e-15
6.07732e-16
1.52341e-16
4.11982e-17
1.1635e-17
3.3437e-18
9.6183e-19
2.74398e-19
7.72851e-20
2.14514e-20
5.86602e-21
1.58113e-21
4.2037e-22
1.10291e-22
2.85423e-23
7.26587e-24
1.80575e-24
4.30359e-25
9.43779e-26
1.72102e-26
1.62807e-27
5.65918e-14
2.193e-13
4.67699e-13
8.60336e-13
1.48047e-12
2.45641e-12
3.98542e-12
6.36819e-12
1.00618e-11
1.55772e-11
2.3713e-11
3.56811e-11
5.32122e-11
7.87599e-11
1.15814e-10
1.69368e-10
2.46613e-10
3.57985e-10
5.18569e-10
7.4991e-10
1.08209e-09
1.5554e-09
2.22089e-09
3.13967e-09
4.36944e-09
5.90113e-09
7.73457e-09
9.76058e-09
1.15751e-08
1.27243e-08
1.25924e-08
1.08877e-08
8.10094e-09
5.36594e-09
3.39602e-09
2.17164e-09
1.44169e-09
1.00755e-09
7.4868e-10
5.93429e-10
5.02888e-10
4.58719e-10
4.5211e-10
4.83023e-10
5.5713e-10
6.85767e-10
8.8027e-10
1.16062e-09
1.5353e-09
2.03172e-09
2.61904e-09
3.27837e-09
3.93005e-09
4.43502e-09
4.60246e-09
4.2509e-09
3.35156e-09
2.19358e-09
1.23903e-09
6.83431e-10
3.75098e-10
2.04288e-10
1.08979e-10
5.90031e-11
3.4084e-11
2.46864e-11
2.72371e-11
4.37891e-11
7.95945e-11
1.10672e-10
1.08499e-10
7.40462e-11
3.61203e-11
1.38754e-11
4.41357e-12
1.13901e-12
2.544e-13
5.15329e-14
1.03435e-14
2.18128e-15
5.05544e-16
1.29226e-16
3.54749e-17
1.01275e-17
2.93373e-18
8.4921e-19
2.43548e-19
6.89136e-20
1.92074e-20
5.27202e-21
1.42566e-21
3.79978e-22
9.98771e-23
2.58894e-23
6.60025e-24
1.6428e-24
3.92097e-25
8.60882e-26
1.57096e-26
1.48633e-27
5.62877e-14
2.18117e-13
4.65148e-13
8.55581e-13
1.47219e-12
2.44258e-12
3.96316e-12
6.33387e-12
1.00071e-11
1.54877e-11
2.35732e-11
3.54568e-11
5.28563e-11
7.82024e-11
1.14947e-10
1.68029e-10
2.44556e-10
3.54838e-10
5.13771e-10
7.42641e-10
1.07156e-09
1.54036e-09
2.20035e-09
3.11148e-09
4.33251e-09
5.85661e-09
7.68603e-09
9.72055e-09
1.15613e-08
1.27591e-08
1.26944e-08
1.10504e-08
8.26027e-09
5.49213e-09
3.47961e-09
2.22304e-09
1.47345e-09
1.02774e-09
7.62416e-10
6.03532e-10
5.11053e-10
4.6601e-10
4.59476e-10
4.91591e-10
5.68545e-10
7.00981e-10
9.0294e-10
1.19267e-09
1.58232e-09
2.09836e-09
2.70764e-09
3.38885e-09
4.05574e-09
4.55791e-09
4.69329e-09
4.27909e-09
3.31039e-09
2.12181e-09
1.17842e-09
6.49966e-10
3.56494e-10
1.93939e-10
1.03466e-10
5.62314e-11
3.31157e-11
2.51874e-11
2.94949e-11
4.98271e-11
8.86961e-11
1.16731e-10
1.08493e-10
6.97618e-11
3.25636e-11
1.20583e-11
3.74985e-12
9.46128e-13
2.07952e-13
4.20522e-14
8.49647e-15
1.81907e-15
4.2938e-16
1.11534e-16
3.09858e-17
8.92124e-18
2.60046e-18
7.5642e-19
2.1782e-19
6.18536e-20
1.72953e-20
4.76166e-21
1.29169e-21
3.45617e-22
9.12321e-23
2.37273e-23
6.05938e-24
1.50921e-24
3.60231e-25
7.90753e-26
1.44269e-26
1.36482e-27
5.59718e-14
2.16889e-13
4.62499e-13
8.50611e-13
1.46339e-12
2.42745e-12
3.93744e-12
6.29032e-12
9.93573e-12
1.53717e-11
2.33736e-11
3.51332e-11
5.23459e-11
7.74118e-11
1.1374e-10
1.66207e-10
2.41844e-10
3.50849e-10
5.07989e-10
7.34418e-10
1.0598e-09
1.52421e-09
2.17933e-09
3.08499e-09
4.29834e-09
5.81441e-09
7.6432e-09
9.68584e-09
1.15504e-08
1.27916e-08
1.27808e-08
1.11839e-08
8.39911e-09
5.60047e-09
3.55108e-09
2.26699e-09
1.50072e-09
1.04615e-09
7.75115e-10
6.12482e-10
5.18723e-10
4.728e-10
4.6627e-10
4.99903e-10
5.79432e-10
7.16304e-10
9.25096e-10
1.22336e-09
1.62684e-09
2.16142e-09
2.79236e-09
3.49457e-09
4.17476e-09
4.67211e-09
4.77445e-09
4.29941e-09
3.26868e-09
2.06097e-09
1.13729e-09
6.26244e-10
3.42759e-10
1.86058e-10
9.92569e-11
5.41719e-11
3.2541e-11
2.59877e-11
3.21845e-11
5.60951e-11
9.72322e-11
1.2168e-10
1.07639e-10
6.57151e-11
2.95648e-11
1.06509e-11
3.21925e-12
7.94337e-13
1.71979e-13
3.47585e-14
7.07323e-15
1.53731e-15
3.69296e-16
9.73892e-17
2.73606e-17
7.94008e-18
2.32773e-18
6.80034e-19
1.96506e-19
5.59635e-20
1.56872e-20
4.32803e-21
1.176e-21
3.14961e-22
8.31908e-23
2.16618e-23
5.54685e-24
1.38463e-24
3.30914e-25
7.26819e-26
1.32645e-26
1.25499e-27
5.56972e-14
2.15826e-13
4.60228e-13
8.464e-13
1.45605e-12
2.41502e-12
3.91675e-12
6.25626e-12
9.8803e-12
1.52744e-11
2.32208e-11
3.48973e-11
5.19878e-11
7.6874e-11
1.12937e-10
1.65014e-10
2.40084e-10
3.48272e-10
5.04256e-10
7.29229e-10
1.05222e-09
1.51389e-09
2.16436e-09
3.06352e-09
4.27236e-09
5.78555e-09
7.61345e-09
9.66122e-09
1.15443e-08
1.28181e-08
1.28532e-08
1.12913e-08
8.5114e-09
5.68891e-09
3.60991e-09
2.30337e-09
1.52365e-09
1.06125e-09
7.85498e-10
6.20201e-10
5.25236e-10
4.78959e-10
4.72994e-10
5.08071e-10
5.90425e-10
7.3187e-10
9.48135e-10
1.25643e-09
1.67376e-09
2.2258e-09
2.87502e-09
3.59503e-09
4.28545e-09
4.7761e-09
4.84541e-09
4.31316e-09
3.22799e-09
2.0088e-09
1.10666e-09
6.08419e-10
3.32358e-10
1.79997e-10
9.61721e-11
5.26851e-11
3.22475e-11
2.68861e-11
3.48176e-11
6.20857e-11
1.04777e-10
1.2556e-10
1.06277e-10
6.22751e-11
2.74193e-11
9.27638e-12
2.7533e-12
6.70187e-13
1.44128e-13
2.92752e-14
6.02793e-15
1.33234e-15
3.25461e-16
8.69587e-17
2.46487e-17
7.19453e-18
2.11721e-18
6.20161e-19
1.79556e-19
5.12169e-20
1.43761e-20
3.97084e-21
1.07993e-21
2.89383e-22
7.64622e-23
1.9917e-23
5.09907e-24
1.27319e-24
3.0451e-25
6.69385e-26
1.22229e-26
1.15672e-27
5.54771e-14
2.14983e-13
4.58448e-13
8.43154e-13
1.45048e-12
2.40573e-12
3.90143e-12
6.23093e-12
9.83778e-12
1.52024e-11
2.31037e-11
3.47118e-11
5.16991e-11
7.64328e-11
1.12274e-10
1.6403e-10
2.3863e-10
3.46124e-10
5.01101e-10
7.24491e-10
1.04582e-09
1.50428e-09
2.15149e-09
3.04806e-09
4.25306e-09
5.76348e-09
7.59184e-09
9.64525e-09
1.15446e-08
1.28453e-08
1.2915e-08
1.13811e-08
8.60451e-09
5.76184e-09
3.6585e-09
2.33418e-09
1.54229e-09
1.07347e-09
7.94106e-10
6.26694e-10
5.30802e-10
4.84369e-10
4.78848e-10
5.1528e-10
6.00176e-10
7.46001e-10
9.68544e-10
1.28592e-09
1.71555e-09
2.28293e-09
2.95023e-09
3.68689e-09
4.38646e-09
4.86889e-09
4.90628e-09
4.32149e-09
3.18926e-09
1.96327e-09
1.08044e-09
5.93225e-10
3.23427e-10
1.74678e-10
9.36196e-11
5.14744e-11
3.20631e-11
2.77561e-11
3.7261e-11
6.73904e-11
1.10731e-10
1.28125e-10
1.04547e-10
5.91706e-11
2.53903e-11
8.40502e-12
2.4528e-12
5.88945e-13
1.25596e-13
2.55251e-14
5.2889e-15
1.18151e-15
2.91821e-16
7.8649e-17
2.24233e-17
6.56916e-18
1.93779e-18
5.68555e-19
1.64835e-19
4.70727e-20
1.32271e-20
3.6571e-21
9.95365e-22
2.66834e-22
7.05405e-23
1.83842e-23
4.71122e-24
1.17761e-24
2.81894e-25
6.20034e-26
1.13256e-26
1.07201e-27
5.52626e-14
2.14151e-13
4.5667e-13
8.39867e-13
1.4448e-12
2.39632e-12
3.8863e-12
6.20738e-12
9.80265e-12
1.51464e-11
2.30161e-11
3.45752e-11
5.14812e-11
7.60898e-11
1.11743e-10
1.63229e-10
2.3745e-10
3.44411e-10
4.9868e-10
7.20907e-10
1.0404e-09
1.49694e-09
2.14178e-09
3.03514e-09
4.23794e-09
5.74697e-09
7.57669e-09
9.63564e-09
1.1549e-08
1.28719e-08
1.29695e-08
1.14572e-08
8.68074e-09
5.82053e-09
3.69687e-09
2.35762e-09
1.55678e-09
1.08314e-09
8.01015e-10
6.3197e-10
5.35369e-10
4.88823e-10
4.8383e-10
5.21587e-10
6.08879e-10
7.5851e-10
9.86854e-10
1.31251e-09
1.75331e-09
2.33473e-09
3.01757e-09
3.76793e-09
4.47375e-09
4.948e-09
4.9558e-09
4.3248e-09
3.15459e-09
1.92783e-09
1.05367e-09
5.78343e-10
3.15103e-10
1.70001e-10
9.13582e-11
5.02996e-11
3.19024e-11
2.86031e-11
3.96177e-11
7.22422e-11
1.15765e-10
1.2998e-10
1.02694e-10
5.65241e-11
2.37397e-11
7.77968e-12
2.24034e-12
5.31748e-13
1.12497e-13
2.28241e-14
4.74242e-15
1.06649e-15
2.6542e-16
7.19768e-17
2.0607e-17
6.05289e-18
1.78845e-18
5.25343e-19
1.52445e-19
4.35701e-20
1.22529e-20
3.39115e-21
9.2447e-22
2.48461e-22
6.58633e-23
1.72024e-23
4.41075e-24
1.1021e-24
2.63692e-25
5.79784e-26
1.05878e-26
1.0021e-27
5.50778e-14
2.13438e-13
4.55149e-13
8.37063e-13
1.43995e-12
2.38821e-12
3.87302e-12
6.18589e-12
9.76594e-12
1.5086e-11
2.29232e-11
3.44399e-11
5.12948e-11
7.58221e-11
1.11343e-10
1.62604e-10
2.36496e-10
3.43005e-10
4.96577e-10
7.18035e-10
1.03638e-09
1.49148e-09
2.13467e-09
3.02609e-09
4.22702e-09
5.73521e-09
7.56656e-09
9.63059e-09
1.15558e-08
1.28967e-08
1.30162e-08
1.15198e-08
8.74334e-09
5.86778e-09
3.72737e-09
2.37652e-09
1.56858e-09
1.09104e-09
8.06736e-10
6.36536e-10
5.39402e-10
4.92817e-10
4.88326e-10
5.2729e-10
6.16782e-10
7.6996e-10
1.00363e-09
1.33686e-09
1.78772e-09
2.38128e-09
3.07821e-09
3.84113e-09
4.55221e-09
5.017e-09
4.9964e-09
4.32248e-09
3.11758e-09
1.88936e-09
1.03367e-09
5.66804e-10
3.08445e-10
1.66211e-10
8.92921e-11
4.94513e-11
3.18726e-11
2.94655e-11
4.18771e-11
7.66861e-11
1.20084e-10
1.31385e-10
1.00852e-10
5.40821e-11
2.22566e-11
7.26038e-12
2.06963e-12
4.86589e-13
1.02211e-13
2.07084e-14
4.31599e-15
9.76786e-16
2.44749e-16
6.67195e-17
1.91661e-17
5.64062e-18
1.66848e-18
4.9044e-19
1.42383e-19
4.07071e-20
1.14469e-20
3.16711e-21
8.6324e-22
2.32147e-22
6.15536e-23
1.60817e-23
4.128e-24
1.03276e-24
2.47349e-25
5.44215e-26
9.94195e-27
9.41116e-28
5.49239e-14
2.12844e-13
4.53886e-13
8.34739e-13
1.43594e-12
2.38154e-12
3.86216e-12
6.16847e-12
9.73581e-12
1.50356e-11
2.28434e-11
3.43171e-11
5.11074e-11
7.55496e-11
1.10961e-10
1.62092e-10
2.35762e-10
3.41911e-10
4.94968e-10
7.15631e-10
1.03314e-09
1.48719e-09
2.12876e-09
3.01886e-09
4.21865e-09
5.72675e-09
7.56e-09
9.62866e-09
1.15638e-08
1.29191e-08
1.30555e-08
1.15706e-08
8.79226e-09
5.90491e-09
3.75218e-09
2.39194e-09
1.57811e-09
1.0974e-09
8.11382e-10
6.40135e-10
5.42648e-10
4.96183e-10
4.92301e-10
5.32521e-10
6.24099e-10
7.80545e-10
1.01903e-09
1.35886e-09
1.81844e-09
2.42265e-09
3.13071e-09
3.90283e-09
4.617e-09
5.07271e-09
5.02639e-09
4.31505e-09
3.08174e-09
1.85469e-09
1.01601e-09
5.56816e-10
3.0275e-10
1.62988e-10
8.75368e-11
4.8746e-11
3.18851e-11
3.02733e-11
4.3964e-11
8.06613e-11
1.2381e-10
1.32451e-10
9.91125e-11
5.19759e-11
2.10322e-11
6.84227e-12
1.93078e-12
4.50114e-13
9.40051e-14
1.90258e-14
3.97588e-15
9.04611e-16
2.2793e-16
6.23971e-17
1.79718e-17
5.29707e-18
1.5682e-18
4.61228e-19
1.3398e-19
3.83393e-20
1.08016e-20
2.99579e-21
8.17659e-22
2.19946e-22
5.8329e-23
1.52392e-23
3.90996e-24
9.77883e-25
2.34155e-25
5.15106e-26
9.40911e-27
8.90638e-28
5.47985e-14
2.12361e-13
4.52859e-13
8.32853e-13
1.4327e-12
2.37617e-12
3.85347e-12
6.15467e-12
9.71154e-12
1.49948e-11
2.27789e-11
3.42184e-11
5.09595e-11
7.53305e-11
1.10639e-10
1.61618e-10
2.35104e-10
3.4101e-10
4.93707e-10
7.13856e-10
1.03065e-09
1.48378e-09
2.12451e-09
3.01362e-09
4.21282e-09
5.72106e-09
7.55617e-09
9.62889e-09
1.15723e-08
1.29392e-08
1.30887e-08
1.16124e-08
8.83255e-09
5.93495e-09
3.77122e-09
2.4036e-09
1.58539e-09
1.10232e-09
8.14979e-10
6.43079e-10
5.45362e-10
4.99e-10
4.95577e-10
5.36767e-10
6.30116e-10
7.89475e-10
1.0325e-09
1.37829e-09
1.84561e-09
2.45829e-09
3.17564e-09
3.95538e-09
4.67103e-09
5.11735e-09
5.04789e-09
4.30435e-09
3.04852e-09
1.82396e-09
1.00028e-09
5.48021e-10
2.97806e-10
1.60125e-10
8.59824e-11
4.80803e-11
3.18885e-11
3.10105e-11
4.58784e-11
8.41778e-11
1.26811e-10
1.33101e-10
9.74576e-11
5.01725e-11
2.00097e-11
6.50012e-12
1.81927e-12
4.2075e-13
8.73824e-14
1.76582e-14
3.69686e-15
8.44726e-16
2.13819e-16
5.87405e-17
1.69565e-17
5.00437e-18
1.48268e-18
4.36289e-19
1.26781e-19
3.62887e-20
1.02237e-20
2.83603e-21
7.75486e-22
2.08893e-22
5.54424e-23
1.44844e-23
3.71707e-24
9.29836e-25
2.22689e-25
4.89941e-26
8.94996e-27
8.47194e-28
5.46975e-14
2.11971e-13
4.52032e-13
8.31336e-13
1.4301e-12
2.37187e-12
3.84652e-12
6.14367e-12
9.69211e-12
1.49622e-11
2.27273e-11
3.41401e-11
5.08427e-11
7.51586e-11
1.10388e-10
1.61256e-10
2.34588e-10
3.40248e-10
4.92661e-10
7.1249e-10
1.02881e-09
1.48133e-09
2.12132e-09
3.00977e-09
4.20866e-09
5.71728e-09
7.55417e-09
9.63041e-09
1.15805e-08
1.29562e-08
1.31155e-08
1.16445e-08
8.86204e-09
5.9567e-09
3.78508e-09
2.41224e-09
1.59079e-09
1.10601e-09
8.17766e-10
6.45356e-10
5.47478e-10
5.01213e-10
4.98209e-10
5.40149e-10
6.34667e-10
7.95671e-10
1.04606e-09
1.3961e-09
1.8694e-09
2.489e-09
3.21413e-09
3.99953e-09
4.71552e-09
5.15284e-09
5.06269e-09
4.29209e-09
3.01865e-09
1.79793e-09
9.86941e-10
5.40882e-10
2.94493e-10
1.56721e-10
8.42712e-11
4.7349e-11
3.18337e-11
3.16271e-11
4.75201e-11
8.70525e-11
1.29152e-10
1.334e-10
9.58968e-11
4.86427e-11
1.91742e-11
6.22724e-12
1.72573e-12
3.95411e-13
8.15877e-14
1.64524e-14
3.45029e-15
7.91838e-16
2.014e-16
5.55409e-17
1.60747e-17
4.75214e-18
1.40952e-18
4.15088e-19
1.20691e-19
3.45605e-20
9.73929e-21
2.70154e-21
7.38109e-22
1.98765e-22
5.27703e-23
1.38015e-23
3.54532e-24
8.87577e-25
2.12698e-25
4.6816e-26
8.55426e-27
8.09812e-28
5.46173e-14
2.11662e-13
4.51375e-13
8.30129e-13
1.42802e-12
2.36842e-12
3.84092e-12
6.13471e-12
9.67661e-12
1.49363e-11
2.26867e-11
3.40786e-11
5.07513e-11
7.50245e-11
1.10193e-10
1.60975e-10
2.34177e-10
3.39683e-10
4.91859e-10
7.11373e-10
1.02735e-09
1.47942e-09
2.11893e-09
3.00699e-09
4.20579e-09
5.71494e-09
7.55352e-09
9.63283e-09
1.15884e-08
1.29715e-08
1.3138e-08
1.16711e-08
8.8859e-09
5.97351e-09
3.7957e-09
2.41881e-09
1.59499e-09
1.10892e-09
8.1995e-10
6.4717e-10
5.49206e-10
5.03093e-10
5.00489e-10
5.43202e-10
6.39051e-10
8.02203e-10
1.05575e-09
1.40988e-09
1.88837e-09
2.51367e-09
3.24505e-09
4.03505e-09
4.75116e-09
5.18102e-09
5.07405e-09
4.28136e-09
2.99386e-09
1.77625e-09
9.75706e-10
5.34585e-10
2.90919e-10
1.54773e-10
8.32172e-11
4.68976e-11
3.18603e-11
3.21909e-11
4.89608e-11
8.94231e-11
1.30988e-10
1.3359e-10
9.46813e-11
4.75108e-11
1.86027e-11
6.06162e-12
1.59917e-12
3.65033e-13
7.52929e-14
1.52464e-14
3.22005e-15
7.44967e-16
1.90782e-16
5.28666e-17
1.53476e-17
4.5458e-18
1.34994e-18
3.97865e-19
1.15755e-19
3.3164e-20
9.3497e-21
2.59437e-21
7.09023e-22
1.9098e-22
5.07167e-23
1.32687e-23
3.40964e-24
8.53895e-25
2.04684e-25
4.50611e-26
8.23456e-27
7.79537e-28
5.45562e-14
2.11427e-13
4.50874e-13
8.29212e-13
1.42645e-12
2.36582e-12
3.83672e-12
6.12806e-12
9.66489e-12
1.49167e-11
2.26558e-11
3.40318e-11
5.06821e-11
7.49233e-11
1.10047e-10
1.60766e-10
2.33877e-10
3.3926e-10
4.91264e-10
7.10553e-10
1.02624e-09
1.47802e-09
2.11723e-09
3.00505e-09
4.2039e-09
5.71358e-09
7.55357e-09
9.6353e-09
1.15951e-08
1.29833e-08
1.31551e-08
1.16905e-08
8.90308e-09
5.98564e-09
3.80338e-09
2.42361e-09
1.59802e-09
1.111e-09
8.21556e-10
6.48536e-10
5.50528e-10
5.04546e-10
5.02282e-10
5.45635e-10
6.42551e-10
8.0735e-10
1.06312e-09
1.42049e-09
1.90313e-09
2.533e-09
3.26941e-09
4.06327e-09
4.77976e-09
5.20358e-09
5.08311e-09
4.27272e-09
2.97372e-09
1.75865e-09
9.66586e-10
5.29456e-10
2.87995e-10
1.53255e-10
8.24227e-11
4.65674e-11
3.18954e-11
3.26383e-11
5.00858e-11
9.13666e-11
1.32473e-10
1.33732e-10
9.37022e-11
4.65992e-11
1.81282e-11
5.8741e-12
1.53897e-12
3.49234e-13
7.17545e-14
1.45154e-14
3.07079e-15
7.12836e-16
1.83194e-16
5.09024e-17
1.48046e-17
4.39019e-18
1.30477e-18
3.84773e-19
1.11995e-19
3.20982e-20
9.05188e-21
2.51245e-21
6.8684e-22
1.85064e-22
4.91614e-23
1.28656e-23
3.3069e-24
8.28341e-25
1.9859e-25
4.37243e-26
7.99069e-27
7.56466e-28
5.45123e-14
2.11257e-13
4.50515e-13
8.28553e-13
1.42532e-12
2.36395e-12
3.83371e-12
6.12331e-12
9.65645e-12
1.49024e-11
2.26333e-11
3.39978e-11
5.06316e-11
7.48491e-11
1.09939e-10
1.60609e-10
2.33656e-10
3.38948e-10
4.90841e-10
7.09982e-10
1.02548e-09
1.47703e-09
2.11603e-09
3.00375e-09
4.2027e-09
5.71283e-09
7.55395e-09
9.63754e-09
1.16004e-08
1.29923e-08
1.31677e-08
1.17045e-08
8.91515e-09
5.99409e-09
3.80868e-09
2.42691e-09
1.60011e-09
1.11248e-09
8.22699e-10
6.49515e-10
5.51491e-10
5.05617e-10
5.03616e-10
5.47432e-10
6.4513e-10
8.11143e-10
1.06855e-09
1.42833e-09
1.91405e-09
2.54732e-09
3.28753e-09
4.08428e-09
4.80105e-09
5.2205e-09
5.08979e-09
4.26612e-09
2.95864e-09
1.74561e-09
9.59707e-10
5.25591e-10
2.858e-10
1.52123e-10
8.18332e-11
4.63261e-11
3.19242e-11
3.29706e-11
5.09131e-11
9.28323e-11
1.33573e-10
1.33819e-10
9.29551e-11
4.59139e-11
1.77739e-11
5.73503e-12
1.49628e-12
3.3844e-13
6.93914e-14
1.40339e-14
2.97276e-15
6.91609e-16
1.78124e-16
4.95722e-17
1.44322e-17
4.28229e-18
1.27316e-18
3.75547e-19
1.09334e-19
3.13435e-20
8.84197e-21
2.45497e-21
6.71298e-22
1.80908e-22
4.8063e-23
1.25795e-23
3.23371e-24
8.10085e-25
1.94227e-25
4.27656e-26
7.81563e-27
7.39897e-28
5.44842e-14
2.11149e-13
4.50286e-13
8.28135e-13
1.4246e-12
2.36277e-12
3.83181e-12
6.12031e-12
9.65108e-12
1.48933e-11
2.2619e-11
3.39762e-11
5.05996e-11
7.48025e-11
1.09872e-10
1.60512e-10
2.3352e-10
3.38758e-10
4.90581e-10
7.09629e-10
1.02501e-09
1.47643e-09
2.11532e-09
3.00299e-09
4.20202e-09
5.71252e-09
7.55442e-09
9.63929e-09
1.16042e-08
1.29986e-08
1.31761e-08
1.17136e-08
8.9229e-09
5.99946e-09
3.81203e-09
2.42898e-09
1.60143e-09
1.11341e-09
8.23432e-10
6.50157e-10
5.52128e-10
5.06329e-10
5.04502e-10
5.48637e-10
6.46858e-10
8.13663e-10
1.07213e-09
1.43349e-09
1.92126e-09
2.55677e-09
3.29949e-09
4.09814e-09
4.81509e-09
5.2317e-09
5.09446e-09
4.26188e-09
2.94888e-09
1.73724e-09
9.5507e-10
5.22989e-10
2.84328e-10
1.51365e-10
8.14409e-11
4.61651e-11
3.1941e-11
3.31844e-11
5.1447e-11
9.38175e-11
1.34296e-10
1.33861e-10
9.24567e-11
4.54673e-11
1.75445e-11
5.6456e-12
1.46932e-12
3.31629e-13
6.79112e-14
1.37344e-14
2.91205e-15
6.78448e-16
1.74966e-16
4.87396e-17
1.4198e-17
4.21421e-18
1.25316e-18
3.6969e-19
1.07638e-19
3.08594e-20
8.70579e-21
2.41731e-21
6.61069e-22
1.78176e-22
4.7345e-23
1.23934e-23
3.18628e-24
7.98283e-25
1.91411e-25
4.21473e-26
7.70274e-27
7.29211e-28
5.44705e-14
2.11097e-13
4.50174e-13
8.27929e-13
1.42425e-12
2.36219e-12
3.83088e-12
6.11885e-12
9.64848e-12
1.48889e-11
2.26121e-11
3.39657e-11
5.05842e-11
7.478e-11
1.09839e-10
1.60467e-10
2.33455e-10
3.38668e-10
4.90455e-10
7.09456e-10
1.02479e-09
1.47615e-09
2.11498e-09
3.00263e-09
4.20173e-09
5.7124e-09
7.55472e-09
9.64022e-09
1.16062e-08
1.30017e-08
1.31803e-08
1.17181e-08
8.92668e-09
6.00206e-09
3.81364e-09
2.42998e-09
1.60207e-09
1.11387e-09
8.23788e-10
6.50467e-10
5.52436e-10
5.06675e-10
5.04937e-10
5.4923e-10
6.47713e-10
8.1492e-10
1.07392e-09
1.43607e-09
1.92484e-09
2.56145e-09
3.30543e-09
4.10504e-09
4.8221e-09
5.23724e-09
5.09667e-09
4.25981e-09
2.94423e-09
1.73318e-09
9.52805e-10
5.21712e-10
2.83604e-10
1.5099e-10
8.12477e-11
4.60877e-11
3.19541e-11
3.32994e-11
5.17282e-11
9.43116e-11
1.34652e-10
1.33878e-10
9.22097e-11
4.52487e-11
1.74331e-11
5.60252e-12
1.45644e-12
3.28413e-13
6.72134e-14
1.35937e-14
2.88365e-15
6.72303e-16
1.73492e-16
4.83508e-17
1.40887e-17
4.18242e-18
1.24381e-18
3.66951e-19
1.06844e-19
3.06323e-20
8.6419e-21
2.39962e-21
6.5625e-22
1.76884e-22
4.70036e-23
1.23046e-23
3.16355e-24
7.92608e-25
1.90054e-25
4.18486e-26
7.64813e-27
7.24038e-28
5.44703e-14
2.11096e-13
4.50172e-13
8.27926e-13
1.42425e-12
2.36218e-12
3.83087e-12
6.11883e-12
9.64843e-12
1.48888e-11
2.2612e-11
3.39655e-11
5.05838e-11
7.47796e-11
1.09839e-10
1.60466e-10
2.33455e-10
3.38668e-10
4.90455e-10
7.09458e-10
1.02479e-09
1.47615e-09
2.11499e-09
3.00264e-09
4.20174e-09
5.71242e-09
7.55474e-09
9.64025e-09
1.16062e-08
1.30017e-08
1.31803e-08
1.17181e-08
8.92672e-09
6.00208e-09
3.81366e-09
2.42999e-09
1.60208e-09
1.11387e-09
8.23792e-10
6.5047e-10
5.52439e-10
5.06677e-10
5.04939e-10
5.49233e-10
6.47717e-10
8.14925e-10
1.07393e-09
1.43607e-09
1.92485e-09
2.56146e-09
3.30543e-09
4.10504e-09
4.82209e-09
5.23723e-09
5.09663e-09
4.25976e-09
2.94419e-09
1.73316e-09
9.52791e-10
5.21705e-10
2.83601e-10
1.50987e-10
8.12469e-11
4.60887e-11
3.19581e-11
3.33103e-11
5.17562e-11
9.43194e-11
1.34652e-10
1.33877e-10
9.22095e-11
4.52489e-11
1.74333e-11
5.60261e-12
1.45647e-12
3.28421e-13
6.72152e-14
1.3594e-14
2.88372e-15
6.72317e-16
1.73495e-16
4.83516e-17
1.40889e-17
4.18249e-18
1.24384e-18
3.66957e-19
1.06846e-19
3.06329e-20
8.64208e-21
2.39967e-21
6.56265e-22
1.76888e-22
4.70047e-23
1.23049e-23
3.16362e-24
7.92627e-25
1.90058e-25
4.18496e-26
7.64832e-27
7.24056e-28
5.44837e-14
2.11148e-13
4.50282e-13
8.28127e-13
1.42459e-12
2.36274e-12
3.83177e-12
6.12025e-12
9.65096e-12
1.48931e-11
2.26187e-11
3.39756e-11
5.05988e-11
7.48014e-11
1.0987e-10
1.60511e-10
2.33519e-10
3.38758e-10
4.90582e-10
7.09632e-10
1.02502e-09
1.47645e-09
2.11533e-09
3.00301e-09
4.20205e-09
5.71255e-09
7.55447e-09
9.63935e-09
1.16043e-08
1.29987e-08
1.31763e-08
1.17137e-08
8.92301e-09
5.99954e-09
3.81209e-09
2.42902e-09
1.60146e-09
1.11343e-09
8.23447e-10
6.50168e-10
5.52137e-10
5.06337e-10
5.04511e-10
5.48648e-10
6.46873e-10
8.13683e-10
1.07216e-09
1.43352e-09
1.92128e-09
2.55678e-09
3.29949e-09
4.09813e-09
4.81504e-09
5.23159e-09
5.0943e-09
4.26171e-09
2.94873e-09
1.73715e-09
9.55025e-10
5.22965e-10
2.84316e-10
1.51357e-10
8.14365e-11
4.61618e-11
3.1937e-11
3.31769e-11
5.14296e-11
9.38018e-11
1.34283e-10
1.33853e-10
9.24547e-11
4.54676e-11
1.75449e-11
5.64585e-12
1.4694e-12
3.3165e-13
6.79161e-14
1.37354e-14
2.91225e-15
6.78489e-16
1.74975e-16
4.87419e-17
1.41987e-17
4.21441e-18
1.25322e-18
3.69708e-19
1.07644e-19
3.08612e-20
8.70632e-21
2.41747e-21
6.61112e-22
1.78188e-22
4.7348e-23
1.23942e-23
3.18648e-24
7.98333e-25
1.91424e-25
4.215e-26
7.70326e-27
7.29261e-28
5.45115e-14
2.11254e-13
4.50508e-13
8.28541e-13
1.4253e-12
2.36391e-12
3.83364e-12
6.12321e-12
9.65625e-12
1.49021e-11
2.26328e-11
3.39971e-11
5.06306e-11
7.4848e-11
1.09938e-10
1.60608e-10
2.33655e-10
3.38949e-10
4.90844e-10
7.09987e-10
1.02549e-09
1.47704e-09
2.11605e-09
3.00378e-09
4.20274e-09
5.71289e-09
7.55402e-09
9.63764e-09
1.16005e-08
1.29925e-08
1.31678e-08
1.17046e-08
8.91526e-09
5.99417e-09
3.80874e-09
2.42695e-09
1.60015e-09
1.11251e-09
8.22722e-10
6.49537e-10
5.5151e-10
5.05634e-10
5.03633e-10
5.47456e-10
6.45158e-10
8.11165e-10
1.06857e-09
1.42833e-09
1.91406e-09
2.54732e-09
3.28752e-09
4.08423e-09
4.80094e-09
5.2203e-09
5.08951e-09
4.26581e-09
2.95838e-09
1.74545e-09
9.59622e-10
5.25545e-10
2.85776e-10
1.52111e-10
8.18271e-11
4.63225e-11
3.1921e-11
3.29653e-11
5.09011e-11
9.28108e-11
1.33551e-10
1.33805e-10
9.29513e-11
4.59141e-11
1.77746e-11
5.73542e-12
1.49643e-12
3.38481e-13
6.94008e-14
1.40358e-14
2.97314e-15
6.91687e-16
1.78142e-16
4.95768e-17
1.44334e-17
4.28266e-18
1.27328e-18
3.7558e-19
1.09344e-19
3.13465e-20
8.84289e-21
2.45525e-21
6.71379e-22
1.80931e-22
4.80694e-23
1.25812e-23
3.23414e-24
8.10191e-25
1.94252e-25
4.2771e-26
7.81659e-27
7.39987e-28
5.45553e-14
2.11423e-13
4.50866e-13
8.29197e-13
1.42642e-12
2.36577e-12
3.83665e-12
6.12796e-12
9.6647e-12
1.49163e-11
2.26553e-11
3.40312e-11
5.06813e-11
7.49225e-11
1.10046e-10
1.60766e-10
2.33878e-10
3.39262e-10
4.91268e-10
7.1056e-10
1.02625e-09
1.47803e-09
2.11725e-09
3.00509e-09
4.20395e-09
5.71364e-09
7.55365e-09
9.6354e-09
1.15952e-08
1.29835e-08
1.31553e-08
1.16907e-08
8.90319e-09
5.98572e-09
3.80344e-09
2.42363e-09
1.59804e-09
1.11103e-09
8.21577e-10
6.48553e-10
5.50543e-10
5.04564e-10
5.02302e-10
5.45649e-10
6.42563e-10
8.07363e-10
1.06315e-09
1.42053e-09
1.90316e-09
2.53302e-09
3.26942e-09
4.06321e-09
4.7796e-09
5.20329e-09
5.08268e-09
4.27226e-09
2.97335e-09
1.75843e-09
9.66467e-10
5.29394e-10
2.87963e-10
1.5324e-10
8.24143e-11
4.65618e-11
3.18899e-11
3.263e-11
5.00713e-11
9.13428e-11
1.32447e-10
1.33714e-10
9.36968e-11
4.65988e-11
1.81289e-11
5.87458e-12
1.53915e-12
3.49287e-13
7.17668e-14
1.4518e-14
3.07129e-15
7.12941e-16
1.83218e-16
5.09084e-17
1.48063e-17
4.39068e-18
1.30492e-18
3.84817e-19
1.12009e-19
3.2102e-20
9.05293e-21
2.51273e-21
6.86914e-22
1.85083e-22
4.91664e-23
1.28669e-23
3.30723e-24
8.28421e-25
1.98609e-25
4.37283e-26
7.99139e-27
7.56532e-28
5.46164e-14
2.11659e-13
4.51366e-13
8.30115e-13
1.428e-12
2.36838e-12
3.84085e-12
6.13462e-12
9.67644e-12
1.49361e-11
2.26863e-11
3.40781e-11
5.07507e-11
7.50239e-11
1.10193e-10
1.60976e-10
2.34178e-10
3.39686e-10
4.91864e-10
7.11381e-10
1.02736e-09
1.47944e-09
2.11896e-09
3.00703e-09
4.20585e-09
5.71501e-09
7.5536e-09
9.63292e-09
1.15885e-08
1.29715e-08
1.31381e-08
1.16712e-08
8.88603e-09
5.97364e-09
3.7958e-09
2.4189e-09
1.59505e-09
1.10895e-09
8.19973e-10
6.47186e-10
5.49217e-10
5.03101e-10
5.00494e-10
5.43206e-10
6.39057e-10
8.02213e-10
1.05576e-09
1.4099e-09
1.8884e-09
2.51371e-09
3.24506e-09
4.03501e-09
4.751e-09
5.18068e-09
5.07351e-09
4.28068e-09
2.99331e-09
1.77594e-09
9.75544e-10
5.34501e-10
2.90876e-10
1.5475e-10
8.32045e-11
4.6888e-11
3.18486e-11
3.21704e-11
4.89192e-11
8.93842e-11
1.30951e-10
1.33565e-10
9.46743e-11
4.7512e-11
1.86043e-11
6.06241e-12
1.59944e-12
3.65108e-13
7.53095e-14
1.52497e-14
3.22068e-15
7.45094e-16
1.9081e-16
5.28737e-17
1.53496e-17
4.54637e-18
1.35011e-18
3.97917e-19
1.1577e-19
3.31683e-20
9.35084e-21
2.59465e-21
7.09085e-22
1.90992e-22
5.07189e-23
1.3269e-23
3.40965e-24
8.53886e-25
2.04679e-25
4.50598e-26
8.23428e-27
7.79509e-28
5.46965e-14
2.11968e-13
4.52024e-13
8.31322e-13
1.43008e-12
2.37183e-12
3.84646e-12
6.14358e-12
9.69196e-12
1.49619e-11
2.2727e-11
3.41396e-11
5.08422e-11
7.51581e-11
1.10388e-10
1.61256e-10
2.34589e-10
3.40252e-10
4.92667e-10
7.125e-10
1.02883e-09
1.48135e-09
2.12135e-09
3.00982e-09
4.20874e-09
5.71738e-09
7.55431e-09
9.6306e-09
1.15807e-08
1.29566e-08
1.31158e-08
1.16447e-08
8.86219e-09
5.95681e-09
3.78518e-09
2.41231e-09
1.59085e-09
1.10605e-09
8.17795e-10
6.45376e-10
5.47494e-10
5.01223e-10
4.98216e-10
5.40157e-10
6.34675e-10
7.95685e-10
1.04609e-09
1.39615e-09
1.86946e-09
2.48906e-09
3.21418e-09
3.99953e-09
4.71541e-09
5.15255e-09
5.06221e-09
4.29149e-09
3.01822e-09
1.79767e-09
9.86794e-10
5.40802e-10
2.94451e-10
1.56699e-10
8.4259e-11
4.73415e-11
3.18269e-11
3.16175e-11
4.75024e-11
8.70191e-11
1.29113e-10
1.33372e-10
9.58877e-11
4.86429e-11
1.91759e-11
6.2278e-12
1.72597e-12
3.9548e-13
8.16045e-14
1.64559e-14
3.45101e-15
7.91989e-16
2.01434e-16
5.55497e-17
1.60772e-17
4.75285e-18
1.40974e-18
4.15148e-19
1.20707e-19
3.45642e-20
9.73983e-21
2.70147e-21
7.38009e-22
1.98722e-22
5.27555e-23
1.37971e-23
3.54416e-24
8.87292e-25
2.12632e-25
4.6802e-26
8.55177e-27
8.09579e-28
5.47976e-14
2.12357e-13
4.52851e-13
8.32839e-13
1.43268e-12
2.37614e-12
3.85341e-12
6.15459e-12
9.71141e-12
1.49946e-11
2.27786e-11
3.42181e-11
5.09591e-11
7.53302e-11
1.10639e-10
1.61619e-10
2.35106e-10
3.41014e-10
4.93714e-10
7.13867e-10
1.03067e-09
1.48381e-09
2.12456e-09
3.01369e-09
4.21291e-09
5.72118e-09
7.55633e-09
9.62909e-09
1.15725e-08
1.29394e-08
1.30889e-08
1.16125e-08
8.83237e-09
5.93496e-09
3.77129e-09
2.40367e-09
1.58545e-09
1.10237e-09
8.15016e-10
6.43107e-10
5.45384e-10
4.99018e-10
4.95592e-10
5.36781e-10
6.30131e-10
7.89496e-10
1.03253e-09
1.37834e-09
1.84567e-09
2.45835e-09
3.17568e-09
3.95535e-09
4.67087e-09
5.11699e-09
5.04734e-09
4.30377e-09
3.04803e-09
1.82368e-09
1.00014e-09
5.47944e-10
2.97766e-10
1.60105e-10
8.59714e-11
4.80734e-11
3.1882e-11
3.10009e-11
4.58601e-11
8.41425e-11
1.26769e-10
1.33071e-10
9.74475e-11
5.01725e-11
2.00114e-11
6.50072e-12
1.81953e-12
4.20827e-13
8.74011e-14
1.76621e-14
3.69765e-15
8.4489e-16
2.13857e-16
5.87499e-17
1.69591e-17
5.00512e-18
1.4829e-18
4.36344e-19
1.26791e-19
3.6288e-20
1.02214e-20
2.83424e-21
7.7425e-22
2.08605e-22
5.53801e-23
1.44709e-23
3.7141e-24
9.29182e-25
2.22549e-25
4.89659e-26
8.94513e-27
8.46749e-28
5.49229e-14
2.1284e-13
4.53877e-13
8.34723e-13
1.43592e-12
2.3815e-12
3.8621e-12
6.1684e-12
9.73572e-12
1.50355e-11
2.28433e-11
3.4317e-11
5.11076e-11
7.55501e-11
1.10962e-10
1.62094e-10
2.35765e-10
3.41916e-10
4.94974e-10
7.15641e-10
1.03316e-09
1.48722e-09
2.12881e-09
3.01896e-09
4.21882e-09
5.72691e-09
7.56019e-09
9.6289e-09
1.15641e-08
1.29195e-08
1.3056e-08
1.15711e-08
8.79291e-09
5.90526e-09
3.75237e-09
2.39205e-09
1.5782e-09
1.09746e-09
8.11427e-10
6.40169e-10
5.42676e-10
4.96206e-10
4.92321e-10
5.32541e-10
6.24119e-10
7.80568e-10
1.01906e-09
1.35889e-09
1.81848e-09
2.42268e-09
3.13072e-09
3.90276e-09
4.61678e-09
5.07227e-09
5.02569e-09
4.31414e-09
3.08106e-09
1.85434e-09
1.01584e-09
5.56727e-10
3.02706e-10
1.62966e-10
8.75248e-11
4.87373e-11
3.18751e-11
3.02556e-11
4.39266e-11
8.06198e-11
1.23766e-10
1.3242e-10
9.91022e-11
5.19763e-11
2.10342e-11
6.843e-12
1.93108e-12
4.50203e-13
9.40266e-14
1.90303e-14
3.97678e-15
9.04795e-16
2.27971e-16
6.24073e-17
1.79746e-17
5.29786e-18
1.56843e-18
4.61285e-19
1.3399e-19
3.83369e-20
1.07972e-20
2.99373e-21
8.17608e-22
2.19904e-22
5.83072e-23
1.52289e-23
3.90739e-24
9.77289e-25
2.34027e-25
5.14853e-26
9.4049e-27
8.90257e-28
5.50765e-14
2.13433e-13
4.55138e-13
8.37042e-13
1.43992e-12
2.38816e-12
3.87294e-12
6.18578e-12
9.76579e-12
1.50859e-11
2.29233e-11
3.44403e-11
5.12956e-11
7.58235e-11
1.11346e-10
1.62607e-10
2.365e-10
3.43009e-10
4.96582e-10
7.18041e-10
1.03639e-09
1.49149e-09
2.13469e-09
3.02611e-09
4.22703e-09
5.73531e-09
7.56672e-09
9.63082e-09
1.15561e-08
1.28971e-08
1.30166e-08
1.15202e-08
8.7437e-09
5.86804e-09
3.72755e-09
2.37665e-09
1.56867e-09
1.0911e-09
8.06783e-10
6.36573e-10
5.39432e-10
4.92843e-10
4.88349e-10
5.27312e-10
6.16805e-10
7.69987e-10
1.00366e-09
1.3369e-09
1.78775e-09
2.38131e-09
3.07821e-09
3.84106e-09
4.55203e-09
5.01666e-09
4.99592e-09
4.32198e-09
3.11725e-09
1.88915e-09
1.03355e-09
5.66737e-10
3.08409e-10
1.66192e-10
8.92818e-11
4.94441e-11
3.18655e-11
2.94549e-11
4.18578e-11
7.66519e-11
1.20043e-10
1.31356e-10
1.00843e-10
5.40831e-11
2.2259e-11
7.26124e-12
2.06998e-12
4.86692e-13
1.02235e-13
2.07134e-14
4.31699e-15
9.76988e-16
2.44793e-16
6.67306e-17
1.91691e-17
5.64154e-18
1.66877e-18
4.90536e-19
1.42419e-19
4.07224e-20
1.14553e-20
3.17064e-21
8.64105e-22
2.32186e-22
6.15532e-23
1.60842e-23
4.12844e-24
1.03284e-24
2.47372e-25
5.44282e-26
9.94349e-27
9.41278e-28
5.52613e-14
2.14146e-13
4.56658e-13
8.3984e-13
1.44474e-12
2.3962e-12
3.88606e-12
6.20685e-12
9.80145e-12
1.51458e-11
2.30161e-11
3.45757e-11
5.14824e-11
7.60918e-11
1.11746e-10
1.63232e-10
2.37454e-10
3.44416e-10
4.98684e-10
7.20909e-10
1.0404e-09
1.49695e-09
2.14178e-09
3.03515e-09
4.23798e-09
5.74706e-09
7.57684e-09
9.63586e-09
1.15493e-08
1.28723e-08
1.29699e-08
1.14576e-08
8.68105e-09
5.82077e-09
3.69704e-09
2.35774e-09
1.55687e-09
1.0832e-09
8.01063e-10
6.32008e-10
5.35399e-10
4.88848e-10
4.83853e-10
5.21609e-10
6.08901e-10
7.58535e-10
9.86884e-10
1.31254e-09
1.75334e-09
2.33474e-09
3.01755e-09
3.76784e-09
4.47357e-09
4.9477e-09
4.95538e-09
4.32436e-09
3.15425e-09
1.92764e-09
1.05356e-09
5.78287e-10
3.15074e-10
1.69986e-10
9.13505e-11
5.02939e-11
3.18969e-11
2.85948e-11
3.96022e-11
7.22121e-11
1.15727e-10
1.29952e-10
1.02684e-10
5.65255e-11
2.3743e-11
7.78092e-12
2.2408e-12
5.31874e-13
1.12526e-13
2.28299e-14
4.74354e-15
1.06671e-15
2.65468e-16
7.19885e-17
2.06103e-17
6.05388e-18
1.78877e-18
5.25452e-19
1.52484e-19
4.35846e-20
1.22585e-20
3.39321e-21
9.25173e-22
2.48681e-22
6.58975e-23
1.72082e-23
4.41278e-24
1.10284e-24
2.63917e-25
5.8037e-26
1.05996e-26
1.00328e-27
5.54777e-14
2.14986e-13
4.58456e-13
8.43172e-13
1.45052e-12
2.40583e-12
3.90166e-12
6.23149e-12
9.83914e-12
1.52035e-11
2.31048e-11
3.47132e-11
5.17011e-11
7.64359e-11
1.12278e-10
1.64035e-10
2.38636e-10
3.4613e-10
5.01105e-10
7.24494e-10
1.04582e-09
1.50428e-09
2.1515e-09
3.04807e-09
4.25311e-09
5.76357e-09
7.59199e-09
9.64547e-09
1.15448e-08
1.28456e-08
1.29154e-08
1.13815e-08
8.60481e-09
5.76207e-09
3.65867e-09
2.3343e-09
1.54238e-09
1.07354e-09
7.94157e-10
6.26735e-10
5.30835e-10
4.84395e-10
4.78871e-10
5.15303e-10
6.00198e-10
7.46022e-10
9.68568e-10
1.28595e-09
1.71558e-09
2.28293e-09
2.9502e-09
3.68681e-09
4.3863e-09
4.86858e-09
4.90581e-09
4.32109e-09
3.18899e-09
1.96313e-09
1.08036e-09
5.93185e-10
3.23407e-10
1.74668e-10
9.36138e-11
5.14706e-11
3.20588e-11
2.77491e-11
3.72473e-11
6.73632e-11
1.10696e-10
1.281e-10
1.04539e-10
5.91723e-11
2.53929e-11
8.4063e-12
2.45327e-12
5.89076e-13
1.25626e-13
2.55311e-14
5.29004e-15
1.18173e-15
2.91869e-16
7.86609e-17
2.24267e-17
6.5702e-18
1.93813e-18
5.6867e-19
1.64875e-19
4.70872e-20
1.32325e-20
3.6592e-21
9.96207e-22
2.67192e-22
7.06767e-23
1.84321e-23
4.72541e-24
1.18148e-24
2.82873e-25
6.22242e-26
1.13663e-26
1.07587e-27
5.56982e-14
2.15831e-13
4.60238e-13
8.46423e-13
1.45609e-12
2.41512e-12
3.91694e-12
6.25661e-12
9.88086e-12
1.52752e-11
2.3222e-11
3.48989e-11
5.19902e-11
7.68774e-11
1.12941e-10
1.65019e-10
2.40091e-10
3.48278e-10
5.04261e-10
7.29231e-10
1.05222e-09
1.5139e-09
2.16437e-09
3.06355e-09
4.27242e-09
5.78565e-09
7.6136e-09
9.66144e-09
1.15446e-08
1.28184e-08
1.28536e-08
1.12916e-08
8.51169e-09
5.68915e-09
3.61008e-09
2.3035e-09
1.52374e-09
1.06132e-09
7.85553e-10
6.20244e-10
5.25268e-10
4.78983e-10
4.73018e-10
5.08096e-10
5.90449e-10
7.31895e-10
9.48162e-10
1.25645e-09
1.67378e-09
2.22579e-09
2.87499e-09
3.59494e-09
4.28529e-09
4.77589e-09
4.84518e-09
4.31303e-09
3.22811e-09
2.00886e-09
1.10668e-09
6.08424e-10
3.32361e-10
1.79999e-10
9.61715e-11
5.26838e-11
3.22447e-11
2.68803e-11
3.48058e-11
6.20612e-11
1.04745e-10
1.25537e-10
1.06271e-10
6.22784e-11
2.74218e-11
9.27757e-12
2.75376e-12
6.70317e-13
1.44159e-13
2.92813e-14
6.02907e-15
1.33256e-15
3.25508e-16
8.69703e-17
2.4652e-17
7.19556e-18
2.11755e-18
6.20278e-19
1.79598e-19
5.12331e-20
1.43827e-20
3.97388e-21
1.08145e-21
2.90213e-22
7.6919e-23
2.00756e-23
5.14502e-24
1.28504e-24
3.07254e-25
6.7474e-26
1.23118e-26
1.16481e-27
5.59714e-14
2.16887e-13
4.62496e-13
8.50606e-13
1.46338e-12
2.42744e-12
3.93744e-12
6.29036e-12
9.93592e-12
1.53721e-11
2.33743e-11
3.51344e-11
5.23477e-11
7.74143e-11
1.13743e-10
1.66211e-10
2.41848e-10
3.50852e-10
5.07992e-10
7.3442e-10
1.0598e-09
1.52422e-09
2.17935e-09
3.08503e-09
4.2984e-09
5.81452e-09
7.64336e-09
9.68605e-09
1.15507e-08
1.27919e-08
1.27812e-08
1.11843e-08
8.39941e-09
5.60071e-09
3.55126e-09
2.26711e-09
1.50081e-09
1.04622e-09
7.75168e-10
6.12526e-10
5.18759e-10
4.72829e-10
4.66295e-10
4.99925e-10
5.79452e-10
7.16324e-10
9.2512e-10
1.22339e-09
1.62686e-09
2.16143e-09
2.79233e-09
3.4945e-09
4.17463e-09
4.67191e-09
4.77421e-09
4.29918e-09
3.26851e-09
2.06091e-09
1.13727e-09
6.26237e-10
3.42758e-10
1.86058e-10
9.9257e-11
5.41714e-11
3.25389e-11
2.59826e-11
3.21736e-11
5.60718e-11
9.71993e-11
1.21655e-10
1.07631e-10
6.57182e-11
2.95682e-11
1.06528e-11
3.21997e-12
7.94534e-13
1.72022e-13
3.47667e-14
7.0747e-15
1.53758e-15
3.69348e-16
9.74015e-17
2.7364e-17
7.94113e-18
2.32807e-18
6.80153e-19
1.96549e-19
5.59793e-20
1.56934e-20
4.33058e-21
1.17711e-21
3.15463e-22
8.34077e-23
2.17287e-23
5.56129e-24
1.3878e-24
3.317e-25
7.288e-26
1.33007e-26
1.25837e-27
5.62856e-14
2.18108e-13
4.65125e-13
8.55528e-13
1.47206e-12
2.4423e-12
3.96252e-12
6.3324e-12
1.00063e-11
1.54874e-11
2.35733e-11
3.54572e-11
5.28569e-11
7.82033e-11
1.14948e-10
1.6803e-10
2.44557e-10
3.54838e-10
5.13771e-10
7.42641e-10
1.07157e-09
1.54037e-09
2.20037e-09
3.11152e-09
4.33258e-09
5.85671e-09
7.68617e-09
9.72075e-09
1.15615e-08
1.27594e-08
1.26947e-08
1.10507e-08
8.26056e-09
5.49236e-09
3.47977e-09
2.22315e-09
1.47354e-09
1.02782e-09
7.62481e-10
6.03582e-10
5.11094e-10
4.66046e-10
4.59498e-10
4.91593e-10
5.68556e-10
7.00997e-10
9.02958e-10
1.19269e-09
1.58233e-09
2.09835e-09
2.7076e-09
3.38877e-09
4.0556e-09
4.55772e-09
4.69307e-09
4.2789e-09
3.31027e-09
2.12179e-09
1.17843e-09
6.49974e-10
3.56501e-10
1.93943e-10
1.03468e-10
5.62321e-11
3.31143e-11
2.5183e-11
2.94852e-11
4.98069e-11
8.86653e-11
1.16706e-10
1.08485e-10
6.97661e-11
3.25687e-11
1.20608e-11
3.75053e-12
9.46331e-13
2.08e-13
4.20611e-14
8.49805e-15
1.81935e-15
4.29437e-16
1.11547e-16
3.09896e-17
8.92238e-18
2.60082e-18
7.56538e-19
2.17858e-19
6.18648e-20
1.72981e-20
4.76192e-21
1.29129e-21
3.45138e-22
9.0886e-23
2.36091e-23
6.02958e-24
1.50217e-24
3.58639e-25
7.8767e-26
1.43779e-26
1.36046e-27
5.65934e-14
2.19307e-13
4.67715e-13
8.60373e-13
1.48055e-12
2.45662e-12
3.98593e-12
6.36951e-12
1.00627e-11
1.55778e-11
2.37134e-11
3.56814e-11
5.32123e-11
7.87598e-11
1.15813e-10
1.69367e-10
2.46612e-10
3.57984e-10
5.18569e-10
7.49912e-10
1.08209e-09
1.55541e-09
2.22092e-09
3.13972e-09
4.36952e-09
5.90125e-09
7.73473e-09
9.76077e-09
1.15754e-08
1.27246e-08
1.25927e-08
1.08881e-08
8.10126e-09
5.36619e-09
3.3962e-09
2.17177e-09
1.44179e-09
1.00762e-09
7.4874e-10
5.93477e-10
5.02926e-10
4.58751e-10
4.52138e-10
4.83046e-10
5.57151e-10
6.85786e-10
8.80281e-10
1.16062e-09
1.53529e-09
2.03169e-09
2.61899e-09
3.27828e-09
3.92992e-09
4.43484e-09
4.60224e-09
4.25073e-09
3.35147e-09
2.19357e-09
1.23907e-09
6.83451e-10
3.75111e-10
2.04296e-10
1.08984e-10
5.90057e-11
3.40847e-11
2.46852e-11
2.7233e-11
4.3779e-11
7.95754e-11
1.10661e-10
1.08498e-10
7.40421e-11
3.61166e-11
1.38737e-11
4.41311e-12
1.13893e-12
2.54395e-13
5.15331e-14
1.03436e-14
2.1813e-15
5.05552e-16
1.2923e-16
3.54768e-17
1.01282e-17
2.93401e-18
8.49306e-19
2.43578e-19
6.89222e-20
1.92093e-20
5.27216e-21
1.42547e-21
3.79827e-22
9.97559e-23
2.58351e-23
6.58308e-24
1.63811e-24
3.90933e-25
8.58335e-26
1.56646e-26
1.48216e-27
5.68205e-14
2.20184e-13
4.69585e-13
8.63836e-13
1.48661e-12
2.46694e-12
4.0034e-12
6.39917e-12
1.01137e-11
1.56607e-11
2.38437e-11
3.58794e-11
5.35182e-11
7.92414e-11
1.16577e-10
1.7058e-10
2.4854e-10
3.61061e-10
5.23486e-10
7.57772e-10
1.09461e-09
1.57528e-09
2.25143e-09
3.18144e-09
4.42126e-09
5.96054e-09
7.79436e-09
9.80997e-09
1.15952e-08
1.26872e-08
1.24778e-08
1.07051e-08
7.90802e-09
5.21571e-09
3.30058e-09
2.11281e-09
1.40529e-09
9.84317e-10
7.33006e-10
5.82056e-10
4.94047e-10
4.51079e-10
4.44613e-10
4.74517e-10
5.46156e-10
6.70425e-10
8.57568e-10
1.1281e-09
1.48726e-09
1.96285e-09
2.52679e-09
3.16331e-09
3.79971e-09
4.30559e-09
4.50182e-09
4.21119e-09
3.38532e-09
2.26859e-09
1.3109e-09
7.22774e-10
3.96791e-10
2.16201e-10
1.15319e-10
6.21961e-11
3.52867e-11
2.42708e-11
2.48794e-11
3.8171e-11
6.97699e-11
1.02789e-10
1.06844e-10
7.78095e-11
3.98488e-11
1.58523e-11
5.22152e-12
1.38391e-12
3.15311e-13
6.44876e-14
1.2889e-14
2.67653e-15
6.07494e-16
1.52294e-16
4.11886e-17
1.16332e-17
3.34338e-18
9.61787e-19
2.74397e-19
7.72865e-20
2.14519e-20
5.866e-21
1.58102e-21
4.20288e-22
1.10246e-22
2.85231e-23
7.25921e-24
1.80374e-24
4.2982e-25
9.42514e-26
1.71864e-26
1.62579e-27
5.69724e-14
2.20773e-13
4.70849e-13
8.66208e-13
1.49085e-12
2.47444e-12
4.01676e-12
6.42334e-12
1.01582e-11
1.57436e-11
2.39861e-11
3.61138e-11
5.38849e-11
7.98288e-11
1.17525e-10
1.72108e-10
2.50982e-10
3.64911e-10
5.29451e-10
7.66809e-10
1.10793e-09
1.59432e-09
2.27755e-09
3.21836e-09
4.47243e-09
6.02668e-09
7.87218e-09
9.87614e-09
1.16248e-08
1.2649e-08
1.23489e-08
1.04974e-08
7.68663e-09
5.04243e-09
3.18769e-09
2.04498e-09
1.3641e-09
9.58494e-10
7.15925e-10
5.70037e-10
4.84908e-10
4.43453e-10
4.37401e-10
4.66585e-10
5.36208e-10
6.56761e-10
8.37814e-10
1.09909e-09
1.44531e-09
1.90282e-09
2.44477e-09
3.05808e-09
3.67579e-09
4.17846e-09
4.39634e-09
4.1597e-09
3.40473e-09
2.33417e-09
1.37595e-09
7.59282e-10
4.17509e-10
2.28155e-10
1.21993e-10
6.57295e-11
3.67022e-11
2.40566e-11
2.28198e-11
3.30235e-11
6.05853e-11
9.44551e-11
1.03946e-10
8.09263e-11
4.40001e-11
1.82213e-11
5.99012e-12
1.70759e-12
3.98149e-13
8.23978e-14
1.64039e-14
3.34975e-15
7.42058e-16
1.81646e-16
4.81975e-17
1.34204e-17
3.81603e-18
1.08861e-18
3.0847e-19
8.63882e-20
2.3862e-20
6.49823e-21
1.74543e-21
4.62734e-22
1.21135e-22
3.1296e-23
7.9569e-24
1.97561e-24
4.705e-25
1.03125e-25
1.87985e-26
1.77824e-27
5.70411e-14
2.21041e-13
4.71429e-13
8.6731e-13
1.49289e-12
2.47829e-12
4.02421e-12
6.43807e-12
1.01873e-11
1.5797e-11
2.40905e-11
3.63219e-11
5.4302e-11
8.05713e-11
1.18761e-10
1.74045e-10
2.54053e-10
3.69756e-10
5.36975e-10
7.78238e-10
1.12481e-09
1.61837e-09
2.31273e-09
3.26601e-09
4.53249e-09
6.0992e-09
7.95048e-09
9.94234e-09
1.16563e-08
1.26082e-08
1.22096e-08
1.02736e-08
7.45068e-09
4.86216e-09
3.0746e-09
1.9761e-09
1.32202e-09
9.32173e-10
6.98609e-10
5.57946e-10
4.75847e-10
4.35959e-10
4.30557e-10
4.59489e-10
5.27449e-10
6.44722e-10
8.20093e-10
1.07243e-09
1.4066e-09
1.84757e-09
2.37021e-09
2.96274e-09
3.56229e-09
4.05812e-09
4.29396e-09
4.10278e-09
3.41104e-09
2.38622e-09
1.42987e-09
7.88659e-10
4.34259e-10
2.37265e-10
1.28253e-10
6.90434e-11
3.80671e-11
2.40376e-11
2.13111e-11
2.92028e-11
5.30046e-11
8.62444e-11
9.98875e-11
8.26729e-11
4.75136e-11
2.05938e-11
6.93394e-12
2.02694e-12
4.85134e-13
1.02253e-13
2.04457e-14
4.14453e-15
9.03132e-16
2.16961e-16
5.66325e-17
1.55649e-17
4.37961e-18
1.23835e-18
3.48166e-19
9.68219e-20
2.65759e-20
7.19714e-21
1.92397e-21
5.08117e-22
1.32676e-22
3.42671e-23
8.70509e-24
2.15864e-24
5.13314e-25
1.12337e-25
2.04509e-26
1.93328e-27
5.69948e-14
2.20843e-13
4.70928e-13
8.66223e-13
1.49077e-12
2.47452e-12
4.01828e-12
6.43016e-12
1.01801e-11
1.57936e-11
2.41049e-11
3.63824e-11
5.44553e-11
8.09271e-11
1.19522e-10
1.75599e-10
2.56769e-10
3.74341e-10
5.44607e-10
7.90743e-10
1.14487e-09
1.6498e-09
2.35903e-09
3.32663e-09
4.60998e-09
6.19096e-09
8.04523e-09
1.00266e-08
1.17002e-08
1.2574e-08
1.20729e-08
1.00507e-08
7.21668e-09
4.69093e-09
2.96734e-09
1.91162e-09
1.28302e-09
9.0808e-10
6.82955e-10
5.47198e-10
4.68005e-10
4.29736e-10
4.24982e-10
4.53595e-10
5.20533e-10
6.35437e-10
8.06374e-10
1.05175e-09
1.37532e-09
1.80224e-09
2.30912e-09
2.88213e-09
3.46599e-09
3.95583e-09
4.20361e-09
4.04823e-09
3.40801e-09
2.42288e-09
1.47046e-09
8.10595e-10
4.47088e-10
2.44778e-10
1.32686e-10
7.15165e-11
3.91291e-11
2.40627e-11
2.02029e-11
2.63164e-11
4.68785e-11
7.89951e-11
9.60101e-11
8.35695e-11
5.04596e-11
2.25116e-11
8.02528e-12
2.38992e-12
5.84052e-13
1.24773e-13
2.49418e-14
5.0019e-15
1.06935e-15
2.51586e-16
6.45074e-17
1.74847e-17
4.86727e-18
1.36485e-18
3.8152e-19
1.05931e-19
2.89881e-20
7.8194e-21
2.08139e-21
5.47298e-22
1.42211e-22
3.646e-23
9.21716e-24
2.27903e-24
5.41029e-25
1.18325e-25
2.15398e-26
2.03656e-27
5.70298e-14
2.20977e-13
4.71182e-13
8.66551e-13
1.49102e-12
2.47449e-12
4.0178e-12
6.42974e-12
1.01822e-11
1.57998e-11
2.41285e-11
3.64526e-11
5.46303e-11
8.13233e-11
1.20359e-10
1.77281e-10
2.60068e-10
3.80233e-10
5.5437e-10
8.06025e-10
1.16769e-09
1.6822e-09
2.40236e-09
3.3916e-09
4.6962e-09
6.29687e-09
8.16227e-09
1.01288e-08
1.17598e-08
1.25522e-08
1.19557e-08
9.86898e-09
7.03576e-09
4.56376e-09
2.88969e-09
1.86585e-09
1.25578e-09
8.91561e-10
6.72388e-10
5.40059e-10
4.6289e-10
4.25743e-10
4.21501e-10
4.50061e-10
5.16201e-10
6.29415e-10
7.97654e-10
1.03845e-09
1.35583e-09
1.77395e-09
2.27094e-09
2.83301e-09
3.40702e-09
3.89286e-09
4.14679e-09
4.01181e-09
3.40257e-09
2.44251e-09
1.49366e-09
8.23122e-10
4.54475e-10
2.49154e-10
1.35258e-10
7.29631e-11
3.97662e-11
2.40822e-11
1.95346e-11
2.46016e-11
4.31249e-11
7.41444e-11
9.28452e-11
8.37122e-11
5.2494e-11
2.40814e-11
8.81669e-12
2.70875e-12
6.78912e-13
1.47977e-13
2.98001e-14
5.96821e-15
1.26187e-15
2.92133e-16
7.3684e-17
1.96757e-17
5.4028e-18
1.49522e-18
4.12169e-19
1.12348e-19
3.03557e-20
8.12062e-21
2.15032e-21
5.63699e-22
1.46278e-22
3.75342e-23
9.49472e-24
2.34908e-24
5.58177e-25
1.22135e-25
2.22355e-26
2.10254e-27
)
;

boundaryField
{
    fuel
    {
        type            fixedValue;
        value           uniform 0;
    }
    air
    {
        type            fixedValue;
        value           uniform 0;
    }
    outlet
    {
        type            inletOutlet;
        inletValue      uniform 0;
        value           nonuniform List<scalar> 
200
(
5.703e-14
2.20978e-13
4.71184e-13
8.66556e-13
1.49104e-12
2.47451e-12
4.01785e-12
6.42983e-12
1.01824e-11
1.58002e-11
2.4129e-11
3.64534e-11
5.46313e-11
8.13246e-11
1.2036e-10
1.77281e-10
2.60067e-10
3.80228e-10
5.54359e-10
8.06007e-10
1.16766e-09
1.68216e-09
2.40231e-09
3.39155e-09
4.69615e-09
6.29681e-09
8.16221e-09
1.01287e-08
1.17597e-08
1.2552e-08
1.19554e-08
9.86862e-09
7.03541e-09
4.56348e-09
2.8895e-09
1.86572e-09
1.25569e-09
8.91494e-10
6.72337e-10
5.40017e-10
4.62852e-10
4.25701e-10
4.21439e-10
4.49943e-10
5.16084e-10
6.29369e-10
7.97646e-10
1.03847e-09
1.35588e-09
1.77402e-09
2.27104e-09
2.83312e-09
3.40714e-09
3.89295e-09
4.14691e-09
4.01189e-09
3.40257e-09
2.44243e-09
1.49357e-09
8.23078e-10
4.5445e-10
2.4914e-10
1.3525e-10
7.29594e-11
3.97647e-11
2.40823e-11
1.95356e-11
2.46035e-11
4.31284e-11
7.41493e-11
9.285e-11
8.37118e-11
5.24804e-11
2.40748e-11
8.81429e-12
2.70802e-12
6.78728e-13
1.47936e-13
2.97917e-14
5.96651e-15
1.26151e-15
2.92055e-16
7.36655e-17
1.96711e-17
5.40164e-18
1.49493e-18
4.12093e-19
1.12328e-19
3.03509e-20
8.11943e-21
2.15003e-21
5.63628e-22
1.46261e-22
3.75302e-23
9.4938e-24
2.34886e-24
5.58118e-25
1.22122e-25
2.22332e-26
2.10234e-27
5.70298e-14
2.20977e-13
4.71182e-13
8.66551e-13
1.49102e-12
2.47449e-12
4.0178e-12
6.42974e-12
1.01822e-11
1.57998e-11
2.41285e-11
3.64526e-11
5.46303e-11
8.13233e-11
1.20359e-10
1.77281e-10
2.60068e-10
3.80233e-10
5.5437e-10
8.06025e-10
1.16769e-09
1.6822e-09
2.40236e-09
3.3916e-09
4.6962e-09
6.29687e-09
8.16227e-09
1.01288e-08
1.17598e-08
1.25522e-08
1.19557e-08
9.86898e-09
7.03576e-09
4.56376e-09
2.88969e-09
1.86585e-09
1.25578e-09
8.91561e-10
6.72388e-10
5.40059e-10
4.6289e-10
4.25743e-10
4.21501e-10
4.50061e-10
5.16201e-10
6.29415e-10
7.97654e-10
1.03845e-09
1.35583e-09
1.77395e-09
2.27094e-09
2.83301e-09
3.40702e-09
3.89286e-09
4.14679e-09
4.01181e-09
3.40257e-09
2.44251e-09
1.49366e-09
8.23122e-10
4.54475e-10
2.49154e-10
1.35258e-10
7.29631e-11
3.97662e-11
2.40822e-11
1.95346e-11
2.46016e-11
4.31249e-11
7.41444e-11
9.28452e-11
8.37122e-11
5.2494e-11
2.40814e-11
8.81669e-12
2.70875e-12
6.78912e-13
1.47977e-13
2.98001e-14
5.96821e-15
1.26187e-15
2.92133e-16
7.3684e-17
1.96757e-17
5.4028e-18
1.49522e-18
4.12169e-19
1.12348e-19
3.03557e-20
8.12062e-21
2.15032e-21
5.63699e-22
1.46278e-22
3.75342e-23
9.49472e-24
2.34908e-24
5.58177e-25
1.22135e-25
2.22355e-26
2.10254e-27
)
;
    }
    frontAndBack
    {
        type            empty;
    }
    internal
    {
        type            internal;
    }
}


// ************************************************************************* //
