/*--------------------------------*- C++ -*----------------------------------*\
  =========                 |
  \\      /  F ield         | OpenFOAM: The Open Source CFD Toolbox
   \\    /   O peration     | Website:  https://openfoam.org
    \\  /    A nd           | Version:  10
     \\/     M anipulation  |
\*---------------------------------------------------------------------------*/
FoamFile
{
    format      ascii;
    class       volScalarField;
    location    "1";
    object      CH3CHO;
}
// * * * * * * * * * * * * * * * * * * * * * * * * * * * * * * * * * * * * * //

dimensions      [0 0 0 0 0 0 0];

internalField   nonuniform List<scalar> 
4000
(
1.17646e-12
4.55819e-12
9.71754e-12
1.78655e-11
3.07232e-11
5.0944e-11
8.26098e-11
1.31946e-10
2.08352e-10
3.21963e-10
4.88721e-10
7.31878e-10
1.08296e-09
1.58293e-09
2.28303e-09
3.24433e-09
4.53452e-09
6.22263e-09
8.37127e-09
1.10284e-08
1.42201e-08
1.79457e-08
2.21775e-08
2.68856e-08
3.1983e-08
3.72745e-08
4.2785e-08
4.84829e-08
5.40367e-08
5.93544e-08
6.40688e-08
6.79585e-08
7.08424e-08
7.27643e-08
7.39093e-08
7.44494e-08
7.45063e-08
7.41631e-08
7.34798e-08
7.25012e-08
7.12541e-08
6.97899e-08
6.81337e-08
6.63214e-08
6.44337e-08
6.25237e-08
6.07763e-08
5.93292e-08
5.85457e-08
5.8777e-08
6.04135e-08
6.36616e-08
6.82938e-08
7.3214e-08
7.60915e-08
7.3436e-08
6.21749e-08
4.34738e-08
2.51108e-08
1.38338e-08
7.63394e-09
4.17931e-09
2.25938e-09
1.20261e-09
6.26866e-10
3.30487e-10
1.91216e-10
1.50901e-10
1.95793e-10
3.10149e-10
2.99738e-10
2.01564e-10
1.24144e-10
7.66105e-11
4.81693e-11
3.07154e-11
1.92344e-11
1.19216e-11
7.27275e-12
4.35874e-12
2.56623e-12
1.48471e-12
8.44501e-13
4.72611e-13
2.60526e-13
1.41659e-13
7.60913e-14
4.04414e-14
2.12946e-14
1.11213e-14
5.76632e-15
2.97035e-15
1.52053e-15
7.73118e-16
3.8969e-16
1.93766e-16
9.39634e-17
4.32462e-17
1.75004e-17
4.03032e-18
1.17727e-12
4.56148e-12
9.72573e-12
1.78849e-11
3.07658e-11
5.10306e-11
8.27709e-11
1.32219e-10
2.0877e-10
3.22626e-10
4.89581e-10
7.32728e-10
1.0833e-09
1.5817e-09
2.27824e-09
3.23246e-09
4.50966e-09
6.17834e-09
8.30148e-09
1.09285e-08
1.40881e-08
1.77849e-08
2.19983e-08
2.66614e-08
3.17296e-08
3.69988e-08
4.24971e-08
4.82111e-08
5.37874e-08
5.91581e-08
6.39413e-08
6.79114e-08
7.087e-08
7.28582e-08
7.40536e-08
7.46336e-08
7.47236e-08
7.4409e-08
7.37518e-08
7.27977e-08
7.15747e-08
7.01362e-08
6.85096e-08
6.6732e-08
6.48826e-08
6.30008e-08
6.12739e-08
5.98746e-08
5.91386e-08
5.9449e-08
6.11967e-08
6.45695e-08
6.93411e-08
7.43434e-08
7.71525e-08
7.41549e-08
6.22914e-08
4.30713e-08
2.46828e-08
1.36067e-08
7.50272e-09
4.10262e-09
2.21429e-09
1.17625e-09
6.12788e-10
3.23942e-10
1.90419e-10
1.56251e-10
2.10935e-10
3.28017e-10
3.01396e-10
1.99186e-10
1.22248e-10
7.54306e-11
4.73323e-11
3.00857e-11
1.87967e-11
1.16282e-11
7.08701e-12
4.24913e-12
2.50605e-12
1.45401e-12
8.30034e-13
4.66399e-13
2.58168e-13
1.40931e-13
7.59632e-14
4.04723e-14
2.1345e-14
1.11577e-14
5.78718e-15
2.98069e-15
1.52501e-15
7.7474e-16
3.9014e-16
1.93802e-16
9.38989e-17
4.31857e-17
1.74678e-17
4.02138e-18
1.18046e-12
4.57435e-12
9.75527e-12
1.79439e-11
3.08755e-11
5.12234e-11
8.3092e-11
1.32722e-10
2.09499e-10
3.23667e-10
4.90899e-10
7.34136e-10
1.08442e-09
1.58163e-09
2.27529e-09
3.22372e-09
4.49214e-09
6.14768e-09
8.25197e-09
1.08535e-08
1.39808e-08
1.76382e-08
2.18127e-08
2.64559e-08
3.15066e-08
3.67661e-08
4.22705e-08
4.79928e-08
5.35931e-08
5.90153e-08
6.38564e-08
6.79053e-08
7.09493e-08
7.30219e-08
7.42861e-08
7.49237e-08
7.50635e-08
7.47933e-08
7.41771e-08
7.32617e-08
7.20755e-08
7.06717e-08
6.90848e-08
6.73544e-08
6.55285e-08
6.36884e-08
6.20178e-08
6.06839e-08
6.00595e-08
6.05051e-08
6.242e-08
6.60373e-08
7.1039e-08
7.61728e-08
7.88426e-08
7.52427e-08
6.23861e-08
4.23545e-08
2.3989e-08
1.32374e-08
7.28942e-09
3.9784e-09
2.14033e-09
1.1331e-09
5.90325e-10
3.1377e-10
1.89717e-10
1.65729e-10
2.36434e-10
3.52868e-10
3.02323e-10
1.95407e-10
1.19655e-10
7.41843e-11
4.60107e-11
2.9354e-11
1.83457e-11
1.13483e-11
6.91755e-12
4.15038e-12
2.4505e-12
1.42371e-12
8.13973e-13
4.58128e-13
2.54036e-13
1.38929e-13
7.50235e-14
4.00526e-14
2.11637e-14
1.10804e-14
5.75377e-15
2.96566e-15
1.51794e-15
7.71282e-16
3.88308e-16
1.928e-16
9.33583e-17
4.29123e-17
1.73491e-17
3.9928e-18
1.1814e-12
4.57802e-12
9.76322e-12
1.79586e-11
3.09e-11
5.12594e-11
8.31352e-11
1.32752e-10
2.09461e-10
3.23492e-10
4.90323e-10
7.32617e-10
1.08089e-09
1.57476e-09
2.26326e-09
3.20442e-09
4.46255e-09
6.10427e-09
8.19123e-09
1.07727e-08
1.38791e-08
1.75174e-08
2.1667e-08
2.62927e-08
3.13352e-08
3.65859e-08
4.20884e-08
4.78249e-08
5.34423e-08
5.89045e-08
6.38068e-08
6.79375e-08
7.10721e-08
7.32291e-08
7.45661e-08
7.52699e-08
7.54666e-08
7.52481e-08
7.46806e-08
7.38128e-08
7.26753e-08
7.13233e-08
6.9778e-08
6.80745e-08
6.6301e-08
6.45214e-08
6.29212e-08
6.16821e-08
6.11601e-08
6.17558e-08
6.3868e-08
6.77366e-08
7.30183e-08
7.83194e-08
8.07668e-08
7.63952e-08
6.23168e-08
4.13795e-08
2.31669e-08
1.27948e-08
7.0377e-09
3.84135e-09
2.04228e-09
1.07843e-09
5.62784e-10
3.01902e-10
1.89825e-10
1.7888e-10
2.68846e-10
3.76459e-10
3.00622e-10
1.90637e-10
1.16477e-10
7.22262e-11
4.512e-11
2.87357e-11
1.79001e-11
1.10376e-11
6.71048e-12
4.01856e-12
2.36988e-12
1.37614e-12
7.86811e-13
4.4308e-13
2.4592e-13
1.34654e-13
7.28161e-14
3.89317e-14
2.06026e-14
1.08026e-14
5.61724e-15
2.8988e-15
1.48516e-15
7.55166e-16
3.80424e-16
1.88978e-16
9.15441e-17
4.20925e-17
1.70223e-17
3.91815e-18
1.18043e-12
4.57425e-12
9.75515e-12
1.79433e-11
3.08717e-11
5.12061e-11
8.30323e-11
1.32549e-10
2.09058e-10
3.22692e-10
4.88859e-10
7.30069e-10
1.07673e-09
1.56804e-09
2.25261e-09
3.18799e-09
4.43803e-09
6.06901e-09
8.14266e-09
1.07089e-08
1.37992e-08
1.74226e-08
2.15607e-08
2.61704e-08
3.11948e-08
3.64286e-08
4.19164e-08
4.76687e-08
5.33152e-08
5.88219e-08
6.37884e-08
6.79996e-08
7.1225e-08
7.34678e-08
7.48855e-08
7.56468e-08
7.58973e-08
7.57297e-08
7.52108e-08
7.43889e-08
7.32987e-08
7.19901e-08
7.04922e-08
6.8842e-08
6.7124e-08
6.54052e-08
6.38687e-08
6.27125e-08
6.22993e-08
6.30641e-08
6.5418e-08
6.95823e-08
7.51568e-08
8.05725e-08
8.27405e-08
7.74429e-08
6.20012e-08
4.02029e-08
2.23126e-08
1.23104e-08
6.7583e-09
3.67632e-09
1.94671e-09
1.02392e-09
5.34801e-10
2.90879e-10
1.92485e-10
1.98099e-10
3.09839e-10
3.95751e-10
2.96937e-10
1.85449e-10
1.13057e-10
7.02369e-11
4.44809e-11
2.78161e-11
1.73258e-11
1.06757e-11
6.48553e-12
3.88185e-12
2.28875e-12
1.3291e-12
7.60145e-13
4.28292e-13
2.37884e-13
1.30364e-13
7.05606e-14
3.77606e-14
2.00006e-14
1.04955e-14
5.46149e-15
2.82011e-15
1.44553e-15
7.35301e-16
3.70534e-16
1.84116e-16
8.92109e-17
4.10283e-17
1.65946e-17
3.81982e-18
1.17762e-12
4.56339e-12
9.73191e-12
1.78999e-11
3.0795e-11
5.10731e-11
8.28016e-11
1.32143e-10
2.08359e-10
3.2153e-10
4.8702e-10
7.27288e-10
1.0725e-09
1.56158e-09
2.24286e-09
3.17349e-09
4.41696e-09
6.03905e-09
8.10102e-09
1.06523e-08
1.37241e-08
1.73242e-08
2.14359e-08
2.60294e-08
3.10498e-08
3.62863e-08
4.17863e-08
4.75561e-08
5.32267e-08
5.87732e-08
6.37992e-08
6.80832e-08
7.13921e-08
7.3711e-08
7.51952e-08
7.60198e-08
7.63262e-08
7.62109e-08
7.57436e-08
7.49744e-08
7.39292e-08
7.26669e-08
7.12178e-08
6.962e-08
6.79624e-08
6.6317e-08
6.48673e-08
6.38172e-08
6.35498e-08
6.45159e-08
6.71186e-08
7.15647e-08
7.73778e-08
8.28452e-08
8.46063e-08
7.82373e-08
6.1377e-08
3.88693e-08
2.14632e-08
1.18296e-08
6.48386e-09
3.5198e-09
1.85929e-09
9.75688e-10
5.10055e-10
2.82014e-10
1.97244e-10
2.20289e-10
3.54443e-10
4.08816e-10
2.90965e-10
1.7961e-10
1.09702e-10
6.8351e-11
4.33158e-11
2.70656e-11
1.68286e-11
1.03472e-11
6.2733e-12
3.74845e-12
2.20716e-12
1.2805e-12
7.3195e-13
4.12338e-13
2.29064e-13
1.25589e-13
6.80214e-14
3.64311e-14
1.93133e-14
1.01439e-14
5.28285e-15
2.72955e-15
1.39978e-15
7.12364e-16
3.59147e-16
1.78555e-16
8.65637e-17
3.98288e-17
1.6114e-17
3.70941e-18
1.17312e-12
4.5459e-12
9.69418e-12
1.78295e-11
3.06719e-11
5.08669e-11
8.24683e-11
1.31627e-10
2.07535e-10
3.20172e-10
4.84912e-10
7.23957e-10
1.06734e-09
1.55377e-09
2.23129e-09
3.15674e-09
4.39336e-09
6.00667e-09
8.05781e-09
1.05962e-08
1.36563e-08
1.72447e-08
2.13484e-08
2.59335e-08
3.09484e-08
3.61834e-08
4.16857e-08
4.74708e-08
5.31667e-08
5.87504e-08
6.38309e-08
6.81777e-08
7.15762e-08
7.3962e-08
7.55063e-08
7.63858e-08
7.6741e-08
7.66683e-08
7.62495e-08
7.55307e-08
7.45355e-08
7.33191e-08
7.19142e-08
7.03591e-08
6.87608e-08
6.71918e-08
6.58148e-08
6.48689e-08
6.47336e-08
6.58799e-08
6.87147e-08
7.34382e-08
7.94976e-08
8.49837e-08
8.62597e-08
7.87478e-08
6.05092e-08
3.74888e-08
2.06674e-08
1.13781e-08
6.22583e-09
3.37172e-09
1.77699e-09
9.3031e-10
4.87503e-10
2.74599e-10
2.02813e-10
2.44339e-10
3.94706e-10
4.13218e-10
2.83152e-10
1.73659e-10
1.06283e-10
6.63338e-11
4.21338e-11
2.63115e-11
1.63333e-11
1.00229e-11
6.06616e-12
3.61966e-12
2.12916e-12
1.23442e-12
7.05363e-13
3.97334e-13
2.20765e-13
1.2108e-13
6.56105e-14
3.51595e-14
1.86509e-14
9.8028e-15
5.1095e-15
2.64314e-15
1.35725e-15
6.91386e-16
3.4871e-16
1.73388e-16
8.40574e-17
3.86736e-17
1.56461e-17
3.60165e-18
1.16805e-12
4.52619e-12
9.65161e-12
1.77495e-11
3.05302e-11
5.06231e-11
8.20549e-11
1.3093e-10
2.06399e-10
3.18328e-10
4.81764e-10
7.18935e-10
1.05961e-09
1.54221e-09
2.21446e-09
3.13292e-09
4.36077e-09
5.96359e-09
8.0031e-09
1.05299e-08
1.35772e-08
1.7156e-08
2.12561e-08
2.58423e-08
3.08556e-08
3.60889e-08
4.16019e-08
4.74025e-08
5.31248e-08
5.87462e-08
6.38846e-08
6.82925e-08
7.17604e-08
7.42089e-08
7.58095e-08
7.67419e-08
7.71483e-08
7.71413e-08
7.67642e-08
7.60736e-08
7.51218e-08
7.39449e-08
7.25814e-08
7.1084e-08
6.95245e-08
6.80075e-08
6.66862e-08
6.58296e-08
6.58093e-08
6.71335e-08
7.0206e-08
7.5203e-08
8.14824e-08
8.6947e-08
8.76992e-08
7.90435e-08
5.95276e-08
3.61616e-08
1.99246e-08
1.09577e-08
5.9852e-09
3.23382e-09
1.7017e-09
8.89603e-10
4.67529e-10
2.68885e-10
2.09928e-10
2.69897e-10
4.30361e-10
4.14146e-10
2.75623e-10
1.68431e-10
1.03333e-10
6.45966e-11
4.10022e-11
2.5577e-11
1.58527e-11
9.71214e-12
5.87034e-12
3.49949e-12
2.05715e-12
1.19219e-12
6.81083e-13
3.83639e-13
2.13176e-13
1.16942e-13
6.3387e-14
3.39801e-14
1.80322e-14
9.48115e-15
4.94334e-15
2.55748e-15
1.31339e-15
6.69306e-16
3.37901e-16
1.6813e-16
8.15351e-17
3.75179e-17
1.51798e-17
3.49452e-18
1.16344e-12
4.50838e-12
9.61349e-12
1.76787e-11
3.04068e-11
5.04143e-11
8.17082e-11
1.30362e-10
2.05481e-10
3.16714e-10
4.79242e-10
7.15099e-10
1.05393e-09
1.53398e-09
2.20275e-09
3.11664e-09
4.33879e-09
5.93481e-09
7.9668e-09
1.04874e-08
1.35262e-08
1.71005e-08
2.11926e-08
2.57698e-08
3.07857e-08
3.6026e-08
4.1547e-08
4.73574e-08
5.30994e-08
5.87431e-08
6.39755e-08
6.84251e-08
7.19459e-08
7.44458e-08
7.60942e-08
7.70711e-08
7.75273e-08
7.75467e-08
7.72088e-08
7.65642e-08
7.56584e-08
7.45288e-08
7.32245e-08
7.17717e-08
7.02634e-08
6.87963e-08
6.75565e-08
6.67913e-08
6.6887e-08
6.8371e-08
7.163e-08
7.68572e-08
8.33127e-08
8.87229e-08
8.89412e-08
7.91957e-08
5.85425e-08
3.49623e-08
1.92553e-08
1.05796e-08
5.77013e-09
3.11062e-09
1.63748e-09
8.54789e-10
4.50832e-10
2.64674e-10
2.17424e-10
2.94808e-10
4.58957e-10
4.12796e-10
2.69191e-10
1.64316e-10
1.01404e-10
6.24305e-11
3.9778e-11
2.48577e-11
1.54165e-11
9.44475e-12
5.70731e-12
3.401e-12
1.99831e-12
1.15751e-12
6.60955e-13
3.7215e-13
2.06729e-13
1.13381e-13
6.14496e-14
3.29409e-14
1.74816e-14
9.19256e-15
4.79326e-15
2.47985e-15
1.27352e-15
6.49019e-16
3.27613e-16
1.63026e-16
7.9083e-17
3.64005e-17
1.47304e-17
3.39148e-18
1.15964e-12
4.4938e-12
9.58273e-12
1.76226e-11
3.03104e-11
5.02537e-11
8.14438e-11
1.29927e-10
2.04757e-10
3.15483e-10
4.77254e-10
7.12004e-10
1.04924e-09
1.52707e-09
2.1929e-09
3.10301e-09
4.32041e-09
5.91067e-09
7.93612e-09
1.04484e-08
1.3483e-08
1.7048e-08
2.11364e-08
2.57172e-08
3.07355e-08
3.59811e-08
4.15122e-08
4.73354e-08
5.31001e-08
5.8773e-08
6.40492e-08
6.85458e-08
7.2117e-08
7.46641e-08
7.63566e-08
7.73772e-08
7.7862e-08
7.79152e-08
7.76123e-08
7.70041e-08
7.61377e-08
7.50508e-08
7.37783e-08
7.2362e-08
7.08942e-08
6.94829e-08
6.82957e-08
6.76039e-08
6.78037e-08
6.94344e-08
7.28985e-08
7.83545e-08
8.49783e-08
9.03108e-08
9.001e-08
7.92594e-08
5.76225e-08
3.39252e-08
1.86687e-08
1.02461e-08
5.57776e-09
2.99768e-09
1.58084e-09
8.24139e-10
4.36295e-10
2.61337e-10
2.24638e-10
3.17298e-10
4.7891e-10
4.09593e-10
2.63361e-10
1.60545e-10
9.92193e-11
6.11388e-11
3.89726e-11
2.43448e-11
1.5085e-11
9.23136e-12
5.5719e-12
3.31647e-12
1.94646e-12
1.12631e-12
6.42565e-13
3.61533e-13
2.00721e-13
1.10044e-13
5.96285e-14
3.19619e-14
1.69624e-14
8.9202e-15
4.65151e-15
2.40647e-15
1.23596e-15
6.29982e-16
3.18128e-16
1.58374e-16
7.68521e-17
3.53816e-17
1.43199e-17
3.29731e-18
1.15586e-12
4.47914e-12
9.55137e-12
1.75646e-11
3.02103e-11
5.00879e-11
8.11777e-11
1.29514e-10
2.04144e-10
3.14503e-10
4.75736e-10
7.09681e-10
1.04564e-09
1.52162e-09
2.18489e-09
3.09173e-09
4.30523e-09
5.89107e-09
7.91227e-09
1.04188e-08
1.34461e-08
1.70078e-08
2.10949e-08
2.56748e-08
3.0698e-08
3.59507e-08
4.14927e-08
4.73288e-08
5.31147e-08
5.88132e-08
6.41251e-08
6.86611e-08
7.22727e-08
7.48579e-08
7.65838e-08
7.7634e-08
7.81513e-08
7.82371e-08
7.7964e-08
7.73826e-08
7.65443e-08
7.54841e-08
7.42419e-08
7.28594e-08
7.14309e-08
7.00599e-08
6.89244e-08
6.8303e-08
6.8602e-08
7.03764e-08
7.40198e-08
7.96666e-08
8.64161e-08
9.16697e-08
9.08864e-08
7.92501e-08
5.68109e-08
3.31233e-08
1.81031e-08
9.9323e-09
5.40298e-09
2.89951e-09
1.53107e-09
7.95072e-10
4.22984e-10
2.58635e-10
2.31892e-10
3.38303e-10
4.93616e-10
4.05548e-10
2.58022e-10
1.5715e-10
9.72815e-11
6.02033e-11
3.83844e-11
2.39589e-11
1.48264e-11
9.0583e-12
5.45831e-12
3.24378e-12
1.90116e-12
1.09877e-12
6.26221e-13
3.52049e-13
1.95332e-13
1.07043e-13
5.79857e-14
3.10766e-14
1.64921e-14
8.67409e-15
4.52526e-15
2.34319e-15
1.20458e-15
6.14411e-16
3.10281e-16
1.54435e-16
7.49268e-17
3.44916e-17
1.39588e-17
3.21417e-18
1.15255e-12
4.46638e-12
9.52416e-12
1.75145e-11
3.01236e-11
4.99432e-11
8.09414e-11
1.29133e-10
2.03492e-10
3.13427e-10
4.74094e-10
7.07329e-10
1.04248e-09
1.51728e-09
2.17877e-09
3.08285e-09
4.29287e-09
5.87485e-09
7.89117e-09
1.03945e-08
1.34183e-08
1.69779e-08
2.10649e-08
2.56463e-08
3.06733e-08
3.59324e-08
4.14846e-08
4.73329e-08
5.31378e-08
5.88588e-08
6.42011e-08
6.87704e-08
7.24181e-08
7.50339e-08
7.67874e-08
7.78663e-08
7.84125e-08
7.8526e-08
7.82807e-08
7.77316e-08
7.69179e-08
7.58788e-08
7.4658e-08
7.33002e-08
7.19018e-08
7.0567e-08
6.94776e-08
6.89196e-08
6.93067e-08
7.12056e-08
7.50165e-08
8.08455e-08
8.77102e-08
9.28647e-08
9.16238e-08
7.91691e-08
5.60105e-08
3.23251e-08
1.7684e-08
9.69237e-09
5.26547e-09
2.82118e-09
1.48701e-09
7.73151e-10
4.13003e-10
2.57306e-10
2.3941e-10
3.58084e-10
5.04886e-10
4.01704e-10
2.53525e-10
1.54328e-10
9.5563e-11
5.94689e-11
3.792e-11
2.36468e-11
1.46114e-11
8.913e-12
5.3628e-12
3.18263e-12
1.86294e-12
1.07545e-12
6.12318e-13
3.43946e-13
1.9071e-13
1.04458e-13
5.65648e-14
3.03064e-14
1.60779e-14
8.4533e-15
4.40915e-15
2.28343e-15
1.17385e-15
5.98779e-16
3.02519e-16
1.50643e-16
7.31142e-17
3.36653e-17
1.36263e-17
3.13784e-18
1.14977e-12
4.45565e-12
9.50136e-12
1.74725e-11
3.00513e-11
4.9823e-11
8.07463e-11
1.28822e-10
2.0295e-10
3.12521e-10
4.72668e-10
7.05168e-10
1.03927e-09
1.51277e-09
2.17276e-09
3.07537e-09
4.28318e-09
5.86212e-09
7.87506e-09
1.03743e-08
1.3396e-08
1.69549e-08
2.10408e-08
2.56247e-08
3.06562e-08
3.59222e-08
4.14843e-08
4.73439e-08
5.31658e-08
5.89065e-08
6.42747e-08
6.88719e-08
7.25485e-08
7.51937e-08
7.69776e-08
7.80795e-08
7.86457e-08
7.87797e-08
7.8556e-08
7.80211e-08
7.72284e-08
7.62144e-08
7.50216e-08
7.36951e-08
7.23245e-08
7.10192e-08
6.99659e-08
6.94557e-08
6.99149e-08
7.19243e-08
7.58657e-08
8.18323e-08
8.87815e-08
9.38435e-08
9.21895e-08
7.90231e-08
5.52717e-08
3.16416e-08
1.73321e-08
9.49387e-09
5.15248e-09
2.75687e-09
1.45067e-09
7.55169e-10
4.0504e-10
2.56781e-10
2.46773e-10
3.76145e-10
5.1358e-10
3.9819e-10
2.49645e-10
1.5193e-10
9.41174e-11
5.88629e-11
3.75198e-11
2.33747e-11
1.4424e-11
8.78563e-12
5.27851e-12
3.12836e-12
1.82892e-12
1.05466e-12
5.99924e-13
3.36729e-13
1.866e-13
1.02165e-13
5.53109e-14
2.96362e-14
1.57308e-14
8.277e-15
4.31853e-15
2.23637e-15
1.14965e-15
5.86402e-16
2.96203e-16
1.4748e-16
7.15737e-17
3.29545e-17
1.33382e-17
3.07146e-18
1.14749e-12
4.44686e-12
9.48267e-12
1.74382e-11
2.99925e-11
4.97257e-11
8.05892e-11
1.28574e-10
2.0251e-10
3.1178e-10
4.71504e-10
7.03419e-10
1.03671e-09
1.50911e-09
2.16765e-09
3.06835e-09
4.27429e-09
5.85137e-09
7.86219e-09
1.03592e-08
1.33791e-08
1.69368e-08
2.10239e-08
2.56101e-08
3.06462e-08
3.59184e-08
4.14893e-08
4.73591e-08
5.3196e-08
5.89539e-08
6.43445e-08
6.89664e-08
7.26697e-08
7.53381e-08
7.71403e-08
7.82601e-08
7.88455e-08
7.89983e-08
7.87911e-08
7.82784e-08
7.75047e-08
7.65078e-08
7.53287e-08
7.40172e-08
7.26667e-08
7.13869e-08
7.03647e-08
6.99006e-08
7.04269e-08
7.25237e-08
7.65776e-08
8.26646e-08
8.96751e-08
9.46379e-08
9.26154e-08
7.88403e-08
5.46117e-08
3.10626e-08
1.70332e-08
9.32663e-09
5.05827e-09
2.70198e-09
1.41964e-09
7.39065e-10
3.98027e-10
2.56531e-10
2.53813e-10
3.92464e-10
5.19555e-10
3.94552e-10
2.46248e-10
1.49848e-10
9.28503e-11
5.83347e-11
3.71648e-11
2.31241e-11
1.42484e-11
8.66575e-12
5.1993e-12
3.07764e-12
1.79736e-12
1.03553e-12
5.88608e-13
3.30185e-13
1.82892e-13
1.00103e-13
5.41821e-14
2.90261e-14
1.54035e-14
8.10444e-15
4.23139e-15
2.19219e-15
1.12718e-15
5.74887e-16
2.90409e-16
1.44608e-16
7.01853e-17
3.23169e-17
1.30805e-17
3.01217e-18
1.14564e-12
4.43974e-12
9.46755e-12
1.74105e-11
2.99449e-11
4.96472e-11
8.04629e-11
1.28375e-10
2.02156e-10
3.11183e-10
4.70569e-10
7.02021e-10
1.03468e-09
1.50623e-09
2.16366e-09
3.06297e-09
4.26731e-09
5.8422e-09
7.85131e-09
1.03475e-08
1.33666e-08
1.6924e-08
2.10119e-08
2.56004e-08
3.06407e-08
3.59188e-08
4.14977e-08
4.73767e-08
5.32258e-08
5.89976e-08
6.44061e-08
6.90462e-08
7.27685e-08
7.54563e-08
7.72749e-08
7.84116e-08
7.90126e-08
7.91816e-08
7.89926e-08
7.8495e-08
7.77361e-08
7.67528e-08
7.55919e-08
7.42978e-08
7.2964e-08
7.1703e-08
7.06869e-08
7.02636e-08
7.08453e-08
7.30199e-08
7.71741e-08
8.33573e-08
9.0411e-08
9.52766e-08
9.29245e-08
7.86357e-08
5.40364e-08
3.05913e-08
1.67898e-08
9.19572e-09
4.99635e-09
2.64025e-09
1.38735e-09
7.22863e-10
3.91152e-10
2.56022e-10
2.5971e-10
4.05757e-10
5.23186e-10
3.90942e-10
2.43147e-10
1.48016e-10
9.17583e-11
5.78802e-11
3.67999e-11
2.28523e-11
1.40593e-11
8.54018e-12
5.11905e-12
3.02788e-12
1.76725e-12
1.0177e-12
5.78255e-13
3.24286e-13
1.79589e-13
9.82821e-14
5.31923e-14
2.84943e-14
1.51203e-14
7.95418e-15
4.15116e-15
2.15032e-15
1.10579e-15
5.64227e-16
2.85125e-16
1.42016e-16
6.89418e-17
3.1749e-17
1.28518e-17
2.95961e-18
1.14417e-12
4.43406e-12
9.45549e-12
1.73884e-11
2.99069e-11
4.95841e-11
8.03608e-11
1.28213e-10
2.01872e-10
3.10709e-10
4.6983e-10
7.0092e-10
1.03309e-09
1.50398e-09
2.16055e-09
3.05881e-09
4.26176e-09
5.83543e-09
7.84307e-09
1.03379e-08
1.33567e-08
1.69142e-08
2.10032e-08
2.55941e-08
3.06382e-08
3.59214e-08
4.15072e-08
4.73939e-08
5.32541e-08
5.90385e-08
6.44617e-08
6.91181e-08
7.2856e-08
7.55569e-08
7.7389e-08
7.8539e-08
7.91549e-08
7.93366e-08
7.9158e-08
7.86712e-08
7.79236e-08
7.69532e-08
7.58035e-08
7.4522e-08
7.3202e-08
7.19572e-08
7.0961e-08
7.05645e-08
7.11878e-08
7.34232e-08
7.76561e-08
8.39176e-08
9.10059e-08
9.57901e-08
9.31708e-08
7.84626e-08
5.35654e-08
3.02102e-08
1.65916e-08
9.08435e-09
4.93283e-09
2.60507e-09
1.36736e-09
7.12319e-10
3.86675e-10
2.56186e-10
2.65049e-10
4.16848e-10
5.25839e-10
3.88165e-10
2.40843e-10
1.46717e-10
9.11168e-11
5.77277e-11
3.60786e-11
2.24567e-11
1.3833e-11
8.40863e-12
5.04193e-12
2.98263e-12
1.74081e-12
1.00237e-12
5.69472e-13
3.19319e-13
1.76819e-13
9.67588e-14
5.23661e-14
2.80518e-14
1.48858e-14
7.83102e-15
4.087e-15
2.11717e-15
1.08881e-15
5.55623e-16
2.80811e-16
1.39884e-16
6.79132e-17
3.12776e-17
1.26614e-17
2.91572e-18
1.14304e-12
4.42973e-12
9.4463e-12
1.73715e-11
2.98779e-11
4.95363e-11
8.0284e-11
1.28092e-10
2.01657e-10
3.10347e-10
4.69265e-10
7.0008e-10
1.03187e-09
1.50227e-09
2.15821e-09
3.0557e-09
4.2577e-09
5.83038e-09
7.83701e-09
1.03311e-08
1.33493e-08
1.69072e-08
2.09973e-08
2.55903e-08
3.06377e-08
3.59252e-08
4.15166e-08
4.74094e-08
5.3278e-08
5.90716e-08
6.45065e-08
6.91749e-08
7.29247e-08
7.56366e-08
7.74797e-08
7.86401e-08
7.92643e-08
7.94538e-08
7.92843e-08
7.88061e-08
7.80669e-08
7.71051e-08
7.59642e-08
7.46936e-08
7.33848e-08
7.21529e-08
7.1174e-08
7.08004e-08
7.14584e-08
7.37431e-08
7.80398e-08
8.43664e-08
9.14861e-08
9.62048e-08
9.33707e-08
7.83262e-08
5.31907e-08
2.99104e-08
1.64357e-08
8.99632e-09
4.8823e-09
2.57837e-09
1.3526e-09
7.04646e-10
3.83544e-10
2.5657e-10
2.69473e-10
4.26087e-10
5.27937e-10
3.86061e-10
2.39084e-10
1.45686e-10
9.05264e-11
5.73609e-11
3.58022e-11
2.22609e-11
1.37005e-11
8.32207e-12
4.98734e-12
2.94915e-12
1.72072e-12
9.9055e-13
5.62639e-13
3.15438e-13
1.74651e-13
9.55658e-14
5.17186e-14
2.77046e-14
1.47016e-14
7.73435e-15
4.03679e-15
2.09133e-15
1.07563e-15
5.48944e-16
2.77459e-16
1.38224e-16
6.7111e-17
3.09092e-17
1.25125e-17
2.88146e-18
1.14223e-12
4.42661e-12
9.43968e-12
1.73594e-11
2.98572e-11
4.95021e-11
8.0229e-11
1.28005e-10
2.01502e-10
3.10084e-10
4.68854e-10
6.99467e-10
1.03099e-09
1.50102e-09
2.15648e-09
3.05334e-09
4.2547e-09
5.82665e-09
7.83271e-09
1.03263e-08
1.33443e-08
1.69024e-08
2.09934e-08
2.55881e-08
3.0638e-08
3.59288e-08
4.15244e-08
4.7422e-08
5.32968e-08
5.90973e-08
6.45405e-08
6.92176e-08
7.29761e-08
7.56962e-08
7.75467e-08
7.87143e-08
7.93453e-08
7.95415e-08
7.93778e-08
7.89054e-08
7.81728e-08
7.72177e-08
7.60839e-08
7.48198e-08
7.35185e-08
7.22963e-08
7.13314e-08
7.09761e-08
7.16603e-08
7.39821e-08
7.83271e-08
8.47027e-08
9.18458e-08
9.65176e-08
9.35204e-08
7.82232e-08
5.29123e-08
2.96931e-08
1.63207e-08
8.9314e-09
4.84515e-09
2.55886e-09
1.34187e-09
6.99144e-10
3.81363e-10
2.57002e-10
2.72976e-10
4.33534e-10
5.29517e-10
3.84518e-10
2.37796e-10
1.44923e-10
9.00837e-11
5.70853e-11
3.56183e-11
2.21365e-11
1.36168e-11
8.26683e-12
4.95182e-12
2.92687e-12
1.70707e-12
9.82372e-13
5.57843e-13
3.12683e-13
1.73097e-13
9.47056e-14
5.125e-14
2.74535e-14
1.45691e-14
7.66514e-15
4.00086e-15
2.07278e-15
1.0661e-15
5.44098e-16
2.75018e-16
1.37012e-16
6.65246e-17
3.06396e-17
1.24034e-17
2.85635e-18
1.14172e-12
4.42463e-12
9.43548e-12
1.73517e-11
2.9844e-11
4.94805e-11
8.01943e-11
1.27951e-10
2.01403e-10
3.09917e-10
4.68592e-10
6.99077e-10
1.03042e-09
1.50023e-09
2.15539e-09
3.0519e-09
4.25286e-09
5.82438e-09
7.83006e-09
1.03234e-08
1.33413e-08
1.68997e-08
2.09913e-08
2.55871e-08
3.06387e-08
3.59318e-08
4.15302e-08
4.7431e-08
5.33101e-08
5.91154e-08
6.45641e-08
6.92466e-08
7.30107e-08
7.57362e-08
7.75917e-08
7.87635e-08
7.93988e-08
7.95993e-08
7.944e-08
7.89726e-08
7.82445e-08
7.72936e-08
7.61639e-08
7.49046e-08
7.36082e-08
7.23916e-08
7.14354e-08
7.10919e-08
7.17937e-08
7.41403e-08
7.85171e-08
8.49246e-08
9.20824e-08
9.67221e-08
9.3617e-08
7.81547e-08
5.27318e-08
2.95551e-08
1.6244e-08
8.88815e-09
4.82049e-09
2.54593e-09
1.3348e-09
6.95535e-10
3.79937e-10
2.57267e-10
2.75198e-10
4.3829e-10
5.30439e-10
3.83483e-10
2.36951e-10
1.44427e-10
8.97968e-11
5.69085e-11
3.55037e-11
2.20592e-11
1.35653e-11
8.23308e-12
4.93006e-12
2.91308e-12
1.69853e-12
9.77208e-13
5.54795e-13
3.10922e-13
1.72101e-13
9.41514e-14
5.09469e-14
2.72898e-14
1.44817e-14
7.61905e-15
3.97686e-15
2.06042e-15
1.0598e-15
5.40906e-16
2.73416e-16
1.36219e-16
6.61407e-17
3.04632e-17
1.23321e-17
2.83992e-18
1.14147e-12
4.42367e-12
9.43345e-12
1.7348e-11
2.98377e-11
4.94701e-11
8.01776e-11
1.27925e-10
2.01356e-10
3.09836e-10
4.68466e-10
6.9889e-10
1.03016e-09
1.49985e-09
2.15488e-09
3.05122e-09
4.25198e-09
5.82331e-09
7.82879e-09
1.0322e-08
1.33399e-08
1.68983e-08
2.09903e-08
2.55867e-08
3.06393e-08
3.59334e-08
4.15333e-08
4.74357e-08
5.33169e-08
5.91244e-08
6.45759e-08
6.92612e-08
7.30281e-08
7.57561e-08
7.76139e-08
7.8788e-08
7.94255e-08
7.96283e-08
7.94711e-08
7.90057e-08
7.82796e-08
7.73308e-08
7.62031e-08
7.49462e-08
7.36524e-08
7.24391e-08
7.14872e-08
7.11496e-08
7.186e-08
7.42188e-08
7.86115e-08
8.50351e-08
9.22006e-08
9.68239e-08
9.36647e-08
7.812e-08
5.2642e-08
2.94872e-08
1.62062e-08
8.86681e-09
4.80832e-09
2.53952e-09
1.33131e-09
6.93753e-10
3.79245e-10
2.57423e-10
2.76342e-10
4.4065e-10
5.30869e-10
3.82965e-10
2.36533e-10
1.44184e-10
8.96569e-11
5.68231e-11
3.54492e-11
2.2023e-11
1.35412e-11
8.21734e-12
4.91994e-12
2.90664e-12
1.69452e-12
9.74781e-13
5.53359e-13
3.10092e-13
1.7163e-13
9.38894e-14
5.08033e-14
2.72121e-14
1.44402e-14
7.59715e-15
3.96542e-15
2.0545e-15
1.05677e-15
5.39363e-16
2.72639e-16
1.35832e-16
6.59535e-17
3.0377e-17
1.22971e-17
2.83187e-18
1.14147e-12
4.42368e-12
9.43347e-12
1.7348e-11
2.98378e-11
4.94702e-11
8.01779e-11
1.27925e-10
2.01356e-10
3.09837e-10
4.68467e-10
6.98891e-10
1.03016e-09
1.49985e-09
2.15488e-09
3.05122e-09
4.25199e-09
5.82331e-09
7.8288e-09
1.0322e-08
1.33399e-08
1.68983e-08
2.09903e-08
2.55867e-08
3.06393e-08
3.59334e-08
4.15334e-08
4.74358e-08
5.3317e-08
5.91245e-08
6.45759e-08
6.92613e-08
7.30282e-08
7.57563e-08
7.76141e-08
7.87882e-08
7.94257e-08
7.96285e-08
7.94714e-08
7.9006e-08
7.82799e-08
7.7331e-08
7.62033e-08
7.49464e-08
7.36525e-08
7.24392e-08
7.14872e-08
7.11496e-08
7.18599e-08
7.42186e-08
7.86113e-08
8.50348e-08
9.22002e-08
9.68235e-08
9.36637e-08
7.81189e-08
5.2641e-08
2.94867e-08
1.62059e-08
8.86667e-09
4.80825e-09
2.53947e-09
1.33128e-09
6.93745e-10
3.79251e-10
2.57452e-10
2.76421e-10
4.40663e-10
5.30865e-10
3.82962e-10
2.3653e-10
1.44182e-10
8.96555e-11
5.68222e-11
3.54487e-11
2.20227e-11
1.3541e-11
8.21722e-12
4.91987e-12
2.9066e-12
1.6945e-12
9.74769e-13
5.53353e-13
3.10088e-13
1.71628e-13
9.38885e-14
5.08028e-14
2.72119e-14
1.44401e-14
7.59709e-15
3.96539e-15
2.05449e-15
1.05676e-15
5.39359e-16
2.72637e-16
1.35831e-16
6.59529e-17
3.03767e-17
1.2297e-17
2.83184e-18
1.14173e-12
4.42466e-12
9.43554e-12
1.73518e-11
2.98443e-11
4.94809e-11
8.01949e-11
1.27952e-10
2.01404e-10
3.09918e-10
4.68594e-10
6.99079e-10
1.03043e-09
1.50023e-09
2.1554e-09
3.05191e-09
4.25286e-09
5.82439e-09
7.83007e-09
1.03234e-08
1.33413e-08
1.68997e-08
2.09913e-08
2.55871e-08
3.06388e-08
3.59318e-08
4.15303e-08
4.74311e-08
5.33102e-08
5.91155e-08
6.45643e-08
6.92469e-08
7.30111e-08
7.57366e-08
7.75921e-08
7.8764e-08
7.93995e-08
7.96002e-08
7.9441e-08
7.89735e-08
7.82453e-08
7.72944e-08
7.61646e-08
7.49052e-08
7.36087e-08
7.23922e-08
7.14356e-08
7.10919e-08
7.17933e-08
7.41396e-08
7.85161e-08
8.49234e-08
9.20806e-08
9.67194e-08
9.36135e-08
7.81508e-08
5.27287e-08
2.95534e-08
1.62431e-08
8.88767e-09
4.82024e-09
2.54578e-09
1.33473e-09
6.95495e-10
3.79912e-10
2.57243e-10
2.75156e-10
4.38224e-10
5.30393e-10
3.83461e-10
2.36939e-10
1.4442e-10
8.97925e-11
5.69058e-11
3.55021e-11
2.20582e-11
1.35647e-11
8.23273e-12
4.92986e-12
2.91297e-12
1.69847e-12
9.77175e-13
5.54777e-13
3.10913e-13
1.72096e-13
9.41489e-14
5.09456e-14
2.72892e-14
1.44814e-14
7.61889e-15
3.97677e-15
2.06037e-15
1.05977e-15
5.40892e-16
2.73409e-16
1.36215e-16
6.61389e-17
3.04623e-17
1.23317e-17
2.83984e-18
1.14224e-12
4.42665e-12
9.43976e-12
1.73595e-11
2.98574e-11
4.95025e-11
8.02297e-11
1.28006e-10
2.01503e-10
3.10086e-10
4.68856e-10
6.9947e-10
1.03099e-09
1.50102e-09
2.15649e-09
3.05335e-09
4.25472e-09
5.82667e-09
7.83273e-09
1.03263e-08
1.33443e-08
1.69025e-08
2.09934e-08
2.55881e-08
3.06381e-08
3.59289e-08
4.15245e-08
4.74221e-08
5.32969e-08
5.90974e-08
6.45407e-08
6.92178e-08
7.29763e-08
7.56964e-08
7.75469e-08
7.87146e-08
7.93457e-08
7.95422e-08
7.93787e-08
7.89069e-08
7.81743e-08
7.72191e-08
7.60851e-08
7.48212e-08
7.35197e-08
7.22968e-08
7.1331e-08
7.09749e-08
7.1659e-08
7.39806e-08
7.83251e-08
8.47002e-08
9.18424e-08
9.65128e-08
9.35142e-08
7.82164e-08
5.29068e-08
2.969e-08
1.6319e-08
8.93051e-09
4.84467e-09
2.55862e-09
1.34175e-09
6.99082e-10
3.81325e-10
2.56966e-10
2.72918e-10
4.33432e-10
5.29446e-10
3.84487e-10
2.37779e-10
1.44912e-10
9.00769e-11
5.70809e-11
3.56156e-11
2.21349e-11
1.36159e-11
8.2663e-12
4.95152e-12
2.9267e-12
1.70698e-12
9.82322e-13
5.57816e-13
3.12668e-13
1.7309e-13
9.47016e-14
5.1248e-14
2.74524e-14
1.45686e-14
7.66489e-15
4.00073e-15
2.07272e-15
1.06607e-15
5.44082e-16
2.7501e-16
1.37008e-16
6.65221e-17
3.06384e-17
1.24029e-17
2.85623e-18
1.14305e-12
4.42977e-12
9.44639e-12
1.73717e-11
2.98782e-11
4.95368e-11
8.02848e-11
1.28093e-10
2.01659e-10
3.10349e-10
4.69268e-10
7.00084e-10
1.03188e-09
1.50228e-09
2.15822e-09
3.05571e-09
4.25772e-09
5.83041e-09
7.83704e-09
1.03311e-08
1.33493e-08
1.69073e-08
2.09974e-08
2.55903e-08
3.06377e-08
3.59252e-08
4.15166e-08
4.74095e-08
5.3278e-08
5.90717e-08
6.45066e-08
6.91749e-08
7.29247e-08
7.56365e-08
7.74793e-08
7.86393e-08
7.92639e-08
7.94535e-08
7.92842e-08
7.8806e-08
7.8067e-08
7.71058e-08
7.59652e-08
7.46939e-08
7.33845e-08
7.21523e-08
7.11733e-08
7.07997e-08
7.14571e-08
7.37413e-08
7.80375e-08
8.43631e-08
9.14813e-08
9.61978e-08
9.33613e-08
7.83167e-08
5.31832e-08
2.99062e-08
1.64334e-08
8.99514e-09
4.88169e-09
2.57807e-09
1.35245e-09
7.04569e-10
3.83495e-10
2.56522e-10
2.69401e-10
4.25967e-10
5.27851e-10
3.86022e-10
2.39062e-10
1.45671e-10
9.05173e-11
5.7355e-11
3.57986e-11
2.22588e-11
1.36993e-11
8.32133e-12
4.98692e-12
2.94891e-12
1.72059e-12
9.90479e-13
5.626e-13
3.15417e-13
1.7464e-13
9.556e-14
5.17156e-14
2.7703e-14
1.47007e-14
7.73387e-15
4.03652e-15
2.09119e-15
1.07555e-15
5.48905e-16
2.77438e-16
1.38213e-16
6.71057e-17
3.09067e-17
1.25114e-17
2.88121e-18
1.14418e-12
4.43411e-12
9.45559e-12
1.73885e-11
2.99072e-11
4.95846e-11
8.03617e-11
1.28214e-10
2.01874e-10
3.10712e-10
4.69834e-10
7.00925e-10
1.03309e-09
1.50399e-09
2.16056e-09
3.05883e-09
4.26178e-09
5.83545e-09
7.84311e-09
1.0338e-08
1.33567e-08
1.69143e-08
2.10033e-08
2.55942e-08
3.06383e-08
3.59215e-08
4.15072e-08
4.73939e-08
5.3254e-08
5.90382e-08
6.44617e-08
6.91182e-08
7.28562e-08
7.55573e-08
7.73896e-08
7.854e-08
7.91552e-08
7.93364e-08
7.91574e-08
7.86703e-08
7.79226e-08
7.69519e-08
7.5802e-08
7.45205e-08
7.32005e-08
7.19557e-08
7.09594e-08
7.05626e-08
7.11859e-08
7.3421e-08
7.76535e-08
8.39141e-08
9.10006e-08
9.57823e-08
9.31599e-08
7.84504e-08
5.35555e-08
3.02047e-08
1.65887e-08
9.08286e-09
4.93207e-09
2.60468e-09
1.36717e-09
7.12214e-10
3.86602e-10
2.561e-10
2.64897e-10
4.16675e-10
5.25718e-10
3.88111e-10
2.40815e-10
1.46701e-10
9.11061e-11
5.77206e-11
3.60742e-11
2.2454e-11
1.38314e-11
8.40767e-12
5.04138e-12
2.98232e-12
1.74063e-12
1.00228e-12
5.69421e-13
3.19292e-13
1.76804e-13
9.67509e-14
5.23619e-14
2.80495e-14
1.48845e-14
7.83032e-15
4.08659e-15
2.11694e-15
1.08868e-15
5.55551e-16
2.80772e-16
1.39863e-16
6.79029e-17
3.12727e-17
1.26594e-17
2.91525e-18
1.14565e-12
4.43978e-12
9.46764e-12
1.74107e-11
2.99452e-11
4.96477e-11
8.04638e-11
1.28377e-10
2.02158e-10
3.11186e-10
4.70573e-10
7.02027e-10
1.03469e-09
1.50624e-09
2.16368e-09
3.06299e-09
4.26734e-09
5.84223e-09
7.85136e-09
1.03475e-08
1.33667e-08
1.69241e-08
2.1012e-08
2.56006e-08
3.06409e-08
3.5919e-08
4.1498e-08
4.7377e-08
5.32263e-08
5.89983e-08
6.44065e-08
6.90465e-08
7.27687e-08
7.54565e-08
7.72752e-08
7.84118e-08
7.90126e-08
7.91814e-08
7.8992e-08
7.84941e-08
7.7735e-08
7.67512e-08
7.55901e-08
7.42959e-08
7.29621e-08
7.17012e-08
7.06854e-08
7.02623e-08
7.08436e-08
7.30178e-08
7.71716e-08
8.33542e-08
9.04062e-08
9.52691e-08
9.2914e-08
7.86227e-08
5.40263e-08
3.05856e-08
1.67867e-08
9.19408e-09
4.99549e-09
2.6398e-09
1.38712e-09
7.22747e-10
3.91084e-10
2.55961e-10
2.5962e-10
4.05592e-10
5.23053e-10
3.9088e-10
2.43114e-10
1.47996e-10
9.17461e-11
5.7871e-11
3.67942e-11
2.28489e-11
1.40572e-11
8.53903e-12
5.1184e-12
3.02751e-12
1.76705e-12
1.01759e-12
5.78195e-13
3.24254e-13
1.79572e-13
9.82725e-14
5.31869e-14
2.84912e-14
1.51183e-14
7.95289e-15
4.1503e-15
2.14981e-15
1.10549e-15
5.64068e-16
2.85043e-16
1.41975e-16
6.89222e-17
3.17401e-17
1.28481e-17
2.95878e-18
1.1475e-12
4.44688e-12
9.48273e-12
1.74383e-11
2.99927e-11
4.97261e-11
8.059e-11
1.28575e-10
2.02512e-10
3.11783e-10
4.71508e-10
7.03425e-10
1.03672e-09
1.50913e-09
2.16767e-09
3.06838e-09
4.27433e-09
5.85142e-09
7.86226e-09
1.03593e-08
1.33793e-08
1.69369e-08
2.10241e-08
2.56104e-08
3.06464e-08
3.59188e-08
4.14897e-08
4.73595e-08
5.31964e-08
5.89543e-08
6.43448e-08
6.89663e-08
7.26689e-08
7.5338e-08
7.71404e-08
7.82603e-08
7.88457e-08
7.89984e-08
7.87909e-08
7.8278e-08
7.7504e-08
7.65068e-08
7.53274e-08
7.40158e-08
7.26652e-08
7.13855e-08
7.03632e-08
6.9899e-08
7.04251e-08
7.25214e-08
7.65749e-08
8.26609e-08
8.96692e-08
9.46287e-08
9.26021e-08
7.88242e-08
5.45997e-08
3.10561e-08
1.70297e-08
9.32483e-09
5.05734e-09
2.7015e-09
1.4194e-09
7.38945e-10
3.97957e-10
2.56469e-10
2.53721e-10
3.92293e-10
5.19411e-10
3.94485e-10
2.46212e-10
1.49826e-10
9.28369e-11
5.83247e-11
3.71584e-11
2.31203e-11
1.42461e-11
8.66442e-12
5.19853e-12
3.07721e-12
1.79712e-12
1.0354e-12
5.88536e-13
3.30146e-13
1.8287e-13
1.0009e-13
5.41745e-14
2.9021e-14
1.53995e-14
8.10091e-15
4.22792e-15
2.19069e-15
1.12652e-15
5.74586e-16
2.9027e-16
1.44543e-16
7.01553e-17
3.23037e-17
1.30753e-17
3.01099e-18
1.14977e-12
4.45565e-12
9.50135e-12
1.74725e-11
3.00514e-11
4.98232e-11
8.07466e-11
1.28823e-10
2.02951e-10
3.12523e-10
4.72671e-10
7.05174e-10
1.03928e-09
1.51278e-09
2.17278e-09
3.0754e-09
4.28322e-09
5.86217e-09
7.87513e-09
1.03744e-08
1.33962e-08
1.6955e-08
2.1041e-08
2.56251e-08
3.06567e-08
3.59227e-08
4.14848e-08
4.73445e-08
5.31665e-08
5.89074e-08
6.42758e-08
6.88734e-08
7.25506e-08
7.51951e-08
7.69785e-08
7.80802e-08
7.86462e-08
7.878e-08
7.85562e-08
7.80211e-08
7.72281e-08
7.62139e-08
7.50209e-08
7.36942e-08
7.23234e-08
7.1018e-08
6.99644e-08
6.9454e-08
6.99128e-08
7.19218e-08
7.58625e-08
8.1828e-08
8.87754e-08
9.38348e-08
9.21784e-08
7.90126e-08
5.52629e-08
3.16367e-08
1.73294e-08
9.49241e-09
5.15171e-09
2.75648e-09
1.45047e-09
7.55063e-10
4.04978e-10
2.56726e-10
2.46696e-10
3.75979e-10
5.13431e-10
3.98122e-10
2.4961e-10
1.51908e-10
9.41037e-11
5.88527e-11
3.75132e-11
2.33706e-11
1.44215e-11
8.78419e-12
5.27767e-12
3.12788e-12
1.82865e-12
1.05451e-12
5.99842e-13
3.36684e-13
1.86574e-13
1.0215e-13
5.53016e-14
2.96294e-14
1.57249e-14
8.2732e-15
4.31776e-15
2.23577e-15
1.14925e-15
5.86131e-16
2.96074e-16
1.47419e-16
7.15459e-17
3.29423e-17
1.33334e-17
3.07038e-18
1.15254e-12
4.46632e-12
9.52404e-12
1.75142e-11
3.01232e-11
4.99426e-11
8.09405e-11
1.29132e-10
2.0349e-10
3.13426e-10
4.74095e-10
7.07333e-10
1.04249e-09
1.51729e-09
2.1788e-09
3.08288e-09
4.29292e-09
5.8749e-09
7.89125e-09
1.03946e-08
1.34184e-08
1.6978e-08
2.10651e-08
2.56466e-08
3.06735e-08
3.59328e-08
4.14851e-08
4.73336e-08
5.31386e-08
5.88598e-08
6.42022e-08
6.87717e-08
7.24195e-08
7.50352e-08
7.67885e-08
7.78672e-08
7.84132e-08
7.85265e-08
7.8281e-08
7.77318e-08
7.6918e-08
7.58787e-08
7.46577e-08
7.32996e-08
7.1901e-08
7.0566e-08
6.94763e-08
6.89181e-08
6.93047e-08
7.12031e-08
7.50133e-08
8.08411e-08
8.77039e-08
9.28558e-08
9.16125e-08
7.91573e-08
5.60013e-08
3.23201e-08
1.76813e-08
9.69096e-09
5.26475e-09
2.82081e-09
1.48682e-09
7.7305e-10
4.12943e-10
2.5725e-10
2.39323e-10
3.5792e-10
5.04735e-10
4.01639e-10
2.53492e-10
1.54308e-10
9.55498e-11
5.94589e-11
3.79135e-11
2.36427e-11
1.4609e-11
8.91152e-12
5.36193e-12
3.18212e-12
1.86265e-12
1.07529e-12
6.12229e-13
3.43898e-13
1.90684e-13
1.04445e-13
5.65587e-14
3.03048e-14
1.60793e-14
8.45521e-15
4.4098e-15
2.28299e-15
1.1736e-15
5.98705e-16
3.02474e-16
1.50619e-16
7.31026e-17
3.36602e-17
1.36244e-17
3.13742e-18
1.15583e-12
4.47905e-12
9.55115e-12
1.75641e-11
3.02093e-11
5.00858e-11
8.11733e-11
1.29504e-10
2.04122e-10
3.1449e-10
4.7573e-10
7.09681e-10
1.04564e-09
1.52163e-09
2.18491e-09
3.09175e-09
4.30526e-09
5.89113e-09
7.91234e-09
1.04189e-08
1.34462e-08
1.7008e-08
2.10951e-08
2.5675e-08
3.06984e-08
3.59511e-08
4.14932e-08
4.73295e-08
5.31155e-08
5.88142e-08
6.41262e-08
6.86623e-08
7.2274e-08
7.48591e-08
7.6585e-08
7.76349e-08
7.81521e-08
7.82377e-08
7.79644e-08
7.73828e-08
7.65443e-08
7.54839e-08
7.42416e-08
7.28589e-08
7.14302e-08
7.0059e-08
6.89231e-08
6.83014e-08
6.86e-08
7.03739e-08
7.40166e-08
7.96622e-08
8.64102e-08
9.16616e-08
9.08762e-08
7.92399e-08
5.68031e-08
3.31191e-08
1.81009e-08
9.93112e-09
5.40236e-09
2.8992e-09
1.53092e-09
7.94986e-10
4.22932e-10
2.58585e-10
2.31815e-10
3.38156e-10
4.93473e-10
4.05489e-10
2.57994e-10
1.57133e-10
9.72695e-11
6.01941e-11
3.83784e-11
2.3955e-11
1.4824e-11
9.05682e-12
5.45742e-12
3.24326e-12
1.90086e-12
1.0986e-12
6.26126e-13
3.51998e-13
1.95305e-13
1.07029e-13
5.79791e-14
3.10739e-14
1.64914e-14
8.67421e-15
4.52559e-15
2.34346e-15
1.20452e-15
6.14343e-16
3.10266e-16
1.5444e-16
7.49349e-17
3.44974e-17
1.39618e-17
3.21493e-18
1.15965e-12
4.49382e-12
9.5828e-12
1.76228e-11
3.03109e-11
5.0255e-11
8.1447e-11
1.29935e-10
2.04777e-10
3.15496e-10
4.77264e-10
7.12013e-10
1.04925e-09
1.52709e-09
2.19293e-09
3.10305e-09
4.32046e-09
5.91074e-09
7.93621e-09
1.04485e-08
1.34831e-08
1.70482e-08
2.11366e-08
2.57175e-08
3.07359e-08
3.59816e-08
4.15129e-08
4.73361e-08
5.3101e-08
5.8774e-08
6.40503e-08
6.8547e-08
7.21183e-08
7.46653e-08
7.63577e-08
7.73783e-08
7.78629e-08
7.79159e-08
7.76128e-08
7.70045e-08
7.61379e-08
7.50508e-08
7.37782e-08
7.23616e-08
7.08935e-08
6.94819e-08
6.82944e-08
6.76022e-08
6.78017e-08
6.94319e-08
7.28952e-08
7.83501e-08
8.49723e-08
9.03022e-08
8.99978e-08
7.92492e-08
5.76152e-08
3.39215e-08
1.86668e-08
1.02451e-08
5.57726e-09
2.99745e-09
1.58071e-09
8.24077e-10
4.36257e-10
2.61298e-10
2.24573e-10
3.1717e-10
4.78773e-10
4.09541e-10
2.63337e-10
1.60529e-10
9.92085e-11
6.11311e-11
3.89672e-11
2.43412e-11
1.50827e-11
9.2299e-12
5.57101e-12
3.31593e-12
1.94615e-12
1.12613e-12
6.42465e-13
3.61478e-13
2.00691e-13
1.10029e-13
5.96211e-14
3.19586e-14
1.69613e-14
8.9202e-15
4.65203e-15
2.40723e-15
1.23664e-15
6.30487e-16
3.18428e-16
1.58541e-16
7.6939e-17
3.54231e-17
1.43371e-17
3.30127e-18
1.16345e-12
4.50842e-12
9.61359e-12
1.7679e-11
3.04073e-11
5.04154e-11
8.17103e-11
1.30366e-10
2.05487e-10
3.16722e-10
4.79251e-10
7.15109e-10
1.05394e-09
1.53399e-09
2.20277e-09
3.11668e-09
4.33884e-09
5.93488e-09
7.96691e-09
1.04875e-08
1.35264e-08
1.71007e-08
2.11929e-08
2.57701e-08
3.07862e-08
3.60265e-08
4.15476e-08
4.73581e-08
5.31003e-08
5.87442e-08
6.39766e-08
6.84263e-08
7.19472e-08
7.44471e-08
7.60954e-08
7.70722e-08
7.75282e-08
7.75475e-08
7.72094e-08
7.65646e-08
7.56587e-08
7.45288e-08
7.32243e-08
7.17713e-08
7.02629e-08
6.87956e-08
6.75555e-08
6.67899e-08
6.68852e-08
6.83686e-08
7.16271e-08
7.68534e-08
8.33077e-08
8.87163e-08
8.89331e-08
7.91873e-08
5.85347e-08
3.49586e-08
1.92535e-08
1.05787e-08
5.76973e-09
3.11044e-09
1.63738e-09
8.54745e-10
4.50805e-10
2.64642e-10
2.17368e-10
2.94693e-10
4.58822e-10
4.12747e-10
2.69171e-10
1.64303e-10
1.01394e-10
6.24237e-11
3.97732e-11
2.48545e-11
1.54143e-11
9.44335e-12
5.70643e-12
3.40046e-12
1.99799e-12
1.15732e-12
6.6085e-13
3.72092e-13
2.06698e-13
1.13365e-13
6.14419e-14
3.29377e-14
1.7481e-14
9.19339e-15
4.79502e-15
2.48232e-15
1.27634e-15
6.50893e-16
3.2867e-16
1.63567e-16
7.93347e-17
3.65022e-17
1.4768e-17
3.39974e-18
1.16804e-12
4.52614e-12
9.6515e-12
1.77493e-11
3.05299e-11
5.06226e-11
8.20542e-11
1.3093e-10
2.064e-10
3.1833e-10
4.81768e-10
7.18943e-10
1.05962e-09
1.54223e-09
2.21449e-09
3.13296e-09
4.36083e-09
5.96367e-09
8.00322e-09
1.05301e-08
1.35774e-08
1.71563e-08
2.12565e-08
2.58427e-08
3.08561e-08
3.60895e-08
4.16026e-08
4.74033e-08
5.31257e-08
5.87473e-08
6.38858e-08
6.82937e-08
7.17617e-08
7.42101e-08
7.58107e-08
7.6743e-08
7.71492e-08
7.7142e-08
7.67647e-08
7.6074e-08
7.51221e-08
7.39451e-08
7.25814e-08
7.10839e-08
6.95242e-08
6.8007e-08
6.66854e-08
6.58284e-08
6.58078e-08
6.71315e-08
7.02037e-08
7.51999e-08
8.14783e-08
8.69417e-08
8.7693e-08
7.90379e-08
5.9524e-08
3.61601e-08
1.99237e-08
1.09573e-08
5.98499e-09
3.23373e-09
1.70165e-09
8.89582e-10
4.67513e-10
2.68862e-10
2.0988e-10
2.69792e-10
4.30218e-10
4.14097e-10
2.75609e-10
1.68422e-10
1.03326e-10
6.45915e-11
4.09984e-11
2.55743e-11
1.58508e-11
9.71089e-12
5.86952e-12
3.49897e-12
2.05683e-12
1.192e-12
6.80975e-13
3.83579e-13
2.13144e-13
1.16925e-13
6.33785e-14
3.39763e-14
1.80309e-14
9.48122e-15
4.94406e-15
2.55851e-15
1.31436e-15
6.69885e-16
3.38121e-16
1.68226e-16
8.15888e-17
3.75489e-17
1.51923e-17
3.49733e-18
1.17308e-12
4.54575e-12
9.6938e-12
1.78286e-11
3.067e-11
5.08626e-11
8.24585e-11
1.31604e-10
2.07521e-10
3.20166e-10
4.84911e-10
7.23961e-10
1.06735e-09
1.55379e-09
2.23132e-09
3.15678e-09
4.39342e-09
6.00675e-09
8.05792e-09
1.05964e-08
1.36565e-08
1.72449e-08
2.13487e-08
2.59339e-08
3.09489e-08
3.61839e-08
4.16863e-08
4.74715e-08
5.31676e-08
5.87514e-08
6.3832e-08
6.81789e-08
7.15775e-08
7.39632e-08
7.55075e-08
7.63869e-08
7.6742e-08
7.66693e-08
7.62504e-08
7.55314e-08
7.4536e-08
7.33194e-08
7.19142e-08
7.0359e-08
6.87606e-08
6.71914e-08
6.58142e-08
6.4868e-08
6.47324e-08
6.58783e-08
6.87126e-08
7.34353e-08
7.94936e-08
8.49785e-08
8.62542e-08
7.8743e-08
6.05063e-08
3.74879e-08
2.06669e-08
1.13779e-08
6.22573e-09
3.37169e-09
1.77698e-09
9.30309e-10
4.875e-10
2.74584e-10
2.02773e-10
2.44248e-10
3.94562e-10
4.13168e-10
2.83143e-10
1.73655e-10
1.0628e-10
6.63312e-11
4.21314e-11
2.63098e-11
1.63321e-11
1.00221e-11
6.06555e-12
3.61925e-12
2.12889e-12
1.23426e-12
7.05265e-13
3.97277e-13
2.20734e-13
1.21063e-13
6.56012e-14
3.51545e-14
1.8648e-14
9.80076e-15
5.1076e-15
2.64093e-15
1.35484e-15
6.89901e-16
3.4799e-16
1.73045e-16
8.38969e-17
3.86072e-17
1.56221e-17
3.59644e-18
1.17765e-12
4.56351e-12
9.73218e-12
1.79006e-11
3.07964e-11
5.10764e-11
8.28095e-11
1.32163e-10
2.08373e-10
3.2154e-10
4.87029e-10
7.27298e-10
1.07251e-09
1.5616e-09
2.24289e-09
3.17353e-09
4.41702e-09
6.03914e-09
8.10114e-09
1.06525e-08
1.37243e-08
1.73244e-08
2.14362e-08
2.60298e-08
3.10503e-08
3.62869e-08
4.1787e-08
4.75568e-08
5.32276e-08
5.87742e-08
6.38003e-08
6.80844e-08
7.13933e-08
7.37122e-08
7.51963e-08
7.60209e-08
7.63271e-08
7.62117e-08
7.57443e-08
7.4975e-08
7.39295e-08
7.2667e-08
7.12177e-08
6.96197e-08
6.7962e-08
6.63164e-08
6.48666e-08
6.38164e-08
6.35487e-08
6.45143e-08
6.71165e-08
7.15619e-08
7.73741e-08
8.28401e-08
8.45997e-08
7.82323e-08
6.13742e-08
3.88686e-08
2.14629e-08
1.18295e-08
6.48383e-09
3.51981e-09
1.85931e-09
9.75704e-10
5.10065e-10
2.82013e-10
1.97227e-10
2.20243e-10
3.54353e-10
4.08801e-10
2.90965e-10
1.79602e-10
1.09696e-10
6.8348e-11
4.33146e-11
2.70653e-11
1.68284e-11
1.0347e-11
6.2731e-12
3.74825e-12
2.207e-12
1.28039e-12
7.31875e-13
4.12292e-13
2.29037e-13
1.25573e-13
6.80124e-14
3.64259e-14
1.93102e-14
1.01419e-14
5.28139e-15
2.72843e-15
1.39871e-15
7.11579e-16
3.58685e-16
1.78307e-16
8.64386e-17
3.97711e-17
1.60911e-17
3.70424e-18
1.18048e-12
4.57445e-12
9.75559e-12
1.79441e-11
3.08732e-11
5.12089e-11
8.30372e-11
1.32557e-10
2.09066e-10
3.22701e-10
4.88868e-10
7.3008e-10
1.07674e-09
1.56806e-09
2.25265e-09
3.18804e-09
4.43809e-09
6.0691e-09
8.14279e-09
1.0709e-08
1.37994e-08
1.74229e-08
2.15611e-08
2.61709e-08
3.11953e-08
3.64291e-08
4.19171e-08
4.76695e-08
5.33161e-08
5.88229e-08
6.37895e-08
6.80007e-08
7.1226e-08
7.34689e-08
7.48864e-08
7.56476e-08
7.5898e-08
7.57302e-08
7.52111e-08
7.43889e-08
7.32985e-08
7.19897e-08
7.04916e-08
6.88413e-08
6.71232e-08
6.54043e-08
6.38678e-08
6.27116e-08
6.22981e-08
6.30625e-08
6.54159e-08
6.95795e-08
7.51532e-08
8.05681e-08
8.27357e-08
7.74389e-08
6.19989e-08
4.02025e-08
2.23127e-08
1.23104e-08
6.75837e-09
3.67638e-09
1.94675e-09
1.02394e-09
5.34818e-10
2.90889e-10
1.9249e-10
1.98106e-10
3.09884e-10
3.95836e-10
2.96901e-10
1.85293e-10
1.13009e-10
7.02206e-11
4.44765e-11
2.78153e-11
1.7326e-11
1.0676e-11
6.48571e-12
3.88191e-12
2.28875e-12
1.32907e-12
7.60111e-13
4.28265e-13
2.37865e-13
1.30352e-13
7.05533e-14
3.77561e-14
1.99978e-14
1.04938e-14
5.46036e-15
2.81933e-15
1.44498e-15
7.3493e-16
3.70307e-16
1.83987e-16
8.91421e-17
4.09949e-17
1.65807e-17
3.81658e-18
1.18145e-12
4.57821e-12
9.76363e-12
1.79594e-11
3.09013e-11
5.12615e-11
8.31385e-11
1.32757e-10
2.09467e-10
3.23499e-10
4.90332e-10
7.32629e-10
1.0809e-09
1.57478e-09
2.26329e-09
3.20447e-09
4.46262e-09
6.10436e-09
8.19135e-09
1.07729e-08
1.38793e-08
1.75178e-08
2.16674e-08
2.62932e-08
3.13357e-08
3.65865e-08
4.2089e-08
4.78256e-08
5.34431e-08
5.89054e-08
6.38077e-08
6.79384e-08
7.10731e-08
7.323e-08
7.45668e-08
7.52705e-08
7.5467e-08
7.52481e-08
7.46803e-08
7.38122e-08
7.26743e-08
7.13219e-08
6.97763e-08
6.80725e-08
6.6299e-08
6.45195e-08
6.29196e-08
6.16807e-08
6.11588e-08
6.17543e-08
6.3866e-08
6.77339e-08
7.30143e-08
7.83136e-08
8.07582e-08
7.63901e-08
6.23143e-08
4.1379e-08
2.3167e-08
1.27949e-08
7.03778e-09
3.84141e-09
2.04233e-09
1.07847e-09
5.62795e-10
3.01899e-10
1.89801e-10
1.78814e-10
2.68691e-10
3.76296e-10
3.00647e-10
1.90788e-10
1.16522e-10
7.2241e-11
4.51258e-11
2.87367e-11
1.79e-11
1.10374e-11
6.71039e-12
4.01852e-12
2.36986e-12
1.37612e-12
7.86794e-13
4.43066e-13
2.4591e-13
1.34647e-13
7.28111e-14
3.89285e-14
2.06006e-14
1.08013e-14
5.61644e-15
2.89828e-15
1.48483e-15
7.5496e-16
3.803e-16
1.88908e-16
9.15065e-17
4.2074e-17
1.70145e-17
3.91633e-18
1.1805e-12
4.57451e-12
9.75562e-12
1.79445e-11
3.08766e-11
5.1225e-11
8.30945e-11
1.32726e-10
2.09504e-10
3.23674e-10
4.90908e-10
7.34149e-10
1.08444e-09
1.58165e-09
2.27533e-09
3.22376e-09
4.4922e-09
6.14777e-09
8.25208e-09
1.08536e-08
1.3981e-08
1.76384e-08
2.1813e-08
2.64562e-08
3.15071e-08
3.67666e-08
4.22712e-08
4.79936e-08
5.3594e-08
5.90161e-08
6.38573e-08
6.79061e-08
7.095e-08
7.30226e-08
7.42866e-08
7.4924e-08
7.50634e-08
7.47927e-08
7.4176e-08
7.32599e-08
7.20729e-08
7.06681e-08
6.90801e-08
6.73489e-08
6.5523e-08
6.36839e-08
6.20143e-08
6.06811e-08
6.00572e-08
6.05029e-08
6.24175e-08
6.60345e-08
7.10355e-08
7.61691e-08
7.8839e-08
7.52402e-08
6.23852e-08
4.2355e-08
2.39896e-08
1.32377e-08
7.28963e-09
3.97853e-09
2.1404e-09
1.13315e-09
5.90346e-10
3.13773e-10
1.89699e-10
1.65679e-10
2.36341e-10
3.52765e-10
3.02294e-10
1.95417e-10
1.19664e-10
7.41878e-11
4.60094e-11
2.93532e-11
1.8345e-11
1.13478e-11
6.91721e-12
4.15018e-12
2.4504e-12
1.42366e-12
8.13946e-13
4.58113e-13
2.54026e-13
1.38923e-13
7.50197e-14
4.00502e-14
2.11622e-14
1.10795e-14
5.75319e-15
2.96531e-15
1.51773e-15
7.71157e-16
3.88236e-16
1.9276e-16
9.3337e-17
4.29019e-17
1.73447e-17
3.99177e-18
1.1773e-12
4.56162e-12
9.72602e-12
1.78854e-11
3.07667e-11
5.1032e-11
8.27731e-11
1.32223e-10
2.08775e-10
3.22632e-10
4.89591e-10
7.32741e-10
1.08331e-09
1.58173e-09
2.27828e-09
3.23251e-09
4.50973e-09
6.17843e-09
8.30159e-09
1.09286e-08
1.40883e-08
1.77851e-08
2.19986e-08
2.66617e-08
3.173e-08
3.69992e-08
4.24975e-08
4.82115e-08
5.37879e-08
5.91587e-08
6.3942e-08
6.79121e-08
7.08706e-08
7.28587e-08
7.4054e-08
7.46337e-08
7.47233e-08
7.44082e-08
7.37504e-08
7.27955e-08
7.15711e-08
7.01303e-08
6.84994e-08
6.67137e-08
6.48645e-08
6.2991e-08
6.12685e-08
5.98713e-08
5.91363e-08
5.9447e-08
6.11947e-08
6.45673e-08
6.93387e-08
7.43404e-08
7.71496e-08
7.4153e-08
6.22921e-08
4.30729e-08
2.46842e-08
1.36073e-08
7.50308e-09
4.10282e-09
2.21439e-09
1.17631e-09
6.12825e-10
3.23962e-10
1.90425e-10
1.56245e-10
2.10911e-10
3.28002e-10
3.01408e-10
1.99196e-10
1.22245e-10
7.5429e-11
4.73308e-11
3.00845e-11
1.87957e-11
1.16275e-11
7.08655e-12
4.24885e-12
2.50589e-12
1.45393e-12
8.29992e-13
4.66378e-13
2.58157e-13
1.40925e-13
7.59596e-14
4.04702e-14
2.13437e-14
1.1157e-14
5.78676e-15
2.98044e-15
1.52486e-15
7.74654e-16
3.90091e-16
1.93774e-16
9.38846e-17
4.31788e-17
1.74649e-17
4.0207e-18
1.17649e-12
4.55832e-12
9.7178e-12
1.7866e-11
3.0724e-11
5.09453e-11
8.26118e-11
1.31949e-10
2.08357e-10
3.2197e-10
4.8873e-10
7.31891e-10
1.08297e-09
1.58296e-09
2.28307e-09
3.24437e-09
4.53458e-09
6.22271e-09
8.37137e-09
1.10285e-08
1.42202e-08
1.79459e-08
2.21777e-08
2.68859e-08
3.19833e-08
3.72749e-08
4.27854e-08
4.84833e-08
5.40372e-08
5.9355e-08
6.40694e-08
6.79591e-08
7.08429e-08
7.27648e-08
7.39097e-08
7.44496e-08
7.45064e-08
7.41631e-08
7.34799e-08
7.25017e-08
7.12557e-08
6.97937e-08
6.81418e-08
6.63378e-08
6.44501e-08
6.25316e-08
6.07798e-08
5.93305e-08
5.85457e-08
5.87762e-08
6.0412e-08
6.36596e-08
6.82916e-08
7.32121e-08
7.60893e-08
7.34346e-08
6.21752e-08
4.34755e-08
2.51124e-08
1.38345e-08
7.63436e-09
4.17954e-09
2.25951e-09
1.20267e-09
6.26893e-10
3.30492e-10
1.91213e-10
1.50893e-10
1.95776e-10
3.1012e-10
2.99723e-10
2.01564e-10
1.24153e-10
7.66133e-11
4.81691e-11
3.07144e-11
1.92333e-11
1.19208e-11
7.27219e-12
4.3584e-12
2.56604e-12
1.48461e-12
8.44446e-13
4.72583e-13
2.60511e-13
1.41652e-13
7.60874e-14
4.04392e-14
2.12934e-14
1.11206e-14
5.76595e-15
2.97014e-15
1.52041e-15
7.73049e-16
3.89652e-16
1.93745e-16
9.39527e-17
4.3241e-17
1.74982e-17
4.02982e-18
)
;

boundaryField
{
    fuel
    {
        type            fixedValue;
        value           uniform 0;
    }
    air
    {
        type            fixedValue;
        value           uniform 0;
    }
    outlet
    {
        type            inletOutlet;
        inletValue      uniform 0;
        value           nonuniform List<scalar> 
200
(
1.17646e-12
4.55819e-12
9.71754e-12
1.78655e-11
3.07232e-11
5.0944e-11
8.26098e-11
1.31946e-10
2.08352e-10
3.21963e-10
4.88721e-10
7.31878e-10
1.08296e-09
1.58293e-09
2.28303e-09
3.24433e-09
4.53452e-09
6.22263e-09
8.37127e-09
1.10284e-08
1.42201e-08
1.79457e-08
2.21775e-08
2.68856e-08
3.1983e-08
3.72745e-08
4.2785e-08
4.84829e-08
5.40367e-08
5.93544e-08
6.40688e-08
6.79585e-08
7.08424e-08
7.27643e-08
7.39093e-08
7.44494e-08
7.45063e-08
7.41631e-08
7.34798e-08
7.25012e-08
7.12541e-08
6.97899e-08
6.81337e-08
6.63214e-08
6.44337e-08
6.25237e-08
6.07763e-08
5.93292e-08
5.85457e-08
5.8777e-08
6.04135e-08
6.36616e-08
6.82938e-08
7.3214e-08
7.60915e-08
7.3436e-08
6.21749e-08
4.34738e-08
2.51108e-08
1.38338e-08
7.63394e-09
4.17931e-09
2.25938e-09
1.20261e-09
6.26866e-10
3.30487e-10
1.91216e-10
1.50901e-10
1.95793e-10
3.10149e-10
2.99738e-10
2.01564e-10
1.24144e-10
7.66105e-11
4.81693e-11
3.07154e-11
1.92344e-11
1.19216e-11
7.27275e-12
4.35874e-12
2.56623e-12
1.48471e-12
8.44501e-13
4.72611e-13
2.60526e-13
1.41659e-13
7.60913e-14
4.04414e-14
2.12946e-14
1.11213e-14
5.76632e-15
2.97035e-15
1.52053e-15
7.73118e-16
3.8969e-16
1.93766e-16
9.39634e-17
4.32462e-17
1.75004e-17
4.03032e-18
1.17649e-12
4.55832e-12
9.7178e-12
1.7866e-11
3.0724e-11
5.09453e-11
8.26118e-11
1.31949e-10
2.08357e-10
3.2197e-10
4.8873e-10
7.31891e-10
1.08297e-09
1.58296e-09
2.28307e-09
3.24437e-09
4.53458e-09
6.22271e-09
8.37137e-09
1.10285e-08
1.42202e-08
1.79459e-08
2.21777e-08
2.68859e-08
3.19833e-08
3.72749e-08
4.27854e-08
4.84833e-08
5.40372e-08
5.9355e-08
6.40694e-08
6.79591e-08
7.08429e-08
7.27648e-08
7.39097e-08
7.44496e-08
7.45064e-08
7.41631e-08
7.34799e-08
7.25017e-08
7.12557e-08
6.97937e-08
6.81418e-08
6.63378e-08
6.44501e-08
6.25316e-08
6.07798e-08
5.93305e-08
5.85457e-08
5.87762e-08
6.0412e-08
6.36596e-08
6.82916e-08
7.32121e-08
7.60893e-08
7.34346e-08
6.21752e-08
4.34755e-08
2.51124e-08
1.38345e-08
7.63436e-09
4.17954e-09
2.25951e-09
1.20267e-09
6.26893e-10
3.30492e-10
1.91213e-10
1.50893e-10
1.95776e-10
3.1012e-10
2.99723e-10
2.01564e-10
1.24153e-10
7.66133e-11
4.81691e-11
3.07144e-11
1.92333e-11
1.19208e-11
7.27219e-12
4.3584e-12
2.56604e-12
1.48461e-12
8.44446e-13
4.72583e-13
2.60511e-13
1.41652e-13
7.60874e-14
4.04392e-14
2.12934e-14
1.11206e-14
5.76595e-15
2.97014e-15
1.52041e-15
7.73049e-16
3.89652e-16
1.93745e-16
9.39527e-17
4.3241e-17
1.74982e-17
4.02982e-18
)
;
    }
    frontAndBack
    {
        type            empty;
    }
    internal
    {
        type            internal;
    }
}


// ************************************************************************* //
