/*--------------------------------*- C++ -*----------------------------------*\
  =========                 |
  \\      /  F ield         | OpenFOAM: The Open Source CFD Toolbox
   \\    /   O peration     | Website:  https://openfoam.org
    \\  /    A nd           | Version:  10
     \\/     M anipulation  |
\*---------------------------------------------------------------------------*/
FoamFile
{
    format      ascii;
    class       volScalarField;
    location    "1";
    object      CN;
}
// * * * * * * * * * * * * * * * * * * * * * * * * * * * * * * * * * * * * * //

dimensions      [0 0 0 0 0 0 0];

internalField   nonuniform List<scalar> 
4000
(
3.33726e-30
1.29501e-29
2.78796e-29
5.26282e-29
9.55659e-29
1.74387e-28
3.28556e-28
6.49792e-28
1.35895e-27
2.95155e-27
6.66894e-27
1.57743e-26
3.93882e-26
1.05156e-25
3.05226e-25
9.78552e-25
3.48129e-24
1.35553e-23
5.60129e-23
2.36408e-22
9.83921e-22
3.93247e-21
1.48505e-20
5.2782e-20
1.76174e-19
5.50635e-19
1.67099e-18
5.01773e-18
1.46631e-17
4.25453e-17
1.20288e-16
3.32538e-16
8.90535e-16
2.30043e-15
5.73732e-15
1.38376e-14
3.23418e-14
7.34376e-14
1.62198e-13
3.4931e-13
7.37492e-13
1.51548e-12
3.05166e-12
6.03091e-12
1.16705e-11
2.22857e-11
4.13774e-11
7.58767e-11
1.3486e-10
2.37511e-10
4.03787e-10
6.71457e-10
1.09339e-09
1.74233e-09
2.71369e-09
4.11754e-09
6.03737e-09
8.38012e-09
1.03181e-08
7.49161e-09
4.12986e-09
2.25955e-09
1.22212e-09
6.51992e-10
3.41651e-10
1.79272e-10
9.28364e-11
4.59669e-11
2.06096e-11
8.69517e-12
3.38147e-12
1.2052e-12
3.90206e-13
1.13248e-13
2.90296e-14
6.52897e-15
1.20641e-15
1.88768e-16
2.5137e-17
2.89948e-18
2.97663e-19
2.80291e-20
2.48706e-21
2.12298e-22
1.76839e-23
1.45077e-24
1.17935e-25
9.52144e-27
7.72411e-28
6.42653e-29
5.79543e-30
6.36074e-31
9.56024e-32
1.90709e-32
4.39492e-33
1.0536e-33
2.47714e-34
5.40029e-35
9.81925e-36
9.28554e-37
3.3295e-30
1.29197e-29
2.7815e-29
5.25128e-29
9.53746e-29
1.74074e-28
3.28018e-28
6.48722e-28
1.35627e-27
2.94485e-27
6.64597e-27
1.56849e-26
3.90254e-26
1.0362e-25
2.98403e-25
9.46631e-25
3.32514e-24
1.28042e-23
5.24963e-23
2.2067e-22
9.17917e-22
3.67747e-21
1.39478e-20
4.95875e-20
1.66479e-19
5.23484e-19
1.59883e-18
4.83925e-18
1.42195e-17
4.1517e-17
1.17911e-16
3.2734e-16
8.79682e-16
2.28354e-15
5.71839e-15
1.38425e-14
3.24616e-14
7.39611e-14
1.63802e-13
3.53683e-13
7.48641e-13
1.54185e-12
3.11151e-12
6.16539e-12
1.19519e-11
2.28483e-11
4.24683e-11
7.8013e-11
1.38811e-10
2.44832e-10
4.16546e-10
6.93469e-10
1.13077e-09
1.80392e-09
2.81301e-09
4.27189e-09
6.26442e-09
8.67879e-09
1.06177e-08
7.22311e-09
4.00518e-09
2.20154e-09
1.19464e-09
6.38671e-10
3.3551e-10
1.76238e-10
9.10396e-11
4.48471e-11
1.99494e-11
8.35408e-12
3.21823e-12
1.13794e-12
3.64691e-13
1.04595e-13
2.63611e-14
5.7836e-15
1.04282e-15
1.59207e-16
2.07267e-17
2.34646e-18
2.37584e-19
2.21684e-20
1.95649e-21
1.66555e-22
1.38603e-23
1.1373e-24
9.25635e-26
7.54159e-27
6.17978e-28
5.21623e-29
4.83113e-30
5.55405e-31
8.79064e-32
1.80886e-32
4.22198e-33
1.01631e-33
2.39109e-34
5.21325e-35
9.48076e-36
8.96534e-37
3.32313e-30
1.28959e-29
2.77685e-29
5.24373e-29
9.5265e-29
1.73928e-28
3.27821e-28
6.48355e-28
1.35498e-27
2.9406e-27
6.62791e-27
1.56092e-26
3.87225e-26
1.0232e-25
2.92632e-25
9.19819e-25
3.20284e-24
1.22218e-23
4.9693e-23
2.0753e-22
8.5975e-22
3.43978e-21
1.30795e-20
4.68295e-20
1.58218e-19
5.00844e-19
1.54026e-18
4.68775e-18
1.38444e-17
4.06364e-17
1.15773e-16
3.22574e-16
8.69943e-16
2.27157e-15
5.71781e-15
1.3907e-14
3.27573e-14
7.49675e-14
1.66655e-13
3.61121e-13
7.67034e-13
1.58448e-12
3.20724e-12
6.37632e-12
1.23832e-11
2.37255e-11
4.42282e-11
8.14625e-11
1.45454e-10
2.57239e-10
4.38512e-10
7.32793e-10
1.19826e-09
1.91711e-09
2.99888e-09
4.56662e-09
6.71424e-09
9.3276e-09
1.13953e-08
7.14557e-09
3.97735e-09
2.19133e-09
1.18931e-09
6.3533e-10
3.34067e-10
1.75111e-10
8.98356e-11
4.37482e-11
1.9234e-11
7.95358e-12
3.0303e-12
1.05512e-12
3.33239e-13
9.46179e-14
2.26252e-14
4.8841e-15
8.6108e-16
1.28676e-16
1.64497e-17
1.83712e-18
1.8439e-19
1.7125e-20
1.50876e-21
1.28456e-22
1.07026e-23
8.79781e-25
7.17545e-26
5.83874e-27
4.78948e-28
4.07228e-29
3.8582e-30
4.64447e-31
7.75305e-32
1.65763e-32
3.93978e-33
9.55748e-34
2.25636e-34
4.92605e-35
8.96137e-36
8.47335e-37
3.308e-30
1.28368e-29
2.76395e-29
5.21887e-29
9.47984e-29
1.73032e-28
3.26005e-28
6.44375e-28
1.34546e-27
2.91691e-27
6.56049e-27
1.5399e-26
3.80166e-26
9.99712e-26
2.84393e-25
8.88944e-25
3.07471e-24
1.16598e-23
4.7188e-23
1.96582e-22
8.14193e-22
3.26294e-21
1.24288e-20
4.47073e-20
1.51925e-19
4.83294e-19
1.49399e-18
4.57254e-18
1.35574e-17
3.99756e-17
1.1435e-16
3.19867e-16
8.66101e-16
2.2711e-15
5.74802e-15
1.40492e-14
3.32426e-14
7.64194e-14
1.7056e-13
3.70989e-13
7.90942e-13
1.63947e-12
3.3281e-12
6.63626e-12
1.29295e-11
2.48379e-11
4.64523e-11
8.58412e-11
1.53692e-10
2.72692e-10
4.66409e-10
7.82515e-10
1.28592e-09
2.06905e-09
3.2532e-09
4.98745e-09
7.39162e-09
1.03609e-08
1.27754e-08
7.52263e-09
4.17687e-09
2.29631e-09
1.22912e-09
6.53385e-10
3.4273e-10
1.78275e-10
9.02082e-11
4.314e-11
1.8773e-11
7.63881e-12
2.85859e-12
9.79273e-13
3.03746e-13
8.4119e-14
1.98877e-14
4.19206e-15
7.18967e-16
1.04652e-16
1.30772e-17
1.43467e-18
1.42191e-19
1.30987e-20
1.14847e-21
9.7525e-23
8.11543e-24
6.66843e-25
5.44009e-26
4.43181e-27
3.64813e-28
3.13404e-29
3.05002e-30
3.85386e-31
6.75407e-32
1.48242e-32
3.56286e-33
8.68576e-34
2.05639e-34
4.4988e-35
8.19696e-36
7.75637e-37
3.28781e-30
1.27582e-29
2.7469e-29
5.18607e-29
9.41826e-29
1.71848e-28
3.236e-28
6.39115e-28
1.33298e-27
2.88506e-27
6.47942e-27
1.51837e-26
3.74174e-26
9.81021e-26
2.77945e-25
8.64436e-25
2.97372e-24
1.12208e-23
4.52464e-23
1.88149e-22
7.79261e-22
3.12762e-21
1.19432e-20
4.30338e-20
1.46589e-19
4.67885e-19
1.45255e-18
4.47633e-18
1.33442e-17
3.95264e-17
1.13534e-16
3.18709e-16
8.66242e-16
2.27971e-15
5.79893e-15
1.42339e-14
3.38163e-14
7.80425e-14
1.748e-13
3.81477e-13
8.15979e-13
1.69626e-12
3.45344e-12
6.9087e-12
1.34939e-11
2.59756e-11
4.8702e-11
9.02293e-11
1.62052e-10
2.88652e-10
4.95948e-10
8.36135e-10
1.38171e-09
2.23673e-09
3.54444e-09
5.48259e-09
8.21395e-09
1.16735e-08
1.46591e-08
8.28452e-09
4.55877e-09
2.48586e-09
1.31832e-09
6.93595e-10
3.59789e-10
1.8445e-10
9.14883e-11
4.27057e-11
1.84086e-11
7.35601e-12
2.70491e-12
9.09444e-13
2.75078e-13
7.42063e-14
1.76838e-14
3.46792e-15
5.77988e-16
8.1984e-17
1.00278e-17
1.08265e-18
1.06148e-19
9.71415e-21
8.48686e-22
7.19519e-23
5.98493e-24
4.91947e-25
4.01716e-26
3.27931e-27
2.71326e-28
2.364e-29
2.38142e-30
3.18537e-31
5.87848e-32
1.32613e-32
3.22262e-33
7.88976e-34
1.87133e-34
4.09767e-35
7.46964e-36
7.06867e-37
3.26384e-30
1.26656e-29
2.72696e-29
5.14813e-29
9.3479e-29
1.70513e-28
3.20926e-28
6.33353e-28
1.31999e-27
2.85501e-27
6.40683e-27
1.50004e-26
3.69101e-26
9.65496e-26
2.7268e-25
8.44576e-25
2.89136e-24
1.08544e-23
4.35632e-23
1.8046e-22
7.4546e-22
2.98827e-21
1.14232e-20
4.13644e-20
1.41833e-19
4.55553e-19
1.42279e-18
4.40723e-18
1.31941e-17
3.92323e-17
1.13112e-16
3.18486e-16
8.68662e-16
2.29284e-15
5.85564e-15
1.4426e-14
3.43881e-14
7.96143e-14
1.78855e-13
3.91431e-13
8.39371e-13
1.74919e-12
3.56965e-12
7.15943e-12
1.40129e-11
2.7017e-11
5.07896e-11
9.41395e-11
1.6964e-10
3.03084e-10
5.22121e-10
8.82692e-10
1.46339e-09
2.37974e-09
3.79293e-09
5.90974e-09
8.93673e-09
1.28574e-08
1.64001e-08
9.03063e-09
4.90671e-09
2.64215e-09
1.38472e-09
7.20278e-10
3.69457e-10
1.8672e-10
9.09097e-11
4.15195e-11
1.75968e-11
6.90135e-12
2.49234e-12
8.21233e-13
2.43727e-13
6.4401e-14
1.49254e-14
2.8483e-15
4.62247e-16
6.40007e-17
7.67198e-18
8.15683e-19
7.91196e-20
7.19041e-21
6.25529e-22
5.29017e-23
4.39444e-24
3.60999e-25
2.94822e-26
2.41023e-27
2.00476e-28
1.77527e-29
1.86012e-30
2.64144e-31
5.11989e-32
1.18383e-32
2.90594e-33
7.14643e-34
1.69928e-34
3.72675e-35
6.7992e-36
6.43535e-37
3.23434e-30
1.25505e-29
2.70191e-29
5.10009e-29
9.25898e-29
1.68859e-28
3.17762e-28
6.27073e-28
1.30614e-27
2.82201e-27
6.32699e-27
1.47902e-26
3.63245e-26
9.47973e-26
2.66945e-25
8.23896e-25
2.8099e-24
1.05117e-23
4.20778e-23
1.74081e-22
7.19582e-22
2.88899e-21
1.10738e-20
4.02052e-20
1.38337e-19
4.46037e-19
1.39844e-18
4.35118e-18
1.30749e-17
3.8992e-17
1.12729e-16
3.17998e-16
8.7274e-16
2.30711e-15
5.90471e-15
1.45881e-14
3.48585e-14
8.08729e-14
1.82063e-13
3.99198e-13
8.57373e-13
1.78973e-12
3.65794e-12
7.34831e-12
1.44033e-11
2.76861e-11
5.214e-11
9.64843e-11
1.74077e-10
3.11219e-10
5.36314e-10
9.07025e-10
1.50439e-09
2.44702e-09
3.90101e-09
6.07921e-09
9.19174e-09
1.32002e-08
1.66259e-08
9.04687e-09
4.88204e-09
2.61045e-09
1.35919e-09
7.01952e-10
3.57672e-10
1.79207e-10
8.66264e-11
3.81736e-11
1.59669e-11
6.17548e-12
2.20137e-12
7.13016e-13
2.07723e-13
5.34856e-14
1.21575e-14
2.2643e-15
3.58771e-16
4.8604e-17
5.7218e-18
6.00008e-19
5.76387e-20
5.20503e-21
4.51017e-22
3.80521e-23
3.1566e-24
2.59148e-25
2.11684e-26
1.73404e-27
1.45292e-28
1.31532e-29
1.4496e-30
2.20843e-31
4.51391e-32
1.0706e-32
2.65345e-33
6.54732e-34
1.55831e-34
3.41793e-35
6.23518e-36
5.90097e-37
3.20463e-30
1.24346e-29
2.67651e-29
5.05056e-29
9.16456e-29
1.67018e-28
3.13999e-28
6.18903e-28
1.2877e-27
2.77819e-27
6.21212e-27
1.44891e-26
3.54972e-26
9.23699e-26
2.59227e-25
7.97094e-25
2.7089e-24
1.01069e-23
4.04095e-23
1.67255e-22
6.92407e-22
2.78897e-21
1.07376e-20
3.91575e-20
1.35207e-19
4.37557e-19
1.37847e-18
4.30574e-18
1.29869e-17
3.88507e-17
1.12698e-16
3.18433e-16
8.7606e-16
2.31978e-15
5.94687e-15
1.47235e-14
3.5245e-14
8.19061e-14
1.8461e-13
4.05437e-13
8.67829e-13
1.81424e-12
3.70966e-12
7.45345e-12
1.46022e-11
2.80517e-11
5.27965e-11
9.7354e-11
1.75527e-10
3.13325e-10
5.38757e-10
9.0848e-10
1.50098e-09
2.42922e-09
3.84748e-09
5.94366e-09
8.87359e-09
1.24666e-08
1.48028e-08
8.07488e-09
4.36802e-09
2.33867e-09
1.21891e-09
6.29604e-10
3.20561e-10
1.60238e-10
7.68939e-11
3.34398e-11
1.38562e-11
5.30602e-12
1.86328e-12
5.95136e-13
1.70677e-13
4.32721e-14
9.60072e-15
1.74613e-15
2.70415e-16
3.58936e-17
4.15528e-18
4.3032e-19
4.09841e-20
3.68071e-21
3.17876e-22
2.67689e-23
2.21857e-24
1.82108e-25
1.48881e-26
1.22366e-27
1.03635e-28
9.67104e-30
1.13506e-30
1.86337e-31
3.99503e-32
9.67407e-33
2.42035e-33
5.99834e-34
1.43043e-34
3.13995e-35
5.73025e-36
5.42378e-37
3.17993e-30
1.23387e-29
2.65568e-29
5.01045e-29
9.08908e-29
1.65567e-28
3.11079e-28
6.12689e-28
1.27371e-27
2.74313e-27
6.12815e-27
1.42771e-26
3.49329e-26
9.07559e-26
2.54186e-25
7.79789e-25
2.64412e-24
9.84802e-24
3.93414e-23
1.62906e-22
6.74591e-22
2.72218e-21
1.0492e-20
3.83347e-20
1.3289e-19
4.31503e-19
1.3629e-18
4.26532e-18
1.28915e-17
3.86072e-17
1.13051e-16
3.19278e-16
8.79518e-16
2.33137e-15
5.98252e-15
1.48307e-14
3.55479e-14
8.2545e-14
1.86197e-13
4.0934e-13
8.75948e-13
1.83096e-12
3.74282e-12
7.51483e-12
1.47101e-11
2.82246e-11
5.30456e-11
9.75704e-11
1.7553e-10
3.1235e-10
5.35149e-10
8.98218e-10
1.47536e-09
2.37005e-09
3.7181e-09
5.67084e-09
8.30933e-09
1.12928e-08
1.2164e-08
6.68298e-09
3.63914e-09
1.95907e-09
1.02833e-09
5.328e-10
2.72334e-10
1.3634e-10
6.53279e-11
2.82279e-11
1.15978e-11
4.39895e-12
1.53072e-12
4.84083e-13
1.38417e-13
3.31044e-14
7.23161e-15
1.29386e-15
1.97336e-16
2.58518e-17
2.96243e-18
3.04613e-19
2.88846e-20
2.58816e-21
2.23336e-22
1.88096e-23
1.56003e-24
1.28211e-25
1.05052e-26
8.68006e-28
7.45973e-29
7.23086e-30
9.10571e-31
1.60713e-31
3.58998e-32
8.83497e-33
2.22157e-33
5.51616e-34
1.31707e-34
2.89391e-35
5.28422e-36
5.00285e-37
3.16131e-30
1.22672e-29
2.6404e-29
4.98151e-29
9.03538e-29
1.64542e-28
3.09007e-28
6.08196e-28
1.26321e-27
2.71727e-27
6.06333e-27
1.41091e-26
3.44757e-26
8.94326e-26
2.50044e-25
7.65575e-25
2.5907e-24
9.63268e-24
3.84439e-23
1.59141e-22
6.60155e-22
2.66618e-21
1.03075e-20
3.78032e-20
1.31423e-19
4.28045e-19
1.35613e-18
4.25454e-18
1.28915e-17
3.86755e-17
1.13474e-16
3.20815e-16
8.84736e-16
2.34703e-15
6.02687e-15
1.49536e-14
3.58699e-14
8.33159e-14
1.87982e-13
4.13501e-13
8.84654e-13
1.84862e-12
3.77664e-12
7.57678e-12
1.4818e-11
2.8401e-11
5.32984e-11
9.78601e-11
1.75666e-10
3.11633e-10
5.32132e-10
8.89358e-10
1.45303e-09
2.31877e-09
3.60654e-09
5.43693e-09
7.82768e-09
1.02872e-08
9.83042e-09
5.42547e-09
2.96395e-09
1.59718e-09
8.43737e-10
4.3924e-10
2.26012e-10
1.13769e-10
5.45874e-11
2.35811e-11
9.65166e-12
3.64183e-12
1.25887e-12
3.94524e-13
1.11361e-13
2.62438e-14
5.6503e-15
9.95984e-16
1.49797e-16
1.93864e-17
2.20003e-18
2.24617e-19
2.11984e-20
1.89406e-21
1.63196e-22
1.37362e-23
1.13926e-24
9.36863e-26
7.69024e-27
6.38744e-28
5.57486e-29
5.61988e-30
7.55998e-31
1.41645e-31
3.26366e-32
8.12801e-33
2.05353e-33
5.11062e-34
1.22178e-34
2.68644e-35
4.90717e-36
4.64672e-37
3.1442e-30
1.22008e-29
2.62606e-29
4.95416e-29
8.9848e-29
1.63594e-28
3.07167e-28
6.04455e-28
1.25528e-27
2.69826e-27
6.0162e-27
1.3986e-26
3.41288e-26
8.83983e-26
2.46736e-25
7.54199e-25
2.54858e-24
9.4666e-24
3.777e-23
1.56325e-22
6.48808e-22
2.62634e-21
1.0179e-20
3.74304e-20
1.30577e-19
4.26636e-19
1.35578e-18
4.26359e-18
1.29491e-17
3.89083e-17
1.14336e-16
3.2359e-16
8.93228e-16
2.37132e-15
6.09295e-15
1.51281e-14
3.63191e-14
8.43858e-14
1.9043e-13
4.19015e-13
8.9639e-13
1.87286e-12
3.82524e-12
7.67076e-12
1.49943e-11
2.87181e-11
5.3845e-11
9.87504e-11
1.77007e-10
3.13321e-10
5.3383e-10
8.89631e-10
1.44823e-09
2.30044e-09
3.55628e-09
5.31541e-09
7.54833e-09
9.64094e-09
8.10344e-09
4.48294e-09
2.45688e-09
1.32646e-09
7.04135e-10
3.66723e-10
1.89975e-10
9.6166e-11
4.61626e-11
1.99849e-11
8.14713e-12
3.05814e-12
1.05051e-12
3.26888e-13
9.14727e-14
2.14979e-14
4.57917e-15
7.97675e-16
1.18591e-16
1.51833e-17
1.70747e-18
1.73138e-19
1.62644e-20
1.44903e-21
1.24651e-22
1.04839e-23
8.69374e-25
7.15258e-26
5.8811e-27
4.91044e-28
4.35292e-29
4.55714e-30
6.49952e-31
1.27867e-31
3.01987e-32
7.59668e-33
1.9253e-33
4.79397e-34
1.14589e-34
2.51896e-35
4.60034e-36
4.35595e-37
3.12957e-30
1.21442e-29
2.61381e-29
4.93066e-29
8.94082e-29
1.62753e-28
3.05482e-28
6.00884e-28
1.24688e-27
2.67824e-27
5.96886e-27
1.38726e-26
3.38478e-26
8.7608e-26
2.44231e-25
7.45264e-25
2.5148e-24
9.33362e-24
3.72286e-23
1.54254e-22
6.41025e-22
2.59982e-21
1.01003e-20
3.72389e-20
1.30286e-19
4.26981e-19
1.36096e-18
4.29031e-18
1.30607e-17
3.93064e-17
1.15685e-16
3.2776e-16
9.05648e-16
2.40582e-15
6.1855e-15
1.53714e-14
3.69359e-14
8.58586e-14
1.93833e-13
4.2678e-13
9.1296e-13
1.90726e-12
3.89495e-12
7.80824e-12
1.52617e-11
2.92246e-11
5.4778e-11
1.0042e-10
1.7989e-10
3.18035e-10
5.41473e-10
9.01363e-10
1.46507e-09
2.32238e-09
3.58049e-09
5.33032e-09
7.51803e-09
9.43968e-09
7.13659e-09
3.93911e-09
2.15405e-09
1.16106e-09
6.15656e-10
3.21435e-10
1.67003e-10
8.46401e-11
4.05579e-11
1.75759e-11
7.13279e-12
2.66216e-12
9.08732e-13
2.80468e-13
7.75577e-14
1.82284e-14
3.85029e-15
6.63988e-16
9.76802e-17
1.23922e-17
1.38358e-18
1.39569e-19
1.30664e-20
1.16179e-21
9.98391e-23
8.39403e-24
6.96149e-25
5.73105e-26
4.72049e-27
3.96136e-28
3.56195e-29
3.85313e-30
5.75422e-31
1.17189e-31
2.81066e-32
7.10976e-33
1.80683e-33
4.50676e-34
1.07847e-34
2.37243e-35
4.33442e-36
4.10475e-37
3.11736e-30
1.20969e-29
2.60358e-29
4.91104e-29
8.90407e-29
1.6205e-28
3.04076e-28
5.97914e-28
1.23979e-27
2.66098e-27
5.92663e-27
1.37662e-26
3.35664e-26
8.684e-26
2.42e-25
7.38254e-25
2.48919e-24
9.23199e-24
3.68198e-23
1.52631e-22
6.35322e-22
2.58163e-21
1.00504e-20
3.71595e-20
1.30397e-19
4.28647e-19
1.37036e-18
4.33058e-18
1.32139e-17
3.98319e-17
1.17407e-16
3.32993e-16
9.20957e-16
2.44867e-15
6.3014e-15
1.56673e-14
3.76688e-14
8.76022e-14
1.97865e-13
4.35796e-13
9.3271e-13
1.9496e-12
3.98343e-12
7.98772e-12
1.56147e-11
2.9901e-11
5.60417e-11
1.02714e-10
1.83967e-10
3.25106e-10
5.53414e-10
9.2104e-10
1.4968e-09
2.372e-09
3.65499e-09
5.43539e-09
7.64415e-09
9.50916e-09
6.6397e-09
3.65533e-09
1.99294e-09
1.07126e-09
5.66545e-10
2.95987e-10
1.53902e-10
7.7985e-11
3.72269e-11
1.61271e-11
6.50594e-12
2.41419e-12
8.17692e-13
2.5045e-13
6.85925e-14
1.61425e-14
3.37734e-15
5.76983e-16
8.41346e-17
1.05905e-17
1.17498e-18
1.17981e-19
1.10114e-20
9.7724e-22
8.38948e-23
7.05036e-24
5.84697e-25
4.81547e-26
3.97174e-27
3.34717e-28
3.04857e-29
3.39349e-30
5.25713e-31
1.09732e-31
2.65972e-32
6.75181e-33
1.71706e-33
4.28298e-34
1.0248e-34
2.25408e-35
4.11774e-36
3.89938e-37
3.10754e-30
1.20589e-29
2.59538e-29
4.89538e-29
8.87489e-29
1.61496e-28
3.02974e-28
5.95598e-28
1.23417e-27
2.64723e-27
5.89296e-27
1.36816e-26
3.33432e-26
8.62127e-26
2.40094e-25
7.3197e-25
2.46759e-24
9.15311e-24
3.65188e-23
1.51503e-22
6.31414e-22
2.57018e-21
1.00288e-20
3.7171e-20
1.30801e-19
4.31201e-19
1.38241e-18
4.379e-18
1.33921e-17
4.04336e-17
1.19351e-16
3.38864e-16
9.38064e-16
2.49552e-15
6.4245e-15
1.59819e-14
3.84527e-14
8.94673e-14
2.02148e-13
4.45569e-13
9.53875e-13
1.99429e-12
4.07528e-12
8.17326e-12
1.59879e-11
3.06393e-11
5.74757e-11
1.05358e-10
1.88735e-10
3.33385e-10
5.67635e-10
9.45072e-10
1.53638e-09
2.43572e-09
3.75506e-09
5.5851e-09
7.84958e-09
9.72236e-09
6.40954e-09
3.52082e-09
1.9152e-09
1.0263e-09
5.41285e-10
2.82502e-10
1.46832e-10
7.42456e-11
3.52568e-11
1.52616e-11
6.12881e-12
2.26114e-12
7.61911e-13
2.31756e-13
6.28948e-14
1.48234e-14
3.07817e-15
5.21344e-16
7.54054e-17
9.42311e-18
1.03932e-18
1.03903e-19
9.6685e-21
8.56416e-22
7.34369e-23
6.16745e-24
5.11319e-25
4.21141e-26
3.47642e-27
2.93878e-28
2.70057e-29
3.06569e-30
4.87551e-31
1.03583e-31
2.52996e-32
6.43737e-33
1.63864e-33
4.0891e-34
9.78632e-35
2.15278e-35
3.93285e-36
3.72435e-37
3.09977e-30
1.20288e-29
2.5889e-29
4.883e-29
8.85186e-29
1.61059e-28
3.02107e-28
5.93785e-28
1.22974e-27
2.63639e-27
5.86647e-27
1.36152e-26
3.31689e-26
8.57252e-26
2.38623e-25
7.27155e-25
2.45067e-24
9.08926e-24
3.62881e-23
1.50717e-22
6.2893e-22
2.56413e-21
1.00243e-20
3.72388e-20
1.31372e-19
4.34214e-19
1.39565e-18
4.43055e-18
1.35745e-17
4.10396e-17
1.21288e-16
3.44638e-16
9.5476e-16
2.54179e-15
6.5464e-15
1.62937e-14
3.92211e-14
9.1289e-14
2.06344e-13
4.54894e-13
9.7385e-13
2.03584e-12
4.16038e-12
8.34055e-12
1.63078e-11
3.12327e-11
5.9126e-11
1.08157e-10
1.93674e-10
3.41999e-10
5.82562e-10
9.70284e-10
1.57813e-09
2.50345e-09
3.86152e-09
5.74793e-09
8.08164e-09
9.99192e-09
6.33918e-09
3.4778e-09
1.89265e-09
1.00209e-09
5.2799e-10
2.7545e-10
1.43127e-10
7.22138e-11
3.41414e-11
1.47779e-11
5.90807e-12
2.16995e-12
7.27282e-13
2.19977e-13
5.92496e-14
1.39967e-14
2.88131e-15
4.83457e-16
6.93175e-17
8.59669e-18
9.42415e-19
9.37913e-20
8.70014e-21
7.69026e-22
6.58531e-23
5.52566e-24
4.57866e-25
3.77046e-26
3.11403e-27
2.63898e-28
2.44388e-29
2.82041e-30
4.57173e-31
9.83086e-32
2.41375e-32
6.15784e-33
1.56963e-33
3.92018e-34
9.38731e-35
2.06577e-35
3.77471e-36
3.57485e-37
3.09374e-30
1.20055e-29
2.58387e-29
4.87338e-29
8.83391e-29
1.60716e-28
3.01424e-28
5.92342e-28
1.22627e-27
2.6279e-27
5.84575e-27
1.35634e-26
3.30331e-26
8.53463e-26
2.37483e-25
7.23447e-25
2.43755e-24
9.04258e-24
3.61164e-23
1.50131e-22
6.27296e-22
2.56129e-21
1.00311e-20
3.73406e-20
1.32031e-19
4.37411e-19
1.40917e-18
4.48253e-18
1.37596e-17
4.16555e-17
1.23233e-16
3.50458e-16
9.71421e-16
2.58716e-15
6.6668e-15
1.66016e-14
3.99872e-14
9.30992e-14
2.10479e-13
4.64179e-13
9.94057e-13
2.07893e-12
4.24967e-12
8.52168e-12
1.66708e-11
3.19473e-11
6.04949e-11
1.10673e-10
1.98209e-10
3.49971e-10
5.96419e-10
9.93858e-10
1.61745e-09
2.56792e-09
3.96488e-09
5.90735e-09
8.31361e-09
1.02781e-08
6.34476e-09
3.47706e-09
1.88965e-09
9.99098e-10
5.25434e-10
2.73745e-10
1.42028e-10
7.14499e-11
3.36318e-11
1.45521e-11
5.79701e-12
2.12123e-12
7.08092e-13
2.13232e-13
5.71714e-14
1.35562e-14
2.64839e-15
4.41574e-16
6.29494e-17
7.77069e-18
8.48918e-19
8.42923e-20
7.80872e-21
6.89823e-22
5.90648e-23
4.9571e-24
4.10931e-25
3.38638e-26
2.80078e-27
2.38188e-28
2.22588e-29
2.61541e-30
4.32661e-31
9.41931e-32
2.32427e-32
5.94036e-33
1.51534e-33
3.78613e-34
9.06865e-35
1.99598e-35
3.64749e-36
3.45429e-37
3.08927e-30
1.19883e-29
2.58016e-29
4.86632e-29
8.82079e-29
1.60468e-28
3.00931e-28
5.91308e-28
1.22373e-27
2.62161e-27
5.83033e-27
1.35247e-26
3.29319e-26
8.50648e-26
2.36642e-25
7.20729e-25
2.4281e-24
9.00872e-24
3.59958e-23
1.49739e-22
6.26295e-22
2.56057e-21
1.00434e-20
3.74509e-20
1.32672e-19
4.40401e-19
1.42157e-18
4.52913e-18
1.39232e-17
4.21957e-17
1.24947e-16
3.55564e-16
9.86085e-16
2.62735e-15
6.77332e-15
1.6873e-14
4.06513e-14
9.46683e-14
2.14109e-13
4.72338e-13
1.01179e-12
2.11663e-12
4.32797e-12
8.68072e-12
1.69872e-11
3.25619e-11
6.16484e-11
1.12817e-10
2.0211e-10
3.56868e-10
6.08477e-10
1.01453e-09
1.65219e-09
2.62496e-09
4.05692e-09
6.05131e-09
8.52714e-09
1.05528e-08
6.39616e-09
3.50109e-09
1.90023e-09
1.00399e-09
5.27321e-10
2.74424e-10
1.42174e-10
7.13393e-11
3.34658e-11
1.44563e-11
5.74203e-12
2.09491e-12
6.97056e-13
2.09148e-13
5.58548e-14
1.31858e-14
2.55983e-15
4.24084e-16
6.00986e-17
7.38046e-18
8.02992e-19
7.94935e-20
7.34899e-21
6.48323e-22
5.54619e-23
4.65202e-24
3.85502e-25
3.17636e-26
2.62778e-27
2.23794e-28
2.10069e-29
2.49127e-30
4.16497e-31
9.12614e-32
2.25804e-32
5.77712e-33
1.47436e-33
3.68462e-34
8.82679e-35
1.9429e-35
3.55063e-36
3.36261e-37
3.08609e-30
1.1976e-29
2.57752e-29
4.8613e-29
8.81153e-29
1.60293e-28
3.00585e-28
5.90584e-28
1.22193e-27
2.61715e-27
5.81934e-27
1.34971e-26
3.28591e-26
8.48607e-26
2.36026e-25
7.18724e-25
2.42132e-24
8.98481e-24
3.59152e-23
1.49493e-22
6.2576e-22
2.5609e-21
1.00566e-20
3.75499e-20
1.33218e-19
4.42882e-19
1.43166e-18
4.56717e-18
1.4056e-17
4.26335e-17
1.26331e-16
3.59684e-16
9.97909e-16
2.65975e-15
6.8588e-15
1.70906e-14
4.11872e-14
9.59385e-14
2.17014e-13
4.78852e-13
1.02598e-12
2.14674e-12
4.39039e-12
8.8058e-12
1.72354e-11
3.30443e-11
6.25557e-11
1.1451e-10
2.05189e-10
3.62322e-10
6.18033e-10
1.03094e-09
1.67984e-09
2.67069e-09
4.13065e-09
6.16698e-09
8.69961e-09
1.07758e-08
6.44908e-09
3.52798e-09
1.91343e-09
1.01062e-09
5.30399e-10
2.75817e-10
1.42737e-10
7.14821e-11
3.34541e-11
1.4419e-11
5.71505e-12
2.08051e-12
6.90606e-13
2.06646e-13
5.50207e-14
1.29455e-14
2.50332e-15
4.13111e-16
5.83283e-17
7.13995e-18
7.74806e-19
7.6555e-20
7.06782e-21
6.22961e-22
5.32615e-23
4.4658e-24
3.69987e-25
3.04824e-26
2.52219e-27
2.14986e-28
2.02342e-29
2.41283e-30
4.0586e-31
8.92556e-32
2.21166e-32
5.66146e-33
1.44517e-33
3.61206e-34
8.65351e-35
1.90483e-35
3.48108e-36
3.29675e-37
3.08398e-30
1.19679e-29
2.57578e-29
4.85802e-29
8.8055e-29
1.6018e-28
3.00365e-28
5.90127e-28
1.2208e-27
2.61435e-27
5.81248e-27
1.34799e-26
3.28141e-26
8.47353e-26
2.35651e-25
7.1752e-25
2.41724e-24
8.97064e-24
3.5868e-23
1.49358e-22
6.25534e-22
2.56169e-21
1.00676e-20
3.76253e-20
1.33619e-19
4.44675e-19
1.43894e-18
4.59444e-18
1.4151e-17
4.29453e-17
1.27311e-16
3.6258e-16
1.00622e-15
2.68253e-15
6.91889e-15
1.72427e-14
4.15616e-14
9.68261e-14
2.19057e-13
4.83452e-13
1.03594e-12
2.16775e-12
4.43364e-12
8.89278e-12
1.7407e-11
3.33752e-11
6.31747e-11
1.15664e-10
2.07293e-10
3.66053e-10
6.2457e-10
1.04216e-09
1.69874e-09
2.70193e-09
4.18122e-09
6.24647e-09
8.81836e-09
1.09311e-08
6.49115e-09
3.55002e-09
1.92452e-09
1.01629e-09
5.33105e-10
2.77092e-10
1.43287e-10
7.16629e-11
3.34866e-11
1.44111e-11
5.70372e-12
2.07337e-12
6.87144e-13
2.05247e-13
5.454e-14
1.28044e-14
2.47006e-15
4.06588e-16
5.72734e-17
6.99674e-18
7.58039e-19
7.48076e-20
6.90058e-21
6.07874e-22
5.19524e-23
4.35503e-24
3.60759e-25
2.97206e-26
2.45939e-27
2.09737e-28
1.97699e-29
2.36471e-30
3.99129e-31
8.79581e-32
2.18147e-32
5.58628e-33
1.42623e-33
3.5651e-34
8.54155e-35
1.88024e-35
3.43619e-36
3.25424e-37
3.08273e-30
1.19631e-29
2.57474e-29
4.85607e-29
8.80193e-29
1.60115e-28
3.00239e-28
5.89874e-28
1.2202e-27
2.6129e-27
5.80902e-27
1.34714e-26
3.27922e-26
8.46749e-26
2.35472e-25
7.16952e-25
2.41532e-24
8.96399e-24
3.5846e-23
1.49296e-22
6.25452e-22
2.56224e-21
1.00738e-20
3.76658e-20
1.3383e-19
4.45609e-19
1.44269e-18
4.60842e-18
1.41994e-17
4.31044e-17
1.27811e-16
3.64067e-16
1.01048e-15
2.69416e-15
6.94947e-15
1.73204e-14
4.17529e-14
9.72782e-14
2.20093e-13
4.85762e-13
1.04094e-12
2.17832e-12
4.45548e-12
8.93672e-12
1.7494e-11
3.35439e-11
6.34901e-11
1.16251e-10
2.08362e-10
3.67945e-10
6.27889e-10
1.04786e-09
1.70836e-09
2.71782e-09
4.20688e-09
6.28682e-09
8.87878e-09
1.10106e-08
6.51469e-09
3.56254e-09
1.93083e-09
1.01951e-09
5.34663e-10
2.77831e-10
1.43611e-10
7.17767e-11
3.35136e-11
1.44118e-11
5.69997e-12
2.07051e-12
6.85662e-13
2.04626e-13
5.43229e-14
1.274e-14
2.45483e-15
4.03609e-16
5.67905e-17
6.93118e-18
7.50374e-19
7.40096e-20
6.82423e-21
6.00987e-22
5.13551e-23
4.30449e-24
3.5655e-25
2.93732e-26
2.43076e-27
2.07342e-28
1.95577e-29
2.34259e-30
3.96001e-31
8.73476e-32
2.16714e-32
5.55037e-33
1.41715e-33
3.54251e-34
8.48753e-35
1.86836e-35
3.41445e-36
3.23364e-37
3.08228e-30
1.19613e-29
2.57435e-29
4.85532e-29
8.80056e-29
1.6009e-28
3.00194e-28
5.89791e-28
1.22004e-27
2.61259e-27
5.80843e-27
1.34703e-26
3.279e-26
8.46709e-26
2.35465e-25
7.16943e-25
2.41532e-24
8.96405e-24
3.58463e-23
1.49298e-22
6.2546e-22
2.56227e-21
1.0074e-20
3.76664e-20
1.33833e-19
4.45619e-19
1.44273e-18
4.60855e-18
1.41998e-17
4.31058e-17
1.27816e-16
3.6408e-16
1.01052e-15
2.69426e-15
6.94972e-15
1.7321e-14
4.17544e-14
9.72814e-14
2.201e-13
4.85776e-13
1.04097e-12
2.17838e-12
4.4556e-12
8.93694e-12
1.74945e-11
3.35447e-11
6.34915e-11
1.16254e-10
2.08366e-10
3.67952e-10
6.279e-10
1.04788e-09
1.70839e-09
2.71786e-09
4.20695e-09
6.28691e-09
8.87888e-09
1.10106e-08
6.51459e-09
3.56221e-09
1.9307e-09
1.01945e-09
5.34638e-10
2.77821e-10
1.43607e-10
7.1775e-11
3.35131e-11
1.44116e-11
5.69992e-12
2.0705e-12
6.85661e-13
2.04627e-13
5.43232e-14
1.27401e-14
2.45486e-15
4.03617e-16
5.67919e-17
6.93138e-18
7.50398e-19
7.4012e-20
6.82447e-21
6.01009e-22
5.13569e-23
4.30465e-24
3.56563e-25
2.93743e-26
2.43085e-27
2.0735e-28
1.95584e-29
2.34266e-30
3.96012e-31
8.73499e-32
2.16719e-32
5.5505e-33
1.41718e-33
3.54258e-34
8.48769e-35
1.86839e-35
3.41451e-36
3.2337e-37
3.08275e-30
1.19631e-29
2.57473e-29
4.85603e-29
8.8019e-29
1.60117e-28
3.00252e-28
5.89923e-28
1.22042e-27
2.61363e-27
5.81112e-27
1.34773e-26
3.28093e-26
8.47267e-26
2.35638e-25
7.17505e-25
2.41725e-24
8.97082e-24
3.5869e-23
1.49363e-22
6.25556e-22
2.56179e-21
1.0068e-20
3.76271e-20
1.33626e-19
4.44703e-19
1.43903e-18
4.59478e-18
1.41521e-17
4.29497e-17
1.27325e-16
3.62621e-16
1.00633e-15
2.68283e-15
6.91969e-15
1.72447e-14
4.15668e-14
9.68381e-14
2.19082e-13
4.83496e-13
1.03603e-12
2.16793e-12
4.434e-12
8.89349e-12
1.74084e-11
3.3378e-11
6.31795e-11
1.15672e-10
2.07305e-10
3.66072e-10
6.24602e-10
1.04221e-09
1.69883e-09
2.70207e-09
4.18141e-09
6.24675e-09
8.81874e-09
1.09314e-08
6.49131e-09
3.55008e-09
1.92454e-09
1.01628e-09
5.33105e-10
2.77089e-10
1.43285e-10
7.16621e-11
3.34864e-11
1.44111e-11
5.70376e-12
2.0734e-12
6.8716e-13
2.05253e-13
5.45424e-14
1.28051e-14
2.47023e-15
4.0662e-16
5.72788e-17
6.99746e-18
7.58124e-19
7.48165e-20
6.90143e-21
6.07949e-22
5.19589e-23
4.35558e-24
3.60804e-25
2.97243e-26
2.4597e-27
2.09763e-28
1.97723e-29
2.36496e-30
3.99164e-31
8.79647e-32
2.18162e-32
5.58662e-33
1.42631e-33
3.5653e-34
8.542e-35
1.88034e-35
3.43636e-36
3.25441e-37
3.08435e-30
1.19692e-29
2.57604e-29
4.85853e-29
8.80657e-29
1.60206e-28
3.00434e-28
5.90318e-28
1.22145e-27
2.61627e-27
5.81775e-27
1.34942e-26
3.28543e-26
8.48532e-26
2.36018e-25
7.18727e-25
2.42139e-24
8.98517e-24
3.59169e-23
1.495e-22
6.2579e-22
2.56103e-21
1.00571e-20
3.75521e-20
1.33227e-19
4.42914e-19
1.43178e-18
4.56758e-18
1.40573e-17
4.26375e-17
1.26344e-16
3.59723e-16
9.98021e-16
2.66007e-15
6.8597e-15
1.70931e-14
4.11937e-14
9.59548e-14
2.17053e-13
4.78947e-13
1.02616e-12
2.14706e-12
4.39096e-12
8.80712e-12
1.72374e-11
3.30465e-11
6.25582e-11
1.14513e-10
2.05199e-10
3.62343e-10
6.18068e-10
1.031e-09
1.67994e-09
2.67086e-09
4.13093e-09
6.16742e-09
8.70024e-09
1.07765e-08
6.44941e-09
3.52817e-09
1.91355e-09
1.0107e-09
5.30435e-10
2.75838e-10
1.42748e-10
7.14883e-11
3.34574e-11
1.44206e-11
5.71576e-12
2.0808e-12
6.90712e-13
2.0668e-13
5.50309e-14
1.29482e-14
2.50389e-15
4.13217e-16
5.83446e-17
7.14208e-18
7.75049e-19
7.65797e-20
7.07015e-21
6.23169e-22
5.32794e-23
4.46731e-24
3.70111e-25
3.04926e-26
2.52302e-27
2.15055e-28
2.02402e-29
2.41341e-30
4.05935e-31
8.92691e-32
2.21196e-32
5.66219e-33
1.44534e-33
3.61247e-34
8.65443e-35
1.90502e-35
3.48141e-36
3.29706e-37
3.08729e-30
1.19806e-29
2.5785e-29
4.86323e-29
8.81539e-29
1.60376e-28
3.00775e-28
5.91043e-28
1.22327e-27
2.62083e-27
5.82901e-27
1.35226e-26
3.29289e-26
8.50619e-26
2.36644e-25
7.20757e-25
2.42824e-24
9.00926e-24
3.5998e-23
1.49748e-22
6.26329e-22
2.56071e-21
1.0044e-20
3.74528e-20
1.32679e-19
4.40422e-19
1.42164e-18
4.52937e-18
1.39239e-17
4.21978e-17
1.24954e-16
3.5558e-16
9.86125e-16
2.62744e-15
6.77346e-15
1.68731e-14
4.06543e-14
9.46761e-14
2.14129e-13
4.72387e-13
1.01191e-12
2.11696e-12
4.32864e-12
8.68144e-12
1.69885e-11
3.25646e-11
6.16547e-11
1.1283e-10
2.02128e-10
3.56899e-10
6.08525e-10
1.01459e-09
1.65228e-09
2.62506e-09
4.057e-09
6.05173e-09
8.52784e-09
1.05537e-08
6.39657e-09
3.50134e-09
1.90039e-09
1.00408e-09
5.27374e-10
2.74453e-10
1.4219e-10
7.13483e-11
3.34707e-11
1.44587e-11
5.74308e-12
2.09533e-12
6.97213e-13
2.09199e-13
5.58699e-14
1.31898e-14
2.56069e-15
4.24243e-16
6.01232e-17
7.38369e-18
8.03361e-19
7.95312e-20
7.35255e-21
6.48641e-22
5.54893e-23
4.65433e-24
3.85693e-25
3.17793e-26
2.62907e-27
2.23901e-28
2.10159e-29
2.4921e-30
4.16591e-31
9.12754e-32
2.25831e-32
5.77771e-33
1.4745e-33
3.68493e-34
8.82743e-35
1.94303e-35
3.55084e-36
3.3628e-37
3.09169e-30
1.19976e-29
2.58217e-29
4.87025e-29
8.82849e-29
1.60626e-28
3.01274e-28
5.92095e-28
1.22586e-27
2.62722e-27
5.84465e-27
1.35617e-26
3.30312e-26
8.53456e-26
2.37491e-25
7.23487e-25
2.43771e-24
9.04321e-24
3.6119e-23
1.50142e-22
6.27338e-22
2.56145e-21
1.00317e-20
3.73426e-20
1.32037e-19
4.37431e-19
1.40923e-18
4.48268e-18
1.37599e-17
4.16561e-17
1.23243e-16
3.5049e-16
9.71517e-16
2.58744e-15
6.66753e-15
1.66036e-14
3.99888e-14
9.31016e-14
2.10483e-13
4.64189e-13
9.94083e-13
2.07898e-12
4.24981e-12
8.52215e-12
1.6672e-11
3.19502e-11
6.05011e-11
1.10684e-10
1.98233e-10
3.50014e-10
5.96492e-10
9.93977e-10
1.61763e-09
2.56821e-09
3.96527e-09
5.90798e-09
8.31446e-09
1.02791e-08
6.34529e-09
3.47739e-09
1.88985e-09
9.99211e-10
5.25499e-10
2.73781e-10
1.42048e-10
7.14612e-11
3.3638e-11
1.4555e-11
5.79829e-12
2.12176e-12
7.0829e-13
2.13301e-13
5.71922e-14
1.35616e-14
2.64957e-15
4.4179e-16
6.29826e-17
7.77503e-18
8.49412e-19
8.43427e-20
7.81348e-21
6.90247e-22
5.91013e-23
4.96016e-24
4.11186e-25
3.38846e-26
2.80249e-27
2.38329e-28
2.22707e-29
2.61648e-30
4.3277e-31
9.42063e-32
2.32445e-32
5.94056e-33
1.51535e-33
3.78606e-34
9.06833e-35
1.99588e-35
3.64727e-36
3.45407e-37
3.09772e-30
1.20209e-29
2.58719e-29
4.87985e-29
8.84641e-29
1.60967e-28
3.01956e-28
5.93535e-28
1.22932e-27
2.63567e-27
5.86528e-27
1.36133e-26
3.31664e-26
8.57232e-26
2.38628e-25
7.27195e-25
2.45085e-24
9.09002e-24
3.62912e-23
1.5073e-22
6.28985e-22
2.56435e-21
1.00252e-20
3.7242e-20
1.31384e-19
4.34255e-19
1.39579e-18
4.43104e-18
1.35762e-17
4.10454e-17
1.21297e-16
3.44663e-16
9.54829e-16
2.54197e-15
6.54689e-15
1.62948e-14
3.92235e-14
9.12944e-14
2.06356e-13
4.5492e-13
9.73915e-13
2.03597e-12
4.16071e-12
8.34141e-12
1.63098e-11
3.12371e-11
5.91359e-11
1.08177e-10
1.93708e-10
3.42059e-10
5.82669e-10
9.70469e-10
1.57845e-09
2.50399e-09
3.86244e-09
5.74886e-09
8.08268e-09
9.99291e-09
6.33989e-09
3.47821e-09
1.8929e-09
1.00224e-09
5.28073e-10
2.75496e-10
1.43151e-10
7.22273e-11
3.41487e-11
1.4781e-11
5.90946e-12
2.17051e-12
7.27494e-13
2.20049e-13
5.9272e-14
1.40018e-14
2.8825e-15
4.83677e-16
6.93521e-17
8.60132e-18
9.42951e-19
9.38468e-20
8.70542e-21
7.69499e-22
6.58941e-23
5.52911e-24
4.58152e-25
3.77282e-26
3.11596e-27
2.64057e-28
2.44519e-29
2.82147e-30
4.5723e-31
9.8301e-32
2.41325e-32
6.15615e-33
1.56916e-33
3.91898e-34
9.38443e-35
2.06514e-35
3.77355e-36
3.57377e-37
3.10558e-30
1.20513e-29
2.59375e-29
4.89236e-29
8.86967e-29
1.61408e-28
3.0283e-28
5.95363e-28
1.23377e-27
2.64657e-27
5.89187e-27
1.36798e-26
3.33408e-26
8.62108e-26
2.40099e-25
7.32012e-25
2.46779e-24
9.15398e-24
3.65223e-23
1.51518e-22
6.31477e-22
2.57044e-21
1.00298e-20
3.71745e-20
1.30813e-19
4.31238e-19
1.38252e-18
4.37933e-18
1.3393e-17
4.0436e-17
1.19356e-16
3.38875e-16
9.38078e-16
2.49579e-15
6.42525e-15
1.59838e-14
3.84574e-14
8.94786e-14
2.02173e-13
4.45624e-13
9.53997e-13
1.99455e-12
4.07584e-12
8.17444e-12
1.59904e-11
3.06445e-11
5.74857e-11
1.05377e-10
1.8877e-10
3.33446e-10
5.67739e-10
9.45245e-10
1.53666e-09
2.43615e-09
3.75568e-09
5.58592e-09
7.85052e-09
9.72326e-09
6.41043e-09
3.52131e-09
1.91546e-09
1.02644e-09
5.41358e-10
2.82539e-10
1.46851e-10
7.42559e-11
3.52625e-11
1.52641e-11
6.12995e-12
2.26161e-12
7.62094e-13
2.31821e-13
6.29156e-14
1.48281e-14
3.07928e-15
5.21556e-16
7.54395e-17
9.42775e-18
1.03987e-18
1.0396e-19
9.67394e-21
8.56905e-22
7.34793e-23
6.17102e-24
5.11616e-25
4.21385e-26
3.47842e-27
2.9404e-28
2.70182e-29
3.0661e-30
4.87074e-31
1.03471e-31
2.52748e-32
6.43184e-33
1.6374e-33
4.08631e-34
9.7802e-35
2.15152e-35
3.93067e-36
3.72232e-37
3.11562e-30
1.20901e-29
2.60213e-29
4.90839e-29
8.89954e-29
1.61976e-28
3.03959e-28
5.97733e-28
1.23952e-27
2.66061e-27
5.9262e-27
1.3766e-26
3.35673e-26
8.68453e-26
2.4202e-25
7.38323e-25
2.48942e-24
9.23287e-24
3.68234e-23
1.52647e-22
6.35394e-22
2.58195e-21
1.00517e-20
3.71647e-20
1.30415e-19
4.28705e-19
1.37055e-18
4.33122e-18
1.3216e-17
3.98389e-17
1.17429e-16
3.33062e-16
9.21169e-16
2.44903e-15
6.30225e-15
1.56694e-14
3.76741e-14
8.76146e-14
1.97895e-13
4.35863e-13
9.32853e-13
1.9499e-12
3.98405e-12
7.98896e-12
1.56171e-11
2.99057e-11
5.60506e-11
1.0273e-10
1.83997e-10
3.25159e-10
5.53503e-10
9.21184e-10
1.49703e-09
2.37234e-09
3.65546e-09
5.43601e-09
7.64496e-09
9.51003e-09
6.64085e-09
3.65603e-09
1.99334e-09
1.07148e-09
5.66664e-10
2.96046e-10
1.53933e-10
7.80007e-11
3.7235e-11
1.61307e-11
6.50753e-12
2.41485e-12
8.17938e-13
2.50534e-13
6.86191e-14
1.61486e-14
3.37876e-15
5.77254e-16
8.4178e-17
1.05964e-17
1.17568e-18
1.18053e-19
1.10183e-20
9.77866e-22
8.3949e-23
7.05492e-24
5.85075e-25
4.81858e-26
3.97429e-27
3.34922e-28
3.04962e-29
3.39294e-30
5.25767e-31
1.09722e-31
2.65893e-32
6.74781e-33
1.71605e-33
4.28059e-34
1.02427e-34
2.25299e-35
4.11585e-36
3.89764e-37
3.12811e-30
1.21385e-29
2.61259e-29
4.92844e-29
8.93705e-29
1.62692e-28
3.0539e-28
6.00754e-28
1.24672e-27
2.67815e-27
5.96913e-27
1.38741e-26
3.38527e-26
8.76219e-26
2.44267e-25
7.45357e-25
2.51503e-24
9.33424e-24
3.72308e-23
1.54263e-22
6.41073e-22
2.60004e-21
1.01013e-20
3.72428e-20
1.303e-19
4.27033e-19
1.36114e-18
4.29092e-18
1.30626e-17
3.93124e-17
1.15703e-16
3.27811e-16
9.05785e-16
2.40617e-15
6.1864e-15
1.53737e-14
3.69414e-14
8.58716e-14
1.93863e-13
4.26849e-13
9.13107e-13
1.90757e-12
3.89558e-12
7.80949e-12
1.52641e-11
2.92293e-11
5.47869e-11
1.00436e-10
1.79919e-10
3.18084e-10
5.41557e-10
9.015e-10
1.46529e-09
2.32272e-09
3.58098e-09
5.33102e-09
7.51898e-09
9.4409e-09
7.13849e-09
3.94054e-09
2.15485e-09
1.16149e-09
6.1588e-10
3.21547e-10
1.67059e-10
8.46679e-11
4.05717e-11
1.75818e-11
7.13534e-12
2.66317e-12
9.09104e-13
2.80592e-13
7.75956e-14
1.82371e-14
3.85231e-15
6.64369e-16
9.77408e-17
1.24004e-17
1.38454e-18
1.3967e-19
1.3076e-20
1.16265e-21
9.99138e-23
8.40032e-24
6.96671e-25
5.73534e-26
4.724e-27
3.96428e-28
3.56506e-29
3.85758e-30
5.76051e-31
1.17221e-31
2.81083e-32
7.11117e-33
1.80708e-33
4.50721e-34
1.07857e-34
2.37266e-35
4.3349e-36
4.10526e-37
3.14315e-30
1.21967e-29
2.62518e-29
4.9525e-29
8.98189e-29
1.63544e-28
3.07081e-28
6.04305e-28
1.25501e-27
2.69824e-27
6.0168e-27
1.39883e-26
3.41356e-26
8.84164e-26
2.46782e-25
7.54317e-25
2.54891e-24
9.46768e-24
3.77738e-23
1.5634e-22
6.48867e-22
2.62657e-21
1.01799e-20
3.74339e-20
1.30591e-19
4.26686e-19
1.35596e-18
4.26417e-18
1.29509e-17
3.89139e-17
1.14353e-16
3.23637e-16
8.93359e-16
2.37167e-15
6.09385e-15
1.51304e-14
3.63245e-14
8.43985e-14
1.90459e-13
4.19079e-13
8.96529e-13
1.87316e-12
3.82585e-12
7.67198e-12
1.49967e-11
2.87227e-11
5.38537e-11
9.87662e-11
1.77035e-10
3.13371e-10
5.33914e-10
8.8977e-10
1.44846e-09
2.3008e-09
3.55683e-09
5.31625e-09
7.54957e-09
9.64272e-09
8.10643e-09
4.48547e-09
2.45818e-09
1.32713e-09
7.0448e-10
3.6689e-10
1.90056e-10
9.6206e-11
4.6182e-11
1.99932e-11
8.15061e-12
3.05951e-12
1.05101e-12
3.27054e-13
9.15235e-14
2.15098e-14
4.58188e-15
7.98182e-16
1.18672e-16
1.51942e-17
1.70876e-18
1.73272e-19
1.62772e-20
1.45019e-21
1.24751e-22
1.04923e-23
8.70074e-25
7.15833e-26
5.88581e-27
4.91431e-28
4.35627e-29
4.56056e-30
6.50463e-31
1.27976e-31
3.02133e-32
7.59885e-33
1.92604e-33
4.79673e-34
1.14677e-34
2.52129e-35
4.60512e-36
4.3607e-37
3.16088e-30
1.22656e-29
2.6401e-29
4.98108e-29
9.03499e-29
1.64544e-28
3.09037e-28
6.08311e-28
1.26359e-27
2.7179e-27
6.06481e-27
1.41129e-26
3.44855e-26
8.94572e-26
2.50104e-25
7.65723e-25
2.59108e-24
9.63379e-24
3.84477e-23
1.59157e-22
6.60217e-22
2.66643e-21
1.03085e-20
3.78071e-20
1.31437e-19
4.28096e-19
1.3563e-18
4.2551e-18
1.28932e-17
3.86809e-17
1.1349e-16
3.20861e-16
8.84863e-16
2.34737e-15
6.02775e-15
1.49558e-14
3.58752e-14
8.33284e-14
1.88011e-13
4.13564e-13
8.84793e-13
1.84892e-12
3.77724e-12
7.57798e-12
1.48204e-11
2.84055e-11
5.33069e-11
9.78758e-11
1.75695e-10
3.11683e-10
5.32218e-10
8.89504e-10
1.45327e-09
2.31917e-09
3.60717e-09
5.43792e-09
7.8292e-09
1.02894e-08
9.83423e-09
5.42766e-09
2.96515e-09
1.59785e-09
8.4409e-10
4.39425e-10
2.26106e-10
1.13816e-10
5.46103e-11
2.35911e-11
9.65596e-12
3.64353e-12
1.25949e-12
3.94729e-13
1.11422e-13
2.62592e-14
5.65383e-15
9.96647e-16
1.49902e-16
1.94007e-17
2.20171e-18
2.24794e-19
2.12154e-20
1.89559e-21
1.63329e-22
1.37475e-23
1.1402e-24
9.37637e-26
7.69658e-27
6.39265e-28
5.57928e-29
5.62421e-30
7.56641e-31
1.41822e-31
3.26964e-32
8.14854e-33
2.05961e-33
5.12738e-34
1.22606e-34
2.69616e-35
4.92519e-36
4.66386e-37
3.17974e-30
1.23381e-29
2.65559e-29
5.01038e-29
9.08926e-29
1.65577e-28
3.11113e-28
6.12784e-28
1.27396e-27
2.74375e-27
6.12971e-27
1.4281e-26
3.49425e-26
9.07792e-26
2.54241e-25
7.79922e-25
2.64447e-24
9.84903e-24
3.9345e-23
1.6292e-22
6.74653e-22
2.72244e-21
1.04931e-20
3.83387e-20
1.32905e-19
4.31553e-19
1.36306e-18
4.26585e-18
1.28932e-17
3.86122e-17
1.13066e-16
3.19321e-16
8.79637e-16
2.33169e-15
5.98334e-15
1.48328e-14
3.55528e-14
8.25565e-14
1.86223e-13
4.09399e-13
8.76076e-13
1.83124e-12
3.74339e-12
7.51596e-12
1.47123e-11
2.82289e-11
5.30539e-11
9.75857e-11
1.75557e-10
3.124e-10
5.35236e-10
8.98366e-10
1.47561e-09
2.37047e-09
3.7188e-09
5.67201e-09
8.31125e-09
1.12957e-08
1.21691e-08
6.68574e-09
3.64067e-09
1.95989e-09
1.02875e-09
5.33014e-10
2.7244e-10
1.36392e-10
6.53534e-11
2.82393e-11
1.16027e-11
4.40092e-12
1.53145e-12
4.84327e-13
1.38491e-13
3.31229e-14
7.23591e-15
1.29467e-15
1.97466e-16
2.58695e-17
2.96453e-18
3.04832e-19
2.89056e-20
2.59006e-21
2.235e-22
1.88234e-23
1.56118e-24
1.28304e-25
1.05128e-26
8.68631e-28
7.46505e-29
7.23631e-30
9.11575e-31
1.61108e-31
3.61072e-32
8.90503e-33
2.24178e-33
5.56854e-34
1.32928e-34
2.91798e-35
5.32449e-36
5.03956e-37
3.20427e-30
1.24332e-29
2.67622e-29
5.05008e-29
9.16383e-29
1.67008e-28
3.1399e-28
6.18908e-28
1.28777e-27
2.77842e-27
6.21281e-27
1.4491e-26
3.5502e-26
9.23814e-26
2.59254e-25
7.9716e-25
2.70909e-24
1.01077e-23
4.04127e-23
1.67269e-22
6.9247e-22
2.78924e-21
1.07387e-20
3.91615e-20
1.35222e-19
4.37605e-19
1.37863e-18
4.30623e-18
1.29884e-17
3.88552e-17
1.12711e-16
3.1847e-16
8.76163e-16
2.32005e-15
5.94757e-15
1.47252e-14
3.52492e-14
8.19159e-14
1.84632e-13
4.05487e-13
8.67939e-13
1.81447e-12
3.71014e-12
7.45441e-12
1.46041e-11
2.80554e-11
5.28035e-11
9.73678e-11
1.75552e-10
3.13368e-10
5.38832e-10
9.0861e-10
1.5012e-09
2.42959e-09
3.8481e-09
5.94468e-09
8.87527e-09
1.24694e-08
1.48078e-08
8.07754e-09
4.36944e-09
2.33943e-09
1.21929e-09
6.29802e-10
3.20659e-10
1.60286e-10
7.69182e-11
3.34514e-11
1.38614e-11
5.30817e-12
1.86409e-12
5.95414e-13
1.70758e-13
4.32948e-14
9.60616e-15
1.74719e-15
2.70587e-16
3.59174e-17
4.15813e-18
4.30621e-19
4.10131e-20
3.68334e-21
3.18105e-22
2.67882e-23
2.22018e-24
1.82241e-25
1.48989e-26
1.22455e-27
1.0371e-28
9.67805e-30
1.13604e-30
1.86605e-31
4.00547e-32
9.70505e-33
2.42703e-33
6.01314e-34
1.4341e-34
3.14909e-35
5.7469e-36
5.43933e-37
3.23359e-30
1.25476e-29
2.70124e-29
5.09872e-29
9.25623e-29
1.68802e-28
3.17638e-28
6.26784e-28
1.30589e-27
2.82178e-27
6.32673e-27
1.479e-26
3.63247e-26
9.47987e-26
2.66951e-25
8.23924e-25
2.81002e-24
1.05122e-23
4.20805e-23
1.74094e-22
7.19642e-22
2.88924e-21
1.10748e-20
4.0209e-20
1.3835e-19
4.46079e-19
1.39857e-18
4.3516e-18
1.30762e-17
3.89958e-17
1.1274e-16
3.18029e-16
8.72825e-16
2.30734e-15
5.90529e-15
1.45895e-14
3.48619e-14
8.08808e-14
1.82081e-13
3.99238e-13
8.57459e-13
1.78991e-12
3.65831e-12
7.34904e-12
1.44048e-11
2.76889e-11
5.21454e-11
9.64945e-11
1.74095e-10
3.1125e-10
5.36367e-10
9.07114e-10
1.50453e-09
2.44726e-09
3.90138e-09
6.07979e-09
9.19264e-09
1.32016e-08
1.66283e-08
9.04825e-09
4.88282e-09
2.61089e-09
1.35943e-09
7.02082e-10
3.57742e-10
1.79244e-10
8.66462e-11
3.81836e-11
1.59716e-11
6.17744e-12
2.20214e-12
7.13294e-13
2.07816e-13
5.35113e-14
1.21632e-14
2.26546e-15
3.58967e-16
4.86321e-17
5.72524e-18
6.00379e-19
5.76749e-20
5.20834e-21
4.51306e-22
3.80766e-23
3.15864e-24
2.59316e-25
2.11821e-26
1.73516e-27
1.45384e-28
1.31607e-29
1.45006e-30
2.20677e-31
4.49852e-32
1.06543e-32
2.64048e-33
6.5165e-34
1.55127e-34
3.40417e-35
6.21312e-36
5.88131e-37
3.26319e-30
1.26631e-29
2.72645e-29
5.14729e-29
9.34673e-29
1.70502e-28
3.20934e-28
6.33447e-28
1.31993e-27
2.85476e-27
6.40626e-27
1.49992e-26
3.69076e-26
9.65451e-26
2.72673e-25
8.44579e-25
2.89144e-24
1.0855e-23
4.35662e-23
1.80475e-22
7.45524e-22
2.98853e-21
1.14242e-20
4.13679e-20
1.41845e-19
4.55591e-19
1.4229e-18
4.40757e-18
1.31951e-17
3.92352e-17
1.1312e-16
3.18509e-16
8.68724e-16
2.293e-15
5.85605e-15
1.4427e-14
3.43905e-14
7.96199e-14
1.78867e-13
3.91459e-13
8.39429e-13
1.74931e-12
3.56989e-12
7.15991e-12
1.40138e-11
2.70187e-11
5.07925e-11
9.41451e-11
1.69649e-10
3.031e-10
5.22148e-10
8.82734e-10
1.46345e-09
2.37981e-09
3.79301e-09
5.90978e-09
8.93664e-09
1.2857e-08
1.63992e-08
9.03044e-09
4.90669e-09
2.64218e-09
1.38476e-09
7.2031e-10
3.6948e-10
1.86735e-10
9.09198e-11
4.15252e-11
1.75998e-11
6.90271e-12
2.4928e-12
8.21326e-13
2.43742e-13
6.44029e-14
1.49262e-14
2.84856e-15
4.62312e-16
6.40125e-17
7.67368e-18
8.15886e-19
7.9141e-20
7.19248e-21
6.25717e-22
5.29182e-23
4.39585e-24
3.61118e-25
2.9492e-26
2.41104e-27
2.00544e-28
1.77583e-29
1.86053e-30
2.64139e-31
5.11518e-32
1.1815e-32
2.8984e-33
7.12554e-34
1.69404e-34
3.7152e-35
6.77875e-36
6.41634e-37
3.28693e-30
1.27548e-29
2.74618e-29
5.18477e-29
9.41605e-29
1.71811e-28
3.23538e-28
6.39e-28
1.33273e-27
2.88453e-27
6.47832e-27
1.51814e-26
3.74127e-26
9.80931e-26
2.7793e-25
8.64427e-25
2.9738e-24
1.12215e-23
4.52501e-23
1.88167e-22
7.79337e-22
3.12792e-21
1.19443e-20
4.30373e-20
1.46599e-19
4.67916e-19
1.45264e-18
4.47656e-18
1.33449e-17
3.9528e-17
1.13538e-16
3.18721e-16
8.66272e-16
2.27979e-15
5.79913e-15
1.42343e-14
3.38174e-14
7.80451e-14
1.74806e-13
3.81489e-13
8.16007e-13
1.69632e-12
3.45355e-12
6.90891e-12
1.34943e-11
2.59764e-11
4.87032e-11
9.02311e-11
1.62054e-10
2.88655e-10
4.95951e-10
8.36133e-10
1.3817e-09
2.23669e-09
3.54431e-09
5.48229e-09
8.21331e-09
1.16722e-08
1.46568e-08
8.28353e-09
4.5583e-09
2.48564e-09
1.31823e-09
6.93557e-10
3.59774e-10
1.84446e-10
9.14894e-11
4.27068e-11
1.84093e-11
7.35584e-12
2.70416e-12
9.07901e-13
2.74701e-13
7.41114e-14
1.76637e-14
3.46421e-15
5.77413e-16
8.19082e-17
1.00191e-17
1.08176e-18
1.06064e-19
9.7067e-21
8.48053e-22
7.18995e-23
5.98068e-24
4.91607e-25
4.01447e-26
3.27719e-27
2.71162e-28
2.36275e-29
2.38046e-30
3.18443e-31
5.8763e-32
1.32531e-32
3.21974e-33
7.88091e-34
1.86892e-34
4.09194e-35
7.45879e-36
7.05826e-37
3.30675e-30
1.28319e-29
2.76291e-29
5.21691e-29
9.47635e-29
1.72971e-28
3.25896e-28
6.44173e-28
1.34507e-27
2.91612e-27
6.5589e-27
1.53957e-26
3.80101e-26
9.99589e-26
2.84374e-25
8.88932e-25
3.07482e-24
1.16607e-23
4.71924e-23
1.96602e-22
8.14281e-22
3.2633e-21
1.24299e-20
4.47105e-20
1.51934e-19
4.83316e-19
1.49403e-18
4.57261e-18
1.35575e-17
3.99756e-17
1.14349e-16
3.19864e-16
8.6609e-16
2.27106e-15
5.74793e-15
1.4049e-14
3.3242e-14
7.64182e-14
1.70557e-13
3.70984e-13
7.90934e-13
1.63945e-12
3.32808e-12
6.63622e-12
1.29294e-11
2.48379e-11
4.64522e-11
8.58409e-11
1.53691e-10
2.72689e-10
4.664e-10
7.82496e-10
1.28588e-09
2.06896e-09
3.25301e-09
4.98706e-09
7.39088e-09
1.03595e-08
1.27731e-08
7.52123e-09
4.17623e-09
2.29603e-09
1.229e-09
6.53335e-10
3.42695e-10
1.78257e-10
9.0204e-11
4.31408e-11
1.87739e-11
7.64e-12
2.85994e-12
9.80974e-13
3.04174e-13
8.42305e-14
1.99165e-14
4.19772e-15
7.19887e-16
1.0478e-16
1.30926e-17
1.43631e-18
1.42349e-19
1.31129e-20
1.14968e-21
9.76242e-23
8.12343e-24
6.6748e-25
5.44512e-26
4.43576e-27
3.65124e-28
3.1365e-29
3.052e-30
3.85546e-31
6.75508e-32
1.48232e-32
3.56204e-33
8.68265e-34
2.05545e-34
4.49642e-35
8.19226e-36
7.75181e-37
3.32157e-30
1.28898e-29
2.77553e-29
5.24127e-29
9.52214e-29
1.73852e-28
3.27689e-28
6.4812e-28
1.35455e-27
2.93978e-27
6.62635e-27
1.56062e-26
3.87169e-26
1.0231e-25
2.92616e-25
9.19812e-25
3.20294e-24
1.22225e-23
4.96962e-23
2.07543e-22
8.59799e-22
3.43994e-21
1.30801e-20
4.68314e-20
1.58223e-19
5.00853e-19
1.54027e-18
4.68772e-18
1.3844e-17
4.06346e-17
1.15767e-16
3.22554e-16
8.69882e-16
2.2714e-15
5.71733e-15
1.39057e-14
3.27541e-14
7.49597e-14
1.66637e-13
3.61078e-13
7.66939e-13
1.58428e-12
3.20686e-12
6.37568e-12
1.23823e-11
2.37244e-11
4.42265e-11
8.14593e-11
1.45448e-10
2.57228e-10
4.3849e-10
7.32752e-10
1.19819e-09
1.917e-09
2.99871e-09
4.56633e-09
6.71367e-09
9.32665e-09
1.1394e-08
7.14556e-09
3.97735e-09
2.19135e-09
1.18933e-09
6.35351e-10
3.3408e-10
1.75119e-10
8.98419e-11
4.37528e-11
1.92365e-11
7.95494e-12
3.03092e-12
1.0555e-12
3.33403e-13
9.46736e-14
2.26359e-14
4.88689e-15
8.61637e-16
1.28766e-16
1.64619e-17
1.83854e-18
1.84538e-19
1.71391e-20
1.51002e-21
1.28565e-22
1.07118e-23
8.80541e-25
7.18167e-26
5.84379e-27
4.79357e-28
4.07561e-29
3.86097e-30
4.64688e-31
7.7553e-32
1.65784e-32
3.9399e-33
9.55709e-34
2.25614e-34
4.92536e-35
8.95986e-36
8.47184e-37
3.32774e-30
1.29129e-29
2.78003e-29
5.24854e-29
9.53266e-29
1.73992e-28
3.27878e-28
6.48483e-28
1.35585e-27
2.9441e-27
6.64463e-27
1.56825e-26
3.90214e-26
1.03614e-25
2.984e-25
9.46664e-25
3.32533e-24
1.28051e-23
5.24999e-23
2.20683e-22
9.17965e-22
3.67762e-21
1.39481e-20
4.95879e-20
1.66478e-19
5.23471e-19
1.59876e-18
4.83899e-18
1.42186e-17
4.15142e-17
1.17902e-16
3.27312e-16
8.79598e-16
2.2833e-15
5.71771e-15
1.38407e-14
3.24566e-14
7.39478e-14
1.63767e-13
3.53589e-13
7.48398e-13
1.54121e-12
3.10986e-12
6.1611e-12
1.19461e-11
2.28454e-11
4.2466e-11
7.80098e-11
1.38806e-10
2.44823e-10
4.1653e-10
6.93438e-10
1.13071e-09
1.80381e-09
2.81281e-09
4.27153e-09
6.26392e-09
8.67813e-09
1.0617e-08
7.22405e-09
4.00569e-09
2.20182e-09
1.19479e-09
6.38757e-10
3.35556e-10
1.7626e-10
9.10522e-11
4.4854e-11
1.99528e-11
8.35565e-12
3.2189e-12
1.13823e-12
3.64717e-13
1.04608e-13
2.63657e-14
5.78495e-15
1.04311e-15
1.59257e-16
2.07339e-17
2.34735e-18
2.3768e-19
2.21779e-20
1.95736e-21
1.66631e-22
1.38668e-23
1.13785e-24
9.26091e-26
7.54537e-27
6.18291e-28
5.21884e-29
4.83339e-30
5.55619e-31
8.79302e-32
1.80918e-32
4.22246e-33
1.01637e-33
2.3911e-34
5.21309e-35
9.48032e-36
8.96489e-37
3.3354e-30
1.29429e-29
2.78641e-29
5.25994e-29
9.55157e-29
1.74302e-28
3.28413e-28
6.49551e-28
1.35854e-27
2.95085e-27
6.66777e-27
1.57724e-26
3.93857e-26
1.05154e-25
3.05235e-25
9.7861e-25
3.48157e-24
1.35564e-23
5.60171e-23
2.36423e-22
9.83966e-22
3.93259e-21
1.48508e-20
5.27825e-20
1.76174e-19
5.50631e-19
1.67096e-18
5.01762e-18
1.46628e-17
4.25443e-17
1.20286e-16
3.32533e-16
8.90529e-16
2.30044e-15
5.73744e-15
1.38382e-14
3.2344e-14
7.34451e-14
1.62221e-13
3.4938e-13
7.37691e-13
1.51603e-12
3.05314e-12
6.03487e-12
1.16757e-11
2.2287e-11
4.13765e-11
7.58738e-11
1.34855e-10
2.375e-10
4.03768e-10
6.71425e-10
1.09333e-09
1.74224e-09
2.71354e-09
4.11729e-09
6.03702e-09
8.37968e-09
1.03179e-08
7.49319e-09
4.13069e-09
2.25998e-09
1.22235e-09
6.5211e-10
3.41712e-10
1.793e-10
9.28496e-11
4.59731e-11
2.06123e-11
8.69638e-12
3.38199e-12
1.20545e-12
3.90378e-13
1.133e-13
2.90429e-14
6.53194e-15
1.20696e-15
1.88855e-16
2.51489e-17
2.90089e-18
2.97812e-19
2.80434e-20
2.48835e-21
2.12409e-22
1.76932e-23
1.45153e-24
1.17997e-25
9.5264e-27
7.7281e-28
6.42977e-29
5.79816e-30
6.36326e-31
9.56306e-32
1.9075e-32
4.39565e-33
1.05376e-33
2.47752e-34
5.40109e-35
9.82063e-36
9.28679e-37
)
;

boundaryField
{
    fuel
    {
        type            fixedValue;
        value           uniform 0;
    }
    air
    {
        type            fixedValue;
        value           uniform 0;
    }
    outlet
    {
        type            inletOutlet;
        inletValue      uniform 0;
        value           nonuniform List<scalar> 
200
(
3.33726e-30
1.29501e-29
2.78796e-29
5.26282e-29
9.55659e-29
1.74387e-28
3.28556e-28
6.49792e-28
1.35895e-27
2.95155e-27
6.66894e-27
1.57743e-26
3.93882e-26
1.05156e-25
3.05226e-25
9.78552e-25
3.48129e-24
1.35553e-23
5.60129e-23
2.36408e-22
9.83921e-22
3.93247e-21
1.48505e-20
5.2782e-20
1.76174e-19
5.50635e-19
1.67099e-18
5.01773e-18
1.46631e-17
4.25453e-17
1.20288e-16
3.32538e-16
8.90535e-16
2.30043e-15
5.73732e-15
1.38376e-14
3.23418e-14
7.34376e-14
1.62198e-13
3.4931e-13
7.37492e-13
1.51548e-12
3.05166e-12
6.03091e-12
1.16705e-11
2.22857e-11
4.13774e-11
7.58767e-11
1.3486e-10
2.37511e-10
4.03787e-10
6.71457e-10
1.09339e-09
1.74233e-09
2.71369e-09
4.11754e-09
6.03737e-09
8.38012e-09
1.03181e-08
7.49161e-09
4.12986e-09
2.25955e-09
1.22212e-09
6.51992e-10
3.41651e-10
1.79272e-10
9.28364e-11
4.59669e-11
2.06096e-11
8.69517e-12
3.38147e-12
1.2052e-12
3.90206e-13
1.13248e-13
2.90296e-14
6.52897e-15
1.20641e-15
1.88768e-16
2.5137e-17
2.89948e-18
2.97663e-19
2.80291e-20
2.48706e-21
2.12298e-22
1.76839e-23
1.45077e-24
1.17935e-25
9.52144e-27
7.72411e-28
6.42653e-29
5.79543e-30
6.36074e-31
9.56024e-32
1.90709e-32
4.39492e-33
1.0536e-33
2.47714e-34
5.40029e-35
9.81925e-36
9.28554e-37
3.3354e-30
1.29429e-29
2.78641e-29
5.25994e-29
9.55157e-29
1.74302e-28
3.28413e-28
6.49551e-28
1.35854e-27
2.95085e-27
6.66777e-27
1.57724e-26
3.93857e-26
1.05154e-25
3.05235e-25
9.7861e-25
3.48157e-24
1.35564e-23
5.60171e-23
2.36423e-22
9.83966e-22
3.93259e-21
1.48508e-20
5.27825e-20
1.76174e-19
5.50631e-19
1.67096e-18
5.01762e-18
1.46628e-17
4.25443e-17
1.20286e-16
3.32533e-16
8.90529e-16
2.30044e-15
5.73744e-15
1.38382e-14
3.2344e-14
7.34451e-14
1.62221e-13
3.4938e-13
7.37691e-13
1.51603e-12
3.05314e-12
6.03487e-12
1.16757e-11
2.2287e-11
4.13765e-11
7.58738e-11
1.34855e-10
2.375e-10
4.03768e-10
6.71425e-10
1.09333e-09
1.74224e-09
2.71354e-09
4.11729e-09
6.03702e-09
8.37968e-09
1.03179e-08
7.49319e-09
4.13069e-09
2.25998e-09
1.22235e-09
6.5211e-10
3.41712e-10
1.793e-10
9.28496e-11
4.59731e-11
2.06123e-11
8.69638e-12
3.38199e-12
1.20545e-12
3.90378e-13
1.133e-13
2.90429e-14
6.53194e-15
1.20696e-15
1.88855e-16
2.51489e-17
2.90089e-18
2.97812e-19
2.80434e-20
2.48835e-21
2.12409e-22
1.76932e-23
1.45153e-24
1.17997e-25
9.5264e-27
7.7281e-28
6.42977e-29
5.79816e-30
6.36326e-31
9.56306e-32
1.9075e-32
4.39565e-33
1.05376e-33
2.47752e-34
5.40109e-35
9.82063e-36
9.28679e-37
)
;
    }
    frontAndBack
    {
        type            empty;
    }
    internal
    {
        type            internal;
    }
}


// ************************************************************************* //
