/*--------------------------------*- C++ -*----------------------------------*\
  =========                 |
  \\      /  F ield         | OpenFOAM: The Open Source CFD Toolbox
   \\    /   O peration     | Website:  https://openfoam.org
    \\  /    A nd           | Version:  10
     \\/     M anipulation  |
\*---------------------------------------------------------------------------*/
FoamFile
{
    format      ascii;
    class       volScalarField;
    location    "1";
    object      H2;
}
// * * * * * * * * * * * * * * * * * * * * * * * * * * * * * * * * * * * * * //

dimensions      [0 0 0 0 0 0 0];

internalField   nonuniform List<scalar> 
4000
(
3.59767e-08
1.39386e-07
2.97136e-07
5.46241e-07
9.39303e-07
1.55744e-06
2.52547e-06
4.03381e-06
6.37017e-06
9.84488e-06
1.49471e-05
2.23912e-05
3.31471e-05
4.84786e-05
6.99712e-05
9.95242e-05
0.00013925
0.000191314
0.000257705
0.000339981
0.000439046
0.000554991
0.000687076
0.000834698
0.000995242
0.00116299
0.00133952
0.00152555
0.00171331
0.001905
0.00209541
0.00228514
0.00247192
0.00265367
0.00282943
0.00299851
0.00316043
0.00331501
0.00346186
0.00360105
0.0037336
0.0038577
0.00397455
0.00408466
0.00418759
0.00428495
0.00437405
0.0044572
0.00452986
0.00459221
0.0046355
0.00465238
0.00463014
0.0045517
0.00439681
0.0041445
0.00377722
0.00328681
0.00268246
0.00198729
0.00136784
0.000892122
0.000557046
0.000334579
0.000192376
0.000106901
5.72421e-05
2.98717e-05
1.55192e-05
9.12205e-06
6.19384e-06
4.65057e-06
3.65744e-06
2.90522e-06
2.28244e-06
1.75308e-06
1.2857e-06
9.04277e-07
6.07493e-07
3.89558e-07
2.39155e-07
1.4136e-07
8.09915e-08
4.52636e-08
2.48023e-08
1.33769e-08
7.12091e-09
3.74762e-09
1.95706e-09
1.0149e-09
5.23055e-10
2.68049e-10
1.36614e-10
6.92053e-11
3.47807e-11
1.72565e-11
8.35623e-12
3.84226e-12
1.55401e-12
3.5781e-13
3.59845e-08
1.3942e-07
2.97239e-07
5.46548e-07
9.40089e-07
1.55917e-06
2.52881e-06
4.03947e-06
6.37838e-06
9.85754e-06
1.4961e-05
2.23971e-05
3.31252e-05
4.83886e-05
6.97393e-05
9.90224e-05
0.000138258
0.000189597
0.00025504
0.000336187
0.000434029
0.000548825
0.0006801
0.000825765
0.000984831
0.00115127
0.00132667
0.00151241
0.00169982
0.00189189
0.00208316
0.00227394
0.00246139
0.00264412
0.00282071
0.00299053
0.00315315
0.00330845
0.00345588
0.0035956
0.00372864
0.00385312
0.00397028
0.00408073
0.00418366
0.00428109
0.00437036
0.00445346
0.00452608
0.00458822
0.00463094
0.00464711
0.00462358
0.00454309
0.00438505
0.00412839
0.00375574
0.00325984
0.00265025
0.00195371
0.00133922
0.000870359
0.000541566
0.000324075
0.000185716
0.000102786
5.47781e-05
2.85444e-05
1.48977e-05
8.86675e-06
6.08266e-06
4.59194e-06
3.61358e-06
2.864e-06
2.23849e-06
1.70691e-06
1.2441e-06
8.69524e-07
5.80864e-07
3.70959e-07
2.27302e-07
1.34416e-07
7.72062e-08
4.33209e-08
2.38544e-08
1.29357e-08
6.92787e-09
3.67364e-09
1.92751e-09
1.00251e-09
5.17559e-10
2.65464e-10
1.35318e-10
6.85002e-11
3.44084e-11
1.70631e-11
8.25792e-12
3.79595e-12
1.53518e-12
3.53442e-13
3.60563e-08
1.39712e-07
2.9792e-07
5.4793e-07
9.42688e-07
1.56376e-06
2.5364e-06
4.05111e-06
6.39445e-06
9.87926e-06
1.4985e-05
2.24144e-05
3.31202e-05
4.83236e-05
6.95472e-05
9.8584e-05
0.000137468
0.000188293
0.000253
0.000333146
0.000429689
0.000542862
0.00067245
0.000817056
0.000975019
0.00114056
0.00131555
0.00150048
0.00168746
0.00187966
0.00207041
0.00226083
0.00244814
0.00263156
0.00280894
0.00297956
0.00314296
0.00329912
0.00344728
0.00358767
0.00372137
0.0038464
0.00396396
0.00407471
0.0041781
0.00427569
0.00436501
0.00444808
0.00452036
0.00458203
0.00462396
0.00463867
0.00461292
0.00452894
0.00436569
0.0041021
0.00372085
0.00321507
0.00259667
0.00189887
0.00129291
0.000835412
0.000516629
0.000307277
0.000175311
9.64346e-05
5.112e-05
2.65699e-05
1.4008e-05
8.49786e-06
5.92624e-06
4.50471e-06
3.55253e-06
2.81566e-06
2.17765e-06
1.65647e-06
1.20078e-06
8.35056e-07
5.55663e-07
3.54026e-07
2.16772e-07
1.2828e-07
7.38086e-08
4.15103e-08
2.29156e-08
1.24569e-08
6.68391e-09
3.54644e-09
1.86357e-09
9.71023e-10
5.02224e-10
2.58055e-10
1.31799e-10
6.69105e-11
3.3663e-11
1.67067e-11
8.08839e-12
3.71806e-12
1.50345e-12
3.46071e-13
3.60557e-08
1.39709e-07
2.97915e-07
5.47913e-07
9.42607e-07
1.56343e-06
2.53531e-06
4.04802e-06
6.38667e-06
9.86338e-06
1.49502e-05
2.2339e-05
3.29617e-05
4.80345e-05
6.90628e-05
9.78332e-05
0.000136334
0.000186636
0.000250673
0.000330019
0.000425685
0.000537992
0.00066639
0.000809993
0.000967189
0.00113181
0.00130596
0.00149028
0.00167626
0.00186766
0.00205785
0.00224793
0.00243518
0.00261883
0.00279704
0.00296832
0.00313245
0.00328939
0.00343824
0.00357926
0.00371354
0.00383901
0.00395703
0.0040684
0.004172
0.00426961
0.0043589
0.00444175
0.00451378
0.00457491
0.0046159
0.00462897
0.00460035
0.0045118
0.00434218
0.00406963
0.00367716
0.0031593
0.00253049
0.00183297
0.0012388
0.000796607
0.000485804
0.000287157
0.000163044
8.90483e-05
4.69042e-05
2.43462e-05
1.30802e-05
8.11242e-06
5.74697e-06
4.40301e-06
3.47629e-06
2.74502e-06
2.11896e-06
1.60332e-06
1.15335e-06
7.96509e-07
5.26935e-07
3.34292e-07
2.04175e-07
1.20723e-07
6.94967e-08
3.91438e-08
2.16549e-08
1.18006e-08
6.34819e-09
3.37702e-09
1.77891e-09
9.28996e-10
4.81432e-10
2.47765e-10
1.26676e-10
6.43206e-11
3.23764e-11
1.60791e-11
7.79033e-12
3.58363e-12
1.44998e-12
3.33887e-13
3.59962e-08
1.39478e-07
2.97419e-07
5.46978e-07
9.40917e-07
1.56039e-06
2.52977e-06
4.03775e-06
6.36746e-06
9.82706e-06
1.48867e-05
2.2233e-05
3.27945e-05
4.77704e-05
6.86502e-05
9.72009e-05
0.000135391
0.000185275
0.000248782
0.000327497
0.000422465
0.000534063
0.000661815
0.000804458
0.000960413
0.00112364
0.00129613
0.00147983
0.00166545
0.00185645
0.00204634
0.00223617
0.00242338
0.00260705
0.00278568
0.00295784
0.00312272
0.00328039
0.00342988
0.00357151
0.00370634
0.00383229
0.00395069
0.00406237
0.00416611
0.00426369
0.00435295
0.00443561
0.00450731
0.00456778
0.00460754
0.00461857
0.00458663
0.00449302
0.0043158
0.00403306
0.00362807
0.00309679
0.00245649
0.00175956
0.00117873
0.000751407
0.000454468
0.000266501
0.000150401
8.1571e-05
4.26951e-05
2.20802e-05
1.21585e-05
7.73042e-06
5.56889e-06
4.29528e-06
3.38959e-06
2.67121e-06
2.06887e-06
1.53644e-06
1.10017e-06
7.56336e-07
4.98465e-07
3.15417e-07
1.92415e-07
1.13773e-07
6.55582e-08
3.69825e-08
2.04975e-08
1.11921e-08
6.03279e-09
3.21529e-09
1.69665e-09
8.87406e-10
4.60483e-10
2.37234e-10
1.2139e-10
6.16735e-11
3.10582e-11
1.54303e-11
7.47846e-12
3.44112e-12
1.3926e-12
3.20688e-13
3.58815e-08
1.39035e-07
2.96471e-07
5.45215e-07
9.37816e-07
1.55505e-06
2.5206e-06
4.0218e-06
6.34042e-06
9.78298e-06
1.48177e-05
2.21294e-05
3.26379e-05
4.75318e-05
6.82891e-05
9.66617e-05
0.000134601
0.000184138
0.000247173
0.000325261
0.000419411
0.000529912
0.000656315
0.000797906
0.000953188
0.00111592
0.00128814
0.00147133
0.00165634
0.00184685
0.00203649
0.00222611
0.00241347
0.00259733
0.00277656
0.00294914
0.00311453
0.00327271
0.00342268
0.00356473
0.00370001
0.00382635
0.00394503
0.00405698
0.00416079
0.00425818
0.00434727
0.00442934
0.00450055
0.0045602
0.00459867
0.00460762
0.00457231
0.00447329
0.00428808
0.00399448
0.00357606
0.00303021
0.00237685
0.00168566
0.00112075
0.000710049
0.000426921
0.000248797
0.000139365
7.50156e-05
3.9001e-05
2.02098e-05
1.13516e-05
7.38181e-06
5.39563e-06
4.18432e-06
3.30573e-06
2.59854e-06
2.0015e-06
1.47852e-06
1.05293e-06
7.20164e-07
4.72567e-07
2.98066e-07
1.81471e-07
1.07214e-07
6.17851e-08
3.4881e-08
1.93563e-08
1.05847e-08
5.71464e-09
3.0508e-09
1.61249e-09
8.44681e-10
4.38901e-10
2.26333e-10
1.15892e-10
5.89184e-11
2.96893e-11
1.4761e-11
7.15949e-12
3.29642e-12
1.33455e-12
3.07351e-13
3.57127e-08
1.38378e-07
2.95053e-07
5.42569e-07
9.33198e-07
1.54733e-06
2.50816e-06
4.00261e-06
6.30988e-06
9.7331e-06
1.47406e-05
2.20077e-05
3.2449e-05
4.72451e-05
6.78625e-05
9.60398e-05
0.000133716
0.000182905
0.000245498
0.000323035
0.000416634
0.000526524
0.000652381
0.000793281
0.000947835
0.00110988
0.00128131
0.00146395
0.00164859
0.00183879
0.00202811
0.00221737
0.00240566
0.00258953
0.00276893
0.00294197
0.00310783
0.00326651
0.00341688
0.00355926
0.00369476
0.00382137
0.00394033
0.00405256
0.00415652
0.0042532
0.0043423
0.00442372
0.00449451
0.00455343
0.00459064
0.00459742
0.00455851
0.00445391
0.00426058
0.00395599
0.00352401
0.00296343
0.00229664
0.00161482
0.00106644
0.000671573
0.0004016
0.000232602
0.000129585
6.94201e-05
3.6151e-05
1.85003e-05
1.06258e-05
7.06521e-06
5.2329e-06
4.07694e-06
3.22068e-06
2.5228e-06
1.93838e-06
1.42475e-06
1.0095e-06
6.8722e-07
4.49196e-07
2.82527e-07
1.71725e-07
1.01391e-07
5.84391e-08
3.30148e-08
1.83392e-08
1.00404e-08
5.42757e-09
2.90124e-09
1.5354e-09
8.05365e-10
4.19112e-10
2.1657e-10
1.11128e-10
5.65775e-11
2.85222e-11
1.41818e-11
6.87812e-12
3.16661e-12
1.28194e-12
2.95227e-13
3.55287e-08
1.37662e-07
2.93509e-07
5.39668e-07
9.28064e-07
1.5385e-06
2.49317e-06
3.97734e-06
6.26864e-06
9.66647e-06
1.4627e-05
2.18262e-05
3.2169e-05
4.68241e-05
6.7245e-05
9.51578e-05
0.000132493
0.000181262
0.000243366
0.000320376
0.000413349
0.00052267
0.000648125
0.000788717
0.000942657
0.00110388
0.00127492
0.00145713
0.00164132
0.00183121
0.00202111
0.00221048
0.00239908
0.00258313
0.00276273
0.00293615
0.00310238
0.00326119
0.00341199
0.00355509
0.00369007
0.00381708
0.0039363
0.0040486
0.00415266
0.00424928
0.00433832
0.00441905
0.00448948
0.00454764
0.00458351
0.00458809
0.00454564
0.0044356
0.00423442
0.00391929
0.00347444
0.00290015
0.0022212
0.00154965
0.00101686
0.000636745
0.000379
0.000218393
0.000120929
6.44442e-05
3.34392e-05
1.71753e-05
1.00586e-05
6.81198e-06
5.09249e-06
3.98247e-06
3.14519e-06
2.45699e-06
1.87833e-06
1.37431e-06
9.6946e-07
6.57354e-07
4.28311e-07
2.68813e-07
1.63202e-07
9.63263e-08
5.55321e-08
3.13907e-08
1.74506e-08
9.56219e-09
5.17373e-09
2.768e-09
1.46612e-09
7.69599e-10
4.0073e-10
2.07132e-10
1.06322e-10
5.41814e-11
2.73644e-11
1.36234e-11
6.61139e-12
3.04447e-12
1.23262e-12
2.83881e-13
3.53636e-08
1.37023e-07
2.92141e-07
5.37131e-07
9.23638e-07
1.53101e-06
2.48073e-06
3.95689e-06
6.23552e-06
9.60861e-06
1.45368e-05
2.16886e-05
3.19641e-05
4.65251e-05
6.68162e-05
9.45546e-05
0.000131666
0.000180158
0.000241938
0.000318648
0.000411183
0.000520177
0.000645063
0.000784901
0.000938516
0.00109952
0.00127016
0.00145186
0.00163575
0.0018251
0.00201647
0.00220547
0.00239404
0.00257814
0.00275786
0.00293159
0.00309812
0.0032571
0.0034082
0.00355164
0.0036867
0.00381379
0.00393301
0.00404536
0.00414937
0.00424592
0.0043347
0.00441501
0.00448499
0.0045424
0.00457716
0.00457974
0.00453399
0.00441885
0.00421035
0.00388555
0.00342914
0.00284301
0.00215446
0.00149247
0.000973854
0.00060669
0.0003602
0.000206497
0.000113749
6.02981e-05
3.12236e-05
1.61405e-05
9.6102e-06
6.6044e-06
4.97777e-06
3.90579e-06
3.08904e-06
2.38454e-06
1.82143e-06
1.32999e-06
9.35976e-07
6.33163e-07
4.11709e-07
2.5798e-07
1.5645e-07
9.2278e-08
5.31802e-08
3.00587e-08
1.67117e-08
9.15918e-09
4.95711e-09
2.65303e-09
1.40575e-09
7.38173e-10
3.84473e-10
1.98755e-10
1.02041e-10
5.20198e-11
2.62815e-11
1.30913e-11
6.35633e-12
2.9281e-12
1.18572e-12
2.73108e-13
3.52266e-08
1.36498e-07
2.91033e-07
5.35109e-07
9.20168e-07
1.52523e-06
2.47121e-06
3.94121e-06
6.20933e-06
9.56448e-06
1.44657e-05
2.15776e-05
3.17949e-05
4.6274e-05
6.64542e-05
9.40463e-05
0.000130968
0.00017922
0.00024071
0.000317031
0.000409309
0.000517766
0.000642264
0.000781972
0.000935245
0.00109594
0.00126631
0.00144771
0.00163149
0.00182074
0.00201231
0.00220134
0.00239
0.00257417
0.00275399
0.0029279
0.00309485
0.00325403
0.00340532
0.00354903
0.00368419
0.00381133
0.00393063
0.00404298
0.00414695
0.00424336
0.00433198
0.00441202
0.00448158
0.00453826
0.00457183
0.00457246
0.00452361
0.00440386
0.00418877
0.00385536
0.00338884
0.00279249
0.00209578
0.00144233
0.000935843
0.000579694
0.000343783
0.000196198
0.000107586
5.67962e-05
2.93655e-05
1.53175e-05
9.2575e-06
6.43882e-06
4.88222e-06
3.83732e-06
3.03203e-06
2.3349e-06
1.77901e-06
1.29518e-06
9.08718e-07
6.12912e-07
3.97477e-07
2.48504e-07
1.50442e-07
8.86262e-08
5.10364e-08
2.8835e-08
1.60291e-08
8.7856e-09
4.75594e-09
2.54616e-09
1.34961e-09
7.0895e-10
3.69341e-10
1.90943e-10
9.80356e-11
4.99798e-11
2.52557e-11
1.25852e-11
6.11356e-12
2.81749e-12
1.14126e-12
2.6292e-13
3.50891e-08
1.35965e-07
2.89892e-07
5.32998e-07
9.16521e-07
1.51918e-06
2.4615e-06
3.92614e-06
6.18696e-06
9.52912e-06
1.44111e-05
2.1494e-05
3.16645e-05
4.60747e-05
6.61574e-05
9.36214e-05
0.000130385
0.000178446
0.000239735
0.000315767
0.000407642
0.000515811
0.000640043
0.000779395
0.000932498
0.001093
0.00126322
0.00144441
0.00162812
0.00181729
0.00200893
0.00219802
0.00238684
0.00257114
0.00275112
0.00292527
0.00309248
0.0032518
0.00340323
0.00354715
0.00368241
0.00380964
0.00392897
0.00404129
0.0041452
0.00424151
0.00432997
0.00440976
0.00447892
0.00453489
0.0045674
0.00456632
0.00451474
0.00439082
0.00416998
0.00382926
0.00335468
0.00275147
0.00204083
0.00139707
0.00090281
0.000557089
0.000329966
0.00018703
0.000102198
5.37766e-05
2.77682e-05
1.46453e-05
8.96804e-06
6.3001e-06
4.80038e-06
3.77846e-06
2.98392e-06
2.29784e-06
1.74643e-06
1.26761e-06
8.86507e-07
5.95943e-07
3.85282e-07
2.40267e-07
1.45181e-07
8.54162e-08
4.91474e-08
2.7755e-08
1.54256e-08
8.45485e-09
4.57753e-09
2.45123e-09
1.29972e-09
6.83093e-10
3.56207e-10
1.84421e-10
9.48216e-11
4.83807e-11
2.44463e-11
1.21768e-11
5.91307e-12
2.72447e-12
1.10343e-12
2.54194e-13
3.49691e-08
1.35502e-07
2.88906e-07
5.31182e-07
9.13386e-07
1.51396e-06
2.45296e-06
3.91233e-06
6.16329e-06
9.49041e-06
1.43521e-05
2.14092e-05
3.15499e-05
4.5915e-05
6.59291e-05
9.32836e-05
0.000129903
0.000177796
0.000238858
0.000314707
0.000406349
0.000514293
0.000638338
0.000777482
0.000930367
0.00109068
0.00126077
0.0014418
0.00162547
0.00181458
0.00200629
0.00219545
0.00238437
0.00256882
0.00274895
0.00292327
0.00309069
0.00325015
0.00340169
0.00354574
0.00368108
0.00380837
0.00392774
0.00404004
0.0041439
0.00424013
0.00432845
0.00440802
0.00447682
0.00453214
0.00456365
0.00456094
0.00450678
0.00437907
0.00415293
0.00380554
0.00332316
0.00271239
0.00199904
0.00136163
0.000876357
0.000538809
0.000317977
0.000179886
9.79158e-05
5.13295e-05
2.6474e-05
1.41102e-05
8.73846e-06
6.18854e-06
4.7328e-06
3.72756e-06
2.94018e-06
2.26655e-06
1.71919e-06
1.24433e-06
8.67509e-07
5.81504e-07
3.75016e-07
2.33392e-07
1.40805e-07
8.27472e-08
4.75744e-08
2.68531e-08
1.49201e-08
8.17681e-09
4.42691e-09
2.37055e-09
1.25671e-09
6.60317e-10
3.44335e-10
1.78356e-10
9.17223e-11
4.68144e-11
2.36687e-11
1.17961e-11
5.73053e-12
2.641e-12
1.06976e-12
2.46451e-13
3.48675e-08
1.3511e-07
2.88072e-07
5.29648e-07
9.10742e-07
1.50956e-06
2.44579e-06
3.90085e-06
6.14353e-06
9.45761e-06
1.43005e-05
2.13306e-05
3.14321e-05
4.57479e-05
6.5703e-05
9.29963e-05
0.000129521
0.000177276
0.000238171
0.000313796
0.000405272
0.000513059
0.000636856
0.000775859
0.000928596
0.00108881
0.00125883
0.00143974
0.00162341
0.00181248
0.00200425
0.0021935
0.00238254
0.00256707
0.00274727
0.00292175
0.00308935
0.00324894
0.00340058
0.00354478
0.00368018
0.0038075
0.00392686
0.0040391
0.00414293
0.00423911
0.00432735
0.00440675
0.00447526
0.00452999
0.00456067
0.00455655
0.00450015
0.00436903
0.0041382
0.00378482
0.00329604
0.00267955
0.00196527
0.00133322
0.000855145
0.000524088
0.000308251
0.000174082
9.4442e-05
4.93657e-05
2.54379e-05
1.36894e-05
8.55659e-06
6.09931e-06
4.67665e-06
3.68477e-06
2.90346e-06
2.24041e-06
1.69545e-06
1.22407e-06
8.51166e-07
5.69103e-07
3.66184e-07
2.27465e-07
1.37029e-07
8.04423e-08
4.62156e-08
2.60742e-08
1.4484e-08
7.93746e-09
4.29808e-09
2.3027e-09
1.22206e-09
6.42902e-10
3.35412e-10
1.73723e-10
8.93393e-11
4.55944e-11
2.30464e-11
1.14844e-11
5.57856e-12
2.57078e-12
1.04125e-12
2.39876e-13
3.47832e-08
1.34784e-07
2.8738e-07
5.28379e-07
9.08561e-07
1.50594e-06
2.43995e-06
3.89156e-06
6.12732e-06
9.43058e-06
1.42581e-05
2.12665e-05
3.13374e-05
4.56109e-05
6.55084e-05
9.27237e-05
0.000129166
0.000176831
0.000237612
0.000313099
0.000404417
0.000512034
0.000635728
0.000774599
0.00092724
0.00108737
0.00125732
0.00143816
0.00162181
0.00181087
0.0020027
0.002192
0.00238111
0.00256574
0.00274607
0.00292067
0.00308842
0.00324809
0.00339981
0.00354409
0.00367952
0.00380686
0.00392623
0.00403843
0.00414224
0.00423841
0.0043267
0.00440598
0.00447423
0.00452845
0.00455838
0.00455301
0.00449463
0.0043606
0.00412573
0.0037674
0.00327321
0.00265197
0.00193741
0.00131009
0.000837986
0.000511914
0.000300186
0.000169105
9.14767e-05
4.76917e-05
2.45535e-05
1.33335e-05
8.40456e-06
6.02346e-06
4.62974e-06
3.64842e-06
2.87178e-06
2.21803e-06
1.67502e-06
1.20619e-06
8.3663e-07
5.5806e-07
3.58334e-07
2.22215e-07
1.33697e-07
7.84175e-08
4.50264e-08
2.53947e-08
1.41041e-08
7.72896e-09
4.18536e-09
2.24254e-09
1.19025e-09
6.2643e-10
3.27142e-10
1.69523e-10
8.71942e-11
4.44911e-11
2.249e-11
1.12081e-11
5.44476e-12
2.50923e-12
1.01634e-12
2.34139e-13
3.47139e-08
1.34517e-07
2.86813e-07
5.27338e-07
9.06775e-07
1.50299e-06
2.43517e-06
3.88401e-06
6.11411e-06
9.40858e-06
1.42237e-05
2.12146e-05
3.12613e-05
4.55014e-05
6.5354e-05
9.25108e-05
0.000128881
0.000176443
0.000237128
0.000312537
0.000403754
0.000511261
0.000634834
0.000773606
0.00092617
0.00108623
0.00125614
0.00143691
0.00162059
0.00180966
0.00200155
0.00219093
0.00238013
0.00256483
0.00274525
0.00291994
0.00308779
0.00324753
0.00339929
0.00354363
0.00367907
0.00380639
0.00392571
0.00403778
0.00414143
0.00423733
0.00432698
0.00440586
0.00447373
0.00452744
0.00455668
0.00455022
0.00449016
0.00435366
0.00411552
0.0037531
0.0032546
0.00262997
0.00191564
0.00129281
0.000826672
0.000499666
0.000292579
0.000164546
8.88537e-05
4.62504e-05
2.38127e-05
1.30409e-05
8.27728e-06
5.95958e-06
4.58932e-06
3.61761e-06
2.84511e-06
2.19896e-06
1.65562e-06
1.18885e-06
8.22676e-07
5.47661e-07
3.51091e-07
2.1746e-07
1.30727e-07
7.66351e-08
4.39902e-08
2.48071e-08
1.37776e-08
7.55046e-09
4.08901e-09
2.191e-09
1.16281e-09
6.11807e-10
3.19368e-10
1.65494e-10
8.51475e-11
4.34754e-11
2.19877e-11
1.09619e-11
5.32665e-12
2.45527e-12
9.9459e-13
2.2914e-13
3.46581e-08
1.34302e-07
2.86355e-07
5.26497e-07
9.05326e-07
1.50058e-06
2.43127e-06
3.87776e-06
6.10341e-06
9.39092e-06
1.41961e-05
2.11734e-05
3.12009e-05
4.54147e-05
6.5232e-05
9.23431e-05
0.00012865
0.000176148
0.000236748
0.000312064
0.000403206
0.000510629
0.000634124
0.000772827
0.000925339
0.00108537
0.00125526
0.001436
0.00161968
0.00180874
0.00200069
0.00219012
0.0023794
0.00256419
0.00274468
0.00291944
0.00308737
0.00324717
0.00339898
0.00354337
0.00367883
0.00380616
0.00392548
0.00403751
0.00414116
0.00423707
0.00432674
0.00440557
0.00447328
0.00452663
0.00455535
0.00454803
0.0044866
0.00434805
0.00410713
0.00374135
0.00323927
0.0026116
0.00189731
0.00127763
0.000815365
0.000491956
0.000287452
0.000161335
8.6941e-05
4.51774e-05
2.32559e-05
1.28219e-05
8.18226e-06
5.91158e-06
4.55944e-06
3.59592e-06
2.82877e-06
2.18924e-06
1.62771e-06
1.16943e-06
8.09003e-07
5.38259e-07
3.4484e-07
2.13465e-07
1.28269e-07
7.51707e-08
4.31416e-08
2.43263e-08
1.35103e-08
7.4042e-09
4.01013e-09
2.14896e-09
1.14061e-09
6.00176e-10
3.13322e-10
1.62376e-10
8.35532e-11
4.26682e-11
2.15833e-11
1.07621e-11
5.23028e-12
2.41108e-12
9.76741e-13
2.25024e-13
3.46151e-08
1.34136e-07
2.86003e-07
5.2585e-07
9.04215e-07
1.49874e-06
2.42829e-06
3.87305e-06
6.09522e-06
9.37731e-06
1.41749e-05
2.11416e-05
3.11545e-05
4.53483e-05
6.5139e-05
9.22159e-05
0.000128478
0.000175924
0.000236461
0.000311708
0.000402777
0.000510144
0.000633586
0.000772242
0.00092472
0.00108472
0.0012546
0.00143532
0.00161903
0.0018081
0.00200009
0.00218957
0.00237891
0.00256376
0.00274431
0.00291913
0.00308713
0.00324697
0.00339882
0.00354325
0.00367874
0.00380608
0.00392541
0.00403741
0.00414107
0.00423697
0.00432655
0.00440532
0.00447292
0.004526
0.00455431
0.0045463
0.00448377
0.00434361
0.00410047
0.00373195
0.0032269
0.00259665
0.00188241
0.00126532
0.000806218
0.000485985
0.000283573
0.000158925
8.55189e-05
4.43867e-05
2.28528e-05
1.26553e-05
8.11005e-06
5.87499e-06
4.53607e-06
3.57781e-06
2.81313e-06
2.17492e-06
1.61393e-06
1.15762e-06
7.99661e-07
5.3134e-07
3.40054e-07
2.10344e-07
1.2633e-07
7.40117e-08
4.24697e-08
2.39463e-08
1.32995e-08
7.28922e-09
3.94824e-09
2.11601e-09
1.12324e-09
5.91109e-10
3.08632e-10
1.59971e-10
8.23291e-11
4.20493e-11
2.12729e-11
1.06085e-11
5.15603e-12
2.37698e-12
9.6295e-13
2.2185e-13
3.4584e-08
1.34016e-07
2.85748e-07
5.25383e-07
9.03414e-07
1.49742e-06
2.42616e-06
3.86967e-06
6.08928e-06
9.3674e-06
1.41594e-05
2.11183e-05
3.11204e-05
4.52991e-05
6.50694e-05
9.21185e-05
0.000128349
0.000175755
0.000236253
0.000311454
0.000402474
0.00050979
0.00063319
0.000771819
0.000924277
0.00108427
0.00125415
0.00143486
0.00161858
0.00180767
0.0019997
0.00218921
0.0023786
0.00256349
0.00274409
0.00291895
0.003087
0.00324688
0.00339876
0.00354322
0.00367872
0.00380608
0.00392541
0.00403739
0.00414104
0.00423694
0.00432643
0.00440515
0.00447266
0.00452553
0.00455355
0.00454503
0.00448168
0.0043403
0.00409551
0.00372495
0.00321768
0.00258561
0.00187137
0.00125621
0.000799497
0.000481631
0.000280753
0.000157187
8.44943e-05
4.38191e-05
2.25694e-05
1.2532e-05
8.05702e-06
5.84815e-06
4.5188e-06
3.56422e-06
2.80131e-06
2.16426e-06
1.60439e-06
1.14965e-06
7.93366e-07
5.26661e-07
3.36784e-07
2.08184e-07
1.24971e-07
7.31911e-08
4.19898e-08
2.36729e-08
1.31471e-08
7.20574e-09
3.90326e-09
2.09216e-09
1.11078e-09
5.84649e-10
3.05299e-10
1.58257e-10
8.14522e-11
4.1604e-11
2.1049e-11
1.04974e-11
5.10226e-12
2.35225e-12
9.52945e-13
2.19546e-13
3.45643e-08
1.3394e-07
2.85587e-07
5.25088e-07
9.02908e-07
1.49658e-06
2.42481e-06
3.86753e-06
6.08551e-06
9.36108e-06
1.41495e-05
2.11035e-05
3.10986e-05
4.5268e-05
6.50256e-05
9.20584e-05
0.000128269
0.000175651
0.000236121
0.000311294
0.000402284
0.00050957
0.000632944
0.000771552
0.000923998
0.00108398
0.00125386
0.00143456
0.0016183
0.0018074
0.00199945
0.00218899
0.00237841
0.00256333
0.00274396
0.00291885
0.00308694
0.00324684
0.00339874
0.00354322
0.00367873
0.0038061
0.00392543
0.0040374
0.00414105
0.00423693
0.00432637
0.00440506
0.0044725
0.00452524
0.00455306
0.00454421
0.00448033
0.00433816
0.00409228
0.00372038
0.0032117
0.00257845
0.00186392
0.00125012
0.000795051
0.000478765
0.00027891
0.000156055
8.38317e-05
4.34543e-05
2.23876e-05
1.24527e-05
8.02284e-06
5.83078e-06
4.5076e-06
3.55545e-06
2.79369e-06
2.15744e-06
1.59841e-06
1.14461e-06
7.89412e-07
5.23737e-07
3.34737e-07
2.06823e-07
1.2411e-07
7.26679e-08
4.16826e-08
2.34972e-08
1.30488e-08
7.15177e-09
3.87407e-09
2.07656e-09
1.10251e-09
5.80325e-10
3.03062e-10
1.57112e-10
8.08708e-11
4.13107e-11
2.09022e-11
1.04248e-11
5.06722e-12
2.33616e-12
9.46441e-13
2.18049e-13
3.45549e-08
1.33904e-07
2.8551e-07
5.24947e-07
9.02667e-07
1.49618e-06
2.42417e-06
3.86652e-06
6.08372e-06
9.35806e-06
1.41448e-05
2.10964e-05
3.10882e-05
4.5253e-05
6.50046e-05
9.20297e-05
0.000128231
0.000175601
0.000236058
0.000311215
0.000402189
0.000509462
0.000632823
0.000771421
0.000923861
0.00108384
0.00125372
0.00143442
0.00161816
0.00180727
0.00199934
0.00218889
0.00237833
0.00256326
0.00274391
0.00291881
0.00308692
0.00324683
0.00339874
0.00354323
0.00367875
0.00380612
0.00392546
0.00403742
0.00414107
0.00423695
0.00432635
0.00440503
0.00447244
0.00452511
0.00455283
0.00454382
0.00447967
0.00433712
0.0040907
0.00371814
0.00320875
0.00257492
0.00186024
0.00124711
0.000792848
0.000477345
0.000278
0.000155497
8.35057e-05
4.32752e-05
2.2298e-05
1.24137e-05
8.00605e-06
5.82225e-06
4.50213e-06
3.55118e-06
2.79001e-06
2.15418e-06
1.59558e-06
1.14225e-06
7.8755e-07
5.22365e-07
3.3378e-07
2.06186e-07
1.23706e-07
7.24223e-08
4.15382e-08
2.34146e-08
1.30026e-08
7.12634e-09
3.86028e-09
2.06918e-09
1.0986e-09
5.78276e-10
3.01999e-10
1.56565e-10
8.0592e-11
4.11697e-11
2.08314e-11
1.03898e-11
5.05027e-12
2.32838e-12
9.4329e-13
2.17323e-13
3.45555e-08
1.33907e-07
2.85515e-07
5.24956e-07
9.02681e-07
1.4962e-06
2.4242e-06
3.86657e-06
6.08378e-06
9.35813e-06
1.41449e-05
2.10965e-05
3.10884e-05
4.52532e-05
6.50047e-05
9.20299e-05
0.000128231
0.000175601
0.000236058
0.000311215
0.00040219
0.000509462
0.000632824
0.000771421
0.000923861
0.00108384
0.00125372
0.00143442
0.00161816
0.00180727
0.00199934
0.0021889
0.00237833
0.00256327
0.00274392
0.00291882
0.00308693
0.00324684
0.00339875
0.00354325
0.00367877
0.00380614
0.00392548
0.00403744
0.00414109
0.00423697
0.00432638
0.00440505
0.00447246
0.00452514
0.00455286
0.00454385
0.0044797
0.00433714
0.00409073
0.00371817
0.00320877
0.00257493
0.00186025
0.00124712
0.000792853
0.000477351
0.000278004
0.000155499
8.35068e-05
4.32757e-05
2.22981e-05
1.24137e-05
8.00601e-06
5.82222e-06
4.50211e-06
3.55116e-06
2.79e-06
2.15418e-06
1.59558e-06
1.14225e-06
7.87552e-07
5.22368e-07
3.33782e-07
2.06188e-07
1.23707e-07
7.2423e-08
4.15386e-08
2.34149e-08
1.30027e-08
7.12642e-09
3.86033e-09
2.06921e-09
1.09862e-09
5.78286e-10
3.02005e-10
1.56569e-10
8.0594e-11
4.11708e-11
2.08321e-11
1.03902e-11
5.05049e-12
2.32849e-12
9.43338e-13
2.17335e-13
3.4566e-08
1.33947e-07
2.856e-07
5.25112e-07
9.02946e-07
1.49664e-06
2.4249e-06
3.86766e-06
6.08568e-06
9.36129e-06
1.41498e-05
2.11038e-05
3.1099e-05
4.52684e-05
6.5026e-05
9.20589e-05
0.00012827
0.000175651
0.000236122
0.000311295
0.000402285
0.000509571
0.000632945
0.000771553
0.000923999
0.00108398
0.00125386
0.00143457
0.0016183
0.0018074
0.00199946
0.00218901
0.00237843
0.00256335
0.00274398
0.00291887
0.00308697
0.00324687
0.00339877
0.00354326
0.00367877
0.00380615
0.00392548
0.00403746
0.00414111
0.004237
0.00432644
0.00440513
0.00447258
0.00452532
0.00455314
0.00454429
0.00448041
0.00433824
0.00409236
0.00372045
0.00321175
0.00257849
0.00186395
0.00125015
0.000795067
0.000478776
0.000278918
0.00015606
8.38345e-05
4.34556e-05
2.23877e-05
1.24528e-05
8.02283e-06
5.83073e-06
4.50756e-06
3.55542e-06
2.79367e-06
2.15743e-06
1.59841e-06
1.14461e-06
7.89419e-07
5.23744e-07
3.34743e-07
2.06827e-07
1.24112e-07
7.26698e-08
4.16838e-08
2.34979e-08
1.30493e-08
7.15203e-09
3.87422e-09
2.07665e-09
1.10256e-09
5.80354e-10
3.03079e-10
1.57121e-10
8.08762e-11
4.13139e-11
2.0904e-11
1.04259e-11
5.0678e-12
2.33646e-12
9.46572e-13
2.1808e-13
3.45867e-08
1.34027e-07
2.85769e-07
5.2542e-07
9.03473e-07
1.49751e-06
2.42629e-06
3.86986e-06
6.08953e-06
9.36771e-06
1.41598e-05
2.11188e-05
3.1121e-05
4.52999e-05
6.50703e-05
9.21196e-05
0.00012835
0.000175756
0.000236254
0.000311455
0.000402475
0.000509791
0.000633192
0.000771821
0.000924281
0.00108427
0.00125415
0.00143487
0.00161859
0.00180768
0.00199971
0.00218923
0.00237862
0.00256352
0.00274412
0.00291898
0.00308705
0.00324693
0.00339881
0.00354328
0.00367879
0.00380615
0.00392549
0.00403748
0.00414114
0.00423704
0.00432655
0.00440527
0.00447278
0.00452566
0.00455368
0.00454517
0.00448182
0.00434044
0.00409563
0.00372504
0.00321776
0.00258567
0.00187141
0.00125624
0.000799524
0.000481646
0.000280764
0.000157195
8.44988e-05
4.38217e-05
2.25708e-05
1.25325e-05
8.05717e-06
5.84816e-06
4.51877e-06
3.56419e-06
2.8013e-06
2.16426e-06
1.6044e-06
1.14967e-06
7.93384e-07
5.26677e-07
3.36796e-07
2.08192e-07
1.24977e-07
7.3195e-08
4.19922e-08
2.36743e-08
1.31479e-08
7.20621e-09
3.90352e-09
2.09232e-09
1.11086e-09
5.84699e-10
3.05328e-10
1.58274e-10
8.14618e-11
4.16094e-11
2.1052e-11
1.04991e-11
5.10318e-12
2.35271e-12
9.53144e-13
2.19594e-13
3.46186e-08
1.34149e-07
2.8603e-07
5.25897e-07
9.04291e-07
1.49886e-06
2.42847e-06
3.8733e-06
6.09555e-06
9.37774e-06
1.41755e-05
2.11423e-05
3.11554e-05
4.53494e-05
6.51403e-05
9.22174e-05
0.00012848
0.000175926
0.000236463
0.00031171
0.00040278
0.000510147
0.000633589
0.000772246
0.000924726
0.00108473
0.00125461
0.00143533
0.00161904
0.00180812
0.00200012
0.0021896
0.00237895
0.0025638
0.00274436
0.00291918
0.00308719
0.00324704
0.0033989
0.00354334
0.00367883
0.00380619
0.00392552
0.00403753
0.0041412
0.00423711
0.00432671
0.00440548
0.00447309
0.00452617
0.00455449
0.00454649
0.00448395
0.00434379
0.00410064
0.00373209
0.00322701
0.00259673
0.00188247
0.00126536
0.000806251
0.000486006
0.000283588
0.000158935
8.55253e-05
4.43904e-05
2.28547e-05
1.2656e-05
8.11023e-06
5.87502e-06
4.53605e-06
3.57778e-06
2.81312e-06
2.17493e-06
1.61395e-06
1.15765e-06
7.99686e-07
5.31362e-07
3.40072e-07
2.10356e-07
1.26338e-07
7.40171e-08
4.2473e-08
2.39482e-08
1.33007e-08
7.28986e-09
3.94859e-09
2.11621e-09
1.12334e-09
5.91163e-10
3.08662e-10
1.59987e-10
8.23381e-11
4.20545e-11
2.12759e-11
1.06102e-11
5.15696e-12
2.37744e-12
9.63154e-13
2.21899e-13
3.46621e-08
1.34317e-07
2.86386e-07
5.26551e-07
9.05414e-07
1.50071e-06
2.43147e-06
3.87805e-06
6.1038e-06
9.39142e-06
1.41968e-05
2.11742e-05
3.1202e-05
4.5416e-05
6.52335e-05
9.23449e-05
0.000128652
0.000176151
0.000236751
0.000312067
0.00040321
0.000510633
0.000634128
0.000772833
0.000925346
0.00108538
0.00125527
0.00143601
0.0016197
0.00180877
0.00200072
0.00219015
0.00237944
0.00256423
0.00274474
0.0029195
0.00308745
0.00324725
0.00339907
0.00354347
0.00367895
0.00380629
0.00392562
0.00403766
0.00414132
0.00423725
0.00432693
0.00440576
0.00447349
0.00452684
0.00455557
0.00454824
0.00448681
0.00434825
0.00410731
0.0037415
0.00323938
0.00261169
0.00189738
0.00127768
0.00081541
0.000491988
0.000287473
0.00016135
8.69501e-05
4.51829e-05
2.32591e-05
1.28229e-05
8.18258e-06
5.91165e-06
4.55945e-06
3.59594e-06
2.82879e-06
2.18926e-06
1.62774e-06
1.16946e-06
8.09036e-07
5.38286e-07
3.44861e-07
2.13479e-07
1.28278e-07
7.51771e-08
4.31455e-08
2.43287e-08
1.35117e-08
7.40498e-09
4.01055e-09
2.14918e-09
1.14072e-09
6.00232e-10
3.13349e-10
1.62389e-10
8.356e-11
4.26718e-11
2.15853e-11
1.07633e-11
5.23094e-12
2.41143e-12
9.76896e-13
2.25062e-13
3.47181e-08
1.34533e-07
2.86846e-07
5.27395e-07
9.06867e-07
1.50313e-06
2.43539e-06
3.88432e-06
6.11453e-06
9.40912e-06
1.42243e-05
2.12155e-05
3.12624e-05
4.55028e-05
6.53556e-05
9.25127e-05
0.000128884
0.000176445
0.000237131
0.00031254
0.000403758
0.000511266
0.00063484
0.000773613
0.000926179
0.00108624
0.00125615
0.00143692
0.0016206
0.00180968
0.00200158
0.00219096
0.00238018
0.00256489
0.00274532
0.00292001
0.00308788
0.00324762
0.0033994
0.00354375
0.0036792
0.00380654
0.00392587
0.00403795
0.00414162
0.00423752
0.00432719
0.00440608
0.00447396
0.00452767
0.00455692
0.00455046
0.00449039
0.00435386
0.00411567
0.00375324
0.00325472
0.00263007
0.00191573
0.00129288
0.000826727
0.000499706
0.000292606
0.000164564
8.88644e-05
4.62565e-05
2.38158e-05
1.3042e-05
8.27761e-06
5.95966e-06
4.58933e-06
3.61763e-06
2.84513e-06
2.19897e-06
1.65564e-06
1.18888e-06
8.22712e-07
5.47693e-07
3.51117e-07
2.17479e-07
1.3074e-07
7.66433e-08
4.39953e-08
2.48101e-08
1.37793e-08
7.55137e-09
4.08946e-09
2.1912e-09
1.16287e-09
6.11807e-10
3.19355e-10
1.65483e-10
8.51403e-11
4.34717e-11
2.19862e-11
1.09615e-11
5.32665e-12
2.45534e-12
9.94642e-13
2.29154e-13
3.47873e-08
1.348e-07
2.87413e-07
5.28436e-07
9.08654e-07
1.50608e-06
2.44016e-06
3.89187e-06
6.12774e-06
9.43113e-06
1.42588e-05
2.12674e-05
3.13385e-05
4.56123e-05
6.551e-05
9.27257e-05
0.000129168
0.000176834
0.000237615
0.000313102
0.000404421
0.00051204
0.000635736
0.000774609
0.000927252
0.00108738
0.00125733
0.00143818
0.00162184
0.0018109
0.00200274
0.00219205
0.00238118
0.0025658
0.00274615
0.00292076
0.00308851
0.0032482
0.00339993
0.00354423
0.00367967
0.00380702
0.00392641
0.00403862
0.00414245
0.00423863
0.00432693
0.00440622
0.00447448
0.00452871
0.00455864
0.00455327
0.00449488
0.00436083
0.00412593
0.00376756
0.00327335
0.00265209
0.00193752
0.00131017
0.000838051
0.000511961
0.000300218
0.000169125
9.1489e-05
4.76991e-05
2.45582e-05
1.3335e-05
8.40501e-06
6.02354e-06
4.62974e-06
3.64842e-06
2.8718e-06
2.21804e-06
1.67505e-06
1.20622e-06
8.36668e-07
5.58095e-07
3.58362e-07
2.22235e-07
1.33712e-07
7.84267e-08
4.50321e-08
2.5398e-08
1.41059e-08
7.72983e-09
4.18565e-09
2.24248e-09
1.18999e-09
6.26094e-10
3.26882e-10
1.69436e-10
8.71636e-11
4.44797e-11
2.24857e-11
1.12065e-11
5.44428e-12
2.50912e-12
1.01632e-12
2.34139e-13
3.48714e-08
1.35124e-07
2.88102e-07
5.29702e-07
9.10829e-07
1.50969e-06
2.44599e-06
3.90114e-06
6.14393e-06
9.45813e-06
1.43012e-05
2.13315e-05
3.14332e-05
4.57492e-05
6.57046e-05
9.29981e-05
0.000129523
0.000177278
0.000238174
0.000313798
0.000405275
0.000513065
0.000636864
0.000775873
0.000928622
0.00108883
0.00125884
0.00143976
0.00162343
0.00181251
0.00200429
0.00219353
0.00238258
0.00256713
0.00274735
0.00292183
0.00308945
0.00324905
0.0034007
0.00354492
0.00368033
0.00380767
0.00392705
0.0040393
0.00414315
0.00423934
0.00432759
0.004407
0.00447552
0.00453026
0.00456095
0.00455683
0.00450041
0.00436928
0.00413843
0.00378502
0.0032962
0.00267969
0.0019654
0.00133332
0.000855219
0.000524139
0.000308287
0.000174102
9.44547e-05
4.93734e-05
2.54427e-05
1.36911e-05
8.55716e-06
6.09947e-06
4.67669e-06
3.68479e-06
2.90349e-06
2.24042e-06
1.69548e-06
1.22411e-06
8.51206e-07
5.6914e-07
3.66214e-07
2.27487e-07
1.37044e-07
8.04523e-08
4.62218e-08
2.60778e-08
1.4486e-08
7.93845e-09
4.29847e-09
2.30275e-09
1.2219e-09
6.42778e-10
3.35448e-10
1.73712e-10
8.93233e-11
4.55799e-11
2.30406e-11
1.14824e-11
5.57799e-12
2.57066e-12
1.04124e-12
2.3988e-13
3.49724e-08
1.35514e-07
2.88932e-07
5.31228e-07
9.13462e-07
1.51407e-06
2.45313e-06
3.91258e-06
6.16361e-06
9.49085e-06
1.43527e-05
2.141e-05
3.15509e-05
4.59162e-05
6.59305e-05
9.32851e-05
0.000129905
0.000177797
0.000238858
0.000314706
0.000406349
0.000514294
0.000638341
0.000777483
0.000930362
0.00109069
0.00126078
0.00144181
0.00162549
0.00181461
0.00200632
0.00219549
0.00238442
0.00256888
0.00274903
0.00292336
0.00309079
0.00325026
0.00340182
0.00354588
0.00368124
0.00380855
0.00392793
0.00404024
0.00414412
0.00424036
0.0043287
0.00440828
0.00447709
0.00453242
0.00456394
0.00456122
0.00450706
0.00437934
0.00415318
0.00380576
0.00332335
0.00271256
0.00199919
0.00136174
0.00087644
0.000538867
0.000318016
0.000179909
9.793e-05
5.13377e-05
2.64784e-05
1.41119e-05
8.73904e-06
6.18872e-06
4.73285e-06
3.72758e-06
2.94021e-06
2.26656e-06
1.71922e-06
1.24437e-06
8.67551e-07
5.81541e-07
3.75047e-07
2.33415e-07
1.40821e-07
8.27576e-08
4.7581e-08
2.68571e-08
1.49225e-08
8.17829e-09
4.4279e-09
2.37131e-09
1.2574e-09
6.60813e-10
3.44498e-10
1.78353e-10
9.17175e-11
4.68173e-11
2.36706e-11
1.17975e-11
5.73139e-12
2.64148e-12
1.06997e-12
2.46503e-13
3.50915e-08
1.35974e-07
2.89911e-07
5.33032e-07
9.16571e-07
1.51925e-06
2.46155e-06
3.92609e-06
6.18656e-06
9.52913e-06
1.44115e-05
2.14946e-05
3.16653e-05
4.60758e-05
6.61587e-05
9.36228e-05
0.000130386
0.000178449
0.000239738
0.000315769
0.000407644
0.000515812
0.000640042
0.000779394
0.000932499
0.00109301
0.00126323
0.00144442
0.00162814
0.00181732
0.00200896
0.00219806
0.00238689
0.00257121
0.0027512
0.00292536
0.00309258
0.00325192
0.00340336
0.0035473
0.00368258
0.00380982
0.00392916
0.0040415
0.00414542
0.00424174
0.00433022
0.00441002
0.00447919
0.00453516
0.00456768
0.0045666
0.00451503
0.00439109
0.00417024
0.00382949
0.00335489
0.00275166
0.002041
0.0013972
0.000902906
0.000557157
0.000330011
0.000187056
0.000102214
5.37857e-05
2.77731e-05
1.46472e-05
8.96874e-06
6.30034e-06
4.80047e-06
3.7785e-06
2.98396e-06
2.29786e-06
1.74646e-06
1.26765e-06
8.86551e-07
5.95982e-07
3.85313e-07
2.4029e-07
1.45197e-07
8.54266e-08
4.9154e-08
2.7759e-08
1.54281e-08
8.45633e-09
4.57847e-09
2.45184e-09
1.30013e-09
6.83365e-10
3.56367e-10
1.8451e-10
9.4847e-11
4.83926e-11
2.44538e-11
1.21811e-11
5.91531e-12
2.72552e-12
1.10386e-12
2.54292e-13
3.52282e-08
1.36504e-07
2.91047e-07
5.35135e-07
9.20216e-07
1.52532e-06
2.47139e-06
3.94159e-06
6.21022e-06
9.56516e-06
1.44663e-05
2.15783e-05
3.17957e-05
4.6275e-05
6.64553e-05
9.40476e-05
0.00013097
0.000179222
0.000240711
0.000317031
0.000409305
0.000517756
0.000642257
0.00078197
0.000935247
0.00109594
0.00126632
0.00144773
0.00163151
0.00182077
0.00201234
0.00220138
0.00239005
0.00257424
0.00275407
0.00292799
0.00309496
0.00325415
0.00340545
0.00354918
0.00368435
0.00381151
0.00393082
0.00404319
0.00414717
0.00424359
0.00433222
0.00441228
0.00448184
0.00453853
0.0045721
0.00457274
0.00452389
0.00440413
0.00418904
0.0038556
0.00338906
0.0027927
0.00209596
0.00144248
0.000935945
0.000579766
0.000343828
0.000196226
0.000107603
5.6806e-05
2.93708e-05
1.53197e-05
9.25832e-06
6.43912e-06
4.88234e-06
3.83738e-06
3.03207e-06
2.33494e-06
1.77905e-06
1.29523e-06
9.08759e-07
6.12947e-07
3.97505e-07
2.48525e-07
1.50456e-07
8.86359e-08
5.10425e-08
2.88388e-08
1.60314e-08
8.78695e-09
4.75676e-09
2.54666e-09
1.34993e-09
7.09171e-10
3.69502e-10
1.91067e-10
9.81235e-11
5.00333e-11
2.52819e-11
1.25973e-11
6.11903e-12
2.81981e-12
1.14214e-12
2.63114e-13
3.53642e-08
1.37026e-07
2.92147e-07
5.37143e-07
9.23659e-07
1.53105e-06
2.4808e-06
3.95704e-06
6.23575e-06
9.60889e-06
1.45371e-05
2.16891e-05
3.19647e-05
4.65259e-05
6.68171e-05
9.45559e-05
0.000131668
0.00018016
0.000241941
0.000318652
0.00041119
0.000520187
0.000645071
0.000784907
0.000938522
0.00109953
0.00127017
0.00145187
0.00163577
0.00182512
0.00201651
0.00220552
0.0023941
0.0025782
0.00275793
0.00293168
0.00309822
0.00325722
0.00340833
0.00355178
0.00368686
0.00381396
0.00393319
0.00404556
0.00414958
0.00424613
0.00433493
0.00441525
0.00448524
0.00454266
0.00457742
0.00458
0.00453426
0.00441912
0.00421061
0.00388579
0.00342938
0.00284323
0.00215467
0.00149263
0.000973975
0.000606774
0.000360251
0.000206528
0.000113768
6.03089e-05
3.12294e-05
1.6143e-05
9.61119e-06
6.60477e-06
4.97792e-06
3.90586e-06
3.08909e-06
2.38459e-06
1.82148e-06
1.33004e-06
9.36019e-07
6.33198e-07
4.11736e-07
2.57999e-07
1.56463e-07
9.22865e-08
5.31856e-08
3.0062e-08
1.67137e-08
9.16037e-09
4.95783e-09
2.6535e-09
1.40608e-09
7.38447e-10
3.84734e-10
1.99033e-10
1.02326e-10
5.21889e-11
2.63624e-11
1.31271e-11
6.37147e-12
2.93348e-12
1.18754e-12
2.73493e-13
3.5528e-08
1.37659e-07
2.93503e-07
5.39656e-07
9.28043e-07
1.53846e-06
2.49312e-06
3.97728e-06
6.26862e-06
9.66648e-06
1.46271e-05
2.18264e-05
3.21693e-05
4.68246e-05
6.72458e-05
9.51588e-05
0.000132495
0.000181264
0.000243369
0.00032038
0.000413354
0.000522677
0.000648132
0.000788723
0.000942663
0.00110389
0.00127494
0.00145715
0.00164134
0.00183123
0.00202115
0.00221052
0.00239913
0.00258319
0.0027628
0.00293624
0.00310247
0.0032613
0.00341211
0.00355522
0.00369022
0.00381724
0.00393647
0.00404878
0.00415285
0.00424949
0.00433853
0.00441928
0.00448971
0.00454788
0.00458376
0.00458834
0.00454589
0.00443586
0.00423467
0.00391953
0.00347468
0.00290038
0.00222141
0.00154982
0.00101699
0.000636833
0.000379055
0.000218427
0.000120949
6.44555e-05
3.34453e-05
1.71781e-05
1.00596e-05
6.81236e-06
5.09262e-06
3.98253e-06
3.14523e-06
2.45704e-06
1.87839e-06
1.37436e-06
9.69506e-07
6.5739e-07
4.28337e-07
2.68831e-07
1.63213e-07
9.63339e-08
5.55368e-08
3.13935e-08
1.74523e-08
9.56319e-09
5.17433e-09
2.76839e-09
1.46639e-09
7.69818e-10
4.0092e-10
2.07298e-10
1.06445e-10
5.42428e-11
2.7383e-11
1.36297e-11
6.61447e-12
3.0463e-12
1.23327e-12
2.84017e-13
3.57109e-08
1.3837e-07
2.95035e-07
5.42529e-07
9.33113e-07
1.54715e-06
2.50776e-06
4.00172e-06
6.30929e-06
9.73276e-06
1.47404e-05
2.20076e-05
3.24491e-05
4.72454e-05
6.78629e-05
9.60405e-05
0.000133717
0.000182907
0.0002455
0.000323038
0.000416637
0.000526528
0.000652385
0.000793287
0.000947842
0.00110989
0.00128132
0.00146396
0.00164861
0.00183881
0.00202814
0.00221741
0.00240571
0.00258959
0.002769
0.00294205
0.00310792
0.00326661
0.00341699
0.00355938
0.00369489
0.00382151
0.00394048
0.00405273
0.0041567
0.00425339
0.0043425
0.00442392
0.00449472
0.00455365
0.00459086
0.00459765
0.00455874
0.00445414
0.00426081
0.00395622
0.00352424
0.00296366
0.00229686
0.001615
0.00106657
0.000671663
0.000401658
0.000232639
0.000129608
6.94332e-05
3.6158e-05
1.85035e-05
1.0627e-05
7.06554e-06
5.23297e-06
4.07694e-06
3.2207e-06
2.52284e-06
1.93842e-06
1.42481e-06
1.00955e-06
6.87262e-07
4.49225e-07
2.82546e-07
1.71736e-07
1.01399e-07
5.84433e-08
3.30172e-08
1.83406e-08
1.00411e-08
5.42797e-09
2.90142e-09
1.53544e-09
8.05301e-10
4.1896e-10
2.16344e-10
1.10877e-10
5.64346e-11
2.84639e-11
1.41576e-11
6.86739e-12
3.16236e-12
1.28046e-12
2.94911e-13
3.58821e-08
1.39037e-07
2.96477e-07
5.45231e-07
9.37855e-07
1.55515e-06
2.52086e-06
4.0225e-06
6.34084e-06
9.78322e-06
1.48179e-05
2.21296e-05
3.26381e-05
4.7532e-05
6.82894e-05
9.66622e-05
0.000134602
0.000184139
0.000247175
0.000325263
0.000419414
0.000529915
0.00065632
0.000797912
0.000953196
0.00111593
0.00128815
0.00147134
0.00165635
0.00184687
0.00203652
0.00222614
0.00241351
0.00259738
0.00277662
0.00294921
0.00311461
0.0032728
0.00342278
0.00356484
0.00370013
0.00382648
0.00394518
0.00405713
0.00416095
0.00425835
0.00434745
0.00442953
0.00450074
0.00456039
0.00459887
0.00460782
0.00457251
0.0044735
0.00428829
0.00399469
0.00357627
0.00303041
0.00237705
0.00168582
0.00112088
0.000710138
0.000426979
0.000248834
0.000139388
7.50292e-05
3.90082e-05
2.02132e-05
1.13531e-05
7.38234e-06
5.39575e-06
4.18424e-06
3.30567e-06
2.59853e-06
2.00153e-06
1.47858e-06
1.053e-06
7.20216e-07
4.72603e-07
2.98089e-07
1.81485e-07
1.07221e-07
6.17894e-08
3.48834e-08
1.93576e-08
1.05854e-08
5.71498e-09
3.05094e-09
1.61252e-09
8.44657e-10
4.38854e-10
2.2628e-10
1.15824e-10
5.88668e-11
2.96618e-11
1.47475e-11
7.15299e-12
3.29351e-12
1.33344e-12
3.07103e-13
3.59979e-08
1.39485e-07
2.97433e-07
5.47005e-07
9.40967e-07
1.56048e-06
2.52992e-06
4.03797e-06
6.36767e-06
9.82721e-06
1.48868e-05
2.2233e-05
3.27945e-05
4.77705e-05
6.86504e-05
9.72011e-05
0.000135392
0.000185276
0.000248782
0.000327498
0.000422467
0.000534065
0.000661817
0.000804461
0.000960416
0.00112364
0.00129614
0.00147984
0.00166547
0.00185647
0.00204637
0.0022362
0.00242342
0.0026071
0.00278574
0.0029579
0.0031228
0.00328047
0.00342997
0.00357162
0.00370645
0.00383241
0.00395081
0.0040625
0.00416625
0.00426384
0.0043531
0.00443577
0.00450748
0.00456795
0.00460771
0.00461875
0.00458681
0.0044932
0.00431598
0.00403324
0.00362826
0.00309697
0.00245668
0.00175972
0.00117885
0.000751494
0.000454525
0.000266538
0.000150424
8.15843e-05
4.27029e-05
2.20842e-05
1.21606e-05
7.73149e-06
5.56889e-06
4.29342e-06
3.38931e-06
2.67115e-06
2.06891e-06
1.53649e-06
1.10022e-06
7.56386e-07
4.98503e-07
3.15442e-07
1.92431e-07
1.13782e-07
6.55632e-08
3.69852e-08
2.04989e-08
1.11928e-08
6.03316e-09
3.21546e-09
1.69672e-09
8.87418e-10
4.60474e-10
2.37218e-10
1.21372e-10
6.16598e-11
3.10496e-11
1.54254e-11
7.47589e-12
3.43988e-12
1.39209e-12
3.20568e-13
3.6058e-08
1.39717e-07
2.97932e-07
5.47944e-07
9.42658e-07
1.56351e-06
2.53543e-06
4.04817e-06
6.38684e-06
9.86355e-06
1.49503e-05
2.23391e-05
3.29618e-05
4.80346e-05
6.9063e-05
9.78336e-05
0.000136334
0.000186636
0.000250674
0.00033002
0.000425687
0.000537996
0.000666393
0.000809995
0.000967191
0.00113181
0.00130597
0.00149029
0.00167628
0.00186768
0.00205787
0.00224796
0.00243522
0.00261888
0.00279709
0.00296838
0.00313251
0.00328946
0.00343832
0.00357935
0.00371364
0.00383911
0.00395715
0.00406852
0.00417213
0.00426974
0.00435903
0.00444189
0.00451393
0.00457506
0.00461605
0.00462912
0.0046005
0.00451195
0.00434233
0.00406979
0.00367732
0.00315947
0.00253065
0.00183312
0.00123892
0.000796689
0.00048586
0.000287192
0.000163066
8.90609e-05
4.69113e-05
2.43499e-05
1.30813e-05
8.1128e-06
5.74771e-06
4.40508e-06
3.47671e-06
2.74519e-06
2.11911e-06
1.60334e-06
1.15335e-06
7.96514e-07
5.26947e-07
3.34305e-07
2.04185e-07
1.2073e-07
6.95012e-08
3.91464e-08
2.16564e-08
1.18014e-08
6.34861e-09
3.37723e-09
1.77901e-09
9.2904e-10
4.81451e-10
2.47772e-10
1.26678e-10
6.43209e-11
3.23762e-11
1.60788e-11
7.79008e-12
3.58348e-12
1.44991e-12
3.33868e-13
3.60592e-08
1.39722e-07
2.97942e-07
5.47967e-07
9.42745e-07
1.56384e-06
2.53652e-06
4.05127e-06
6.39464e-06
9.87948e-06
1.49853e-05
2.24147e-05
3.31205e-05
4.83239e-05
6.95474e-05
9.85842e-05
0.000137468
0.000188293
0.000253001
0.000333146
0.000429689
0.00054286
0.000672449
0.000817056
0.000975022
0.00114056
0.00131556
0.00150049
0.00168748
0.00187967
0.00207043
0.00226085
0.00244817
0.0026316
0.00280898
0.00297961
0.00314302
0.00329919
0.00344735
0.00358775
0.00372146
0.0038465
0.00396406
0.00407482
0.00417822
0.00427581
0.00436513
0.0044482
0.00452049
0.00458216
0.00462408
0.0046388
0.00461305
0.00452907
0.00436583
0.00410223
0.00372099
0.00321521
0.00259681
0.001899
0.00129302
0.000835487
0.00051668
0.000307311
0.000175332
9.64457e-05
5.11251e-05
2.65723e-05
1.40089e-05
8.4981e-06
5.92623e-06
4.50487e-06
3.55267e-06
2.81579e-06
2.17771e-06
1.65657e-06
1.20087e-06
8.3511e-07
5.55695e-07
3.54047e-07
2.16786e-07
1.28288e-07
7.38138e-08
4.15134e-08
2.29173e-08
1.24579e-08
6.68446e-09
3.54675e-09
1.86375e-09
9.71131e-10
5.02293e-10
2.581e-10
1.31827e-10
6.69267e-11
3.36716e-11
1.6711e-11
8.09034e-12
3.71888e-12
1.50375e-12
3.46136e-13
3.59879e-08
1.39433e-07
2.97265e-07
5.46591e-07
9.40157e-07
1.55927e-06
2.52895e-06
4.03966e-06
6.37862e-06
9.85782e-06
1.49614e-05
2.23975e-05
3.31256e-05
4.8389e-05
6.97397e-05
9.90228e-05
0.000138258
0.000189597
0.000255039
0.000336187
0.000434028
0.000548824
0.000680099
0.000825764
0.00098483
0.00115127
0.00132667
0.00151241
0.00169983
0.0018919
0.00208317
0.00227396
0.00246142
0.00264415
0.00282075
0.00299058
0.0031532
0.00330851
0.00345595
0.00359567
0.00372872
0.00385321
0.00397037
0.00408085
0.00418383
0.00428122
0.00437048
0.00445357
0.00452619
0.00458832
0.00463105
0.00464722
0.00462369
0.0045432
0.00438517
0.00412852
0.00375587
0.00325997
0.00265038
0.00195384
0.00133932
0.000870431
0.000541615
0.000324105
0.000185731
0.000102795
5.47847e-05
2.85481e-05
1.48995e-05
8.86757e-06
6.08304e-06
4.59218e-06
3.61359e-06
2.86414e-06
2.23866e-06
1.70706e-06
1.24421e-06
8.69593e-07
5.80906e-07
3.70984e-07
2.27318e-07
1.34426e-07
7.72124e-08
4.33246e-08
2.38565e-08
1.29369e-08
6.92853e-09
3.67401e-09
1.92771e-09
1.00261e-09
5.17611e-10
2.65489e-10
1.3533e-10
6.85058e-11
3.44108e-11
1.70639e-11
8.25817e-12
3.79602e-12
1.5352e-12
3.53445e-13
3.59806e-08
1.394e-07
2.97165e-07
5.4629e-07
9.39379e-07
1.55755e-06
2.52563e-06
4.03403e-06
6.37045e-06
9.84521e-06
1.49475e-05
2.23916e-05
3.31475e-05
4.8479e-05
6.99716e-05
9.95244e-05
0.00013925
0.000191314
0.000257704
0.00033998
0.000439044
0.000554987
0.000687073
0.000834695
0.000995239
0.00116299
0.00133952
0.00152556
0.00171332
0.00190501
0.00209542
0.00228516
0.00247195
0.00265371
0.00282947
0.00299855
0.00316048
0.00331506
0.00346192
0.00360112
0.00373367
0.00385777
0.00397462
0.00408471
0.00418762
0.00428502
0.00437414
0.00445729
0.00452995
0.00459231
0.0046356
0.00465248
0.00463024
0.0045518
0.00439691
0.00414461
0.00377734
0.00328693
0.00268258
0.00198741
0.00136794
0.000892192
0.000557092
0.000334607
0.000192393
0.000106912
5.72496e-05
2.98759e-05
1.55213e-05
9.12308e-06
6.19442e-06
4.65106e-06
3.65802e-06
2.9056e-06
2.2827e-06
1.75326e-06
1.28581e-06
9.04348e-07
6.07537e-07
3.89586e-07
2.39173e-07
1.41372e-07
8.09986e-08
4.52678e-08
2.48048e-08
1.33783e-08
7.12167e-09
3.74802e-09
1.95726e-09
1.015e-09
5.23098e-10
2.68064e-10
1.36617e-10
6.92047e-11
3.47795e-11
1.72556e-11
8.3558e-12
3.84205e-12
1.55392e-12
3.57788e-13
)
;

boundaryField
{
    fuel
    {
        type            fixedValue;
        value           uniform 0;
    }
    air
    {
        type            fixedValue;
        value           uniform 0;
    }
    outlet
    {
        type            inletOutlet;
        inletValue      uniform 0;
        value           nonuniform List<scalar> 
200
(
3.59767e-08
1.39386e-07
2.97136e-07
5.46241e-07
9.39303e-07
1.55744e-06
2.52547e-06
4.03381e-06
6.37017e-06
9.84488e-06
1.49471e-05
2.23912e-05
3.31471e-05
4.84786e-05
6.99712e-05
9.95242e-05
0.00013925
0.000191314
0.000257705
0.000339981
0.000439046
0.000554991
0.000687076
0.000834698
0.000995242
0.00116299
0.00133952
0.00152555
0.00171331
0.001905
0.00209541
0.00228514
0.00247192
0.00265367
0.00282943
0.00299851
0.00316043
0.00331501
0.00346186
0.00360105
0.0037336
0.0038577
0.00397455
0.00408466
0.00418759
0.00428495
0.00437405
0.0044572
0.00452986
0.00459221
0.0046355
0.00465238
0.00463014
0.0045517
0.00439681
0.0041445
0.00377722
0.00328681
0.00268246
0.00198729
0.00136784
0.000892122
0.000557046
0.000334579
0.000192376
0.000106901
5.72421e-05
2.98717e-05
1.55192e-05
9.12205e-06
6.19384e-06
4.65057e-06
3.65744e-06
2.90522e-06
2.28244e-06
1.75308e-06
1.2857e-06
9.04277e-07
6.07493e-07
3.89558e-07
2.39155e-07
1.4136e-07
8.09915e-08
4.52636e-08
2.48023e-08
1.33769e-08
7.12091e-09
3.74762e-09
1.95706e-09
1.0149e-09
5.23055e-10
2.68049e-10
1.36614e-10
6.92053e-11
3.47807e-11
1.72565e-11
8.35623e-12
3.84226e-12
1.55401e-12
3.5781e-13
3.59806e-08
1.394e-07
2.97165e-07
5.4629e-07
9.39379e-07
1.55755e-06
2.52563e-06
4.03403e-06
6.37045e-06
9.84521e-06
1.49475e-05
2.23916e-05
3.31475e-05
4.8479e-05
6.99716e-05
9.95244e-05
0.00013925
0.000191314
0.000257704
0.00033998
0.000439044
0.000554987
0.000687073
0.000834695
0.000995239
0.00116299
0.00133952
0.00152556
0.00171332
0.00190501
0.00209542
0.00228516
0.00247195
0.00265371
0.00282947
0.00299855
0.00316048
0.00331506
0.00346192
0.00360112
0.00373367
0.00385777
0.00397462
0.00408471
0.00418762
0.00428502
0.00437414
0.00445729
0.00452995
0.00459231
0.0046356
0.00465248
0.00463024
0.0045518
0.00439691
0.00414461
0.00377734
0.00328693
0.00268258
0.00198741
0.00136794
0.000892192
0.000557092
0.000334607
0.000192393
0.000106912
5.72496e-05
2.98759e-05
1.55213e-05
9.12308e-06
6.19442e-06
4.65106e-06
3.65802e-06
2.9056e-06
2.2827e-06
1.75326e-06
1.28581e-06
9.04348e-07
6.07537e-07
3.89586e-07
2.39173e-07
1.41372e-07
8.09986e-08
4.52678e-08
2.48048e-08
1.33783e-08
7.12167e-09
3.74802e-09
1.95726e-09
1.015e-09
5.23098e-10
2.68064e-10
1.36617e-10
6.92047e-11
3.47795e-11
1.72556e-11
8.3558e-12
3.84205e-12
1.55392e-12
3.57788e-13
)
;
    }
    frontAndBack
    {
        type            empty;
    }
    internal
    {
        type            internal;
    }
}


// ************************************************************************* //
