/*--------------------------------*- C++ -*----------------------------------*\
  =========                 |
  \\      /  F ield         | OpenFOAM: The Open Source CFD Toolbox
   \\    /   O peration     | Website:  https://openfoam.org
    \\  /    A nd           | Version:  10
     \\/     M anipulation  |
\*---------------------------------------------------------------------------*/
FoamFile
{
    format      ascii;
    class       volScalarField;
    location    "1";
    object      H2CN;
}
// * * * * * * * * * * * * * * * * * * * * * * * * * * * * * * * * * * * * * //

dimensions      [0 0 0 0 0 0 0];

internalField   nonuniform List<scalar> 
4000
(
1.5652e-15
6.0643e-15
1.29282e-14
2.37675e-14
4.0871e-14
6.77666e-14
1.0988e-13
1.75485e-13
2.77069e-13
4.28082e-13
6.49674e-13
9.72665e-13
1.43877e-12
2.10207e-12
3.02988e-12
4.3017e-12
6.00419e-12
8.22222e-12
1.10246e-11
1.44452e-11
1.84583e-11
2.29426e-11
2.76271e-11
3.20244e-11
3.52653e-11
3.61031e-11
3.33987e-11
2.6859e-11
1.86731e-11
1.16564e-11
7.11159e-12
4.42237e-12
2.85864e-12
1.94359e-12
1.40145e-12
1.07899e-12
8.92755e-13
7.99204e-13
7.79353e-13
8.315e-13
9.72494e-13
1.23503e-12
1.68112e-12
2.41009e-12
3.5657e-12
5.3777e-12
8.06673e-12
1.20407e-11
1.75185e-11
2.51452e-11
3.49492e-11
4.7523e-11
6.35085e-11
8.37748e-11
1.09498e-10
1.41759e-10
1.79464e-10
2.11718e-10
1.98172e-10
1.11672e-10
6.15346e-11
3.36281e-11
1.81344e-11
9.60667e-12
4.94399e-12
2.49845e-12
1.24228e-12
6.17926e-13
3.1002e-13
1.73137e-13
1.17191e-13
1.10455e-13
1.47539e-13
2.44413e-13
4.16195e-13
5.16564e-13
4.64505e-13
3.52704e-13
2.43606e-13
1.57747e-13
9.7162e-14
5.74788e-14
3.29279e-14
1.83927e-14
1.00713e-14
5.42766e-15
2.88695e-15
1.51802e-15
7.92107e-16
4.10476e-16
2.114e-16
1.0826e-16
5.51352e-17
2.79087e-17
1.40149e-17
6.94779e-18
3.36182e-18
1.54477e-18
6.2448e-19
1.43746e-19
1.5665e-15
6.06962e-15
1.29411e-14
2.37972e-14
4.0935e-14
6.78945e-14
1.10117e-13
1.75886e-13
2.77689e-13
4.29071e-13
6.50997e-13
9.74089e-13
1.43971e-12
2.10125e-12
3.02489e-12
4.28827e-12
5.97528e-12
8.17026e-12
1.0943e-11
1.43302e-11
1.83117e-11
2.27764e-11
2.74696e-11
3.18862e-11
3.52194e-11
3.62366e-11
3.37875e-11
2.74453e-11
1.92694e-11
1.20767e-11
7.35566e-12
4.55519e-12
2.9333e-12
1.98533e-12
1.42552e-12
1.09321e-12
9.01238e-13
8.0409e-13
7.81908e-13
8.32412e-13
9.72255e-13
1.2341e-12
1.68027e-12
2.41168e-12
3.57235e-12
5.39487e-12
8.10445e-12
1.21152e-11
1.76488e-11
2.53609e-11
3.52624e-11
4.79825e-11
6.41606e-11
8.46704e-11
1.10705e-10
1.43308e-10
1.81163e-10
2.12455e-10
1.94719e-10
1.08986e-10
5.99587e-11
3.27045e-11
1.75949e-11
9.29373e-12
4.77127e-12
2.4047e-12
1.19291e-12
5.9418e-13
2.99722e-13
1.69634e-13
1.1784e-13
1.15115e-13
1.58408e-13
2.66328e-13
4.46188e-13
5.2713e-13
4.59094e-13
3.42654e-13
2.34166e-13
1.50649e-13
9.24727e-14
5.46702e-14
3.1372e-14
1.75831e-14
9.67121e-15
5.23916e-15
2.80348e-15
1.48565e-15
7.79017e-16
4.04927e-16
2.08923e-16
1.07094e-16
5.45544e-17
2.75962e-17
1.38517e-17
6.86393e-18
3.31945e-18
1.52485e-18
6.1638e-19
1.41868e-19
1.57112e-15
6.08814e-15
1.29835e-14
2.38815e-14
4.10912e-14
6.81688e-14
1.10574e-13
1.76606e-13
2.78743e-13
4.30594e-13
6.52974e-13
9.76322e-13
1.44177e-12
2.10207e-12
3.02249e-12
4.27928e-12
5.95606e-12
8.13579e-12
1.0887e-11
1.42466e-11
1.8196e-11
2.26286e-11
2.73061e-11
3.17547e-11
3.51743e-11
3.63496e-11
3.41141e-11
2.79717e-11
1.98136e-11
1.24637e-11
7.60044e-12
4.70388e-12
3.02407e-12
2.03889e-12
1.45757e-12
1.11271e-12
9.13157e-13
8.11166e-13
7.85803e-13
8.34089e-13
9.72454e-13
1.23361e-12
1.68048e-12
2.41579e-12
3.58494e-12
5.42409e-12
8.16707e-12
1.22351e-11
1.78612e-11
2.57076e-11
3.5772e-11
4.87392e-11
6.52186e-11
8.61017e-11
1.12582e-10
1.45598e-10
1.8342e-10
2.12642e-10
1.87018e-10
1.03893e-10
5.70194e-11
3.10147e-11
1.66187e-11
8.73854e-12
4.47452e-12
2.24715e-12
1.11353e-12
5.56002e-13
2.83722e-13
1.64078e-13
1.18684e-13
1.22018e-13
1.73287e-13
2.93517e-13
4.80653e-13
5.33513e-13
4.50441e-13
3.31098e-13
2.24384e-13
1.43713e-13
8.80519e-14
5.20597e-14
2.99151e-14
1.6803e-14
9.26559e-15
5.03201e-15
2.69789e-15
1.43057e-15
7.51331e-16
3.91305e-16
2.02302e-16
1.03904e-16
5.30443e-17
2.69168e-17
1.35344e-17
6.71277e-18
3.24777e-18
1.49201e-18
6.03024e-19
1.38768e-19
1.57277e-15
6.09459e-15
1.29974e-14
2.39074e-14
4.11349e-14
6.82357e-14
1.10664e-13
1.767e-13
2.78779e-13
4.305e-13
6.52437e-13
9.7469e-13
1.43775e-12
2.09401e-12
3.00811e-12
4.25592e-12
5.92016e-12
8.08336e-12
1.08146e-11
1.41524e-11
1.80824e-11
2.25042e-11
2.71777e-11
3.16535e-11
3.51478e-11
3.64538e-11
3.44018e-11
2.84223e-11
2.03085e-11
1.28478e-11
7.84735e-12
4.85391e-12
3.11509e-12
2.09438e-12
1.49072e-12
1.13315e-12
9.25842e-13
8.18921e-13
7.9037e-13
8.36562e-13
9.73768e-13
1.23489e-12
1.68366e-12
2.42516e-12
3.60674e-12
5.46888e-12
8.25538e-12
1.23963e-11
1.813e-11
2.61353e-11
3.64062e-11
4.96433e-11
6.64708e-11
8.77821e-11
1.14703e-10
1.48064e-10
1.85477e-10
2.11172e-10
1.74216e-10
9.63598e-11
5.28273e-11
2.87527e-11
1.52296e-11
7.98443e-12
4.08265e-12
2.0448e-12
1.01342e-12
5.08863e-13
2.65221e-13
1.5781e-13
1.20062e-13
1.30734e-13
1.92901e-13
3.31528e-13
5.11733e-13
5.3489e-13
4.37636e-13
3.16497e-13
2.12459e-13
1.35299e-13
8.2644e-14
4.88161e-14
2.80693e-14
1.57938e-14
8.73029e-15
4.7546e-15
2.55667e-15
1.35965e-15
7.16064e-16
3.73882e-16
1.93721e-16
9.96755e-17
5.09468e-17
2.58588e-17
1.301e-17
6.45742e-18
3.12667e-18
1.43744e-18
5.8133e-19
1.33825e-19
1.57187e-15
6.09113e-15
1.299e-14
2.38932e-14
4.1108e-14
6.81832e-14
1.10558e-13
1.76482e-13
2.78331e-13
4.29587e-13
6.50726e-13
9.71654e-13
1.43271e-12
2.08581e-12
2.99508e-12
4.2358e-12
5.89025e-12
8.04071e-12
1.07567e-11
1.40784e-11
1.79939e-11
2.24077e-11
2.70874e-11
3.15862e-11
3.51422e-11
3.65709e-11
3.47122e-11
2.88947e-11
2.08011e-11
1.32228e-11
8.08431e-12
4.99689e-12
3.20115e-12
2.14728e-12
1.5233e-12
1.15297e-12
9.38138e-13
8.26605e-13
7.95203e-13
8.39712e-13
9.76355e-13
1.23834e-12
1.6904e-12
2.44016e-12
3.63723e-12
5.5266e-12
8.36143e-12
1.25799e-11
1.84309e-11
2.66122e-11
3.71188e-11
5.06603e-11
6.78677e-11
8.96162e-11
1.17008e-10
1.50631e-10
1.87238e-10
2.0808e-10
1.57234e-10
8.69088e-11
4.76804e-11
2.59009e-11
1.36813e-11
7.14822e-12
3.6517e-12
1.82814e-12
9.08201e-13
4.57934e-13
2.4507e-13
1.50879e-13
1.21397e-13
1.40238e-13
2.14744e-13
3.68745e-13
5.28608e-13
5.25688e-13
4.19713e-13
3.00013e-13
2.00171e-13
1.2708e-13
7.75419e-14
4.5823e-14
2.63871e-14
1.48783e-14
8.24399e-15
4.50095e-15
2.42618e-15
1.29322e-15
6.82505e-16
3.57022e-16
1.85282e-16
9.54582e-17
4.88415e-17
2.48095e-17
1.24894e-17
6.20183e-18
3.00398e-18
1.38141e-18
5.58769e-19
1.28635e-19
1.56851e-15
6.07814e-15
1.29622e-14
2.38412e-14
4.10157e-14
6.80225e-14
1.10277e-13
1.75985e-13
2.77472e-13
4.28146e-13
6.48435e-13
9.68179e-13
1.42742e-12
2.07773e-12
2.98288e-12
4.21773e-12
5.86417e-12
8.00403e-12
1.07067e-11
1.40123e-11
1.79105e-11
2.23072e-11
2.6978e-11
3.14984e-11
3.51192e-11
3.66593e-11
3.49501e-11
2.92776e-11
2.12232e-11
1.35534e-11
8.29504e-12
5.12463e-12
3.27699e-12
2.19317e-12
1.55067e-12
1.17e-12
9.48972e-13
8.33653e-13
8.00017e-13
8.43456e-13
9.80206e-13
1.24406e-12
1.70097e-12
2.46136e-12
3.67785e-12
5.5998e-12
8.49436e-12
1.27904e-11
1.8783e-11
2.71698e-11
3.79378e-11
5.18081e-11
6.94186e-11
9.16674e-11
1.19621e-10
1.53643e-10
1.89562e-10
2.05356e-10
1.41042e-10
7.82067e-11
4.30339e-11
2.34254e-11
1.23819e-11
6.46368e-12
3.29374e-12
1.64659e-12
8.18441e-13
4.15682e-13
2.26582e-13
1.44189e-13
1.22725e-13
1.49643e-13
2.35293e-13
4.0305e-13
5.43264e-13
5.15104e-13
4.02639e-13
2.84803e-13
1.88931e-13
1.19558e-13
7.28463e-14
4.30424e-14
2.48062e-14
1.40073e-14
7.77561e-15
4.25386e-15
2.2978e-15
1.22732e-15
6.49009e-16
3.40121e-16
1.76794e-16
9.11966e-17
4.67044e-17
2.37441e-17
1.19623e-17
5.94482e-18
2.88162e-18
1.32589e-18
5.36487e-19
1.23512e-19
1.56294e-15
6.05646e-15
1.29154e-14
2.37538e-14
4.08629e-14
6.77661e-14
1.09862e-13
1.7534e-13
2.76441e-13
4.26441e-13
6.45782e-13
9.63986e-13
1.42093e-12
2.06791e-12
2.96835e-12
4.19678e-12
5.83483e-12
7.96414e-12
1.06542e-11
1.3946e-11
1.78336e-11
2.22241e-11
2.69006e-11
3.1442e-11
3.51134e-11
3.67437e-11
3.51679e-11
2.96211e-11
2.15927e-11
1.38413e-11
8.48111e-12
5.24006e-12
3.33963e-12
2.2314e-12
1.57439e-12
1.18475e-12
9.58415e-13
8.39924e-13
8.04604e-13
8.47488e-13
9.84917e-13
1.25145e-12
1.71446e-12
2.4875e-12
3.72765e-12
5.67428e-12
8.63227e-12
1.30016e-11
1.91344e-11
2.77229e-11
3.87525e-11
5.29724e-11
7.10507e-11
9.39156e-11
1.22657e-10
1.57527e-10
1.93585e-10
2.05788e-10
1.32562e-10
7.32796e-11
4.02189e-11
2.18279e-11
1.15031e-11
5.98015e-12
3.03756e-12
1.5161e-12
7.57415e-13
3.79737e-13
2.10383e-13
1.38254e-13
1.24071e-13
1.588e-13
2.56217e-13
4.34245e-13
5.50017e-13
5.02269e-13
3.86109e-13
2.70808e-13
1.78877e-13
1.12941e-13
6.87586e-14
4.0637e-14
2.34424e-14
1.32555e-14
7.37013e-15
4.0388e-15
2.18527e-15
1.16909e-15
6.19159e-16
3.24958e-16
1.69173e-16
8.74327e-17
4.48661e-17
2.28427e-17
1.15158e-17
5.72426e-18
2.77468e-18
1.27656e-18
5.16482e-19
1.189e-19
1.55657e-15
6.03171e-15
1.2862e-14
2.36533e-14
4.06847e-14
6.74594e-14
1.09342e-13
1.74464e-13
2.75011e-13
4.24113e-13
6.41805e-13
9.57641e-13
1.41117e-12
2.05334e-12
2.94719e-12
4.16693e-12
5.79422e-12
7.91094e-12
1.05876e-11
1.38671e-11
1.77434e-11
2.21304e-11
2.68177e-11
3.13881e-11
3.5112e-11
3.68313e-11
3.5375e-11
2.99445e-11
2.19518e-11
1.41281e-11
8.64946e-12
5.33807e-12
3.39548e-12
2.26455e-12
1.59473e-12
1.19739e-12
9.66618e-13
8.45875e-13
8.09297e-13
8.52018e-13
9.89661e-13
1.25916e-12
1.72802e-12
2.51356e-12
3.77453e-12
5.75648e-12
8.77252e-12
1.32079e-11
1.94718e-11
2.82515e-11
3.95426e-11
5.41154e-11
7.26736e-11
9.61991e-11
1.25838e-10
1.61778e-10
1.98363e-10
2.07564e-10
1.28384e-10
7.06554e-11
3.86089e-11
2.08578e-11
1.09498e-11
5.66618e-12
2.86325e-12
1.42349e-12
7.09105e-13
3.55002e-13
1.98567e-13
1.34022e-13
1.25765e-13
1.67335e-13
2.75239e-13
4.58386e-13
5.51679e-13
4.8911e-13
3.71151e-13
2.58643e-13
1.70303e-13
1.07367e-13
6.53418e-14
3.86327e-14
2.2305e-14
1.26262e-14
7.02864e-15
3.85634e-15
2.089e-15
1.11883e-15
5.93154e-16
3.11592e-16
1.62331e-16
8.39294e-17
4.30806e-17
2.19469e-17
1.10785e-17
5.51192e-18
2.67292e-18
1.22995e-18
4.9767e-19
1.14575e-19
1.55077e-15
6.00926e-15
1.28139e-14
2.35641e-14
4.05291e-14
6.71962e-14
1.08905e-13
1.73747e-13
2.73853e-13
4.22075e-13
6.38617e-13
9.52793e-13
1.404e-12
2.04296e-12
2.93248e-12
4.14659e-12
5.76693e-12
7.87559e-12
1.05438e-11
1.38172e-11
1.76862e-11
2.20736e-11
2.67636e-11
3.13478e-11
3.51126e-11
3.68987e-11
3.55368e-11
3.02012e-11
2.22308e-11
1.4361e-11
8.76288e-12
5.40909e-12
3.43835e-12
2.29093e-12
1.61129e-12
1.20788e-12
9.73633e-13
8.5092e-13
8.13384e-13
8.56236e-13
9.95158e-13
1.26792e-12
1.74351e-12
2.54132e-12
3.82392e-12
5.84174e-12
8.91777e-12
1.34365e-11
1.98276e-11
2.87831e-11
4.03014e-11
5.51909e-11
7.41878e-11
9.83349e-11
1.28823e-10
1.65755e-10
2.027e-10
2.08539e-10
1.24667e-10
6.84968e-11
3.73467e-11
2.01125e-11
1.05493e-11
5.43694e-12
2.73625e-12
1.35497e-12
6.73388e-13
3.37024e-13
1.89769e-13
1.31015e-13
1.27601e-13
1.74779e-13
2.9079e-13
4.84121e-13
5.53424e-13
4.79021e-13
3.5995e-13
2.49672e-13
1.64002e-13
1.03252e-13
6.27898e-14
3.71123e-14
2.14271e-14
1.21317e-14
6.75562e-15
3.70805e-15
2.00958e-15
1.07682e-15
5.71161e-16
3.00179e-16
1.56446e-16
8.09053e-17
4.15355e-17
2.11633e-17
1.06817e-17
5.31527e-18
2.57848e-18
1.18691e-18
4.80355e-19
1.10602e-19
1.54598e-15
5.9909e-15
1.27752e-14
2.34934e-14
4.04077e-14
6.69938e-14
1.08572e-13
1.73199e-13
2.72943e-13
4.20521e-13
6.36107e-13
9.4889e-13
1.3981e-12
2.0343e-12
2.92018e-12
4.12966e-12
5.7443e-12
7.84622e-12
1.05071e-11
1.37718e-11
1.76385e-11
2.20205e-11
2.6716e-11
3.13208e-11
3.51205e-11
3.69624e-11
3.56756e-11
3.04121e-11
2.2455e-11
1.4537e-11
8.86923e-12
5.47175e-12
3.47508e-12
2.31318e-12
1.62525e-12
1.21697e-12
9.79563e-13
8.55316e-13
8.17198e-13
8.6039e-13
1.00079e-12
1.27688e-12
1.75866e-12
2.56778e-12
3.86997e-12
5.92133e-12
9.0483e-12
1.36442e-11
2.01465e-11
2.92528e-11
4.09855e-11
5.61638e-11
7.55601e-11
1.00252e-10
1.31486e-10
1.6926e-10
2.0632e-10
2.08503e-10
1.2128e-10
6.65567e-11
3.62185e-11
1.94409e-11
1.02088e-11
5.24395e-12
2.63049e-12
1.29892e-12
6.44387e-13
3.23485e-13
1.83611e-13
1.29631e-13
1.30609e-13
1.83717e-13
3.0914e-13
5.02313e-13
5.54474e-13
4.71538e-13
3.51435e-13
2.4265e-13
1.58922e-13
9.98455e-14
6.063e-14
3.5802e-14
2.06596e-14
1.16945e-14
6.51218e-15
3.57501e-15
1.93805e-15
1.03887e-15
5.51262e-16
2.89841e-16
1.51109e-16
7.81619e-17
4.01386e-17
2.04577e-17
1.03308e-17
5.14331e-18
2.49603e-18
1.14925e-18
4.65172e-19
1.07117e-19
1.54122e-15
5.97249e-15
1.27358e-14
2.34206e-14
4.0282e-14
6.67856e-14
1.08238e-13
1.72682e-13
2.72175e-13
4.19289e-13
6.34196e-13
9.45971e-13
1.39358e-12
2.0275e-12
2.91024e-12
4.11575e-12
5.72576e-12
7.82263e-12
1.0479e-11
1.37382e-11
1.75988e-11
2.19815e-11
2.66839e-11
3.13034e-11
3.51335e-11
3.70217e-11
3.57952e-11
3.05882e-11
2.26395e-11
1.46816e-11
8.9589e-12
5.52475e-12
3.50575e-12
2.33158e-12
1.63663e-12
1.22421e-12
9.84486e-13
8.59155e-13
8.20713e-13
8.64348e-13
1.00624e-12
1.28545e-12
1.77316e-12
2.59288e-12
3.91339e-12
5.99456e-12
9.16854e-12
1.38345e-11
2.04368e-11
2.96783e-11
4.15958e-11
5.70206e-11
7.67558e-11
1.01932e-10
1.33815e-10
1.72296e-10
2.09331e-10
2.08025e-10
1.17945e-10
6.47148e-11
3.51924e-11
1.88609e-11
9.91275e-12
5.06228e-12
2.5346e-12
1.24972e-12
6.19483e-13
3.13049e-13
1.79322e-13
1.29427e-13
1.34368e-13
1.92985e-13
3.26782e-13
5.1683e-13
5.56069e-13
4.66559e-13
3.453e-13
2.3734e-13
1.54935e-13
9.71009e-14
5.88599e-14
3.47154e-14
2.00173e-14
1.13259e-14
6.3056e-15
3.46151e-15
1.8767e-15
1.00618e-15
5.34056e-16
2.80909e-16
1.46557e-16
7.58929e-17
3.90178e-17
1.9903e-17
1.00517e-17
5.0033e-18
2.42761e-18
1.1176e-18
4.52327e-19
1.04158e-19
1.53709e-15
5.95654e-15
1.27018e-14
2.33579e-14
4.01738e-14
6.66051e-14
1.07943e-13
1.72207e-13
2.7136e-13
4.1794e-13
6.32137e-13
9.43027e-13
1.38965e-12
2.02211e-12
2.9027e-12
4.1049e-12
5.71086e-12
7.80338e-12
1.04546e-11
1.37111e-11
1.75698e-11
2.1954e-11
2.66631e-11
3.12965e-11
3.51514e-11
3.70772e-11
3.58985e-11
3.07351e-11
2.27911e-11
1.47998e-11
9.03225e-12
5.56793e-12
3.53116e-12
2.34677e-12
1.64602e-12
1.23035e-12
9.88811e-13
8.62658e-13
8.24088e-13
8.68377e-13
1.01182e-12
1.29413e-12
1.78752e-12
2.61716e-12
3.95491e-12
6.06423e-12
9.282e-12
1.40128e-11
2.0706e-11
3.00646e-11
4.21503e-11
5.78007e-11
7.78395e-11
1.03424e-10
1.35842e-10
1.74831e-10
2.11546e-10
2.06346e-10
1.15735e-10
6.34185e-11
3.44323e-11
1.84178e-11
9.65606e-12
4.92834e-12
2.46162e-12
1.21151e-12
6.00316e-13
3.05629e-13
1.76805e-13
1.30374e-13
1.39054e-13
2.03412e-13
3.46378e-13
5.31722e-13
5.59335e-13
4.63829e-13
3.41082e-13
2.33476e-13
1.5196e-13
9.50214e-14
5.74999e-14
3.38697e-14
1.95115e-14
1.10326e-14
6.13958e-15
3.36948e-15
1.82653e-15
9.79191e-16
5.19638e-16
2.73266e-16
1.42554e-16
7.38374e-17
3.79625e-17
1.93666e-17
9.78556e-18
4.87334e-18
2.36548e-18
1.08927e-18
4.40919e-19
1.01538e-19
1.53363e-15
5.94323e-15
1.26735e-14
2.33059e-14
4.00841e-14
6.64562e-14
1.07702e-13
1.71823e-13
2.70687e-13
4.1681e-13
6.30359e-13
9.40338e-13
1.38567e-12
2.01655e-12
2.89534e-12
4.09584e-12
5.69929e-12
7.78851e-12
1.04363e-11
1.36892e-11
1.75476e-11
2.19345e-11
2.66488e-11
3.12952e-11
3.51717e-11
3.71283e-11
3.59875e-11
3.08574e-11
2.29151e-11
1.48959e-11
9.09168e-12
5.60286e-12
3.55139e-12
2.35906e-12
1.65397e-12
1.23564e-12
9.92586e-13
8.65784e-13
8.27193e-13
8.7204e-13
1.01703e-12
1.30241e-12
1.80148e-12
2.64094e-12
3.99528e-12
6.13129e-12
9.38985e-12
1.41788e-11
2.09526e-11
3.04153e-11
4.264e-11
5.84741e-11
7.87646e-11
1.04694e-10
1.37545e-10
1.76913e-10
2.13113e-10
2.04083e-10
1.13791e-10
6.2306e-11
3.37889e-11
1.80445e-11
9.43919e-12
4.8156e-12
2.40082e-12
1.18044e-12
5.85131e-13
3.00302e-13
1.75501e-13
1.32081e-13
1.44296e-13
2.14127e-13
3.65596e-13
5.46043e-13
5.63645e-13
4.62645e-13
3.38264e-13
2.30644e-13
1.49672e-13
9.33728e-14
5.64004e-14
3.31768e-14
1.90931e-14
1.07882e-14
6.00067e-15
3.29227e-15
1.78449e-15
9.56804e-16
5.08085e-16
2.67414e-16
1.39553e-16
7.228e-17
3.7162e-17
1.89573e-17
9.5766e-18
4.76863e-18
2.31446e-18
1.06571e-18
4.31363e-19
9.93352e-20
1.53082e-15
5.93238e-15
1.26505e-14
2.32636e-14
4.00116e-14
6.63365e-14
1.07509e-13
1.71519e-13
2.70144e-13
4.15893e-13
6.28918e-13
9.38179e-13
1.38252e-12
2.01208e-12
2.88915e-12
4.08744e-12
5.68882e-12
7.77613e-12
1.04221e-11
1.36735e-11
1.75317e-11
2.19204e-11
2.66411e-11
3.12984e-11
3.51928e-11
3.71744e-11
3.60632e-11
3.09577e-11
2.30156e-11
1.49732e-11
9.13955e-12
5.63116e-12
3.56822e-12
2.36933e-12
1.66039e-12
1.23992e-12
9.9573e-13
8.68479e-13
8.29917e-13
8.75411e-13
1.02178e-12
1.30978e-12
1.81348e-12
2.66092e-12
4.02968e-12
6.19027e-12
9.48956e-12
1.43325e-11
2.11794e-11
3.07279e-11
4.30728e-11
5.90657e-11
7.95633e-11
1.05765e-10
1.38948e-10
1.78532e-10
2.14091e-10
2.01423e-10
1.11931e-10
6.12643e-11
3.32004e-11
1.76986e-11
9.24047e-12
4.70759e-12
2.34367e-12
1.15176e-12
5.71394e-13
2.95786e-13
1.74722e-13
1.34044e-13
1.49452e-13
2.24556e-13
3.84035e-13
5.59534e-13
5.68179e-13
4.6218e-13
3.36135e-13
2.28346e-13
1.47764e-13
9.19796e-14
5.54656e-14
3.2586e-14
1.87362e-14
1.05797e-14
5.88203e-15
3.2262e-15
1.74833e-15
9.37268e-16
4.97605e-16
2.61887e-16
1.36761e-16
7.08639e-17
3.64415e-17
1.8588e-17
9.39077e-18
4.67646e-18
2.26986e-18
1.04521e-18
4.23072e-19
9.74267e-20
1.52855e-15
5.92365e-15
1.26319e-14
2.32297e-14
3.99535e-14
6.62407e-14
1.07355e-13
1.71278e-13
2.69711e-13
4.1516e-13
6.2777e-13
9.36467e-13
1.38005e-12
2.0086e-12
2.88437e-12
4.08109e-12
5.68074e-12
7.76579e-12
1.04103e-11
1.36617e-11
1.75205e-11
2.19117e-11
2.66377e-11
3.13046e-11
3.52141e-11
3.72161e-11
3.61287e-11
3.10432e-11
2.30977e-11
1.50348e-11
9.1773e-12
5.65314e-12
3.58097e-12
2.37713e-12
1.66536e-12
1.24334e-12
9.98297e-13
8.70739e-13
8.32282e-13
8.78284e-13
1.02575e-12
1.31572e-12
1.82287e-12
2.67554e-12
4.05216e-12
6.22315e-12
9.60467e-12
1.44834e-11
2.13875e-11
3.1007e-11
4.34552e-11
5.95782e-11
8.02437e-11
1.0666e-10
1.40073e-10
1.79768e-10
2.14645e-10
1.98735e-10
1.10233e-10
6.03508e-11
3.27648e-11
1.7277e-11
9.01811e-12
4.59204e-12
2.28566e-12
1.12388e-12
5.58631e-13
2.91765e-13
1.74179e-13
1.36007e-13
1.54352e-13
2.34098e-13
4.0048e-13
5.71161e-13
5.71781e-13
4.6135e-13
3.33953e-13
2.26146e-13
1.46002e-13
9.07257e-14
5.464e-14
3.20719e-14
1.84287e-14
1.04015e-14
5.78129e-15
3.17035e-15
1.71785e-15
9.20852e-16
4.88843e-16
2.57228e-16
1.34267e-16
6.95599e-17
3.57743e-17
1.82553e-17
9.22567e-18
4.59539e-18
2.23093e-18
1.02742e-18
4.15899e-19
9.57777e-20
1.52676e-15
5.91676e-15
1.26173e-14
2.32029e-14
3.99074e-14
6.61644e-14
1.07232e-13
1.71083e-13
2.69367e-13
4.14581e-13
6.26869e-13
9.3513e-13
1.37813e-12
2.00591e-12
2.8807e-12
4.07626e-12
5.67443e-12
7.75837e-12
1.04017e-11
1.36525e-11
1.75123e-11
2.1906e-11
2.66369e-11
3.1312e-11
3.52338e-11
3.72515e-11
3.61815e-11
3.11092e-11
2.3162e-11
1.5084e-11
9.20745e-12
5.67102e-12
3.59148e-12
2.38345e-12
1.66941e-12
1.24617e-12
1.00052e-12
8.72756e-13
8.34418e-13
8.80952e-13
1.02955e-12
1.32167e-12
1.83259e-12
2.69166e-12
4.07965e-12
6.26984e-12
9.68056e-12
1.45988e-11
2.15548e-11
3.12348e-11
4.3768e-11
5.99975e-11
8.07971e-11
1.07381e-10
1.40973e-10
1.80711e-10
2.14913e-10
1.96102e-10
1.08645e-10
5.94674e-11
3.22675e-11
1.70041e-11
8.86401e-12
4.50818e-12
2.2421e-12
1.10257e-12
5.48869e-13
2.88815e-13
1.73941e-13
1.37722e-13
1.58297e-13
2.41429e-13
4.12176e-13
5.79105e-13
5.72458e-13
4.59238e-13
3.31477e-13
2.24071e-13
1.44469e-13
8.96787e-14
5.39651e-14
3.16557e-14
1.8181e-14
1.0258e-14
5.70006e-15
3.12523e-15
1.69321e-15
9.07582e-16
4.81782e-16
2.53507e-16
1.32323e-16
6.85529e-17
3.52575e-17
1.79927e-17
9.0938e-18
4.53011e-18
2.1994e-18
1.01295e-18
4.10051e-19
9.44284e-20
1.5254e-15
5.91153e-15
1.26062e-14
2.31826e-14
3.98726e-14
6.61071e-14
1.0714e-13
1.70939e-13
2.69108e-13
4.14143e-13
6.26186e-13
9.34119e-13
1.37668e-12
2.00389e-12
2.87798e-12
4.0727e-12
5.66992e-12
7.75298e-12
1.03956e-11
1.36463e-11
1.75068e-11
2.19028e-11
2.66378e-11
3.13195e-11
3.52511e-11
3.72812e-11
3.62246e-11
3.11614e-11
2.3211e-11
1.51202e-11
9.22974e-12
5.68415e-12
3.59922e-12
2.38821e-12
1.67253e-12
1.24841e-12
1.00228e-12
8.74376e-13
8.36195e-13
8.83216e-13
1.0328e-12
1.32675e-12
1.84089e-12
2.70542e-12
4.10275e-12
6.3078e-12
9.73862e-12
1.46881e-11
2.16862e-11
3.14147e-11
4.40164e-11
6.03317e-11
8.12382e-11
1.07947e-10
1.41667e-10
1.81409e-10
2.14996e-10
1.93693e-10
1.0725e-10
5.86923e-11
3.18316e-11
1.67748e-11
8.73838e-12
4.44094e-12
2.20777e-12
1.08609e-12
5.41585e-13
2.86498e-13
1.73872e-13
1.39318e-13
1.61918e-13
2.48373e-13
4.23822e-13
5.88298e-13
5.75464e-13
4.59163e-13
3.30379e-13
2.22844e-13
1.43447e-13
8.89375e-14
5.3471e-14
3.13452e-14
1.79939e-14
1.0149e-14
5.63809e-15
3.09073e-15
1.67433e-15
8.97392e-16
4.76348e-16
2.50644e-16
1.3083e-16
6.77824e-17
3.48632e-17
1.77926e-17
8.99312e-18
4.48017e-18
2.17522e-18
1.00183e-18
4.05554e-19
9.33934e-20
1.52443e-15
5.9078e-15
1.25983e-14
2.31681e-14
3.98479e-14
6.60664e-14
1.07075e-13
1.70837e-13
2.68923e-13
4.13827e-13
6.25692e-13
9.33389e-13
1.37563e-12
2.00243e-12
2.87599e-12
4.07006e-12
5.66666e-12
7.7491e-12
1.03914e-11
1.36422e-11
1.75035e-11
2.19013e-11
2.66396e-11
3.13263e-11
3.52651e-11
3.73041e-11
3.62565e-11
3.11995e-11
2.32464e-11
1.51463e-11
9.24567e-12
5.69353e-12
3.60478e-12
2.39165e-12
1.6748e-12
1.25005e-12
1.00361e-12
8.75635e-13
8.37579e-13
8.84985e-13
1.03535e-12
1.33072e-12
1.84737e-12
2.71593e-12
4.12019e-12
6.33628e-12
9.78184e-12
1.47547e-11
2.17843e-11
3.15491e-11
4.42022e-11
6.05813e-11
8.15663e-11
1.08368e-10
1.42173e-10
1.81898e-10
2.14984e-10
1.91753e-10
1.06121e-10
5.80675e-11
3.14831e-11
1.65926e-11
8.63946e-12
4.38876e-12
2.18134e-12
1.07353e-12
5.36207e-13
2.84641e-13
1.73823e-13
1.40593e-13
1.64831e-13
2.53986e-13
4.33163e-13
5.9573e-13
5.78458e-13
4.59756e-13
3.30026e-13
2.2223e-13
1.42863e-13
8.84816e-14
5.31528e-14
3.11388e-14
1.78668e-14
1.00736e-14
5.59469e-15
3.06635e-15
1.66091e-15
8.90144e-16
4.725e-16
2.48623e-16
1.29777e-16
6.72365e-17
3.45821e-17
1.76492e-17
8.92077e-18
4.44419e-18
2.15778e-18
9.93802e-19
4.02302e-19
9.26445e-20
1.52382e-15
5.90544e-15
1.25933e-14
2.3159e-14
3.98323e-14
6.60409e-14
1.07034e-13
1.70773e-13
2.68806e-13
4.13627e-13
6.25379e-13
9.32926e-13
1.37497e-12
2.00151e-12
2.87476e-12
4.06846e-12
5.66469e-12
7.7468e-12
1.0389e-11
1.36399e-11
1.75018e-11
2.19008e-11
2.66413e-11
3.13315e-11
3.5275e-11
3.73197e-11
3.62779e-11
3.12249e-11
2.327e-11
1.51636e-11
9.25623e-12
5.69968e-12
3.60842e-12
2.39392e-12
1.67631e-12
1.25115e-12
1.0045e-12
8.76489e-13
8.38534e-13
8.8622e-13
1.03713e-12
1.33347e-12
1.85179e-12
2.72312e-12
4.13205e-12
6.35541e-12
9.81058e-12
1.4799e-11
2.18494e-11
3.16383e-11
4.43254e-11
6.07464e-11
8.17824e-11
1.08643e-10
1.42502e-10
1.8221e-10
2.14949e-10
1.90434e-10
1.05336e-10
5.76333e-11
3.12414e-11
1.64663e-11
8.57136e-12
4.35298e-12
2.16337e-12
1.06505e-12
5.32584e-13
2.83402e-13
1.73803e-13
1.4147e-13
1.66798e-13
2.57751e-13
4.39399e-13
6.00663e-13
5.80543e-13
4.60308e-13
3.29931e-13
2.21926e-13
1.42542e-13
8.82173e-14
5.29623e-14
3.10125e-14
1.77879e-14
1.00264e-14
5.56732e-15
3.05088e-15
1.65234e-15
8.85475e-16
4.69989e-16
2.47291e-16
1.2908e-16
6.68764e-17
3.43979e-17
1.75556e-17
8.87371e-18
4.42082e-18
2.14646e-18
9.88595e-19
4.00194e-19
9.21589e-20
1.52353e-15
5.90431e-15
1.25909e-14
2.31546e-14
3.98249e-14
6.60287e-14
1.07015e-13
1.70743e-13
2.6875e-13
4.13532e-13
6.2523e-13
9.32706e-13
1.37466e-12
2.00108e-12
2.87417e-12
4.06771e-12
5.66377e-12
7.74573e-12
1.03878e-11
1.36388e-11
1.7501e-11
2.19007e-11
2.66424e-11
3.13343e-11
3.52802e-11
3.73278e-11
3.62889e-11
3.12376e-11
2.32815e-11
1.5172e-11
9.26134e-12
5.7027e-12
3.61021e-12
2.39504e-12
1.67705e-12
1.2517e-12
1.00495e-12
8.76921e-13
8.39017e-13
8.86839e-13
1.03802e-12
1.33484e-12
1.85401e-12
2.72672e-12
4.13799e-12
6.36504e-12
9.82503e-12
1.48212e-11
2.1882e-11
3.16828e-11
4.43869e-11
6.08287e-11
8.18901e-11
1.0878e-10
1.42664e-10
1.82361e-10
2.14925e-10
1.89762e-10
1.04939e-10
5.74135e-11
3.11191e-11
1.64021e-11
8.53679e-12
4.33484e-12
2.15428e-12
1.06078e-12
5.30771e-13
2.82782e-13
1.73793e-13
1.41906e-13
1.67772e-13
2.59608e-13
4.42443e-13
6.03047e-13
5.81565e-13
4.606e-13
3.29912e-13
2.21801e-13
1.42402e-13
8.80986e-14
5.28752e-14
3.09543e-14
1.77514e-14
1.00044e-14
5.55453e-15
3.04363e-15
1.64832e-15
8.83278e-16
4.68806e-16
2.46663e-16
1.2875e-16
6.67052e-17
3.43098e-17
1.75107e-17
8.85103e-18
4.40953e-18
2.14098e-18
9.86068e-19
3.9917e-19
9.19226e-20
1.52353e-15
5.90433e-15
1.2591e-14
2.31547e-14
3.9825e-14
6.60289e-14
1.07015e-13
1.70744e-13
2.68751e-13
4.13533e-13
6.25232e-13
9.32708e-13
1.37466e-12
2.00108e-12
2.87418e-12
4.06772e-12
5.66378e-12
7.74575e-12
1.03879e-11
1.36388e-11
1.75011e-11
2.19008e-11
2.66425e-11
3.13344e-11
3.52803e-11
3.73279e-11
3.62891e-11
3.12377e-11
2.32816e-11
1.51721e-11
9.26139e-12
5.70273e-12
3.61024e-12
2.39506e-12
1.67707e-12
1.25171e-12
1.00496e-12
8.7693e-13
8.39026e-13
8.86849e-13
1.03803e-12
1.33485e-12
1.85403e-12
2.72676e-12
4.13805e-12
6.36513e-12
9.82516e-12
1.48213e-11
2.18822e-11
3.16832e-11
4.43874e-11
6.08293e-11
8.18909e-11
1.08781e-10
1.42666e-10
1.82363e-10
2.14928e-10
1.89765e-10
1.0494e-10
5.74138e-11
3.11193e-11
1.64021e-11
8.53677e-12
4.33483e-12
2.15428e-12
1.06078e-12
5.30775e-13
2.82783e-13
1.73792e-13
1.41904e-13
1.67768e-13
2.596e-13
4.4243e-13
6.03037e-13
5.81561e-13
4.60599e-13
3.29912e-13
2.21801e-13
1.42402e-13
8.80988e-14
5.28754e-14
3.09544e-14
1.77514e-14
1.00044e-14
5.55456e-15
3.04365e-15
1.64832e-15
8.83282e-16
4.68809e-16
2.46664e-16
1.28751e-16
6.67055e-17
3.43099e-17
1.75108e-17
8.85106e-18
4.40955e-18
2.14098e-18
9.86071e-19
3.99171e-19
9.19228e-20
1.52384e-15
5.9055e-15
1.25934e-14
2.31592e-14
3.98328e-14
6.60416e-14
1.07035e-13
1.70775e-13
2.68809e-13
4.13631e-13
6.25384e-13
9.32933e-13
1.37498e-12
2.00152e-12
2.87478e-12
4.06849e-12
5.66472e-12
7.74685e-12
1.0389e-11
1.364e-11
1.75019e-11
2.1901e-11
2.66415e-11
3.13317e-11
3.52753e-11
3.732e-11
3.62783e-11
3.12252e-11
2.32701e-11
1.51638e-11
9.25636e-12
5.69978e-12
3.60849e-12
2.39397e-12
1.67635e-12
1.25118e-12
1.00453e-12
8.76517e-13
8.38563e-13
8.86251e-13
1.03717e-12
1.33352e-12
1.85186e-12
2.72323e-12
4.13222e-12
6.35568e-12
9.81098e-12
1.47995e-11
2.18501e-11
3.16393e-11
4.43267e-11
6.07481e-11
8.17846e-11
1.08646e-10
1.42505e-10
1.82213e-10
2.14951e-10
1.90432e-10
1.05335e-10
5.76327e-11
3.12411e-11
1.6466e-11
8.57123e-12
4.35292e-12
2.16333e-12
1.06504e-12
5.32572e-13
2.83396e-13
1.73797e-13
1.41463e-13
1.66786e-13
2.57728e-13
4.39361e-13
6.00634e-13
5.80531e-13
4.60304e-13
3.29931e-13
2.21927e-13
1.42542e-13
8.8218e-14
5.29628e-14
3.10129e-14
1.77881e-14
1.00265e-14
5.56739e-15
3.05092e-15
1.65236e-15
8.85488e-16
4.69996e-16
2.47295e-16
1.29082e-16
6.68773e-17
3.43982e-17
1.75558e-17
8.87377e-18
4.42085e-18
2.14647e-18
9.88601e-19
4.00197e-19
9.21594e-20
1.52446e-15
5.90789e-15
1.25985e-14
2.31684e-14
3.98485e-14
6.60674e-14
1.07076e-13
1.7084e-13
2.68926e-13
4.13832e-13
6.25699e-13
9.33398e-13
1.37565e-12
2.00245e-12
2.87602e-12
4.07011e-12
5.66672e-12
7.74919e-12
1.03916e-11
1.36424e-11
1.75037e-11
2.19016e-11
2.66399e-11
3.13267e-11
3.52656e-11
3.73046e-11
3.6257e-11
3.11999e-11
2.32468e-11
1.51465e-11
9.24583e-12
5.69364e-12
3.60486e-12
2.39171e-12
1.67485e-12
1.2501e-12
1.00364e-12
8.75674e-13
8.37622e-13
8.85039e-13
1.03542e-12
1.33081e-12
1.84748e-12
2.71613e-12
4.12047e-12
6.33661e-12
9.78228e-12
1.47553e-11
2.17852e-11
3.15505e-11
4.42041e-11
6.05838e-11
8.15695e-11
1.08372e-10
1.42178e-10
1.81903e-10
2.14986e-10
1.91747e-10
1.06117e-10
5.80654e-11
3.14818e-11
1.6592e-11
8.63915e-12
4.38862e-12
2.18128e-12
1.07351e-12
5.36195e-13
2.84634e-13
1.73815e-13
1.40582e-13
1.64811e-13
2.53949e-13
4.331e-13
5.95679e-13
5.78435e-13
4.59748e-13
3.30024e-13
2.22231e-13
1.42864e-13
8.84828e-14
5.31538e-14
3.11394e-14
1.78672e-14
1.00738e-14
5.59482e-15
3.06642e-15
1.66095e-15
8.90165e-16
4.72512e-16
2.4863e-16
1.2978e-16
6.72384e-17
3.45831e-17
1.76497e-17
8.92098e-18
4.44428e-18
2.15782e-18
9.93817e-19
4.02308e-19
9.26456e-20
1.52543e-15
5.91164e-15
1.26064e-14
2.3183e-14
3.98734e-14
6.61083e-14
1.07142e-13
1.70942e-13
2.69113e-13
4.14149e-13
6.26195e-13
9.34133e-13
1.3767e-12
2.00392e-12
2.87803e-12
4.07277e-12
5.67001e-12
7.7531e-12
1.03958e-11
1.36465e-11
1.75071e-11
2.19032e-11
2.66383e-11
3.132e-11
3.52516e-11
3.72817e-11
3.62251e-11
3.11617e-11
2.32113e-11
1.51204e-11
9.22986e-12
5.68425e-12
3.5993e-12
2.38827e-12
1.67257e-12
1.24844e-12
1.00231e-12
8.74412e-13
8.36233e-13
8.8326e-13
1.03286e-12
1.32684e-12
1.84103e-12
2.70557e-12
4.10296e-12
6.30814e-12
9.73922e-12
1.46891e-11
2.16875e-11
3.14167e-11
4.4019e-11
6.03348e-11
8.12419e-11
1.07951e-10
1.4167e-10
1.81413e-10
2.14997e-10
1.93685e-10
1.07246e-10
5.86909e-11
3.18312e-11
1.67748e-11
8.73843e-12
4.441e-12
2.20781e-12
1.08611e-12
5.41594e-13
2.86499e-13
1.73866e-13
1.39306e-13
1.61894e-13
2.48327e-13
4.23738e-13
5.88227e-13
5.7543e-13
4.5915e-13
3.30375e-13
2.22844e-13
1.43448e-13
8.89388e-14
5.34721e-14
3.13459e-14
1.79944e-14
1.01493e-14
5.63824e-15
3.09082e-15
1.67438e-15
8.97416e-16
4.76359e-16
2.50649e-16
1.30832e-16
6.77833e-17
3.48635e-17
1.77927e-17
8.99315e-18
4.48017e-18
2.17522e-18
1.00183e-18
4.05551e-19
9.33924e-20
1.52679e-15
5.91688e-15
1.26176e-14
2.32033e-14
3.99082e-14
6.61658e-14
1.07234e-13
1.71087e-13
2.69373e-13
4.14589e-13
6.26881e-13
9.35148e-13
1.37815e-12
2.00595e-12
2.88076e-12
4.07634e-12
5.67454e-12
7.75851e-12
1.04019e-11
1.36528e-11
1.75127e-11
2.19065e-11
2.66375e-11
3.13126e-11
3.52345e-11
3.72522e-11
3.6182e-11
3.11096e-11
2.31621e-11
1.50837e-11
9.20746e-12
5.6711e-12
3.59157e-12
2.38354e-12
1.66948e-12
1.24624e-12
1.00057e-12
8.72797e-13
8.34455e-13
8.8099e-13
1.02959e-12
1.32172e-12
1.83265e-12
2.69177e-12
4.07984e-12
6.27019e-12
9.68119e-12
1.45997e-11
2.15564e-11
3.12371e-11
4.37713e-11
6.00017e-11
8.08023e-11
1.07386e-10
1.40979e-10
1.80715e-10
2.14913e-10
1.96092e-10
1.08641e-10
5.94661e-11
3.22673e-11
1.70042e-11
8.86411e-12
4.50827e-12
2.24216e-12
1.1026e-12
5.48879e-13
2.88813e-13
1.73932e-13
1.37703e-13
1.5826e-13
2.41355e-13
4.12057e-13
5.79006e-13
5.72411e-13
4.5922e-13
3.31471e-13
2.2407e-13
1.4447e-13
8.968e-14
5.39662e-14
3.16565e-14
1.81815e-14
1.02583e-14
5.70022e-15
3.12532e-15
1.69326e-15
9.07606e-16
4.81792e-16
2.53511e-16
1.32323e-16
6.85523e-17
3.52567e-17
1.79922e-17
9.09343e-18
4.52989e-18
2.19928e-18
1.01289e-18
4.10025e-19
9.44221e-20
1.52859e-15
5.92378e-15
1.26322e-14
2.32302e-14
3.99544e-14
6.62422e-14
1.07358e-13
1.71282e-13
2.69717e-13
4.15169e-13
6.27784e-13
9.36487e-13
1.38008e-12
2.00864e-12
2.88444e-12
4.08118e-12
5.68087e-12
7.76597e-12
1.04105e-11
1.3662e-11
1.75209e-11
2.19123e-11
2.66384e-11
3.13053e-11
3.5215e-11
3.7217e-11
3.61296e-11
3.1044e-11
2.30985e-11
1.50356e-11
9.17772e-12
5.65337e-12
3.58111e-12
2.37724e-12
1.66543e-12
1.24341e-12
9.98352e-13
8.70787e-13
8.32327e-13
8.78329e-13
1.0258e-12
1.31578e-12
1.82296e-12
2.67568e-12
4.05239e-12
6.22356e-12
9.60543e-12
1.44847e-11
2.13895e-11
3.10098e-11
4.34593e-11
5.95839e-11
8.02512e-11
1.0667e-10
1.40085e-10
1.79778e-10
2.14648e-10
1.98728e-10
1.1023e-10
6.03488e-11
3.27638e-11
1.72765e-11
9.01791e-12
4.59198e-12
2.28565e-12
1.12388e-12
5.58635e-13
2.91758e-13
1.74168e-13
1.35986e-13
1.54313e-13
2.34022e-13
4.00349e-13
5.71057e-13
5.71727e-13
4.61328e-13
3.33946e-13
2.26145e-13
1.46003e-13
9.07273e-14
5.46414e-14
3.20728e-14
1.84294e-14
1.04019e-14
5.78149e-15
3.17045e-15
1.7179e-15
9.20865e-16
4.88839e-16
2.57217e-16
1.34255e-16
6.95516e-17
3.5769e-17
1.82522e-17
9.22409e-18
4.59461e-18
2.23055e-18
1.02724e-18
4.15828e-19
9.57615e-20
1.53085e-15
5.9325e-15
1.26507e-14
2.32641e-14
4.00125e-14
6.6338e-14
1.07511e-13
1.71524e-13
2.70151e-13
4.15903e-13
6.28933e-13
9.38202e-13
1.38256e-12
2.01213e-12
2.88922e-12
4.08754e-12
5.68897e-12
7.77635e-12
1.04223e-11
1.36739e-11
1.75322e-11
2.1921e-11
2.66418e-11
3.12993e-11
3.51938e-11
3.71754e-11
3.60642e-11
3.09586e-11
2.30162e-11
1.49737e-11
9.13985e-12
5.63133e-12
3.56825e-12
2.3694e-12
1.66047e-12
1.23999e-12
9.95793e-13
8.68538e-13
8.29974e-13
8.7547e-13
1.02185e-12
1.30987e-12
1.8136e-12
2.6611e-12
4.02996e-12
6.19074e-12
9.49035e-12
1.43338e-11
2.11814e-11
3.07308e-11
4.30768e-11
5.90712e-11
7.95703e-11
1.05774e-10
1.38958e-10
1.78541e-10
2.14095e-10
2.01419e-10
1.1193e-10
6.12635e-11
3.32e-11
1.76985e-11
9.24048e-12
4.70764e-12
2.34371e-12
1.15178e-12
5.71408e-13
2.95783e-13
1.74712e-13
1.34024e-13
1.49413e-13
2.24481e-13
3.83903e-13
5.59426e-13
5.68123e-13
4.62157e-13
3.36128e-13
2.28345e-13
1.47765e-13
9.19812e-14
5.54669e-14
3.2587e-14
1.87368e-14
1.058e-14
5.88222e-15
3.22628e-15
1.74834e-15
9.37236e-16
4.97546e-16
2.61809e-16
1.36668e-16
7.0825e-17
3.6425e-17
1.85807e-17
9.38745e-18
4.67495e-18
2.26918e-18
1.04492e-18
4.22957e-19
9.74007e-20
1.53366e-15
5.94332e-15
1.26737e-14
2.33063e-14
4.00848e-14
6.64575e-14
1.07704e-13
1.71827e-13
2.70693e-13
4.1682e-13
6.30374e-13
9.40363e-13
1.3857e-12
2.0166e-12
2.89542e-12
4.09596e-12
5.69945e-12
7.78874e-12
1.04366e-11
1.36896e-11
1.75481e-11
2.19351e-11
2.66497e-11
3.12962e-11
3.51727e-11
3.71294e-11
3.59886e-11
3.08583e-11
2.29158e-11
1.48964e-11
9.09208e-12
5.60319e-12
3.55171e-12
2.35925e-12
1.6541e-12
1.23573e-12
9.92661e-13
8.65851e-13
8.27259e-13
8.7211e-13
1.01711e-12
1.30251e-12
1.80162e-12
2.64114e-12
3.99559e-12
6.13178e-12
9.39063e-12
1.418e-11
2.09545e-11
3.04181e-11
4.26438e-11
5.84791e-11
7.87708e-11
1.04701e-10
1.37553e-10
1.7692e-10
2.13117e-10
2.04084e-10
1.13793e-10
6.23068e-11
3.37895e-11
1.80449e-11
9.43947e-12
4.81576e-12
2.40091e-12
1.18049e-12
5.85145e-13
3.003e-13
1.75494e-13
1.32063e-13
1.44259e-13
2.14057e-13
3.6547e-13
5.45936e-13
5.6359e-13
4.62624e-13
3.38258e-13
2.30643e-13
1.49674e-13
9.33747e-14
5.6402e-14
3.31778e-14
1.90938e-14
1.07886e-14
6.00085e-15
3.29233e-15
1.78448e-15
9.56733e-16
5.0797e-16
2.67328e-16
1.39547e-16
7.22702e-17
3.7154e-17
1.8951e-17
9.57369e-18
4.76731e-18
2.31387e-18
1.06546e-18
4.31267e-19
9.93139e-20
1.5371e-15
5.95658e-15
1.27019e-14
2.33581e-14
4.0174e-14
6.66055e-14
1.07944e-13
1.72209e-13
2.71363e-13
4.17947e-13
6.3215e-13
9.4305e-13
1.38969e-12
2.02217e-12
2.90279e-12
4.10503e-12
5.71104e-12
7.80362e-12
1.04549e-11
1.37116e-11
1.75704e-11
2.19548e-11
2.6664e-11
3.12977e-11
3.51528e-11
3.70785e-11
3.58998e-11
3.07362e-11
2.27919e-11
1.48004e-11
9.03266e-12
5.56824e-12
3.53139e-12
2.34694e-12
1.64615e-12
1.23045e-12
9.88894e-13
8.62733e-13
8.24161e-13
8.68454e-13
1.01191e-12
1.29424e-12
1.78768e-12
2.61738e-12
3.95525e-12
6.06477e-12
9.28284e-12
1.40141e-11
2.07079e-11
3.00673e-11
4.2154e-11
5.78056e-11
7.78456e-11
1.03431e-10
1.35851e-10
1.74839e-10
2.11553e-10
2.06347e-10
1.15738e-10
6.34201e-11
3.44334e-11
1.84184e-11
9.65649e-12
4.92856e-12
2.46176e-12
1.21158e-12
6.0035e-13
3.05637e-13
1.76802e-13
1.30359e-13
1.39022e-13
2.0335e-13
3.46265e-13
5.31622e-13
5.59286e-13
4.63813e-13
3.41079e-13
2.33478e-13
1.51963e-13
9.5024e-14
5.75018e-14
3.3871e-14
1.95123e-14
1.1033e-14
6.13986e-15
3.36966e-15
1.82666e-15
9.79308e-16
5.19775e-16
2.73375e-16
1.42598e-16
7.38333e-17
3.79596e-17
1.9367e-17
9.78551e-18
4.87328e-18
2.36546e-18
1.08927e-18
4.40927e-19
1.0154e-19
1.54122e-15
5.9725e-15
1.27358e-14
2.34204e-14
4.02815e-14
6.67843e-14
1.08234e-13
1.72673e-13
2.72153e-13
4.19281e-13
6.34202e-13
9.45991e-13
1.39362e-12
2.02756e-12
2.91032e-12
4.11587e-12
5.72594e-12
7.82289e-12
1.04794e-11
1.37387e-11
1.75994e-11
2.19824e-11
2.66849e-11
3.13046e-11
3.51349e-11
3.70232e-11
3.57966e-11
3.05893e-11
2.26403e-11
1.46822e-11
8.95932e-12
5.52505e-12
3.50597e-12
2.33175e-12
1.63676e-12
1.22431e-12
9.84574e-13
8.59234e-13
8.2079e-13
8.64428e-13
1.00633e-12
1.28556e-12
1.77331e-12
2.59311e-12
3.91374e-12
5.99508e-12
9.16936e-12
1.38358e-11
2.04386e-11
2.96808e-11
4.15992e-11
5.70251e-11
7.67614e-11
1.01939e-10
1.33823e-10
1.72304e-10
2.09337e-10
2.08028e-10
1.17949e-10
6.47185e-11
3.51945e-11
1.88621e-11
9.91349e-12
5.06262e-12
2.53479e-12
1.24982e-12
6.19532e-13
3.13065e-13
1.79323e-13
1.29416e-13
1.3434e-13
1.92933e-13
3.26685e-13
5.16741e-13
5.5603e-13
4.6655e-13
3.45302e-13
2.37345e-13
1.54939e-13
9.71045e-14
5.88624e-14
3.47169e-14
2.00183e-14
1.13265e-14
6.30594e-15
3.46172e-15
1.87684e-15
1.00628e-15
5.34133e-16
2.80965e-16
1.46595e-16
7.59149e-17
3.90222e-17
1.9904e-17
1.0053e-17
5.00443e-18
2.42837e-18
1.11803e-18
4.52525e-19
1.04207e-19
1.54602e-15
5.99106e-15
1.27755e-14
2.34941e-14
4.04091e-14
6.69968e-14
1.08578e-13
1.73213e-13
2.72974e-13
4.20547e-13
6.36134e-13
9.48922e-13
1.39814e-12
2.03437e-12
2.92028e-12
4.1298e-12
5.7445e-12
7.84651e-12
1.05075e-11
1.37724e-11
1.76392e-11
2.20214e-11
2.67171e-11
3.13221e-11
3.5122e-11
3.69639e-11
3.5677e-11
3.04133e-11
2.24559e-11
1.45376e-11
8.86967e-12
5.47207e-12
3.47531e-12
2.31335e-12
1.62538e-12
1.21708e-12
9.79653e-13
8.55398e-13
8.17279e-13
8.60474e-13
1.00089e-12
1.277e-12
1.75882e-12
2.568e-12
3.87031e-12
5.92183e-12
9.04908e-12
1.36454e-11
2.01481e-11
2.92551e-11
4.09887e-11
5.6168e-11
7.55653e-11
1.00258e-10
1.31494e-10
1.69267e-10
2.06326e-10
2.08507e-10
1.21287e-10
6.65609e-11
3.62209e-11
1.94424e-11
1.02096e-11
5.24441e-12
2.63074e-12
1.29905e-12
6.44454e-13
3.2351e-13
1.83619e-13
1.29627e-13
1.30592e-13
1.83679e-13
3.0907e-13
5.02244e-13
5.54451e-13
4.7154e-13
3.51444e-13
2.42659e-13
1.58929e-13
9.98502e-14
6.0633e-14
3.58039e-14
2.06607e-14
1.16952e-14
6.51258e-15
3.57525e-15
1.9382e-15
1.03898e-15
5.51338e-16
2.89901e-16
1.51159e-16
7.82052e-17
4.01714e-17
2.04805e-17
1.03441e-17
5.15065e-18
2.49985e-18
1.15107e-18
4.65925e-19
1.07291e-19
1.55081e-15
6.00944e-15
1.28143e-14
2.35649e-14
4.05306e-14
6.7199e-14
1.0891e-13
1.73756e-13
2.73867e-13
4.22094e-13
6.38642e-13
9.52828e-13
1.40405e-12
2.04304e-12
2.93259e-12
4.14674e-12
5.76715e-12
7.8759e-12
1.05442e-11
1.38177e-11
1.76869e-11
2.20745e-11
2.67647e-11
3.13492e-11
3.51142e-11
3.69003e-11
3.55383e-11
3.02025e-11
2.22317e-11
1.43617e-11
8.76332e-12
5.40941e-12
3.43858e-12
2.2911e-12
1.61143e-12
1.20799e-12
9.73726e-13
8.51005e-13
8.13467e-13
8.5632e-13
9.95248e-13
1.26802e-12
1.74366e-12
2.54155e-12
3.82425e-12
5.84225e-12
8.91853e-12
1.34377e-11
1.98292e-11
2.87853e-11
4.03042e-11
5.51945e-11
7.41923e-11
9.83402e-11
1.28829e-10
1.6576e-10
2.02703e-10
2.08539e-10
1.24675e-10
6.85013e-11
3.73496e-11
2.01143e-11
1.05503e-11
5.4375e-12
2.73655e-12
1.35512e-12
6.73465e-13
3.37059e-13
1.89784e-13
1.31017e-13
1.27593e-13
1.74754e-13
2.90742e-13
4.84074e-13
5.53417e-13
4.79034e-13
3.59966e-13
2.49684e-13
1.64011e-13
1.03257e-13
6.27933e-14
3.71144e-14
2.14284e-14
1.21324e-14
6.75605e-15
3.70831e-15
2.00975e-15
1.07695e-15
5.71267e-16
3.00278e-16
1.56548e-16
8.10181e-17
4.16539e-17
2.12408e-17
1.07252e-17
5.33748e-18
2.58887e-18
1.19114e-18
4.81928e-19
1.10949e-19
1.55659e-15
6.03178e-15
1.28621e-14
2.36536e-14
4.06853e-14
6.74604e-14
1.09344e-13
1.74467e-13
2.75018e-13
4.24126e-13
6.41827e-13
9.57675e-13
1.41122e-12
2.05341e-12
2.9473e-12
4.1671e-12
5.79445e-12
7.91126e-12
1.05881e-11
1.38677e-11
1.77442e-11
2.21314e-11
2.68189e-11
3.13895e-11
3.51136e-11
3.6833e-11
3.53765e-11
2.99458e-11
2.19527e-11
1.41288e-11
8.64998e-12
5.33843e-12
3.39573e-12
2.26474e-12
1.59487e-12
1.1975e-12
9.66711e-13
8.45961e-13
8.09379e-13
8.52103e-13
9.89753e-13
1.25927e-12
1.72816e-12
2.51375e-12
3.7748e-12
5.7569e-12
8.77318e-12
1.32089e-11
1.94732e-11
2.82534e-11
3.95451e-11
5.41186e-11
7.26777e-11
9.6204e-11
1.25844e-10
1.61783e-10
1.98368e-10
2.0757e-10
1.28395e-10
7.0662e-11
3.86128e-11
2.08601e-11
1.0951e-11
5.66688e-12
2.86363e-12
1.4237e-12
7.09207e-13
3.55049e-13
1.98586e-13
1.34024e-13
1.25752e-13
1.67306e-13
2.75184e-13
4.58314e-13
5.51656e-13
4.89117e-13
3.71166e-13
2.58656e-13
1.70312e-13
1.07373e-13
6.53455e-14
3.86348e-14
2.23063e-14
1.2627e-14
7.02908e-15
3.85661e-15
2.08917e-15
1.11896e-15
5.93246e-16
3.11668e-16
1.62399e-16
8.39915e-17
4.31327e-17
2.19773e-17
1.10909e-17
5.51754e-18
2.67591e-18
1.23155e-18
4.98307e-19
1.14718e-19
1.56293e-15
6.05641e-15
1.29153e-14
2.37533e-14
4.08614e-14
6.77624e-14
1.09853e-13
1.75317e-13
2.7643e-13
4.26444e-13
6.45798e-13
9.64016e-13
1.42098e-12
2.06799e-12
2.96847e-12
4.19694e-12
5.83507e-12
7.96448e-12
1.06547e-11
1.39466e-11
1.78344e-11
2.22251e-11
2.69018e-11
3.14435e-11
3.5115e-11
3.67454e-11
3.51696e-11
2.96225e-11
2.15938e-11
1.3842e-11
8.48165e-12
5.24043e-12
3.33988e-12
2.23158e-12
1.57453e-12
1.18486e-12
9.58508e-13
8.40012e-13
8.04689e-13
8.47574e-13
9.85012e-13
1.25156e-12
1.71457e-12
2.4876e-12
3.72787e-12
5.67464e-12
8.63281e-12
1.30024e-11
1.91356e-11
2.77245e-11
3.87547e-11
5.29751e-11
7.10541e-11
9.39198e-11
1.22662e-10
1.57531e-10
1.9359e-10
2.05795e-10
1.32576e-10
7.32878e-11
4.02238e-11
2.18308e-11
1.15047e-11
5.98103e-12
3.03805e-12
1.51636e-12
7.57543e-13
3.79795e-13
2.10406e-13
1.38255e-13
1.24052e-13
1.58753e-13
2.56122e-13
4.34108e-13
5.49925e-13
5.0223e-13
3.86098e-13
2.70808e-13
1.7888e-13
1.12945e-13
6.87615e-14
4.0639e-14
2.34436e-14
1.32563e-14
7.37057e-15
4.03906e-15
2.18541e-15
1.16916e-15
6.19189e-16
3.24952e-16
1.69136e-16
8.73635e-17
4.47788e-17
2.27881e-17
1.14896e-17
5.71187e-18
2.76892e-18
1.27421e-18
5.15647e-19
1.18721e-19
1.56859e-15
6.07844e-15
1.29629e-14
2.38426e-14
4.10185e-14
6.80284e-14
1.1029e-13
1.76014e-13
2.77496e-13
4.2817e-13
6.48463e-13
9.68218e-13
1.42748e-12
2.07782e-12
2.983e-12
4.2179e-12
5.86442e-12
8.00438e-12
1.07071e-11
1.4013e-11
1.79113e-11
2.23082e-11
2.69792e-11
3.14999e-11
3.51208e-11
3.6661e-11
3.49518e-11
2.92791e-11
2.12243e-11
1.35542e-11
8.29559e-12
5.12502e-12
3.27726e-12
2.19336e-12
1.55081e-12
1.17012e-12
9.49068e-13
8.33739e-13
8.00097e-13
8.43534e-13
9.8029e-13
1.24416e-12
1.70109e-12
2.46152e-12
3.67807e-12
5.60011e-12
8.49475e-12
1.2791e-11
1.87838e-11
2.71711e-11
3.79395e-11
5.18105e-11
6.94217e-11
9.16712e-11
1.19625e-10
1.53649e-10
1.89569e-10
2.05368e-10
1.41066e-10
7.82197e-11
4.30412e-11
2.34295e-11
1.23841e-11
6.46488e-12
3.29437e-12
1.6469e-12
8.18591e-13
4.15741e-13
2.26611e-13
1.44204e-13
1.22729e-13
1.49626e-13
2.3522e-13
4.02881e-13
5.43075e-13
5.14975e-13
4.02568e-13
2.84769e-13
1.88916e-13
1.19553e-13
7.28449e-14
4.30425e-14
2.48066e-14
1.40076e-14
7.77589e-15
4.25403e-15
2.29789e-15
1.22737e-15
6.49021e-16
3.40113e-16
1.76774e-16
9.1172e-17
4.66717e-17
2.37173e-17
1.19462e-17
5.93605e-18
2.87717e-18
1.32384e-18
5.35678e-19
1.2333e-19
1.57198e-15
6.09153e-15
1.29909e-14
2.38949e-14
4.1111e-14
6.81885e-14
1.10567e-13
1.76496e-13
2.78349e-13
4.29609e-13
6.50755e-13
9.71695e-13
1.43277e-12
2.0859e-12
2.9952e-12
4.23598e-12
5.89051e-12
8.04107e-12
1.07572e-11
1.4079e-11
1.79947e-11
2.24088e-11
2.70887e-11
3.15877e-11
3.51439e-11
3.65726e-11
3.47139e-11
2.88961e-11
2.08022e-11
1.32236e-11
8.08486e-12
4.99727e-12
3.20142e-12
2.14747e-12
1.52344e-12
1.15308e-12
9.38233e-13
8.26688e-13
7.95279e-13
8.39786e-13
9.76431e-13
1.23843e-12
1.6905e-12
2.44029e-12
3.6374e-12
5.52683e-12
8.36174e-12
1.25804e-11
1.84316e-11
2.66132e-11
3.71202e-11
5.06622e-11
6.78703e-11
8.96196e-11
1.17013e-10
1.50636e-10
1.87246e-10
2.08095e-10
1.57266e-10
8.69262e-11
4.76898e-11
2.5906e-11
1.3684e-11
7.14964e-12
3.65243e-12
1.82851e-12
9.08384e-13
4.58034e-13
2.45133e-13
1.50942e-13
1.21512e-13
1.40492e-13
2.14773e-13
3.68707e-13
5.28421e-13
5.25501e-13
4.19587e-13
2.9994e-13
2.00132e-13
1.2706e-13
7.75329e-14
4.5819e-14
2.63855e-14
1.48777e-14
8.24383e-15
4.50092e-15
2.42618e-15
1.29322e-15
6.82502e-16
3.57013e-16
1.85268e-16
9.5444e-17
4.88282e-17
2.47991e-17
1.24825e-17
6.19776e-18
3.00177e-18
1.38032e-18
5.58313e-19
1.28528e-19
1.57287e-15
6.09499e-15
1.29983e-14
2.3909e-14
4.11377e-14
6.82402e-14
1.10671e-13
1.7671e-13
2.78795e-13
4.30521e-13
6.52467e-13
9.74732e-13
1.43781e-12
2.0941e-12
3.00824e-12
4.2561e-12
5.92042e-12
8.08372e-12
1.08151e-11
1.41531e-11
1.80832e-11
2.25053e-11
2.7179e-11
3.1655e-11
3.51495e-11
3.64555e-11
3.44036e-11
2.84238e-11
2.03097e-11
1.28486e-11
7.84793e-12
4.85431e-12
3.11537e-12
2.09458e-12
1.49087e-12
1.13326e-12
9.25935e-13
8.19001e-13
7.90443e-13
8.36632e-13
9.73838e-13
1.23497e-12
1.68374e-12
2.42527e-12
3.60687e-12
5.46905e-12
8.25563e-12
1.23966e-11
1.81305e-11
2.61361e-11
3.64074e-11
4.96448e-11
6.6473e-11
8.7785e-11
1.14707e-10
1.48068e-10
1.85484e-10
2.11184e-10
1.74242e-10
9.63734e-11
5.28351e-11
2.87571e-11
1.5232e-11
7.98577e-12
4.08331e-12
2.04512e-12
1.01358e-12
5.08942e-13
2.65237e-13
1.5779e-13
1.19983e-13
1.30529e-13
1.92902e-13
3.31561e-13
5.11842e-13
5.35038e-13
4.3772e-13
3.16531e-13
2.12468e-13
1.353e-13
8.26423e-14
4.88146e-14
2.80683e-14
1.57933e-14
8.73006e-15
4.75451e-15
2.55663e-15
1.35963e-15
7.16054e-16
3.73873e-16
1.93713e-16
9.96681e-17
5.09407e-17
2.58543e-17
1.30069e-17
6.45557e-18
3.12563e-18
1.43692e-18
5.81107e-19
1.33773e-19
1.57121e-15
6.08852e-15
1.29843e-14
2.3883e-14
4.10936e-14
6.81728e-14
1.1058e-13
1.76616e-13
2.78758e-13
4.30616e-13
6.53004e-13
9.76366e-13
1.44183e-12
2.10216e-12
3.02262e-12
4.27947e-12
5.95633e-12
8.13615e-12
1.08875e-11
1.42472e-11
1.81968e-11
2.26296e-11
2.73074e-11
3.17562e-11
3.5176e-11
3.63514e-11
3.41158e-11
2.79732e-11
1.98146e-11
1.24645e-11
7.60104e-12
4.70428e-12
3.02435e-12
2.03909e-12
1.45772e-12
1.11283e-12
9.13248e-13
8.11243e-13
7.85872e-13
8.34154e-13
9.72519e-13
1.23367e-12
1.68055e-12
2.41587e-12
3.58503e-12
5.42421e-12
8.16722e-12
1.22353e-11
1.78615e-11
2.5708e-11
3.57727e-11
4.87402e-11
6.52198e-11
8.61036e-11
1.12585e-10
1.45602e-10
1.83424e-10
2.1265e-10
1.87038e-10
1.03906e-10
5.70266e-11
3.10187e-11
1.6621e-11
8.73981e-12
4.4752e-12
2.2475e-12
1.11371e-12
5.56086e-13
2.83752e-13
1.64083e-13
1.18669e-13
1.21983e-13
1.7325e-13
2.9347e-13
4.80699e-13
5.33598e-13
4.50525e-13
3.31154e-13
2.24415e-13
1.43728e-13
8.80581e-14
5.2062e-14
2.99159e-14
1.68032e-14
9.26562e-15
5.03201e-15
2.69787e-15
1.43056e-15
7.51323e-16
3.91299e-16
2.02297e-16
1.039e-16
5.30413e-17
2.69147e-17
1.3533e-17
6.71194e-18
3.2473e-18
1.49177e-18
6.0292e-19
1.38743e-19
1.56659e-15
6.06996e-15
1.29419e-14
2.37985e-14
4.09372e-14
6.78982e-14
1.10123e-13
1.75896e-13
2.77703e-13
4.29092e-13
6.51028e-13
9.74134e-13
1.43977e-12
2.10135e-12
3.02502e-12
4.28846e-12
5.97555e-12
8.17064e-12
1.09435e-11
1.43308e-11
1.83125e-11
2.27775e-11
2.74709e-11
3.18878e-11
3.52212e-11
3.62387e-11
3.37896e-11
2.74473e-11
1.92711e-11
1.20778e-11
7.35632e-12
4.55562e-12
2.93358e-12
1.98552e-12
1.42566e-12
1.09332e-12
9.01325e-13
8.04163e-13
7.81973e-13
8.32472e-13
9.72311e-13
1.23415e-12
1.68031e-12
2.41169e-12
3.57233e-12
5.39492e-12
8.10455e-12
1.21153e-11
1.7649e-11
2.53613e-11
3.5263e-11
4.79833e-11
6.41617e-11
8.46714e-11
1.10706e-10
1.43308e-10
1.81163e-10
2.1246e-10
1.94736e-10
1.08997e-10
5.99653e-11
3.27083e-11
1.7597e-11
9.29493e-12
4.77195e-12
2.40507e-12
1.1931e-12
5.94269e-13
2.99763e-13
1.69655e-13
1.17854e-13
1.15134e-13
1.58461e-13
2.6635e-13
4.46205e-13
5.27183e-13
4.59157e-13
3.42705e-13
2.34199e-13
1.50668e-13
9.24827e-14
5.4675e-14
3.13742e-14
1.7584e-14
9.67158e-15
5.2393e-15
2.80353e-15
1.48567e-15
7.79026e-16
4.04929e-16
2.08923e-16
1.07093e-16
5.45534e-17
2.75953e-17
1.3851e-17
6.8635e-18
3.31917e-18
1.52471e-18
6.16318e-19
1.41854e-19
1.56529e-15
6.06463e-15
1.29289e-14
2.37688e-14
4.08732e-14
6.77702e-14
1.09886e-13
1.75494e-13
2.77083e-13
4.28103e-13
6.49705e-13
9.72711e-13
1.43884e-12
2.10217e-12
3.03001e-12
4.30189e-12
6.00446e-12
8.22258e-12
1.10251e-11
1.44459e-11
1.84591e-11
2.29436e-11
2.76284e-11
3.2026e-11
3.52671e-11
3.61051e-11
3.34008e-11
2.68609e-11
1.86747e-11
1.16574e-11
7.11225e-12
4.4228e-12
2.85892e-12
1.94379e-12
1.40159e-12
1.0791e-12
8.9284e-13
7.99275e-13
7.79415e-13
8.31556e-13
9.72547e-13
1.23509e-12
1.68118e-12
2.4102e-12
3.56585e-12
5.37781e-12
8.06682e-12
1.20408e-11
1.75186e-11
2.51455e-11
3.49496e-11
4.75236e-11
6.35092e-11
8.37754e-11
1.09499e-10
1.41759e-10
1.79464e-10
2.11721e-10
1.98187e-10
1.11683e-10
6.15407e-11
3.36314e-11
1.81362e-11
9.60762e-12
4.94448e-12
2.49867e-12
1.24238e-12
6.17979e-13
3.10047e-13
1.73151e-13
1.17193e-13
1.10442e-13
1.47495e-13
2.44417e-13
4.16263e-13
5.16675e-13
4.64605e-13
3.52775e-13
2.43651e-13
1.57774e-13
9.71769e-14
5.74865e-14
3.29318e-14
1.83945e-14
1.00721e-14
5.42804e-15
2.88711e-15
1.51808e-15
7.92133e-16
4.10486e-16
2.11403e-16
1.08261e-16
5.51353e-17
2.79085e-17
1.40146e-17
6.94766e-18
3.36177e-18
1.54474e-18
6.24467e-19
1.43743e-19
)
;

boundaryField
{
    fuel
    {
        type            fixedValue;
        value           uniform 0;
    }
    air
    {
        type            fixedValue;
        value           uniform 0;
    }
    outlet
    {
        type            inletOutlet;
        inletValue      uniform 0;
        value           nonuniform List<scalar> 
200
(
1.5652e-15
6.0643e-15
1.29282e-14
2.37675e-14
4.0871e-14
6.77666e-14
1.0988e-13
1.75485e-13
2.77069e-13
4.28082e-13
6.49674e-13
9.72665e-13
1.43877e-12
2.10207e-12
3.02988e-12
4.3017e-12
6.00419e-12
8.22222e-12
1.10246e-11
1.44452e-11
1.84583e-11
2.29426e-11
2.76271e-11
3.20244e-11
3.52653e-11
3.61031e-11
3.33987e-11
2.6859e-11
1.86731e-11
1.16564e-11
7.11159e-12
4.42237e-12
2.85864e-12
1.94359e-12
1.40145e-12
1.07899e-12
8.92755e-13
7.99204e-13
7.79353e-13
8.315e-13
9.72494e-13
1.23503e-12
1.68112e-12
2.41009e-12
3.5657e-12
5.3777e-12
8.06673e-12
1.20407e-11
1.75185e-11
2.51452e-11
3.49492e-11
4.7523e-11
6.35085e-11
8.37748e-11
1.09498e-10
1.41759e-10
1.79464e-10
2.11718e-10
1.98172e-10
1.11672e-10
6.15346e-11
3.36281e-11
1.81344e-11
9.60667e-12
4.94399e-12
2.49845e-12
1.24228e-12
6.17926e-13
3.1002e-13
1.73137e-13
1.17191e-13
1.10455e-13
1.47539e-13
2.44413e-13
4.16195e-13
5.16564e-13
4.64505e-13
3.52704e-13
2.43606e-13
1.57747e-13
9.7162e-14
5.74788e-14
3.29279e-14
1.83927e-14
1.00713e-14
5.42766e-15
2.88695e-15
1.51802e-15
7.92107e-16
4.10476e-16
2.114e-16
1.0826e-16
5.51352e-17
2.79087e-17
1.40149e-17
6.94779e-18
3.36182e-18
1.54477e-18
6.2448e-19
1.43746e-19
1.56529e-15
6.06463e-15
1.29289e-14
2.37688e-14
4.08732e-14
6.77702e-14
1.09886e-13
1.75494e-13
2.77083e-13
4.28103e-13
6.49705e-13
9.72711e-13
1.43884e-12
2.10217e-12
3.03001e-12
4.30189e-12
6.00446e-12
8.22258e-12
1.10251e-11
1.44459e-11
1.84591e-11
2.29436e-11
2.76284e-11
3.2026e-11
3.52671e-11
3.61051e-11
3.34008e-11
2.68609e-11
1.86747e-11
1.16574e-11
7.11225e-12
4.4228e-12
2.85892e-12
1.94379e-12
1.40159e-12
1.0791e-12
8.9284e-13
7.99275e-13
7.79415e-13
8.31556e-13
9.72547e-13
1.23509e-12
1.68118e-12
2.4102e-12
3.56585e-12
5.37781e-12
8.06682e-12
1.20408e-11
1.75186e-11
2.51455e-11
3.49496e-11
4.75236e-11
6.35092e-11
8.37754e-11
1.09499e-10
1.41759e-10
1.79464e-10
2.11721e-10
1.98187e-10
1.11683e-10
6.15407e-11
3.36314e-11
1.81362e-11
9.60762e-12
4.94448e-12
2.49867e-12
1.24238e-12
6.17979e-13
3.10047e-13
1.73151e-13
1.17193e-13
1.10442e-13
1.47495e-13
2.44417e-13
4.16263e-13
5.16675e-13
4.64605e-13
3.52775e-13
2.43651e-13
1.57774e-13
9.71769e-14
5.74865e-14
3.29318e-14
1.83945e-14
1.00721e-14
5.42804e-15
2.88711e-15
1.51808e-15
7.92133e-16
4.10486e-16
2.11403e-16
1.08261e-16
5.51353e-17
2.79085e-17
1.40146e-17
6.94766e-18
3.36177e-18
1.54474e-18
6.24467e-19
1.43743e-19
)
;
    }
    frontAndBack
    {
        type            empty;
    }
    internal
    {
        type            internal;
    }
}


// ************************************************************************* //
