/*--------------------------------*- C++ -*----------------------------------*\
  =========                 |
  \\      /  F ield         | OpenFOAM: The Open Source CFD Toolbox
   \\    /   O peration     | Website:  https://openfoam.org
    \\  /    A nd           | Version:  10
     \\/     M anipulation  |
\*---------------------------------------------------------------------------*/
FoamFile
{
    format      ascii;
    class       volScalarField;
    location    "1";
    object      HNCO;
}
// * * * * * * * * * * * * * * * * * * * * * * * * * * * * * * * * * * * * * //

dimensions      [0 0 0 0 0 0 0];

internalField   nonuniform List<scalar> 
4000
(
9.79159e-11
3.79377e-10
8.08801e-10
1.48702e-09
2.55737e-09
4.24089e-09
6.8778e-09
1.09871e-08
1.73532e-08
2.68225e-08
4.07276e-08
6.10143e-08
9.03235e-08
1.32095e-07
1.90639e-07
2.71113e-07
3.79249e-07
5.2091e-07
7.01467e-07
9.25104e-07
1.1942e-06
1.50894e-06
1.86722e-06
2.26721e-06
2.7018e-06
3.15541e-06
3.6322e-06
4.13392e-06
4.63953e-06
5.15484e-06
5.66575e-06
6.1737e-06
6.67234e-06
7.15606e-06
7.6222e-06
8.06881e-06
8.49455e-06
8.89879e-06
9.2804e-06
9.63947e-06
9.97845e-06
1.02926e-05
1.0585e-05
1.08567e-05
1.11071e-05
1.13407e-05
1.15522e-05
1.17488e-05
1.19258e-05
1.20933e-05
1.22451e-05
1.23856e-05
1.25112e-05
1.26048e-05
1.26211e-05
1.24536e-05
1.18728e-05
1.04465e-05
7.69101e-06
4.30102e-06
2.37368e-06
1.30358e-06
7.13852e-07
3.97021e-07
2.37531e-07
1.71503e-07
1.45391e-07
1.28416e-07
1.1217e-07
9.69615e-08
8.25712e-08
6.92983e-08
5.72461e-08
4.63831e-08
3.66924e-08
2.82259e-08
2.06831e-08
1.45204e-08
9.73301e-09
6.22653e-09
3.81346e-09
2.2489e-09
1.28571e-09
7.17128e-10
3.92255e-10
2.11227e-10
1.12283e-10
5.90107e-11
3.07829e-11
1.59495e-11
8.21377e-12
4.20644e-12
2.14247e-12
1.08463e-12
5.44761e-13
2.70116e-13
1.30728e-13
6.0082e-14
2.4292e-14
5.59216e-15
9.79417e-11
3.79488e-10
8.09125e-10
1.48794e-09
2.55968e-09
4.24594e-09
6.8875e-09
1.10036e-08
1.73775e-08
2.68604e-08
4.07714e-08
6.10403e-08
9.02802e-08
1.31877e-07
1.90052e-07
2.69822e-07
3.76675e-07
5.16439e-07
6.94514e-07
9.15203e-07
1.18112e-06
1.4929e-06
1.84914e-06
2.24418e-06
2.67515e-06
3.1256e-06
3.59979e-06
4.10118e-06
4.60638e-06
5.12321e-06
5.63677e-06
6.14789e-06
6.64888e-06
7.1359e-06
7.60504e-06
8.05452e-06
8.48304e-06
8.89023e-06
9.27448e-06
9.63615e-06
9.97777e-06
1.02945e-05
1.05893e-05
1.08638e-05
1.11168e-05
1.13525e-05
1.15658e-05
1.17646e-05
1.19432e-05
1.21123e-05
1.22652e-05
1.24059e-05
1.25306e-05
1.26209e-05
1.26295e-05
1.24455e-05
1.18312e-05
1.03453e-05
7.52076e-06
4.19204e-06
2.31215e-06
1.26885e-06
6.94544e-07
3.86969e-07
2.33715e-07
1.71202e-07
1.46042e-07
1.28862e-07
1.12204e-07
9.6672e-08
8.20491e-08
6.86655e-08
5.65336e-08
4.56207e-08
3.58714e-08
2.7374e-08
1.99286e-08
1.38988e-08
9.26164e-09
5.89951e-09
3.60581e-09
2.12735e-09
1.21937e-09
6.82963e-10
3.75499e-10
2.03374e-10
1.08818e-10
5.7672e-11
3.02432e-11
1.57214e-11
8.11229e-12
4.15884e-12
2.11884e-12
1.07197e-12
5.38172e-13
2.66738e-13
1.29024e-13
5.92816e-14
2.39667e-14
5.51677e-15
9.81441e-11
3.8031e-10
8.11044e-10
1.49184e-09
2.567e-09
4.25888e-09
6.909e-09
1.10368e-08
1.74238e-08
2.6924e-08
4.08442e-08
6.10997e-08
9.02862e-08
1.31732e-07
1.89582e-07
2.68719e-07
3.74662e-07
5.13091e-07
6.89256e-07
9.07349e-07
1.16992e-06
1.47754e-06
1.8295e-06
2.22195e-06
2.65028e-06
3.09869e-06
3.57215e-06
4.07194e-06
4.57656e-06
5.09435e-06
5.60741e-06
6.11856e-06
6.62028e-06
7.11033e-06
7.58285e-06
8.03586e-06
8.46802e-06
8.87915e-06
9.26714e-06
9.63253e-06
9.97799e-06
1.02983e-05
1.05968e-05
1.08753e-05
1.11313e-05
1.13701e-05
1.15868e-05
1.17888e-05
1.1971e-05
1.21429e-05
1.22973e-05
1.24394e-05
1.25629e-05
1.26478e-05
1.26433e-05
1.24305e-05
1.1758e-05
1.01666e-05
7.22538e-06
4.01285e-06
2.21077e-06
1.21169e-06
6.62549e-07
3.70388e-07
2.27558e-07
1.70548e-07
1.46696e-07
1.29231e-07
1.12069e-07
9.61137e-08
8.12453e-08
6.7691e-08
5.55427e-08
4.47103e-08
3.47577e-08
2.64471e-08
1.91418e-08
1.32813e-08
8.81545e-09
5.60263e-09
3.42261e-09
2.02123e-09
1.16089e-09
6.51917e-10
3.59446e-10
1.95201e-10
1.04655e-10
5.54947e-11
2.91468e-11
1.51812e-11
7.84928e-12
4.03196e-12
2.05872e-12
1.0449e-12
5.25518e-13
2.60706e-13
1.26163e-13
5.79704e-14
2.34335e-14
5.39301e-15
9.81499e-11
3.80333e-10
8.11096e-10
1.49192e-09
2.56703e-09
4.25846e-09
6.90688e-09
1.10299e-08
1.74052e-08
2.68851e-08
4.07568e-08
6.09072e-08
8.98777e-08
1.30982e-07
1.8832e-07
2.66754e-07
3.71689e-07
5.08748e-07
6.83167e-07
8.9919e-07
1.15952e-06
1.46495e-06
1.81393e-06
2.20395e-06
2.63053e-06
3.07685e-06
3.54851e-06
4.04727e-06
4.54997e-06
5.06658e-06
5.57914e-06
6.09055e-06
6.59334e-06
7.08537e-06
7.56153e-06
8.01807e-06
8.45402e-06
8.86925e-06
9.26128e-06
9.63078e-06
9.98049e-06
1.0305e-05
1.06076e-05
1.08901e-05
1.11503e-05
1.1393e-05
1.16138e-05
1.182e-05
1.20055e-05
1.21805e-05
1.23371e-05
1.24801e-05
1.26023e-05
1.26812e-05
1.26596e-05
1.24094e-05
1.16594e-05
9.92847e-06
6.84064e-06
3.78967e-06
2.08596e-06
1.14461e-06
6.20606e-07
3.49385e-07
2.19879e-07
1.6934e-07
1.46827e-07
1.2904e-07
1.11526e-07
9.515e-08
8.00189e-08
6.64059e-08
5.42446e-08
4.33883e-08
3.36194e-08
2.54481e-08
1.82759e-08
1.25937e-08
8.31233e-09
5.26197e-09
3.20763e-09
1.89346e-09
1.08854e-09
6.12463e-10
3.38549e-10
1.84377e-10
9.91439e-11
5.27252e-11
2.77681e-11
1.44989e-11
7.5127e-12
3.86576e-12
1.97608e-12
1.00311e-12
5.04761e-13
2.50581e-13
1.21354e-13
5.58012e-14
2.25705e-14
5.19632e-15
9.79953e-11
3.79734e-10
8.09812e-10
1.48951e-09
2.56268e-09
4.25063e-09
6.8926e-09
1.10034e-08
1.73555e-08
2.67908e-08
4.05915e-08
6.06303e-08
8.94398e-08
1.30289e-07
1.87236e-07
2.65093e-07
3.69216e-07
5.05184e-07
6.78226e-07
8.92623e-07
1.15117e-06
1.45482e-06
1.80223e-06
2.18993e-06
2.61355e-06
3.05662e-06
3.5245e-06
4.02222e-06
4.52462e-06
5.041e-06
5.55378e-06
6.06565e-06
6.56967e-06
7.06329e-06
7.5424e-06
8.00282e-06
8.44261e-06
8.86182e-06
9.25782e-06
9.63134e-06
9.98522e-06
1.03138e-05
1.06206e-05
1.09076e-05
1.1172e-05
1.14187e-05
1.16434e-05
1.18534e-05
1.20426e-05
1.22213e-05
1.23814e-05
1.25265e-05
1.26481e-05
1.27201e-05
1.26798e-05
1.23859e-05
1.15436e-05
9.64706e-06
6.39621e-06
3.53463e-06
1.94308e-06
1.06365e-06
5.76573e-07
3.27166e-07
2.11544e-07
1.67369e-07
1.45978e-07
1.27874e-07
1.10285e-07
9.36968e-08
7.84888e-08
6.48685e-08
5.26893e-08
4.19838e-08
3.26257e-08
2.42244e-08
1.73205e-08
1.18856e-08
7.81898e-09
4.93955e-09
3.00915e-09
1.77734e-09
1.02331e-09
5.76943e-10
3.19657e-10
1.74506e-10
9.40559e-11
5.01294e-11
2.64538e-11
1.38372e-11
7.18069e-12
3.69947e-12
1.89288e-12
9.61552e-13
4.84099e-13
2.40418e-13
1.16468e-13
5.3567e-14
2.16702e-14
4.98912e-15
9.76904e-11
3.78556e-10
8.07296e-10
1.48483e-09
2.55446e-09
4.23649e-09
6.86833e-09
1.09612e-08
1.7284e-08
2.66741e-08
4.04087e-08
6.03559e-08
8.90249e-08
1.29657e-07
1.86281e-07
2.63669e-07
3.67134e-07
5.02194e-07
6.74014e-07
8.86796e-07
1.14325e-06
1.44413e-06
1.78818e-06
2.17335e-06
2.59548e-06
3.03755e-06
3.50509e-06
4.00204e-06
4.50351e-06
5.01944e-06
5.53249e-06
6.04489e-06
6.55054e-06
7.04599e-06
7.52815e-06
7.99152e-06
8.43458e-06
8.85728e-06
9.2569e-06
9.63417e-06
9.99191e-06
1.03245e-05
1.06352e-05
1.09266e-05
1.11953e-05
1.14462e-05
1.16756e-05
1.18895e-05
1.20838e-05
1.22676e-05
1.24316e-05
1.25789e-05
1.26993e-05
1.27645e-05
1.27044e-05
1.23634e-05
1.14202e-05
9.34363e-06
5.93174e-06
3.27584e-06
1.80065e-06
9.86017e-07
5.35826e-07
3.07199e-07
2.03702e-07
1.64593e-07
1.43969e-07
1.25761e-07
1.08143e-07
9.15916e-08
7.65312e-08
6.30588e-08
5.11014e-08
4.05651e-08
3.1331e-08
2.31479e-08
1.64702e-08
1.12518e-08
7.37509e-09
4.6474e-09
2.82751e-09
1.66975e-09
9.62027e-10
5.43092e-10
3.01405e-10
1.64851e-10
8.9026e-11
4.7541e-11
2.51349e-11
1.31702e-11
6.84499e-12
3.53058e-12
1.80802e-12
9.19171e-13
4.63095e-13
2.30158e-13
1.11576e-13
5.13448e-14
2.07776e-14
4.78385e-15
9.72391e-11
3.768e-10
8.03509e-10
1.47777e-09
2.54215e-09
4.21592e-09
6.8352e-09
1.09101e-08
1.72028e-08
2.65413e-08
4.02036e-08
6.00322e-08
8.85231e-08
1.28896e-07
1.8515e-07
2.62023e-07
3.64797e-07
4.98951e-07
6.69621e-07
8.80983e-07
1.13604e-06
1.4354e-06
1.77813e-06
2.16166e-06
2.58213e-06
3.02273e-06
3.48861e-06
3.98464e-06
4.48575e-06
5.00153e-06
5.51466e-06
6.02711e-06
6.53638e-06
7.03311e-06
7.51713e-06
7.98327e-06
8.42928e-06
8.85505e-06
9.25789e-06
9.63848e-06
9.99946e-06
1.03355e-05
1.065e-05
1.09453e-05
1.12183e-05
1.14715e-05
1.17055e-05
1.19227e-05
1.21217e-05
1.23099e-05
1.24777e-05
1.26278e-05
1.27487e-05
1.28084e-05
1.273e-05
1.23436e-05
1.13016e-05
9.05435e-06
5.52566e-06
3.04957e-06
1.67537e-06
9.16973e-07
4.99466e-07
2.89172e-07
1.96324e-07
1.61176e-07
1.41353e-07
1.22829e-07
1.05529e-07
8.92598e-08
7.44939e-08
6.12375e-08
4.94842e-08
3.91046e-08
3.01433e-08
2.21716e-08
1.57067e-08
1.06882e-08
6.98379e-09
4.39167e-09
2.66931e-09
1.5763e-09
9.08814e-10
5.13643e-10
2.85461e-10
1.56367e-10
8.45734e-11
4.52306e-11
2.39479e-11
1.2566e-11
6.54086e-12
3.38019e-12
1.73451e-12
8.83106e-13
4.45223e-13
2.21326e-13
1.07292e-13
4.93679e-14
1.99756e-14
4.59892e-15
9.67463e-11
3.74884e-10
7.99374e-10
1.47001e-09
2.52841e-09
4.1923e-09
6.79517e-09
1.08426e-08
1.70928e-08
2.63637e-08
3.99009e-08
5.95489e-08
8.77778e-08
1.27777e-07
1.83511e-07
2.59686e-07
3.61563e-07
4.94619e-07
6.64021e-07
8.74035e-07
1.12751e-06
1.42547e-06
1.76726e-06
2.15013e-06
2.56925e-06
3.00803e-06
3.47327e-06
3.96863e-06
4.46915e-06
4.98483e-06
5.5001e-06
6.01363e-06
6.52471e-06
7.02305e-06
7.50885e-06
7.97746e-06
8.42609e-06
8.8545e-06
9.26032e-06
9.64451e-06
1.00062e-05
1.03457e-05
1.06634e-05
1.09623e-05
1.12382e-05
1.14945e-05
1.17315e-05
1.19509e-05
1.21533e-05
1.23452e-05
1.25166e-05
1.26694e-05
1.27905e-05
1.28449e-05
1.27492e-05
1.232e-05
1.11863e-05
8.78978e-06
5.20386e-06
2.86801e-06
1.57311e-06
8.59987e-07
4.69479e-07
2.74528e-07
1.90179e-07
1.57853e-07
1.38432e-07
1.20049e-07
1.03059e-07
8.71019e-08
7.25782e-08
5.96022e-08
4.80728e-08
3.78847e-08
2.90618e-08
2.1293e-08
1.50294e-08
1.01948e-08
6.6452e-09
4.1726e-09
2.53474e-09
1.49708e-09
8.63702e-10
4.88601e-10
2.71833e-10
1.49067e-10
8.0713e-11
4.32112e-11
2.29009e-11
1.20269e-11
6.26447e-12
3.23852e-12
1.66227e-12
8.4687e-13
4.27546e-13
2.12756e-13
1.03193e-13
4.74929e-14
1.92198e-14
4.42524e-15
9.63041e-11
3.73173e-10
7.95713e-10
1.46322e-09
2.51656e-09
4.17227e-09
6.76188e-09
1.0788e-08
1.70043e-08
2.62092e-08
3.96598e-08
5.91817e-08
8.72315e-08
1.2698e-07
1.8237e-07
2.58084e-07
3.59372e-07
4.91702e-07
6.60263e-07
8.69511e-07
1.12188e-06
1.41904e-06
1.75944e-06
2.1405e-06
2.55893e-06
2.99735e-06
3.46182e-06
3.95621e-06
4.45637e-06
4.97114e-06
5.49117e-06
6.00443e-06
6.51626e-06
7.01564e-06
7.50284e-06
7.97344e-06
8.42436e-06
8.85422e-06
9.26235e-06
9.64935e-06
1.00132e-05
1.03552e-05
1.06756e-05
1.0977e-05
1.12555e-05
1.15141e-05
1.17541e-05
1.19758e-05
1.21806e-05
1.23746e-05
1.25472e-05
1.27005e-05
1.282e-05
1.28677e-05
1.27543e-05
1.2284e-05
1.10657e-05
8.54235e-06
4.94548e-06
2.72231e-06
1.49124e-06
8.14249e-07
4.46264e-07
2.63296e-07
1.8563e-07
1.55293e-07
1.36152e-07
1.17883e-07
1.01062e-07
8.53434e-08
7.10921e-08
5.83633e-08
4.70793e-08
3.66639e-08
2.81127e-08
2.05682e-08
1.44923e-08
9.81313e-09
6.38672e-09
4.00568e-09
2.43155e-09
1.4356e-09
8.28167e-10
4.68559e-10
2.60753e-10
1.4304e-10
7.74814e-11
4.14996e-11
2.20038e-11
1.15608e-11
6.02384e-12
3.11474e-12
1.59897e-12
8.14764e-13
4.11299e-13
2.04712e-13
9.93345e-14
4.57372e-14
1.85142e-14
4.26346e-15
9.59403e-11
3.71778e-10
7.9277e-10
1.45785e-09
2.50735e-09
4.15691e-09
6.73658e-09
1.07463e-08
1.69347e-08
2.60915e-08
3.94701e-08
5.88853e-08
8.678e-08
1.26311e-07
1.81406e-07
2.56733e-07
3.57522e-07
4.89222e-07
6.57027e-07
8.65265e-07
1.11698e-06
1.41277e-06
1.75224e-06
2.13308e-06
2.55079e-06
2.98858e-06
3.45262e-06
3.94652e-06
4.44675e-06
4.96169e-06
5.48274e-06
5.9967e-06
6.50947e-06
7.00984e-06
7.49818e-06
7.97025e-06
8.42309e-06
8.85454e-06
9.26434e-06
9.65339e-06
1.0019e-05
1.03627e-05
1.06847e-05
1.09876e-05
1.12677e-05
1.15281e-05
1.17694e-05
1.19924e-05
1.21983e-05
1.23931e-05
1.25665e-05
1.27192e-05
1.28358e-05
1.28756e-05
1.27441e-05
1.22352e-05
1.09413e-05
8.31185e-06
4.73325e-06
2.60248e-06
1.42326e-06
7.75555e-07
4.27313e-07
2.54499e-07
1.82416e-07
1.53646e-07
1.34675e-07
1.16496e-07
9.97578e-08
8.41621e-08
7.0038e-08
5.74153e-08
4.62163e-08
3.58978e-08
2.74605e-08
2.0038e-08
1.40808e-08
9.50956e-09
6.17453e-09
3.86498e-09
2.34261e-09
1.38168e-09
7.96567e-10
4.50548e-10
2.50718e-10
1.37553e-10
7.45294e-11
3.99327e-11
2.11816e-11
1.11334e-11
5.80302e-12
3.0011e-12
1.54104e-12
7.85455e-13
3.96699e-13
1.97545e-13
9.58926e-14
4.41629e-14
1.78792e-14
4.11765e-15
9.55779e-11
3.70374e-10
7.89764e-10
1.45229e-09
2.49774e-09
4.14099e-09
6.71101e-09
1.07066e-08
1.68756e-08
2.59978e-08
3.9325e-08
5.86624e-08
8.64318e-08
1.25779e-07
1.80616e-07
2.55604e-07
3.55974e-07
4.87178e-07
6.54465e-07
8.61961e-07
1.11265e-06
1.40775e-06
1.74658e-06
2.12658e-06
2.54396e-06
2.98141e-06
3.44523e-06
3.93883e-06
4.43917e-06
4.95423e-06
5.47588e-06
5.99045e-06
6.50412e-06
7.00537e-06
7.4947e-06
7.96802e-06
8.42227e-06
8.85493e-06
9.26593e-06
9.65636e-06
1.00231e-05
1.03678e-05
1.06909e-05
1.09947e-05
1.12758e-05
1.15369e-05
1.17788e-05
1.20024e-05
1.22086e-05
1.24033e-05
1.2576e-05
1.27269e-05
1.28396e-05
1.28711e-05
1.27229e-05
1.21802e-05
1.08241e-05
8.12038e-06
4.54357e-06
2.49748e-06
1.36539e-06
7.43868e-07
4.11948e-07
2.47295e-07
1.80255e-07
1.52823e-07
1.33933e-07
1.15792e-07
9.90066e-08
8.34199e-08
6.93321e-08
5.67554e-08
4.5606e-08
3.54078e-08
2.70176e-08
1.96566e-08
1.37701e-08
9.27029e-09
6.00157e-09
3.74764e-09
2.26742e-09
1.33567e-09
7.69435e-10
4.35006e-10
2.42019e-10
1.3278e-10
7.19521e-11
3.85603e-11
2.046e-11
1.07591e-11
5.61238e-12
2.90613e-12
1.49416e-12
7.62262e-13
3.85028e-13
1.91686e-13
9.3026e-14
4.28357e-14
1.73399e-14
3.99333e-15
9.52598e-11
3.69145e-10
7.87143e-10
1.44745e-09
2.48938e-09
4.127e-09
6.6881e-09
1.06695e-08
1.68125e-08
2.58945e-08
3.91674e-08
5.84359e-08
8.6126e-08
1.25353e-07
1.80007e-07
2.54705e-07
3.54698e-07
4.85457e-07
6.52154e-07
8.59184e-07
1.10929e-06
1.40382e-06
1.74222e-06
2.12174e-06
2.53866e-06
2.97575e-06
3.43938e-06
3.93274e-06
4.43321e-06
4.94838e-06
5.4705e-06
5.9856e-06
6.49992e-06
7.00193e-06
7.49208e-06
7.96633e-06
8.42166e-06
8.85523e-06
9.26712e-06
9.65855e-06
1.0026e-05
1.03714e-05
1.0695e-05
1.09993e-05
1.12808e-05
1.15422e-05
1.17842e-05
1.20076e-05
1.22134e-05
1.24071e-05
1.25784e-05
1.27268e-05
1.28349e-05
1.28579e-05
1.2693e-05
1.21178e-05
1.07011e-05
7.92219e-06
4.40719e-06
2.41997e-06
1.32164e-06
7.19736e-07
3.99472e-07
2.42555e-07
1.79352e-07
1.52869e-07
1.33906e-07
1.15675e-07
9.87275e-08
8.30484e-08
6.89113e-08
5.63056e-08
4.51421e-08
3.50656e-08
2.66959e-08
1.93665e-08
1.35248e-08
9.07907e-09
5.8631e-09
3.65362e-09
2.20695e-09
1.29848e-09
7.47375e-10
4.2229e-10
2.3486e-10
1.28828e-10
6.98054e-11
3.74088e-11
1.98462e-11
1.04343e-11
5.44254e-12
2.81906e-12
1.44951e-12
7.39596e-13
3.73789e-13
1.86201e-13
9.04042e-14
4.164e-14
1.68585e-14
3.88272e-15
9.499e-11
3.68103e-10
7.84925e-10
1.44337e-09
2.48233e-09
4.11526e-09
6.66897e-09
1.06389e-08
1.67598e-08
2.58068e-08
3.90295e-08
5.8226e-08
8.58115e-08
1.24907e-07
1.79405e-07
2.53941e-07
3.53682e-07
4.84082e-07
6.50343e-07
8.56793e-07
1.10648e-06
1.40063e-06
1.73842e-06
2.11763e-06
2.53424e-06
2.97117e-06
3.43472e-06
3.92793e-06
4.42854e-06
4.94381e-06
5.46634e-06
5.98188e-06
6.49678e-06
6.99932e-06
7.49002e-06
7.96498e-06
8.42112e-06
8.85533e-06
9.26781e-06
9.65987e-06
1.00278e-05
1.03736e-05
1.06975e-05
1.10019e-05
1.12835e-05
1.15448e-05
1.17866e-05
1.20095e-05
1.22146e-05
1.24069e-05
1.25764e-05
1.27222e-05
1.28258e-05
1.28408e-05
1.26609e-05
1.20563e-05
1.05867e-05
7.74666e-06
4.29714e-06
2.3583e-06
1.28704e-06
7.00747e-07
3.89778e-07
2.39203e-07
1.79137e-07
1.53383e-07
1.3429e-07
1.15919e-07
9.87583e-08
8.29337e-08
6.86982e-08
5.60296e-08
4.48274e-08
3.4835e-08
2.64534e-08
1.91386e-08
1.33288e-08
8.92365e-09
5.74883e-09
3.57515e-09
2.15609e-09
1.26703e-09
7.28641e-10
4.11462e-10
2.28755e-10
1.25457e-10
6.79801e-11
3.64416e-11
1.93492e-11
1.01835e-11
5.31434e-12
2.75268e-12
1.41544e-12
7.22183e-13
3.649e-13
1.81745e-13
8.8232e-14
4.06366e-14
1.64513e-14
3.78886e-15
9.47663e-11
3.6724e-10
7.83091e-10
1.44e-09
2.47653e-09
4.10565e-09
6.65341e-09
1.06142e-08
1.67165e-08
2.57346e-08
3.89161e-08
5.80545e-08
8.55585e-08
1.24542e-07
1.78886e-07
2.53215e-07
3.52739e-07
4.82902e-07
6.48866e-07
8.5496e-07
1.10424e-06
1.39797e-06
1.73553e-06
2.11444e-06
2.53085e-06
2.96761e-06
3.4311e-06
3.92422e-06
4.42492e-06
4.94028e-06
5.46312e-06
5.97899e-06
6.49429e-06
6.99727e-06
7.48848e-06
7.96396e-06
8.42067e-06
8.85531e-06
9.26816e-06
9.66062e-06
1.00288e-05
1.03747e-05
1.06986e-05
1.10029e-05
1.12843e-05
1.15455e-05
1.17872e-05
1.20096e-05
1.22137e-05
1.24046e-05
1.25725e-05
1.27157e-05
1.28154e-05
1.28235e-05
1.26305e-05
1.20006e-05
1.0485e-05
7.59313e-06
4.20535e-06
2.30725e-06
1.25873e-06
6.84979e-07
3.81827e-07
2.36467e-07
1.7918e-07
1.54051e-07
1.34838e-07
1.16336e-07
9.89531e-08
8.29721e-08
6.86251e-08
5.58727e-08
4.4611e-08
3.46785e-08
2.62705e-08
1.89528e-08
1.31634e-08
8.7901e-09
5.64985e-09
3.50697e-09
2.11188e-09
1.23973e-09
7.12401e-10
4.02088e-10
2.23472e-10
1.22537e-10
6.63918e-11
3.55882e-11
1.88935e-11
9.94416e-12
5.19385e-12
2.69173e-12
1.38448e-12
7.06323e-13
3.56917e-13
1.77783e-13
8.63137e-14
3.97544e-14
1.60943e-14
3.70665e-15
9.45833e-11
3.66534e-10
7.8159e-10
1.43724e-09
2.4718e-09
4.09781e-09
6.64076e-09
1.05942e-08
1.66814e-08
2.5676e-08
3.88241e-08
5.79162e-08
8.53554e-08
1.2425e-07
1.78474e-07
2.52648e-07
3.51983e-07
4.81873e-07
6.47586e-07
8.53482e-07
1.10251e-06
1.39597e-06
1.73323e-06
2.11191e-06
2.52817e-06
2.96481e-06
3.42825e-06
3.92125e-06
4.42211e-06
4.9376e-06
5.46071e-06
5.97688e-06
6.49253e-06
6.99584e-06
7.48739e-06
7.96321e-06
8.42032e-06
8.85522e-06
9.26828e-06
9.66094e-06
1.00291e-05
1.0375e-05
1.06987e-05
1.10025e-05
1.12833e-05
1.15435e-05
1.17886e-05
1.20095e-05
1.22124e-05
1.24018e-05
1.25681e-05
1.27093e-05
1.28056e-05
1.2808e-05
1.26042e-05
1.19529e-05
1.03991e-05
7.46652e-06
4.13159e-06
2.26741e-06
1.23952e-06
6.68207e-07
3.73881e-07
2.33817e-07
1.79167e-07
1.54635e-07
1.3535e-07
1.16764e-07
9.92026e-08
8.30836e-08
6.86314e-08
5.57971e-08
4.44699e-08
3.45728e-08
2.61021e-08
1.87734e-08
1.30046e-08
8.66446e-09
5.55867e-09
3.44533e-09
2.07255e-09
1.21574e-09
6.98278e-10
3.93998e-10
2.18938e-10
1.20042e-10
6.50377e-11
3.48618e-11
1.85071e-11
9.73916e-12
5.08434e-12
2.63455e-12
1.35526e-12
6.91758e-13
3.49695e-13
1.74239e-13
8.46127e-14
3.89772e-14
1.57811e-14
3.63467e-15
9.44361e-11
3.65967e-10
7.80382e-10
1.43502e-09
2.46797e-09
4.09145e-09
6.63042e-09
1.05776e-08
1.6653e-08
2.56289e-08
3.87508e-08
5.78061e-08
8.51943e-08
1.24018e-07
1.78149e-07
2.52202e-07
3.51369e-07
4.81093e-07
6.46584e-07
8.52237e-07
1.10108e-06
1.39432e-06
1.7314e-06
2.10992e-06
2.52608e-06
2.96267e-06
3.42612e-06
3.91908e-06
4.42001e-06
4.93554e-06
5.45887e-06
5.97526e-06
6.49118e-06
6.99478e-06
7.48659e-06
7.96267e-06
8.42006e-06
8.85514e-06
9.26833e-06
9.66112e-06
1.00293e-05
1.03751e-05
1.06988e-05
1.10023e-05
1.12829e-05
1.15429e-05
1.17878e-05
1.20083e-05
1.22106e-05
1.23989e-05
1.25642e-05
1.27039e-05
1.27977e-05
1.27955e-05
1.25827e-05
1.19137e-05
1.03272e-05
7.35926e-06
4.0701e-06
2.23316e-06
1.22041e-06
6.58107e-07
3.6891e-07
2.32296e-07
1.79447e-07
1.55282e-07
1.35887e-07
1.17211e-07
9.94829e-08
8.32435e-08
6.87059e-08
5.58157e-08
4.44658e-08
3.45954e-08
2.5784e-08
1.85465e-08
1.28397e-08
8.54746e-09
5.47878e-09
3.39315e-09
2.03987e-09
1.196e-09
6.86708e-10
3.8738e-10
2.15228e-10
1.17997e-10
6.39284e-11
3.42676e-11
1.81921e-11
9.57371e-12
4.99807e-12
2.58995e-12
1.33239e-12
6.80153e-13
3.4387e-13
1.71357e-13
8.32215e-14
3.8339e-14
1.55233e-14
3.57522e-15
9.43226e-11
3.65529e-10
7.79452e-10
1.43331e-09
2.46504e-09
4.08659e-09
6.62256e-09
1.05651e-08
1.66312e-08
2.55927e-08
3.86942e-08
5.77213e-08
8.50705e-08
1.23841e-07
1.77901e-07
2.51863e-07
3.50912e-07
4.80497e-07
6.45824e-07
8.51299e-07
1.09995e-06
1.39306e-06
1.73e-06
2.10843e-06
2.52451e-06
2.96107e-06
3.42451e-06
3.91746e-06
4.41849e-06
4.9341e-06
5.45758e-06
5.97415e-06
6.49027e-06
6.99405e-06
7.48606e-06
7.96232e-06
8.4199e-06
8.85511e-06
9.26839e-06
9.66125e-06
1.00295e-05
1.03752e-05
1.06988e-05
1.10022e-05
1.12826e-05
1.15425e-05
1.17869e-05
1.20071e-05
1.2209e-05
1.23966e-05
1.25612e-05
1.26998e-05
1.27918e-05
1.2786e-05
1.25661e-05
1.18824e-05
1.02688e-05
7.27128e-06
4.02062e-06
2.20558e-06
1.20497e-06
6.50284e-07
3.65194e-07
2.31245e-07
1.79753e-07
1.55852e-07
1.36368e-07
1.17584e-07
9.9724e-08
8.33839e-08
6.87696e-08
5.582e-08
4.44239e-08
3.45169e-08
2.56673e-08
1.84276e-08
1.27359e-08
8.46552e-09
5.41955e-09
3.3533e-09
2.01453e-09
1.18058e-09
6.77638e-10
3.82188e-10
2.1232e-10
1.16397e-10
6.30611e-11
3.38031e-11
1.7946e-11
9.44463e-12
4.93105e-12
2.55545e-12
1.31478e-12
6.71228e-13
3.39387e-13
1.69135e-13
8.21467e-14
3.78451e-14
1.53235e-14
3.52924e-15
9.42404e-11
3.65212e-10
7.78778e-10
1.43208e-09
2.46291e-09
4.08308e-09
6.61688e-09
1.05562e-08
1.66154e-08
2.55662e-08
3.86527e-08
5.7659e-08
8.4979e-08
1.2371e-07
1.77715e-07
2.51603e-07
3.50567e-07
4.80048e-07
6.4527e-07
8.50629e-07
1.09915e-06
1.39213e-06
1.72898e-06
2.10734e-06
2.52339e-06
2.95993e-06
3.42339e-06
3.91634e-06
4.41743e-06
4.9331e-06
5.45671e-06
5.9734e-06
6.48966e-06
6.99359e-06
7.48573e-06
7.96211e-06
8.41982e-06
8.85511e-06
9.26845e-06
9.66136e-06
1.00296e-05
1.03753e-05
1.06989e-05
1.10021e-05
1.12824e-05
1.15421e-05
1.17862e-05
1.20062e-05
1.22078e-05
1.23951e-05
1.25592e-05
1.26971e-05
1.27878e-05
1.27794e-05
1.25542e-05
1.18593e-05
1.02251e-05
7.20565e-06
3.98336e-06
2.18482e-06
1.1934e-06
6.44449e-07
3.62451e-07
2.30493e-07
1.79999e-07
1.56295e-07
1.36746e-07
1.17855e-07
9.99007e-08
8.34875e-08
6.88159e-08
5.58207e-08
4.43897e-08
3.44582e-08
2.55936e-08
1.83531e-08
1.26696e-08
8.41217e-09
5.38015e-09
3.32624e-09
1.99702e-09
1.16977e-09
6.7121e-10
3.78476e-10
2.10227e-10
1.1524e-10
6.24322e-11
3.3467e-11
1.77691e-11
9.35239e-12
4.88323e-12
2.53078e-12
1.30212e-12
6.64788e-13
3.36143e-13
1.67524e-13
8.1366e-14
3.74859e-14
1.51781e-14
3.49576e-15
9.41877e-11
3.65009e-10
7.78348e-10
1.43129e-09
2.46156e-09
4.08084e-09
6.61327e-09
1.05504e-08
1.66053e-08
2.55492e-08
3.86261e-08
5.7619e-08
8.49206e-08
1.23626e-07
1.77598e-07
2.51442e-07
3.50353e-07
4.7977e-07
6.44922e-07
8.50205e-07
1.09865e-06
1.39156e-06
1.72834e-06
2.10665e-06
2.52268e-06
2.95921e-06
3.42268e-06
3.91562e-06
4.41676e-06
4.93247e-06
5.45616e-06
5.97294e-06
6.48929e-06
6.99331e-06
7.48553e-06
7.96199e-06
8.4198e-06
8.85514e-06
9.26851e-06
9.66145e-06
1.00297e-05
1.03754e-05
1.06989e-05
1.1002e-05
1.12823e-05
1.15419e-05
1.17858e-05
1.20057e-05
1.22071e-05
1.23941e-05
1.2558e-05
1.26955e-05
1.27854e-05
1.27754e-05
1.25467e-05
1.18446e-05
1.01967e-05
7.16315e-06
3.95836e-06
2.17092e-06
1.18568e-06
6.4056e-07
3.60617e-07
2.29988e-07
1.80154e-07
1.56581e-07
1.36995e-07
1.18033e-07
1.00017e-07
8.35557e-08
6.88465e-08
5.58217e-08
4.43684e-08
3.44218e-08
2.55491e-08
1.83074e-08
1.2629e-08
8.37949e-09
5.35586e-09
3.30937e-09
1.98599e-09
1.16291e-09
6.67109e-10
3.76097e-10
2.0888e-10
1.14493e-10
6.20248e-11
3.32477e-11
1.76523e-11
9.29094e-12
4.85129e-12
2.51435e-12
1.29375e-12
6.6055e-13
3.34016e-13
1.6647e-13
8.08563e-14
3.72516e-14
1.50833e-14
3.47392e-15
9.41621e-11
3.6491e-10
7.78138e-10
1.4309e-09
2.46091e-09
4.07976e-09
6.61153e-09
1.05477e-08
1.66004e-08
2.5541e-08
3.86133e-08
5.75999e-08
8.48926e-08
1.23586e-07
1.77541e-07
2.51365e-07
3.50251e-07
4.79637e-07
6.44753e-07
8.49995e-07
1.0984e-06
1.39127e-06
1.72803e-06
2.10632e-06
2.52233e-06
2.95886e-06
3.42234e-06
3.91528e-06
4.41644e-06
4.93217e-06
5.4559e-06
5.97272e-06
6.48912e-06
6.99318e-06
7.48545e-06
7.96194e-06
8.41979e-06
8.85515e-06
9.26854e-06
9.6615e-06
1.00297e-05
1.03754e-05
1.06989e-05
1.1002e-05
1.12822e-05
1.15418e-05
1.17856e-05
1.20054e-05
1.22068e-05
1.23937e-05
1.25575e-05
1.26947e-05
1.27843e-05
1.27735e-05
1.25431e-05
1.18374e-05
1.01828e-05
7.14217e-06
3.94605e-06
2.16409e-06
1.18187e-06
6.38633e-07
3.59715e-07
2.29741e-07
1.80229e-07
1.5672e-07
1.37116e-07
1.1812e-07
1.00074e-07
8.35892e-08
6.88617e-08
5.58225e-08
4.43585e-08
3.44049e-08
2.55284e-08
1.82864e-08
1.26102e-08
8.36432e-09
5.34458e-09
3.30151e-09
1.98083e-09
1.1597e-09
6.65182e-10
3.74978e-10
2.08246e-10
1.14141e-10
6.18322e-11
3.31439e-11
1.7597e-11
9.2618e-12
4.83609e-12
2.5065e-12
1.28972e-12
6.58506e-13
3.32987e-13
1.65959e-13
8.06084e-14
3.71374e-14
1.50371e-14
3.46325e-15
9.41625e-11
3.64912e-10
7.78141e-10
1.43091e-09
2.46091e-09
4.07977e-09
6.61156e-09
1.05477e-08
1.66004e-08
2.55411e-08
3.86134e-08
5.76e-08
8.48927e-08
1.23586e-07
1.77541e-07
2.51365e-07
3.50251e-07
4.79637e-07
6.44753e-07
8.49996e-07
1.0984e-06
1.39127e-06
1.72803e-06
2.10632e-06
2.52233e-06
2.95886e-06
3.42234e-06
3.91528e-06
4.41644e-06
4.93217e-06
5.4559e-06
5.97272e-06
6.48912e-06
6.99318e-06
7.48545e-06
7.96194e-06
8.41979e-06
8.85515e-06
9.26854e-06
9.6615e-06
1.00297e-05
1.03754e-05
1.06989e-05
1.1002e-05
1.12822e-05
1.15418e-05
1.17856e-05
1.20054e-05
1.22068e-05
1.23937e-05
1.25574e-05
1.26947e-05
1.27843e-05
1.27735e-05
1.25431e-05
1.18373e-05
1.01828e-05
7.14213e-06
3.94602e-06
2.16406e-06
1.18186e-06
6.38628e-07
3.59712e-07
2.29739e-07
1.80227e-07
1.56719e-07
1.37115e-07
1.18119e-07
1.00073e-07
8.35888e-08
6.88614e-08
5.58223e-08
4.43584e-08
3.44048e-08
2.55284e-08
1.82864e-08
1.26102e-08
8.36434e-09
5.3446e-09
3.30152e-09
1.98084e-09
1.1597e-09
6.65186e-10
3.7498e-10
2.08248e-10
1.14142e-10
6.18327e-11
3.31441e-11
1.75971e-11
9.26187e-12
4.83613e-12
2.50652e-12
1.28973e-12
6.5851e-13
3.32989e-13
1.6596e-13
8.06088e-14
3.71376e-14
1.50372e-14
3.46327e-15
9.41887e-11
3.65013e-10
7.78355e-10
1.4313e-09
2.46159e-09
4.08088e-09
6.61334e-09
1.05506e-08
1.66054e-08
2.55494e-08
3.86263e-08
5.76193e-08
8.49209e-08
1.23626e-07
1.77598e-07
2.51442e-07
3.50354e-07
4.79771e-07
6.44923e-07
8.50206e-07
1.09865e-06
1.39156e-06
1.72834e-06
2.10665e-06
2.52268e-06
2.95921e-06
3.42269e-06
3.91563e-06
4.41677e-06
4.93247e-06
5.45616e-06
5.97294e-06
6.4893e-06
6.99331e-06
7.48554e-06
7.962e-06
8.4198e-06
8.85514e-06
9.26851e-06
9.66145e-06
1.00297e-05
1.03754e-05
1.06989e-05
1.1002e-05
1.12823e-05
1.15419e-05
1.17858e-05
1.20057e-05
1.22071e-05
1.23941e-05
1.2558e-05
1.26954e-05
1.27853e-05
1.27754e-05
1.25466e-05
1.18445e-05
1.01967e-05
7.16308e-06
3.95833e-06
2.1709e-06
1.18567e-06
6.40555e-07
3.60612e-07
2.29984e-07
1.80149e-07
1.56578e-07
1.36992e-07
1.18031e-07
1.00015e-07
8.35545e-08
6.88457e-08
5.58212e-08
4.43681e-08
3.44217e-08
2.5549e-08
1.83074e-08
1.26291e-08
8.37956e-09
5.35592e-09
3.30941e-09
1.98602e-09
1.16293e-09
6.6712e-10
3.76103e-10
2.08884e-10
1.14495e-10
6.2026e-11
3.32484e-11
1.76527e-11
9.29114e-12
4.85139e-12
2.51441e-12
1.29377e-12
6.60561e-13
3.34021e-13
1.66472e-13
8.08574e-14
3.72521e-14
1.50836e-14
3.47397e-15
9.42418e-11
3.65217e-10
7.78789e-10
1.4321e-09
2.46295e-09
4.08313e-09
6.61697e-09
1.05563e-08
1.66155e-08
2.55663e-08
3.86529e-08
5.76593e-08
8.49795e-08
1.2371e-07
1.77716e-07
2.51604e-07
3.50569e-07
4.80049e-07
6.45272e-07
8.50631e-07
1.09915e-06
1.39213e-06
1.72898e-06
2.10734e-06
2.52339e-06
2.95993e-06
3.4234e-06
3.91635e-06
4.41744e-06
4.93311e-06
5.45672e-06
5.97341e-06
6.48967e-06
6.99359e-06
7.48574e-06
7.96211e-06
8.41983e-06
8.85512e-06
9.26845e-06
9.66136e-06
1.00296e-05
1.03753e-05
1.06988e-05
1.1002e-05
1.12824e-05
1.15421e-05
1.17862e-05
1.20062e-05
1.22078e-05
1.2395e-05
1.25591e-05
1.2697e-05
1.27877e-05
1.27794e-05
1.25541e-05
1.18593e-05
1.02249e-05
7.20551e-06
3.98328e-06
2.18477e-06
1.19336e-06
6.4443e-07
3.62428e-07
2.30479e-07
1.79989e-07
1.56289e-07
1.36742e-07
1.17852e-07
9.98981e-08
8.34856e-08
6.88145e-08
5.58198e-08
4.43892e-08
3.44579e-08
2.55936e-08
1.83532e-08
1.26698e-08
8.4123e-09
5.38026e-09
3.32632e-09
1.99707e-09
1.16981e-09
6.71232e-10
3.78489e-10
2.10234e-10
1.15244e-10
6.24343e-11
3.34682e-11
1.77697e-11
9.35276e-12
4.88343e-12
2.53089e-12
1.30218e-12
6.64814e-13
3.36155e-13
1.67529e-13
8.13685e-14
3.7487e-14
1.51785e-14
3.49584e-15
9.43243e-11
3.65535e-10
7.79465e-10
1.43334e-09
2.46508e-09
4.08666e-09
6.62267e-09
1.05653e-08
1.66314e-08
2.55929e-08
3.86946e-08
5.77218e-08
8.50712e-08
1.23842e-07
1.77903e-07
2.51865e-07
3.50914e-07
4.805e-07
6.45827e-07
8.51303e-07
1.09995e-06
1.39306e-06
1.73001e-06
2.10843e-06
2.52452e-06
2.96108e-06
3.42452e-06
3.91748e-06
4.4185e-06
4.93411e-06
5.4576e-06
5.97416e-06
6.49028e-06
6.99407e-06
7.48607e-06
7.96233e-06
8.41991e-06
8.85511e-06
9.26839e-06
9.66125e-06
1.00295e-05
1.03752e-05
1.06988e-05
1.10021e-05
1.12826e-05
1.15424e-05
1.17869e-05
1.20071e-05
1.22089e-05
1.23966e-05
1.25612e-05
1.26997e-05
1.27917e-05
1.2786e-05
1.25661e-05
1.18823e-05
1.02686e-05
7.27108e-06
4.02053e-06
2.20556e-06
1.20497e-06
6.50283e-07
3.65192e-07
2.31239e-07
1.79745e-07
1.55845e-07
1.36362e-07
1.17579e-07
9.97204e-08
8.33813e-08
6.87677e-08
5.58187e-08
4.44231e-08
3.45165e-08
2.56672e-08
1.84277e-08
1.27361e-08
8.46569e-09
5.4197e-09
3.35341e-09
2.0146e-09
1.18063e-09
6.77666e-10
3.82204e-10
2.12329e-10
1.16403e-10
6.30638e-11
3.38045e-11
1.79467e-11
9.44494e-12
4.93119e-12
2.55551e-12
1.3148e-12
6.71238e-13
3.39391e-13
1.69136e-13
8.2147e-14
3.78451e-14
1.53235e-14
3.52922e-15
9.4438e-11
3.65974e-10
7.80398e-10
1.43505e-09
2.46802e-09
4.09153e-09
6.63055e-09
1.05778e-08
1.66532e-08
2.56292e-08
3.87512e-08
5.78068e-08
8.51952e-08
1.2402e-07
1.78151e-07
2.52204e-07
3.51371e-07
4.81096e-07
6.46588e-07
8.52243e-07
1.10108e-06
1.39433e-06
1.7314e-06
2.10994e-06
2.52609e-06
2.96269e-06
3.42614e-06
3.9191e-06
4.42004e-06
4.93558e-06
5.4589e-06
5.97528e-06
6.4912e-06
6.99479e-06
7.48661e-06
7.96268e-06
8.42007e-06
8.85515e-06
9.26834e-06
9.66112e-06
1.00293e-05
1.03751e-05
1.06988e-05
1.10023e-05
1.12829e-05
1.15429e-05
1.17878e-05
1.20083e-05
1.22105e-05
1.23989e-05
1.25641e-05
1.27038e-05
1.27976e-05
1.27954e-05
1.25826e-05
1.19135e-05
1.03269e-05
7.35904e-06
4.07e-06
2.23314e-06
1.2204e-06
6.58107e-07
3.68909e-07
2.3229e-07
1.79437e-07
1.55273e-07
1.3588e-07
1.17205e-07
9.94783e-08
8.32402e-08
6.87035e-08
5.58142e-08
4.44649e-08
3.45949e-08
2.57838e-08
1.85466e-08
1.28399e-08
8.54765e-09
5.47894e-09
3.39327e-09
2.03996e-09
1.19605e-09
6.8674e-10
3.87398e-10
2.15238e-10
1.18003e-10
6.39313e-11
3.4269e-11
1.81927e-11
9.57392e-12
4.99811e-12
2.58993e-12
1.33236e-12
6.80129e-13
3.43855e-13
1.71348e-13
8.32164e-14
3.83364e-14
1.55222e-14
3.57495e-15
9.45853e-11
3.66542e-10
7.81607e-10
1.43727e-09
2.47185e-09
4.0979e-09
6.6409e-09
1.05944e-08
1.66817e-08
2.56763e-08
3.88247e-08
5.79169e-08
8.53565e-08
1.24251e-07
1.78476e-07
2.52651e-07
3.51986e-07
4.81877e-07
6.47592e-07
8.53489e-07
1.10252e-06
1.39598e-06
1.73324e-06
2.11192e-06
2.52818e-06
2.96483e-06
3.42827e-06
3.92126e-06
4.42212e-06
4.93759e-06
5.46072e-06
5.9769e-06
6.49256e-06
6.99586e-06
7.48741e-06
7.96323e-06
8.42033e-06
8.85523e-06
9.26829e-06
9.66095e-06
1.00291e-05
1.0375e-05
1.06987e-05
1.10025e-05
1.12833e-05
1.15435e-05
1.17886e-05
1.20095e-05
1.22123e-05
1.24017e-05
1.2568e-05
1.27092e-05
1.28055e-05
1.28078e-05
1.26039e-05
1.19526e-05
1.03987e-05
7.4663e-06
4.13148e-06
2.26735e-06
1.23949e-06
6.68188e-07
3.73868e-07
2.33805e-07
1.79156e-07
1.54626e-07
1.35343e-07
1.16758e-07
9.91978e-08
8.30801e-08
6.86289e-08
5.57954e-08
4.4469e-08
3.45719e-08
2.61017e-08
1.87734e-08
1.30048e-08
8.66465e-09
5.55885e-09
3.44548e-09
2.07265e-09
1.2158e-09
6.98317e-10
3.94021e-10
2.1895e-10
1.20048e-10
6.50402e-11
3.48625e-11
1.85069e-11
9.73864e-12
5.08377e-12
2.63416e-12
1.35501e-12
6.91618e-13
3.49623e-13
1.74203e-13
8.45956e-14
3.89694e-14
1.5778e-14
3.63395e-15
9.47681e-11
3.67247e-10
7.83105e-10
1.44002e-09
2.47658e-09
4.10572e-09
6.65354e-09
1.06144e-08
1.67168e-08
2.5735e-08
3.89166e-08
5.80553e-08
8.55597e-08
1.24543e-07
1.78888e-07
2.53218e-07
3.52743e-07
4.82907e-07
6.48872e-07
8.54967e-07
1.10425e-06
1.39799e-06
1.73554e-06
2.11446e-06
2.53087e-06
2.96763e-06
3.43112e-06
3.92423e-06
4.42494e-06
4.9403e-06
5.46314e-06
5.97902e-06
6.49434e-06
6.99731e-06
7.4885e-06
7.96398e-06
8.42069e-06
8.85532e-06
9.26817e-06
9.66063e-06
1.00288e-05
1.03747e-05
1.06986e-05
1.10029e-05
1.12843e-05
1.15455e-05
1.17872e-05
1.20095e-05
1.22137e-05
1.24045e-05
1.25724e-05
1.27156e-05
1.28153e-05
1.28233e-05
1.26303e-05
1.20004e-05
1.04848e-05
7.59302e-06
4.20532e-06
2.30724e-06
1.25873e-06
6.8498e-07
3.81826e-07
2.3646e-07
1.79169e-07
1.54041e-07
1.3483e-07
1.16329e-07
9.8948e-08
8.29683e-08
6.86225e-08
5.5871e-08
4.461e-08
3.46775e-08
2.62701e-08
1.89528e-08
1.31635e-08
8.79028e-09
5.65003e-09
3.50711e-09
2.11198e-09
1.23979e-09
7.12441e-10
4.02111e-10
2.23483e-10
1.22542e-10
6.63924e-11
3.55864e-11
1.88906e-11
9.9405e-12
5.18963e-12
2.68996e-12
1.38373e-12
7.05992e-13
3.56769e-13
1.77715e-13
8.62831e-14
3.97411e-14
1.60891e-14
3.70548e-15
9.49912e-11
3.68108e-10
7.84935e-10
1.44338e-09
2.48236e-09
4.11531e-09
6.66906e-09
1.0639e-08
1.676e-08
2.58071e-08
3.903e-08
5.82267e-08
8.58126e-08
1.24909e-07
1.79407e-07
2.53944e-07
3.53686e-07
4.84086e-07
6.50349e-07
8.56799e-07
1.10648e-06
1.40064e-06
1.73844e-06
2.11766e-06
2.53429e-06
2.9712e-06
3.43475e-06
3.92795e-06
4.42855e-06
4.94382e-06
5.46635e-06
5.98188e-06
6.49677e-06
6.99933e-06
7.49003e-06
7.96499e-06
8.42114e-06
8.85535e-06
9.26783e-06
9.65988e-06
1.00278e-05
1.03736e-05
1.06975e-05
1.10019e-05
1.12835e-05
1.15448e-05
1.17866e-05
1.20095e-05
1.22145e-05
1.24068e-05
1.25764e-05
1.27221e-05
1.28257e-05
1.28407e-05
1.26608e-05
1.20561e-05
1.05866e-05
7.74663e-06
4.29717e-06
2.35834e-06
1.28707e-06
7.00769e-07
3.89789e-07
2.39201e-07
1.79126e-07
1.53372e-07
1.34282e-07
1.15912e-07
9.87534e-08
8.29301e-08
6.86957e-08
5.60279e-08
4.48265e-08
3.48341e-08
2.6453e-08
1.91386e-08
1.33289e-08
8.92384e-09
5.74902e-09
3.5753e-09
2.15619e-09
1.2671e-09
7.28683e-10
4.11485e-10
2.28766e-10
1.25462e-10
6.79803e-11
3.64389e-11
1.93444e-11
1.01799e-11
5.31407e-12
2.75224e-12
1.41508e-12
7.21894e-13
3.64761e-13
1.81679e-13
8.82015e-14
4.06232e-14
1.64461e-14
3.78768e-15
9.52599e-11
3.69145e-10
7.87142e-10
1.44745e-09
2.48937e-09
4.12698e-09
6.68807e-09
1.06695e-08
1.68125e-08
2.58945e-08
3.91676e-08
5.84363e-08
8.61268e-08
1.25355e-07
1.80009e-07
2.54708e-07
3.54701e-07
4.8546e-07
6.52159e-07
8.5919e-07
1.10929e-06
1.40383e-06
1.74223e-06
2.12174e-06
2.53864e-06
2.97575e-06
3.43939e-06
3.93275e-06
4.43322e-06
4.94839e-06
5.47051e-06
5.98561e-06
6.49994e-06
7.00194e-06
7.4921e-06
7.96635e-06
8.42169e-06
8.85525e-06
9.26714e-06
9.65858e-06
1.00261e-05
1.03714e-05
1.06951e-05
1.09993e-05
1.12808e-05
1.15422e-05
1.17842e-05
1.20076e-05
1.22134e-05
1.24071e-05
1.25783e-05
1.27268e-05
1.28348e-05
1.28578e-05
1.2693e-05
1.21178e-05
1.07011e-05
7.92231e-06
4.40732e-06
2.42011e-06
1.32171e-06
7.19778e-07
3.99492e-07
2.42558e-07
1.79346e-07
1.52861e-07
1.33899e-07
1.15669e-07
9.87233e-08
8.30453e-08
6.89091e-08
5.63042e-08
4.51413e-08
3.50648e-08
2.66956e-08
1.93665e-08
1.35249e-08
9.07928e-09
5.8633e-09
3.65378e-09
2.20706e-09
1.29856e-09
7.47421e-10
4.22318e-10
2.34877e-10
1.28839e-10
6.98126e-11
3.74149e-11
1.98527e-11
1.04393e-11
5.44459e-12
2.81894e-12
1.44939e-12
7.39598e-13
3.73773e-13
1.86188e-13
9.03975e-14
4.16371e-14
1.68574e-14
3.88252e-15
9.55771e-11
3.7037e-10
7.89753e-10
1.45226e-09
2.49768e-09
4.14082e-09
6.71063e-09
1.07057e-08
1.68736e-08
2.59966e-08
3.93245e-08
5.86625e-08
8.64324e-08
1.2578e-07
1.80617e-07
2.55605e-07
3.55977e-07
4.87182e-07
6.54468e-07
8.61965e-07
1.11266e-06
1.40775e-06
1.74658e-06
2.12657e-06
2.54395e-06
2.98141e-06
3.44524e-06
3.93884e-06
4.43918e-06
4.95425e-06
5.4759e-06
5.99047e-06
6.50414e-06
7.00539e-06
7.49473e-06
7.96805e-06
8.4223e-06
8.85496e-06
9.26597e-06
9.65639e-06
1.00231e-05
1.03679e-05
1.06909e-05
1.09948e-05
1.12758e-05
1.1537e-05
1.17789e-05
1.20024e-05
1.22086e-05
1.24033e-05
1.2576e-05
1.27269e-05
1.28396e-05
1.28711e-05
1.27229e-05
1.21802e-05
1.08242e-05
8.12059e-06
4.54378e-06
2.49766e-06
1.36548e-06
7.43919e-07
4.11973e-07
2.473e-07
1.8025e-07
1.52817e-07
1.33928e-07
1.15787e-07
9.90034e-08
8.34175e-08
6.93305e-08
5.67544e-08
4.56056e-08
3.54073e-08
2.70175e-08
1.96567e-08
1.37703e-08
9.27055e-09
6.0018e-09
3.74782e-09
2.26754e-09
1.33575e-09
7.69484e-10
4.35036e-10
2.42038e-10
1.32792e-10
7.19599e-11
3.85659e-11
2.04641e-11
1.07619e-11
5.61419e-12
2.90717e-12
1.49438e-12
7.62316e-13
3.85081e-13
1.91729e-13
9.30542e-14
4.28512e-14
1.7347e-14
3.99503e-15
9.5942e-11
3.71785e-10
7.92786e-10
1.45788e-09
2.50742e-09
4.15707e-09
6.73693e-09
1.07471e-08
1.69367e-08
2.60929e-08
3.94711e-08
5.88863e-08
8.6781e-08
1.26312e-07
1.81408e-07
2.56736e-07
3.57525e-07
4.89226e-07
6.57032e-07
8.65272e-07
1.11698e-06
1.41277e-06
1.75225e-06
2.13308e-06
2.55079e-06
2.98859e-06
3.45263e-06
3.94654e-06
4.44676e-06
4.96171e-06
5.48276e-06
5.99673e-06
6.5095e-06
7.00987e-06
7.49821e-06
7.97029e-06
8.42312e-06
8.85458e-06
9.26438e-06
9.65343e-06
1.0019e-05
1.03627e-05
1.06847e-05
1.09877e-05
1.12678e-05
1.15281e-05
1.17694e-05
1.19924e-05
1.21983e-05
1.23932e-05
1.25665e-05
1.27192e-05
1.28358e-05
1.28756e-05
1.27441e-05
1.22353e-05
1.09414e-05
8.31213e-06
4.73353e-06
2.60265e-06
1.42335e-06
7.75611e-07
4.27338e-07
2.54507e-07
1.82413e-07
1.53642e-07
1.34672e-07
1.16494e-07
9.97558e-08
8.41606e-08
7.0037e-08
5.74147e-08
4.6216e-08
3.58978e-08
2.74607e-08
2.00382e-08
1.40811e-08
9.50986e-09
6.17477e-09
3.86516e-09
2.34274e-09
1.38176e-09
7.96618e-10
4.5058e-10
2.50737e-10
1.37566e-10
7.45373e-11
3.99381e-11
2.11855e-11
1.11363e-11
5.8053e-12
3.003e-12
1.54242e-12
7.86391e-13
3.97229e-13
1.97827e-13
9.60341e-14
4.42283e-14
1.79055e-14
4.12363e-15
9.63061e-11
3.73181e-10
7.95731e-10
1.46325e-09
2.51664e-09
4.17241e-09
6.76214e-09
1.07885e-08
1.7005e-08
2.62099e-08
3.96607e-08
5.91826e-08
8.72327e-08
1.26982e-07
1.82372e-07
2.58087e-07
3.59376e-07
4.91707e-07
6.6027e-07
8.69518e-07
1.12189e-06
1.41905e-06
1.75945e-06
2.14051e-06
2.55894e-06
2.99736e-06
3.46184e-06
3.95623e-06
4.45639e-06
4.97116e-06
5.49119e-06
6.00446e-06
6.51629e-06
7.01568e-06
7.50288e-06
7.97349e-06
8.4244e-06
8.85427e-06
9.2624e-06
9.6494e-06
1.00133e-05
1.03552e-05
1.06757e-05
1.0977e-05
1.12555e-05
1.15142e-05
1.17541e-05
1.19759e-05
1.21806e-05
1.23747e-05
1.25473e-05
1.27006e-05
1.28201e-05
1.28678e-05
1.27544e-05
1.22842e-05
1.10662e-05
8.54285e-06
4.94593e-06
2.72257e-06
1.4914e-06
8.14336e-07
4.46305e-07
2.63312e-07
1.85632e-07
1.55292e-07
1.36151e-07
1.17882e-07
1.01061e-07
8.53428e-08
7.10917e-08
5.83631e-08
4.70793e-08
3.6664e-08
2.8113e-08
2.05686e-08
1.44928e-08
9.81349e-09
6.38699e-09
4.00588e-09
2.43168e-09
1.43569e-09
8.28219e-10
4.68591e-10
2.60772e-10
1.43053e-10
7.74898e-11
4.15057e-11
2.20087e-11
1.15652e-11
6.02817e-12
3.11939e-12
1.60379e-12
8.17871e-13
4.13012e-13
2.05567e-13
9.97231e-14
4.58895e-14
1.85689e-14
4.27531e-15
9.6746e-11
3.74883e-10
7.99371e-10
1.47e-09
2.5284e-09
4.19228e-09
6.79514e-09
1.08426e-08
1.70929e-08
2.63639e-08
3.99013e-08
5.95497e-08
8.77788e-08
1.27778e-07
1.83513e-07
2.59688e-07
3.61567e-07
4.94624e-07
6.64028e-07
8.74043e-07
1.12752e-06
1.42548e-06
1.76727e-06
2.15015e-06
2.56926e-06
3.00805e-06
3.47329e-06
3.96865e-06
4.46917e-06
4.98486e-06
5.50013e-06
6.01366e-06
6.52475e-06
7.02309e-06
7.5089e-06
7.97751e-06
8.42614e-06
8.85456e-06
9.26038e-06
9.64458e-06
1.00063e-05
1.03458e-05
1.06635e-05
1.09624e-05
1.12383e-05
1.14946e-05
1.17316e-05
1.1951e-05
1.21533e-05
1.23453e-05
1.25167e-05
1.26694e-05
1.27906e-05
1.2845e-05
1.27494e-05
1.23202e-05
1.11866e-05
8.79023e-06
5.20437e-06
2.86831e-06
1.57329e-06
8.60087e-07
4.69529e-07
2.74549e-07
1.90184e-07
1.57854e-07
1.38432e-07
1.20049e-07
1.03059e-07
8.71017e-08
7.25779e-08
5.9602e-08
4.80725e-08
3.7885e-08
2.90623e-08
2.12936e-08
1.503e-08
1.01953e-08
6.64554e-09
4.17283e-09
2.53489e-09
1.49717e-09
8.63757e-10
4.88635e-10
2.71854e-10
1.4908e-10
8.07214e-11
4.32171e-11
2.29052e-11
1.20304e-11
6.26744e-12
3.24113e-12
1.66439e-12
8.48084e-13
4.28028e-13
2.12966e-13
1.03302e-13
4.75515e-14
1.92428e-14
4.4304e-15
9.72366e-11
3.76789e-10
8.0348e-10
1.4777e-09
2.54197e-09
4.21552e-09
6.83426e-09
1.09079e-08
1.72014e-08
2.65407e-08
4.02035e-08
6.00325e-08
8.85239e-08
1.28898e-07
1.85152e-07
2.62026e-07
3.648e-07
4.98955e-07
6.69626e-07
8.8099e-07
1.13605e-06
1.43541e-06
1.77814e-06
2.16167e-06
2.58214e-06
3.02274e-06
3.48862e-06
3.98466e-06
4.48577e-06
5.00156e-06
5.51469e-06
6.02714e-06
6.53642e-06
7.03316e-06
7.51718e-06
7.98333e-06
8.42935e-06
8.85513e-06
9.25796e-06
9.63856e-06
9.99955e-06
1.03356e-05
1.065e-05
1.09454e-05
1.12184e-05
1.14716e-05
1.17056e-05
1.19228e-05
1.21218e-05
1.231e-05
1.24778e-05
1.26279e-05
1.27488e-05
1.28085e-05
1.27302e-05
1.23439e-05
1.13019e-05
9.05488e-06
5.52632e-06
3.04994e-06
1.67558e-06
9.1709e-07
4.99527e-07
2.892e-07
1.96332e-07
1.61176e-07
1.41352e-07
1.22828e-07
1.05528e-07
8.92583e-08
7.44923e-08
6.12361e-08
4.94833e-08
3.91039e-08
3.01427e-08
2.21717e-08
1.57072e-08
1.06887e-08
6.98423e-09
4.39199e-09
2.66951e-09
1.57642e-09
9.08886e-10
5.13685e-10
2.85485e-10
1.5638e-10
8.45807e-11
4.52345e-11
2.39495e-11
1.2566e-11
6.53948e-12
3.37748e-12
1.73103e-12
8.80946e-13
4.44203e-13
2.20857e-13
1.07081e-13
4.92855e-14
1.99478e-14
4.59315e-15
9.76942e-11
3.78571e-10
8.07331e-10
1.48491e-09
2.55462e-09
4.23685e-09
6.86916e-09
1.09632e-08
1.72854e-08
2.66751e-08
4.04096e-08
6.03569e-08
8.90261e-08
1.29659e-07
1.86283e-07
2.63672e-07
3.67138e-07
5.02199e-07
6.7402e-07
8.86804e-07
1.14326e-06
1.44414e-06
1.78819e-06
2.17336e-06
2.59549e-06
3.03757e-06
3.50511e-06
4.00207e-06
4.50354e-06
5.01947e-06
5.53253e-06
6.04494e-06
6.55058e-06
7.04604e-06
7.52821e-06
7.99159e-06
8.43466e-06
8.85736e-06
9.25699e-06
9.63426e-06
9.99201e-06
1.03246e-05
1.06353e-05
1.09268e-05
1.11954e-05
1.14463e-05
1.16758e-05
1.18896e-05
1.20839e-05
1.22677e-05
1.24317e-05
1.2579e-05
1.26995e-05
1.27647e-05
1.27046e-05
1.23637e-05
1.14206e-05
9.34421e-06
5.93249e-06
3.27626e-06
1.80088e-06
9.86149e-07
5.35897e-07
3.07233e-07
2.03713e-07
1.64595e-07
1.43968e-07
1.25759e-07
1.08139e-07
9.15863e-08
7.65237e-08
6.30505e-08
5.10952e-08
4.05611e-08
3.13289e-08
2.31472e-08
1.64703e-08
1.12523e-08
7.37559e-09
4.64781e-09
2.82779e-09
1.66992e-09
9.62124e-10
5.43147e-10
3.01434e-10
1.64867e-10
8.90339e-11
4.75446e-11
2.51363e-11
1.31703e-11
6.84441e-12
3.52974e-12
1.80681e-12
9.18185e-13
4.62515e-13
2.29854e-13
1.11428e-13
5.12793e-14
2.07528e-14
4.77838e-15
9.80013e-11
3.79757e-10
8.09863e-10
1.48961e-09
2.56286e-09
4.25094e-09
6.89313e-09
1.10042e-08
1.73564e-08
2.67917e-08
4.05925e-08
6.06314e-08
8.94412e-08
1.30291e-07
1.87239e-07
2.65097e-07
3.69221e-07
5.0519e-07
6.78234e-07
8.92633e-07
1.15118e-06
1.45484e-06
1.80225e-06
2.18994e-06
2.61357e-06
3.05664e-06
3.52452e-06
4.02225e-06
4.52465e-06
5.04104e-06
5.55382e-06
6.0657e-06
6.56972e-06
7.06336e-06
7.54247e-06
8.00289e-06
8.4427e-06
8.86191e-06
9.25791e-06
9.63144e-06
9.98533e-06
1.0314e-05
1.06207e-05
1.09077e-05
1.11721e-05
1.14189e-05
1.16436e-05
1.18536e-05
1.20427e-05
1.22215e-05
1.23815e-05
1.25267e-05
1.26483e-05
1.27204e-05
1.26801e-05
1.23862e-05
1.15441e-05
9.64769e-06
6.39704e-06
3.5351e-06
1.94335e-06
1.0638e-06
5.76653e-07
3.27206e-07
2.11562e-07
1.67375e-07
1.45978e-07
1.27872e-07
1.10278e-07
9.36825e-08
7.84618e-08
6.48185e-08
5.26726e-08
4.19761e-08
3.2623e-08
2.42233e-08
1.73204e-08
1.1886e-08
7.81947e-09
4.94001e-09
3.00949e-09
1.77757e-09
1.02344e-09
5.77018e-10
3.19696e-10
1.74527e-10
9.40661e-11
5.01342e-11
2.64559e-11
1.38378e-11
7.18066e-12
3.69918e-12
1.89251e-12
9.61241e-13
4.83891e-13
2.40296e-13
1.16403e-13
5.35359e-14
2.16575e-14
4.98617e-15
9.81559e-11
3.80356e-10
8.11145e-10
1.49201e-09
2.56719e-09
4.25871e-09
6.90727e-09
1.10304e-08
1.7406e-08
2.68859e-08
4.07578e-08
6.09085e-08
8.98793e-08
1.30984e-07
1.88323e-07
2.66758e-07
3.71694e-07
5.08754e-07
6.83175e-07
8.992e-07
1.15953e-06
1.46497e-06
1.81396e-06
2.20398e-06
2.63055e-06
3.07688e-06
3.54854e-06
4.0473e-06
4.55001e-06
5.06663e-06
5.57919e-06
6.0906e-06
6.5934e-06
7.08543e-06
7.56161e-06
8.01815e-06
8.45411e-06
8.86934e-06
9.26138e-06
9.63088e-06
9.98059e-06
1.03051e-05
1.06077e-05
1.08902e-05
1.11504e-05
1.13932e-05
1.1614e-05
1.18202e-05
1.20057e-05
1.21807e-05
1.23373e-05
1.24803e-05
1.26026e-05
1.26815e-05
1.266e-05
1.24098e-05
1.16598e-05
9.9291e-06
6.8414e-06
3.79009e-06
2.08618e-06
1.14473e-06
6.20674e-07
3.49419e-07
2.19892e-07
1.69342e-07
1.46829e-07
1.29044e-07
1.11532e-07
9.5162e-08
8.00429e-08
6.64507e-08
5.42595e-08
4.33983e-08
3.36292e-08
2.54536e-08
1.82791e-08
1.25956e-08
8.31353e-09
5.26271e-09
3.20808e-09
1.89373e-09
1.08869e-09
6.12549e-10
3.38595e-10
1.84401e-10
9.91558e-11
5.2731e-11
2.77707e-11
1.45e-11
7.51306e-12
3.86581e-12
1.97601e-12
1.00303e-12
5.04694e-13
2.50537e-13
1.21329e-13
5.57881e-14
2.25649e-14
5.195e-15
9.81496e-11
3.80331e-10
8.11088e-10
1.49192e-09
2.56713e-09
4.25909e-09
6.90932e-09
1.10373e-08
1.74245e-08
2.69248e-08
4.08453e-08
6.11011e-08
9.02881e-08
1.31734e-07
1.89586e-07
2.68723e-07
3.74667e-07
5.13097e-07
6.89264e-07
9.07357e-07
1.16993e-06
1.47755e-06
1.82951e-06
2.22197e-06
2.65031e-06
3.09872e-06
3.5722e-06
4.072e-06
4.57662e-06
5.09441e-06
5.60747e-06
6.11862e-06
6.62034e-06
7.1104e-06
7.58293e-06
8.03594e-06
8.46811e-06
8.87924e-06
9.26723e-06
9.63262e-06
9.97808e-06
1.02984e-05
1.05969e-05
1.08753e-05
1.11314e-05
1.13702e-05
1.15869e-05
1.1789e-05
1.19712e-05
1.21431e-05
1.22976e-05
1.24397e-05
1.25632e-05
1.26482e-05
1.26437e-05
1.2431e-05
1.17586e-05
1.01673e-05
7.22617e-06
4.01331e-06
2.21102e-06
1.21183e-06
6.62625e-07
3.70427e-07
2.27575e-07
1.70553e-07
1.467e-07
1.29236e-07
1.12075e-07
9.61225e-08
8.12555e-08
6.77032e-08
5.55516e-08
4.47154e-08
3.47582e-08
2.6449e-08
1.91438e-08
1.32828e-08
8.81653e-09
5.60334e-09
3.42305e-09
2.02149e-09
1.16104e-09
6.51999e-10
3.5949e-10
1.95225e-10
1.04667e-10
5.55006e-11
2.91497e-11
1.51824e-11
7.84982e-12
4.03216e-12
2.05877e-12
1.0449e-12
5.25506e-13
2.60694e-13
1.26154e-13
5.79654e-14
2.34312e-14
5.39246e-15
9.79467e-11
3.79507e-10
8.09165e-10
1.48801e-09
2.5598e-09
4.24613e-09
6.88779e-09
1.10041e-08
1.73781e-08
2.68612e-08
4.07725e-08
6.10418e-08
9.02823e-08
1.3188e-07
1.90056e-07
2.69827e-07
3.76681e-07
5.16446e-07
6.94522e-07
9.15213e-07
1.18113e-06
1.49291e-06
1.84916e-06
2.2442e-06
2.67516e-06
3.12562e-06
3.59981e-06
4.1012e-06
4.6064e-06
5.12325e-06
5.63682e-06
6.14795e-06
6.64895e-06
7.13597e-06
7.60512e-06
8.05461e-06
8.48314e-06
8.89033e-06
9.27459e-06
9.63624e-06
9.97786e-06
1.02945e-05
1.05893e-05
1.08637e-05
1.11166e-05
1.13525e-05
1.15659e-05
1.17648e-05
1.19434e-05
1.21126e-05
1.22655e-05
1.24062e-05
1.25309e-05
1.26213e-05
1.26299e-05
1.2446e-05
1.18317e-05
1.03459e-05
7.52155e-06
4.19252e-06
2.31243e-06
1.269e-06
6.94632e-07
3.87015e-07
2.33736e-07
1.71208e-07
1.46045e-07
1.28866e-07
1.1221e-07
9.66788e-08
8.20562e-08
6.86723e-08
5.65372e-08
4.56239e-08
3.58736e-08
2.73759e-08
1.99301e-08
1.39e-08
9.2625e-09
5.90009e-09
3.60618e-09
2.12757e-09
1.2195e-09
6.83036e-10
3.75539e-10
2.03395e-10
1.08829e-10
5.76774e-11
3.02459e-11
1.57227e-11
8.11286e-12
4.15909e-12
2.11894e-12
1.07201e-12
5.38178e-13
2.66736e-13
1.2902e-13
5.92788e-14
2.39655e-14
5.51647e-15
9.79206e-11
3.79394e-10
8.08838e-10
1.48709e-09
2.55748e-09
4.24107e-09
6.87807e-09
1.09875e-08
1.73538e-08
2.68233e-08
4.07288e-08
6.10159e-08
9.03257e-08
1.32097e-07
1.90642e-07
2.71117e-07
3.79254e-07
5.20917e-07
7.01475e-07
9.25113e-07
1.19421e-06
1.50895e-06
1.86723e-06
2.26722e-06
2.70182e-06
3.15543e-06
3.63222e-06
4.13395e-06
4.63956e-06
5.15488e-06
5.66581e-06
6.17376e-06
6.67241e-06
7.15614e-06
7.62229e-06
8.06891e-06
8.49466e-06
8.89891e-06
9.28054e-06
9.63963e-06
9.97864e-06
1.02929e-05
1.05853e-05
1.08572e-05
1.11077e-05
1.13411e-05
1.15525e-05
1.17491e-05
1.19261e-05
1.20936e-05
1.22455e-05
1.2386e-05
1.25115e-05
1.26052e-05
1.26215e-05
1.2454e-05
1.18733e-05
1.04472e-05
7.69182e-06
4.30152e-06
2.37396e-06
1.30373e-06
7.13937e-07
3.97066e-07
2.3756e-07
1.71522e-07
1.45403e-07
1.28426e-07
1.12177e-07
9.69688e-08
8.25784e-08
6.93058e-08
5.72545e-08
4.6389e-08
3.66966e-08
2.82288e-08
2.06851e-08
1.45217e-08
9.73383e-09
6.22704e-09
3.81377e-09
2.24908e-09
1.28582e-09
7.17188e-10
3.92289e-10
2.11245e-10
1.12292e-10
5.90156e-11
3.07854e-11
1.59507e-11
8.21432e-12
4.20669e-12
2.14258e-12
1.08468e-12
5.4478e-13
2.70124e-13
1.30733e-13
6.0084e-14
2.42928e-14
5.59232e-15
)
;

boundaryField
{
    fuel
    {
        type            fixedValue;
        value           uniform 0;
    }
    air
    {
        type            fixedValue;
        value           uniform 0;
    }
    outlet
    {
        type            inletOutlet;
        inletValue      uniform 0;
        value           nonuniform List<scalar> 
200
(
9.79159e-11
3.79377e-10
8.08801e-10
1.48702e-09
2.55737e-09
4.24089e-09
6.8778e-09
1.09871e-08
1.73532e-08
2.68225e-08
4.07276e-08
6.10143e-08
9.03235e-08
1.32095e-07
1.90639e-07
2.71113e-07
3.79249e-07
5.2091e-07
7.01467e-07
9.25104e-07
1.1942e-06
1.50894e-06
1.86722e-06
2.26721e-06
2.7018e-06
3.15541e-06
3.6322e-06
4.13392e-06
4.63953e-06
5.15484e-06
5.66575e-06
6.1737e-06
6.67234e-06
7.15606e-06
7.6222e-06
8.06881e-06
8.49455e-06
8.89879e-06
9.2804e-06
9.63947e-06
9.97845e-06
1.02926e-05
1.0585e-05
1.08567e-05
1.11071e-05
1.13407e-05
1.15522e-05
1.17488e-05
1.19258e-05
1.20933e-05
1.22451e-05
1.23856e-05
1.25112e-05
1.26048e-05
1.26211e-05
1.24536e-05
1.18728e-05
1.04465e-05
7.69101e-06
4.30102e-06
2.37368e-06
1.30358e-06
7.13852e-07
3.97021e-07
2.37531e-07
1.71503e-07
1.45391e-07
1.28416e-07
1.1217e-07
9.69615e-08
8.25712e-08
6.92983e-08
5.72461e-08
4.63831e-08
3.66924e-08
2.82259e-08
2.06831e-08
1.45204e-08
9.73301e-09
6.22653e-09
3.81346e-09
2.2489e-09
1.28571e-09
7.17128e-10
3.92255e-10
2.11227e-10
1.12283e-10
5.90107e-11
3.07829e-11
1.59495e-11
8.21377e-12
4.20644e-12
2.14247e-12
1.08463e-12
5.44761e-13
2.70116e-13
1.30728e-13
6.0082e-14
2.4292e-14
5.59216e-15
9.79206e-11
3.79394e-10
8.08838e-10
1.48709e-09
2.55748e-09
4.24107e-09
6.87807e-09
1.09875e-08
1.73538e-08
2.68233e-08
4.07288e-08
6.10159e-08
9.03257e-08
1.32097e-07
1.90642e-07
2.71117e-07
3.79254e-07
5.20917e-07
7.01475e-07
9.25113e-07
1.19421e-06
1.50895e-06
1.86723e-06
2.26722e-06
2.70182e-06
3.15543e-06
3.63222e-06
4.13395e-06
4.63956e-06
5.15488e-06
5.66581e-06
6.17376e-06
6.67241e-06
7.15614e-06
7.62229e-06
8.06891e-06
8.49466e-06
8.89891e-06
9.28054e-06
9.63963e-06
9.97864e-06
1.02929e-05
1.05853e-05
1.08572e-05
1.11077e-05
1.13411e-05
1.15525e-05
1.17491e-05
1.19261e-05
1.20936e-05
1.22455e-05
1.2386e-05
1.25115e-05
1.26052e-05
1.26215e-05
1.2454e-05
1.18733e-05
1.04472e-05
7.69182e-06
4.30152e-06
2.37396e-06
1.30373e-06
7.13937e-07
3.97066e-07
2.3756e-07
1.71522e-07
1.45403e-07
1.28426e-07
1.12177e-07
9.69688e-08
8.25784e-08
6.93058e-08
5.72545e-08
4.6389e-08
3.66966e-08
2.82288e-08
2.06851e-08
1.45217e-08
9.73383e-09
6.22704e-09
3.81377e-09
2.24908e-09
1.28582e-09
7.17188e-10
3.92289e-10
2.11245e-10
1.12292e-10
5.90156e-11
3.07854e-11
1.59507e-11
8.21432e-12
4.20669e-12
2.14258e-12
1.08468e-12
5.4478e-13
2.70124e-13
1.30733e-13
6.0084e-14
2.42928e-14
5.59232e-15
)
;
    }
    frontAndBack
    {
        type            empty;
    }
    internal
    {
        type            internal;
    }
}


// ************************************************************************* //
