/*--------------------------------*- C++ -*----------------------------------*\
  =========                 |
  \\      /  F ield         | OpenFOAM: The Open Source CFD Toolbox
   \\    /   O peration     | Website:  https://openfoam.org
    \\  /    A nd           | Version:  10
     \\/     M anipulation  |
\*---------------------------------------------------------------------------*/
FoamFile
{
    format      ascii;
    class       volScalarField;
    location    "1";
    object      N2O;
}
// * * * * * * * * * * * * * * * * * * * * * * * * * * * * * * * * * * * * * //

dimensions      [0 0 0 0 0 0 0];

internalField   nonuniform List<scalar> 
4000
(
6.18468e-13
2.39621e-12
5.10834e-12
9.39141e-12
1.61501e-11
2.67798e-11
4.34272e-11
6.9368e-11
1.09551e-10
1.69316e-10
2.57071e-10
3.85089e-10
5.7003e-10
8.33587e-10
1.20295e-09
1.71066e-09
2.39286e-09
3.28653e-09
4.42555e-09
5.8363e-09
7.53382e-09
9.51913e-09
1.1779e-08
1.43016e-08
1.70417e-08
1.99002e-08
2.29019e-08
2.60557e-08
2.92257e-08
3.24438e-08
3.56155e-08
3.87423e-08
4.17765e-08
4.46745e-08
4.74105e-08
4.9963e-08
5.23138e-08
5.44485e-08
5.63502e-08
5.80082e-08
5.94201e-08
6.05522e-08
6.14009e-08
6.19506e-08
6.2181e-08
6.20742e-08
6.1622e-08
6.08135e-08
5.97173e-08
5.83745e-08
5.70278e-08
5.59262e-08
5.54694e-08
5.62188e-08
5.89332e-08
6.46318e-08
7.4658e-08
9.0609e-08
1.1376e-07
1.45289e-07
2.05964e-07
2.93333e-07
4.01511e-07
5.21238e-07
6.37111e-07
7.17618e-07
7.38318e-07
7.03484e-07
6.33992e-07
5.55637e-07
4.76775e-07
4.0146e-07
3.3164e-07
2.68069e-07
2.11304e-07
1.61938e-07
1.1817e-07
8.26096e-08
5.51412e-08
3.51317e-08
2.14323e-08
1.25925e-08
7.17458e-09
3.98914e-09
2.17573e-09
1.16857e-09
6.19682e-10
3.24897e-10
1.69147e-10
8.74923e-11
4.49909e-11
2.30106e-11
1.17062e-11
5.92003e-12
2.97059e-12
1.4718e-12
7.11871e-13
3.27017e-13
1.32176e-13
3.04227e-14
6.18618e-13
2.39687e-12
5.11027e-12
9.39702e-12
1.61644e-11
2.68109e-11
4.34873e-11
6.94702e-11
1.09701e-10
1.6955e-10
2.57339e-10
3.8524e-10
5.69736e-10
8.32182e-10
1.19921e-09
1.70244e-09
2.3765e-09
3.25814e-09
4.38143e-09
5.7735e-09
7.45087e-09
9.41745e-09
1.16644e-08
1.41557e-08
1.68728e-08
1.97114e-08
2.26968e-08
2.58488e-08
2.90167e-08
3.2245e-08
3.54345e-08
3.85826e-08
4.16333e-08
4.45535e-08
4.73102e-08
4.98825e-08
5.22525e-08
5.44072e-08
5.63271e-08
5.80026e-08
5.94319e-08
6.05804e-08
6.14452e-08
6.20117e-08
6.22577e-08
6.21635e-08
6.17204e-08
6.09238e-08
5.98361e-08
5.85046e-08
5.7177e-08
5.60972e-08
5.56806e-08
5.64985e-08
5.9331e-08
6.52246e-08
7.55612e-08
9.19741e-08
1.15811e-07
1.48517e-07
2.10886e-07
2.99837e-07
4.09265e-07
5.29453e-07
6.43907e-07
7.20462e-07
7.36108e-07
6.97674e-07
6.26313e-07
5.47452e-07
4.68454e-07
3.93825e-07
3.24476e-07
2.61368e-07
2.04838e-07
1.55665e-07
1.12872e-07
7.83938e-08
5.20224e-08
3.30048e-08
2.00968e-08
1.18157e-08
6.75154e-09
3.77105e-09
2.06832e-09
1.11788e-09
5.97109e-10
3.16079e-10
1.65546e-10
8.59508e-11
4.4299e-11
2.26854e-11
1.15457e-11
5.83514e-12
2.92697e-12
1.44971e-12
7.00846e-13
3.21884e-13
1.30101e-13
2.99441e-14
6.19875e-13
2.40197e-12
5.12221e-12
9.42125e-12
1.621e-11
2.68916e-11
4.36213e-11
6.96767e-11
1.09989e-10
1.69944e-10
2.57787e-10
3.85597e-10
5.69747e-10
8.31225e-10
1.19617e-09
1.69537e-09
2.36365e-09
3.23681e-09
4.34797e-09
5.72357e-09
7.37971e-09
9.31989e-09
1.15397e-08
1.40145e-08
1.67149e-08
1.95406e-08
2.25216e-08
2.56636e-08
2.88284e-08
3.20635e-08
3.5251e-08
3.84011e-08
4.14584e-08
4.43999e-08
4.71802e-08
4.97771e-08
5.21725e-08
5.43541e-08
5.62995e-08
5.80001e-08
5.94545e-08
6.06265e-08
6.15142e-08
6.2104e-08
6.23675e-08
6.22915e-08
6.18667e-08
6.10863e-08
6.00191e-08
5.87075e-08
5.74062e-08
5.63703e-08
5.60212e-08
5.69528e-08
5.99765e-08
6.6177e-08
7.70062e-08
9.42028e-08
1.19162e-07
1.53997e-07
2.19118e-07
3.10621e-07
4.22106e-07
5.42793e-07
6.54381e-07
7.24389e-07
7.3228e-07
6.88466e-07
6.14785e-07
5.35391e-07
4.57064e-07
3.82794e-07
3.14709e-07
2.53177e-07
1.9642e-07
1.48985e-07
1.07444e-07
7.42765e-08
4.91256e-08
3.11159e-08
1.89486e-08
1.11579e-08
6.39179e-09
3.58093e-09
1.97021e-09
1.06789e-09
5.71543e-10
3.02594e-10
1.58706e-10
8.25592e-11
4.26398e-11
2.18823e-11
1.11646e-11
5.66369e-12
2.84705e-12
1.41176e-12
6.82931e-13
3.13707e-13
1.26786e-13
2.91761e-14
6.19886e-13
2.40202e-12
5.12232e-12
9.42141e-12
1.62095e-11
2.68878e-11
4.3606e-11
6.96297e-11
1.09866e-10
1.69691e-10
2.57222e-10
3.84361e-10
5.67133e-10
8.26436e-10
1.18813e-09
1.68287e-09
2.34474e-09
3.20921e-09
4.30928e-09
5.67174e-09
7.31359e-09
9.23989e-09
1.14407e-08
1.39001e-08
1.65893e-08
1.94018e-08
2.23714e-08
2.5507e-08
2.86601e-08
3.18884e-08
3.50738e-08
3.82269e-08
4.12929e-08
4.42491e-08
4.70544e-08
4.96759e-08
5.20974e-08
5.43067e-08
5.62793e-08
5.80071e-08
5.94888e-08
6.06873e-08
6.15997e-08
6.22117e-08
6.24985e-08
6.24448e-08
6.2041e-08
6.12825e-08
6.02329e-08
5.89428e-08
5.76702e-08
5.66814e-08
5.64154e-08
5.74888e-08
6.07345e-08
6.73043e-08
7.87214e-08
9.67977e-08
1.22962e-07
1.60675e-07
2.28962e-07
3.23035e-07
4.38447e-07
5.59052e-07
6.66456e-07
7.28002e-07
7.26747e-07
6.77155e-07
6.01791e-07
5.21663e-07
4.43363e-07
3.70435e-07
3.0353e-07
2.42802e-07
1.87838e-07
1.41955e-07
1.01663e-07
6.98537e-08
4.59754e-08
2.90244e-08
1.76472e-08
1.03921e-08
5.96117e-09
3.34721e-09
1.84678e-09
1.00406e-09
5.39063e-10
2.86268e-10
1.50569e-10
7.85262e-11
4.06458e-11
2.08952e-11
1.06724e-11
5.41383e-12
2.72265e-12
1.351e-12
6.54055e-13
3.00679e-13
1.21603e-13
2.79948e-14
6.18883e-13
2.39813e-12
5.11399e-12
9.40575e-12
1.61813e-11
2.68371e-11
4.35137e-11
6.94591e-11
1.09547e-10
1.69086e-10
2.56164e-10
3.82591e-10
5.64339e-10
8.22021e-10
1.18123e-09
1.6723e-09
2.32901e-09
3.18654e-09
4.27786e-09
5.62996e-09
7.26049e-09
9.17544e-09
1.13662e-08
1.38107e-08
1.64811e-08
1.92728e-08
2.22184e-08
2.53475e-08
2.84989e-08
3.17262e-08
3.49137e-08
3.80709e-08
4.11462e-08
4.41143e-08
4.69399e-08
4.95874e-08
5.20347e-08
5.42704e-08
5.62689e-08
5.80224e-08
5.95298e-08
6.07529e-08
6.16893e-08
6.23257e-08
6.26348e-08
6.26021e-08
6.22169e-08
6.14766e-08
6.04449e-08
5.91784e-08
5.79418e-08
5.70087e-08
5.68347e-08
5.80553e-08
6.15448e-08
6.84953e-08
8.04907e-08
9.93868e-08
1.26569e-07
1.68216e-07
2.40457e-07
3.38166e-07
4.55948e-07
5.76324e-07
6.78478e-07
7.302e-07
7.19237e-07
6.63473e-07
5.87424e-07
5.07544e-07
4.3012e-07
3.58052e-07
2.91755e-07
2.32724e-07
1.80775e-07
1.34004e-07
9.56211e-08
6.54744e-08
4.29766e-08
2.709e-08
1.64676e-08
9.70647e-09
5.57762e-09
3.13889e-09
1.73612e-09
9.46267e-10
5.09268e-10
2.71056e-10
1.42861e-10
7.46411e-11
3.86945e-11
1.9917e-11
1.01825e-11
5.16897e-12
2.60086e-12
1.29108e-12
6.25239e-13
2.875e-13
1.16292e-13
2.67725e-14
6.16932e-13
2.3906e-12
5.09789e-12
9.37584e-12
1.61287e-11
2.67467e-11
4.33587e-11
6.91897e-11
1.0909e-10
1.68342e-10
2.55e-10
3.80844e-10
5.61699e-10
8.18e-10
1.17515e-09
1.66324e-09
2.31577e-09
3.16752e-09
4.25106e-09
5.59288e-09
7.21007e-09
9.10734e-09
1.12766e-08
1.37049e-08
1.63657e-08
1.9151e-08
2.20943e-08
2.52185e-08
2.8364e-08
3.15887e-08
3.47783e-08
3.79396e-08
4.10259e-08
4.40067e-08
4.68525e-08
4.95197e-08
5.19884e-08
5.42466e-08
5.6268e-08
5.80444e-08
5.95746e-08
6.08199e-08
6.17782e-08
6.24366e-08
6.27667e-08
6.27546e-08
6.23902e-08
6.16724e-08
6.06637e-08
5.94253e-08
5.82255e-08
5.7348e-08
5.72634e-08
5.86336e-08
6.23607e-08
6.96704e-08
8.21734e-08
1.01687e-07
1.2939e-07
1.75384e-07
2.51407e-07
3.52046e-07
4.7152e-07
5.91204e-07
6.88281e-07
7.30636e-07
7.11016e-07
6.50421e-07
5.72936e-07
4.93127e-07
4.16726e-07
3.45739e-07
2.81145e-07
2.23422e-07
1.72472e-07
1.27272e-07
9.04123e-08
6.1654e-08
4.03334e-08
2.53655e-08
1.54019e-08
9.07779e-09
5.2204e-09
2.94185e-09
1.62994e-09
8.90095e-10
4.7999e-10
2.55978e-10
1.35169e-10
7.07468e-11
3.67322e-11
1.89285e-11
9.68535e-12
4.92048e-12
2.47765e-12
1.23088e-12
5.96539e-13
2.74465e-13
1.11056e-13
2.55689e-14
6.14052e-13
2.37939e-12
5.07374e-12
9.33078e-12
1.60502e-11
2.66156e-11
4.31475e-11
6.88641e-11
1.08573e-10
1.67497e-10
2.53694e-10
3.78784e-10
5.58506e-10
8.1316e-10
1.16796e-09
1.65277e-09
2.3009e-09
3.14687e-09
4.22308e-09
5.55584e-09
7.1641e-09
9.05159e-09
1.12124e-08
1.36301e-08
1.62802e-08
1.90559e-08
2.19884e-08
2.51066e-08
2.82497e-08
3.14735e-08
3.46637e-08
3.78257e-08
4.09349e-08
4.39245e-08
4.67826e-08
4.94675e-08
5.19548e-08
5.4232e-08
5.62726e-08
5.80683e-08
5.96169e-08
6.08807e-08
6.1857e-08
6.25329e-08
6.28807e-08
6.28853e-08
6.25369e-08
6.18405e-08
6.08515e-08
5.96385e-08
5.84765e-08
5.76612e-08
5.76797e-08
5.92137e-08
6.31938e-08
7.08783e-08
8.38934e-08
1.03983e-07
1.32075e-07
1.82366e-07
2.6202e-07
3.6547e-07
4.86334e-07
6.05047e-07
6.96624e-07
7.30496e-07
7.04131e-07
6.37684e-07
5.59625e-07
4.80218e-07
4.04798e-07
3.34724e-07
2.71208e-07
2.14435e-07
1.65217e-07
1.21369e-07
8.58402e-08
5.83058e-08
3.80236e-08
2.38628e-08
1.44751e-08
8.53128e-09
4.9095e-09
2.76985e-09
1.53681e-09
8.40522e-10
4.53959e-10
2.42463e-10
1.2822e-10
6.72064e-11
3.49481e-11
1.80453e-11
9.25311e-12
4.70814e-12
2.37229e-12
1.17877e-12
5.7125e-13
2.62792e-13
1.06321e-13
2.44771e-14
6.10912e-13
2.36718e-12
5.04739e-12
9.28132e-12
1.59627e-11
2.64651e-11
4.28925e-11
6.84345e-11
1.07872e-10
1.66366e-10
2.51768e-10
3.7571e-10
5.53764e-10
8.06037e-10
1.15753e-09
1.63789e-09
2.28031e-09
3.11928e-09
4.1874e-09
5.51152e-09
7.10964e-09
8.98811e-09
1.11428e-08
1.35562e-08
1.61973e-08
1.89612e-08
2.18894e-08
2.5003e-08
2.8142e-08
3.1365e-08
3.45687e-08
3.77375e-08
4.08582e-08
4.38579e-08
4.67273e-08
4.94273e-08
5.19303e-08
5.42227e-08
5.628e-08
5.80949e-08
5.96491e-08
6.09296e-08
6.19212e-08
6.26123e-08
6.29715e-08
6.29874e-08
6.26495e-08
6.19694e-08
6.09958e-08
5.98079e-08
5.86878e-08
5.79409e-08
5.80712e-08
5.97836e-08
6.4042e-08
7.21459e-08
8.5755e-08
1.06575e-07
1.35407e-07
1.89446e-07
2.72363e-07
3.78265e-07
5.00051e-07
6.17261e-07
7.0323e-07
7.28895e-07
6.961e-07
6.26209e-07
5.47745e-07
4.68855e-07
3.94036e-07
3.25133e-07
2.62722e-07
2.07053e-07
1.58672e-07
1.16073e-07
8.1777e-08
5.53605e-08
3.60109e-08
2.25649e-08
1.36798e-08
8.06382e-09
4.64357e-09
2.62231e-09
1.45655e-09
7.97535e-10
4.31229e-10
2.30572e-10
1.22055e-10
6.40319e-11
3.33204e-11
1.72106e-11
8.82708e-12
4.49415e-12
2.26771e-12
1.12795e-12
5.46881e-13
2.51624e-13
1.01813e-13
2.34403e-14
6.08094e-13
2.35628e-12
5.02406e-12
9.23806e-12
1.58872e-11
2.63375e-11
4.26806e-11
6.80867e-11
1.0731e-10
1.65383e-10
2.50234e-10
3.73373e-10
5.50288e-10
8.0097e-10
1.15026e-09
1.6277e-09
2.26635e-09
3.10068e-09
4.16341e-09
5.48262e-09
7.07362e-09
8.94692e-09
1.10926e-08
1.34942e-08
1.61308e-08
1.88921e-08
2.18151e-08
2.49222e-08
2.80586e-08
3.12756e-08
3.45085e-08
3.76755e-08
4.08006e-08
4.38066e-08
4.66843e-08
4.9396e-08
5.19119e-08
5.42127e-08
5.62826e-08
5.81115e-08
5.96765e-08
6.09678e-08
6.19705e-08
6.26706e-08
6.30385e-08
6.3062e-08
6.27336e-08
6.20641e-08
6.11033e-08
5.99371e-08
5.88518e-08
5.81691e-08
5.84085e-08
6.03002e-08
6.4841e-08
7.3377e-08
8.76152e-08
1.09258e-07
1.39097e-07
1.96316e-07
2.81978e-07
3.89907e-07
5.11914e-07
6.27637e-07
7.08242e-07
7.26774e-07
6.88829e-07
6.1641e-07
5.37433e-07
4.59026e-07
3.85214e-07
3.17453e-07
2.56375e-07
1.99545e-07
1.52802e-07
1.11595e-07
7.84743e-08
5.30269e-08
3.44391e-08
2.15547e-08
1.30576e-08
7.6943e-09
4.4305e-09
2.50236e-09
1.39034e-09
7.61576e-10
4.11971e-10
2.20383e-10
1.1672e-10
6.12622e-11
3.18914e-11
1.64759e-11
8.45145e-12
4.30357e-12
2.17118e-12
1.0801e-12
5.23891e-13
2.41147e-13
9.75972e-14
2.24729e-14
6.05775e-13
2.34739e-12
5.0053e-12
9.20383e-12
1.58285e-11
2.62397e-11
4.25194e-11
6.7821e-11
1.06866e-10
1.64634e-10
2.49027e-10
3.71487e-10
5.47414e-10
7.96707e-10
1.14412e-09
1.61909e-09
2.25454e-09
3.08485e-09
4.14273e-09
5.45544e-09
7.04217e-09
8.90661e-09
1.10462e-08
1.34463e-08
1.60779e-08
1.88349e-08
2.17549e-08
2.48585e-08
2.79949e-08
3.12126e-08
3.44515e-08
3.76224e-08
4.07529e-08
4.37644e-08
4.66485e-08
4.93684e-08
5.1895e-08
5.42042e-08
5.62823e-08
5.81207e-08
5.96928e-08
6.09906e-08
6.19983e-08
6.27026e-08
6.30743e-08
6.31013e-08
6.27752e-08
6.21099e-08
6.11572e-08
6.00088e-08
5.8957e-08
5.83339e-08
5.8676e-08
6.07341e-08
6.55421e-08
7.44949e-08
8.93573e-08
1.11866e-07
1.4293e-07
2.02965e-07
2.91171e-07
4.01053e-07
5.22742e-07
6.36798e-07
7.12307e-07
7.24597e-07
6.8244e-07
6.08426e-07
5.29203e-07
4.51181e-07
3.77962e-07
3.10819e-07
2.50347e-07
1.94282e-07
1.48396e-07
1.08083e-07
7.57988e-08
5.1085e-08
3.30998e-08
2.06761e-08
1.25069e-08
7.36253e-09
4.2371e-09
2.39261e-09
1.32941e-09
7.28361e-10
3.94148e-10
2.10944e-10
1.11777e-10
5.86971e-11
3.05681e-11
1.57958e-11
8.10523e-12
4.12872e-12
2.08426e-12
1.03752e-12
5.03481e-13
2.31824e-13
9.38397e-14
2.16102e-14
6.03463e-13
2.33842e-12
4.98612e-12
9.16836e-12
1.57672e-11
2.61381e-11
4.23564e-11
6.75679e-11
1.0649e-10
1.64037e-10
2.48103e-10
3.70068e-10
5.45197e-10
7.93319e-10
1.13909e-09
1.61188e-09
2.24467e-09
3.07179e-09
4.12633e-09
5.43426e-09
7.0144e-09
8.87426e-09
1.10097e-08
1.34041e-08
1.60334e-08
1.87879e-08
2.17061e-08
2.48073e-08
2.79441e-08
3.1162e-08
3.44041e-08
3.75783e-08
4.07139e-08
4.37303e-08
4.66198e-08
4.93464e-08
5.18802e-08
5.41951e-08
5.62785e-08
5.81225e-08
5.96983e-08
6.09989e-08
6.20084e-08
6.27137e-08
6.30855e-08
6.31117e-08
6.27849e-08
6.21199e-08
6.11715e-08
6.00365e-08
5.90113e-08
5.84388e-08
5.88698e-08
6.10778e-08
6.61255e-08
7.54534e-08
9.08788e-08
1.14161e-07
1.46855e-07
2.09226e-07
2.99403e-07
4.10679e-07
5.32121e-07
6.45078e-07
7.15644e-07
7.22351e-07
6.76585e-07
6.01612e-07
5.22165e-07
4.44446e-07
3.71739e-07
3.05205e-07
2.45386e-07
1.90342e-07
1.45011e-07
1.05306e-07
7.36257e-08
4.94639e-08
3.19565e-08
1.99149e-08
1.20262e-08
7.07173e-09
4.06715e-09
2.29598e-09
1.27567e-09
6.99024e-10
3.78377e-10
2.02578e-10
1.07391e-10
5.64273e-11
2.94142e-11
1.52217e-11
7.82216e-12
3.98882e-12
2.01394e-12
1.00226e-12
4.86258e-13
2.23861e-13
9.06082e-14
2.08657e-14
6.0143e-13
2.33057e-12
4.96937e-12
9.13747e-12
1.57138e-11
2.60488e-11
4.22102e-11
6.73315e-11
1.06088e-10
1.63379e-10
2.471e-10
3.68625e-10
5.43249e-10
7.90605e-10
1.13521e-09
1.60614e-09
2.23651e-09
3.06078e-09
4.11152e-09
5.41643e-09
6.99271e-09
8.84892e-09
1.09814e-08
1.33725e-08
1.59986e-08
1.87505e-08
2.16671e-08
2.47665e-08
2.79035e-08
3.11216e-08
3.43662e-08
3.75431e-08
4.0682e-08
4.37024e-08
4.65962e-08
4.93273e-08
5.18662e-08
5.41848e-08
5.62714e-08
5.81185e-08
5.96958e-08
6.0997e-08
6.20061e-08
6.27097e-08
6.30791e-08
6.31021e-08
6.2772e-08
6.2105e-08
6.1158e-08
6.00334e-08
5.90308e-08
5.85043e-08
5.90178e-08
6.13639e-08
6.66369e-08
7.63216e-08
9.23096e-08
1.16421e-07
1.50344e-07
2.14691e-07
3.06599e-07
4.19092e-07
5.40758e-07
6.51624e-07
7.17975e-07
7.19996e-07
6.71314e-07
5.95747e-07
5.16147e-07
4.38654e-07
3.66338e-07
3.00214e-07
2.40836e-07
1.86946e-07
1.42151e-07
1.02952e-07
7.17652e-08
4.80855e-08
3.09958e-08
1.92813e-08
1.16275e-08
6.83074e-09
3.92612e-09
2.21557e-09
1.2308e-09
6.74434e-10
3.65101e-10
1.95493e-10
1.0363e-10
5.44439e-11
2.83798e-11
1.46925e-11
7.55121e-12
3.85139e-12
1.94584e-12
9.69034e-13
4.70383e-13
2.16624e-13
8.7695e-14
2.01966e-14
5.99706e-13
2.32392e-12
4.9552e-12
9.11138e-12
1.56688e-11
2.59739e-11
4.20881e-11
6.7136e-11
1.05751e-10
1.62821e-10
2.46221e-10
3.67288e-10
5.41244e-10
7.87761e-10
1.13136e-09
1.60126e-09
2.23001e-09
3.05196e-09
4.09989e-09
5.40103e-09
6.97456e-09
8.82822e-09
1.09566e-08
1.33456e-08
1.59695e-08
1.872e-08
2.16358e-08
2.47338e-08
2.78712e-08
3.10895e-08
3.4336e-08
3.75151e-08
4.0657e-08
4.36799e-08
4.65759e-08
4.93102e-08
5.18528e-08
5.41737e-08
5.62618e-08
5.81105e-08
5.96878e-08
6.09879e-08
6.19948e-08
6.26949e-08
6.30601e-08
6.30784e-08
6.27436e-08
6.20731e-08
6.11261e-08
6.00092e-08
5.90258e-08
5.8539e-08
5.91247e-08
6.1593e-08
6.70653e-08
7.70709e-08
9.35479e-08
1.18373e-07
1.53396e-07
2.19369e-07
3.12738e-07
4.26266e-07
5.481e-07
6.57048e-07
7.19706e-07
7.17804e-07
6.66727e-07
5.90761e-07
5.10971e-07
4.33678e-07
3.61616e-07
2.95913e-07
2.36984e-07
1.84093e-07
1.39659e-07
1.0091e-07
7.01718e-08
4.69081e-08
3.01739e-08
1.87379e-08
1.12852e-08
6.62358e-09
3.80478e-09
2.14636e-09
1.19218e-09
6.53293e-10
3.53732e-10
1.89499e-10
1.00563e-10
5.29015e-11
2.75934e-11
1.42864e-11
7.34324e-12
3.74534e-12
1.89181e-12
9.41995e-13
4.57219e-13
2.10549e-13
8.52311e-14
1.96287e-14
5.98277e-13
2.31841e-12
4.94348e-12
9.08986e-12
1.56318e-11
2.59125e-11
4.19887e-11
6.69781e-11
1.05475e-10
1.6236e-10
2.45498e-10
3.66194e-10
5.3963e-10
7.85427e-10
1.12804e-09
1.59662e-09
2.22397e-09
3.04439e-09
4.09039e-09
5.38921e-09
6.96011e-09
8.81095e-09
1.09377e-08
1.33246e-08
1.5947e-08
1.86962e-08
2.16112e-08
2.47082e-08
2.78459e-08
3.10642e-08
3.43122e-08
3.74927e-08
4.06363e-08
4.36612e-08
4.65595e-08
4.9296e-08
5.18407e-08
5.41627e-08
5.62514e-08
5.81e-08
5.96762e-08
6.09744e-08
6.19788e-08
6.26752e-08
6.30359e-08
6.30487e-08
6.2708e-08
6.20329e-08
6.10842e-08
5.99738e-08
5.90068e-08
5.8554e-08
5.92015e-08
6.17742e-08
6.74171e-08
7.76932e-08
9.4592e-08
1.20035e-07
1.56038e-07
2.23353e-07
3.17962e-07
4.32498e-07
5.54428e-07
6.61776e-07
7.21083e-07
7.15758e-07
6.62626e-07
5.86461e-07
5.06634e-07
4.29487e-07
3.57752e-07
2.92328e-07
2.33718e-07
1.81687e-07
1.37552e-07
9.9137e-08
6.87761e-08
4.58732e-08
2.94514e-08
1.82611e-08
1.09856e-08
6.4428e-09
3.69918e-09
2.08626e-09
1.15869e-09
6.34951e-10
3.43826e-10
1.84207e-10
9.77495e-11
5.14282e-11
2.68536e-11
1.39131e-11
7.15401e-12
3.6486e-12
1.84322e-12
9.17926e-13
4.45583e-13
2.05204e-13
8.307e-14
1.91312e-14
5.97108e-13
2.3139e-12
4.9339e-12
9.07227e-12
1.56015e-11
2.58625e-11
4.19079e-11
6.68502e-11
1.05251e-10
1.61986e-10
2.44911e-10
3.65311e-10
5.38333e-10
7.8356e-10
1.12541e-09
1.59299e-09
2.21912e-09
3.03779e-09
4.08216e-09
5.37967e-09
6.94887e-09
8.79786e-09
1.09226e-08
1.33079e-08
1.59291e-08
1.86773e-08
2.15917e-08
2.46876e-08
2.78259e-08
3.10446e-08
3.42938e-08
3.74758e-08
4.0621e-08
4.36471e-08
4.65468e-08
4.92845e-08
5.18304e-08
5.41526e-08
5.62409e-08
5.8089e-08
5.96636e-08
6.09596e-08
6.1961e-08
6.26536e-08
6.30105e-08
6.30196e-08
6.26683e-08
6.19899e-08
6.10403e-08
5.99354e-08
5.89819e-08
5.85579e-08
5.92571e-08
6.19161e-08
6.76964e-08
7.81918e-08
9.54242e-08
1.21331e-07
1.58101e-07
2.2632e-07
3.21562e-07
4.38844e-07
5.6037e-07
6.6609e-07
7.22314e-07
7.14056e-07
6.59253e-07
5.82989e-07
5.03047e-07
4.26039e-07
3.54509e-07
2.89368e-07
2.31029e-07
1.79681e-07
1.3562e-07
9.74726e-08
6.747e-08
4.49176e-08
2.87948e-08
1.78343e-08
1.07209e-08
6.28481e-09
3.60769e-09
2.03454e-09
1.13002e-09
6.19308e-10
3.35403e-10
1.79719e-10
9.53751e-11
5.01749e-11
2.61867e-11
1.35658e-11
6.97695e-12
3.5605e-12
1.79957e-12
8.9652e-13
4.35311e-13
2.00511e-13
8.11787e-14
1.86965e-14
5.96168e-13
2.31027e-12
4.92618e-12
9.05807e-12
1.55771e-11
2.58218e-11
4.18418e-11
6.67444e-11
1.05069e-10
1.61686e-10
2.44443e-10
3.64609e-10
5.37304e-10
7.82082e-10
1.12333e-09
1.59013e-09
2.21518e-09
3.03277e-09
4.07569e-09
5.37161e-09
6.93955e-09
8.78713e-09
1.09106e-08
1.32947e-08
1.59151e-08
1.86627e-08
2.15769e-08
2.46723e-08
2.78107e-08
3.10293e-08
3.42795e-08
3.74623e-08
4.06087e-08
4.36361e-08
4.65367e-08
4.92751e-08
5.18216e-08
5.41438e-08
5.62317e-08
5.8079e-08
5.96521e-08
6.09459e-08
6.19445e-08
6.26336e-08
6.29866e-08
6.29913e-08
6.26356e-08
6.19541e-08
6.10039e-08
5.9904e-08
5.89623e-08
5.85628e-08
5.93056e-08
6.20378e-08
6.79369e-08
7.86193e-08
9.61415e-08
1.22467e-07
1.59972e-07
2.29104e-07
3.25198e-07
4.43044e-07
5.64607e-07
6.69201e-07
7.23104e-07
7.12606e-07
6.56531e-07
5.80251e-07
5.00274e-07
4.23398e-07
3.52091e-07
2.87247e-07
2.29292e-07
1.78538e-07
1.33079e-07
9.5703e-08
6.62305e-08
4.40712e-08
2.82359e-08
1.74792e-08
1.05034e-08
6.15569e-09
3.53306e-09
1.99234e-09
1.10659e-09
6.06504e-10
3.28504e-10
1.76045e-10
9.34386e-11
4.91624e-11
2.56608e-11
1.32948e-11
6.83832e-12
3.49027e-12
1.76437e-12
8.79112e-13
4.26909e-13
1.96656e-13
7.96215e-14
1.83374e-14
5.95442e-13
2.30747e-12
4.92024e-12
9.04715e-12
1.55583e-11
2.57907e-11
4.17915e-11
6.66647e-11
1.0493e-10
1.61454e-10
2.44082e-10
3.64067e-10
5.36512e-10
7.80948e-10
1.12174e-09
1.58795e-09
2.21224e-09
3.02893e-09
4.07078e-09
5.36553e-09
6.93222e-09
8.77884e-09
1.09014e-08
1.32847e-08
1.59045e-08
1.86517e-08
2.15657e-08
2.46608e-08
2.77995e-08
3.10183e-08
3.42692e-08
3.74527e-08
4.06e-08
4.36281e-08
4.65293e-08
4.92681e-08
5.1815e-08
5.41372e-08
5.62245e-08
5.80711e-08
5.96429e-08
6.0935e-08
6.19315e-08
6.26177e-08
6.29677e-08
6.29693e-08
6.2611e-08
6.19276e-08
6.09773e-08
5.98821e-08
5.89505e-08
5.85711e-08
5.93497e-08
6.21413e-08
6.81366e-08
7.89719e-08
9.67313e-08
1.23399e-07
1.61518e-07
2.31377e-07
3.28115e-07
4.46262e-07
5.67803e-07
6.71522e-07
7.23647e-07
7.11477e-07
6.54471e-07
5.78048e-07
4.9805e-07
4.21282e-07
3.50125e-07
2.8545e-07
2.27672e-07
1.77076e-07
1.31736e-07
9.45861e-08
6.53649e-08
4.34403e-08
2.78045e-08
1.72002e-08
1.03311e-08
6.05319e-09
3.47383e-09
1.95891e-09
1.08808e-09
5.96418e-10
3.23079e-10
1.73159e-10
9.19178e-11
4.83685e-11
2.52502e-11
1.30841e-11
6.73104e-12
3.436e-12
1.73714e-12
8.6563e-13
4.20391e-13
1.93662e-13
7.84104e-14
1.80587e-14
5.94916e-13
2.30544e-12
4.91593e-12
9.03924e-12
1.55447e-11
2.57682e-11
4.17552e-11
6.66071e-11
1.04829e-10
1.61285e-10
2.43817e-10
3.63668e-10
5.35927e-10
7.80105e-10
1.12055e-09
1.58628e-09
2.21003e-09
3.02603e-09
4.0672e-09
5.36118e-09
6.92701e-09
8.77276e-09
1.08946e-08
1.32775e-08
1.58969e-08
1.86439e-08
2.15578e-08
2.46528e-08
2.77918e-08
3.10107e-08
3.42621e-08
3.74461e-08
4.05939e-08
4.36225e-08
4.65242e-08
4.92632e-08
5.18104e-08
5.41324e-08
5.62193e-08
5.80653e-08
5.96361e-08
6.0927e-08
6.19218e-08
6.26062e-08
6.29542e-08
6.29537e-08
6.25938e-08
6.19092e-08
6.09594e-08
5.98681e-08
5.89443e-08
5.85803e-08
5.93859e-08
6.2222e-08
6.82888e-08
7.92377e-08
9.71719e-08
1.24084e-07
1.6267e-07
2.33066e-07
3.30268e-07
4.48614e-07
5.70129e-07
6.73182e-07
7.24014e-07
7.10645e-07
6.52988e-07
5.76363e-07
4.9637e-07
4.19682e-07
3.48633e-07
2.84077e-07
2.26436e-07
1.75979e-07
1.30787e-07
9.38171e-08
6.4773e-08
4.30088e-08
2.75073e-08
1.7006e-08
1.02099e-08
5.98038e-09
3.43142e-09
1.93482e-09
1.07467e-09
5.8908e-10
3.19126e-10
1.71062e-10
9.08201e-11
4.77989e-11
2.49561e-11
1.29328e-11
6.65361e-12
3.39668e-12
1.71736e-12
8.55815e-13
4.15639e-13
1.91477e-13
7.75261e-14
1.7855e-14
5.9458e-13
2.30415e-12
4.91317e-12
9.03419e-12
1.55361e-11
2.57539e-11
4.17321e-11
6.65705e-11
1.04764e-10
1.61176e-10
2.43646e-10
3.63413e-10
5.35552e-10
7.79568e-10
1.11979e-09
1.58525e-09
2.20864e-09
3.02423e-09
4.06494e-09
5.35842e-09
6.92374e-09
8.76898e-09
1.08903e-08
1.32729e-08
1.58921e-08
1.86389e-08
2.15528e-08
2.46476e-08
2.77867e-08
3.10058e-08
3.42575e-08
3.74419e-08
4.05901e-08
4.3619e-08
4.65209e-08
4.92602e-08
5.18075e-08
5.41293e-08
5.6216e-08
5.80615e-08
5.96316e-08
6.09216e-08
6.19155e-08
6.25986e-08
6.29455e-08
6.29438e-08
6.2583e-08
6.18979e-08
6.09485e-08
5.98599e-08
5.89415e-08
5.85876e-08
5.94108e-08
6.2276e-08
6.83895e-08
7.94123e-08
9.74596e-08
1.24531e-07
1.63446e-07
2.3419e-07
3.31684e-07
4.50153e-07
5.7164e-07
6.74253e-07
7.24238e-07
7.10091e-07
6.52007e-07
5.75246e-07
4.95257e-07
4.18626e-07
3.47652e-07
2.83182e-07
2.25632e-07
1.75272e-07
1.30186e-07
9.33266e-08
6.43982e-08
4.27374e-08
2.73203e-08
1.68832e-08
1.01328e-08
5.93387e-09
3.40423e-09
1.91932e-09
1.06602e-09
5.84337e-10
3.16562e-10
1.69692e-10
9.0095e-11
4.74192e-11
2.47595e-11
1.28321e-11
6.60236e-12
3.37079e-12
1.70438e-12
8.49392e-13
4.12534e-13
1.9005e-13
7.69489e-14
1.77221e-14
5.94416e-13
2.30351e-12
4.91183e-12
9.03174e-12
1.55319e-11
2.5747e-11
4.17209e-11
6.65529e-11
1.04733e-10
1.61124e-10
2.43565e-10
3.6329e-10
5.35373e-10
7.79311e-10
1.11943e-09
1.58475e-09
2.20799e-09
3.02337e-09
4.06384e-09
5.35706e-09
6.92211e-09
8.76711e-09
1.08883e-08
1.32706e-08
1.58897e-08
1.86365e-08
2.15504e-08
2.46451e-08
2.77843e-08
3.10034e-08
3.42553e-08
3.744e-08
4.05883e-08
4.36174e-08
4.65194e-08
4.92587e-08
5.18061e-08
5.41278e-08
5.62143e-08
5.80596e-08
5.96295e-08
6.09191e-08
6.19125e-08
6.2595e-08
6.29413e-08
6.2939e-08
6.25778e-08
6.18924e-08
6.09433e-08
5.98561e-08
5.89403e-08
5.85915e-08
5.94233e-08
6.23029e-08
6.84394e-08
7.94988e-08
9.7602e-08
1.24752e-07
1.63832e-07
2.3475e-07
3.32389e-07
4.5092e-07
5.72389e-07
6.74781e-07
7.24346e-07
7.09817e-07
6.51524e-07
5.74693e-07
4.94707e-07
4.18106e-07
3.47171e-07
2.82744e-07
2.25242e-07
1.74932e-07
1.29901e-07
9.3096e-08
6.42212e-08
4.26097e-08
2.72327e-08
1.68257e-08
1.00967e-08
5.91205e-09
3.39146e-09
1.91204e-09
1.06195e-09
5.82102e-10
3.15352e-10
1.69044e-10
8.9752e-11
4.72394e-11
2.46661e-11
1.2784e-11
6.57777e-12
3.35832e-12
1.69811e-12
8.46277e-13
4.11024e-13
1.89355e-13
7.66673e-14
1.76572e-14
5.94418e-13
2.30352e-12
4.91185e-12
9.03177e-12
1.55319e-11
2.57471e-11
4.17211e-11
6.65531e-11
1.04733e-10
1.61124e-10
2.43565e-10
3.63291e-10
5.35374e-10
7.79312e-10
1.11943e-09
1.58476e-09
2.20799e-09
3.02338e-09
4.06384e-09
5.35706e-09
6.92212e-09
8.76711e-09
1.08883e-08
1.32706e-08
1.58897e-08
1.86365e-08
2.15504e-08
2.46451e-08
2.77843e-08
3.10035e-08
3.42554e-08
3.744e-08
4.05883e-08
4.36174e-08
4.65194e-08
4.92587e-08
5.18061e-08
5.41278e-08
5.62143e-08
5.80596e-08
5.96295e-08
6.0919e-08
6.19125e-08
6.25949e-08
6.29412e-08
6.29389e-08
6.25777e-08
6.18923e-08
6.09432e-08
5.9856e-08
5.89402e-08
5.85913e-08
5.94232e-08
6.23027e-08
6.84392e-08
7.94986e-08
9.76017e-08
1.24751e-07
1.63831e-07
2.34749e-07
3.32388e-07
4.50917e-07
5.72386e-07
6.7478e-07
7.24346e-07
7.09818e-07
6.51526e-07
5.74696e-07
4.9471e-07
4.18108e-07
3.47173e-07
2.82746e-07
2.25244e-07
1.74934e-07
1.29902e-07
9.30968e-08
6.42218e-08
4.26101e-08
2.7233e-08
1.68259e-08
1.00968e-08
5.91212e-09
3.3915e-09
1.91206e-09
1.06197e-09
5.82109e-10
3.15356e-10
1.69046e-10
8.97531e-11
4.724e-11
2.46664e-11
1.27841e-11
6.57785e-12
3.35836e-12
1.69813e-12
8.46286e-13
4.11028e-13
1.89356e-13
7.6668e-14
1.76573e-14
5.94585e-13
2.30417e-12
4.91322e-12
9.03428e-12
1.55362e-11
2.57542e-11
4.17325e-11
6.65712e-11
1.04765e-10
1.61177e-10
2.43648e-10
3.63415e-10
5.35555e-10
7.79571e-10
1.1198e-09
1.58525e-09
2.20865e-09
3.02424e-09
4.06495e-09
5.35843e-09
6.92375e-09
8.769e-09
1.08904e-08
1.32729e-08
1.58921e-08
1.8639e-08
2.15529e-08
2.46477e-08
2.77868e-08
3.10058e-08
3.42576e-08
3.7442e-08
4.05902e-08
4.36191e-08
4.6521e-08
4.92602e-08
5.18075e-08
5.41293e-08
5.62159e-08
5.80615e-08
5.96316e-08
6.09215e-08
6.19154e-08
6.25985e-08
6.29453e-08
6.29435e-08
6.25827e-08
6.18975e-08
6.09481e-08
5.98595e-08
5.8941e-08
5.85871e-08
5.94102e-08
6.22753e-08
6.83888e-08
7.94117e-08
9.74589e-08
1.2453e-07
1.63444e-07
2.34188e-07
3.31682e-07
4.50151e-07
5.71638e-07
6.74253e-07
7.2424e-07
7.10096e-07
6.52014e-07
5.75253e-07
4.95263e-07
4.18632e-07
3.47658e-07
2.83186e-07
2.25636e-07
1.75275e-07
1.30189e-07
9.33287e-08
6.44e-08
4.27386e-08
2.73212e-08
1.68838e-08
1.01332e-08
5.93408e-09
3.40435e-09
1.91939e-09
1.06606e-09
5.84358e-10
3.16574e-10
1.69698e-10
9.00983e-11
4.7421e-11
2.47604e-11
1.28325e-11
6.60257e-12
3.37089e-12
1.70443e-12
8.49414e-13
4.12544e-13
1.90054e-13
7.69507e-14
1.77225e-14
5.94925e-13
2.30547e-12
4.91599e-12
9.03936e-12
1.55449e-11
2.57685e-11
4.17557e-11
6.66079e-11
1.0483e-10
1.61286e-10
2.43818e-10
3.6367e-10
5.3593e-10
7.8011e-10
1.12055e-09
1.58629e-09
2.21004e-09
3.02604e-09
4.06721e-09
5.3612e-09
6.92703e-09
8.77279e-09
1.08946e-08
1.32775e-08
1.5897e-08
1.8644e-08
2.15579e-08
2.46529e-08
2.77918e-08
3.10108e-08
3.42622e-08
3.74462e-08
4.05941e-08
4.36227e-08
4.65243e-08
4.92633e-08
5.18105e-08
5.41324e-08
5.62193e-08
5.80653e-08
5.9636e-08
6.09268e-08
6.19217e-08
6.26059e-08
6.29539e-08
6.29534e-08
6.25934e-08
6.19088e-08
6.09589e-08
5.98674e-08
5.89436e-08
5.85795e-08
5.93849e-08
6.2221e-08
6.82878e-08
7.92368e-08
9.7171e-08
1.24083e-07
1.62669e-07
2.33063e-07
3.30264e-07
4.48608e-07
5.70122e-07
6.73178e-07
7.24017e-07
7.10653e-07
6.53e-07
5.76375e-07
4.96382e-07
4.19693e-07
3.48642e-07
2.84085e-07
2.26443e-07
1.75985e-07
1.30792e-07
9.38213e-08
6.47762e-08
4.30111e-08
2.75088e-08
1.7007e-08
1.02105e-08
5.98076e-09
3.43164e-09
1.93494e-09
1.07474e-09
5.89118e-10
3.19146e-10
1.71072e-10
9.08259e-11
4.78021e-11
2.49578e-11
1.29337e-11
6.65406e-12
3.3969e-12
1.71746e-12
8.55863e-13
4.1566e-13
1.91486e-13
7.75297e-14
1.78558e-14
5.95453e-13
2.30751e-12
4.92032e-12
9.0473e-12
1.55586e-11
2.57911e-11
4.17922e-11
6.66658e-11
1.04932e-10
1.61456e-10
2.44084e-10
3.6407e-10
5.36516e-10
7.80955e-10
1.12175e-09
1.58797e-09
2.21226e-09
3.02895e-09
4.07081e-09
5.36557e-09
6.93226e-09
8.77889e-09
1.09014e-08
1.32848e-08
1.59046e-08
1.86519e-08
2.15658e-08
2.4661e-08
2.77997e-08
3.10185e-08
3.42694e-08
3.74529e-08
4.06002e-08
4.36283e-08
4.65295e-08
4.92683e-08
5.18152e-08
5.41373e-08
5.62246e-08
5.80712e-08
5.96429e-08
6.0935e-08
6.19313e-08
6.26175e-08
6.29675e-08
6.2969e-08
6.26106e-08
6.1927e-08
6.09767e-08
5.98813e-08
5.89494e-08
5.85699e-08
5.93483e-08
6.21396e-08
6.81346e-08
7.89704e-08
9.67297e-08
1.23397e-07
1.61515e-07
2.31372e-07
3.28107e-07
4.46251e-07
5.67792e-07
6.71514e-07
7.23649e-07
7.11488e-07
6.54486e-07
5.78064e-07
4.98065e-07
4.21295e-07
3.50136e-07
2.85459e-07
2.2768e-07
1.77084e-07
1.31743e-07
9.45917e-08
6.53692e-08
4.34434e-08
2.78067e-08
1.72016e-08
1.0332e-08
6.0537e-09
3.47413e-09
1.95908e-09
1.08817e-09
5.96468e-10
3.23106e-10
1.73173e-10
9.19246e-11
4.83718e-11
2.52518e-11
1.30849e-11
6.73138e-12
3.43616e-12
1.73721e-12
8.65661e-13
4.20404e-13
1.93667e-13
7.84122e-14
1.8059e-14
5.96179e-13
2.31031e-12
4.92627e-12
9.05824e-12
1.55774e-11
2.58223e-11
4.18426e-11
6.67457e-11
1.05071e-10
1.61688e-10
2.44446e-10
3.64613e-10
5.3731e-10
7.82091e-10
1.12334e-09
1.59014e-09
2.2152e-09
3.03279e-09
4.07572e-09
5.37166e-09
6.93961e-09
8.78719e-09
1.09107e-08
1.32948e-08
1.59152e-08
1.86629e-08
2.15771e-08
2.46725e-08
2.7811e-08
3.10296e-08
3.42798e-08
3.74625e-08
4.0609e-08
4.36363e-08
4.6537e-08
4.92753e-08
5.18218e-08
5.4144e-08
5.62319e-08
5.80792e-08
5.96522e-08
6.09461e-08
6.19446e-08
6.26336e-08
6.29866e-08
6.29911e-08
6.26353e-08
6.19537e-08
6.10033e-08
5.99031e-08
5.89612e-08
5.85613e-08
5.93039e-08
6.2036e-08
6.79347e-08
7.86169e-08
9.61389e-08
1.22464e-07
1.59967e-07
2.29096e-07
3.25186e-07
4.43028e-07
5.64589e-07
6.69189e-07
7.23103e-07
7.12618e-07
6.56549e-07
5.80269e-07
5.00293e-07
4.23415e-07
3.52107e-07
2.87263e-07
2.29305e-07
1.78549e-07
1.33088e-07
9.57101e-08
6.62357e-08
4.4075e-08
2.82385e-08
1.74809e-08
1.05044e-08
6.1563e-09
3.53341e-09
1.99254e-09
1.1067e-09
6.06563e-10
3.28535e-10
1.76061e-10
9.34462e-11
4.91658e-11
2.56622e-11
1.32953e-11
6.83845e-12
3.49028e-12
1.76434e-12
8.79091e-13
4.26894e-13
1.96648e-13
7.96177e-14
1.83365e-14
5.9712e-13
2.31394e-12
4.934e-12
9.07244e-12
1.56018e-11
2.5863e-11
4.19088e-11
6.68516e-11
1.05253e-10
1.61988e-10
2.44915e-10
3.65317e-10
5.3834e-10
7.83571e-10
1.12543e-09
1.59301e-09
2.21915e-09
3.03782e-09
4.0822e-09
5.37973e-09
6.94894e-09
8.79795e-09
1.09227e-08
1.3308e-08
1.59292e-08
1.86774e-08
2.15918e-08
2.46878e-08
2.7826e-08
3.10447e-08
3.4294e-08
3.7476e-08
4.06213e-08
4.36474e-08
4.65471e-08
4.92848e-08
5.18307e-08
5.41529e-08
5.62412e-08
5.80893e-08
5.96639e-08
6.09599e-08
6.19612e-08
6.26537e-08
6.30105e-08
6.30195e-08
6.2668e-08
6.19894e-08
6.10396e-08
5.99344e-08
5.89807e-08
5.85564e-08
5.92554e-08
6.19144e-08
6.76947e-08
7.81892e-08
9.54209e-08
1.21327e-07
1.58095e-07
2.26309e-07
3.21545e-07
4.38823e-07
5.60347e-07
6.66074e-07
7.22312e-07
7.14069e-07
6.59274e-07
5.83009e-07
5.03067e-07
4.26059e-07
3.54527e-07
2.89385e-07
2.31044e-07
1.79691e-07
1.35629e-07
9.74801e-08
6.74759e-08
4.4922e-08
2.87978e-08
1.78363e-08
1.07222e-08
6.28557e-09
3.60813e-09
2.03479e-09
1.13015e-09
6.19378e-10
3.35437e-10
1.79734e-10
9.53803e-11
5.01752e-11
2.61852e-11
1.35644e-11
6.97593e-12
3.55989e-12
1.79925e-12
8.96358e-13
4.35232e-13
2.00474e-13
8.1164e-14
1.86931e-14
5.98288e-13
2.31845e-12
4.94357e-12
9.09001e-12
1.5632e-11
2.5913e-11
4.19895e-11
6.69794e-11
1.05477e-10
1.62363e-10
2.45502e-10
3.662e-10
5.39638e-10
7.85438e-10
1.12806e-09
1.59664e-09
2.224e-09
3.04444e-09
4.09045e-09
5.38928e-09
6.96019e-09
8.81106e-09
1.09378e-08
1.33248e-08
1.59472e-08
1.86964e-08
2.16114e-08
2.47085e-08
2.78461e-08
3.10644e-08
3.43124e-08
3.74931e-08
4.06368e-08
4.36616e-08
4.65599e-08
4.92964e-08
5.18411e-08
5.41631e-08
5.62517e-08
5.81004e-08
5.96766e-08
6.09748e-08
6.19791e-08
6.26754e-08
6.30361e-08
6.30488e-08
6.27078e-08
6.20325e-08
6.10836e-08
5.99729e-08
5.90056e-08
5.85526e-08
5.91997e-08
6.17722e-08
6.74149e-08
7.76907e-08
9.45886e-08
1.2003e-07
1.56029e-07
2.2334e-07
3.17944e-07
4.32475e-07
5.54404e-07
6.61758e-07
7.21081e-07
7.15772e-07
6.62649e-07
5.86484e-07
5.06657e-07
4.29509e-07
3.57772e-07
2.92346e-07
2.33735e-07
1.81699e-07
1.37562e-07
9.91451e-08
6.87825e-08
4.5878e-08
2.94548e-08
1.82633e-08
1.0987e-08
6.44364e-09
3.69966e-09
2.08653e-09
1.15883e-09
6.35021e-10
3.43855e-10
1.84212e-10
9.77409e-11
5.14112e-11
2.68307e-11
1.39037e-11
7.1501e-12
3.6469e-12
1.84246e-12
9.17585e-13
4.45431e-13
2.05139e-13
8.30449e-14
1.91256e-14
5.99713e-13
2.32394e-12
4.95526e-12
9.11148e-12
1.5669e-11
2.59742e-11
4.20886e-11
6.71369e-11
1.05753e-10
1.62823e-10
2.46225e-10
3.67293e-10
5.41252e-10
7.87773e-10
1.13138e-09
1.60129e-09
2.23004e-09
3.05201e-09
4.09994e-09
5.4011e-09
6.97465e-09
8.82834e-09
1.09568e-08
1.33459e-08
1.59699e-08
1.87203e-08
2.1636e-08
2.4734e-08
2.78715e-08
3.10897e-08
3.43362e-08
3.75153e-08
4.06571e-08
4.36802e-08
4.65763e-08
4.93106e-08
5.18532e-08
5.41741e-08
5.62623e-08
5.81109e-08
5.96882e-08
6.09883e-08
6.19952e-08
6.26952e-08
6.30604e-08
6.30785e-08
6.27435e-08
6.20729e-08
6.11256e-08
6.00085e-08
5.90248e-08
5.85377e-08
5.9123e-08
6.15911e-08
6.70629e-08
7.70681e-08
9.35443e-08
1.18368e-07
1.53388e-07
2.19356e-07
3.12719e-07
4.26243e-07
5.48077e-07
6.57032e-07
7.19706e-07
7.1782e-07
6.66752e-07
5.90787e-07
5.10995e-07
4.33701e-07
3.61637e-07
2.95933e-07
2.37001e-07
1.84106e-07
1.3967e-07
1.00919e-07
7.01787e-08
4.69132e-08
3.01775e-08
1.87403e-08
1.12867e-08
6.62449e-09
3.8053e-09
2.14665e-09
1.19233e-09
6.53365e-10
3.53757e-10
1.89496e-10
1.00541e-10
5.2883e-11
2.75941e-11
1.4285e-11
7.34178e-12
3.74402e-12
1.89121e-12
9.41732e-13
4.57105e-13
2.10501e-13
8.52136e-14
1.96248e-14
6.0143e-13
2.33057e-12
4.96936e-12
9.13744e-12
1.57137e-11
2.60487e-11
4.221e-11
6.73315e-11
1.06087e-10
1.6338e-10
2.47102e-10
3.6863e-10
5.43256e-10
7.90617e-10
1.13522e-09
1.60617e-09
2.23654e-09
3.06081e-09
4.11157e-09
5.41649e-09
6.99279e-09
8.849e-09
1.09815e-08
1.33726e-08
1.59986e-08
1.87506e-08
2.16673e-08
2.47666e-08
2.79037e-08
3.11218e-08
3.43664e-08
3.75433e-08
4.06823e-08
4.37028e-08
4.65966e-08
4.93278e-08
5.18667e-08
5.41853e-08
5.62719e-08
5.8119e-08
5.96963e-08
6.09975e-08
6.20066e-08
6.27102e-08
6.30795e-08
6.31024e-08
6.27721e-08
6.21049e-08
6.11577e-08
6.00329e-08
5.90301e-08
5.85033e-08
5.90165e-08
6.13623e-08
6.66349e-08
7.63191e-08
9.23062e-08
1.16415e-07
1.50337e-07
2.14678e-07
3.06581e-07
4.1907e-07
5.40736e-07
6.51609e-07
7.17976e-07
7.20015e-07
6.71343e-07
5.95775e-07
5.16175e-07
4.38679e-07
3.66361e-07
3.00234e-07
2.40854e-07
1.86959e-07
1.42162e-07
1.02962e-07
7.17724e-08
4.80909e-08
3.09996e-08
1.92838e-08
1.16291e-08
6.83171e-09
3.92668e-09
2.21589e-09
1.23098e-09
6.7454e-10
3.65167e-10
1.95541e-10
1.03675e-10
5.44777e-11
2.83942e-11
1.46929e-11
7.55122e-12
3.85188e-12
1.94602e-12
9.69116e-13
4.70424e-13
2.16645e-13
8.77047e-14
2.0199e-14
6.03458e-13
2.3384e-12
4.98605e-12
9.16819e-12
1.57668e-11
2.61371e-11
4.23541e-11
6.75625e-11
1.06477e-10
1.6403e-10
2.48101e-10
3.7007e-10
5.45203e-10
7.93329e-10
1.1391e-09
1.6119e-09
2.24469e-09
3.07183e-09
4.12637e-09
5.43431e-09
7.01446e-09
8.87433e-09
1.10097e-08
1.34041e-08
1.60335e-08
1.8788e-08
2.17062e-08
2.48075e-08
2.79443e-08
3.11622e-08
3.44044e-08
3.75787e-08
4.07143e-08
4.37307e-08
4.66203e-08
4.93469e-08
5.18808e-08
5.41957e-08
5.62791e-08
5.81232e-08
5.9699e-08
6.09995e-08
6.2009e-08
6.27142e-08
6.3086e-08
6.31121e-08
6.27852e-08
6.21201e-08
6.11715e-08
6.00363e-08
5.90108e-08
5.84381e-08
5.88688e-08
6.10764e-08
6.61237e-08
7.54511e-08
9.08754e-08
1.14156e-07
1.46846e-07
2.09211e-07
2.99385e-07
4.10657e-07
5.32099e-07
6.45063e-07
7.15645e-07
7.22369e-07
6.76613e-07
6.01641e-07
5.22193e-07
4.44472e-07
3.71762e-07
3.05225e-07
2.45404e-07
1.90356e-07
1.45022e-07
1.05316e-07
7.36332e-08
4.94695e-08
3.19604e-08
1.99176e-08
1.20278e-08
7.07275e-09
4.06776e-09
2.29633e-09
1.27587e-09
6.99141e-10
3.78448e-10
2.02623e-10
1.07421e-10
5.64471e-11
2.94267e-11
1.52288e-11
7.82401e-12
3.98942e-12
2.01441e-12
1.00261e-12
4.86475e-13
2.23979e-13
9.06613e-14
2.08786e-14
6.05788e-13
2.34744e-12
5.00542e-12
9.20407e-12
1.5829e-11
2.62408e-11
4.25218e-11
6.78267e-11
1.06879e-10
1.64643e-10
2.49034e-10
3.71495e-10
5.47423e-10
7.96719e-10
1.14414e-09
1.61911e-09
2.25457e-09
3.08489e-09
4.14278e-09
5.45551e-09
7.04224e-09
8.90669e-09
1.10463e-08
1.34463e-08
1.60781e-08
1.88351e-08
2.1755e-08
2.48587e-08
2.79952e-08
3.12129e-08
3.44518e-08
3.76228e-08
4.07533e-08
4.37649e-08
4.66491e-08
4.9369e-08
5.18956e-08
5.42049e-08
5.6283e-08
5.81215e-08
5.96936e-08
6.09914e-08
6.19991e-08
6.27034e-08
6.3075e-08
6.31019e-08
6.27758e-08
6.21103e-08
6.11574e-08
6.00088e-08
5.89568e-08
5.83335e-08
5.86753e-08
6.0733e-08
6.55406e-08
7.44928e-08
8.93543e-08
1.11862e-07
1.42923e-07
2.02953e-07
2.91153e-07
4.01031e-07
5.22721e-07
6.36781e-07
7.12306e-07
7.24613e-07
6.82467e-07
6.08454e-07
5.29231e-07
4.51206e-07
3.77984e-07
3.10838e-07
2.50364e-07
1.94295e-07
1.48408e-07
1.08093e-07
7.58061e-08
5.10904e-08
3.31037e-08
2.06787e-08
1.25086e-08
7.36356e-09
4.23772e-09
2.39298e-09
1.32962e-09
7.28485e-10
3.94222e-10
2.10989e-10
1.11807e-10
5.87176e-11
3.05833e-11
1.5808e-11
8.1141e-12
4.13472e-12
2.08771e-12
1.03939e-12
5.04446e-13
2.32282e-13
9.40279e-14
2.16537e-14
6.08109e-13
2.35634e-12
5.02419e-12
9.23833e-12
1.58877e-11
2.63385e-11
4.26824e-11
6.80898e-11
1.07314e-10
1.65388e-10
2.50241e-10
3.73381e-10
5.50298e-10
8.00983e-10
1.15028e-09
1.62772e-09
2.26638e-09
3.10073e-09
4.16347e-09
5.48269e-09
7.0737e-09
8.94702e-09
1.10927e-08
1.34943e-08
1.61309e-08
1.88922e-08
2.18153e-08
2.49224e-08
2.80589e-08
3.12759e-08
3.45089e-08
3.76759e-08
4.08011e-08
4.38071e-08
4.66849e-08
4.93967e-08
5.19126e-08
5.42135e-08
5.62834e-08
5.81124e-08
5.96774e-08
6.09687e-08
6.19715e-08
6.26715e-08
6.30394e-08
6.30629e-08
6.27343e-08
6.20647e-08
6.11038e-08
5.99374e-08
5.88519e-08
5.8169e-08
5.84081e-08
6.02995e-08
6.48398e-08
7.33751e-08
8.76122e-08
1.09253e-07
1.39089e-07
1.96302e-07
2.81958e-07
3.89883e-07
5.1189e-07
6.27618e-07
7.08237e-07
7.26786e-07
6.88852e-07
6.16436e-07
5.37458e-07
4.59048e-07
3.85233e-07
3.17469e-07
2.56388e-07
1.99556e-07
1.52812e-07
1.11603e-07
7.8481e-08
5.30319e-08
3.44427e-08
2.15572e-08
1.30592e-08
7.6953e-09
4.43111e-09
2.50273e-09
1.39056e-09
7.61703e-10
4.12048e-10
2.20433e-10
1.16756e-10
6.12921e-11
3.19193e-11
1.65049e-11
8.48108e-12
4.32282e-12
2.18196e-12
1.08559e-12
5.26457e-13
2.42192e-13
9.79854e-14
2.25585e-14
6.10913e-13
2.36718e-12
5.04739e-12
9.28132e-12
1.59627e-11
2.64651e-11
4.28925e-11
6.84347e-11
1.07874e-10
1.66368e-10
2.51772e-10
3.75716e-10
5.53774e-10
8.06051e-10
1.15754e-09
1.63792e-09
2.28035e-09
3.11933e-09
4.18746e-09
5.5116e-09
7.10973e-09
8.98822e-09
1.11429e-08
1.35564e-08
1.61975e-08
1.89614e-08
2.18896e-08
2.50033e-08
2.81423e-08
3.13653e-08
3.45691e-08
3.7738e-08
4.08587e-08
4.38585e-08
4.67279e-08
4.9428e-08
5.19311e-08
5.42235e-08
5.6281e-08
5.80958e-08
5.96502e-08
6.09307e-08
6.19223e-08
6.26134e-08
6.29726e-08
6.29885e-08
6.26505e-08
6.19703e-08
6.09966e-08
5.98085e-08
5.86883e-08
5.79412e-08
5.80711e-08
5.97832e-08
6.40411e-08
7.21444e-08
8.57524e-08
1.06571e-07
1.35401e-07
1.89433e-07
2.72344e-07
3.78241e-07
5.00026e-07
6.17238e-07
7.0322e-07
7.28902e-07
6.96118e-07
6.2623e-07
5.47763e-07
4.68869e-07
3.94046e-07
3.25141e-07
2.62727e-07
2.07059e-07
1.58678e-07
1.16079e-07
8.17824e-08
5.53649e-08
3.60141e-08
2.25671e-08
1.36812e-08
8.06476e-09
4.64415e-09
2.62266e-09
1.45676e-09
7.9766e-10
4.31305e-10
2.30621e-10
1.22088e-10
6.40561e-11
3.33396e-11
1.7227e-11
8.84018e-12
4.50173e-12
2.27083e-12
1.12936e-12
5.47628e-13
2.52024e-13
1.01972e-13
2.34762e-14
6.14039e-13
2.37933e-12
5.07357e-12
9.33037e-12
1.60492e-11
2.66131e-11
4.31417e-11
6.88505e-11
1.08565e-10
1.67494e-10
2.53695e-10
3.78789e-10
5.58514e-10
8.13173e-10
1.16798e-09
1.6528e-09
2.30093e-09
3.14692e-09
4.22314e-09
5.55592e-09
7.16419e-09
9.0517e-09
1.12125e-08
1.36303e-08
1.62804e-08
1.90561e-08
2.19887e-08
2.51069e-08
2.825e-08
3.14739e-08
3.46642e-08
3.78262e-08
4.09356e-08
4.39252e-08
4.67833e-08
4.94683e-08
5.19557e-08
5.4233e-08
5.62737e-08
5.80694e-08
5.9618e-08
6.08819e-08
6.18583e-08
6.25342e-08
6.2882e-08
6.28866e-08
6.25382e-08
6.18417e-08
6.08526e-08
5.96394e-08
5.84773e-08
5.76618e-08
5.76801e-08
5.92137e-08
6.31934e-08
7.08773e-08
8.38915e-08
1.0398e-07
1.3207e-07
1.82354e-07
2.62001e-07
3.65444e-07
4.86305e-07
6.0502e-07
6.96606e-07
7.30494e-07
7.04138e-07
6.37691e-07
5.59626e-07
4.80213e-07
4.04788e-07
3.34713e-07
2.71199e-07
2.14428e-07
1.6521e-07
1.21367e-07
8.5841e-08
5.83077e-08
3.80257e-08
2.38646e-08
1.44764e-08
8.53216e-09
4.91007e-09
2.7702e-09
1.53702e-09
8.40644e-10
4.54029e-10
2.425e-10
1.28238e-10
6.72112e-11
3.49425e-11
1.80305e-11
9.23305e-12
4.69548e-12
2.36622e-12
1.1759e-12
5.69918e-13
2.62252e-13
1.06131e-13
2.44363e-14
6.1696e-13
2.39071e-12
5.09815e-12
9.37637e-12
1.61298e-11
2.67492e-11
4.33642e-11
6.92032e-11
1.091e-10
1.68349e-10
2.55007e-10
3.80853e-10
5.6171e-10
8.18015e-10
1.17517e-09
1.66327e-09
2.31581e-09
3.16757e-09
4.25112e-09
5.59296e-09
7.21017e-09
9.10746e-09
1.12768e-08
1.37051e-08
1.63659e-08
1.91512e-08
2.20946e-08
2.52189e-08
2.83644e-08
3.15891e-08
3.47789e-08
3.79402e-08
4.10266e-08
4.40075e-08
4.68533e-08
4.95207e-08
5.19894e-08
5.42477e-08
5.62691e-08
5.80456e-08
5.95759e-08
6.08213e-08
6.17796e-08
6.2438e-08
6.27681e-08
6.27561e-08
6.23916e-08
6.16738e-08
6.06651e-08
5.94265e-08
5.82266e-08
5.73489e-08
5.72641e-08
5.86341e-08
6.23608e-08
6.967e-08
8.21723e-08
1.01685e-07
1.29387e-07
1.75373e-07
2.51388e-07
3.52021e-07
4.7149e-07
5.91173e-07
6.88257e-07
7.30622e-07
7.11004e-07
6.50399e-07
5.72903e-07
4.93077e-07
4.16658e-07
3.45664e-07
2.81086e-07
2.2338e-07
1.72445e-07
1.27258e-07
9.04053e-08
6.16515e-08
4.03331e-08
2.53661e-08
1.54027e-08
9.07843e-09
5.22087e-09
2.94216e-09
1.63013e-09
8.9021e-10
4.80055e-10
2.56012e-10
1.35185e-10
7.07518e-11
3.67311e-11
1.89246e-11
9.67855e-12
4.91462e-12
2.47406e-12
1.22892e-12
5.95545e-13
2.74008e-13
1.10877e-13
2.55285e-14
6.18926e-13
2.3983e-12
5.11436e-12
9.40644e-12
1.61825e-11
2.68393e-11
4.35174e-11
6.94646e-11
1.09553e-10
1.69093e-10
2.56172e-10
3.82601e-10
5.64351e-10
8.22038e-10
1.18125e-09
1.67233e-09
2.32905e-09
3.1866e-09
4.27794e-09
5.63007e-09
7.26062e-09
9.17559e-09
1.13664e-08
1.3811e-08
1.64814e-08
1.92731e-08
2.22187e-08
2.5348e-08
2.84993e-08
3.17267e-08
3.49143e-08
3.80716e-08
4.11469e-08
4.41151e-08
4.69408e-08
4.95884e-08
5.20357e-08
5.42715e-08
5.62701e-08
5.80236e-08
5.95312e-08
6.07543e-08
6.16907e-08
6.23272e-08
6.26364e-08
6.26037e-08
6.22186e-08
6.14782e-08
6.04465e-08
5.918e-08
5.79433e-08
5.701e-08
5.68358e-08
5.80561e-08
6.15453e-08
6.84953e-08
8.049e-08
9.93849e-08
1.26565e-07
1.68205e-07
2.40439e-07
3.38142e-07
4.55921e-07
5.76295e-07
6.78453e-07
7.30183e-07
7.1922e-07
6.63441e-07
5.87356e-07
5.07417e-07
4.29889e-07
3.57634e-07
2.91603e-07
2.32646e-07
1.80738e-07
1.33982e-07
9.56086e-08
6.5468e-08
4.29738e-08
2.7089e-08
1.64675e-08
9.7067e-09
5.57789e-09
3.13911e-09
1.73628e-09
9.46369e-10
5.09328e-10
2.71089e-10
1.42877e-10
7.46479e-11
3.86961e-11
1.99161e-11
1.01806e-11
5.16719e-12
2.59957e-12
1.29028e-12
6.248e-13
2.87282e-13
1.162e-13
2.67512e-14
6.19929e-13
2.40218e-12
5.12268e-12
9.42205e-12
1.62106e-11
2.68895e-11
4.36087e-11
6.96336e-11
1.09871e-10
1.69697e-10
2.5723e-10
3.84371e-10
5.67146e-10
8.26454e-10
1.18815e-09
1.6829e-09
2.34479e-09
3.20926e-09
4.30936e-09
5.67184e-09
7.31373e-09
9.24009e-09
1.1441e-08
1.39003e-08
1.65896e-08
1.94021e-08
2.23718e-08
2.55075e-08
2.86606e-08
3.1889e-08
3.50744e-08
3.82276e-08
4.12937e-08
4.42499e-08
4.70553e-08
4.96769e-08
5.20985e-08
5.43079e-08
5.62806e-08
5.80084e-08
5.94901e-08
6.06887e-08
6.16011e-08
6.22132e-08
6.25e-08
6.24464e-08
6.20428e-08
6.12843e-08
6.02348e-08
5.89447e-08
5.7672e-08
5.66831e-08
5.6417e-08
5.74901e-08
6.07356e-08
6.73049e-08
7.87214e-08
9.67962e-08
1.22958e-07
1.60665e-07
2.28947e-07
3.23013e-07
4.38423e-07
5.5903e-07
6.66442e-07
7.28005e-07
7.2677e-07
6.77198e-07
6.01853e-07
5.21769e-07
4.43564e-07
3.70795e-07
3.03644e-07
2.42871e-07
1.87902e-07
1.41986e-07
1.01678e-07
6.98606e-08
4.59787e-08
2.90261e-08
1.76482e-08
1.03928e-08
5.9616e-09
3.3475e-09
1.84696e-09
1.00417e-09
5.39131e-10
2.86305e-10
1.50589e-10
7.8536e-11
4.065e-11
2.08966e-11
1.06725e-11
5.41359e-12
2.72235e-12
1.35077e-12
6.53913e-13
3.00603e-13
1.2157e-13
2.79869e-14
6.19915e-13
2.40213e-12
5.12253e-12
9.42183e-12
1.62109e-11
2.68931e-11
4.36236e-11
6.96801e-11
1.09994e-10
1.6995e-10
2.57795e-10
3.85608e-10
5.69762e-10
8.31245e-10
1.1962e-09
1.69541e-09
2.36369e-09
3.23687e-09
4.34805e-09
5.72367e-09
7.37982e-09
9.32001e-09
1.15398e-08
1.40147e-08
1.67152e-08
1.95409e-08
2.2522e-08
2.56642e-08
2.8829e-08
3.20642e-08
3.52517e-08
3.84018e-08
4.14592e-08
4.44008e-08
4.71811e-08
4.97782e-08
5.21736e-08
5.43553e-08
5.63007e-08
5.80014e-08
5.94557e-08
6.06276e-08
6.15153e-08
6.2105e-08
6.23686e-08
6.22929e-08
6.18683e-08
6.10882e-08
6.00211e-08
5.87096e-08
5.74083e-08
5.63723e-08
5.60231e-08
5.69546e-08
5.9978e-08
6.61781e-08
7.70067e-08
9.42017e-08
1.19158e-07
1.53988e-07
2.19104e-07
3.10603e-07
4.22085e-07
5.42774e-07
6.5437e-07
7.24396e-07
7.32308e-07
6.88512e-07
6.14845e-07
5.35461e-07
4.57139e-07
3.82885e-07
3.14774e-07
2.53211e-07
1.96418e-07
1.48993e-07
1.07452e-07
7.42828e-08
4.91299e-08
3.11187e-08
1.89503e-08
1.1159e-08
6.39243e-09
3.58132e-09
1.97045e-09
1.06803e-09
5.71624e-10
3.02639e-10
1.5873e-10
8.25715e-11
4.26459e-11
2.18851e-11
1.11658e-11
5.66416e-12
2.84721e-12
1.4118e-12
6.82932e-13
3.13701e-13
1.26782e-13
2.9175e-14
6.18655e-13
2.39701e-12
5.11057e-12
9.39755e-12
1.61652e-11
2.68123e-11
4.34894e-11
6.94733e-11
1.09705e-10
1.69556e-10
2.57347e-10
3.85251e-10
5.69752e-10
8.32204e-10
1.19923e-09
1.70248e-09
2.37655e-09
3.2582e-09
4.38151e-09
5.7736e-09
7.45099e-09
9.41761e-09
1.16646e-08
1.41559e-08
1.6873e-08
1.97116e-08
2.26971e-08
2.58491e-08
2.90171e-08
3.22455e-08
3.54351e-08
3.85834e-08
4.16341e-08
4.45545e-08
4.73112e-08
4.98836e-08
5.22536e-08
5.44084e-08
5.63283e-08
5.80038e-08
5.9433e-08
6.05813e-08
6.14455e-08
6.20109e-08
6.22569e-08
6.21642e-08
6.17219e-08
6.09258e-08
5.98383e-08
5.85069e-08
5.71795e-08
5.60996e-08
5.56829e-08
5.65006e-08
5.93328e-08
6.52258e-08
7.55614e-08
9.19732e-08
1.15807e-07
1.48509e-07
2.10874e-07
2.99821e-07
4.09247e-07
5.29436e-07
6.43896e-07
7.20466e-07
7.36131e-07
6.97713e-07
6.26362e-07
5.47507e-07
4.6851e-07
3.93878e-07
3.24496e-07
2.61387e-07
2.04851e-07
1.55675e-07
1.1288e-07
7.83998e-08
5.20268e-08
3.30078e-08
2.00988e-08
1.18169e-08
6.75234e-09
3.77153e-09
2.06861e-09
1.11804e-09
5.97202e-10
3.16131e-10
1.65574e-10
8.59652e-11
4.43063e-11
2.2689e-11
1.15474e-11
5.8359e-12
2.92729e-12
1.44984e-12
7.0089e-13
3.21899e-13
1.30107e-13
2.99453e-14
6.18505e-13
2.39635e-12
5.10863e-12
9.39192e-12
1.6151e-11
2.67811e-11
4.34293e-11
6.93711e-11
1.09555e-10
1.69323e-10
2.5708e-10
3.85101e-10
5.70047e-10
8.33609e-10
1.20298e-09
1.7107e-09
2.39291e-09
3.28659e-09
4.42563e-09
5.8364e-09
7.53393e-09
9.51926e-09
1.17791e-08
1.43018e-08
1.7042e-08
1.99005e-08
2.29023e-08
2.60561e-08
2.92262e-08
3.24443e-08
3.56162e-08
3.87431e-08
4.17774e-08
4.46755e-08
4.74116e-08
4.99642e-08
5.2315e-08
5.44499e-08
5.63518e-08
5.80099e-08
5.94221e-08
6.05548e-08
6.14042e-08
6.19554e-08
6.21861e-08
6.20781e-08
6.16252e-08
6.08165e-08
5.97202e-08
5.83773e-08
5.70306e-08
5.59289e-08
5.5472e-08
5.62211e-08
5.89352e-08
6.46334e-08
7.46588e-08
9.06085e-08
1.13757e-07
1.45282e-07
2.05952e-07
2.93317e-07
4.01493e-07
5.21222e-07
6.37101e-07
7.17619e-07
7.3833e-07
7.0351e-07
6.3403e-07
5.55685e-07
4.7683e-07
4.01523e-07
3.31714e-07
2.68118e-07
2.11336e-07
1.61959e-07
1.18184e-07
8.26191e-08
5.51476e-08
3.51359e-08
2.1435e-08
1.25942e-08
7.17559e-09
3.98973e-09
2.17608e-09
1.16876e-09
6.19788e-10
3.24953e-10
1.69177e-10
8.75076e-11
4.49986e-11
2.30145e-11
1.17081e-11
5.92091e-12
2.97101e-12
1.47199e-12
7.11968e-13
3.2706e-13
1.32192e-13
3.04264e-14
)
;

boundaryField
{
    fuel
    {
        type            fixedValue;
        value           uniform 0;
    }
    air
    {
        type            fixedValue;
        value           uniform 0;
    }
    outlet
    {
        type            inletOutlet;
        inletValue      uniform 0;
        value           nonuniform List<scalar> 
200
(
6.18468e-13
2.39621e-12
5.10834e-12
9.39141e-12
1.61501e-11
2.67798e-11
4.34272e-11
6.9368e-11
1.09551e-10
1.69316e-10
2.57071e-10
3.85089e-10
5.7003e-10
8.33587e-10
1.20295e-09
1.71066e-09
2.39286e-09
3.28653e-09
4.42555e-09
5.8363e-09
7.53382e-09
9.51913e-09
1.1779e-08
1.43016e-08
1.70417e-08
1.99002e-08
2.29019e-08
2.60557e-08
2.92257e-08
3.24438e-08
3.56155e-08
3.87423e-08
4.17765e-08
4.46745e-08
4.74105e-08
4.9963e-08
5.23138e-08
5.44485e-08
5.63502e-08
5.80082e-08
5.94201e-08
6.05522e-08
6.14009e-08
6.19506e-08
6.2181e-08
6.20742e-08
6.1622e-08
6.08135e-08
5.97173e-08
5.83745e-08
5.70278e-08
5.59262e-08
5.54694e-08
5.62188e-08
5.89332e-08
6.46318e-08
7.4658e-08
9.0609e-08
1.1376e-07
1.45289e-07
2.05964e-07
2.93333e-07
4.01511e-07
5.21238e-07
6.37111e-07
7.17618e-07
7.38318e-07
7.03484e-07
6.33992e-07
5.55637e-07
4.76775e-07
4.0146e-07
3.3164e-07
2.68069e-07
2.11304e-07
1.61938e-07
1.1817e-07
8.26096e-08
5.51412e-08
3.51317e-08
2.14323e-08
1.25925e-08
7.17458e-09
3.98914e-09
2.17573e-09
1.16857e-09
6.19682e-10
3.24897e-10
1.69147e-10
8.74923e-11
4.49909e-11
2.30106e-11
1.17062e-11
5.92003e-12
2.97059e-12
1.4718e-12
7.11871e-13
3.27017e-13
1.32176e-13
3.04227e-14
6.18505e-13
2.39635e-12
5.10863e-12
9.39192e-12
1.6151e-11
2.67811e-11
4.34293e-11
6.93711e-11
1.09555e-10
1.69323e-10
2.5708e-10
3.85101e-10
5.70047e-10
8.33609e-10
1.20298e-09
1.7107e-09
2.39291e-09
3.28659e-09
4.42563e-09
5.8364e-09
7.53393e-09
9.51926e-09
1.17791e-08
1.43018e-08
1.7042e-08
1.99005e-08
2.29023e-08
2.60561e-08
2.92262e-08
3.24443e-08
3.56162e-08
3.87431e-08
4.17774e-08
4.46755e-08
4.74116e-08
4.99642e-08
5.2315e-08
5.44499e-08
5.63518e-08
5.80099e-08
5.94221e-08
6.05548e-08
6.14042e-08
6.19554e-08
6.21861e-08
6.20781e-08
6.16252e-08
6.08165e-08
5.97202e-08
5.83773e-08
5.70306e-08
5.59289e-08
5.5472e-08
5.62211e-08
5.89352e-08
6.46334e-08
7.46588e-08
9.06085e-08
1.13757e-07
1.45282e-07
2.05952e-07
2.93317e-07
4.01493e-07
5.21222e-07
6.37101e-07
7.17619e-07
7.3833e-07
7.0351e-07
6.3403e-07
5.55685e-07
4.7683e-07
4.01523e-07
3.31714e-07
2.68118e-07
2.11336e-07
1.61959e-07
1.18184e-07
8.26191e-08
5.51476e-08
3.51359e-08
2.1435e-08
1.25942e-08
7.17559e-09
3.98973e-09
2.17608e-09
1.16876e-09
6.19788e-10
3.24953e-10
1.69177e-10
8.75076e-11
4.49986e-11
2.30145e-11
1.17081e-11
5.92091e-12
2.97101e-12
1.47199e-12
7.11968e-13
3.2706e-13
1.32192e-13
3.04264e-14
)
;
    }
    frontAndBack
    {
        type            empty;
    }
    internal
    {
        type            internal;
    }
}


// ************************************************************************* //
