/*--------------------------------*- C++ -*----------------------------------*\
  =========                 |
  \\      /  F ield         | OpenFOAM: The Open Source CFD Toolbox
   \\    /   O peration     | Website:  https://openfoam.org
    \\  /    A nd           | Version:  10
     \\/     M anipulation  |
\*---------------------------------------------------------------------------*/
FoamFile
{
    format      ascii;
    class       volScalarField;
    location    "1";
    object      NH;
}
// * * * * * * * * * * * * * * * * * * * * * * * * * * * * * * * * * * * * * //

dimensions      [0 0 0 0 0 0 0];

internalField   nonuniform List<scalar> 
4000
(
8.67358e-20
3.36078e-19
7.16712e-19
1.31879e-18
2.27204e-18
3.78036e-18
6.16739e-18
9.9517e-18
1.59784e-17
2.53401e-17
4.00192e-17
6.35918e-17
1.0261e-16
1.69619e-16
2.89803e-16
5.15911e-16
9.61786e-16
1.87825e-15
3.82076e-15
8.0032e-15
1.69944e-14
3.59698e-14
7.47429e-14
1.51046e-13
2.93341e-13
5.39602e-13
9.51803e-13
1.61444e-12
2.5898e-12
3.976e-12
5.81724e-12
8.19427e-12
1.11663e-11
1.48051e-11
1.92141e-11
2.4516e-11
3.08737e-11
3.85463e-11
4.79461e-11
5.97807e-11
7.5277e-11
9.60385e-11
1.24944e-10
1.66157e-10
2.2548e-10
3.1236e-10
4.3628e-10
6.18354e-10
8.77581e-10
1.26756e-09
1.83586e-09
2.69228e-09
3.99674e-09
5.97857e-09
8.94553e-09
1.32456e-08
1.90748e-08
2.57704e-08
2.95219e-08
1.93231e-08
1.11867e-08
6.46774e-09
3.71156e-09
2.1125e-09
1.2019e-09
7.08601e-10
4.25693e-10
2.50758e-10
1.38813e-10
7.23171e-11
3.3974e-11
1.45113e-11
5.72971e-12
2.11964e-12
7.45224e-13
2.57242e-13
8.59702e-14
2.94914e-14
1.04982e-14
3.78631e-15
1.33599e-15
4.53176e-16
1.47008e-16
4.57144e-17
1.3702e-17
3.98176e-18
1.12723e-18
3.11668e-19
8.48547e-20
2.27917e-20
6.04797e-21
1.58719e-21
4.12098e-22
1.05769e-22
2.67573e-23
6.61936e-24
1.57238e-24
3.43826e-25
6.24896e-26
5.87462e-27
8.67547e-20
3.3616e-19
7.16957e-19
1.31951e-18
2.27386e-18
3.78432e-18
6.17488e-18
9.96392e-18
1.59946e-17
2.53626e-17
4.00321e-17
6.35483e-17
1.02387e-16
1.68886e-16
2.87691e-16
5.10074e-16
9.45759e-16
1.83654e-15
3.71637e-15
7.75119e-15
1.64122e-14
3.47005e-14
7.21496e-14
1.45345e-13
2.82398e-13
5.20091e-13
9.19283e-13
1.5659e-12
2.52106e-12
3.88876e-12
5.71491e-12
8.08075e-12
1.10402e-11
1.4676e-11
1.90845e-11
2.43901e-11
3.07561e-11
3.84456e-11
4.78607e-11
5.97134e-11
7.5236e-11
9.60341e-11
1.25016e-10
1.66443e-10
2.26138e-10
3.13734e-10
4.39003e-10
6.23604e-10
8.87006e-10
1.28436e-09
1.86371e-09
2.73931e-09
4.07542e-09
6.10729e-09
9.15243e-09
1.3566e-08
1.9538e-08
2.63367e-08
2.99222e-08
1.89887e-08
1.09996e-08
6.35762e-09
3.64388e-09
2.07091e-09
1.17902e-09
6.95881e-10
4.17219e-10
2.44815e-10
1.34515e-10
6.9287e-11
3.20995e-11
1.35836e-11
5.31168e-12
1.94713e-12
6.76617e-13
2.29846e-13
7.61871e-14
2.60351e-14
9.26575e-15
3.33351e-15
1.17454e-15
3.98948e-16
1.30042e-16
4.07623e-17
1.23442e-17
3.6303e-18
1.04209e-18
2.93629e-19
8.0998e-20
2.19439e-20
5.85486e-21
1.54148e-21
4.00819e-22
1.02801e-22
2.59923e-23
6.42667e-24
1.52532e-24
3.33385e-25
6.05872e-26
5.69517e-27
8.69339e-20
3.36887e-19
7.18648e-19
1.32293e-18
2.28025e-18
3.79554e-18
6.19334e-18
9.99198e-18
1.60326e-17
2.5412e-17
4.00796e-17
6.35543e-17
1.0226e-16
1.68351e-16
2.86024e-16
5.05308e-16
9.336e-16
1.8054e-15
3.63611e-15
7.54628e-15
1.59027e-14
3.34851e-14
6.94773e-14
1.40164e-13
2.72672e-13
5.03181e-13
8.92166e-13
1.52304e-12
2.45954e-12
3.80844e-12
5.60963e-12
7.95057e-12
1.08869e-11
1.45147e-11
1.89215e-11
2.42329e-11
3.0613e-11
3.83284e-11
4.77715e-11
5.96587e-11
7.52305e-11
9.60992e-11
1.2522e-10
1.66968e-10
2.27244e-10
3.15949e-10
4.43406e-10
6.31936e-10
9.023e-10
1.31144e-09
1.90913e-09
2.81778e-09
4.2063e-09
6.32178e-09
9.49662e-09
1.40964e-08
2.03067e-08
2.73121e-08
3.06558e-08
1.87154e-08
1.08207e-08
6.23522e-09
3.55756e-09
2.01374e-09
1.14716e-09
6.77395e-10
4.0458e-10
2.35571e-10
1.28005e-10
6.47533e-11
2.95439e-11
1.22783e-11
4.74224e-12
1.73008e-12
5.80901e-13
1.97871e-13
6.57133e-14
2.25961e-14
8.10692e-15
2.93177e-15
1.03772e-15
3.54252e-16
1.16149e-16
3.66435e-17
1.11707e-17
3.30551e-18
9.53304e-19
2.68875e-19
7.43791e-20
2.02298e-20
5.42083e-21
1.43351e-21
3.74573e-22
9.67718e-23
2.45857e-23
6.09619e-24
1.44925e-24
3.16957e-25
5.76044e-26
5.41386e-27
8.69486e-20
3.36944e-19
7.18768e-19
1.32313e-18
2.28044e-18
3.79531e-18
6.19137e-18
9.98478e-18
1.6012e-17
2.53651e-17
3.99658e-17
6.32792e-17
1.01597e-16
1.66895e-16
2.82889e-16
4.98581e-16
9.18449e-16
1.77036e-15
3.55431e-15
7.35658e-15
1.54731e-14
3.25489e-14
6.74355e-14
1.36093e-13
2.65114e-13
4.89661e-13
8.69407e-13
1.48744e-12
2.40535e-12
3.73256e-12
5.5111e-12
7.83053e-12
1.07488e-11
1.43645e-11
1.87757e-11
2.40983e-11
3.05005e-11
3.82514e-11
4.77378e-11
5.96808e-11
7.53313e-11
9.63172e-11
1.25643e-10
1.67824e-10
2.28894e-10
3.19043e-10
4.49238e-10
6.4263e-10
9.2098e-10
1.34399e-09
1.96413e-09
2.91031e-09
4.36149e-09
6.57855e-09
9.90587e-09
1.47337e-08
2.12402e-08
2.84785e-08
3.14684e-08
1.86115e-08
1.07086e-08
6.14666e-09
3.45609e-09
1.94712e-09
1.11015e-09
6.54923e-10
3.88523e-10
2.23854e-10
1.20454e-10
5.96045e-11
2.65583e-11
1.08701e-11
4.14478e-12
1.48617e-12
4.97678e-13
1.6921e-13
5.61289e-14
1.93658e-14
6.98036e-15
2.52933e-15
8.96469e-16
3.06656e-16
1.00884e-16
3.19775e-17
9.8039e-18
2.91926e-18
8.47352e-19
2.40508e-19
6.69292e-20
1.83021e-20
4.92741e-21
1.30804e-21
3.42683e-22
8.85726e-23
2.25238e-23
5.59246e-24
1.33156e-24
2.91667e-25
5.30773e-26
4.99161e-27
8.68334e-20
3.36497e-19
7.17809e-19
1.32131e-18
2.27711e-18
3.78915e-18
6.17969e-18
9.96207e-18
1.59668e-17
2.52732e-17
3.97894e-17
6.29454e-17
1.00974e-16
1.65661e-16
2.80334e-16
4.93074e-16
9.06182e-16
1.74234e-15
3.48954e-15
7.20759e-15
1.51377e-14
3.18205e-14
6.59224e-14
1.32907e-13
2.5861e-13
4.77244e-13
8.46953e-13
1.45293e-12
2.35618e-12
3.66588e-12
5.42694e-12
7.72942e-12
1.06351e-11
1.42421e-11
1.86599e-11
2.40034e-11
3.04368e-11
3.82326e-11
4.77763e-11
5.97937e-11
7.555e-11
9.66915e-11
1.26284e-10
1.68987e-10
2.30965e-10
3.227e-10
4.55757e-10
6.54063e-10
9.40675e-10
1.37815e-09
2.02213e-09
3.00753e-09
4.52251e-09
6.8392e-09
1.0321e-08
1.53662e-08
2.21297e-08
2.94869e-08
3.18097e-08
1.83979e-08
1.05159e-08
5.99052e-09
3.34198e-09
1.87098e-09
1.06573e-09
6.27313e-10
3.68818e-10
2.09212e-10
1.11502e-10
5.40455e-11
2.36552e-11
9.52699e-12
3.55665e-12
1.25847e-12
4.31123e-13
1.40617e-13
4.69511e-14
1.63854e-14
5.96978e-15
2.17819e-15
7.75967e-16
2.66685e-16
8.81698e-17
2.80961e-17
8.66127e-18
2.59309e-18
7.56607e-19
2.15793e-19
6.03157e-20
1.65578e-20
4.47269e-21
1.19059e-21
3.12584e-22
8.09223e-23
2.06027e-23
5.11998e-24
1.21989e-24
2.67342e-25
4.8667e-26
4.57703e-27
8.65959e-20
3.3558e-19
7.15846e-19
1.31765e-18
2.27063e-18
3.77786e-18
6.15994e-18
9.92674e-18
1.59044e-17
2.51649e-17
3.96045e-17
6.26305e-17
1.00408e-16
1.6458e-16
2.7816e-16
4.88481e-16
8.96027e-16
1.71892e-15
3.43389e-15
7.07322e-15
1.48135e-14
3.10491e-14
6.41795e-14
1.29426e-13
2.52281e-13
4.66496e-13
8.29862e-13
1.42625e-12
2.31691e-12
3.61238e-12
5.36051e-12
7.65137e-12
1.05525e-11
1.41588e-11
1.85907e-11
2.39571e-11
3.0427e-11
3.82746e-11
4.78875e-11
5.99977e-11
7.58824e-11
9.72191e-11
1.27139e-10
1.70447e-10
2.33467e-10
3.26947e-10
4.63258e-10
6.6621e-10
9.61779e-10
1.4142e-09
2.08118e-09
3.1026e-09
4.67289e-09
7.07384e-09
1.06754e-08
1.58684e-08
2.27445e-08
2.9908e-08
3.09045e-08
1.76912e-08
1.00771e-08
5.71741e-09
3.17663e-09
1.77363e-09
1.01024e-09
5.93263e-10
3.45641e-10
1.93717e-10
1.0158e-10
4.81796e-11
2.07321e-11
8.21434e-12
3.04104e-12
1.06858e-12
3.6285e-13
1.18596e-13
3.99424e-14
1.40919e-14
5.17695e-15
1.89726e-15
6.77627e-16
2.33397e-16
7.73609e-17
2.47285e-17
7.65058e-18
2.29944e-18
6.7363e-19
1.92895e-19
5.41231e-20
1.49112e-20
4.04076e-21
1.07826e-21
2.83613e-22
7.35431e-23
1.8752e-23
4.6672e-24
1.11365e-24
2.44348e-25
4.45124e-26
4.1869e-27
8.62417e-20
3.34202e-19
7.12874e-19
1.31209e-18
2.2609e-18
3.76146e-18
6.1331e-18
9.88425e-18
1.5834e-17
2.50428e-17
3.93986e-17
6.22645e-17
9.97412e-17
1.63328e-16
2.7571e-16
4.83465e-16
8.85331e-16
1.69527e-15
3.38032e-15
6.95106e-15
1.45453e-14
3.04713e-14
6.29985e-14
1.27035e-13
2.47686e-13
4.58274e-13
8.15766e-13
1.40427e-12
2.28557e-12
3.57042e-12
5.30845e-12
7.58941e-12
1.05026e-11
1.41115e-11
1.85553e-11
2.39504e-11
3.04616e-11
3.8364e-11
4.80523e-11
6.02637e-11
7.62837e-11
9.78368e-11
1.28119e-10
1.72088e-10
2.36291e-10
3.31003e-10
4.70517e-10
6.77496e-10
9.81117e-10
1.44659e-09
2.13339e-09
3.18569e-09
4.80269e-09
7.26932e-09
1.0953e-08
1.62194e-08
2.30567e-08
2.97036e-08
2.8725e-08
1.64218e-08
9.36312e-09
5.31009e-09
2.94901e-09
1.64662e-09
9.41475e-10
5.53449e-10
3.22283e-10
1.76318e-10
9.13663e-11
4.26693e-11
1.81459e-11
7.10563e-12
2.60646e-12
9.04761e-13
3.08579e-13
1.01475e-13
3.45373e-14
1.23419e-14
4.56151e-15
1.67607e-15
5.99413e-16
2.06729e-16
6.86469e-17
2.19955e-17
6.82401e-18
2.05717e-18
6.04496e-19
1.73619e-19
4.8856e-20
1.34983e-20
3.66874e-21
9.82652e-22
2.59522e-22
6.75109e-23
1.72418e-23
4.29404e-24
1.02465e-24
2.24775e-25
4.09387e-26
3.85034e-27
8.58539e-20
3.32695e-19
7.09618e-19
1.30596e-18
2.24999e-18
3.74254e-18
6.10055e-18
9.82809e-18
1.5739e-17
2.48796e-17
3.90976e-17
6.17285e-17
9.8778e-17
1.6155e-16
2.72307e-16
4.76695e-16
8.71376e-16
1.66565e-15
3.31644e-15
6.81329e-15
1.42469e-14
2.9856e-14
6.18037e-14
1.24801e-13
2.43438e-13
4.50553e-13
8.03386e-13
1.38508e-12
2.25814e-12
3.53477e-12
5.27146e-12
7.55045e-12
1.04693e-11
1.40877e-11
1.85487e-11
2.39765e-11
3.05339e-11
3.85016e-11
4.82726e-11
6.06072e-11
7.66674e-11
9.84341e-11
1.29021e-10
1.73641e-10
2.38835e-10
3.35208e-10
4.77517e-10
6.87921e-10
9.98703e-10
1.47588e-09
2.18092e-09
3.26105e-09
4.91885e-09
7.44097e-09
1.11893e-08
1.64983e-08
2.32399e-08
2.92532e-08
2.61191e-08
1.4949e-08
8.53808e-09
4.84698e-09
2.69588e-09
1.50974e-09
8.67285e-10
5.10689e-10
2.96218e-10
1.60664e-10
8.23956e-11
3.80377e-11
1.597e-11
6.20664e-12
2.26415e-12
7.84989e-13
2.6696e-13
8.82151e-14
3.03018e-14
1.09505e-14
4.06729e-15
1.49803e-15
5.3653e-16
1.8531e-16
6.16419e-17
1.9791e-17
6.15361e-18
1.85927e-18
5.47561e-19
1.57603e-19
4.44373e-20
1.22992e-20
3.34762e-21
8.97337e-22
2.371e-22
6.17407e-23
1.58072e-23
3.94466e-24
9.423e-25
2.06803e-25
3.76743e-26
3.54363e-27
8.55088e-20
3.3136e-19
7.0676e-19
1.30065e-18
2.24068e-18
3.72667e-18
6.07384e-18
9.7833e-18
1.5664e-17
2.47413e-17
3.88652e-17
6.13342e-17
9.80954e-17
1.60327e-16
2.70015e-16
4.722e-16
8.62208e-16
1.64632e-15
3.27496e-15
6.72567e-15
1.40532e-14
2.94557e-14
6.09392e-14
1.23e-13
2.40244e-13
4.45213e-13
7.94483e-13
1.37072e-12
2.23759e-12
3.50579e-12
5.25426e-12
7.53026e-12
1.04537e-11
1.40824e-11
1.85615e-11
2.4021e-11
3.06265e-11
3.8632e-11
4.84754e-11
6.09208e-11
7.71093e-11
9.90817e-11
1.30019e-10
1.75219e-10
2.41404e-10
3.39415e-10
4.84549e-10
6.99119e-10
1.01685e-09
1.50499e-09
2.22646e-09
3.33231e-09
5.02808e-09
7.60258e-09
1.14116e-08
1.67585e-08
2.33986e-08
2.87688e-08
2.35485e-08
1.35162e-08
7.74323e-09
4.40489e-09
2.46126e-09
1.3832e-09
7.99583e-10
4.71915e-10
2.73491e-10
1.47677e-10
7.49748e-11
3.42498e-11
1.42816e-11
5.5278e-12
2.02566e-12
6.7707e-13
2.3193e-13
7.7566e-14
2.7023e-14
9.89304e-15
3.69881e-15
1.36655e-15
4.90093e-16
1.69377e-16
5.63669e-17
1.81063e-17
5.63323e-18
1.70323e-18
5.02e-19
1.44613e-19
4.08111e-20
1.13053e-20
3.07928e-21
8.25736e-22
2.18236e-22
5.68442e-23
1.45493e-23
3.63129e-24
8.67994e-25
1.90635e-25
3.4745e-26
3.26883e-27
8.52293e-20
3.30288e-19
7.04498e-19
1.29651e-18
2.23355e-18
3.71469e-18
6.05381e-18
9.74955e-18
1.56057e-17
2.46368e-17
3.86828e-17
6.10165e-17
9.75331e-17
1.59307e-16
2.68101e-16
4.68458e-16
8.54553e-16
1.63003e-15
3.23942e-15
6.64586e-15
1.38885e-14
2.90861e-14
6.02091e-14
1.21696e-13
2.37834e-13
4.41083e-13
7.87886e-13
1.36059e-12
2.22414e-12
3.48938e-12
5.23875e-12
7.51725e-12
1.04479e-11
1.40885e-11
1.85862e-11
2.40754e-11
3.07216e-11
3.87761e-11
4.86849e-11
6.12299e-11
7.75451e-11
9.97139e-11
1.30953e-10
1.76669e-10
2.43735e-10
3.43284e-10
4.90852e-10
7.09393e-10
1.03354e-09
1.53185e-09
2.27003e-09
3.40175e-09
5.13637e-09
7.76422e-09
1.16388e-08
1.70372e-08
2.36079e-08
2.8412e-08
2.13611e-08
1.2294e-08
7.05783e-09
4.01664e-09
2.25662e-09
1.27416e-09
7.41952e-10
4.39625e-10
2.54909e-10
1.37573e-10
6.93775e-11
3.14681e-11
1.30478e-11
5.02669e-12
1.83394e-12
6.11512e-13
2.09896e-13
7.05833e-14
2.47641e-14
9.12292e-15
3.41772e-15
1.26241e-15
4.52199e-16
1.56069e-16
5.1882e-17
1.66546e-17
5.18029e-18
1.56644e-18
4.61874e-19
1.33135e-19
3.75998e-20
1.04239e-20
2.84104e-21
7.62118e-22
2.01523e-22
5.25198e-23
1.34563e-23
3.36229e-24
8.04431e-25
1.76784e-25
3.22319e-26
3.03296e-27
8.49567e-20
3.29233e-19
7.02239e-19
1.29233e-18
2.22631e-18
3.70261e-18
6.03419e-18
9.71844e-18
1.55578e-17
2.45556e-17
3.8546e-17
6.07805e-17
9.71027e-17
1.58501e-16
2.66548e-16
4.65393e-16
8.48338e-16
1.61705e-15
3.21196e-15
6.58432e-15
1.37492e-14
2.88029e-14
5.96487e-14
1.20603e-13
2.35939e-13
4.37941e-13
7.83011e-13
1.3533e-12
2.21481e-12
3.47842e-12
5.2289e-12
7.51106e-12
1.04499e-11
1.41026e-11
1.86183e-11
2.41341e-11
3.0819e-11
3.89198e-11
4.88877e-11
6.1517e-11
7.79448e-11
1.00286e-10
1.31811e-10
1.78013e-10
2.4591e-10
3.46851e-10
4.96756e-10
7.19113e-10
1.0495e-09
1.55793e-09
2.31251e-09
3.47002e-09
5.24417e-09
7.93028e-09
1.18805e-08
1.73532e-08
2.39053e-08
2.82701e-08
1.96689e-08
1.13522e-08
6.5345e-09
3.72464e-09
2.10201e-09
1.18878e-09
6.97333e-10
4.14763e-10
2.4054e-10
1.2998e-10
6.51155e-11
2.93378e-11
1.21e-11
4.64545e-12
1.68922e-12
5.65995e-13
1.9455e-13
6.56315e-14
2.3113e-14
8.53584e-15
3.19548e-15
1.17787e-15
4.20929e-16
1.44978e-16
4.81206e-17
1.54316e-17
4.79728e-18
1.45043e-18
4.27738e-19
1.23343e-19
3.48542e-20
9.67089e-21
2.63977e-21
7.09866e-22
1.88207e-22
4.9154e-23
1.26008e-23
3.14756e-24
7.52738e-25
1.65373e-25
3.01455e-26
2.83651e-27
8.4723e-20
3.28331e-19
7.00317e-19
1.28879e-18
2.22017e-18
3.6923e-18
6.01716e-18
9.69047e-18
1.55082e-17
2.44696e-17
3.84047e-17
6.05543e-17
9.67448e-17
1.5788e-16
2.65374e-16
4.62975e-16
8.43274e-16
1.60633e-15
3.18842e-15
6.53573e-15
1.36458e-14
2.85914e-14
5.92372e-14
1.19826e-13
2.34543e-13
4.35628e-13
7.79486e-13
1.34814e-12
2.20852e-12
3.47153e-12
5.22394e-12
7.51057e-12
1.04578e-11
1.41229e-11
1.8656e-11
2.41975e-11
3.09187e-11
3.90628e-11
4.90874e-11
6.1801e-11
7.83359e-11
1.0084e-10
1.32633e-10
1.79285e-10
2.47978e-10
3.50275e-10
5.02459e-10
7.28584e-10
1.06517e-09
1.5836e-09
2.35529e-09
3.54055e-09
5.35804e-09
8.10861e-09
1.21495e-08
1.77276e-08
2.4335e-08
2.84176e-08
1.87542e-08
1.08166e-08
6.22063e-09
3.54264e-09
1.99878e-09
1.1351e-09
6.68708e-10
3.98251e-10
2.30725e-10
1.24699e-10
6.20421e-11
2.77644e-11
1.13875e-11
4.34914e-12
1.57208e-12
5.30345e-13
1.82536e-13
6.17124e-14
2.17792e-14
8.05603e-15
3.01422e-15
1.1093e-15
3.95657e-16
1.36026e-16
4.50824e-17
1.44416e-17
4.48636e-18
1.35593e-18
3.99816e-19
1.15289e-19
3.25699e-20
9.03346e-21
2.46521e-21
6.6331e-22
1.75901e-22
4.59524e-23
1.17929e-23
2.94942e-24
7.06068e-25
1.55227e-25
2.83071e-26
2.66394e-27
8.45295e-20
3.27585e-19
6.98731e-19
1.28587e-18
2.21512e-18
3.68387e-18
6.00332e-18
9.66797e-18
1.54675e-17
2.43978e-17
3.8283e-17
6.0349e-17
9.63898e-17
1.57267e-16
2.64298e-16
4.61046e-16
8.39388e-16
1.59798e-15
3.17022e-15
6.49516e-15
1.3563e-14
2.84245e-14
5.88958e-14
1.19206e-13
2.33465e-13
4.33915e-13
7.76968e-13
1.34459e-12
2.2045e-12
3.46768e-12
5.22253e-12
7.51394e-12
1.04695e-11
1.41468e-11
1.86976e-11
2.42621e-11
3.10139e-11
3.91955e-11
4.92695e-11
6.20496e-11
7.8683e-11
1.01346e-10
1.33407e-10
1.80509e-10
2.49978e-10
3.5359e-10
5.07966e-10
7.37649e-10
1.08014e-09
1.60829e-09
2.39607e-09
3.60764e-09
5.46769e-09
8.28432e-09
1.2421e-08
1.81217e-08
2.48168e-08
2.87132e-08
1.82807e-08
1.05304e-08
6.04601e-09
3.43703e-09
1.93653e-09
1.1027e-09
6.51297e-10
3.87983e-10
2.24304e-10
1.2113e-10
5.9823e-11
2.65961e-11
1.08392e-11
4.1182e-12
1.48069e-12
5.02543e-13
1.72825e-13
5.84903e-14
2.0676e-14
7.65564e-15
2.86207e-15
1.05152e-15
3.74326e-16
1.28465e-16
4.2516e-17
1.36056e-17
4.22398e-18
1.27627e-18
3.76361e-19
1.08593e-19
3.07317e-20
8.54335e-21
2.33451e-21
6.28299e-22
1.66648e-22
4.35362e-23
1.11681e-23
2.7923e-24
6.68321e-25
1.46908e-25
2.67872e-26
2.52081e-27
8.43727e-20
3.26981e-19
6.97448e-19
1.28351e-18
2.21107e-18
3.67712e-18
5.99231e-18
9.65022e-18
1.54347e-17
2.43397e-17
3.81845e-17
6.01839e-17
9.61078e-17
1.5677e-16
2.63382e-16
4.5928e-16
8.35994e-16
1.59123e-15
3.1561e-15
6.46504e-15
1.3499e-14
2.8293e-14
5.86495e-14
1.18752e-13
2.32696e-13
4.32702e-13
7.75242e-13
1.34227e-12
2.20214e-12
3.46597e-12
5.22351e-12
7.51979e-12
1.04834e-11
1.41717e-11
1.87371e-11
2.43213e-11
3.11e-11
3.93139e-11
4.94285e-11
6.2271e-11
7.89877e-11
1.01781e-10
1.34055e-10
1.81522e-10
2.51674e-10
3.56516e-10
5.13099e-10
7.46164e-10
1.09422e-09
1.63112e-09
2.43393e-09
3.67044e-09
5.57022e-09
8.44861e-09
1.26766e-08
1.84942e-08
2.52868e-08
2.90558e-08
1.80489e-08
1.03833e-08
5.95203e-09
3.37532e-09
1.89855e-09
1.08206e-09
6.40167e-10
3.81092e-10
2.19688e-10
1.18502e-10
5.81505e-11
2.569e-11
1.04188e-11
3.9383e-12
1.40813e-12
4.80363e-13
1.65024e-13
5.58277e-14
1.97431e-14
7.31092e-15
2.73e-15
1.00128e-15
3.55803e-16
1.21921e-16
4.03035e-17
1.28875e-17
3.9992e-18
1.2081e-18
3.56247e-19
1.02792e-19
2.90847e-20
8.08605e-21
2.21349e-21
5.96539e-22
1.58353e-22
4.13686e-23
1.06146e-23
2.65457e-24
6.35483e-25
1.39708e-25
2.54763e-26
2.3975e-27
8.42471e-20
3.26498e-19
6.96422e-19
1.28163e-18
2.20783e-18
3.67174e-18
5.98356e-18
9.63617e-18
1.54087e-17
2.42933e-17
3.81062e-17
6.00532e-17
9.58857e-17
1.5638e-16
2.62668e-16
4.57917e-16
8.33296e-16
1.58552e-15
3.14451e-15
6.44198e-15
1.34515e-14
2.81971e-14
5.84626e-14
1.18415e-13
2.32134e-13
4.31844e-13
7.74069e-13
1.34076e-12
2.20091e-12
3.46566e-12
5.22583e-12
7.52648e-12
1.04971e-11
1.41952e-11
1.87734e-11
2.43746e-11
3.11756e-11
3.94159e-11
4.95651e-11
6.24534e-11
7.9232e-11
1.02119e-10
1.34547e-10
1.82246e-10
2.52773e-10
3.58172e-10
5.18893e-10
7.54425e-10
1.10717e-09
1.65183e-09
2.46828e-09
3.72691e-09
5.66214e-09
8.59546e-09
1.29024e-08
1.88249e-08
2.5708e-08
2.93814e-08
1.7961e-08
1.03258e-08
5.92288e-09
3.32243e-09
1.86845e-09
1.06644e-09
6.32033e-10
3.76037e-10
2.1626e-10
1.16545e-10
5.68502e-11
2.49834e-11
1.00823e-11
3.79457e-12
1.35029e-12
4.62788e-13
1.58367e-13
5.34364e-14
1.88825e-14
6.99065e-15
2.60834e-15
9.5568e-16
3.39269e-16
1.16167e-16
3.83829e-17
1.22706e-17
3.80771e-18
1.15041e-18
3.39305e-19
9.79266e-20
2.77125e-20
7.70387e-21
2.10709e-21
5.67679e-22
1.50733e-22
3.94199e-23
1.01242e-23
2.53385e-24
6.06936e-25
1.33487e-25
2.43476e-26
2.29149e-27
8.41484e-20
3.26118e-19
6.95614e-19
1.28014e-18
2.20527e-18
3.66748e-18
5.97659e-18
9.62487e-18
1.53881e-17
2.42569e-17
3.8045e-17
5.99513e-17
9.57133e-17
1.56078e-16
2.62116e-16
4.56866e-16
8.31168e-16
1.58128e-15
3.13553e-15
6.42312e-15
1.34139e-14
2.81225e-14
5.83224e-14
1.18168e-13
2.31736e-13
4.31267e-13
7.73347e-13
1.33996e-12
2.20053e-12
3.46635e-12
5.2291e-12
7.53398e-12
1.05109e-11
1.42175e-11
1.88073e-11
2.44238e-11
3.12455e-11
3.95099e-11
4.96892e-11
6.26211e-11
7.94635e-11
1.02454e-10
1.35056e-10
1.83051e-10
2.54123e-10
3.60498e-10
5.22853e-10
7.60957e-10
1.11789e-09
1.66922e-09
2.49723e-09
3.77472e-09
5.74019e-09
8.7209e-09
1.30982e-08
1.91118e-08
2.60769e-08
2.96781e-08
1.79352e-08
1.03006e-08
5.90012e-09
3.30497e-09
1.85597e-09
1.05939e-09
6.28076e-10
3.73219e-10
2.14103e-10
1.15246e-10
5.59365e-11
2.44725e-11
9.8374e-12
3.68979e-12
1.31001e-12
4.51671e-13
1.49077e-13
5.0553e-14
1.79636e-14
6.67995e-15
2.4982e-15
9.16237e-16
3.25371e-16
1.11414e-16
3.68121e-17
1.17688e-17
3.65229e-18
1.10362e-18
3.25583e-19
9.39925e-20
2.6607e-20
7.39859e-21
2.02406e-21
5.45431e-22
1.4486e-22
3.78954e-23
9.73585e-24
2.43743e-24
5.83995e-25
1.28465e-25
2.34342e-26
2.20548e-27
8.40739e-20
3.25831e-19
6.95005e-19
1.27903e-18
2.20335e-18
3.66429e-18
5.97142e-18
9.61659e-18
1.53727e-17
2.42294e-17
3.79987e-17
5.98746e-17
9.55837e-17
1.55852e-16
2.61706e-16
4.56088e-16
8.2962e-16
1.57812e-15
3.12891e-15
6.4093e-15
1.33855e-14
2.8068e-14
5.82218e-14
1.17995e-13
2.31465e-13
4.30889e-13
7.72907e-13
1.33955e-12
2.2006e-12
3.46747e-12
5.23247e-12
7.54092e-12
1.05232e-11
1.42371e-11
1.88368e-11
2.4466e-11
3.13037e-11
3.95876e-11
4.97937e-11
6.27636e-11
7.96611e-11
1.02741e-10
1.35493e-10
1.83741e-10
2.55265e-10
3.62407e-10
5.2594e-10
7.66126e-10
1.12651e-09
1.6833e-09
2.52079e-09
3.81389e-09
5.80448e-09
8.82394e-09
1.32593e-08
1.93498e-08
2.63857e-08
2.99343e-08
1.7952e-08
1.02991e-08
5.89142e-09
3.29753e-09
1.85001e-09
1.05601e-09
6.26146e-10
3.71668e-10
2.12783e-10
1.14289e-10
5.52448e-11
2.40828e-11
9.64934e-12
3.60821e-12
1.2776e-12
4.39515e-13
1.44646e-13
4.89841e-14
1.74028e-14
6.47136e-15
2.41937e-15
8.8691e-16
3.14812e-16
1.07762e-16
3.55988e-17
1.13804e-17
3.53207e-18
1.06748e-18
3.14989e-19
9.09555e-20
2.57533e-20
7.16303e-21
1.96019e-21
5.28387e-22
1.40378e-22
3.67339e-23
9.4399e-24
2.36384e-24
5.66454e-25
1.2462e-25
2.27339e-26
2.13962e-27
8.4021e-20
3.25627e-19
6.94574e-19
1.27824e-18
2.202e-18
3.66205e-18
5.96778e-18
9.61077e-18
1.53617e-17
2.42097e-17
3.79655e-17
5.98193e-17
9.54902e-17
1.55688e-16
2.61406e-16
4.55511e-16
8.28496e-16
1.57583e-15
3.12427e-15
6.39975e-15
1.3366e-14
2.80295e-14
5.81515e-14
1.17878e-13
2.31287e-13
4.30654e-13
7.72669e-13
1.3394e-12
2.20089e-12
3.46864e-12
5.23545e-12
7.54674e-12
1.05332e-11
1.42528e-11
1.88601e-11
2.44991e-11
3.13496e-11
3.96494e-11
4.98757e-11
6.28748e-11
7.98159e-11
1.02966e-10
1.35835e-10
1.8427e-10
2.56132e-10
3.63849e-10
5.2826e-10
7.70027e-10
1.13302e-09
1.69394e-09
2.53865e-09
3.84358e-09
5.85322e-09
8.90248e-09
1.33815e-08
1.95302e-08
2.66194e-08
3.01243e-08
1.7966e-08
1.03005e-08
5.88722e-09
3.29367e-09
1.84672e-09
1.05421e-09
6.25111e-10
3.70746e-10
2.1196e-10
1.13566e-10
5.47279e-11
2.37928e-11
9.50958e-12
3.5474e-12
1.25341e-12
4.30444e-13
1.41474e-13
4.78996e-14
1.70222e-14
6.3308e-15
2.3661e-15
8.6692e-16
3.07541e-16
1.05222e-16
3.47474e-17
1.11059e-17
3.44653e-18
1.04163e-18
3.07392e-19
8.87802e-20
2.51453e-20
6.99617e-21
1.91503e-21
5.16309e-22
1.37187e-22
3.59033e-23
9.22755e-24
2.31091e-24
5.53814e-25
1.21845e-25
2.22282e-26
2.09204e-27
8.39878e-20
3.255e-19
6.94304e-19
1.27774e-18
2.20115e-18
3.66066e-18
5.96553e-18
9.60718e-18
1.53548e-17
2.41974e-17
3.79446e-17
5.97847e-17
9.54318e-17
1.55586e-16
2.61222e-16
4.55162e-16
8.2781e-16
1.57444e-15
3.12141e-15
6.39386e-15
1.33541e-14
2.80065e-14
5.81095e-14
1.17808e-13
2.31184e-13
4.30526e-13
7.72557e-13
1.33937e-12
2.2012e-12
3.46961e-12
5.23771e-12
7.55095e-12
1.05403e-11
1.42639e-11
1.88764e-11
2.4522e-11
3.13812e-11
3.96917e-11
4.99324e-11
6.29523e-11
7.99233e-11
1.0312e-10
1.36067e-10
1.84631e-10
2.56721e-10
3.64818e-10
5.29805e-10
7.72622e-10
1.13735e-09
1.70103e-09
2.55054e-09
3.8633e-09
5.88552e-09
8.95441e-09
1.34626e-08
1.96498e-08
2.67739e-08
3.02507e-08
1.7978e-08
1.03035e-08
5.88557e-09
3.29173e-09
1.84486e-09
1.05321e-09
6.24538e-10
3.70196e-10
2.11432e-10
1.13093e-10
5.43882e-11
2.36023e-11
9.41796e-12
3.50778e-12
1.23766e-12
4.24555e-13
1.39446e-13
4.72047e-14
1.678e-14
6.24206e-15
2.33262e-15
8.54343e-16
3.02952e-16
1.03613e-16
3.42067e-17
1.09311e-17
3.39194e-18
1.0251e-18
3.02519e-19
8.7376e-20
2.47485e-20
6.88624e-21
1.88516e-21
5.08335e-22
1.35092e-22
3.53607e-23
9.08933e-24
2.27654e-24
5.45619e-25
1.20048e-25
2.19007e-26
2.06122e-27
8.39722e-20
3.2544e-19
6.94177e-19
1.27751e-18
2.20076e-18
3.66e-18
5.96448e-18
9.60551e-18
1.53516e-17
2.41916e-17
3.79348e-17
5.97684e-17
9.54044e-17
1.55538e-16
2.61134e-16
4.54998e-16
8.27486e-16
1.57377e-15
3.12004e-15
6.391e-15
1.33484e-14
2.79954e-14
5.80896e-14
1.17775e-13
2.31136e-13
4.30468e-13
7.72513e-13
1.33938e-12
2.20139e-12
3.47015e-12
5.2389e-12
7.55315e-12
1.0544e-11
1.42696e-11
1.88847e-11
2.45337e-11
3.13973e-11
3.97133e-11
4.99611e-11
6.2991e-11
7.99767e-11
1.03197e-10
1.36183e-10
1.84812e-10
2.57016e-10
3.65306e-10
5.30583e-10
7.73927e-10
1.13953e-09
1.70458e-09
2.55648e-09
3.87316e-09
5.90169e-09
8.98035e-09
1.35029e-08
1.97093e-08
2.68507e-08
3.03136e-08
1.79857e-08
1.03062e-08
5.88534e-09
3.29105e-09
1.84411e-09
1.05279e-09
6.2429e-10
3.69943e-10
2.11187e-10
1.12864e-10
5.42227e-11
2.35094e-11
9.37321e-12
3.48842e-12
1.22998e-12
4.21701e-13
1.38471e-13
4.68743e-14
1.66648e-14
6.20006e-15
2.31687e-15
8.48443e-16
3.00801e-16
1.0286e-16
3.39536e-17
1.08492e-17
3.36638e-18
1.01735e-18
3.0023e-19
8.67156e-20
2.45618e-20
6.83447e-21
1.87105e-21
5.04552e-22
1.34093e-22
3.51008e-23
9.02288e-24
2.25996e-24
5.41657e-25
1.19177e-25
2.17417e-26
2.04625e-27
8.39731e-20
3.25443e-19
6.94184e-19
1.27752e-18
2.20078e-18
3.66004e-18
5.96454e-18
9.60562e-18
1.53518e-17
2.41918e-17
3.79352e-17
5.97689e-17
9.54051e-17
1.55539e-16
2.61136e-16
4.55001e-16
8.27491e-16
1.57378e-15
3.12005e-15
6.39102e-15
1.33484e-14
2.79955e-14
5.80897e-14
1.17775e-13
2.31136e-13
4.30469e-13
7.72514e-13
1.33938e-12
2.2014e-12
3.47016e-12
5.23892e-12
7.55319e-12
1.05441e-11
1.42697e-11
1.88848e-11
2.45338e-11
3.13976e-11
3.97136e-11
4.99615e-11
6.29915e-11
7.99772e-11
1.03198e-10
1.36185e-10
1.84813e-10
2.57018e-10
3.6531e-10
5.30589e-10
7.73936e-10
1.13954e-09
1.7046e-09
2.55651e-09
3.87321e-09
5.90176e-09
8.98044e-09
1.3503e-08
1.97094e-08
2.68508e-08
3.03135e-08
1.79854e-08
1.03056e-08
5.88509e-09
3.29093e-09
1.84407e-09
1.05278e-09
6.24286e-10
3.69947e-10
2.11202e-10
1.1287e-10
5.42247e-11
2.35101e-11
9.37349e-12
3.48851e-12
1.23002e-12
4.21712e-13
1.38474e-13
4.68754e-14
1.66651e-14
6.20018e-15
2.31691e-15
8.48459e-16
3.00807e-16
1.02862e-16
3.39543e-17
1.08494e-17
3.36644e-18
1.01737e-18
3.00236e-19
8.67174e-20
2.45623e-20
6.83461e-21
1.87109e-21
5.04562e-22
1.34096e-22
3.51014e-23
9.02303e-24
2.26e-24
5.41664e-25
1.19178e-25
2.1742e-26
2.04628e-27
8.39902e-20
3.25509e-19
6.94324e-19
1.27778e-18
2.20122e-18
3.66076e-18
5.96571e-18
9.60747e-18
1.53553e-17
2.4198e-17
3.79456e-17
5.97861e-17
9.54339e-17
1.55589e-16
2.61227e-16
4.5517e-16
8.27823e-16
1.57446e-15
3.12145e-15
6.39394e-15
1.33543e-14
2.80067e-14
5.81099e-14
1.17808e-13
2.31185e-13
4.30527e-13
7.72561e-13
1.33938e-12
2.20122e-12
3.46965e-12
5.23777e-12
7.55106e-12
1.05405e-11
1.42642e-11
1.88768e-11
2.45225e-11
3.13819e-11
3.96928e-11
4.99337e-11
6.29538e-11
7.99251e-11
1.03123e-10
1.36071e-10
1.84636e-10
2.56728e-10
3.64831e-10
5.29825e-10
7.72651e-10
1.13739e-09
1.70109e-09
2.55062e-09
3.86344e-09
5.88574e-09
8.95471e-09
1.3463e-08
1.96503e-08
2.67745e-08
3.0251e-08
1.79781e-08
1.03035e-08
5.88557e-09
3.29172e-09
1.8449e-09
1.05322e-09
6.24538e-10
3.70196e-10
2.11432e-10
1.13094e-10
5.43897e-11
2.36032e-11
9.4184e-12
3.50797e-12
1.23773e-12
4.24582e-13
1.39455e-13
4.72074e-14
1.67809e-14
6.24239e-15
2.33275e-15
8.54389e-16
3.02969e-16
1.03619e-16
3.42086e-17
1.09317e-17
3.39213e-18
1.02516e-18
3.02536e-19
8.73811e-20
2.47499e-20
6.88665e-21
1.88527e-21
5.08362e-22
1.35099e-22
3.53622e-23
9.08969e-24
2.27662e-24
5.45639e-25
1.20052e-25
2.19014e-26
2.06129e-27
8.40246e-20
3.25641e-19
6.94604e-19
1.27829e-18
2.20209e-18
3.66221e-18
5.96805e-18
9.61121e-18
1.53623e-17
2.42107e-17
3.79669e-17
5.98215e-17
9.54936e-17
1.55693e-16
2.61415e-16
4.55525e-16
8.28519e-16
1.57586e-15
3.12434e-15
6.39986e-15
1.33662e-14
2.80299e-14
5.81521e-14
1.17879e-13
2.31289e-13
4.30658e-13
7.72677e-13
1.33941e-12
2.20092e-12
3.46868e-12
5.23552e-12
7.54686e-12
1.05334e-11
1.42531e-11
1.88605e-11
2.44997e-11
3.13505e-11
3.96507e-11
4.98776e-11
6.28776e-11
7.98194e-11
1.0297e-10
1.3584e-10
1.84279e-10
2.56145e-10
3.63864e-10
5.2828e-10
7.70052e-10
1.13306e-09
1.69402e-09
2.53877e-09
3.84376e-09
5.85348e-09
8.90288e-09
1.33821e-08
1.95311e-08
2.66203e-08
3.01248e-08
1.79662e-08
1.03007e-08
5.88731e-09
3.29373e-09
1.84672e-09
1.05421e-09
6.25118e-10
3.70752e-10
2.11965e-10
1.1357e-10
5.4731e-11
2.37945e-11
9.51038e-12
3.54773e-12
1.25354e-12
4.30489e-13
1.41489e-13
4.79046e-14
1.70239e-14
6.33139e-15
2.36632e-15
8.67003e-16
3.07572e-16
1.05232e-16
3.4751e-17
1.1107e-17
3.44688e-18
1.04174e-18
3.07423e-19
8.87891e-20
2.51478e-20
6.99691e-21
1.91524e-21
5.16366e-22
1.37203e-22
3.59071e-23
9.22846e-24
2.31112e-24
5.53861e-25
1.21855e-25
2.22298e-26
2.09219e-27
8.40785e-20
3.25849e-19
6.95043e-19
1.2791e-18
2.20347e-18
3.6645e-18
5.97176e-18
9.61715e-18
1.53735e-17
2.42307e-17
3.80006e-17
5.98775e-17
9.55882e-17
1.55859e-16
2.61718e-16
4.56107e-16
8.29651e-16
1.57817e-15
3.129e-15
6.40947e-15
1.33858e-14
2.80685e-14
5.82228e-14
1.17997e-13
2.31468e-13
4.30895e-13
7.72917e-13
1.33957e-12
2.20063e-12
3.46752e-12
5.23254e-12
7.54104e-12
1.05234e-11
1.42373e-11
1.8837e-11
2.44663e-11
3.13043e-11
3.95886e-11
4.97951e-11
6.27655e-11
7.96639e-11
1.02746e-10
1.35501e-10
1.83749e-10
2.55276e-10
3.62424e-10
5.2597e-10
7.66177e-10
1.12658e-09
1.6834e-09
2.52095e-09
3.8141e-09
5.80474e-09
8.82425e-09
1.32595e-08
1.93506e-08
2.63867e-08
2.99349e-08
1.79523e-08
1.02993e-08
5.89159e-09
3.29764e-09
1.85008e-09
1.05605e-09
6.26165e-10
3.7168e-10
2.1279e-10
1.14295e-10
5.52485e-11
2.40849e-11
9.65033e-12
3.60859e-12
1.27775e-12
4.39573e-13
1.44665e-13
4.89906e-14
1.7405e-14
6.47216e-15
2.41967e-15
8.87021e-16
3.14853e-16
1.07776e-16
3.56035e-17
1.1382e-17
3.53254e-18
1.06762e-18
3.15029e-19
9.09667e-20
2.57562e-20
7.16377e-21
1.96037e-21
5.28431e-22
1.40388e-22
3.67363e-23
9.44043e-24
2.36395e-24
5.66476e-25
1.24624e-25
2.27344e-26
2.13966e-27
8.41536e-20
3.26138e-19
6.95657e-19
1.28022e-18
2.20541e-18
3.66771e-18
5.97698e-18
9.6255e-18
1.5389e-17
2.42583e-17
3.80471e-17
5.99546e-17
9.57183e-17
1.56085e-16
2.62129e-16
4.56886e-16
8.31202e-16
1.58134e-15
3.13564e-15
6.42333e-15
1.34143e-14
2.81232e-14
5.83236e-14
1.18171e-13
2.3174e-13
4.31274e-13
7.73358e-13
1.33998e-12
2.20056e-12
3.46641e-12
5.22919e-12
7.53413e-12
1.05112e-11
1.42179e-11
1.88079e-11
2.44247e-11
3.12463e-11
3.95108e-11
4.96902e-11
6.26225e-11
7.94653e-11
1.02457e-10
1.3506e-10
1.83057e-10
2.54134e-10
3.60517e-10
5.22886e-10
7.61007e-10
1.11798e-09
1.66936e-09
2.49744e-09
3.77504e-09
5.74065e-09
8.72153e-09
1.3099e-08
1.91129e-08
2.6078e-08
2.96787e-08
1.79356e-08
1.03009e-08
5.90036e-09
3.30512e-09
1.85607e-09
1.05944e-09
6.28103e-10
3.73231e-10
2.14099e-10
1.15247e-10
5.59398e-11
2.44748e-11
9.83862e-12
3.69039e-12
1.31024e-12
4.51755e-13
1.49104e-13
5.05619e-14
1.79664e-14
6.68094e-15
2.49856e-15
9.16372e-16
3.25419e-16
1.1143e-16
3.68177e-17
1.17705e-17
3.65285e-18
1.10379e-18
3.2563e-19
9.40055e-20
2.66103e-20
7.39936e-21
2.02422e-21
5.45456e-22
1.44862e-22
3.78948e-23
9.73544e-24
2.43727e-24
5.83946e-25
1.28453e-25
2.34317e-26
2.20524e-27
8.42526e-20
3.26519e-19
6.96467e-19
1.28171e-18
2.20798e-18
3.67199e-18
5.98397e-18
9.63683e-18
1.54097e-17
2.42948e-17
3.81085e-17
6.00566e-17
9.5891e-17
1.56388e-16
2.62681e-16
4.57938e-16
8.33332e-16
1.58559e-15
3.14463e-15
6.44221e-15
1.3452e-14
2.81979e-14
5.84642e-14
1.18418e-13
2.3214e-13
4.31853e-13
7.74084e-13
1.34079e-12
2.20095e-12
3.46572e-12
5.22593e-12
7.52663e-12
1.04973e-11
1.41956e-11
1.87739e-11
2.43753e-11
3.11764e-11
3.9417e-11
4.95664e-11
6.24551e-11
7.92343e-11
1.02122e-10
1.34551e-10
1.82254e-10
2.52786e-10
3.58195e-10
5.18934e-10
7.54497e-10
1.10728e-09
1.65201e-09
2.46857e-09
3.72737e-09
5.66287e-09
8.59664e-09
1.29043e-08
1.88267e-08
2.57099e-08
2.93823e-08
1.79617e-08
1.03263e-08
5.92321e-09
3.32265e-09
1.86858e-09
1.06651e-09
6.32074e-10
3.76062e-10
2.16276e-10
1.16554e-10
5.68558e-11
2.49865e-11
1.00838e-11
3.79523e-12
1.35056e-12
4.62865e-13
1.58394e-13
5.34451e-14
1.88855e-14
6.99176e-15
2.60877e-15
9.55842e-16
3.39329e-16
1.16188e-16
3.839e-17
1.22729e-17
3.8084e-18
1.15061e-18
3.39358e-19
9.7939e-20
2.77146e-20
7.70381e-21
2.10683e-21
5.67556e-22
1.50687e-22
3.9406e-23
1.01204e-23
2.53289e-24
6.06708e-25
1.33437e-25
2.43386e-26
2.29064e-27
8.4378e-20
3.27002e-19
6.97492e-19
1.28359e-18
2.21121e-18
3.67736e-18
5.99271e-18
9.65086e-18
1.54357e-17
2.43412e-17
3.81868e-17
6.01873e-17
9.6113e-17
1.56778e-16
2.63395e-16
4.59301e-16
8.36031e-16
1.5913e-15
3.15622e-15
6.46528e-15
1.34995e-14
2.8294e-14
5.86515e-14
1.18756e-13
2.32703e-13
4.32714e-13
7.75259e-13
1.3423e-12
2.20218e-12
3.46604e-12
5.2236e-12
7.5199e-12
1.04836e-11
1.41721e-11
1.87377e-11
2.43221e-11
3.11011e-11
3.93153e-11
4.94303e-11
6.22733e-11
7.89909e-11
1.01785e-10
1.34061e-10
1.81532e-10
2.5169e-10
3.56542e-10
5.13142e-10
7.46235e-10
1.09434e-09
1.6313e-09
2.43421e-09
3.67086e-09
5.57086e-09
8.44954e-09
1.26779e-08
1.84958e-08
2.52882e-08
2.90565e-08
1.80498e-08
1.03839e-08
5.95238e-09
3.37553e-09
1.89867e-09
1.08212e-09
6.40199e-10
3.81111e-10
2.19701e-10
1.18509e-10
5.81556e-11
2.5693e-11
1.04203e-11
3.93898e-12
1.40842e-12
4.80445e-13
1.65053e-13
5.58374e-14
1.97464e-14
7.31212e-15
2.73046e-15
1.00145e-15
3.55868e-16
1.21944e-16
4.03112e-17
1.289e-17
3.99994e-18
1.2083e-18
3.5629e-19
1.02795e-19
2.908e-20
8.08147e-21
2.21006e-21
5.95724e-22
1.58172e-22
4.13279e-23
1.06054e-23
2.65248e-24
6.35026e-25
1.39615e-25
2.546e-26
2.396e-27
8.45342e-20
3.27603e-19
6.9877e-19
1.28594e-18
2.21525e-18
3.68408e-18
6.00368e-18
9.66856e-18
1.54684e-17
2.43992e-17
3.82851e-17
6.03522e-17
9.63945e-17
1.57275e-16
2.64309e-16
4.61064e-16
8.39418e-16
1.59803e-15
3.17031e-15
6.49536e-15
1.35634e-14
2.84256e-14
5.88984e-14
1.19213e-13
2.3348e-13
4.33931e-13
7.76991e-13
1.34463e-12
2.20455e-12
3.46777e-12
5.22268e-12
7.5142e-12
1.04699e-11
1.41473e-11
1.86982e-11
2.4263e-11
3.10151e-11
3.9197e-11
4.92717e-11
6.20524e-11
7.86868e-11
1.01352e-10
1.33414e-10
1.8052e-10
2.49995e-10
3.53616e-10
5.08008e-10
7.37714e-10
1.08024e-09
1.60845e-09
2.3963e-09
3.60799e-09
5.46819e-09
8.28499e-09
1.24218e-08
1.81226e-08
2.48179e-08
2.8714e-08
1.8282e-08
1.05312e-08
6.04654e-09
3.43735e-09
1.93671e-09
1.1028e-09
6.5134e-10
3.88e-10
2.24296e-10
1.21131e-10
5.98266e-11
2.65989e-11
1.08408e-11
4.11893e-12
1.48101e-12
5.02637e-13
1.72859e-13
5.85014e-14
2.06798e-14
7.65698e-15
2.86258e-15
1.05172e-15
3.74397e-16
1.2849e-16
4.25245e-17
1.36083e-17
4.22477e-18
1.27647e-18
3.76397e-19
1.08588e-19
3.07191e-20
8.53738e-21
2.33433e-21
6.28166e-22
1.66583e-22
4.35063e-23
1.11606e-23
2.79057e-24
6.67941e-25
1.46831e-25
2.67741e-26
2.51962e-27
8.47264e-20
3.28344e-19
7.00345e-19
1.28884e-18
2.22026e-18
3.69245e-18
6.01741e-18
9.69089e-18
1.55088e-17
2.44706e-17
3.84064e-17
6.0557e-17
9.67488e-17
1.57886e-16
2.65383e-16
4.62989e-16
8.4329e-16
1.60635e-15
3.18843e-15
6.53571e-15
1.36459e-14
2.85917e-14
5.92383e-14
1.19827e-13
2.34541e-13
4.35636e-13
7.79503e-13
1.34818e-12
2.20858e-12
3.47163e-12
5.22409e-12
7.5108e-12
1.04582e-11
1.41234e-11
1.86567e-11
2.41985e-11
3.09199e-11
3.90645e-11
4.90896e-11
6.1804e-11
7.834e-11
1.00845e-10
1.32641e-10
1.79297e-10
2.47995e-10
3.50303e-10
5.02502e-10
7.2865e-10
1.06527e-09
1.58375e-09
2.35552e-09
3.54088e-09
5.35852e-09
8.10927e-09
1.21503e-08
1.77287e-08
2.43362e-08
2.84187e-08
1.87564e-08
1.08184e-08
6.2217e-09
3.54325e-09
1.99912e-09
1.13527e-09
6.6879e-10
3.98294e-10
2.30748e-10
1.24711e-10
6.20504e-11
2.7769e-11
1.13897e-11
4.35009e-12
1.57247e-12
5.30458e-13
1.82575e-13
6.17253e-14
2.17835e-14
8.05754e-15
3.01479e-15
1.10951e-15
3.95736e-16
1.36054e-16
4.50919e-17
1.44447e-17
4.48735e-18
1.35624e-18
3.99922e-19
1.15331e-19
3.25928e-20
9.04313e-21
2.46758e-21
6.63403e-22
1.75897e-22
4.59597e-23
1.17942e-23
2.94968e-24
7.06131e-25
1.55244e-25
2.83108e-26
2.66433e-27
8.49588e-20
3.29241e-19
7.02254e-19
1.29235e-18
2.22634e-18
3.70262e-18
6.03413e-18
9.71814e-18
1.55568e-17
2.45556e-17
3.8547e-17
6.07825e-17
9.71062e-17
1.58506e-16
2.66557e-16
4.65408e-16
8.48366e-16
1.61711e-15
3.21208e-15
6.58456e-15
1.37496e-14
2.88035e-14
5.96494e-14
1.20604e-13
2.35942e-13
4.37948e-13
7.83027e-13
1.35333e-12
2.21486e-12
3.4785e-12
5.22904e-12
7.51128e-12
1.04502e-11
1.41031e-11
1.8619e-11
2.4135e-11
3.08203e-11
3.89215e-11
4.88899e-11
6.15199e-11
7.79487e-11
1.00291e-10
1.31819e-10
1.78025e-10
2.45927e-10
3.46878e-10
4.96798e-10
7.19177e-10
1.0496e-09
1.55807e-09
2.31272e-09
3.47033e-09
5.24462e-09
7.93093e-09
1.18814e-08
1.73544e-08
2.39067e-08
2.82719e-08
1.96725e-08
1.13558e-08
6.53635e-09
3.72563e-09
2.10253e-09
1.18903e-09
6.97452e-10
4.14826e-10
2.40575e-10
1.29998e-10
6.51263e-11
2.93435e-11
1.21026e-11
4.64657e-12
1.68967e-12
5.66126e-13
1.94595e-13
6.56459e-14
2.31177e-14
8.53751e-15
3.19611e-15
1.17811e-15
4.21016e-16
1.45009e-16
4.8131e-17
1.5435e-17
4.79838e-18
1.45079e-18
4.27857e-19
1.23384e-19
3.48694e-20
9.6764e-21
2.64165e-21
7.10461e-22
1.88295e-22
4.91679e-23
1.26058e-23
3.14945e-24
7.53338e-25
1.65533e-25
3.01783e-26
2.83975e-27
8.52324e-20
3.30301e-19
7.04525e-19
1.29657e-18
2.23366e-18
3.71489e-18
6.05422e-18
9.75042e-18
1.56077e-17
2.46384e-17
3.86845e-17
6.10186e-17
9.75361e-17
1.59311e-16
2.68109e-16
4.68471e-16
8.54577e-16
1.63008e-15
3.23951e-15
6.64606e-15
1.38888e-14
2.90866e-14
6.02101e-14
1.21698e-13
2.37838e-13
4.41091e-13
7.87901e-13
1.36062e-12
2.22419e-12
3.48947e-12
5.23888e-12
7.51745e-12
1.04482e-11
1.40889e-11
1.85868e-11
2.40763e-11
3.07228e-11
3.87777e-11
4.86871e-11
6.12328e-11
7.75491e-11
9.97194e-11
1.30961e-10
1.7668e-10
2.43752e-10
3.4331e-10
4.90892e-10
7.09453e-10
1.03363e-09
1.53199e-09
2.27023e-09
3.40205e-09
5.13681e-09
7.76487e-09
1.16397e-08
1.70385e-08
2.36095e-08
2.84142e-08
2.13652e-08
1.22965e-08
7.05932e-09
4.01752e-09
2.25711e-09
1.27441e-09
7.42087e-10
4.39698e-10
2.54952e-10
1.37596e-10
6.93907e-11
3.14749e-11
1.30508e-11
5.02796e-12
1.83443e-12
6.11674e-13
2.0995e-13
7.05999e-14
2.47693e-14
9.12471e-15
3.41837e-15
1.26266e-15
4.5229e-16
1.56101e-16
5.18931e-17
1.66583e-17
5.18149e-18
1.56683e-18
4.62001e-19
1.33178e-19
3.76151e-20
1.04297e-20
2.84334e-21
7.63107e-22
2.01902e-22
5.26548e-23
1.34968e-23
3.37355e-24
8.07328e-25
1.77447e-25
3.23555e-26
3.04467e-27
8.55111e-20
3.31369e-19
7.0678e-19
1.30069e-18
2.24076e-18
3.72682e-18
6.07409e-18
9.78372e-18
1.56646e-17
2.47421e-17
3.88662e-17
6.13355e-17
9.80974e-17
1.6033e-16
2.7002e-16
4.72211e-16
8.6223e-16
1.64637e-15
3.27506e-15
6.72587e-15
1.40536e-14
2.94565e-14
6.09407e-14
1.23003e-13
2.40249e-13
4.45221e-13
7.94498e-13
1.37074e-12
2.23764e-12
3.50586e-12
5.25439e-12
7.53044e-12
1.0454e-11
1.40828e-11
1.85621e-11
2.40219e-11
3.06276e-11
3.86336e-11
4.84776e-11
6.09238e-11
7.71132e-11
9.90869e-11
1.30026e-10
1.75229e-10
2.4142e-10
3.39441e-10
4.84588e-10
6.99177e-10
1.01694e-09
1.50511e-09
2.22664e-09
3.33258e-09
5.02849e-09
7.60322e-09
1.14125e-08
1.676e-08
2.3401e-08
2.87717e-08
2.35539e-08
1.35193e-08
7.74506e-09
4.40594e-09
2.46185e-09
1.38351e-09
7.99738e-10
4.71998e-10
2.73539e-10
1.47703e-10
7.499e-11
3.42577e-11
1.42852e-11
5.52931e-12
2.02624e-12
6.77258e-13
2.31992e-13
7.75847e-14
2.70288e-14
9.89497e-15
3.6995e-15
1.3668e-15
4.90187e-16
1.6941e-16
5.63783e-17
1.81101e-17
5.63448e-18
1.70364e-18
5.02138e-19
1.44662e-19
4.08305e-20
1.13139e-20
3.08355e-21
8.28084e-22
2.19533e-22
5.72974e-23
1.46821e-23
3.66602e-24
8.76154e-25
1.92258e-25
3.50184e-26
3.29369e-27
8.58535e-20
3.32693e-19
7.09614e-19
1.30595e-18
2.24998e-18
3.74252e-18
6.10052e-18
9.82806e-18
1.57391e-17
2.48797e-17
3.90979e-17
6.1729e-17
9.8779e-17
1.61552e-16
2.7231e-16
4.76702e-16
8.71394e-16
1.66569e-15
3.31654e-15
6.81351e-15
1.42474e-14
2.9857e-14
6.18055e-14
1.24803e-13
2.43442e-13
4.50561e-13
8.034e-13
1.3851e-12
2.25817e-12
3.53483e-12
5.27156e-12
7.5506e-12
1.04695e-11
1.40881e-11
1.85492e-11
2.39772e-11
3.05349e-11
3.85029e-11
4.82744e-11
6.06097e-11
7.66706e-11
9.84384e-11
1.29027e-10
1.7365e-10
2.38848e-10
3.35229e-10
4.7755e-10
6.87974e-10
9.98779e-10
1.47599e-09
2.18108e-09
3.26128e-09
4.91918e-09
7.44147e-09
1.119e-08
1.64994e-08
2.32415e-08
2.92559e-08
2.61249e-08
1.49523e-08
8.53996e-09
4.84805e-09
2.69646e-09
1.51005e-09
8.67437e-10
5.10759e-10
2.96263e-10
1.60692e-10
8.24129e-11
3.8047e-11
1.59743e-11
6.20841e-12
2.26477e-12
7.85214e-13
2.67033e-13
8.82371e-14
3.03084e-14
1.09526e-14
4.06804e-15
1.49829e-15
5.36626e-16
1.85344e-16
6.16534e-17
1.97948e-17
6.15488e-18
1.85968e-18
5.47699e-19
1.57651e-19
4.44552e-20
1.23064e-20
3.35069e-21
8.98732e-22
2.37705e-22
6.19297e-23
1.58488e-23
3.95406e-24
9.4468e-25
2.07405e-25
3.77847e-26
3.55391e-27
8.62388e-20
3.3419e-19
7.12844e-19
1.31202e-18
2.26074e-18
3.76111e-18
6.1323e-18
9.88241e-18
1.58328e-17
2.50421e-17
3.93981e-17
6.22643e-17
9.97412e-17
1.63329e-16
2.75711e-16
4.8347e-16
8.85343e-16
1.6953e-15
3.38039e-15
6.95122e-15
1.45457e-14
3.0472e-14
6.29998e-14
1.27037e-13
2.47689e-13
4.5828e-13
8.15774e-13
1.40429e-12
2.28559e-12
3.57047e-12
5.30853e-12
7.58954e-12
1.05028e-11
1.41118e-11
1.85557e-11
2.3951e-11
3.04625e-11
3.83652e-11
4.80538e-11
6.02657e-11
7.62861e-11
9.78397e-11
1.28122e-10
1.7209e-10
2.363e-10
3.3102e-10
4.70544e-10
6.77539e-10
9.81179e-10
1.44668e-09
2.13351e-09
3.18587e-09
4.80296e-09
7.26971e-09
1.09536e-08
1.62203e-08
2.30581e-08
2.9706e-08
2.87304e-08
1.64249e-08
9.3649e-09
5.31111e-09
2.94957e-09
1.64692e-09
9.41636e-10
5.53537e-10
3.22336e-10
1.76349e-10
9.13855e-11
4.26795e-11
1.81507e-11
7.10762e-12
2.60722e-12
9.05009e-13
3.0864e-13
1.01493e-13
3.45429e-14
1.23437e-14
4.56218e-15
1.67633e-15
5.99513e-16
2.06765e-16
6.86595e-17
2.19996e-17
6.82536e-18
2.0576e-18
6.04626e-19
1.73657e-19
4.88654e-20
1.34994e-20
3.66772e-21
9.8133e-22
2.58554e-22
6.71777e-23
1.71566e-23
4.27354e-24
1.01992e-24
2.23838e-25
4.07866e-26
3.83678e-27
8.65974e-20
3.35586e-19
7.15862e-19
1.31768e-18
2.27072e-18
3.77808e-18
6.16049e-18
9.92822e-18
1.59053e-17
2.51654e-17
3.96046e-17
6.26304e-17
1.00407e-16
1.6458e-16
2.78161e-16
4.88484e-16
8.96036e-16
1.71895e-15
3.43395e-15
7.07336e-15
1.48138e-14
3.10497e-14
6.41805e-14
1.29427e-13
2.52284e-13
4.66502e-13
8.2987e-13
1.42626e-12
2.31692e-12
3.61241e-12
5.36056e-12
7.65146e-12
1.05527e-11
1.4159e-11
1.85911e-11
2.39576e-11
3.04278e-11
3.82757e-11
4.7889e-11
5.99997e-11
7.5885e-11
9.72224e-11
1.27143e-10
1.70453e-10
2.33476e-10
3.26961e-10
4.63277e-10
6.6624e-10
9.61823e-10
1.41426e-09
2.08128e-09
3.10275e-09
4.6731e-09
7.07413e-09
1.06758e-08
1.5869e-08
2.27454e-08
2.99095e-08
3.09082e-08
1.76934e-08
1.00784e-08
5.7182e-09
3.17708e-09
1.77388e-09
1.01038e-09
5.93339e-10
3.45688e-10
1.93743e-10
1.01597e-10
4.81881e-11
2.07344e-11
8.21392e-12
3.04055e-12
1.06835e-12
3.62778e-13
1.18578e-13
3.99387e-14
1.40914e-14
5.17697e-15
1.89735e-15
6.77681e-16
2.33422e-16
7.73711e-17
2.47322e-17
7.65182e-18
2.29984e-18
6.73747e-19
1.92927e-19
5.41303e-20
1.4912e-20
4.04029e-21
1.07783e-21
2.83261e-22
7.33834e-23
1.87005e-23
4.65282e-24
1.11e-24
2.43534e-25
4.43667e-26
4.17337e-27
8.68363e-20
3.36509e-19
7.17834e-19
1.32136e-18
2.2772e-18
3.78932e-18
6.17998e-18
9.96249e-18
1.59672e-17
2.52734e-17
3.97894e-17
6.29453e-17
1.00974e-16
1.65661e-16
2.80334e-16
4.93077e-16
9.06191e-16
1.74236e-15
3.48961e-15
7.20775e-15
1.51381e-14
3.18212e-14
6.59237e-14
1.3291e-13
2.58613e-13
4.77248e-13
8.4696e-13
1.45294e-12
2.35619e-12
3.66589e-12
5.42696e-12
7.72947e-12
1.06352e-11
1.42422e-11
1.86602e-11
2.40038e-11
3.04374e-11
3.82335e-11
4.77775e-11
5.97952e-11
7.55521e-11
9.66942e-11
1.26288e-10
1.68992e-10
2.30972e-10
3.2271e-10
4.55772e-10
6.54084e-10
9.40707e-10
1.3782e-09
2.02219e-09
3.00762e-09
4.52262e-09
6.83935e-09
1.03212e-08
1.53664e-08
2.21299e-08
2.94872e-08
3.1811e-08
1.8399e-08
1.05166e-08
5.99097e-09
3.34225e-09
1.87113e-09
1.06581e-09
6.2737e-10
3.68864e-10
2.09238e-10
1.11512e-10
5.40417e-11
2.36404e-11
9.49672e-12
3.54901e-12
1.25631e-12
4.30585e-13
1.40487e-13
4.69209e-14
1.63784e-14
5.96806e-15
2.17777e-15
7.75878e-16
2.6667e-16
8.8169e-17
2.80969e-17
8.6618e-18
2.59331e-18
7.56682e-19
2.15815e-19
6.03209e-20
1.65586e-20
4.4725e-21
1.19036e-21
3.12447e-22
8.08623e-23
2.05813e-23
5.11341e-24
1.21809e-24
2.66914e-25
4.85856e-26
4.56925e-27
8.69515e-20
3.36955e-19
7.18791e-19
1.32317e-18
2.28052e-18
3.79543e-18
6.19154e-18
9.98501e-18
1.60123e-17
2.53653e-17
3.9966e-17
6.32794e-17
1.01598e-16
1.66896e-16
2.8289e-16
4.98585e-16
9.18459e-16
1.77039e-15
3.55438e-15
7.35675e-15
1.54736e-14
3.255e-14
6.74369e-14
1.36095e-13
2.65116e-13
4.89666e-13
8.69407e-13
1.48744e-12
2.40535e-12
3.73255e-12
5.5111e-12
7.83054e-12
1.07489e-11
1.43646e-11
1.87759e-11
2.40986e-11
3.05009e-11
3.8252e-11
4.77387e-11
5.96819e-11
7.53328e-11
9.63191e-11
1.25646e-10
1.67827e-10
2.28899e-10
3.19051e-10
4.49249e-10
6.42646e-10
9.21003e-10
1.34402e-09
1.96417e-09
2.91035e-09
4.36155e-09
6.5786e-09
9.90587e-09
1.47335e-08
2.12399e-08
2.84778e-08
3.14677e-08
1.86106e-08
1.07084e-08
6.14669e-09
3.45618e-09
1.94717e-09
1.11008e-09
6.54886e-10
3.88526e-10
2.2387e-10
1.2047e-10
5.96245e-11
2.65835e-11
1.09034e-11
4.15348e-12
1.48875e-12
4.98534e-13
1.69431e-13
5.61824e-14
1.93786e-14
6.98353e-15
2.53013e-15
8.96673e-16
3.06709e-16
1.00898e-16
3.19814e-17
9.80503e-18
2.91959e-18
8.47446e-19
2.40534e-19
6.69356e-20
1.83035e-20
4.92756e-21
1.30799e-21
3.42639e-22
8.85509e-23
2.25155e-23
5.58972e-24
1.33077e-24
2.91472e-25
5.30393e-26
4.98795e-27
8.69365e-20
3.36897e-19
7.18668e-19
1.32296e-18
2.28031e-18
3.79564e-18
6.19348e-18
9.99219e-18
1.60329e-17
2.54124e-17
4.008e-17
6.35549e-17
1.02261e-16
1.68352e-16
2.86026e-16
5.05312e-16
9.33607e-16
1.80541e-15
3.63612e-15
7.54628e-15
1.59026e-14
3.34847e-14
6.94768e-14
1.40163e-13
2.72671e-13
5.03178e-13
8.92168e-13
1.52304e-12
2.45955e-12
3.80842e-12
5.6096e-12
7.95055e-12
1.08869e-11
1.45147e-11
1.89216e-11
2.42331e-11
3.06132e-11
3.83287e-11
4.77719e-11
5.96592e-11
7.52311e-11
9.60998e-11
1.2522e-10
1.66969e-10
2.27245e-10
3.15952e-10
4.43411e-10
6.31943e-10
9.02308e-10
1.31145e-09
1.90913e-09
2.81777e-09
4.20627e-09
6.32173e-09
9.49653e-09
1.40962e-08
2.03062e-08
2.73112e-08
3.06549e-08
1.87159e-08
1.0821e-08
6.23548e-09
3.55776e-09
2.01387e-09
1.14723e-09
6.77431e-10
4.04609e-10
2.35595e-10
1.28022e-10
6.47659e-11
2.9551e-11
1.22844e-11
4.7453e-12
1.73127e-12
5.81127e-13
1.9796e-13
6.57427e-14
2.26057e-14
8.11006e-15
2.9328e-15
1.03805e-15
3.54351e-16
1.16178e-16
3.66516e-17
1.11729e-17
3.30609e-18
9.53458e-19
2.68914e-19
7.43889e-20
2.02321e-20
5.42131e-21
1.43359e-21
3.74579e-22
9.67691e-23
2.45838e-23
6.09539e-24
1.44899e-24
3.16887e-25
5.759e-26
5.41246e-27
8.67572e-20
3.3617e-19
7.16977e-19
1.31955e-18
2.27392e-18
3.78442e-18
6.17504e-18
9.96417e-18
1.5995e-17
2.53631e-17
4.00329e-17
6.35494e-17
1.02388e-16
1.68889e-16
2.87696e-16
5.10083e-16
9.45772e-16
1.83656e-15
3.71638e-15
7.75119e-15
1.64121e-14
3.47002e-14
7.21486e-14
1.45343e-13
2.82392e-13
5.20078e-13
9.19256e-13
1.56586e-12
2.521e-12
3.8887e-12
5.71484e-12
8.08069e-12
1.10402e-11
1.4676e-11
1.90844e-11
2.43901e-11
3.07562e-11
3.84458e-11
4.78609e-11
5.97135e-11
7.52358e-11
9.6033e-11
1.25013e-10
1.66434e-10
2.26127e-10
3.13731e-10
4.39005e-10
6.23608e-10
8.87012e-10
1.28436e-09
1.86371e-09
2.7393e-09
4.07538e-09
6.10715e-09
9.15213e-09
1.35654e-08
1.95372e-08
2.63359e-08
2.99219e-08
1.89901e-08
1.10005e-08
6.35815e-09
3.6442e-09
2.0711e-09
1.17913e-09
6.95931e-10
4.17254e-10
2.44836e-10
1.3453e-10
6.92973e-11
3.21054e-11
1.3587e-11
5.31179e-12
1.94733e-12
6.76725e-13
2.29893e-13
7.62044e-14
2.60413e-14
9.26805e-15
3.33438e-15
1.17485e-15
3.99054e-16
1.30076e-16
4.07724e-17
1.23471e-17
3.6311e-18
1.0423e-18
2.93686e-19
8.10126e-20
2.19476e-20
5.85573e-21
1.54168e-21
4.00861e-22
1.02808e-22
2.59933e-23
6.4267e-24
1.52525e-24
3.3336e-25
6.05818e-26
5.69464e-27
8.67383e-20
3.36088e-19
7.16733e-19
1.31883e-18
2.27211e-18
3.78047e-18
6.16757e-18
9.95199e-18
1.59789e-17
2.53408e-17
4.00202e-17
6.35933e-17
1.02613e-16
1.69622e-16
2.89809e-16
5.1592e-16
9.61799e-16
1.87827e-15
3.82078e-15
8.00318e-15
1.69942e-14
3.59692e-14
7.47415e-14
1.51043e-13
2.93334e-13
5.39588e-13
9.51779e-13
1.6144e-12
2.58974e-12
3.97593e-12
5.81715e-12
8.19418e-12
1.11662e-11
1.4805e-11
1.9214e-11
2.4516e-11
3.08738e-11
3.85466e-11
4.79465e-11
5.97814e-11
7.52783e-11
9.60411e-11
1.24949e-10
1.66169e-10
2.25496e-10
3.1237e-10
4.36286e-10
6.18359e-10
8.77585e-10
1.26757e-09
1.83586e-09
2.69226e-09
3.99667e-09
5.97843e-09
8.94526e-09
1.32452e-08
1.90742e-08
2.57697e-08
2.95218e-08
1.93252e-08
1.11879e-08
6.46839e-09
3.71193e-09
2.11271e-09
1.20202e-09
7.0867e-10
4.25733e-10
2.50782e-10
1.38827e-10
7.23255e-11
3.39789e-11
1.45144e-11
5.73256e-12
2.12065e-12
7.45547e-13
2.57342e-13
8.59996e-14
2.95004e-14
1.05011e-14
3.78731e-15
1.33634e-15
4.53295e-16
1.47047e-16
4.57263e-17
1.37055e-17
3.98274e-18
1.1275e-18
3.11737e-19
8.48723e-20
2.27961e-20
6.04905e-21
1.58745e-21
4.12157e-22
1.05783e-22
2.67602e-23
6.62e-24
1.57254e-24
3.43861e-25
6.24954e-26
5.87514e-27
)
;

boundaryField
{
    fuel
    {
        type            fixedValue;
        value           uniform 0;
    }
    air
    {
        type            fixedValue;
        value           uniform 0;
    }
    outlet
    {
        type            inletOutlet;
        inletValue      uniform 0;
        value           nonuniform List<scalar> 
200
(
8.67358e-20
3.36078e-19
7.16712e-19
1.31879e-18
2.27204e-18
3.78036e-18
6.16739e-18
9.9517e-18
1.59784e-17
2.53401e-17
4.00192e-17
6.35918e-17
1.0261e-16
1.69619e-16
2.89803e-16
5.15911e-16
9.61786e-16
1.87825e-15
3.82076e-15
8.0032e-15
1.69944e-14
3.59698e-14
7.47429e-14
1.51046e-13
2.93341e-13
5.39602e-13
9.51803e-13
1.61444e-12
2.5898e-12
3.976e-12
5.81724e-12
8.19427e-12
1.11663e-11
1.48051e-11
1.92141e-11
2.4516e-11
3.08737e-11
3.85463e-11
4.79461e-11
5.97807e-11
7.5277e-11
9.60385e-11
1.24944e-10
1.66157e-10
2.2548e-10
3.1236e-10
4.3628e-10
6.18354e-10
8.77581e-10
1.26756e-09
1.83586e-09
2.69228e-09
3.99674e-09
5.97857e-09
8.94553e-09
1.32456e-08
1.90748e-08
2.57704e-08
2.95219e-08
1.93231e-08
1.11867e-08
6.46774e-09
3.71156e-09
2.1125e-09
1.2019e-09
7.08601e-10
4.25693e-10
2.50758e-10
1.38813e-10
7.23171e-11
3.3974e-11
1.45113e-11
5.72971e-12
2.11964e-12
7.45224e-13
2.57242e-13
8.59702e-14
2.94914e-14
1.04982e-14
3.78631e-15
1.33599e-15
4.53176e-16
1.47008e-16
4.57144e-17
1.3702e-17
3.98176e-18
1.12723e-18
3.11668e-19
8.48547e-20
2.27917e-20
6.04797e-21
1.58719e-21
4.12098e-22
1.05769e-22
2.67573e-23
6.61936e-24
1.57238e-24
3.43826e-25
6.24896e-26
5.87462e-27
8.67383e-20
3.36088e-19
7.16733e-19
1.31883e-18
2.27211e-18
3.78047e-18
6.16757e-18
9.95199e-18
1.59789e-17
2.53408e-17
4.00202e-17
6.35933e-17
1.02613e-16
1.69622e-16
2.89809e-16
5.1592e-16
9.61799e-16
1.87827e-15
3.82078e-15
8.00318e-15
1.69942e-14
3.59692e-14
7.47415e-14
1.51043e-13
2.93334e-13
5.39588e-13
9.51779e-13
1.6144e-12
2.58974e-12
3.97593e-12
5.81715e-12
8.19418e-12
1.11662e-11
1.4805e-11
1.9214e-11
2.4516e-11
3.08738e-11
3.85466e-11
4.79465e-11
5.97814e-11
7.52783e-11
9.60411e-11
1.24949e-10
1.66169e-10
2.25496e-10
3.1237e-10
4.36286e-10
6.18359e-10
8.77585e-10
1.26757e-09
1.83586e-09
2.69226e-09
3.99667e-09
5.97843e-09
8.94526e-09
1.32452e-08
1.90742e-08
2.57697e-08
2.95218e-08
1.93252e-08
1.11879e-08
6.46839e-09
3.71193e-09
2.11271e-09
1.20202e-09
7.0867e-10
4.25733e-10
2.50782e-10
1.38827e-10
7.23255e-11
3.39789e-11
1.45144e-11
5.73256e-12
2.12065e-12
7.45547e-13
2.57342e-13
8.59996e-14
2.95004e-14
1.05011e-14
3.78731e-15
1.33634e-15
4.53295e-16
1.47047e-16
4.57263e-17
1.37055e-17
3.98274e-18
1.1275e-18
3.11737e-19
8.48723e-20
2.27961e-20
6.04905e-21
1.58745e-21
4.12157e-22
1.05783e-22
2.67602e-23
6.62e-24
1.57254e-24
3.43861e-25
6.24954e-26
5.87514e-27
)
;
    }
    frontAndBack
    {
        type            empty;
    }
    internal
    {
        type            internal;
    }
}


// ************************************************************************* //
