/*--------------------------------*- C++ -*----------------------------------*\
  =========                 |
  \\      /  F ield         | OpenFOAM: The Open Source CFD Toolbox
   \\    /   O peration     | Website:  https://openfoam.org
    \\  /    A nd           | Version:  10
     \\/     M anipulation  |
\*---------------------------------------------------------------------------*/
FoamFile
{
    format      ascii;
    class       volScalarField;
    location    "1";
    object      NH2;
}
// * * * * * * * * * * * * * * * * * * * * * * * * * * * * * * * * * * * * * //

dimensions      [0 0 0 0 0 0 0];

internalField   nonuniform List<scalar> 
4000
(
2.29723e-17
8.90042e-17
1.89738e-16
3.48802e-16
5.99763e-16
9.94353e-16
1.61212e-15
2.5743e-15
4.06389e-15
6.27791e-15
9.52613e-15
1.42601e-14
2.1091e-14
3.08119e-14
4.44106e-14
6.30566e-14
8.80306e-14
1.20603e-13
1.61852e-13
2.12482e-13
2.72698e-13
3.42286e-13
4.21077e-13
5.10336e-13
6.13436e-13
7.36217e-13
8.9553e-13
1.11657e-12
1.42393e-12
1.86757e-12
2.50343e-12
3.43367e-12
4.80551e-12
6.85435e-12
9.97464e-12
1.48285e-11
2.25595e-11
3.51967e-11
5.63349e-11
9.24546e-11
1.55298e-10
2.64304e-10
4.55232e-10
7.89398e-10
1.367e-09
2.36554e-09
4.01707e-09
6.76336e-09
1.10702e-08
1.79399e-08
2.81122e-08
4.30722e-08
6.45702e-08
9.45656e-08
1.34865e-07
1.85933e-07
2.4375e-07
2.91862e-07
2.84642e-07
1.61496e-07
8.92278e-08
4.89001e-08
2.64696e-08
1.4125e-08
7.41104e-09
3.92375e-09
2.11338e-09
1.19741e-09
7.6824e-10
5.623e-10
4.17256e-10
3.10392e-10
2.30278e-10
1.69538e-10
1.23901e-10
8.96477e-11
6.26742e-11
4.2547e-11
2.78474e-11
1.75399e-11
1.06488e-11
6.25487e-12
3.57249e-12
1.99418e-12
1.09267e-12
5.89674e-13
3.14205e-13
1.65568e-13
8.65646e-14
4.49402e-14
2.31833e-14
1.18904e-14
6.0639e-15
3.07323e-15
1.5449e-15
7.66527e-16
3.71133e-16
1.70617e-16
6.89933e-17
1.58835e-17
2.29976e-17
8.91063e-17
1.89981e-16
3.49338e-16
6.0088e-16
9.96534e-16
1.61609e-15
2.58102e-15
4.07433e-15
6.29449e-15
9.5487e-15
1.42856e-14
2.11115e-14
3.08095e-14
4.43507e-14
6.28769e-14
8.76287e-14
1.19865e-13
1.60673e-13
2.10788e-13
2.70471e-13
3.3959e-13
4.18063e-13
5.06442e-13
6.08606e-13
7.29897e-13
8.86798e-13
1.10464e-12
1.40694e-12
1.84445e-12
2.4722e-12
3.39168e-12
4.74689e-12
6.7766e-12
9.86979e-12
1.46867e-11
2.23686e-11
3.4951e-11
5.60198e-11
9.2081e-11
1.54941e-10
2.6413e-10
4.5569e-10
7.91848e-10
1.37334e-09
2.37964e-09
4.0465e-09
6.82234e-09
1.11788e-08
1.81346e-08
2.84216e-08
4.35759e-08
6.536e-08
9.5748e-08
1.36562e-07
1.88201e-07
2.46383e-07
2.9383e-07
2.83296e-07
1.59432e-07
8.79383e-08
4.80955e-08
2.59702e-08
1.38201e-08
7.24019e-09
3.82835e-09
2.05957e-09
1.17188e-09
7.58746e-10
5.55404e-10
4.10652e-10
3.05031e-10
2.25627e-10
1.65554e-10
1.2035e-10
8.64588e-11
6.01544e-11
4.06435e-11
2.64921e-11
1.66462e-11
1.01023e-11
5.94412e-12
3.40704e-12
1.91102e-12
1.05293e-12
5.71594e-13
3.065e-13
1.62706e-13
8.54674e-14
4.45005e-14
2.29963e-14
1.18048e-14
6.0214e-15
3.04989e-15
1.5324e-15
7.59934e-16
3.67725e-16
1.68986e-16
6.8322e-17
1.57264e-17
2.30752e-17
8.94167e-17
1.90685e-16
3.5073e-16
6.03445e-16
1.00102e-15
1.62356e-15
2.59281e-15
4.09175e-15
6.31989e-15
9.58234e-15
1.43253e-14
2.11515e-14
3.08355e-14
4.43361e-14
6.27757e-14
8.73863e-14
1.19405e-13
1.599e-13
2.09596e-13
2.68757e-13
3.37253e-13
4.15087e-13
5.03032e-13
6.04494e-13
7.24609e-13
8.79667e-13
1.09417e-12
1.3917e-12
1.82289e-12
2.43972e-12
3.3435e-12
4.67609e-12
6.68028e-12
9.73854e-12
1.45087e-11
2.21305e-11
3.46481e-11
5.56467e-11
9.16757e-11
1.54649e-10
2.6427e-10
4.57044e-10
7.96346e-10
1.384e-09
2.40245e-09
4.09406e-09
6.91564e-09
1.13534e-08
1.8443e-08
2.89181e-08
4.43902e-08
6.66126e-08
9.75883e-08
1.39123e-07
1.91453e-07
2.49824e-07
2.95638e-07
2.78649e-07
1.55343e-07
8.54144e-08
4.65501e-08
2.50186e-08
1.32515e-08
6.93161e-09
3.65942e-09
1.96875e-09
1.12903e-09
7.42049e-10
5.42853e-10
4.00304e-10
2.96438e-10
2.18812e-10
1.60578e-10
1.15503e-10
8.30326e-11
5.76094e-11
3.88238e-11
2.52606e-11
1.5865e-11
9.63567e-12
5.67992e-12
3.26394e-12
1.83615e-12
1.01475e-12
5.52447e-13
2.96908e-13
1.57793e-13
8.30407e-14
4.33257e-14
2.24329e-14
1.1536e-14
5.89478e-15
2.99284e-15
1.5056e-15
7.47052e-16
3.61553e-16
1.66131e-16
6.71531e-17
1.5454e-17
2.31112e-17
8.95573e-17
1.90989e-16
3.51295e-16
6.04408e-16
1.00255e-15
1.62577e-15
2.59564e-15
4.0946e-15
6.32205e-15
9.58006e-15
1.43104e-14
2.11074e-14
3.07396e-14
4.41564e-14
6.24736e-14
8.69123e-14
1.18703e-13
1.58916e-13
2.08295e-13
2.67139e-13
3.35358e-13
4.12808e-13
5.00394e-13
6.01393e-13
7.20531e-13
8.73883e-13
1.08577e-12
1.37868e-12
1.80323e-12
2.41051e-12
3.30069e-12
4.61432e-12
6.59261e-12
9.62242e-12
1.43545e-11
2.19329e-11
3.44145e-11
5.54023e-11
9.1513e-11
1.54813e-10
2.65276e-10
4.60001e-10
8.0382e-10
1.40031e-09
2.43533e-09
4.15913e-09
7.03862e-09
1.15709e-08
1.88173e-08
2.95244e-08
4.5338e-08
6.80429e-08
9.96438e-08
1.4183e-07
1.94642e-07
2.5257e-07
2.94963e-07
2.67717e-07
1.48188e-07
8.12311e-08
4.42141e-08
2.34547e-08
1.2379e-08
6.47505e-09
3.41701e-09
1.84203e-09
1.07063e-09
7.18588e-10
5.25157e-10
3.86091e-10
2.85703e-10
2.10405e-10
1.53796e-10
1.10723e-10
7.94702e-11
5.48915e-11
3.68441e-11
2.38948e-11
1.49756e-11
9.08761e-12
5.35875e-12
3.08363e-12
1.73838e-12
9.63177e-13
5.25822e-13
2.83393e-13
1.51022e-13
7.9681e-14
4.16694e-14
2.1619e-14
1.11358e-14
5.69674e-15
2.89338e-15
1.4564e-15
7.23105e-16
3.50189e-16
1.61006e-16
6.51138e-17
1.4989e-17
2.31107e-17
8.95557e-17
1.90986e-16
3.51283e-16
6.04355e-16
1.00236e-15
1.62519e-15
2.59406e-15
4.09073e-15
6.31322e-15
9.56199e-15
1.42762e-14
2.10481e-14
3.064e-14
4.39943e-14
6.22194e-14
8.65297e-14
1.18152e-13
1.58161e-13
2.07315e-13
2.65936e-13
3.33957e-13
4.1125e-13
4.98539e-13
5.99002e-13
7.17158e-13
8.6873e-13
1.07838e-12
1.36789e-12
1.7872e-12
2.38713e-12
3.26647e-12
4.56547e-12
6.523e-12
9.53144e-12
1.42434e-11
2.18057e-11
3.42951e-11
5.53521e-11
9.16859e-11
1.55564e-10
2.6731e-10
4.64771e-10
8.14448e-10
1.42186e-09
2.47666e-09
4.23681e-09
7.17933e-09
1.18158e-08
1.92355e-08
3.02007e-08
4.63819e-08
6.95747e-08
1.01735e-07
1.4444e-07
1.97289e-07
2.53677e-07
2.90197e-07
2.47962e-07
1.36606e-07
7.47015e-08
4.04861e-08
2.13803e-08
1.12401e-08
5.88487e-09
3.11361e-09
1.6889e-09
9.99359e-10
6.88092e-10
5.03762e-10
3.70845e-10
2.74216e-10
2.01212e-10
1.47074e-10
1.06858e-10
7.53702e-11
5.20285e-11
3.48835e-11
2.26e-11
1.41571e-11
8.59313e-12
5.07228e-12
2.92344e-12
1.6513e-12
9.16881e-13
5.01622e-13
2.70908e-13
1.44645e-13
7.64483e-14
4.00395e-14
2.08001e-14
1.07251e-14
5.49108e-15
2.7906e-15
1.4053e-15
6.97974e-16
3.38112e-16
1.55487e-16
6.28912e-17
1.44776e-17
2.30744e-17
8.94151e-17
1.90684e-16
3.50714e-16
6.03337e-16
1.00056e-15
1.622e-15
2.58829e-15
4.08056e-15
6.29573e-15
9.53376e-15
1.42329e-14
2.09816e-14
3.05378e-14
4.38394e-14
6.19892e-14
8.61974e-14
1.17685e-13
1.57524e-13
2.06473e-13
2.64857e-13
3.326e-13
4.09596e-13
4.96689e-13
5.96956e-13
7.14653e-13
8.65355e-13
1.07336e-12
1.36015e-12
1.77551e-12
2.37025e-12
3.24207e-12
4.53234e-12
6.47791e-12
9.4777e-12
1.41843e-11
2.1758e-11
3.43018e-11
5.55143e-11
9.22268e-11
1.56952e-10
2.70487e-10
4.71605e-10
8.28742e-10
1.45002e-09
2.52935e-09
4.33591e-09
7.34591e-09
1.21112e-08
1.97373e-08
3.09929e-08
4.75687e-08
7.12528e-08
1.0396e-07
1.47062e-07
1.99597e-07
2.53526e-07
2.81933e-07
2.20382e-07
1.21569e-07
6.65998e-08
3.61427e-08
1.90988e-08
1.00474e-08
5.27001e-09
2.79973e-09
1.53192e-09
9.3044e-10
6.55041e-10
4.81122e-10
3.55426e-10
2.62827e-10
1.93089e-10
1.41138e-10
1.02316e-10
7.20811e-11
4.96668e-11
3.32237e-11
2.1479e-11
1.34334e-11
8.14663e-12
4.80813e-12
2.77264e-12
1.56769e-12
8.71598e-13
4.77559e-13
2.58318e-13
1.3814e-13
7.31216e-14
3.83515e-14
1.99481e-14
1.02953e-14
5.27467e-15
2.68234e-15
1.3516e-15
6.71738e-16
3.25608e-16
1.49811e-16
6.06128e-17
1.39538e-17
2.30073e-17
8.91543e-17
1.90121e-16
3.4966e-16
6.0149e-16
9.97447e-16
1.61694e-15
2.58038e-15
4.06784e-15
6.27447e-15
9.50047e-15
1.41801e-14
2.08996e-14
3.04138e-14
4.36563e-14
6.17258e-14
8.58305e-14
1.17189e-13
1.5688e-13
2.05666e-13
2.63927e-13
3.31577e-13
4.08548e-13
4.95593e-13
5.95736e-13
7.13085e-13
8.63042e-13
1.06987e-12
1.35484e-12
1.76738e-12
2.35833e-12
3.22418e-12
4.51494e-12
6.4544e-12
9.45096e-12
1.41683e-11
2.17779e-11
3.44147e-11
5.58518e-11
9.30638e-11
1.58827e-10
2.74545e-10
4.80065e-10
8.46064e-10
1.48438e-09
2.5856e-09
4.44374e-09
7.52365e-09
1.2426e-08
2.02699e-08
3.18369e-08
4.88534e-08
7.3121e-08
1.06504e-07
1.50186e-07
2.02655e-07
2.54384e-07
2.74712e-07
1.94194e-07
1.07467e-07
5.90347e-08
3.20828e-08
1.69748e-08
8.9357e-09
4.70762e-09
2.51867e-09
1.40278e-09
8.67399e-10
6.24727e-10
4.61624e-10
3.42616e-10
2.53503e-10
1.86203e-10
1.35936e-10
9.86372e-11
6.93776e-11
4.76879e-11
3.18061e-11
2.05164e-11
1.28106e-11
7.76195e-12
4.58007e-12
2.64196e-12
1.49483e-12
8.3184e-13
4.5624e-13
2.47049e-13
1.32254e-13
7.00791e-14
3.67945e-14
1.91605e-14
9.90415e-15
5.08268e-15
2.5878e-15
1.30461e-15
6.48472e-16
3.14312e-16
1.44597e-16
5.84985e-17
1.34664e-17
2.29278e-17
8.88455e-17
1.89453e-16
3.48404e-16
5.99261e-16
9.93606e-16
1.61042e-15
2.5694e-15
4.04992e-15
6.24507e-15
9.45009e-15
1.40997e-14
2.07763e-14
3.02302e-14
4.33911e-14
6.13548e-14
8.53311e-14
1.16545e-13
1.56089e-13
2.04754e-13
2.62911e-13
3.30537e-13
4.0758e-13
4.94732e-13
5.94886e-13
7.12035e-13
8.61578e-13
1.06748e-12
1.35118e-12
1.76199e-12
2.35198e-12
3.21552e-12
4.50561e-12
6.44531e-12
9.44732e-12
1.41883e-11
2.18564e-11
3.46307e-11
5.63635e-11
9.424e-11
1.60795e-10
2.78863e-10
4.88807e-10
8.63959e-10
1.51831e-09
2.64863e-09
4.55806e-09
7.70876e-09
1.27521e-08
2.08259e-08
3.27401e-08
5.02583e-08
7.52139e-08
1.09466e-07
1.54087e-07
2.07134e-07
2.5779e-07
2.71969e-07
1.77096e-07
9.79137e-08
5.37186e-08
2.91499e-08
1.54109e-08
8.11257e-09
4.28017e-09
2.3002e-09
1.2968e-09
8.24441e-10
6.03935e-10
4.48511e-10
3.3364e-10
2.46941e-10
1.81303e-10
1.32233e-10
9.56981e-11
6.71712e-11
4.60532e-11
3.06273e-11
1.97118e-11
1.22882e-11
7.43805e-12
4.38705e-12
2.5306e-12
1.43221e-12
7.97359e-13
4.37571e-13
2.37084e-13
1.26998e-13
6.73353e-14
3.53735e-14
1.84284e-14
9.52737e-15
4.88987e-15
2.49077e-15
1.25711e-15
6.25362e-16
3.03221e-16
1.39512e-16
5.64457e-17
1.29944e-17
2.28546e-17
8.85624e-17
1.88847e-16
3.47279e-16
5.97296e-16
9.90283e-16
1.6049e-15
2.56037e-15
4.03537e-15
6.21927e-15
9.40966e-15
1.40384e-14
2.0686e-14
3.01005e-14
4.32089e-14
6.11059e-14
8.50029e-14
1.16129e-13
1.55588e-13
2.04205e-13
2.62312e-13
3.29967e-13
4.07038e-13
4.94234e-13
5.94483e-13
7.11603e-13
8.60863e-13
1.06601e-12
1.34863e-12
1.75736e-12
2.35148e-12
3.21325e-12
4.5038e-12
6.44656e-12
9.45851e-12
1.42283e-11
2.19666e-11
3.48532e-11
5.68772e-11
9.54074e-11
1.63186e-10
2.83746e-10
4.98665e-10
8.83148e-10
1.55485e-09
2.71615e-09
4.68187e-09
7.92187e-09
1.31156e-08
2.14269e-08
3.36864e-08
5.1723e-08
7.74117e-08
1.12647e-07
1.58428e-07
2.12482e-07
2.6286e-07
2.72423e-07
1.6747e-07
9.23462e-08
5.05303e-08
2.7332e-08
1.44467e-08
7.58878e-09
4.00394e-09
2.15494e-09
1.22832e-09
7.9959e-10
5.91658e-10
4.40546e-10
3.28282e-10
2.42993e-10
1.78672e-10
1.28609e-10
9.32083e-11
6.54196e-11
4.47986e-11
2.9737e-11
1.91044e-11
1.18901e-11
7.18744e-12
4.235e-12
2.44119e-12
1.38101e-12
7.68667e-13
4.21784e-13
2.28534e-13
1.22432e-13
6.49254e-14
3.41142e-14
1.77751e-14
9.19002e-15
4.71683e-15
2.40277e-15
1.21248e-15
6.03216e-16
2.92576e-16
1.3466e-16
5.44931e-17
1.25465e-17
2.27941e-17
8.83305e-17
1.88358e-16
3.46385e-16
5.95762e-16
9.87726e-16
1.6007e-15
2.55348e-15
4.02395e-15
6.19962e-15
9.37789e-15
1.39892e-14
2.06121e-14
2.99932e-14
4.30584e-14
6.09024e-14
8.47372e-14
1.15795e-13
1.5519e-13
2.03739e-13
2.6186e-13
3.29514e-13
4.06681e-13
4.94046e-13
5.9445e-13
7.11655e-13
8.60894e-13
1.06578e-12
1.34814e-12
1.75652e-12
2.35105e-12
3.21337e-12
4.50613e-12
6.45402e-12
9.47832e-12
1.42788e-11
2.2085e-11
3.5109e-11
5.74239e-11
9.65908e-11
1.6559e-10
2.88579e-10
5.08072e-10
9.01287e-10
1.58912e-09
2.78005e-09
4.79597e-09
8.12142e-09
1.34554e-08
2.19882e-08
3.4596e-08
5.31461e-08
7.95674e-08
1.15766e-07
1.62726e-07
2.17885e-07
2.68272e-07
2.74002e-07
1.61906e-07
8.9059e-08
4.85865e-08
2.61716e-08
1.38448e-08
7.25619e-09
3.82568e-09
2.06061e-09
1.18516e-09
7.8637e-10
5.84968e-10
4.3597e-10
3.24849e-10
2.40095e-10
1.76261e-10
1.26639e-10
9.16407e-11
6.41867e-11
4.38426e-11
2.90204e-11
1.85945e-11
1.1545e-11
6.96487e-12
4.09745e-12
2.35922e-12
1.33359e-12
7.41909e-13
4.06994e-13
2.20503e-13
1.18137e-13
6.26571e-14
3.29288e-14
1.716e-14
8.87236e-15
4.55451e-15
2.32058e-15
1.17155e-15
5.8315e-16
2.82954e-16
1.30264e-16
5.27216e-17
1.21399e-17
2.27342e-17
8.80989e-17
1.87863e-16
3.4547e-16
5.94183e-16
9.85113e-16
1.59651e-15
2.547e-15
4.01436e-15
6.18408e-15
9.35376e-15
1.39525e-14
2.0556e-14
2.99096e-14
4.29384e-14
6.0738e-14
8.45244e-14
1.15535e-13
1.54897e-13
2.03417e-13
2.61523e-13
3.29245e-13
4.06537e-13
4.94071e-13
5.94673e-13
7.12038e-13
8.61383e-13
1.06621e-12
1.34862e-12
1.75699e-12
2.3521e-12
3.21562e-12
4.51144e-12
6.46565e-12
9.50361e-12
1.43348e-11
2.22099e-11
3.53699e-11
5.79622e-11
9.77092e-11
1.67829e-10
2.93007e-10
5.1675e-10
9.18024e-10
1.6208e-09
2.83834e-09
4.90091e-09
8.30531e-09
1.37686e-08
2.25062e-08
3.54268e-08
5.44359e-08
8.15093e-08
1.18603e-07
1.66653e-07
2.22862e-07
2.73369e-07
2.75996e-07
1.57975e-07
8.68307e-08
4.73128e-08
2.54359e-08
1.34658e-08
7.02369e-09
3.70294e-09
1.99624e-09
1.15711e-09
7.79747e-10
5.81041e-10
4.32876e-10
3.22234e-10
2.37761e-10
1.74304e-10
1.25333e-10
9.05344e-11
6.32561e-11
4.30808e-11
2.84242e-11
1.81562e-11
1.12424e-11
6.76751e-12
3.97474e-12
2.28581e-12
1.29101e-12
7.17829e-13
3.93662e-13
2.13251e-13
1.14251e-13
6.06034e-14
3.18586e-14
1.6613e-14
8.59895e-15
4.41923e-15
2.25356e-15
1.13781e-15
5.6622e-16
2.74681e-16
1.26439e-16
5.11697e-17
1.17825e-17
2.26826e-17
8.78999e-17
1.87439e-16
3.4469e-16
5.92836e-16
9.82871e-16
1.59287e-15
2.54115e-15
4.00422e-15
6.16714e-15
9.32787e-15
1.39157e-14
2.05073e-14
2.98439e-14
4.28484e-14
6.0612e-14
8.43574e-14
1.1533e-13
1.54653e-13
2.03175e-13
2.61306e-13
3.29103e-13
4.06521e-13
4.94231e-13
5.95043e-13
7.12607e-13
8.6213e-13
1.06704e-12
1.34965e-12
1.75828e-12
2.35428e-12
3.21948e-12
4.51899e-12
6.48024e-12
9.53275e-12
1.43958e-11
2.23391e-11
3.56335e-11
5.84998e-11
9.88231e-11
1.7002e-10
2.97269e-10
5.24962e-10
9.33608e-10
1.65012e-09
2.89227e-09
4.99763e-09
8.47409e-09
1.40542e-08
2.29711e-08
3.61752e-08
5.56023e-08
8.32609e-08
1.21122e-07
1.70097e-07
2.27134e-07
2.77582e-07
2.77093e-07
1.56382e-07
8.58043e-08
4.66602e-08
2.50296e-08
1.32185e-08
6.89598e-09
3.6316e-09
1.95719e-09
1.1413e-09
7.77452e-10
5.78798e-10
4.306e-10
3.20032e-10
2.35665e-10
1.72435e-10
1.2425e-10
8.96096e-11
6.24596e-11
4.24152e-11
2.79042e-11
1.77773e-11
1.09826e-11
6.59868e-12
3.86985e-12
2.223e-12
1.25451e-12
6.97134e-13
3.82172e-13
2.06981e-13
1.10874e-13
5.87974e-14
3.09005e-14
1.6111e-14
8.34132e-15
4.28705e-15
2.18642e-15
1.10451e-15
5.49964e-16
2.66912e-16
1.22898e-16
4.97448e-17
1.14553e-17
2.26399e-17
8.77355e-17
1.8709e-16
3.44049e-16
5.91734e-16
9.81045e-16
1.58992e-15
2.53649e-15
3.99593e-15
6.15306e-15
9.30572e-15
1.38824e-14
2.04585e-14
2.97768e-14
4.27614e-14
6.05082e-14
8.42305e-14
1.15176e-13
1.54482e-13
2.02996e-13
2.6117e-13
3.2905e-13
4.06598e-13
4.94486e-13
5.95516e-13
7.13287e-13
8.63018e-13
1.06809e-12
1.35101e-12
1.76007e-12
2.35712e-12
3.22424e-12
4.52759e-12
6.49631e-12
9.56401e-12
1.4457e-11
2.2462e-11
3.58777e-11
5.89897e-11
9.98044e-11
1.71976e-10
3.0115e-10
5.32564e-10
9.48162e-10
1.67734e-09
2.94188e-09
5.08554e-09
8.62468e-09
1.43056e-08
2.33771e-08
3.68132e-08
5.65777e-08
8.47155e-08
1.23216e-07
1.72951e-07
2.30664e-07
2.80894e-07
2.77493e-07
1.55395e-07
8.51762e-08
4.62543e-08
2.47681e-08
1.30526e-08
6.81154e-09
3.58391e-09
1.93121e-09
1.13153e-09
7.76708e-10
5.76965e-10
4.28472e-10
3.17846e-10
2.33633e-10
1.70679e-10
1.2323e-10
8.87182e-11
6.17056e-11
4.18001e-11
2.74297e-11
1.74337e-11
1.07481e-11
6.44684e-12
3.77584e-12
2.16687e-12
1.22199e-12
6.78749e-13
3.71997e-13
2.01459e-13
1.07943e-13
5.72881e-14
3.01377e-14
1.57205e-14
8.13911e-15
4.18329e-15
2.13344e-15
1.0775e-15
5.36442e-16
2.6033e-16
1.19861e-16
4.85135e-17
1.11716e-17
2.26054e-17
8.7603e-17
1.86809e-16
3.43534e-16
5.90853e-16
9.79595e-16
1.58759e-15
2.53285e-15
3.98931e-15
6.14175e-15
9.28795e-15
1.3856e-14
2.04205e-14
2.97238e-14
4.26896e-14
6.04137e-14
8.41182e-14
1.15053e-13
1.54354e-13
2.02882e-13
2.61096e-13
3.29054e-13
4.06724e-13
4.94779e-13
5.9601e-13
7.13992e-13
8.63948e-13
1.06922e-12
1.35252e-12
1.7621e-12
2.36029e-12
3.22942e-12
4.53665e-12
6.51236e-12
9.59325e-12
1.45128e-11
2.25727e-11
3.60946e-11
5.9416e-11
1.00669e-10
1.73662e-10
3.04409e-10
5.38779e-10
9.59871e-10
1.69962e-09
2.98372e-09
5.1628e-09
8.75708e-09
1.45253e-08
2.37219e-08
3.73526e-08
5.74006e-08
8.59266e-08
1.24934e-07
1.75257e-07
2.33418e-07
2.83311e-07
2.77205e-07
1.54539e-07
8.4659e-08
4.59338e-08
2.45504e-08
1.29149e-08
6.73498e-09
3.54164e-09
1.90858e-09
1.12287e-09
7.75476e-10
5.74628e-10
4.25996e-10
3.15529e-10
2.31566e-10
1.68932e-10
1.22206e-10
8.78379e-11
6.09578e-11
4.11982e-11
2.69732e-11
1.71082e-11
1.05291e-11
6.30675e-12
3.68998e-12
2.11604e-12
1.19273e-12
6.62286e-13
3.62908e-13
1.96519e-13
1.05289e-13
5.58717e-14
2.93938e-14
1.53461e-14
7.94983e-15
4.08721e-15
2.08427e-15
1.05278e-15
5.24194e-16
2.54409e-16
1.17142e-16
4.74144e-17
1.09187e-17
2.25781e-17
8.74977e-17
1.86586e-16
3.43126e-16
5.90156e-16
9.78449e-16
1.58576e-15
2.53001e-15
3.98408e-15
6.13279e-15
9.27394e-15
1.38353e-14
2.0391e-14
2.96831e-14
4.26354e-14
6.03444e-14
8.40346e-14
1.14954e-13
1.54255e-13
2.02805e-13
2.61062e-13
3.29096e-13
4.06881e-13
4.95091e-13
5.96509e-13
7.14693e-13
8.64875e-13
1.07039e-12
1.35404e-12
1.76413e-12
2.36339e-12
3.23431e-12
4.54495e-12
6.52701e-12
9.61966e-12
1.45624e-11
2.26683e-11
3.62781e-11
5.97726e-11
1.01361e-10
1.74971e-10
3.06855e-10
5.43318e-10
9.67918e-10
1.71353e-09
3.00665e-09
5.24504e-09
8.87812e-09
1.47154e-08
2.4014e-08
3.78067e-08
5.80819e-08
8.69174e-08
1.26318e-07
1.77062e-07
2.35516e-07
2.84991e-07
2.76467e-07
1.53749e-07
8.42408e-08
4.57867e-08
2.42075e-08
1.27348e-08
6.64332e-09
3.49542e-09
1.8856e-09
1.11419e-09
7.73202e-10
5.71629e-10
4.2319e-10
3.1305e-10
2.29513e-10
1.6727e-10
1.21206e-10
8.68824e-11
6.0144e-11
4.05646e-11
2.6511e-11
1.67901e-11
1.03211e-11
6.17682e-12
3.61179e-12
2.07041e-12
1.16675e-12
6.47792e-13
3.54957e-13
1.92218e-13
1.02989e-13
5.46518e-14
2.87487e-14
1.50025e-14
7.77081e-15
3.99587e-15
2.0388e-15
1.03025e-15
5.13148e-16
2.4911e-16
1.14722e-16
4.64397e-17
1.06947e-17
2.25567e-17
8.74155e-17
1.86412e-16
3.42807e-16
5.8961e-16
9.7755e-16
1.58432e-15
2.52774e-15
3.97999e-15
6.12581e-15
9.26306e-15
1.38193e-14
2.03684e-14
2.96522e-14
4.25946e-14
6.02931e-14
8.39718e-14
1.14887e-13
1.54191e-13
2.02758e-13
2.61057e-13
3.2916e-13
4.07048e-13
4.95394e-13
5.96978e-13
7.15338e-13
8.65721e-13
1.07146e-12
1.35549e-12
1.76615e-12
2.36644e-12
3.23916e-12
4.55299e-12
6.54071e-12
9.64426e-12
1.46081e-11
2.27566e-11
3.64463e-11
6.00956e-11
1.01995e-10
1.762e-10
3.09238e-10
5.47872e-10
9.76478e-10
1.72972e-09
3.03686e-09
5.299e-09
8.96916e-09
1.48637e-08
2.42433e-08
3.81626e-08
5.86156e-08
8.76901e-08
1.27394e-07
1.78465e-07
2.37098e-07
2.86124e-07
2.75411e-07
1.52916e-07
8.37592e-08
4.54974e-08
2.40396e-08
1.26321e-08
6.58579e-09
3.46429e-09
1.86953e-09
1.10832e-09
7.71481e-10
5.69053e-10
4.2074e-10
3.10939e-10
2.27879e-10
1.66161e-10
1.20682e-10
8.53203e-11
5.91416e-11
3.98995e-11
2.60711e-11
1.65042e-11
1.01404e-11
6.06609e-12
3.54587e-12
2.03216e-12
1.14502e-12
6.35684e-13
3.48317e-13
1.8863e-13
1.01074e-13
5.36403e-14
2.82191e-14
1.47272e-14
7.6289e-15
3.9233e-15
2.00205e-15
1.01184e-15
5.0405e-16
2.44722e-16
1.12711e-16
4.56275e-17
1.05075e-17
2.25406e-17
8.73539e-17
1.86281e-16
3.42569e-16
5.89203e-16
9.76884e-16
1.58326e-15
2.5261e-15
3.97695e-15
6.12057e-15
9.25491e-15
1.38074e-14
2.03517e-14
2.96295e-14
4.25651e-14
6.02565e-14
8.3929e-14
1.14842e-13
1.54151e-13
2.02736e-13
2.6107e-13
3.29233e-13
4.07206e-13
4.95666e-13
5.97388e-13
7.15902e-13
8.6647e-13
1.0724e-12
1.35676e-12
1.76789e-12
2.36909e-12
3.24334e-12
4.55991e-12
6.55256e-12
9.66543e-12
1.4647e-11
2.28297e-11
3.65852e-11
6.03655e-11
1.02524e-10
1.77223e-10
3.11211e-10
5.51641e-10
9.83524e-10
1.74282e-09
3.06056e-09
5.33911e-09
9.03774e-09
1.49767e-08
2.4418e-08
3.84346e-08
5.90245e-08
8.82828e-08
1.28209e-07
1.79514e-07
2.3825e-07
2.8684e-07
2.74234e-07
1.52128e-07
8.33053e-08
4.52273e-08
2.38975e-08
1.25504e-08
6.54128e-09
3.44068e-09
1.85756e-09
1.10387e-09
7.6966e-10
5.66661e-10
4.1854e-10
3.09049e-10
2.26357e-10
1.64981e-10
1.19748e-10
8.45256e-11
5.85157e-11
3.94316e-11
2.57378e-11
1.62792e-11
9.99566e-12
5.97675e-12
3.49262e-12
2.0013e-12
1.12755e-12
6.25982e-13
3.43016e-13
1.85772e-13
9.95507e-14
5.28364e-14
2.77992e-14
1.45099e-14
7.51739e-15
3.86652e-15
1.97334e-15
9.97449e-16
4.96929e-16
2.41283e-16
1.11132e-16
4.49895e-17
1.03607e-17
2.25293e-17
8.73105e-17
1.86189e-16
3.42401e-16
5.88918e-16
9.76417e-16
1.58252e-15
2.52496e-15
3.97479e-15
6.11683e-15
9.24908e-15
1.37989e-14
2.03397e-14
2.96133e-14
4.25439e-14
6.023e-14
8.38991e-14
1.14812e-13
1.54127e-13
2.02728e-13
2.61092e-13
3.29303e-13
4.07345e-13
4.95892e-13
5.9772e-13
7.16354e-13
8.67056e-13
1.07315e-12
1.35777e-12
1.7693e-12
2.37121e-12
3.24668e-12
4.56542e-12
6.56198e-12
9.68208e-12
1.46774e-11
2.28871e-11
3.66941e-11
6.05738e-11
1.0293e-10
1.78007e-10
3.12712e-10
5.54491e-10
9.88745e-10
1.75244e-09
3.07786e-09
5.36817e-09
9.08753e-09
1.50587e-08
2.45444e-08
3.86313e-08
5.93195e-08
8.87089e-08
1.28797e-07
1.80258e-07
2.39047e-07
2.87267e-07
2.7317e-07
1.51434e-07
8.29115e-08
4.49982e-08
2.37785e-08
1.24837e-08
6.50587e-09
3.42217e-09
1.84827e-09
1.10045e-09
7.67867e-10
5.64585e-10
4.16699e-10
3.07491e-10
2.25107e-10
1.64016e-10
1.18999e-10
8.39413e-11
5.80733e-11
3.91048e-11
2.55057e-11
1.61215e-11
9.89325e-12
5.91295e-12
3.45427e-12
1.97892e-12
1.11481e-12
6.1887e-13
3.39118e-13
1.83668e-13
9.84329e-14
5.22509e-14
2.74951e-14
1.43528e-14
7.4366e-15
3.82519e-15
1.95236e-15
9.86903e-16
4.91701e-16
2.38754e-16
1.0997e-16
4.45195e-17
1.02525e-17
2.25222e-17
8.72832e-17
1.86132e-16
3.42297e-16
5.8874e-16
9.76127e-16
1.58206e-15
2.52425e-15
3.97345e-15
6.11448e-15
9.2454e-15
1.37935e-14
2.03322e-14
2.96032e-14
4.25309e-14
6.02143e-14
8.38816e-14
1.14794e-13
1.54114e-13
2.02726e-13
2.61111e-13
3.29354e-13
4.07443e-13
4.9605e-13
5.97952e-13
7.16666e-13
8.67469e-13
1.07368e-12
1.3585e-12
1.77031e-12
2.37273e-12
3.24903e-12
4.56928e-12
6.56855e-12
9.69368e-12
1.46983e-11
2.29264e-11
3.67684e-11
6.07167e-11
1.03209e-10
1.78541e-10
3.13727e-10
5.56396e-10
9.92236e-10
1.75883e-09
3.08923e-09
5.38705e-09
9.11983e-09
1.51119e-08
2.46262e-08
3.87584e-08
5.95097e-08
8.89825e-08
1.29171e-07
1.80731e-07
2.39544e-07
2.87504e-07
2.72404e-07
1.50916e-07
8.26205e-08
4.48311e-08
2.36919e-08
1.24357e-08
6.48066e-09
3.40913e-09
1.84173e-09
1.09779e-09
7.6641e-10
5.63044e-10
4.15377e-10
3.06397e-10
2.24245e-10
1.63357e-10
1.18496e-10
8.35597e-11
5.77842e-11
3.8894e-11
2.53573e-11
1.6021e-11
9.82773e-12
5.87194e-12
3.42951e-12
1.96442e-12
1.10654e-12
6.14246e-13
3.36577e-13
1.82293e-13
9.76977e-14
5.18614e-14
2.72911e-14
1.42472e-14
7.38246e-15
3.79767e-15
1.93847e-15
9.79942e-16
4.88258e-16
2.37091e-16
1.09206e-16
4.42108e-17
1.01815e-17
2.25188e-17
8.72702e-17
1.86104e-16
3.42246e-16
5.88655e-16
9.75989e-16
1.58185e-15
2.52392e-15
3.97281e-15
6.11336e-15
9.24366e-15
1.3791e-14
2.03287e-14
2.95985e-14
4.25249e-14
6.0207e-14
8.38736e-14
1.14787e-13
1.54109e-13
2.02727e-13
2.61123e-13
3.29383e-13
4.07495e-13
4.96134e-13
5.98073e-13
7.1683e-13
8.67684e-13
1.07396e-12
1.35886e-12
1.77082e-12
2.3735e-12
3.25024e-12
4.57127e-12
6.57191e-12
9.69955e-12
1.47089e-11
2.29463e-11
3.68059e-11
6.07883e-11
1.03347e-10
1.78804e-10
3.14227e-10
5.57337e-10
9.93959e-10
1.76198e-09
3.09488e-09
5.3964e-09
9.13581e-09
1.51381e-08
2.46664e-08
3.88209e-08
5.96031e-08
8.91167e-08
1.29354e-07
1.8096e-07
2.39781e-07
2.87605e-07
2.71999e-07
1.50648e-07
8.24703e-08
4.47448e-08
2.3647e-08
1.2411e-08
6.46769e-09
3.40246e-09
1.83844e-09
1.09651e-09
7.65668e-10
5.62256e-10
4.14703e-10
3.05842e-10
2.2381e-10
1.63029e-10
1.18249e-10
8.33749e-11
5.76462e-11
3.87932e-11
2.52869e-11
1.59735e-11
9.79678e-12
5.85255e-12
3.41781e-12
1.95757e-12
1.10262e-12
6.12058e-13
3.35374e-13
1.81641e-13
9.73482e-14
5.16763e-14
2.7194e-14
1.41968e-14
7.35649e-15
3.7844e-15
1.93174e-15
9.76561e-16
4.86581e-16
2.36279e-16
1.08833e-16
4.40595e-17
1.01466e-17
2.25189e-17
8.72704e-17
1.86105e-16
3.42247e-16
5.88656e-16
9.75992e-16
1.58185e-15
2.52393e-15
3.97282e-15
6.11337e-15
9.24367e-15
1.3791e-14
2.03287e-14
2.95985e-14
4.25249e-14
6.02071e-14
8.38737e-14
1.14787e-13
1.5411e-13
2.02727e-13
2.61123e-13
3.29383e-13
4.07495e-13
4.96134e-13
5.98074e-13
7.16831e-13
8.67685e-13
1.07396e-12
1.35887e-12
1.77083e-12
2.37351e-12
3.25025e-12
4.57129e-12
6.57195e-12
9.69962e-12
1.4709e-11
2.29466e-11
3.68064e-11
6.0789e-11
1.03348e-10
1.78806e-10
3.14231e-10
5.57344e-10
9.93972e-10
1.76201e-09
3.09492e-09
5.39648e-09
9.13593e-09
1.51383e-08
2.46666e-08
3.88213e-08
5.96037e-08
8.91176e-08
1.29355e-07
1.80961e-07
2.39783e-07
2.87606e-07
2.71999e-07
1.50647e-07
8.24694e-08
4.47446e-08
2.36468e-08
1.2411e-08
6.46769e-09
3.40249e-09
1.83851e-09
1.09668e-09
7.65731e-10
5.62278e-10
4.1471e-10
3.05844e-10
2.2381e-10
1.63029e-10
1.18249e-10
8.33748e-11
5.76461e-11
3.87931e-11
2.52868e-11
1.59735e-11
9.79679e-12
5.85256e-12
3.41782e-12
1.95758e-12
1.10263e-12
6.1206e-13
3.35375e-13
1.81641e-13
9.73485e-14
5.16765e-14
2.71941e-14
1.41968e-14
7.35651e-15
3.78441e-15
1.93174e-15
9.76563e-16
4.86582e-16
2.36279e-16
1.08833e-16
4.40595e-17
1.01466e-17
2.25224e-17
8.72838e-17
1.86133e-16
3.42299e-16
5.88744e-16
9.76134e-16
1.58208e-15
2.52427e-15
3.97347e-15
6.11451e-15
9.24544e-15
1.37936e-14
2.03323e-14
2.96033e-14
4.25311e-14
6.02144e-14
8.38818e-14
1.14795e-13
1.54115e-13
2.02727e-13
2.61112e-13
3.29355e-13
4.07444e-13
4.96052e-13
5.97954e-13
7.1667e-13
8.67474e-13
1.07369e-12
1.3585e-12
1.77032e-12
2.37275e-12
3.24907e-12
4.56935e-12
6.56867e-12
9.69389e-12
1.46987e-11
2.29272e-11
3.67699e-11
6.07192e-11
1.03213e-10
1.78548e-10
3.1374e-10
5.56419e-10
9.92278e-10
1.7589e-09
3.08937e-09
5.38728e-09
9.12019e-09
1.51124e-08
2.4627e-08
3.87597e-08
5.95116e-08
8.89852e-08
1.29175e-07
1.80735e-07
2.39549e-07
2.87508e-07
2.72405e-07
1.50917e-07
8.26211e-08
4.48315e-08
2.3692e-08
1.24359e-08
6.48074e-09
3.40916e-09
1.84173e-09
1.09773e-09
7.66376e-10
5.63029e-10
4.1537e-10
3.06394e-10
2.24243e-10
1.63356e-10
1.18495e-10
8.35592e-11
5.77838e-11
3.88939e-11
2.53573e-11
1.6021e-11
9.82776e-12
5.87196e-12
3.42953e-12
1.96444e-12
1.10654e-12
6.14251e-13
3.36581e-13
1.82295e-13
9.76987e-14
5.1862e-14
2.72914e-14
1.42473e-14
7.38252e-15
3.79769e-15
1.93848e-15
9.79945e-16
4.88259e-16
2.37091e-16
1.09207e-16
4.42108e-17
1.01815e-17
2.25296e-17
8.73113e-17
1.86191e-16
3.42404e-16
5.88923e-16
9.76426e-16
1.58254e-15
2.52498e-15
3.97482e-15
6.11687e-15
9.24912e-15
1.37989e-14
2.03398e-14
2.96134e-14
4.25441e-14
6.02303e-14
8.38995e-14
1.14812e-13
1.54128e-13
2.02728e-13
2.61093e-13
3.29304e-13
4.07346e-13
4.95894e-13
5.97723e-13
7.16357e-13
8.67062e-13
1.07316e-12
1.35778e-12
1.76931e-12
2.37124e-12
3.24672e-12
4.56549e-12
6.5621e-12
9.68232e-12
1.46778e-11
2.28881e-11
3.6696e-11
6.05777e-11
1.02938e-10
1.78021e-10
3.12736e-10
5.5453e-10
9.88824e-10
1.75257e-09
3.07802e-09
5.36841e-09
9.08788e-09
1.50594e-08
2.45456e-08
3.86332e-08
5.93224e-08
8.87131e-08
1.28802e-07
1.80266e-07
2.39056e-07
2.87275e-07
2.73172e-07
1.51435e-07
8.29115e-08
4.4998e-08
2.37785e-08
1.24836e-08
6.50584e-09
3.42216e-09
1.84827e-09
1.10042e-09
7.67835e-10
5.64566e-10
4.16688e-10
3.07485e-10
2.25103e-10
1.64014e-10
1.18998e-10
8.39404e-11
5.8073e-11
3.91047e-11
2.55057e-11
1.61216e-11
9.89334e-12
5.91302e-12
3.45432e-12
1.97895e-12
1.11483e-12
6.18882e-13
3.39124e-13
1.83672e-13
9.84348e-14
5.2252e-14
2.74958e-14
1.43532e-14
7.4368e-15
3.82529e-15
1.95241e-15
9.86923e-16
4.91709e-16
2.38757e-16
1.09971e-16
4.45199e-17
1.02526e-17
2.25409e-17
8.73549e-17
1.86283e-16
3.42573e-16
5.8921e-16
9.76895e-16
1.58328e-15
2.52613e-15
3.97698e-15
6.12062e-15
9.25497e-15
1.38075e-14
2.03518e-14
2.96297e-14
4.25653e-14
6.02569e-14
8.39295e-14
1.14843e-13
1.54152e-13
2.02737e-13
2.61072e-13
3.29234e-13
4.07208e-13
4.95668e-13
5.9739e-13
7.15904e-13
8.66473e-13
1.0724e-12
1.35676e-12
1.7679e-12
2.36911e-12
3.24337e-12
4.55996e-12
6.55264e-12
9.66554e-12
1.46471e-11
2.28303e-11
3.65864e-11
6.0368e-11
1.02529e-10
1.77234e-10
3.11235e-10
5.51688e-10
9.83582e-10
1.74292e-09
3.06074e-09
5.33949e-09
9.03843e-09
1.49778e-08
2.44197e-08
3.84371e-08
5.9028e-08
8.82874e-08
1.28215e-07
1.79519e-07
2.38259e-07
2.86847e-07
2.74234e-07
1.52129e-07
8.33069e-08
4.52287e-08
2.38984e-08
1.25509e-08
6.54159e-09
3.44083e-09
1.85762e-09
1.10388e-09
7.69649e-10
5.66651e-10
4.1853e-10
3.09041e-10
2.26351e-10
1.64977e-10
1.19745e-10
8.45242e-11
5.8515e-11
3.94313e-11
2.57378e-11
1.62793e-11
9.99576e-12
5.97684e-12
3.49268e-12
2.00134e-12
1.12758e-12
6.25995e-13
3.43023e-13
1.85776e-13
9.95526e-14
5.28373e-14
2.77995e-14
1.451e-14
7.51741e-15
3.86652e-15
1.97333e-15
9.97441e-16
4.96923e-16
2.41279e-16
1.1113e-16
4.49884e-17
1.03605e-17
2.25569e-17
8.74165e-17
1.86414e-16
3.42811e-16
5.89617e-16
9.77562e-16
1.58434e-15
2.52778e-15
3.98003e-15
6.12586e-15
9.26314e-15
1.38194e-14
2.03686e-14
2.96525e-14
4.2595e-14
6.02936e-14
8.39724e-14
1.14888e-13
1.54192e-13
2.02759e-13
2.61058e-13
3.29162e-13
4.0705e-13
4.95396e-13
5.9698e-13
7.1534e-13
8.65723e-13
1.07146e-12
1.35549e-12
1.76615e-12
2.36646e-12
3.2392e-12
4.55307e-12
6.54087e-12
9.64455e-12
1.46086e-11
2.27571e-11
3.64472e-11
6.00969e-11
1.01997e-10
1.76205e-10
3.09246e-10
5.4789e-10
9.76521e-10
1.72981e-09
3.03705e-09
5.29939e-09
8.96983e-09
1.4865e-08
2.42454e-08
3.81659e-08
5.86204e-08
8.76969e-08
1.27403e-07
1.78475e-07
2.37109e-07
2.86133e-07
2.75413e-07
1.52918e-07
8.37616e-08
4.54993e-08
2.40407e-08
1.26328e-08
6.58616e-09
3.46444e-09
1.86953e-09
1.10814e-09
7.71393e-10
5.69013e-10
4.20718e-10
3.10928e-10
2.27873e-10
1.66157e-10
1.20679e-10
8.53186e-11
5.91407e-11
3.98991e-11
2.6071e-11
1.65042e-11
1.01405e-11
6.06616e-12
3.54593e-12
2.03219e-12
1.14505e-12
6.35697e-13
3.48325e-13
1.88633e-13
1.01076e-13
5.36408e-14
2.82192e-14
1.47271e-14
7.62871e-15
3.92315e-15
2.00195e-15
1.01178e-15
5.04013e-16
2.44702e-16
1.12701e-16
4.56234e-17
1.05065e-17
2.25783e-17
8.74987e-17
1.86588e-16
3.4313e-16
5.90163e-16
9.78462e-16
1.58579e-15
2.53004e-15
3.98413e-15
6.13285e-15
9.27402e-15
1.38354e-14
2.03912e-14
2.96834e-14
4.26357e-14
6.03449e-14
8.40352e-14
1.14955e-13
1.54257e-13
2.02807e-13
2.61064e-13
3.29098e-13
4.06883e-13
4.95093e-13
5.96512e-13
7.14698e-13
8.64882e-13
1.0704e-12
1.35405e-12
1.76416e-12
2.36342e-12
3.23436e-12
4.54502e-12
6.52714e-12
9.61988e-12
1.45628e-11
2.26689e-11
3.62791e-11
5.97743e-11
1.01364e-10
1.74977e-10
3.06866e-10
5.43341e-10
9.67972e-10
1.71364e-09
3.00688e-09
5.24554e-09
8.87906e-09
1.47169e-08
2.40166e-08
3.78109e-08
5.80885e-08
8.69274e-08
1.26333e-07
1.77083e-07
2.35537e-07
2.8501e-07
2.76474e-07
1.53753e-07
8.42427e-08
4.57878e-08
2.4208e-08
1.27351e-08
6.64351e-09
3.49554e-09
1.88566e-09
1.1142e-09
7.73173e-10
5.71606e-10
4.23172e-10
3.13037e-10
2.29505e-10
1.67266e-10
1.21201e-10
8.68795e-11
6.01424e-11
4.0564e-11
2.65108e-11
1.67901e-11
1.03212e-11
6.17692e-12
3.61186e-12
2.07046e-12
1.16678e-12
6.47808e-13
3.54965e-13
1.92221e-13
1.02989e-13
5.46504e-14
2.87468e-14
1.50007e-14
7.76957e-15
3.9951e-15
2.03836e-15
1.03003e-15
5.13036e-16
2.49056e-16
1.14697e-16
4.64297e-17
1.06924e-17
2.26056e-17
8.76037e-17
1.8681e-16
3.43537e-16
5.90859e-16
9.79605e-16
1.58761e-15
2.53289e-15
3.98935e-15
6.14181e-15
9.28804e-15
1.38561e-14
2.04207e-14
2.97241e-14
4.269e-14
6.04143e-14
8.4119e-14
1.15054e-13
1.54356e-13
2.02884e-13
2.61098e-13
3.29056e-13
4.06726e-13
4.94782e-13
5.96014e-13
7.13997e-13
8.63955e-13
1.06923e-12
1.35253e-12
1.76211e-12
2.36031e-12
3.22943e-12
4.53666e-12
6.51248e-12
9.5935e-12
1.45133e-11
2.25735e-11
3.60962e-11
5.94188e-11
1.00674e-10
1.73671e-10
3.04427e-10
5.38813e-10
9.59938e-10
1.69975e-09
2.98398e-09
5.16328e-09
8.75795e-09
1.45268e-08
2.37244e-08
3.73566e-08
5.74067e-08
8.59354e-08
1.24946e-07
1.75273e-07
2.33437e-07
2.83325e-07
2.77212e-07
1.54544e-07
8.46618e-08
4.59354e-08
2.45514e-08
1.29155e-08
6.73531e-09
3.54182e-09
1.90866e-09
1.12287e-09
7.75422e-10
5.74587e-10
4.25967e-10
3.1551e-10
2.31556e-10
1.68927e-10
1.222e-10
8.78346e-11
6.0956e-11
4.11974e-11
2.69729e-11
1.71082e-11
1.05291e-11
6.30684e-12
3.69005e-12
2.11609e-12
1.19275e-12
6.62299e-13
3.62912e-13
1.96516e-13
1.05283e-13
5.58628e-14
2.9383e-14
1.53334e-14
7.9445e-15
4.08494e-15
2.08326e-15
1.05232e-15
5.23985e-16
2.54314e-16
1.17101e-16
4.73985e-17
1.09151e-17
2.26399e-17
8.77357e-17
1.8709e-16
3.4405e-16
5.91737e-16
9.81051e-16
1.58993e-15
2.53652e-15
3.99596e-15
6.15311e-15
9.3058e-15
1.38825e-14
2.04587e-14
2.97771e-14
4.27618e-14
6.05088e-14
8.42314e-14
1.15178e-13
1.54483e-13
2.02998e-13
2.61172e-13
3.29053e-13
4.066e-13
4.94489e-13
5.95517e-13
7.13292e-13
8.63027e-13
1.0681e-12
1.35103e-12
1.7601e-12
2.35717e-12
3.22433e-12
4.52775e-12
6.4965e-12
9.56431e-12
1.44575e-11
2.24629e-11
3.58794e-11
5.8993e-11
9.98106e-11
1.71987e-10
3.01172e-10
5.32603e-10
9.48235e-10
1.67747e-09
2.94212e-09
5.08598e-09
8.62546e-09
1.43069e-08
2.33793e-08
3.68166e-08
5.65827e-08
8.47225e-08
1.23225e-07
1.72961e-07
2.30673e-07
2.80904e-07
2.77499e-07
1.55401e-07
8.51797e-08
4.62565e-08
2.47695e-08
1.30534e-08
6.81196e-09
3.58408e-09
1.93119e-09
1.13123e-09
7.76564e-10
5.76902e-10
4.28442e-10
3.1783e-10
2.33625e-10
1.70675e-10
1.23225e-10
8.87153e-11
6.1704e-11
4.17994e-11
2.74295e-11
1.74337e-11
1.07482e-11
6.44694e-12
3.77591e-12
2.16692e-12
1.22201e-12
6.7876e-13
3.71998e-13
2.01453e-13
1.07931e-13
5.72722e-14
3.01261e-14
1.57196e-14
8.1378e-15
4.18223e-15
2.13261e-15
1.07711e-15
5.36264e-16
2.60249e-16
1.19827e-16
4.85003e-17
1.11687e-17
2.26824e-17
8.78993e-17
1.87438e-16
3.44688e-16
5.92832e-16
9.82865e-16
1.59286e-15
2.54115e-15
4.00421e-15
6.16714e-15
9.32791e-15
1.39158e-14
2.05075e-14
2.98442e-14
4.28489e-14
6.06127e-14
8.43584e-14
1.15331e-13
1.54655e-13
2.03177e-13
2.6131e-13
3.29107e-13
4.06526e-13
4.94238e-13
5.95054e-13
7.12618e-13
8.62142e-13
1.06706e-12
1.34967e-12
1.75831e-12
2.35432e-12
3.21956e-12
4.5191e-12
6.48042e-12
9.53306e-12
1.43964e-11
2.23401e-11
3.56353e-11
5.85032e-11
9.88297e-11
1.70033e-10
2.97292e-10
5.25004e-10
9.33686e-10
1.65027e-09
2.89253e-09
4.99809e-09
8.47487e-09
1.40555e-08
2.29732e-08
3.61784e-08
5.56071e-08
8.32677e-08
1.21131e-07
1.70108e-07
2.27146e-07
2.77593e-07
2.77101e-07
1.5639e-07
8.58103e-08
4.66636e-08
2.50316e-08
1.32197e-08
6.89653e-09
3.63188e-09
1.95731e-09
1.14132e-09
7.77431e-10
5.78784e-10
4.3059e-10
3.20025e-10
2.35661e-10
1.72433e-10
1.24246e-10
8.96076e-11
6.24585e-11
4.24148e-11
2.79041e-11
1.77774e-11
1.09828e-11
6.59879e-12
3.86993e-12
2.22305e-12
1.25455e-12
6.97155e-13
3.82187e-13
2.06993e-13
1.10887e-13
5.88141e-14
3.09143e-14
1.61166e-14
8.34084e-15
4.28668e-15
2.18647e-15
1.1045e-15
5.49952e-16
2.66907e-16
1.22897e-16
4.97448e-17
1.14554e-17
2.27339e-17
8.80978e-17
1.8786e-16
3.45464e-16
5.94169e-16
9.85083e-16
1.59645e-15
2.54685e-15
4.01404e-15
6.1839e-15
9.35369e-15
1.39526e-14
2.05561e-14
2.99099e-14
4.29388e-14
6.07386e-14
8.45253e-14
1.15537e-13
1.54899e-13
2.0342e-13
2.61527e-13
3.2925e-13
4.06543e-13
4.94079e-13
5.94683e-13
7.12049e-13
8.61396e-13
1.06623e-12
1.34864e-12
1.75701e-12
2.35214e-12
3.21569e-12
4.51155e-12
6.46583e-12
9.50392e-12
1.43354e-11
2.22108e-11
3.53716e-11
5.79654e-11
9.77152e-11
1.6784e-10
2.93028e-10
5.1679e-10
9.18098e-10
1.62094e-09
2.83858e-09
4.90134e-09
8.30603e-09
1.37698e-08
2.25081e-08
3.54297e-08
5.444e-08
8.15152e-08
1.18611e-07
1.66663e-07
2.22873e-07
2.7338e-07
2.76007e-07
1.57987e-07
8.68397e-08
4.73178e-08
2.54387e-08
1.34674e-08
7.02442e-09
3.70332e-09
1.99643e-09
1.15718e-09
7.79756e-10
5.81042e-10
4.32874e-10
3.22232e-10
2.3776e-10
1.74305e-10
1.25331e-10
9.05333e-11
6.32555e-11
4.30807e-11
2.84243e-11
1.81564e-11
1.12425e-11
6.76764e-12
3.97484e-12
2.28587e-12
1.29105e-12
7.17854e-13
3.93679e-13
2.13264e-13
1.14261e-13
6.0612e-14
3.18652e-14
1.66175e-14
8.60169e-15
4.41978e-15
2.25368e-15
1.13795e-15
5.66346e-16
2.74766e-16
1.26487e-16
5.11919e-17
1.1788e-17
2.27942e-17
8.83312e-17
1.8836e-16
3.4639e-16
5.95772e-16
9.8775e-16
1.60076e-15
2.55361e-15
4.02429e-15
6.19985e-15
9.37807e-15
1.39894e-14
2.06123e-14
2.99935e-14
4.3059e-14
6.09032e-14
8.47384e-14
1.15797e-13
1.55192e-13
2.03742e-13
2.61864e-13
3.29519e-13
4.06688e-13
4.94054e-13
5.9446e-13
7.11666e-13
8.60907e-13
1.06579e-12
1.34816e-12
1.75655e-12
2.35109e-12
3.21343e-12
4.50624e-12
6.4542e-12
9.47862e-12
1.42793e-11
2.20859e-11
3.51107e-11
5.7427e-11
9.65966e-11
1.65601e-10
2.88599e-10
5.0811e-10
9.01356e-10
1.58924e-09
2.78027e-09
4.79635e-09
8.12207e-09
1.34564e-08
2.19899e-08
3.45986e-08
5.31498e-08
7.95728e-08
1.15774e-07
1.62735e-07
2.17896e-07
2.68283e-07
2.74014e-07
1.61921e-07
8.9068e-08
4.85917e-08
2.61748e-08
1.38464e-08
7.25709e-09
3.82616e-09
2.06085e-09
1.18526e-09
7.86385e-10
5.84972e-10
4.35972e-10
3.2485e-10
2.40096e-10
1.76262e-10
1.26639e-10
9.16405e-11
6.41866e-11
4.38426e-11
2.90206e-11
1.85947e-11
1.15452e-11
6.965e-12
4.09755e-12
2.35928e-12
1.33363e-12
7.41936e-13
4.07011e-13
2.20516e-13
1.18146e-13
6.26649e-14
3.29353e-14
1.71657e-14
8.8774e-15
4.55833e-15
2.32322e-15
1.17308e-15
5.83986e-16
2.83387e-16
1.3047e-16
5.28065e-17
1.21596e-17
2.28548e-17
8.85634e-17
1.8885e-16
3.47284e-16
5.97307e-16
9.90304e-16
1.60494e-15
2.56044e-15
4.03548e-15
6.21941e-15
9.40983e-15
1.40386e-14
2.06863e-14
3.01009e-14
4.32095e-14
6.11068e-14
8.50042e-14
1.16131e-13
1.55591e-13
2.04209e-13
2.62317e-13
3.29972e-13
4.07044e-13
4.94242e-13
5.94492e-13
7.11613e-13
8.60875e-13
1.06603e-12
1.34864e-12
1.75738e-12
2.35152e-12
3.2133e-12
4.50389e-12
6.44672e-12
9.45877e-12
1.42288e-11
2.19673e-11
3.48543e-11
5.68791e-11
9.54106e-11
1.63192e-10
2.83759e-10
4.987e-10
8.83216e-10
1.55497e-09
2.71636e-09
4.68224e-09
7.92248e-09
1.31165e-08
2.14284e-08
3.36887e-08
5.17262e-08
7.74164e-08
1.12654e-07
1.58438e-07
2.12496e-07
2.62881e-07
2.72443e-07
1.67494e-07
9.23601e-08
5.05383e-08
2.73365e-08
1.44492e-08
7.59007e-09
4.00459e-09
2.15526e-09
1.22846e-09
7.99626e-10
5.91671e-10
4.40554e-10
3.28287e-10
2.42996e-10
1.78674e-10
1.28609e-10
9.32087e-11
6.54199e-11
4.47988e-11
2.97372e-11
1.91046e-11
1.18902e-11
7.18756e-12
4.23508e-12
2.44125e-12
1.38104e-12
7.68692e-13
4.21802e-13
2.28547e-13
1.22443e-13
6.49359e-14
3.41247e-14
1.77863e-14
9.20258e-15
4.73005e-15
2.41142e-15
1.21733e-15
6.05695e-16
2.93735e-16
1.35131e-16
5.46682e-17
1.25851e-17
2.29277e-17
8.88451e-17
1.89452e-16
3.48403e-16
5.99258e-16
9.93603e-16
1.61042e-15
2.5694e-15
4.04995e-15
6.24513e-15
9.4502e-15
1.40999e-14
2.07766e-14
3.02307e-14
4.33917e-14
6.13558e-14
8.53325e-14
1.16547e-13
1.56092e-13
2.04758e-13
2.62915e-13
3.30542e-13
4.07587e-13
4.9474e-13
5.94894e-13
7.12045e-13
8.61588e-13
1.0675e-12
1.3512e-12
1.76201e-12
2.35201e-12
3.21557e-12
4.5057e-12
6.44545e-12
9.44757e-12
1.41887e-11
2.18571e-11
3.4632e-11
5.63658e-11
9.42446e-11
1.60804e-10
2.7888e-10
4.88837e-10
8.64011e-10
1.5184e-09
2.64879e-09
4.55836e-09
7.70931e-09
1.27529e-08
2.08272e-08
3.27419e-08
5.02609e-08
7.52175e-08
1.09471e-07
1.54093e-07
2.07143e-07
2.57801e-07
2.71987e-07
1.77128e-07
9.79319e-08
5.3729e-08
2.91558e-08
1.5414e-08
8.11423e-09
4.28101e-09
2.30063e-09
1.297e-09
8.24507e-10
6.03965e-10
4.48529e-10
3.33651e-10
2.46948e-10
1.81306e-10
1.32235e-10
9.56991e-11
6.71717e-11
4.60535e-11
3.06275e-11
1.9712e-11
1.22883e-11
7.43814e-12
4.38711e-12
2.53064e-12
1.43224e-12
7.97379e-13
4.37586e-13
2.37095e-13
1.27008e-13
6.73436e-14
3.5381e-14
1.84353e-14
9.53385e-15
4.89524e-15
2.49389e-15
1.25837e-15
6.25929e-16
3.03527e-16
1.3968e-16
5.65128e-17
1.30096e-17
2.30068e-17
8.91523e-17
1.90116e-16
3.49648e-16
6.01462e-16
9.97386e-16
1.6168e-15
2.58006e-15
4.06763e-15
6.27439e-15
9.5005e-15
1.41802e-14
2.08999e-14
3.04142e-14
4.36569e-14
6.17268e-14
8.58318e-14
1.17191e-13
1.56882e-13
2.0567e-13
2.63931e-13
3.31582e-13
4.08554e-13
4.956e-13
5.95743e-13
7.13092e-13
8.6305e-13
1.06988e-12
1.35485e-12
1.7674e-12
2.35836e-12
3.22423e-12
4.51501e-12
6.45454e-12
9.45122e-12
1.41688e-11
2.17788e-11
3.44164e-11
5.58554e-11
9.30706e-11
1.5884e-10
2.74565e-10
4.80086e-10
8.4609e-10
1.48445e-09
2.58573e-09
4.44398e-09
7.52408e-09
1.24267e-08
2.0271e-08
3.18386e-08
4.88558e-08
7.31244e-08
1.06508e-07
1.50193e-07
2.02664e-07
2.54398e-07
2.74736e-07
1.9424e-07
1.07493e-07
5.90487e-08
3.20905e-08
1.69788e-08
8.9378e-09
4.70872e-09
2.51923e-09
1.40304e-09
8.67497e-10
6.24772e-10
4.61651e-10
3.42631e-10
2.53511e-10
1.86207e-10
1.35937e-10
9.86358e-11
6.93771e-11
4.76879e-11
3.18063e-11
2.05166e-11
1.28108e-11
7.76207e-12
4.58015e-12
2.64201e-12
1.49486e-12
8.3186e-13
4.56253e-13
2.47056e-13
1.32258e-13
7.00803e-14
3.67929e-14
1.9156e-14
9.89642e-15
5.07307e-15
2.58179e-15
1.30171e-15
6.47097e-16
3.13672e-16
1.44335e-16
5.84052e-17
1.34463e-17
2.30749e-17
8.94173e-17
1.90689e-16
3.50725e-16
6.03361e-16
1.00061e-15
1.62213e-15
2.58861e-15
4.08079e-15
6.29591e-15
9.53393e-15
1.42331e-14
2.09819e-14
3.05382e-14
4.384e-14
6.19902e-14
8.61987e-14
1.17686e-13
1.57526e-13
2.06476e-13
2.64861e-13
3.32605e-13
4.09601e-13
4.96695e-13
5.96963e-13
7.1466e-13
8.65363e-13
1.07336e-12
1.36016e-12
1.77552e-12
2.37026e-12
3.2421e-12
4.5324e-12
6.47801e-12
9.47788e-12
1.41846e-11
2.17585e-11
3.43028e-11
5.55161e-11
9.22304e-11
1.56959e-10
2.70499e-10
4.71624e-10
8.28777e-10
1.45008e-09
2.52946e-09
4.33607e-09
7.34621e-09
1.21117e-08
1.97381e-08
3.09942e-08
4.75708e-08
7.1256e-08
1.03965e-07
1.47069e-07
1.99607e-07
2.53543e-07
2.81961e-07
2.20434e-07
1.21597e-07
6.66153e-08
3.61512e-08
1.91033e-08
1.00498e-08
5.27123e-09
2.80035e-09
1.53221e-09
9.30537e-10
6.55081e-10
4.81144e-10
3.55425e-10
2.6281e-10
1.93074e-10
1.41129e-10
1.02311e-10
7.20796e-11
4.96666e-11
3.32239e-11
2.14793e-11
1.34336e-11
8.14677e-12
4.80822e-12
2.7727e-12
1.56773e-12
8.71618e-13
4.7757e-13
2.58324e-13
1.38142e-13
7.31213e-14
3.83497e-14
1.99454e-14
1.02924e-14
5.271e-15
2.67939e-15
1.34982e-15
6.70773e-16
3.25118e-16
1.49585e-16
6.05236e-17
1.39337e-17
2.31116e-17
8.95592e-17
1.90994e-16
3.51297e-16
6.04382e-16
1.0024e-15
1.62527e-15
2.59418e-15
4.09087e-15
6.31338e-15
9.56218e-15
1.42764e-14
2.10484e-14
3.06404e-14
4.3995e-14
6.22204e-14
8.65311e-14
1.18154e-13
1.58164e-13
2.07319e-13
2.6594e-13
3.33962e-13
4.11255e-13
4.98545e-13
5.99008e-13
7.17164e-13
8.68738e-13
1.07839e-12
1.3679e-12
1.78721e-12
2.38714e-12
3.2665e-12
4.56551e-12
6.52307e-12
9.53158e-12
1.42436e-11
2.18061e-11
3.42958e-11
5.53535e-11
9.16883e-11
1.55569e-10
2.67319e-10
4.64786e-10
8.14473e-10
1.4219e-09
2.47674e-09
4.23694e-09
7.17955e-09
1.18162e-08
1.92361e-08
3.02018e-08
4.63837e-08
6.95775e-08
1.01739e-07
1.44447e-07
1.97299e-07
2.53693e-07
2.90224e-07
2.48009e-07
1.36633e-07
7.47164e-08
4.04942e-08
2.13846e-08
1.12424e-08
5.88603e-09
3.11424e-09
1.68926e-09
9.99522e-10
6.88157e-10
5.03753e-10
3.70742e-10
2.73929e-10
2.0113e-10
1.47044e-10
1.06852e-10
7.53702e-11
5.203e-11
3.48849e-11
2.2601e-11
1.41578e-11
8.59348e-12
5.07247e-12
2.92353e-12
1.65135e-12
9.16907e-13
5.01635e-13
2.70914e-13
1.44647e-13
7.64484e-14
4.00385e-14
2.07986e-14
1.07235e-14
5.48959e-15
2.78945e-15
1.40454e-15
6.97525e-16
3.37869e-16
1.55367e-16
6.28411e-17
1.44659e-17
2.31121e-17
8.95606e-17
1.90996e-16
3.51308e-16
6.04431e-16
1.00258e-15
1.62583e-15
2.59572e-15
4.09472e-15
6.3222e-15
9.58024e-15
1.43106e-14
2.11078e-14
3.07401e-14
4.41571e-14
6.24746e-14
8.69137e-14
1.18704e-13
1.58918e-13
2.08298e-13
2.67143e-13
3.35363e-13
4.12814e-13
5.004e-13
6.01399e-13
7.20538e-13
8.7389e-13
1.08577e-12
1.37869e-12
1.80323e-12
2.41052e-12
3.3007e-12
4.61434e-12
6.59265e-12
9.6225e-12
1.43547e-11
2.19332e-11
3.4415e-11
5.54032e-11
9.15145e-11
1.54815e-10
2.65281e-10
4.6001e-10
8.03835e-10
1.40034e-09
2.43539e-09
4.15922e-09
7.0388e-09
1.15712e-08
1.88179e-08
2.95252e-08
4.53394e-08
6.80452e-08
9.96474e-08
1.41835e-07
1.9465e-07
2.52582e-07
2.94981e-07
2.67749e-07
1.48205e-07
8.12415e-08
4.422e-08
2.3458e-08
1.23807e-08
6.47572e-09
3.41738e-09
1.84225e-09
1.07075e-09
7.18647e-10
5.25245e-10
3.86252e-10
2.86e-10
2.10499e-10
1.53845e-10
1.10761e-10
7.94866e-11
5.48993e-11
3.68482e-11
2.3897e-11
1.49769e-11
9.08829e-12
5.35912e-12
3.08382e-12
1.73847e-12
9.63226e-13
5.25846e-13
2.83405e-13
1.51027e-13
7.96828e-14
4.16696e-14
2.16185e-14
1.11351e-14
5.69616e-15
2.89292e-15
1.45609e-15
7.2291e-16
3.50079e-16
1.6095e-16
6.50899e-17
1.49834e-17
2.30759e-17
8.94196e-17
1.90692e-16
3.50742e-16
6.03463e-16
1.00105e-15
1.62361e-15
2.59288e-15
4.09185e-15
6.32003e-15
9.58252e-15
1.43255e-14
2.11518e-14
3.0836e-14
4.43367e-14
6.27766e-14
8.73875e-14
1.19407e-13
1.59902e-13
2.09598e-13
2.6876e-13
3.37255e-13
4.15091e-13
5.03036e-13
6.045e-13
7.24615e-13
8.79676e-13
1.09418e-12
1.39171e-12
1.82289e-12
2.43972e-12
3.3435e-12
4.67609e-12
6.68028e-12
9.73856e-12
1.45087e-11
2.21306e-11
3.46482e-11
5.56469e-11
9.16758e-11
1.54649e-10
2.64269e-10
4.57042e-10
7.96344e-10
1.384e-09
2.40246e-09
4.0941e-09
6.91571e-09
1.13535e-08
1.84432e-08
2.89185e-08
4.43909e-08
6.66137e-08
9.75904e-08
1.39126e-07
1.91459e-07
2.49832e-07
2.9565e-07
2.78671e-07
1.55357e-07
8.5423e-08
4.65552e-08
2.50215e-08
1.32531e-08
6.93247e-09
3.65988e-09
1.969e-09
1.12917e-09
7.42122e-10
5.4291e-10
4.00351e-10
2.96495e-10
2.18852e-10
1.60598e-10
1.15502e-10
8.30359e-11
5.76127e-11
3.88263e-11
2.52623e-11
1.58661e-11
9.63635e-12
5.68033e-12
3.26416e-12
1.83627e-12
1.01482e-12
5.52479e-13
2.96924e-13
1.578e-13
8.30439e-14
4.3327e-14
2.24332e-14
1.15359e-14
5.89464e-15
2.9927e-15
1.50549e-15
7.4698e-16
3.6151e-16
1.66108e-16
6.71432e-17
1.54516e-17
2.29983e-17
8.91088e-17
1.89986e-16
3.49347e-16
6.00896e-16
9.9656e-16
1.61613e-15
2.58108e-15
4.07442e-15
6.29462e-15
9.54888e-15
1.42859e-14
2.11119e-14
3.081e-14
4.43514e-14
6.28778e-14
8.763e-14
1.19866e-13
1.60675e-13
2.1079e-13
2.70473e-13
3.39593e-13
4.18066e-13
5.06445e-13
6.08609e-13
7.29898e-13
8.86796e-13
1.10463e-12
1.40693e-12
1.84444e-12
2.47219e-12
3.39167e-12
4.74688e-12
6.77659e-12
9.86977e-12
1.46866e-11
2.23685e-11
3.49508e-11
5.60192e-11
9.20792e-11
1.54937e-10
2.64119e-10
4.55659e-10
7.91768e-10
1.37323e-09
2.3796e-09
4.04649e-09
6.82235e-09
1.11788e-08
1.81347e-08
2.84218e-08
4.35763e-08
6.53606e-08
9.57485e-08
1.36562e-07
1.88201e-07
2.46383e-07
2.93834e-07
2.8331e-07
1.59443e-07
8.79455e-08
4.80999e-08
2.59728e-08
1.38216e-08
7.24103e-09
3.82881e-09
2.05982e-09
1.17198e-09
7.58804e-10
5.55451e-10
4.10692e-10
3.05064e-10
2.25633e-10
1.65562e-10
1.20356e-10
8.64636e-11
6.01579e-11
4.06459e-11
2.64937e-11
1.66473e-11
1.0103e-11
5.94452e-12
3.40727e-12
1.91115e-12
1.05299e-12
5.71631e-13
3.06518e-13
1.62716e-13
8.54719e-14
4.45026e-14
2.29972e-14
1.18052e-14
6.0215e-15
3.04989e-15
1.53238e-15
7.59911e-16
3.67707e-16
1.68975e-16
6.83174e-17
1.57253e-17
2.29729e-17
8.90065e-17
1.89742e-16
3.48811e-16
5.99778e-16
9.94377e-16
1.61215e-15
2.57436e-15
4.06399e-15
6.27804e-15
9.52631e-15
1.42603e-14
2.10913e-14
3.08123e-14
4.44113e-14
6.30574e-14
8.80316e-14
1.20604e-13
1.61854e-13
2.12484e-13
2.727e-13
3.42288e-13
4.21079e-13
5.10338e-13
6.13438e-13
7.36218e-13
8.95529e-13
1.11656e-12
1.42392e-12
1.86756e-12
2.50341e-12
3.43365e-12
4.80549e-12
6.85433e-12
9.97463e-12
1.48285e-11
2.25595e-11
3.51968e-11
5.63353e-11
9.24559e-11
1.55301e-10
2.64313e-10
4.55258e-10
7.89475e-10
1.3671e-09
2.36557e-09
4.01706e-09
6.76332e-09
1.10701e-08
1.79398e-08
2.81122e-08
4.30721e-08
6.45701e-08
9.45654e-08
1.34864e-07
1.85933e-07
2.4375e-07
2.91865e-07
2.84654e-07
1.61507e-07
8.9234e-08
4.89036e-08
2.64715e-08
1.4126e-08
7.41157e-09
3.92398e-09
2.1135e-09
1.19748e-09
7.68287e-10
5.62342e-10
4.17292e-10
3.10427e-10
2.30323e-10
1.69564e-10
1.23916e-10
8.96569e-11
6.26798e-11
4.25505e-11
2.78496e-11
1.75412e-11
1.06496e-11
6.25533e-12
3.57276e-12
1.99433e-12
1.09274e-12
5.89716e-13
3.14226e-13
1.65578e-13
8.65697e-14
4.49427e-14
2.31845e-14
1.18909e-14
6.0641e-15
3.07331e-15
1.54492e-15
7.66535e-16
3.71137e-16
1.70618e-16
6.89936e-17
1.58836e-17
)
;

boundaryField
{
    fuel
    {
        type            fixedValue;
        value           uniform 0;
    }
    air
    {
        type            fixedValue;
        value           uniform 0;
    }
    outlet
    {
        type            inletOutlet;
        inletValue      uniform 0;
        value           nonuniform List<scalar> 
200
(
2.29723e-17
8.90042e-17
1.89738e-16
3.48802e-16
5.99763e-16
9.94353e-16
1.61212e-15
2.5743e-15
4.06389e-15
6.27791e-15
9.52613e-15
1.42601e-14
2.1091e-14
3.08119e-14
4.44106e-14
6.30566e-14
8.80306e-14
1.20603e-13
1.61852e-13
2.12482e-13
2.72698e-13
3.42286e-13
4.21077e-13
5.10336e-13
6.13436e-13
7.36217e-13
8.9553e-13
1.11657e-12
1.42393e-12
1.86757e-12
2.50343e-12
3.43367e-12
4.80551e-12
6.85435e-12
9.97464e-12
1.48285e-11
2.25595e-11
3.51967e-11
5.63349e-11
9.24546e-11
1.55298e-10
2.64304e-10
4.55232e-10
7.89398e-10
1.367e-09
2.36554e-09
4.01707e-09
6.76336e-09
1.10702e-08
1.79399e-08
2.81122e-08
4.30722e-08
6.45702e-08
9.45656e-08
1.34865e-07
1.85933e-07
2.4375e-07
2.91862e-07
2.84642e-07
1.61496e-07
8.92278e-08
4.89001e-08
2.64696e-08
1.4125e-08
7.41104e-09
3.92375e-09
2.11338e-09
1.19741e-09
7.6824e-10
5.623e-10
4.17256e-10
3.10392e-10
2.30278e-10
1.69538e-10
1.23901e-10
8.96477e-11
6.26742e-11
4.2547e-11
2.78474e-11
1.75399e-11
1.06488e-11
6.25487e-12
3.57249e-12
1.99418e-12
1.09267e-12
5.89674e-13
3.14205e-13
1.65568e-13
8.65646e-14
4.49402e-14
2.31833e-14
1.18904e-14
6.0639e-15
3.07323e-15
1.5449e-15
7.66527e-16
3.71133e-16
1.70617e-16
6.89933e-17
1.58835e-17
2.29729e-17
8.90065e-17
1.89742e-16
3.48811e-16
5.99778e-16
9.94377e-16
1.61215e-15
2.57436e-15
4.06399e-15
6.27804e-15
9.52631e-15
1.42603e-14
2.10913e-14
3.08123e-14
4.44113e-14
6.30574e-14
8.80316e-14
1.20604e-13
1.61854e-13
2.12484e-13
2.727e-13
3.42288e-13
4.21079e-13
5.10338e-13
6.13438e-13
7.36218e-13
8.95529e-13
1.11656e-12
1.42392e-12
1.86756e-12
2.50341e-12
3.43365e-12
4.80549e-12
6.85433e-12
9.97463e-12
1.48285e-11
2.25595e-11
3.51968e-11
5.63353e-11
9.24559e-11
1.55301e-10
2.64313e-10
4.55258e-10
7.89475e-10
1.3671e-09
2.36557e-09
4.01706e-09
6.76332e-09
1.10701e-08
1.79398e-08
2.81122e-08
4.30721e-08
6.45701e-08
9.45654e-08
1.34864e-07
1.85933e-07
2.4375e-07
2.91865e-07
2.84654e-07
1.61507e-07
8.9234e-08
4.89036e-08
2.64715e-08
1.4126e-08
7.41157e-09
3.92398e-09
2.1135e-09
1.19748e-09
7.68287e-10
5.62342e-10
4.17292e-10
3.10427e-10
2.30323e-10
1.69564e-10
1.23916e-10
8.96569e-11
6.26798e-11
4.25505e-11
2.78496e-11
1.75412e-11
1.06496e-11
6.25533e-12
3.57276e-12
1.99433e-12
1.09274e-12
5.89716e-13
3.14226e-13
1.65578e-13
8.65697e-14
4.49427e-14
2.31845e-14
1.18909e-14
6.0641e-15
3.07331e-15
1.54492e-15
7.66535e-16
3.71137e-16
1.70618e-16
6.89936e-17
1.58836e-17
)
;
    }
    frontAndBack
    {
        type            empty;
    }
    internal
    {
        type            internal;
    }
}


// ************************************************************************* //
