/*--------------------------------*- C++ -*----------------------------------*\
  =========                 |
  \\      /  F ield         | OpenFOAM: The Open Source CFD Toolbox
   \\    /   O peration     | Website:  https://openfoam.org
    \\  /    A nd           | Version:  10
     \\/     M anipulation  |
\*---------------------------------------------------------------------------*/
FoamFile
{
    format      ascii;
    class       volScalarField;
    location    "1";
    object      NH3;
}
// * * * * * * * * * * * * * * * * * * * * * * * * * * * * * * * * * * * * * //

dimensions      [0 0 0 0 0 0 0];

internalField   nonuniform List<scalar> 
4000
(
1.56135e-10
6.04953e-10
1.28974e-09
2.37133e-09
4.0784e-09
6.76368e-09
1.09701e-08
1.75263e-08
2.76845e-08
4.27973e-08
6.49944e-08
9.7387e-08
1.442e-07
2.10941e-07
3.04519e-07
4.33215e-07
6.0624e-07
8.33032e-07
1.12227e-06
1.48077e-06
1.91248e-06
2.41782e-06
2.99361e-06
3.63733e-06
4.33754e-06
5.06937e-06
5.83977e-06
6.65196e-06
7.47203e-06
8.30964e-06
9.14212e-06
9.97223e-06
1.07901e-05
1.15867e-05
1.23578e-05
1.31005e-05
1.38128e-05
1.44938e-05
1.51421e-05
1.57579e-05
1.63458e-05
1.68979e-05
1.74195e-05
1.7913e-05
1.83754e-05
1.88144e-05
1.92178e-05
1.9597e-05
1.99321e-05
2.02281e-05
2.04518e-05
2.05812e-05
2.05718e-05
2.03541e-05
1.98237e-05
1.88254e-05
1.7131e-05
1.4413e-05
1.03074e-05
5.6775e-06
3.12591e-06
1.707e-06
9.19773e-07
4.86662e-07
2.49776e-07
1.25249e-07
6.10359e-08
2.92731e-08
1.42426e-08
8.02978e-09
5.25987e-09
3.80226e-09
2.88655e-09
2.23048e-09
1.71967e-09
1.30561e-09
9.51122e-10
6.66772e-10
4.47431e-10
2.86976e-10
1.76363e-10
1.04409e-10
5.99344e-11
3.35656e-11
1.84325e-11
9.96343e-12
5.3156e-12
2.80407e-12
1.46729e-12
7.62257e-13
3.93442e-13
2.01883e-13
1.02997e-13
5.22171e-14
2.62564e-14
1.30303e-14
6.30992e-15
2.90111e-15
1.17322e-15
2.70106e-16
1.56149e-10
6.05023e-10
1.29002e-09
2.37234e-09
4.08126e-09
6.77028e-09
1.09831e-08
1.75484e-08
2.77162e-08
4.28461e-08
6.50454e-08
9.73981e-08
1.44083e-07
2.10515e-07
3.03456e-07
4.30948e-07
6.01787e-07
8.25358e-07
1.11039e-06
1.46387e-06
1.89014e-06
2.39037e-06
2.96253e-06
3.59747e-06
4.291e-06
5.01687e-06
5.78206e-06
6.59272e-06
7.41104e-06
8.25004e-06
9.08613e-06
9.92066e-06
1.07411e-05
1.15416e-05
1.23159e-05
1.30614e-05
1.3776e-05
1.44596e-05
1.51095e-05
1.57265e-05
1.63154e-05
1.68676e-05
1.73884e-05
1.78806e-05
1.83406e-05
1.87773e-05
1.91787e-05
1.95535e-05
1.98846e-05
2.01746e-05
2.03901e-05
2.05115e-05
2.04911e-05
2.02593e-05
1.97089e-05
1.86828e-05
1.69497e-05
1.41792e-05
1.0007e-05
5.50985e-06
3.03015e-06
1.65225e-06
8.88507e-07
4.68884e-07
2.40075e-07
1.20001e-07
5.82424e-08
2.79213e-08
1.36708e-08
7.80606e-09
5.15952e-09
3.74694e-09
2.84645e-09
2.19592e-09
1.68548e-09
1.27126e-09
9.20931e-10
6.41909e-10
4.28564e-10
2.73907e-10
1.68108e-10
9.96246e-11
5.73623e-11
3.22688e-11
1.7814e-11
9.68363e-12
5.19747e-12
2.76074e-12
1.45095e-12
7.55826e-13
3.90747e-13
2.00657e-13
1.02384e-13
5.18744e-14
2.60699e-14
1.29304e-14
6.25762e-15
2.87584e-15
1.16276e-15
2.67647e-16
1.56429e-10
6.06167e-10
1.29272e-09
2.37787e-09
4.09173e-09
6.78885e-09
1.10139e-08
1.75955e-08
2.77806e-08
4.29321e-08
6.51369e-08
9.7454e-08
1.44033e-07
2.1019e-07
3.02554e-07
4.28934e-07
5.98199e-07
8.19473e-07
1.10122e-06
1.45023e-06
1.8707e-06
2.36366e-06
2.92826e-06
3.5584e-06
4.2469e-06
4.96864e-06
5.73187e-06
6.5386e-06
7.35474e-06
8.19401e-06
9.02738e-06
9.85973e-06
1.0679e-05
1.14819e-05
1.22589e-05
1.3007e-05
1.37242e-05
1.44104e-05
1.50622e-05
1.56808e-05
1.62707e-05
1.68233e-05
1.73436e-05
1.7834e-05
1.8293e-05
1.87264e-05
1.9123e-05
1.9492e-05
1.98139e-05
2.00938e-05
2.02975e-05
2.0402e-05
2.03618e-05
2.01039e-05
1.95177e-05
1.84434e-05
1.66409e-05
1.37652e-05
9.46531e-06
5.21185e-06
2.86184e-06
1.55728e-06
8.34588e-07
4.38628e-07
2.23996e-07
1.11438e-07
5.38744e-08
2.58132e-08
1.28069e-08
7.45811e-09
5.00573e-09
3.65786e-09
2.78705e-09
2.1533e-09
1.63696e-09
1.23312e-09
8.89325e-10
6.17295e-10
4.10827e-10
2.62129e-10
1.60864e-10
9.54521e-11
5.50812e-11
3.10704e-11
1.72025e-11
9.37736e-12
5.0446e-12
2.68295e-12
1.41276e-12
7.37434e-13
3.81961e-13
1.96474e-13
1.00415e-13
5.09854e-14
2.56508e-14
1.2728e-14
6.1602e-15
2.83061e-15
1.14418e-15
2.63311e-16
1.5639e-10
6.06015e-10
1.29239e-09
2.37725e-09
4.09045e-09
6.78591e-09
1.10067e-08
1.75782e-08
2.77407e-08
4.28539e-08
6.49712e-08
9.7103e-08
1.43305e-07
2.08874e-07
3.00365e-07
4.25558e-07
5.93113e-07
8.12052e-07
1.0908e-06
1.43624e-06
1.85278e-06
2.34184e-06
2.90106e-06
3.52662e-06
4.21158e-06
4.92906e-06
5.68834e-06
6.4921e-06
7.3034e-06
8.13866e-06
8.969e-06
9.79931e-06
1.06177e-05
1.14209e-05
1.22008e-05
1.29508e-05
1.36701e-05
1.43586e-05
1.50121e-05
1.56318e-05
1.62224e-05
1.67746e-05
1.72945e-05
1.77852e-05
1.82415e-05
1.86705e-05
1.90617e-05
1.94231e-05
1.97371e-05
2.00062e-05
2.01967e-05
2.02834e-05
2.02178e-05
1.99242e-05
1.92916e-05
1.81483e-05
1.62442e-05
1.32207e-05
8.74184e-06
4.8184e-06
2.64453e-06
1.44054e-06
7.63358e-07
4.00025e-07
2.0389e-07
1.0095e-07
4.86041e-08
2.3333e-08
1.18487e-08
7.06159e-09
4.81159e-09
3.54706e-09
2.71104e-09
2.09111e-09
1.58998e-09
1.19327e-09
8.55171e-10
5.90159e-10
3.90881e-10
2.48555e-10
1.52263e-10
9.0327e-11
5.21757e-11
2.94861e-11
1.6364e-11
8.94372e-12
4.82425e-12
2.57248e-12
1.35793e-12
7.10398e-13
3.68676e-13
1.89943e-13
9.71839e-14
4.93644e-14
2.48491e-14
1.23377e-14
5.97488e-15
2.74698e-15
1.1109e-15
2.55719e-16
1.56095e-10
6.04871e-10
1.28994e-09
2.37264e-09
4.08218e-09
6.77116e-09
1.09802e-08
1.75295e-08
2.76507e-08
4.26852e-08
6.46787e-08
9.66183e-08
1.42546e-07
2.0768e-07
2.98506e-07
4.22715e-07
5.8888e-07
8.05946e-07
1.08232e-06
1.42492e-06
1.83831e-06
2.32417e-06
2.88044e-06
3.50161e-06
4.18085e-06
4.89188e-06
5.64343e-06
6.4441e-06
7.25348e-06
8.08652e-06
8.91508e-06
9.74368e-06
1.05612e-05
1.13638e-05
1.21447e-05
1.28979e-05
1.36197e-05
1.43103e-05
1.49655e-05
1.55866e-05
1.61781e-05
1.67308e-05
1.72502e-05
1.77398e-05
1.81937e-05
1.86192e-05
1.90063e-05
1.93622e-05
1.96691e-05
1.99281e-05
2.01043e-05
2.01721e-05
2.00802e-05
1.97504e-05
1.90635e-05
1.78414e-05
1.58201e-05
1.26216e-05
7.93409e-06
4.37683e-06
2.40162e-06
1.30465e-06
6.88898e-07
3.59437e-07
1.82741e-07
9.01384e-08
4.3268e-08
2.07802e-08
1.08705e-08
6.65382e-09
4.61467e-09
3.43102e-09
2.62754e-09
2.02854e-09
1.55188e-09
1.14515e-09
8.18247e-10
5.62843e-10
3.71757e-10
2.35975e-10
1.4447e-10
8.57434e-11
4.95892e-11
2.80722e-11
1.56095e-11
8.54829e-12
4.61984e-12
2.4679e-12
1.30484e-12
6.83596e-13
3.55192e-13
1.83172e-13
9.37882e-14
4.76651e-14
2.40031e-14
1.19213e-14
5.77463e-15
2.65543e-15
1.07402e-15
2.47234e-16
1.55562e-10
6.02812e-10
1.28554e-09
2.36449e-09
4.06786e-09
6.74659e-09
1.09381e-08
1.74567e-08
2.75277e-08
4.24857e-08
6.43675e-08
9.61522e-08
1.41842e-07
2.0661e-07
2.96887e-07
4.20299e-07
5.85341e-07
8.00847e-07
1.0751e-06
1.41487e-06
1.82456e-06
2.30544e-06
2.85555e-06
3.47188e-06
4.14794e-06
4.85657e-06
5.6067e-06
6.40479e-06
7.21103e-06
8.0415e-06
8.86844e-06
9.69559e-06
1.05133e-05
1.1316e-05
1.20989e-05
1.28533e-05
1.35765e-05
1.42686e-05
1.4925e-05
1.55469e-05
1.61394e-05
1.66926e-05
1.7212e-05
1.77011e-05
1.81534e-05
1.85757e-05
1.89592e-05
1.93094e-05
1.961e-05
1.98607e-05
2.00264e-05
2.00804e-05
1.99688e-05
1.96085e-05
1.88745e-05
1.75799e-05
1.54458e-05
1.20735e-05
7.19746e-06
3.97705e-06
2.18418e-06
1.187e-06
6.26331e-07
3.26094e-07
1.65083e-07
8.10459e-08
3.87464e-08
1.87321e-08
1.00397e-08
6.29452e-09
4.43503e-09
3.32287e-09
2.55592e-09
1.97381e-09
1.50544e-09
1.10705e-09
7.87832e-10
5.39718e-10
3.55206e-10
2.24859e-10
1.37435e-10
8.15126e-11
4.7148e-11
2.67087e-11
1.48673e-11
8.15238e-12
4.41208e-12
2.36032e-12
1.24972e-12
6.55587e-13
3.41038e-13
1.76024e-13
9.01854e-14
4.58608e-14
2.3107e-14
1.14829e-14
5.56549e-15
2.56044e-15
1.03588e-15
2.38464e-16
1.54791e-10
5.99812e-10
1.27908e-09
2.35243e-09
4.04686e-09
6.71153e-09
1.08817e-08
1.73699e-08
2.73898e-08
4.22611e-08
6.40208e-08
9.56054e-08
1.40994e-07
2.05324e-07
2.94973e-07
4.17508e-07
5.81366e-07
7.95311e-07
1.06757e-06
1.40484e-06
1.81202e-06
2.29009e-06
2.83766e-06
3.45075e-06
4.12336e-06
4.82873e-06
5.57502e-06
6.3703e-06
7.17459e-06
8.00324e-06
8.82826e-06
9.65334e-06
1.04745e-05
1.12768e-05
1.20599e-05
1.28157e-05
1.35405e-05
1.42343e-05
1.48918e-05
1.55146e-05
1.61074e-05
1.66612e-05
1.71812e-05
1.76711e-05
1.81233e-05
1.85419e-05
1.8925e-05
1.92717e-05
1.95701e-05
1.98175e-05
1.99782e-05
2.0024e-05
1.98992e-05
1.9518e-05
1.87504e-05
1.74012e-05
1.51784e-05
1.1668e-05
6.69214e-06
3.69559e-06
2.02725e-06
1.09957e-06
5.78899e-07
3.00251e-07
1.51464e-07
7.41332e-08
3.55839e-08
1.70336e-08
9.36773e-09
6.01165e-09
4.29586e-09
3.24025e-09
2.49838e-09
1.92721e-09
1.46832e-09
1.0758e-09
7.62384e-10
5.20116e-10
3.41066e-10
2.15312e-10
1.31367e-10
7.78474e-11
4.50216e-11
2.55132e-11
1.42111e-11
7.79906e-12
4.22474e-12
2.26225e-12
1.19895e-12
6.2958e-13
3.27879e-13
1.6949e-13
8.69805e-14
4.42835e-14
2.23231e-14
1.10948e-14
5.37697e-15
2.47339e-15
1.00056e-15
2.30321e-16
1.53958e-10
5.96575e-10
1.27209e-09
2.33932e-09
4.02366e-09
6.67167e-09
1.08142e-08
1.72561e-08
2.72042e-08
4.19618e-08
6.35112e-08
9.47917e-08
1.39738e-07
2.03434e-07
2.92202e-07
4.13546e-07
5.75867e-07
7.8791e-07
1.05795e-06
1.39282e-06
1.79713e-06
2.27257e-06
2.81822e-06
3.42977e-06
4.0994e-06
4.80078e-06
5.54507e-06
6.33808e-06
7.13985e-06
7.96667e-06
8.79397e-06
9.61906e-06
1.04411e-05
1.12437e-05
1.20272e-05
1.27841e-05
1.35099e-05
1.42035e-05
1.48627e-05
1.54885e-05
1.6079e-05
1.66345e-05
1.71557e-05
1.76459e-05
1.80991e-05
1.85181e-05
1.89019e-05
1.9247e-05
1.95459e-05
1.97929e-05
1.9952e-05
1.99944e-05
1.98631e-05
1.94696e-05
1.86797e-05
1.7291e-05
1.5e-05
1.13836e-05
6.39584e-06
3.52296e-06
1.92662e-06
1.04133e-06
5.46592e-07
2.82353e-07
1.41699e-07
6.90389e-08
3.30587e-08
1.59234e-08
8.93977e-09
5.84015e-09
4.21219e-09
3.19177e-09
2.46313e-09
1.8964e-09
1.43921e-09
1.05016e-09
7.41016e-10
5.03464e-10
3.28987e-10
2.0714e-10
1.26166e-10
7.46959e-11
4.31843e-11
2.44732e-11
1.36359e-11
7.48669e-12
4.05765e-12
2.17398e-12
1.1528e-12
6.05657e-13
3.15544e-13
1.63141e-13
8.37342e-14
4.26532e-14
2.15277e-14
1.07092e-14
5.19257e-15
2.38905e-15
9.66565e-16
2.22509e-16
1.53214e-10
5.93695e-10
1.26593e-09
2.32789e-09
4.00373e-09
6.63797e-09
1.07582e-08
1.71641e-08
2.70553e-08
4.17021e-08
6.31064e-08
9.41745e-08
1.38819e-07
2.02092e-07
2.90273e-07
4.1083e-07
5.72135e-07
7.82917e-07
1.05147e-06
1.38496e-06
1.78724e-06
2.26114e-06
2.80409e-06
3.41204e-06
4.08002e-06
4.78022e-06
5.52239e-06
6.3128e-06
7.11292e-06
7.93697e-06
8.77005e-06
9.59312e-06
1.04146e-05
1.12168e-05
1.20004e-05
1.27582e-05
1.34848e-05
1.4179e-05
1.48391e-05
1.54662e-05
1.60568e-05
1.66127e-05
1.7134e-05
1.76249e-05
1.80787e-05
1.84986e-05
1.88828e-05
1.92284e-05
1.95283e-05
1.97762e-05
1.9936e-05
1.99775e-05
1.98424e-05
1.94397e-05
1.86313e-05
1.7208e-05
1.48561e-05
1.11477e-05
6.201e-06
3.40795e-06
1.8587e-06
1.00111e-06
5.24892e-07
2.69965e-07
1.34853e-07
6.53869e-08
3.12679e-08
1.51858e-08
8.67191e-09
5.7425e-09
4.17216e-09
3.17186e-09
2.45175e-09
1.86507e-09
1.4141e-09
1.02934e-09
7.24172e-10
4.9052e-10
3.19639e-10
2.00789e-10
1.2208e-10
7.21842e-11
4.16958e-11
2.36165e-11
1.31543e-11
7.22115e-12
3.91361e-12
2.09696e-12
1.11211e-12
5.84374e-13
3.04495e-13
1.57432e-13
8.08057e-14
4.11653e-14
2.07746e-14
1.03366e-14
5.014e-15
2.30785e-15
9.33944e-16
2.15033e-16
1.52602e-10
5.91349e-10
1.26098e-09
2.31886e-09
3.98824e-09
6.61215e-09
1.07156e-08
1.7094e-08
2.6938e-08
4.15045e-08
6.27878e-08
9.36764e-08
1.38059e-07
2.00962e-07
2.88641e-07
4.08533e-07
5.68973e-07
7.78652e-07
1.04586e-06
1.37753e-06
1.77857e-06
2.24988e-06
2.79097e-06
3.39824e-06
4.06446e-06
4.76299e-06
5.5037e-06
6.29242e-06
7.09164e-06
7.91482e-06
8.74827e-06
9.57094e-06
1.03922e-05
1.11943e-05
1.19777e-05
1.27356e-05
1.34637e-05
1.41585e-05
1.48191e-05
1.5447e-05
1.60378e-05
1.65939e-05
1.71157e-05
1.7607e-05
1.80612e-05
1.84814e-05
1.88663e-05
1.92125e-05
1.95131e-05
1.97614e-05
1.99209e-05
1.99607e-05
1.9821e-05
1.94088e-05
1.85816e-05
1.71241e-05
1.4713e-05
1.09184e-05
6.03991e-06
3.3138e-06
1.80286e-06
9.67375e-07
5.07555e-07
2.60041e-07
1.29363e-07
6.24829e-08
2.98495e-08
1.46488e-08
8.48954e-09
5.68206e-09
4.14929e-09
3.15932e-09
2.4402e-09
1.85141e-09
1.39953e-09
1.01504e-09
7.11403e-10
4.80076e-10
3.11765e-10
1.95268e-10
1.18441e-10
6.99069e-11
4.0328e-11
2.28215e-11
1.27043e-11
6.97185e-12
3.77805e-12
2.02436e-12
1.07374e-12
5.64305e-13
2.94072e-13
1.52044e-13
7.80485e-14
3.97664e-14
2.00764e-14
9.99341e-15
4.84913e-15
2.23247e-15
9.03566e-16
2.08062e-16
1.51993e-10
5.88987e-10
1.25592e-09
2.30951e-09
3.97208e-09
6.58535e-09
1.06726e-08
1.70271e-08
2.68385e-08
4.13469e-08
6.25439e-08
9.33013e-08
1.37472e-07
2.00062e-07
2.87299e-07
4.06607e-07
5.6632e-07
7.75123e-07
1.0414e-06
1.37171e-06
1.77086e-06
2.24079e-06
2.78052e-06
3.38595e-06
4.05118e-06
4.74858e-06
5.48825e-06
6.27567e-06
7.07417e-06
7.89651e-06
8.72975e-06
9.55214e-06
1.03736e-05
1.11756e-05
1.19592e-05
1.27177e-05
1.34463e-05
1.4141e-05
1.48018e-05
1.54302e-05
1.60211e-05
1.65772e-05
1.70989e-05
1.759e-05
1.8044e-05
1.8464e-05
1.88487e-05
1.91946e-05
1.94947e-05
1.97418e-05
1.98996e-05
1.99362e-05
1.97905e-05
1.93671e-05
1.85208e-05
1.70313e-05
1.45694e-05
1.07111e-05
5.87038e-06
3.21912e-06
1.74963e-06
9.37093e-07
4.91947e-07
2.50471e-07
1.24267e-07
5.98636e-08
2.85871e-08
1.42085e-08
8.34277e-09
5.63418e-09
4.13123e-09
3.14886e-09
2.43003e-09
1.84316e-09
1.3894e-09
1.00413e-09
7.01087e-10
4.71276e-10
3.04933e-10
1.90391e-10
1.15198e-10
6.78668e-11
3.90988e-11
2.21054e-11
1.22982e-11
6.74658e-12
3.65535e-12
1.95856e-12
1.03894e-12
5.46168e-13
2.84806e-13
1.47417e-13
7.57617e-14
3.8634e-14
1.95059e-14
9.70678e-15
4.70882e-15
2.16751e-15
8.77178e-16
2.01981e-16
1.51457e-10
5.86916e-10
1.25151e-09
2.30136e-09
3.95798e-09
6.56176e-09
1.06339e-08
1.69644e-08
2.67321e-08
4.1173e-08
6.22787e-08
9.29196e-08
1.36955e-07
1.99341e-07
2.86263e-07
4.05069e-07
5.6412e-07
7.72135e-07
1.03735e-06
1.36679e-06
1.7648e-06
2.2336e-06
2.77235e-06
3.37664e-06
4.04063e-06
4.7369e-06
5.47563e-06
6.26193e-06
7.05981e-06
7.88139e-06
8.71438e-06
9.5365e-06
1.03577e-05
1.11598e-05
1.19434e-05
1.27019e-05
1.34307e-05
1.41252e-05
1.47856e-05
1.54137e-05
1.60042e-05
1.656e-05
1.70814e-05
1.75719e-05
1.80251e-05
1.84442e-05
1.88278e-05
1.91723e-05
1.94705e-05
1.97149e-05
1.98687e-05
1.98994e-05
1.97445e-05
1.93071e-05
1.84381e-05
1.69126e-05
1.43925e-05
1.04559e-05
5.72947e-06
3.13857e-06
1.70351e-06
9.10757e-07
4.76979e-07
2.42681e-07
1.20039e-07
5.76535e-08
2.75257e-08
1.3846e-08
8.22158e-09
5.59314e-09
4.11426e-09
3.13765e-09
2.41849e-09
1.83621e-09
1.38061e-09
9.94503e-10
6.91871e-10
4.63478e-10
2.98959e-10
1.86172e-10
1.12407e-10
6.61141e-11
3.80427e-11
2.14894e-11
1.19481e-11
6.55193e-12
3.549e-12
1.90124e-12
1.00827e-12
5.29886e-13
2.76274e-13
1.4304e-13
7.35173e-14
3.74954e-14
1.8942e-14
9.43175e-15
4.57744e-15
2.10762e-15
8.53072e-16
1.96445e-16
1.51001e-10
5.85155e-10
1.24776e-09
2.29445e-09
3.94605e-09
6.54188e-09
1.06015e-08
1.69124e-08
2.66428e-08
4.10251e-08
6.2046e-08
9.25648e-08
1.36422e-07
1.98583e-07
2.85235e-07
4.03756e-07
5.62362e-07
7.69733e-07
1.03415e-06
1.36251e-06
1.75969e-06
2.22767e-06
2.76512e-06
3.36858e-06
4.03165e-06
4.72719e-06
5.46524e-06
6.25065e-06
7.04801e-06
7.86893e-06
8.70164e-06
9.52348e-06
1.03446e-05
1.11463e-05
1.19292e-05
1.26876e-05
1.34164e-05
1.41106e-05
1.47705e-05
1.53985e-05
1.59883e-05
1.6543e-05
1.7063e-05
1.75518e-05
1.80035e-05
1.84211e-05
1.88029e-05
1.91454e-05
1.9441e-05
1.96812e-05
1.98301e-05
1.9854e-05
1.96888e-05
1.92358e-05
1.83434e-05
1.67817e-05
1.42085e-05
1.02035e-05
5.59523e-06
3.06347e-06
1.66115e-06
8.86832e-07
4.63457e-07
2.3568e-07
1.16287e-07
5.57308e-08
2.66117e-08
1.35352e-08
8.11288e-09
5.55274e-09
4.09478e-09
3.12406e-09
2.40555e-09
1.82828e-09
1.37133e-09
9.84978e-10
6.83145e-10
4.56252e-10
2.93487e-10
1.82335e-10
1.09883e-10
6.45371e-11
3.7096e-11
2.0939e-11
1.16364e-11
6.37927e-12
3.45532e-12
1.85154e-12
9.82709e-13
5.16988e-13
2.69677e-13
1.39624e-13
7.17636e-14
3.6599e-14
1.84844e-14
9.20253e-15
4.46581e-15
2.0561e-15
8.32186e-16
1.91633e-16
1.50621e-10
5.8369e-10
1.24464e-09
2.28873e-09
3.93621e-09
6.52554e-09
1.0575e-08
1.68703e-08
2.65694e-08
4.09029e-08
6.18539e-08
9.2274e-08
1.35992e-07
1.97958e-07
2.84344e-07
4.02504e-07
5.60723e-07
7.67661e-07
1.03153e-06
1.3592e-06
1.75558e-06
2.22267e-06
2.75952e-06
3.36219e-06
4.02457e-06
4.7194e-06
5.45685e-06
6.24153e-06
7.03837e-06
7.85867e-06
8.69102e-06
9.51242e-06
1.03331e-05
1.11343e-05
1.19171e-05
1.26752e-05
1.34037e-05
1.40972e-05
1.47565e-05
1.53834e-05
1.5972e-05
1.65255e-05
1.70443e-05
1.75315e-05
1.79815e-05
1.8397e-05
1.8777e-05
1.91165e-05
1.94083e-05
1.96439e-05
1.97874e-05
1.98036e-05
1.9628e-05
1.916e-05
1.82454e-05
1.66516e-05
1.40303e-05
9.96383e-06
5.46841e-06
2.99327e-06
1.62211e-06
8.6453e-07
4.50952e-07
2.28961e-07
1.12734e-07
5.39279e-08
2.5756e-08
1.32374e-08
8.00266e-09
5.50623e-09
4.07035e-09
3.10683e-09
2.39031e-09
1.81879e-09
1.36127e-09
9.75077e-10
6.74396e-10
4.492e-10
2.88258e-10
1.78731e-10
1.07545e-10
6.30912e-11
3.62357e-11
2.04423e-11
1.13565e-11
6.22461e-12
3.37124e-12
1.80641e-12
9.58665e-13
5.04389e-13
2.63347e-13
1.36426e-13
7.01394e-14
3.57667e-14
1.80653e-14
8.99459e-15
4.36518e-15
2.00987e-15
8.13492e-16
1.8733e-16
1.5031e-10
5.82488e-10
1.24209e-09
2.28404e-09
3.92814e-09
6.51218e-09
1.05534e-08
1.6836e-08
2.65095e-08
4.08032e-08
6.16978e-08
9.20385e-08
1.35645e-07
1.97457e-07
2.83635e-07
4.0152e-07
5.59399e-07
7.65843e-07
1.02924e-06
1.35651e-06
1.75235e-06
2.21884e-06
2.75499e-06
3.35701e-06
4.01881e-06
4.71307e-06
5.44996e-06
6.23391e-06
7.03047e-06
7.85036e-06
8.68243e-06
9.50359e-06
1.0324e-05
1.11247e-05
1.19071e-05
1.26646e-05
1.33925e-05
1.40852e-05
1.47433e-05
1.53692e-05
1.59564e-05
1.65084e-05
1.70252e-05
1.751e-05
1.79574e-05
1.83698e-05
1.87532e-05
1.90883e-05
1.93756e-05
1.96059e-05
1.97435e-05
1.97524e-05
1.95671e-05
1.90858e-05
1.81528e-05
1.65312e-05
1.38693e-05
9.75357e-06
5.35678e-06
2.93303e-06
1.59241e-06
8.39503e-07
4.37765e-07
2.22103e-07
1.09253e-07
5.22186e-08
2.49658e-08
1.2958e-08
7.89159e-09
5.45549e-09
4.0418e-09
3.08725e-09
2.37407e-09
1.80832e-09
1.34942e-09
9.63808e-10
6.64951e-10
4.41949e-10
2.83094e-10
1.75283e-10
1.05362e-10
6.17684e-11
3.54604e-11
1.99998e-11
1.11093e-11
6.08885e-12
3.29773e-12
1.76704e-12
9.37743e-13
4.93304e-13
2.57437e-13
1.33346e-13
6.85688e-14
3.49853e-14
1.76786e-14
8.80517e-15
4.27441e-15
1.96844e-15
7.96814e-16
1.83499e-16
1.50058e-10
5.81518e-10
1.24002e-09
2.28024e-09
3.92159e-09
6.50128e-09
1.05356e-08
1.68076e-08
2.64609e-08
4.0723e-08
6.15728e-08
9.18505e-08
1.35369e-07
1.97059e-07
2.83071e-07
4.0074e-07
5.58317e-07
7.64452e-07
1.02742e-06
1.35422e-06
1.74966e-06
2.21566e-06
2.75132e-06
3.35287e-06
4.01422e-06
4.70807e-06
5.44461e-06
6.22805e-06
7.02418e-06
7.84351e-06
8.6753e-06
9.49606e-06
1.03161e-05
1.11166e-05
1.18985e-05
1.26554e-05
1.33826e-05
1.40744e-05
1.47316e-05
1.53565e-05
1.59425e-05
1.64929e-05
1.7008e-05
1.74909e-05
1.79362e-05
1.83465e-05
1.87275e-05
1.90599e-05
1.93439e-05
1.95698e-05
1.97023e-05
1.97049e-05
1.95113e-05
1.90184e-05
1.80688e-05
1.64237e-05
1.37271e-05
9.56737e-06
5.25765e-06
2.8781e-06
1.56173e-06
8.2281e-07
4.28471e-07
2.17078e-07
1.0662e-07
5.09008e-08
2.4352e-08
1.27369e-08
7.80069e-09
5.41179e-09
4.0168e-09
3.07102e-09
2.36315e-09
1.80299e-09
1.32843e-09
9.49363e-10
6.54789e-10
4.34929e-10
2.78397e-10
1.72261e-10
1.03492e-10
6.06487e-11
3.48086e-11
1.96291e-11
1.09024e-11
5.97536e-12
3.23636e-12
1.73427e-12
9.20417e-13
4.84223e-13
2.52713e-13
1.30909e-13
6.73218e-14
3.43539e-14
1.73623e-14
8.64895e-15
4.19911e-15
1.93395e-15
7.82891e-16
1.8029e-16
1.49864e-10
5.80768e-10
1.23842e-09
2.27731e-09
3.91655e-09
6.49292e-09
1.05221e-08
1.67861e-08
2.64236e-08
4.06611e-08
6.1476e-08
9.17052e-08
1.35156e-07
1.96752e-07
2.82639e-07
4.00145e-07
5.57506e-07
7.63382e-07
1.02604e-06
1.35248e-06
1.74751e-06
2.21318e-06
2.74849e-06
3.34967e-06
4.01069e-06
4.70421e-06
5.44041e-06
6.2235e-06
7.01938e-06
7.83839e-06
8.66989e-06
9.49035e-06
1.03101e-05
1.11102e-05
1.18916e-05
1.2648e-05
1.33746e-05
1.40658e-05
1.47221e-05
1.53461e-05
1.5931e-05
1.64801e-05
1.69938e-05
1.74748e-05
1.79183e-05
1.83265e-05
1.8705e-05
1.90349e-05
1.93159e-05
1.9538e-05
1.96663e-05
1.96634e-05
1.94627e-05
1.89604e-05
1.79973e-05
1.63326e-05
1.36067e-05
9.40928e-06
5.17373e-06
2.83163e-06
1.53577e-06
8.09139e-07
4.21037e-07
2.13107e-07
1.04566e-07
4.98842e-08
2.38861e-08
1.25576e-08
7.72498e-09
5.37405e-09
3.99411e-09
3.0551e-09
2.35054e-09
1.79201e-09
1.31799e-09
9.40422e-10
6.47685e-10
4.29641e-10
2.74719e-10
1.69851e-10
1.01988e-10
5.97466e-11
3.4284e-11
1.93314e-11
1.07369e-11
5.88486e-12
3.18755e-12
1.70825e-12
9.06679e-13
4.77042e-13
2.48995e-13
1.29e-13
6.635e-14
3.38625e-14
1.7116e-14
8.52708e-15
4.14025e-15
1.90693e-15
7.71975e-16
1.77779e-16
1.49722e-10
5.80222e-10
1.23727e-09
2.27518e-09
3.91289e-09
6.48686e-09
1.05123e-08
1.67705e-08
2.63964e-08
4.06157e-08
6.14049e-08
9.1598e-08
1.34998e-07
1.96524e-07
2.82314e-07
3.99687e-07
5.56892e-07
7.6257e-07
1.02502e-06
1.35122e-06
1.74598e-06
2.21134e-06
2.74637e-06
3.34732e-06
4.0081e-06
4.70139e-06
5.43741e-06
6.22021e-06
7.0159e-06
7.83466e-06
8.66596e-06
9.48618e-06
1.03057e-05
1.11055e-05
1.18865e-05
1.26424e-05
1.33686e-05
1.40591e-05
1.47148e-05
1.5338e-05
1.59219e-05
1.647e-05
1.69825e-05
1.74621e-05
1.79042e-05
1.83107e-05
1.8687e-05
1.90148e-05
1.92935e-05
1.95126e-05
1.96375e-05
1.96305e-05
1.94243e-05
1.89146e-05
1.79415e-05
1.6262e-05
1.35139e-05
9.28847e-06
5.10873e-06
2.79564e-06
1.51572e-06
7.98617e-07
4.15341e-07
2.10097e-07
1.03016e-07
4.9121e-08
2.35425e-08
1.24171e-08
7.66473e-09
5.34334e-09
3.97525e-09
3.04163e-09
2.33991e-09
1.78306e-09
1.31029e-09
9.34105e-10
6.42731e-10
4.25965e-10
2.72148e-10
1.6815e-10
1.00916e-10
5.90979e-11
3.3904e-11
1.91145e-11
1.06158e-11
5.8184e-12
3.15168e-12
1.68918e-12
8.96693e-13
4.71858e-13
2.46317e-13
1.27623e-13
6.56454e-14
3.35048e-14
1.69361e-14
8.4379e-15
4.09711e-15
1.88711e-15
7.63959e-16
1.75934e-16
1.49632e-10
5.79873e-10
1.23652e-09
2.27382e-09
3.91055e-09
6.48299e-09
1.0506e-08
1.67606e-08
2.63789e-08
4.05865e-08
6.13592e-08
9.15291e-08
1.34897e-07
1.96378e-07
2.82108e-07
3.99402e-07
5.56509e-07
7.62066e-07
1.02438e-06
1.35042e-06
1.74501e-06
2.21019e-06
2.74503e-06
3.34581e-06
4.00643e-06
4.69958e-06
5.43545e-06
6.21805e-06
7.01358e-06
7.83217e-06
8.66332e-06
9.48341e-06
1.03027e-05
1.11023e-05
1.1883e-05
1.26386e-05
1.33645e-05
1.40546e-05
1.47098e-05
1.53323e-05
1.59156e-05
1.64629e-05
1.69746e-05
1.74532e-05
1.78943e-05
1.82997e-05
1.86746e-05
1.90009e-05
1.9278e-05
1.94951e-05
1.96177e-05
1.9608e-05
1.93983e-05
1.88838e-05
1.7904e-05
1.62148e-05
1.34523e-05
9.20871e-06
5.0646e-06
2.77121e-06
1.50217e-06
7.91512e-07
4.11513e-07
2.08078e-07
1.01983e-07
4.86155e-08
2.33133e-08
1.23224e-08
7.62338e-09
5.32188e-09
3.96197e-09
3.0322e-09
2.33253e-09
1.77696e-09
1.30521e-09
9.29948e-10
6.39521e-10
4.23609e-10
2.70506e-10
1.6706e-10
1.00227e-10
5.86792e-11
3.3658e-11
1.89738e-11
1.0537e-11
5.7751e-12
3.12823e-12
1.67664e-12
8.90047e-13
4.68377e-13
2.44514e-13
1.26699e-13
6.51757e-14
3.32677e-14
1.68174e-14
8.3792e-15
4.06876e-15
1.87409e-15
7.58697e-16
1.74722e-16
1.49588e-10
5.79703e-10
1.23616e-09
2.27315e-09
3.90942e-09
6.48112e-09
1.0503e-08
1.67558e-08
2.63705e-08
4.05725e-08
6.13372e-08
9.14961e-08
1.34848e-07
1.96308e-07
2.82009e-07
3.99266e-07
5.56325e-07
7.61824e-07
1.02406e-06
1.35002e-06
1.74453e-06
2.20962e-06
2.74437e-06
3.34506e-06
4.0056e-06
4.69867e-06
5.43448e-06
6.21698e-06
7.01246e-06
7.83096e-06
8.66204e-06
9.48204e-06
1.03012e-05
1.11007e-05
1.18813e-05
1.26368e-05
1.33625e-05
1.40523e-05
1.47072e-05
1.53295e-05
1.59124e-05
1.64594e-05
1.69706e-05
1.74487e-05
1.78892e-05
1.82941e-05
1.86682e-05
1.89939e-05
1.92701e-05
1.94863e-05
1.96078e-05
1.95966e-05
1.93851e-05
1.88683e-05
1.78853e-05
1.61914e-05
1.34217e-05
9.16899e-06
5.04258e-06
2.759e-06
1.49538e-06
7.87937e-07
4.0959e-07
2.07064e-07
1.01466e-07
4.83634e-08
2.3201e-08
1.22756e-08
7.60272e-09
5.31101e-09
3.95519e-09
3.02739e-09
2.3288e-09
1.77392e-09
1.30273e-09
9.27948e-10
6.37976e-10
4.22485e-10
2.69727e-10
1.66545e-10
9.99006e-11
5.8481e-11
3.35415e-11
1.89072e-11
1.04997e-11
5.75456e-12
3.11709e-12
1.67067e-12
8.86885e-13
4.66718e-13
2.43653e-13
1.26256e-13
6.49491e-14
3.31528e-14
1.67597e-14
8.35058e-15
4.05491e-15
1.86772e-15
7.56118e-16
1.74128e-16
1.49588e-10
5.79705e-10
1.23617e-09
2.27316e-09
3.90944e-09
6.48114e-09
1.05031e-08
1.67559e-08
2.63706e-08
4.05726e-08
6.13374e-08
9.14963e-08
1.34848e-07
1.96309e-07
2.82009e-07
3.99267e-07
5.56326e-07
7.61825e-07
1.02407e-06
1.35003e-06
1.74453e-06
2.20962e-06
2.74438e-06
3.34507e-06
4.00561e-06
4.69869e-06
5.43449e-06
6.217e-06
7.01248e-06
7.83098e-06
8.66206e-06
9.48207e-06
1.03013e-05
1.11007e-05
1.18814e-05
1.26368e-05
1.33625e-05
1.40524e-05
1.47072e-05
1.53295e-05
1.59124e-05
1.64594e-05
1.69706e-05
1.74488e-05
1.78893e-05
1.82941e-05
1.86683e-05
1.89939e-05
1.92702e-05
1.94864e-05
1.96079e-05
1.95967e-05
1.93853e-05
1.88684e-05
1.78853e-05
1.61914e-05
1.34217e-05
9.16901e-06
5.04259e-06
2.75901e-06
1.49538e-06
7.8794e-07
4.09591e-07
2.07065e-07
1.01466e-07
4.83637e-08
2.3201e-08
1.22757e-08
7.60276e-09
5.31102e-09
3.95518e-09
3.02737e-09
2.32878e-09
1.77391e-09
1.30272e-09
9.27942e-10
6.37973e-10
4.22483e-10
2.69726e-10
1.66544e-10
9.99004e-11
5.84809e-11
3.35415e-11
1.89072e-11
1.04997e-11
5.75457e-12
3.11709e-12
1.67067e-12
8.86887e-13
4.66719e-13
2.43653e-13
1.26256e-13
6.49493e-14
3.31529e-14
1.67597e-14
8.3506e-15
4.05492e-15
1.86773e-15
7.5612e-16
1.74128e-16
1.49634e-10
5.79879e-10
1.23654e-09
2.27384e-09
3.9106e-09
6.48307e-09
1.05062e-08
1.67608e-08
2.63792e-08
4.05869e-08
6.13597e-08
9.15298e-08
1.34898e-07
1.96379e-07
2.82109e-07
3.99404e-07
5.56512e-07
7.6207e-07
1.02438e-06
1.35043e-06
1.74502e-06
2.2102e-06
2.74505e-06
3.34583e-06
4.00646e-06
4.69961e-06
5.43549e-06
6.2181e-06
7.01364e-06
7.83223e-06
8.66339e-06
9.48348e-06
1.03028e-05
1.11024e-05
1.18831e-05
1.26387e-05
1.33646e-05
1.40547e-05
1.47098e-05
1.53324e-05
1.59157e-05
1.6463e-05
1.69747e-05
1.74533e-05
1.78944e-05
1.82998e-05
1.86748e-05
1.90011e-05
1.92782e-05
1.94954e-05
1.96181e-05
1.96083e-05
1.93986e-05
1.88841e-05
1.79043e-05
1.62151e-05
1.34525e-05
9.20877e-06
5.06465e-06
2.77123e-06
1.50219e-06
7.91522e-07
4.11519e-07
2.08081e-07
1.01985e-07
4.86164e-08
2.33138e-08
1.23226e-08
7.62338e-09
5.32183e-09
3.96191e-09
3.03214e-09
2.33248e-09
1.77692e-09
1.30519e-09
9.29931e-10
6.39512e-10
4.23604e-10
2.70503e-10
1.67059e-10
1.00227e-10
5.86791e-11
3.36579e-11
1.89738e-11
1.0537e-11
5.77511e-12
3.12824e-12
1.67665e-12
8.90053e-13
4.6838e-13
2.44516e-13
1.267e-13
6.5176e-14
3.32678e-14
1.68174e-14
8.37921e-15
4.06877e-15
1.8741e-15
7.58699e-16
1.74723e-16
1.49725e-10
5.80232e-10
1.23729e-09
2.27521e-09
3.91295e-09
6.48695e-09
1.05125e-08
1.67707e-08
2.63967e-08
4.06161e-08
6.14055e-08
9.15988e-08
1.34999e-07
1.96526e-07
2.82317e-07
3.99691e-07
5.56898e-07
7.62578e-07
1.02503e-06
1.35123e-06
1.746e-06
2.21137e-06
2.7464e-06
3.34736e-06
4.00815e-06
4.70145e-06
5.43748e-06
6.22029e-06
7.01599e-06
7.83478e-06
8.66609e-06
9.48632e-06
1.03058e-05
1.11057e-05
1.18867e-05
1.26426e-05
1.33688e-05
1.40593e-05
1.4715e-05
1.53382e-05
1.59221e-05
1.64702e-05
1.69827e-05
1.74623e-05
1.79044e-05
1.8311e-05
1.86874e-05
1.90153e-05
1.92939e-05
1.95131e-05
1.9638e-05
1.9631e-05
1.94249e-05
1.89152e-05
1.7942e-05
1.62624e-05
1.35141e-05
9.28848e-06
5.10874e-06
2.79565e-06
1.51572e-06
7.98624e-07
4.15345e-07
2.101e-07
1.03018e-07
4.91225e-08
2.35431e-08
1.24172e-08
7.66465e-09
5.34321e-09
3.97513e-09
3.04152e-09
2.33983e-09
1.783e-09
1.31025e-09
9.34083e-10
6.42719e-10
4.25959e-10
2.72145e-10
1.68149e-10
1.00916e-10
5.90981e-11
3.39042e-11
1.91147e-11
1.06159e-11
5.81846e-12
3.15171e-12
1.6892e-12
8.96705e-13
4.71866e-13
2.46322e-13
1.27626e-13
6.56468e-14
3.35054e-14
1.69364e-14
8.43803e-15
4.09717e-15
1.88713e-15
7.63966e-16
1.75935e-16
1.49867e-10
5.80779e-10
1.23845e-09
2.27735e-09
3.91663e-09
6.49305e-09
1.05223e-08
1.67864e-08
2.64241e-08
4.06617e-08
6.14769e-08
9.17065e-08
1.35158e-07
1.96755e-07
2.82644e-07
4.00151e-07
5.57514e-07
7.63393e-07
1.02605e-06
1.3525e-06
1.74754e-06
2.21322e-06
2.74853e-06
3.34973e-06
4.01076e-06
4.7043e-06
5.44052e-06
6.22363e-06
7.01953e-06
7.83857e-06
8.67009e-06
9.49057e-06
1.03103e-05
1.11105e-05
1.18919e-05
1.26483e-05
1.3375e-05
1.40662e-05
1.47225e-05
1.53465e-05
1.59314e-05
1.64805e-05
1.69942e-05
1.74753e-05
1.79188e-05
1.8327e-05
1.87055e-05
1.90354e-05
1.93165e-05
1.95387e-05
1.96669e-05
1.96641e-05
1.94635e-05
1.89612e-05
1.79982e-05
1.63332e-05
1.36071e-05
9.40934e-06
5.17377e-06
2.83167e-06
1.53581e-06
8.09166e-07
4.21054e-07
2.13117e-07
1.04572e-07
4.98872e-08
2.38873e-08
1.25579e-08
7.72486e-09
5.37384e-09
3.99392e-09
3.05493e-09
2.35041e-09
1.79193e-09
1.31793e-09
9.40389e-10
6.47667e-10
4.29633e-10
2.74716e-10
1.6985e-10
1.01988e-10
5.97467e-11
3.42842e-11
1.93316e-11
1.0737e-11
5.88491e-12
3.18758e-12
1.70826e-12
9.06682e-13
4.77042e-13
2.48993e-13
1.28999e-13
6.63492e-14
3.3862e-14
1.71157e-14
8.52691e-15
4.14016e-15
1.90688e-15
7.71955e-16
1.77774e-16
1.50062e-10
5.81531e-10
1.24005e-09
2.28029e-09
3.92168e-09
6.50143e-09
1.05359e-08
1.6808e-08
2.64615e-08
4.07238e-08
6.15739e-08
9.18522e-08
1.35371e-07
1.97063e-07
2.83076e-07
4.00748e-07
5.58327e-07
7.64466e-07
1.02744e-06
1.35425e-06
1.74969e-06
2.21571e-06
2.75138e-06
3.35294e-06
4.01431e-06
4.70818e-06
5.44475e-06
6.22823e-06
7.02439e-06
7.8438e-06
8.67557e-06
9.49634e-06
1.03164e-05
1.11169e-05
1.18988e-05
1.26557e-05
1.3383e-05
1.40749e-05
1.47321e-05
1.53571e-05
1.59431e-05
1.64935e-05
1.70088e-05
1.74916e-05
1.7937e-05
1.83472e-05
1.87283e-05
1.90607e-05
1.93447e-05
1.95706e-05
1.97031e-05
1.97057e-05
1.95121e-05
1.90191e-05
1.80696e-05
1.64243e-05
1.37275e-05
9.56748e-06
5.25773e-06
2.87817e-06
1.56178e-06
8.2284e-07
4.28491e-07
2.1709e-07
1.06627e-07
5.09038e-08
2.43523e-08
1.27368e-08
7.80044e-09
5.41152e-09
4.01656e-09
3.07085e-09
2.36301e-09
1.80289e-09
1.32837e-09
9.49323e-10
6.54766e-10
4.34918e-10
2.78392e-10
1.72259e-10
1.03491e-10
6.06486e-11
3.48087e-11
1.96292e-11
1.09025e-11
5.97539e-12
3.23637e-12
1.73427e-12
9.20409e-13
4.84213e-13
2.52704e-13
1.30902e-13
6.73177e-14
3.43514e-14
1.73609e-14
8.64817e-15
4.1987e-15
1.93375e-15
7.8281e-16
1.80271e-16
1.50313e-10
5.82503e-10
1.24212e-09
2.28409e-09
3.92824e-09
6.51234e-09
1.05537e-08
1.68365e-08
2.65102e-08
4.08041e-08
6.16992e-08
9.20405e-08
1.35648e-07
1.97462e-07
2.83641e-07
4.01529e-07
5.59412e-07
7.65861e-07
1.02926e-06
1.35655e-06
1.7524e-06
2.2189e-06
2.75506e-06
3.3571e-06
4.01892e-06
4.71319e-06
5.45011e-06
6.23408e-06
7.03065e-06
7.85054e-06
8.68268e-06
9.5039e-06
1.03243e-05
1.11251e-05
1.19075e-05
1.26651e-05
1.3393e-05
1.40858e-05
1.47439e-05
1.53698e-05
1.59571e-05
1.65092e-05
1.7026e-05
1.75109e-05
1.79583e-05
1.83707e-05
1.87541e-05
1.90891e-05
1.93765e-05
1.96068e-05
1.97443e-05
1.97532e-05
1.95679e-05
1.90864e-05
1.81532e-05
1.65316e-05
1.38696e-05
9.75372e-06
5.35688e-06
2.9331e-06
1.59245e-06
8.39536e-07
4.37802e-07
2.22121e-07
1.09262e-07
5.22231e-08
2.49677e-08
1.29582e-08
7.89141e-09
5.4552e-09
4.04153e-09
3.08703e-09
2.37391e-09
1.80818e-09
1.34934e-09
9.63756e-10
6.64924e-10
4.41936e-10
2.83089e-10
1.75281e-10
1.05362e-10
6.17687e-11
3.54607e-11
2e-11
1.11093e-11
6.08886e-12
3.29769e-12
1.76699e-12
9.37682e-13
4.93248e-13
2.57393e-13
1.33319e-13
6.85526e-14
3.49766e-14
1.76742e-14
8.80297e-15
4.27336e-15
1.96797e-15
7.96624e-16
1.83455e-16
1.50625e-10
5.83704e-10
1.24467e-09
2.28878e-09
3.9363e-09
6.5257e-09
1.05753e-08
1.68707e-08
2.657e-08
4.09038e-08
6.18554e-08
9.22762e-08
1.35995e-07
1.97963e-07
2.84351e-07
4.02514e-07
5.60738e-07
7.67683e-07
1.03156e-06
1.35924e-06
1.75563e-06
2.22274e-06
2.7596e-06
3.3623e-06
4.02471e-06
4.71956e-06
5.45702e-06
6.24173e-06
7.03859e-06
7.85893e-06
8.69134e-06
9.51282e-06
1.03336e-05
1.11348e-05
1.19176e-05
1.26757e-05
1.34042e-05
1.40978e-05
1.47571e-05
1.53841e-05
1.59728e-05
1.65263e-05
1.70452e-05
1.75324e-05
1.79824e-05
1.8398e-05
1.87779e-05
1.91175e-05
1.94093e-05
1.96449e-05
1.97884e-05
1.98046e-05
1.96289e-05
1.91609e-05
1.82462e-05
1.66522e-05
1.40307e-05
9.96414e-06
5.46859e-06
2.99338e-06
1.62217e-06
8.64564e-07
4.50956e-07
2.28969e-07
1.1274e-07
5.39307e-08
2.57556e-08
1.32369e-08
8.0021e-09
5.50576e-09
4.06999e-09
3.10658e-09
2.39014e-09
1.81865e-09
1.36118e-09
9.75023e-10
6.74366e-10
4.49186e-10
2.88253e-10
1.78729e-10
1.07544e-10
6.30914e-11
3.62359e-11
2.04424e-11
1.13564e-11
6.22449e-12
3.37106e-12
1.8062e-12
9.58433e-13
5.04155e-13
2.63106e-13
1.36326e-13
7.00975e-14
3.57484e-14
1.80572e-14
8.99085e-15
4.36348e-15
2.00912e-15
8.13201e-16
1.87264e-16
1.51003e-10
5.85165e-10
1.24778e-09
2.29449e-09
3.94612e-09
6.54201e-09
1.06017e-08
1.69128e-08
2.66433e-08
4.1026e-08
6.20474e-08
9.2567e-08
1.36426e-07
1.98588e-07
2.85242e-07
4.03767e-07
5.62377e-07
7.69754e-07
1.03418e-06
1.36255e-06
1.75974e-06
2.22774e-06
2.76522e-06
3.36873e-06
4.03186e-06
4.72738e-06
5.46543e-06
6.25087e-06
7.04825e-06
7.8692e-06
8.70193e-06
9.52378e-06
1.03449e-05
1.11467e-05
1.19297e-05
1.26881e-05
1.3417e-05
1.41113e-05
1.47712e-05
1.53993e-05
1.59891e-05
1.65439e-05
1.70639e-05
1.75527e-05
1.80045e-05
1.84221e-05
1.8804e-05
1.91465e-05
1.94421e-05
1.96823e-05
1.98313e-05
1.98551e-05
1.96899e-05
1.92368e-05
1.83444e-05
1.67826e-05
1.42092e-05
1.0204e-05
5.59553e-06
3.06364e-06
1.66125e-06
8.86893e-07
4.63492e-07
2.35698e-07
1.16297e-07
5.5736e-08
2.66139e-08
1.35356e-08
8.11274e-09
5.55246e-09
4.09452e-09
3.12385e-09
2.4054e-09
1.82815e-09
1.37124e-09
9.84927e-10
6.83117e-10
4.56238e-10
2.93481e-10
1.82333e-10
1.09883e-10
6.45372e-11
3.70962e-11
2.0939e-11
1.16363e-11
6.37915e-12
3.45513e-12
1.8513e-12
9.82413e-13
5.16778e-13
2.69654e-13
1.39596e-13
7.17414e-14
3.65822e-14
1.84762e-14
9.19862e-15
4.46401e-15
2.05532e-15
8.31885e-16
1.91565e-16
1.51458e-10
5.86918e-10
1.25151e-09
2.30137e-09
3.95799e-09
6.56177e-09
1.06339e-08
1.69645e-08
2.67322e-08
4.11734e-08
6.22797e-08
9.29214e-08
1.36958e-07
1.99345e-07
2.86271e-07
4.0508e-07
5.64135e-07
7.72154e-07
1.03738e-06
1.36683e-06
1.76485e-06
2.23366e-06
2.77243e-06
3.37673e-06
4.0407e-06
4.73704e-06
5.47581e-06
6.26215e-06
7.06006e-06
7.88168e-06
8.7147e-06
9.53686e-06
1.03581e-05
1.11603e-05
1.1944e-05
1.27025e-05
1.34313e-05
1.41259e-05
1.47864e-05
1.54145e-05
1.60051e-05
1.65609e-05
1.70823e-05
1.75729e-05
1.80262e-05
1.84453e-05
1.88289e-05
1.91734e-05
1.94717e-05
1.97161e-05
1.98699e-05
1.99006e-05
1.97457e-05
1.93082e-05
1.84392e-05
1.69136e-05
1.43934e-05
1.04565e-05
5.72985e-06
3.13879e-06
1.70364e-06
9.10834e-07
4.77023e-07
2.42704e-07
1.20052e-07
5.76603e-08
2.75289e-08
1.38469e-08
8.22172e-09
5.59301e-09
4.11408e-09
3.13748e-09
2.41837e-09
1.8361e-09
1.38053e-09
9.94457e-10
6.91847e-10
4.63467e-10
2.98954e-10
1.8617e-10
1.12407e-10
6.61143e-11
3.8043e-11
2.14896e-11
1.19483e-11
6.55211e-12
3.54919e-12
1.90148e-12
1.00857e-12
5.30129e-13
2.7637e-13
1.43028e-13
7.35075e-14
3.74935e-14
1.894e-14
9.43059e-15
4.57688e-15
2.10738e-15
8.52988e-16
1.96427e-16
1.51992e-10
5.88984e-10
1.25591e-09
2.30948e-09
3.97199e-09
6.58512e-09
1.0672e-08
1.70257e-08
2.68353e-08
4.13453e-08
6.25437e-08
9.33025e-08
1.37474e-07
2.00067e-07
2.87306e-07
4.06617e-07
5.66334e-07
7.75145e-07
1.04143e-06
1.37175e-06
1.77091e-06
2.24085e-06
2.78059e-06
3.38604e-06
4.05129e-06
4.74873e-06
5.48843e-06
6.2759e-06
7.07444e-06
7.89682e-06
8.73011e-06
9.55254e-06
1.03741e-05
1.11762e-05
1.19597e-05
1.27183e-05
1.3447e-05
1.41418e-05
1.48025e-05
1.54311e-05
1.6022e-05
1.65781e-05
1.70999e-05
1.75911e-05
1.80451e-05
1.84652e-05
1.88499e-05
1.91958e-05
1.94959e-05
1.97431e-05
1.99008e-05
1.99375e-05
1.97917e-05
1.93683e-05
1.8522e-05
1.70324e-05
1.45704e-05
1.07119e-05
5.87083e-06
3.21939e-06
1.74979e-06
9.37184e-07
4.92e-07
2.50498e-07
1.24282e-07
5.98715e-08
2.85908e-08
1.42097e-08
8.343e-09
5.63412e-09
4.1311e-09
3.14873e-09
2.42993e-09
1.84307e-09
1.38933e-09
1.00409e-09
7.01067e-10
4.71267e-10
3.04929e-10
1.9039e-10
1.15198e-10
6.78672e-11
3.90992e-11
2.21058e-11
1.22984e-11
6.74682e-12
3.65556e-12
1.95875e-12
1.0391e-12
5.4629e-13
2.84887e-13
1.47464e-13
7.57707e-14
3.86357e-14
1.95081e-14
9.70875e-15
4.71013e-15
2.16823e-15
8.77501e-16
2.02059e-16
1.52606e-10
5.91364e-10
1.26102e-09
2.31893e-09
3.98839e-09
6.61246e-09
1.07163e-08
1.70955e-08
2.69417e-08
4.15072e-08
6.27902e-08
9.36791e-08
1.38062e-07
2.00967e-07
2.88649e-07
4.08545e-07
5.6899e-07
7.78676e-07
1.0459e-06
1.37758e-06
1.77862e-06
2.24996e-06
2.79106e-06
3.39835e-06
4.0646e-06
4.76316e-06
5.5039e-06
6.29267e-06
7.09192e-06
7.91515e-06
8.74865e-06
9.57137e-06
1.03927e-05
1.11948e-05
1.19783e-05
1.27363e-05
1.34645e-05
1.41592e-05
1.48199e-05
1.54479e-05
1.60388e-05
1.65948e-05
1.71167e-05
1.76081e-05
1.80624e-05
1.84826e-05
1.88675e-05
1.92138e-05
1.95143e-05
1.97627e-05
1.99222e-05
1.9962e-05
1.98224e-05
1.94101e-05
1.85829e-05
1.71252e-05
1.4714e-05
1.09193e-05
6.04044e-06
3.31411e-06
1.80304e-06
9.67479e-07
5.0761e-07
2.60072e-07
1.2938e-07
6.24918e-08
2.98538e-08
1.46502e-08
8.48992e-09
5.68209e-09
4.14922e-09
3.15923e-09
2.44012e-09
1.85134e-09
1.39949e-09
1.01501e-09
7.11388e-10
4.80069e-10
3.11762e-10
1.95267e-10
1.18442e-10
6.99074e-11
4.03284e-11
2.28219e-11
1.27046e-11
6.97209e-12
3.77825e-12
2.02453e-12
1.07388e-12
5.64423e-13
2.94173e-13
1.52131e-13
7.81131e-14
3.98099e-14
2.01007e-14
1.00061e-14
4.85544e-15
2.23536e-15
9.04723e-16
2.08325e-16
1.53218e-10
5.93711e-10
1.26597e-09
2.32797e-09
4.00388e-09
6.63825e-09
1.07587e-08
1.7165e-08
2.70567e-08
4.17038e-08
6.31085e-08
9.41772e-08
1.38823e-07
2.02097e-07
2.90281e-07
4.10842e-07
5.72153e-07
7.82942e-07
1.05151e-06
1.385e-06
1.78731e-06
2.26121e-06
2.80419e-06
3.41217e-06
4.08017e-06
4.7804e-06
5.52262e-06
6.31307e-06
7.11323e-06
7.93733e-06
8.77047e-06
9.59358e-06
1.04151e-05
1.12174e-05
1.2001e-05
1.27589e-05
1.34855e-05
1.41798e-05
1.484e-05
1.54671e-05
1.60578e-05
1.66138e-05
1.71351e-05
1.76261e-05
1.80799e-05
1.84998e-05
1.88841e-05
1.92297e-05
1.95296e-05
1.97775e-05
1.99373e-05
1.99788e-05
1.98437e-05
1.9441e-05
1.86326e-05
1.72092e-05
1.48571e-05
1.11486e-05
6.20161e-06
3.40831e-06
1.85892e-06
1.00124e-06
5.24959e-07
2.70002e-07
1.34873e-07
6.5397e-08
3.12727e-08
1.51877e-08
8.67248e-09
5.74264e-09
4.17216e-09
3.17182e-09
2.4517e-09
1.86503e-09
1.41407e-09
1.02932e-09
7.24162e-10
4.90516e-10
3.19638e-10
2.00789e-10
1.2208e-10
7.21846e-11
4.16962e-11
2.36168e-11
1.31546e-11
7.22139e-12
3.91382e-12
2.09715e-12
1.1123e-12
5.84556e-13
3.04686e-13
1.57643e-13
8.10245e-14
4.13054e-14
2.0851e-14
1.03742e-14
5.03085e-15
2.31435e-15
9.36264e-16
2.15534e-16
1.53958e-10
5.96575e-10
1.27209e-09
2.33932e-09
4.02366e-09
6.67167e-09
1.08142e-08
1.72562e-08
2.72047e-08
4.19627e-08
6.35127e-08
9.47942e-08
1.39742e-07
2.0344e-07
2.9221e-07
4.13558e-07
5.75885e-07
7.87936e-07
1.05798e-06
1.39287e-06
1.79719e-06
2.27265e-06
2.81832e-06
3.4299e-06
4.09956e-06
4.80098e-06
5.54531e-06
6.33836e-06
7.14018e-06
7.96705e-06
8.79439e-06
9.61954e-06
1.04417e-05
1.12443e-05
1.20279e-05
1.27848e-05
1.35107e-05
1.42044e-05
1.48636e-05
1.54895e-05
1.608e-05
1.66356e-05
1.71568e-05
1.76471e-05
1.81003e-05
1.85193e-05
1.89031e-05
1.92483e-05
1.95472e-05
1.97942e-05
1.99533e-05
1.99958e-05
1.98644e-05
1.94709e-05
1.8681e-05
1.72922e-05
1.50011e-05
1.13846e-05
6.39658e-06
3.52339e-06
1.92687e-06
1.04147e-06
5.46671e-07
2.82396e-07
1.41722e-07
6.90512e-08
3.30648e-08
1.59259e-08
8.94064e-09
5.84042e-09
4.21225e-09
3.19177e-09
2.4631e-09
1.89638e-09
1.43919e-09
1.05015e-09
7.41014e-10
5.03465e-10
3.28988e-10
2.07141e-10
1.26167e-10
7.46967e-11
4.31849e-11
2.44737e-11
1.36363e-11
7.48696e-12
4.05786e-12
2.17416e-12
1.15296e-12
6.05798e-13
3.15671e-13
1.63255e-13
8.38254e-14
4.27046e-14
2.15473e-14
1.07176e-14
5.19697e-15
2.3915e-15
9.67539e-16
2.22729e-16
1.54787e-10
5.99796e-10
1.27903e-09
2.35232e-09
4.04659e-09
6.71089e-09
1.08802e-08
1.73663e-08
2.73879e-08
4.22606e-08
6.40215e-08
9.56074e-08
1.40998e-07
2.05329e-07
2.94982e-07
4.17522e-07
5.81386e-07
7.95339e-07
1.06761e-06
1.40489e-06
1.81209e-06
2.29018e-06
2.83777e-06
3.45089e-06
4.12354e-06
4.82894e-06
5.57526e-06
6.37059e-06
7.17492e-06
8.00363e-06
8.8287e-06
9.65384e-06
1.04751e-05
1.12774e-05
1.20606e-05
1.28164e-05
1.35413e-05
1.42351e-05
1.48927e-05
1.55156e-05
1.61084e-05
1.66623e-05
1.71823e-05
1.76722e-05
1.81245e-05
1.85432e-05
1.89262e-05
1.9273e-05
1.95714e-05
1.98189e-05
1.99796e-05
2.00254e-05
1.99006e-05
1.95194e-05
1.87517e-05
1.74025e-05
1.51796e-05
1.16692e-05
6.69314e-06
3.69615e-06
2.02757e-06
1.09975e-06
5.78998e-07
3.00305e-07
1.51494e-07
7.41487e-08
3.55916e-08
1.70369e-08
9.36894e-09
6.01205e-09
4.29601e-09
3.24029e-09
2.49838e-09
1.9272e-09
1.46829e-09
1.07579e-09
7.62386e-10
5.20121e-10
3.41071e-10
2.15316e-10
1.3137e-10
7.7849e-11
4.50226e-11
2.55138e-11
1.42115e-11
7.79929e-12
4.22488e-12
2.26232e-12
1.19897e-12
6.29553e-13
3.27802e-13
1.69361e-13
8.68213e-14
4.41859e-14
2.22779e-14
1.10744e-14
5.36802e-15
2.46999e-15
9.99441e-16
2.30091e-16
1.55569e-10
6.02839e-10
1.28561e-09
2.36462e-09
4.06816e-09
6.74724e-09
1.09396e-08
1.74604e-08
2.75304e-08
4.2488e-08
6.437e-08
9.61555e-08
1.41847e-07
2.06616e-07
2.96897e-07
4.20314e-07
5.85362e-07
8.00877e-07
1.07514e-06
1.41493e-06
1.82463e-06
2.30553e-06
2.85567e-06
3.47202e-06
4.14812e-06
4.85679e-06
5.60696e-06
6.4051e-06
7.21138e-06
8.04191e-06
8.8689e-06
9.69611e-06
1.05138e-05
1.13166e-05
1.20996e-05
1.2854e-05
1.35773e-05
1.42695e-05
1.49259e-05
1.55479e-05
1.61404e-05
1.66937e-05
1.72131e-05
1.77023e-05
1.81546e-05
1.85769e-05
1.89606e-05
1.93107e-05
1.96114e-05
1.98621e-05
2.00278e-05
2.00818e-05
1.99702e-05
1.96099e-05
1.88759e-05
1.75813e-05
1.54472e-05
1.20749e-05
7.19877e-06
3.97777e-06
2.18459e-06
1.18723e-06
6.26454e-07
3.26161e-07
1.65118e-07
8.1064e-08
3.8755e-08
1.87354e-08
1.0041e-08
6.29509e-09
4.43518e-09
3.32279e-09
2.55582e-09
1.97373e-09
1.50539e-09
1.10703e-09
7.8783e-10
5.39725e-10
3.55215e-10
2.24866e-10
1.3744e-10
8.15157e-11
4.71497e-11
2.67097e-11
1.48678e-11
8.15265e-12
4.41222e-12
2.36037e-12
1.24972e-12
6.55563e-13
3.40999e-13
1.75981e-13
9.013e-14
4.58171e-14
2.30819e-14
1.14701e-14
5.55936e-15
2.55775e-15
1.03487e-15
2.38241e-16
1.56106e-10
6.04913e-10
1.29003e-09
2.37283e-09
4.08251e-09
6.77175e-09
1.09812e-08
1.75311e-08
2.76525e-08
4.26874e-08
6.46814e-08
9.6622e-08
1.42551e-07
2.07688e-07
2.98517e-07
4.22732e-07
5.88904e-07
8.0598e-07
1.08237e-06
1.42498e-06
1.83839e-06
2.32427e-06
2.88057e-06
3.50177e-06
4.18104e-06
4.89211e-06
5.6437e-06
6.44443e-06
7.25385e-06
8.08694e-06
8.91556e-06
9.74421e-06
1.05618e-05
1.13644e-05
1.21454e-05
1.28986e-05
1.36205e-05
1.43112e-05
1.49665e-05
1.55876e-05
1.61792e-05
1.67319e-05
1.72514e-05
1.7741e-05
1.8195e-05
1.86205e-05
1.90076e-05
1.93636e-05
1.96705e-05
1.99295e-05
2.01057e-05
2.01735e-05
2.00817e-05
1.97519e-05
1.9065e-05
1.78429e-05
1.58217e-05
1.26231e-05
7.93571e-06
4.37773e-06
2.40212e-06
1.30492e-06
6.89041e-07
3.59514e-07
1.82781e-07
9.01588e-08
4.32782e-08
2.07853e-08
1.08729e-08
6.65477e-09
4.61425e-09
3.42858e-09
2.62692e-09
2.02831e-09
1.55181e-09
1.14512e-09
8.18238e-10
5.62848e-10
3.71767e-10
2.35985e-10
1.44477e-10
8.57483e-11
4.95921e-11
2.80738e-11
1.56104e-11
8.54873e-12
4.62005e-12
2.46799e-12
1.30487e-12
6.83595e-13
3.55177e-13
1.83153e-13
9.37698e-14
4.76508e-14
2.39939e-14
1.19161e-14
5.77189e-15
2.65412e-15
1.07349e-15
2.47109e-16
1.56401e-10
6.06057e-10
1.29248e-09
2.37742e-09
4.09074e-09
6.78639e-09
1.10075e-08
1.75793e-08
2.77423e-08
4.2856e-08
6.4974e-08
9.71069e-08
1.43311e-07
2.08882e-07
3.00377e-07
4.25576e-07
5.93138e-07
8.12086e-07
1.09085e-06
1.4363e-06
1.85286e-06
2.34196e-06
2.9012e-06
3.5268e-06
4.21178e-06
4.92931e-06
5.68863e-06
6.49243e-06
7.30378e-06
8.1391e-06
8.96949e-06
9.79985e-06
1.06183e-05
1.14215e-05
1.22015e-05
1.29516e-05
1.3671e-05
1.43595e-05
1.50131e-05
1.56329e-05
1.62235e-05
1.67758e-05
1.72957e-05
1.77865e-05
1.82428e-05
1.86719e-05
1.90631e-05
1.94245e-05
1.97385e-05
2.00077e-05
2.01981e-05
2.02849e-05
2.02193e-05
1.99257e-05
1.92932e-05
1.81498e-05
1.62457e-05
1.32223e-05
8.74342e-06
4.81928e-06
2.64502e-06
1.44082e-06
7.63503e-07
4.00106e-07
2.03928e-07
1.0097e-07
4.86145e-08
2.33382e-08
1.18506e-08
7.06254e-09
4.81297e-09
3.54979e-09
2.71185e-09
2.09157e-09
1.59037e-09
1.19346e-09
8.55268e-10
5.90206e-10
3.90904e-10
2.48568e-10
1.5227e-10
9.03316e-11
5.21785e-11
2.94876e-11
1.63649e-11
8.94418e-12
4.82448e-12
2.57259e-12
1.35798e-12
7.10414e-13
3.68677e-13
1.89938e-13
9.71784e-14
4.93597e-14
2.48458e-14
1.23357e-14
5.97376e-15
2.74642e-15
1.11066e-15
2.55664e-16
1.56439e-10
6.06205e-10
1.2928e-09
2.37802e-09
4.09198e-09
6.78926e-09
1.10146e-08
1.75965e-08
2.7782e-08
4.29342e-08
6.51398e-08
9.74582e-08
1.44039e-07
2.10199e-07
3.02567e-07
4.28952e-07
5.98224e-07
8.19507e-07
1.10127e-06
1.45029e-06
1.87078e-06
2.36376e-06
2.92839e-06
3.55857e-06
4.24711e-06
4.96889e-06
5.73218e-06
6.53897e-06
7.35516e-06
8.19447e-06
9.02789e-06
9.86028e-06
1.06796e-05
1.14826e-05
1.22597e-05
1.30078e-05
1.37251e-05
1.44113e-05
1.50632e-05
1.56819e-05
1.62719e-05
1.68247e-05
1.7345e-05
1.78356e-05
1.82947e-05
1.8728e-05
1.91246e-05
1.94936e-05
1.98154e-05
2.00953e-05
2.0299e-05
2.04035e-05
2.03633e-05
2.01054e-05
1.95192e-05
1.84449e-05
1.66425e-05
1.37668e-05
9.46683e-06
5.21268e-06
2.8623e-06
1.55754e-06
8.34733e-07
4.38709e-07
2.2404e-07
1.11461e-07
5.38859e-08
2.58187e-08
1.28091e-08
7.45899e-09
5.00611e-09
3.6583e-09
2.78735e-09
2.15346e-09
1.63695e-09
1.23317e-09
8.89379e-10
6.17336e-10
4.10853e-10
2.62143e-10
1.60872e-10
9.54568e-11
5.50839e-11
3.10718e-11
1.72033e-11
9.37779e-12
5.04483e-12
2.68306e-12
1.41282e-12
7.37458e-13
3.8197e-13
1.96476e-13
1.00415e-13
5.09846e-14
2.565e-14
1.27275e-14
6.15984e-15
2.83041e-15
1.1441e-15
2.63291e-16
1.56158e-10
6.05057e-10
1.29009e-09
2.37248e-09
4.08149e-09
6.77065e-09
1.09837e-08
1.75493e-08
2.77176e-08
4.28482e-08
6.50484e-08
9.74025e-08
1.44089e-07
2.10524e-07
3.0347e-07
4.30968e-07
6.01814e-07
8.25394e-07
1.11043e-06
1.46393e-06
1.89022e-06
2.39048e-06
2.96267e-06
3.59764e-06
4.29121e-06
5.0171e-06
5.78232e-06
6.59303e-06
7.4114e-06
8.25047e-06
9.08663e-06
9.92122e-06
1.07418e-05
1.15423e-05
1.23166e-05
1.30622e-05
1.37769e-05
1.44605e-05
1.51105e-05
1.57277e-05
1.63166e-05
1.68691e-05
1.73903e-05
1.78832e-05
1.83432e-05
1.87793e-05
1.91804e-05
1.95551e-05
1.9886e-05
2.0176e-05
2.03915e-05
2.0513e-05
2.04925e-05
2.02607e-05
1.97103e-05
1.86842e-05
1.69511e-05
1.41806e-05
1.00084e-05
5.51064e-06
3.0306e-06
1.65249e-06
8.88644e-07
4.68957e-07
2.40114e-07
1.20019e-07
5.82523e-08
2.79263e-08
1.36732e-08
7.80724e-09
5.16014e-09
3.74733e-09
2.84657e-09
2.19603e-09
1.68556e-09
1.27133e-09
9.20994e-10
6.41956e-10
4.28596e-10
2.73926e-10
1.68118e-10
9.96304e-11
5.73654e-11
3.22704e-11
1.78149e-11
9.68409e-12
5.19771e-12
2.76086e-12
1.45101e-12
7.55857e-13
3.90762e-13
2.00664e-13
1.02387e-13
5.18753e-14
2.60701e-14
1.29304e-14
6.25751e-15
2.87578e-15
1.16273e-15
2.6764e-16
1.56144e-10
6.04985e-10
1.28981e-09
2.37146e-09
4.07861e-09
6.76404e-09
1.09707e-08
1.75272e-08
2.76859e-08
4.27993e-08
6.49974e-08
9.73914e-08
1.44207e-07
2.1095e-07
3.04533e-07
4.33234e-07
6.06266e-07
8.33068e-07
1.12232e-06
1.48083e-06
1.91256e-06
2.41793e-06
2.99375e-06
3.63749e-06
4.33775e-06
5.06961e-06
5.84006e-06
6.65229e-06
7.47241e-06
8.31008e-06
9.14262e-06
9.97279e-06
1.07907e-05
1.15873e-05
1.23585e-05
1.31013e-05
1.38136e-05
1.44947e-05
1.5143e-05
1.57588e-05
1.63467e-05
1.68986e-05
1.74199e-05
1.79128e-05
1.83753e-05
1.88149e-05
1.92187e-05
1.95981e-05
1.99334e-05
2.02294e-05
2.04531e-05
2.05826e-05
2.05732e-05
2.03555e-05
1.9825e-05
1.88267e-05
1.71324e-05
1.44144e-05
1.03088e-05
5.67827e-06
3.12634e-06
1.70724e-06
9.19903e-07
4.86733e-07
2.49814e-07
1.25271e-07
6.10482e-08
2.92794e-08
1.42453e-08
8.03093e-09
5.2604e-09
3.80264e-09
2.88696e-09
2.23075e-09
1.71985e-09
1.30575e-09
9.5122e-10
6.6684e-10
4.47476e-10
2.87004e-10
1.76378e-10
1.04418e-10
5.99388e-11
3.35678e-11
1.84337e-11
9.96401e-12
5.31589e-12
2.80422e-12
1.46737e-12
7.62294e-13
3.93459e-13
2.01891e-13
1.03001e-13
5.22189e-14
2.62573e-14
1.30308e-14
6.31019e-15
2.90124e-15
1.17327e-15
2.70118e-16
)
;

boundaryField
{
    fuel
    {
        type            fixedValue;
        value           uniform 0;
    }
    air
    {
        type            fixedValue;
        value           uniform 0;
    }
    outlet
    {
        type            inletOutlet;
        inletValue      uniform 0;
        value           nonuniform List<scalar> 
200
(
1.56135e-10
6.04953e-10
1.28974e-09
2.37133e-09
4.0784e-09
6.76368e-09
1.09701e-08
1.75263e-08
2.76845e-08
4.27973e-08
6.49944e-08
9.7387e-08
1.442e-07
2.10941e-07
3.04519e-07
4.33215e-07
6.0624e-07
8.33032e-07
1.12227e-06
1.48077e-06
1.91248e-06
2.41782e-06
2.99361e-06
3.63733e-06
4.33754e-06
5.06937e-06
5.83977e-06
6.65196e-06
7.47203e-06
8.30964e-06
9.14212e-06
9.97223e-06
1.07901e-05
1.15867e-05
1.23578e-05
1.31005e-05
1.38128e-05
1.44938e-05
1.51421e-05
1.57579e-05
1.63458e-05
1.68979e-05
1.74195e-05
1.7913e-05
1.83754e-05
1.88144e-05
1.92178e-05
1.9597e-05
1.99321e-05
2.02281e-05
2.04518e-05
2.05812e-05
2.05718e-05
2.03541e-05
1.98237e-05
1.88254e-05
1.7131e-05
1.4413e-05
1.03074e-05
5.6775e-06
3.12591e-06
1.707e-06
9.19773e-07
4.86662e-07
2.49776e-07
1.25249e-07
6.10359e-08
2.92731e-08
1.42426e-08
8.02978e-09
5.25987e-09
3.80226e-09
2.88655e-09
2.23048e-09
1.71967e-09
1.30561e-09
9.51122e-10
6.66772e-10
4.47431e-10
2.86976e-10
1.76363e-10
1.04409e-10
5.99344e-11
3.35656e-11
1.84325e-11
9.96343e-12
5.3156e-12
2.80407e-12
1.46729e-12
7.62257e-13
3.93442e-13
2.01883e-13
1.02997e-13
5.22171e-14
2.62564e-14
1.30303e-14
6.30992e-15
2.90111e-15
1.17322e-15
2.70106e-16
1.56144e-10
6.04985e-10
1.28981e-09
2.37146e-09
4.07861e-09
6.76404e-09
1.09707e-08
1.75272e-08
2.76859e-08
4.27993e-08
6.49974e-08
9.73914e-08
1.44207e-07
2.1095e-07
3.04533e-07
4.33234e-07
6.06266e-07
8.33068e-07
1.12232e-06
1.48083e-06
1.91256e-06
2.41793e-06
2.99375e-06
3.63749e-06
4.33775e-06
5.06961e-06
5.84006e-06
6.65229e-06
7.47241e-06
8.31008e-06
9.14262e-06
9.97279e-06
1.07907e-05
1.15873e-05
1.23585e-05
1.31013e-05
1.38136e-05
1.44947e-05
1.5143e-05
1.57588e-05
1.63467e-05
1.68986e-05
1.74199e-05
1.79128e-05
1.83753e-05
1.88149e-05
1.92187e-05
1.95981e-05
1.99334e-05
2.02294e-05
2.04531e-05
2.05826e-05
2.05732e-05
2.03555e-05
1.9825e-05
1.88267e-05
1.71324e-05
1.44144e-05
1.03088e-05
5.67827e-06
3.12634e-06
1.70724e-06
9.19903e-07
4.86733e-07
2.49814e-07
1.25271e-07
6.10482e-08
2.92794e-08
1.42453e-08
8.03093e-09
5.2604e-09
3.80264e-09
2.88696e-09
2.23075e-09
1.71985e-09
1.30575e-09
9.5122e-10
6.6684e-10
4.47476e-10
2.87004e-10
1.76378e-10
1.04418e-10
5.99388e-11
3.35678e-11
1.84337e-11
9.96401e-12
5.31589e-12
2.80422e-12
1.46737e-12
7.62294e-13
3.93459e-13
2.01891e-13
1.03001e-13
5.22189e-14
2.62573e-14
1.30308e-14
6.31019e-15
2.90124e-15
1.17327e-15
2.70118e-16
)
;
    }
    frontAndBack
    {
        type            empty;
    }
    internal
    {
        type            internal;
    }
}


// ************************************************************************* //
