/*--------------------------------*- C++ -*----------------------------------*\
  =========                 |
  \\      /  F ield         | OpenFOAM: The Open Source CFD Toolbox
   \\    /   O peration     | Website:  https://openfoam.org
    \\  /    A nd           | Version:  10
     \\/     M anipulation  |
\*---------------------------------------------------------------------------*/
FoamFile
{
    format      ascii;
    class       volScalarField;
    location    "1";
    object      NO;
}
// * * * * * * * * * * * * * * * * * * * * * * * * * * * * * * * * * * * * * //

dimensions      [0 0 0 0 0 0 0];

internalField   nonuniform List<scalar> 
4000
(
5.81923e-10
2.25469e-09
4.80692e-09
8.83804e-09
1.52003e-08
2.52083e-08
4.08855e-08
6.532e-08
1.03179e-07
1.59502e-07
2.42227e-07
3.62944e-07
5.37394e-07
7.8609e-07
1.13477e-06
1.61425e-06
2.25882e-06
3.10361e-06
4.18088e-06
5.51594e-06
7.12341e-06
9.00482e-06
1.11482e-05
1.3544e-05
1.61498e-05
1.88731e-05
2.17401e-05
2.47627e-05
2.78154e-05
3.09344e-05
3.40356e-05
3.71289e-05
4.01768e-05
4.31452e-05
4.60174e-05
4.87811e-05
5.14272e-05
5.39511e-05
5.6345e-05
5.86087e-05
6.07577e-05
6.27618e-05
6.46404e-05
6.64028e-05
6.80458e-05
6.96045e-05
7.10533e-05
7.24612e-05
7.38218e-05
7.52658e-05
7.68309e-05
7.87111e-05
8.1156e-05
8.45173e-05
8.92994e-05
9.62319e-05
0.000106384
0.000121288
0.000142655
0.00016825
0.000175327
0.000171726
0.000162258
0.000149883
0.000136213
0.000122431
0.000108825
9.55491e-05
8.21656e-05
6.94954e-05
5.70931e-05
4.54311e-05
3.52611e-05
2.68518e-05
2.00905e-05
1.47555e-05
1.04017e-05
7.08647e-06
4.64446e-06
2.92206e-06
1.76734e-06
1.03224e-06
5.85633e-07
3.24593e-07
1.76601e-07
9.46581e-08
5.01081e-08
2.62272e-08
1.36359e-08
7.04532e-09
3.61943e-09
1.84964e-09
9.40294e-10
4.75224e-10
2.38336e-10
1.18035e-10
5.70731e-11
2.62121e-11
1.05931e-11
2.43803e-12
5.81994e-10
2.25503e-09
4.80812e-09
8.84214e-09
1.52115e-08
2.52339e-08
4.09358e-08
6.54055e-08
1.03302e-07
1.59693e-07
2.42432e-07
3.6301e-07
5.36997e-07
7.84573e-07
1.13092e-06
1.606e-06
2.24257e-06
3.07556e-06
4.13742e-06
5.45416e-06
7.04181e-06
8.90468e-06
1.10351e-05
1.33994e-05
1.59816e-05
1.86842e-05
2.15335e-05
2.45523e-05
2.76005e-05
3.07268e-05
3.38431e-05
3.69548e-05
4.00156e-05
4.30023e-05
4.58912e-05
4.86707e-05
5.13323e-05
5.38728e-05
5.62815e-05
5.856e-05
6.0724e-05
6.27421e-05
6.46345e-05
6.64121e-05
6.80686e-05
6.96393e-05
7.1099e-05
7.25185e-05
7.38882e-05
7.53418e-05
7.69141e-05
7.88036e-05
8.12624e-05
8.46451e-05
8.94648e-05
9.64607e-05
0.000106717
0.000121777
0.000143321
0.000168308
0.000174838
0.000170893
0.000161211
0.000148711
0.000134983
0.000121157
0.000107534
9.4289e-05
8.08972e-05
6.82153e-05
5.57931e-05
4.42795e-05
3.42639e-05
2.60088e-05
1.93539e-05
1.40954e-05
9.87799e-06
6.68882e-06
4.35966e-06
2.7317e-06
1.64917e-06
9.63877e-07
5.48456e-07
3.05397e-07
1.67111e-07
9.01561e-08
4.80898e-08
2.54332e-08
1.33089e-08
6.90429e-09
3.55581e-09
1.8197e-09
9.25562e-10
4.67485e-10
2.34386e-10
1.16049e-10
5.60875e-11
2.57554e-11
1.04091e-11
2.39568e-12
5.83067e-10
2.2594e-09
4.81842e-09
8.8632e-09
1.52514e-08
2.53046e-08
4.1053e-08
6.55852e-08
1.03549e-07
1.60026e-07
2.42792e-07
3.63249e-07
5.3686e-07
7.83438e-07
1.12769e-06
1.59872e-06
2.22954e-06
3.05414e-06
4.10402e-06
5.40445e-06
6.97105e-06
8.8076e-06
1.09108e-05
1.32581e-05
1.58228e-05
1.85113e-05
2.13547e-05
2.43612e-05
2.74036e-05
3.05336e-05
3.36437e-05
3.6752e-05
3.98138e-05
4.28159e-05
4.57223e-05
4.85204e-05
5.12014e-05
5.37634e-05
5.61927e-05
5.84919e-05
6.06774e-05
6.27165e-05
6.46296e-05
6.64291e-05
6.8105e-05
6.96942e-05
7.11736e-05
7.26122e-05
7.40031e-05
7.54768e-05
7.70669e-05
7.89843e-05
8.1477e-05
8.49092e-05
8.98082e-05
9.69273e-05
0.00010738
0.000122747
0.000144625
0.000168401
0.00017404
0.000169531
0.000159497
0.000146821
0.000133063
0.000119217
0.000105601
9.23571e-05
7.8995e-05
6.63126e-05
5.39998e-05
4.26046e-05
3.28921e-05
2.496e-05
1.83811e-05
1.3381e-05
9.33535e-06
6.29721e-06
4.09355e-06
2.56212e-06
1.54759e-06
9.06212e-07
5.17085e-07
2.88864e-07
1.58587e-07
8.58103e-08
4.58626e-08
2.42532e-08
1.27082e-08
6.60553e-09
3.40934e-09
1.74871e-09
8.91864e-10
4.52346e-10
2.27344e-10
1.12714e-10
5.45179e-11
2.50409e-11
1.01199e-11
2.32876e-12
5.82952e-10
2.25896e-09
4.81748e-09
8.86139e-09
1.52475e-08
2.52951e-08
4.10287e-08
6.55248e-08
1.03408e-07
1.59745e-07
2.42193e-07
3.61973e-07
5.34203e-07
7.78625e-07
1.11967e-06
1.58633e-06
2.21086e-06
3.0269e-06
4.06582e-06
5.35321e-06
6.90551e-06
8.72802e-06
1.08119e-05
1.31431e-05
1.56956e-05
1.83696e-05
2.11999e-05
2.41975e-05
2.72249e-05
3.03437e-05
3.34468e-05
3.65526e-05
3.96169e-05
4.2627e-05
4.55519e-05
4.83673e-05
5.10677e-05
5.36513e-05
5.6102e-05
5.84233e-05
6.0632e-05
6.26939e-05
6.46304e-05
6.64555e-05
6.81556e-05
6.97685e-05
7.12736e-05
7.27396e-05
7.41569e-05
7.56601e-05
7.7283e-05
7.92434e-05
8.17978e-05
8.53216e-05
9.03492e-05
9.76726e-05
0.000108445
0.000124287
0.000146685
0.000168658
0.000173158
0.000167976
0.000157355
0.000144501
0.000130715
0.000116851
0.000103258
9.00612e-05
7.68487e-05
6.41286e-05
5.18347e-05
4.07436e-05
3.13485e-05
2.36606e-05
1.7397e-05
1.26369e-05
8.76392e-06
5.88132e-06
3.80759e-06
2.37674e-06
1.43407e-06
8.40107e-07
4.80165e-07
2.68915e-07
1.48083e-07
8.0389e-08
4.31076e-08
2.28695e-08
1.20188e-08
6.26381e-09
3.24031e-09
1.66498e-09
8.50064e-10
4.31086e-10
2.16747e-10
1.07535e-10
5.20559e-11
2.393e-11
9.67794e-12
2.22804e-12
5.81882e-10
2.25481e-09
4.80859e-09
8.84468e-09
1.52175e-08
2.52415e-08
4.09321e-08
6.53476e-08
1.03079e-07
1.59129e-07
2.41122e-07
3.60195e-07
5.31414e-07
7.74236e-07
1.11283e-06
1.57587e-06
2.1953e-06
3.00446e-06
4.03468e-06
5.31172e-06
6.85262e-06
8.66355e-06
1.0737e-05
1.30525e-05
1.5585e-05
1.82366e-05
2.10403e-05
2.40285e-05
2.70511e-05
3.01648e-05
3.32651e-05
3.63693e-05
3.94362e-05
4.24509e-05
4.53883e-05
4.82237e-05
5.09435e-05
5.35475e-05
5.60186e-05
5.83611e-05
6.0592e-05
6.26765e-05
6.46363e-05
6.64869e-05
6.82121e-05
6.98497e-05
7.13816e-05
7.28763e-05
7.43254e-05
7.58686e-05
7.75419e-05
7.95684e-05
8.22154e-05
8.58695e-05
9.10948e-05
9.87145e-05
0.000109938
0.000126445
0.000149577
0.000169161
0.000172201
0.000166117
0.000154996
0.00014193
0.000128131
0.000114274
0.000100694
8.74437e-05
7.44931e-05
6.18681e-05
4.97394e-05
3.88932e-05
2.97353e-05
2.24013e-05
1.65867e-05
1.18099e-05
8.17188e-06
5.47178e-06
3.53649e-06
2.20593e-06
1.33155e-06
7.81156e-07
4.47426e-07
2.51221e-07
1.38717e-07
7.55098e-08
4.05967e-08
2.15894e-08
1.13709e-08
5.93752e-09
3.07654e-09
1.58292e-09
8.08984e-10
4.10552e-10
2.06531e-10
1.02507e-10
4.96369e-11
2.28231e-11
9.23169e-12
2.12532e-12
5.79922e-10
2.24724e-09
4.79243e-09
8.81469e-09
1.51648e-08
2.51512e-08
4.07773e-08
6.50795e-08
1.02626e-07
1.58393e-07
2.39974e-07
3.58475e-07
5.28817e-07
7.70284e-07
1.10686e-06
1.56696e-06
2.18226e-06
2.98569e-06
4.00815e-06
5.27487e-06
6.80227e-06
8.59516e-06
1.06464e-05
1.29447e-05
1.54662e-05
1.81098e-05
2.09095e-05
2.38898e-05
2.6903e-05
3.00098e-05
3.31073e-05
3.621e-05
3.92819e-05
4.23027e-05
4.52539e-05
4.81018e-05
5.08362e-05
5.34563e-05
5.59444e-05
5.83045e-05
6.05549e-05
6.26597e-05
6.4641e-05
6.65156e-05
6.82648e-05
6.99267e-05
7.14887e-05
7.30111e-05
7.45012e-05
7.60948e-05
7.78277e-05
7.99315e-05
8.26854e-05
8.65009e-05
9.19707e-05
9.9964e-05
0.000111762
0.00012913
0.000153237
0.000169964
0.000171397
0.000164427
0.00015285
0.000139583
0.000125689
0.000111816
9.82348e-05
8.50239e-05
7.21284e-05
5.95482e-05
4.76181e-05
3.70598e-05
2.82945e-05
2.12585e-05
1.56549e-05
1.11119e-05
7.66491e-06
5.11744e-06
3.29962e-06
2.05503e-06
1.2398e-06
7.27608e-07
4.17222e-07
2.34645e-07
1.29817e-07
7.08138e-08
3.81539e-08
2.03332e-08
1.07308e-08
5.61377e-09
2.91353e-09
1.50085e-09
7.67727e-10
3.89937e-10
1.96311e-10
9.7513e-11
4.72552e-11
2.1741e-11
8.79688e-12
2.02534e-12
5.77079e-10
2.23617e-09
4.76857e-09
8.7702e-09
1.50873e-08
2.50218e-08
4.05691e-08
6.47589e-08
1.02117e-07
1.57563e-07
2.38692e-07
3.56454e-07
5.25685e-07
7.65534e-07
1.09979e-06
1.55666e-06
2.1676e-06
2.9653e-06
3.98042e-06
5.238e-06
6.75627e-06
8.53901e-06
1.05811e-05
1.28679e-05
1.53773e-05
1.80097e-05
2.07962e-05
2.37676e-05
2.67751e-05
2.98772e-05
3.29701e-05
3.60681e-05
3.91568e-05
4.218e-05
4.51369e-05
4.79959e-05
5.07428e-05
5.33766e-05
5.58781e-05
5.82519e-05
6.0516e-05
6.26368e-05
6.46358e-05
6.65308e-05
6.83016e-05
6.99737e-05
7.15623e-05
7.31062e-05
7.46307e-05
7.62675e-05
7.80547e-05
8.02349e-05
8.31014e-05
8.70831e-05
9.28046e-05
0.000101185
0.000113583
0.000131844
0.000156896
0.000170712
0.000170553
0.000162724
0.000150741
0.000137313
0.000123432
0.000109647
9.62337e-05
8.26908e-05
6.99335e-05
5.7447e-05
4.57273e-05
3.54363e-05
2.6966e-05
2.01692e-05
1.48488e-05
1.05062e-05
7.22456e-06
4.80999e-06
3.09439e-06
1.92447e-06
1.16046e-06
6.813e-07
3.91061e-07
2.20242e-07
1.22046e-07
6.66883e-08
3.59921e-08
1.92127e-08
1.01555e-08
5.32099e-09
2.76614e-09
1.42795e-09
7.32081e-10
3.72441e-10
1.87637e-10
9.32261e-11
4.51757e-11
2.07814e-11
8.40765e-12
1.93559e-12
5.74e-10
2.22421e-09
4.74274e-09
8.72173e-09
1.50016e-08
2.48744e-08
4.03194e-08
6.43379e-08
1.0143e-07
1.56456e-07
2.36807e-07
3.53444e-07
5.2104e-07
7.58549e-07
1.08955e-06
1.54202e-06
2.1473e-06
2.938e-06
3.94498e-06
5.19376e-06
6.70158e-06
8.47477e-06
1.051e-05
1.27915e-05
1.52904e-05
1.79088e-05
2.06886e-05
2.36526e-05
2.66522e-05
2.97491e-05
3.28519e-05
3.59518e-05
3.90463e-05
4.20736e-05
4.50352e-05
4.79026e-05
5.06583e-05
5.32981e-05
5.5811e-05
5.8202e-05
6.04637e-05
6.25989e-05
6.46114e-05
6.6519e-05
6.83025e-05
6.99876e-05
7.15918e-05
7.31453e-05
7.46918e-05
7.63579e-05
7.81856e-05
8.04253e-05
8.3381e-05
8.74986e-05
9.34305e-05
0.00010214
0.000115052
0.000134069
0.000159757
0.000171058
0.000169528
0.000160976
0.000148675
0.000135145
0.000121247
0.000107518
9.41474e-05
8.06163e-05
6.79604e-05
5.55796e-05
4.40159e-05
3.40249e-05
2.58369e-05
1.92845e-05
1.41321e-05
9.96869e-06
6.83636e-06
4.54115e-06
2.91641e-06
1.81217e-06
1.09267e-06
6.41856e-07
3.68779e-07
2.07943e-07
1.1538e-07
6.31281e-08
3.41137e-08
1.82318e-08
9.64754e-09
5.0597e-09
2.63227e-09
1.35935e-09
6.97092e-10
3.54878e-10
1.79061e-10
8.90631e-11
4.31816e-11
1.98684e-11
8.03937e-12
1.85093e-12
5.71246e-10
2.21355e-09
4.71994e-09
8.67943e-09
1.49278e-08
2.47496e-08
4.01121e-08
6.39977e-08
1.00879e-07
1.55495e-07
2.35309e-07
3.51159e-07
5.17638e-07
7.53581e-07
1.08241e-06
1.53198e-06
2.13351e-06
2.91956e-06
3.92109e-06
5.1648e-06
6.66521e-06
8.43281e-06
1.04583e-05
1.27268e-05
1.52198e-05
1.78342e-05
2.06068e-05
2.35617e-05
2.65559e-05
2.96433e-05
3.27693e-05
3.58629e-05
3.89565e-05
4.19843e-05
4.49482e-05
4.78211e-05
5.05824e-05
5.32259e-05
5.57454e-05
5.81443e-05
6.041e-05
6.25499e-05
6.45664e-05
6.6479e-05
6.82677e-05
6.99581e-05
7.15671e-05
7.31244e-05
7.46791e-05
7.63569e-05
7.82043e-05
8.04769e-05
8.34873e-05
8.76949e-05
9.37737e-05
0.000102721
0.000116012
0.000135568
0.000161474
0.000170909
0.00016836
0.000159283
0.000146809
0.000133194
0.000119308
0.000105624
9.233e-05
7.88418e-05
6.62248e-05
5.39419e-05
4.2601e-05
3.28878e-05
2.49876e-05
1.83985e-05
1.34923e-05
9.51542e-06
6.52154e-06
4.32866e-06
2.77785e-06
1.72509e-06
1.03985e-06
6.10804e-07
3.51e-07
1.97984e-07
1.09903e-07
6.01617e-08
3.25283e-08
1.73943e-08
9.20961e-09
4.83257e-09
2.51516e-09
1.29917e-09
6.66333e-10
3.39276e-10
1.7116e-10
8.51467e-11
4.13008e-11
1.90115e-11
7.69472e-12
1.77186e-12
5.68982e-10
2.20487e-09
4.70162e-09
8.64601e-09
1.48704e-08
2.4654e-08
3.99546e-08
6.37379e-08
1.00445e-07
1.54763e-07
2.34129e-07
3.49315e-07
5.14823e-07
7.49399e-07
1.07638e-06
1.52349e-06
2.12182e-06
2.90381e-06
3.9004e-06
5.13744e-06
6.63328e-06
8.39147e-06
1.04102e-05
1.26763e-05
1.51631e-05
1.77715e-05
2.0539e-05
2.34881e-05
2.64794e-05
2.95642e-05
3.26921e-05
3.5785e-05
3.88789e-05
4.19068e-05
4.4871e-05
4.77454e-05
5.05129e-05
5.3159e-05
5.56807e-05
5.80833e-05
6.03496e-05
6.24892e-05
6.45058e-05
6.64174e-05
6.82045e-05
6.98915e-05
7.14968e-05
7.30497e-05
7.46002e-05
7.62748e-05
7.81236e-05
8.04053e-05
8.34392e-05
8.76956e-05
9.38643e-05
0.000102969
0.00011652
0.00013644
0.000162255
0.000170376
0.000167081
0.000157605
0.000145071
0.000131431
0.000117585
0.000103972
9.07563e-05
7.73738e-05
6.48141e-05
5.26213e-05
4.14428e-05
3.19229e-05
2.41977e-05
1.77777e-05
1.30159e-05
9.16349e-06
6.269e-06
4.15336e-06
2.66065e-06
1.64981e-06
9.93334e-07
5.83053e-07
3.3493e-07
1.88906e-07
1.0488e-07
5.74307e-08
3.10658e-08
1.6621e-08
8.8051e-09
4.62286e-09
2.40706e-09
1.24364e-09
6.38075e-10
3.25006e-10
1.64065e-10
8.16691e-11
3.96328e-11
1.82492e-11
7.38734e-12
1.70126e-12
5.66724e-10
2.19611e-09
4.68289e-09
8.61136e-09
1.48106e-08
2.45548e-08
3.97952e-08
6.34903e-08
1.00077e-07
1.54179e-07
2.33226e-07
3.47927e-07
5.1265e-07
7.46071e-07
1.07141e-06
1.51636e-06
2.11202e-06
2.89078e-06
3.88393e-06
5.116e-06
6.60491e-06
8.35804e-06
1.03719e-05
1.26313e-05
1.51146e-05
1.77191e-05
2.04829e-05
2.34275e-05
2.64164e-05
2.94983e-05
3.26258e-05
3.5718e-05
3.88128e-05
4.18409e-05
4.48058e-05
4.76823e-05
5.04516e-05
5.30975e-05
5.5619e-05
5.80224e-05
6.02872e-05
6.24245e-05
6.44374e-05
6.63438e-05
6.81244e-05
6.98038e-05
7.13997e-05
7.29417e-05
7.44801e-05
7.61408e-05
7.79795e-05
8.02564e-05
8.32951e-05
8.75725e-05
9.37905e-05
0.000102989
0.000116694
0.000136792
0.000162584
0.000169713
0.000165886
0.000156146
0.000143574
0.000129847
0.000116057
0.000102513
8.93566e-05
7.61143e-05
6.35944e-05
5.14793e-05
4.0448e-05
3.11082e-05
2.355e-05
1.73125e-05
1.26515e-05
8.88718e-06
6.06545e-06
4.00803e-06
2.5612e-06
1.58494e-06
9.52907e-07
5.58819e-07
3.20856e-07
1.80939e-07
1.00464e-07
5.50257e-08
2.97754e-08
1.59375e-08
8.44728e-09
4.43786e-09
2.31311e-09
1.19694e-09
6.15065e-10
3.13641e-10
1.58354e-10
7.88066e-11
3.82342e-11
1.76024e-11
7.12471e-12
1.64073e-12
5.64739e-10
2.18844e-09
4.66652e-09
8.58116e-09
1.47583e-08
2.44674e-08
3.9652e-08
6.32585e-08
9.96829e-08
1.53536e-07
2.32245e-07
3.46514e-07
5.10739e-07
7.43401e-07
1.06758e-06
1.51068e-06
2.1039e-06
2.87975e-06
3.869e-06
5.09786e-06
6.58262e-06
8.33165e-06
1.03419e-05
1.25972e-05
1.50761e-05
1.76766e-05
2.04371e-05
2.33777e-05
2.63645e-05
2.94438e-05
3.25706e-05
3.56619e-05
3.87561e-05
4.17844e-05
4.47494e-05
4.76257e-05
5.0395e-05
5.30396e-05
5.5559e-05
5.79594e-05
6.02209e-05
6.23545e-05
6.43627e-05
6.62624e-05
6.80349e-05
6.97044e-05
7.12887e-05
7.28173e-05
7.43414e-05
7.5986e-05
7.78106e-05
8.00781e-05
8.3118e-05
8.74155e-05
9.36828e-05
0.000102978
0.000116852
0.000137169
0.000162484
0.000168991
0.000164804
0.000154878
0.000142236
0.000128545
0.000114771
0.000101259
8.81512e-05
7.50399e-05
6.2551e-05
5.04979e-05
3.95898e-05
3.03899e-05
2.29613e-05
1.69112e-05
1.2344e-05
8.6537e-06
5.89183e-06
3.88488e-06
2.47789e-06
1.53109e-06
9.19487e-07
5.388e-07
3.09212e-07
1.7433e-07
9.67876e-08
5.30162e-08
2.86926e-08
1.53605e-08
8.14135e-09
4.27669e-09
2.2291e-09
1.15398e-09
5.93071e-10
3.02486e-10
1.52828e-10
7.61114e-11
3.69471e-11
1.70159e-11
6.88871e-12
1.58654e-12
5.63051e-10
2.18192e-09
4.65264e-09
8.55559e-09
1.47142e-08
2.43938e-08
3.9532e-08
6.30661e-08
9.93528e-08
1.52989e-07
2.31384e-07
3.45202e-07
5.08769e-07
7.406e-07
1.06378e-06
1.50584e-06
2.09741e-06
2.8709e-06
3.85722e-06
5.08213e-06
6.56384e-06
8.30991e-06
1.03155e-05
1.25678e-05
1.50434e-05
1.76413e-05
2.03995e-05
2.3337e-05
2.6322e-05
2.93991e-05
3.2525e-05
3.56154e-05
3.87092e-05
4.1736e-05
4.46987e-05
4.75743e-05
5.03437e-05
5.29866e-05
5.55034e-05
5.79025e-05
6.01598e-05
6.22874e-05
6.42881e-05
6.61782e-05
6.79416e-05
6.96014e-05
7.11751e-05
7.26925e-05
7.42044e-05
7.58339e-05
7.76498e-05
7.9914e-05
8.29596e-05
8.72789e-05
9.35958e-05
0.000102985
0.000117015
0.000137523
0.000162335
0.000168372
0.000163907
0.000153834
0.000141131
0.000127468
0.000113706
0.000100222
8.71425e-05
7.41391e-05
6.16579e-05
4.96584e-05
3.88439e-05
2.9775e-05
2.24666e-05
1.65768e-05
1.20785e-05
8.45266e-06
5.74413e-06
3.78031e-06
2.40701e-06
1.48514e-06
8.90916e-07
5.2166e-07
2.99232e-07
1.68661e-07
9.36343e-08
5.12939e-08
2.77682e-08
1.48741e-08
7.89281e-09
4.15189e-09
2.16557e-09
1.1212e-09
5.76299e-10
2.93936e-10
1.48472e-10
7.39304e-11
3.58846e-11
1.65252e-11
6.68963e-12
1.54064e-12
5.61648e-10
2.17651e-09
4.64113e-09
8.53444e-09
1.46778e-08
2.43335e-08
3.94342e-08
6.29106e-08
9.90817e-08
1.52537e-07
2.30674e-07
3.44128e-07
5.07179e-07
7.38294e-07
1.06049e-06
1.50121e-06
2.09137e-06
2.86327e-06
3.84757e-06
5.06998e-06
6.54879e-06
8.29164e-06
1.0295e-05
1.25446e-05
1.50178e-05
1.76132e-05
2.03693e-05
2.33043e-05
2.62876e-05
2.93626e-05
3.24874e-05
3.55765e-05
3.86687e-05
4.16944e-05
4.46565e-05
4.75314e-05
5.02994e-05
5.29399e-05
5.5454e-05
5.78491e-05
6.01015e-05
6.22239e-05
6.42195e-05
6.61028e-05
6.78586e-05
6.951e-05
7.10761e-05
7.25831e-05
7.40836e-05
7.57026e-05
7.75132e-05
7.97771e-05
8.2833e-05
8.71788e-05
9.35476e-05
0.000103029
0.000117209
0.000137895
0.000162223
0.000167885
0.000163191
0.000152977
0.000140218
0.000126556
0.000112802
9.9334e-05
8.62671e-05
7.33675e-05
6.09096e-05
4.89521e-05
3.82371e-05
2.92675e-05
2.20525e-05
1.62981e-05
1.18571e-05
8.28057e-06
5.61629e-06
3.6893e-06
2.34519e-06
1.44508e-06
8.66042e-07
5.06767e-07
2.90579e-07
1.63755e-07
9.09075e-08
4.98035e-08
2.69646e-08
1.44453e-08
7.66515e-09
4.03281e-09
2.10583e-09
1.09108e-09
5.6104e-10
2.86138e-10
1.44555e-10
7.19896e-11
3.49458e-11
1.60938e-11
6.51508e-12
1.50045e-12
5.60497e-10
2.17207e-09
4.6317e-09
8.51712e-09
1.4648e-08
2.42841e-08
3.93545e-08
6.27842e-08
9.88607e-08
1.52169e-07
2.30098e-07
3.43258e-07
5.05899e-07
7.36446e-07
1.05788e-06
1.49759e-06
2.0865e-06
2.85659e-06
3.83917e-06
5.06013e-06
6.53701e-06
8.27767e-06
1.02786e-05
1.25259e-05
1.4997e-05
1.75905e-05
2.03448e-05
2.32772e-05
2.62598e-05
2.93335e-05
3.24576e-05
3.55461e-05
3.86378e-05
4.1662e-05
4.4623e-05
4.74961e-05
5.02628e-05
5.29006e-05
5.5411e-05
5.78027e-05
6.00508e-05
6.21683e-05
6.4157e-05
6.60323e-05
6.77795e-05
6.94202e-05
7.10038e-05
7.24973e-05
7.39879e-05
7.55981e-05
7.74053e-05
7.9673e-05
8.27427e-05
8.71176e-05
9.35395e-05
0.000103109
0.000117427
0.000138273
0.000162184
0.000167562
0.000162713
0.0001522
0.000139432
0.00012578
0.000112048
9.86013e-05
8.55527e-05
7.27452e-05
6.02905e-05
4.83718e-05
3.77294e-05
2.88504e-05
2.17142e-05
1.60689e-05
1.16585e-05
8.12184e-06
5.49815e-06
3.606e-06
2.28937e-06
1.40939e-06
8.44154e-07
4.93796e-07
2.83104e-07
1.59543e-07
8.85781e-08
4.85347e-08
2.62822e-08
1.4082e-08
7.47302e-09
3.93141e-09
2.05187e-09
1.06299e-09
5.46713e-10
2.79009e-10
1.41023e-10
7.02571e-11
3.41145e-11
1.57139e-11
6.36201e-12
1.46526e-12
5.5957e-10
2.1685e-09
4.62408e-09
8.50311e-09
1.46239e-08
2.4244e-08
3.92891e-08
6.26794e-08
9.86816e-08
1.51874e-07
2.29636e-07
3.42565e-07
5.04881e-07
7.34979e-07
1.0558e-06
1.49473e-06
2.08253e-06
2.85149e-06
3.83253e-06
5.05176e-06
6.5272e-06
8.26614e-06
1.02653e-05
1.2511e-05
1.49806e-05
1.75727e-05
2.0326e-05
2.32568e-05
2.6238e-05
2.931e-05
3.24335e-05
3.5521e-05
3.8612e-05
4.16358e-05
4.45957e-05
4.74675e-05
5.02323e-05
5.28679e-05
5.53762e-05
5.77655e-05
6.00102e-05
6.21237e-05
6.41083e-05
6.59786e-05
6.77211e-05
6.93574e-05
7.09369e-05
7.24267e-05
7.39137e-05
7.55203e-05
7.73285e-05
7.96028e-05
8.26877e-05
8.70911e-05
9.35618e-05
0.000103212
0.000117653
0.000138643
0.00016217
0.000167297
0.000162288
0.000151684
0.000138871
0.000125206
0.000111473
9.80345e-05
8.49942e-05
7.22606e-05
5.98136e-05
4.79267e-05
3.73481e-05
2.85461e-05
2.14877e-05
1.59324e-05
1.14041e-05
7.95453e-06
5.38645e-06
3.5324e-06
2.24197e-06
1.37977e-06
8.26204e-07
4.8322e-07
2.7702e-07
1.56114e-07
8.66786e-08
4.74983e-08
2.57244e-08
1.37852e-08
7.31662e-09
3.84965e-09
2.0094e-09
1.04109e-09
5.35512e-10
2.73333e-10
1.38176e-10
6.88497e-11
3.34352e-11
1.54023e-11
6.23612e-12
1.43624e-12
5.58854e-10
2.16573e-09
4.6182e-09
8.49232e-09
1.46053e-08
2.42132e-08
3.92393e-08
6.26003e-08
9.85441e-08
1.51645e-07
2.2928e-07
3.42029e-07
5.04096e-07
7.33852e-07
1.05422e-06
1.49254e-06
2.07955e-06
2.84758e-06
3.82747e-06
5.04542e-06
6.51942e-06
8.25718e-06
1.02552e-05
1.24996e-05
1.49681e-05
1.75592e-05
2.03114e-05
2.32411e-05
2.62217e-05
2.92929e-05
3.24157e-05
3.55026e-05
3.8593e-05
4.16161e-05
4.4575e-05
4.74456e-05
5.02096e-05
5.2844e-05
5.53504e-05
5.77378e-05
5.99804e-05
6.20913e-05
6.40731e-05
6.59398e-05
6.76792e-05
6.93125e-05
7.08881e-05
7.23757e-05
7.38611e-05
7.54666e-05
7.72776e-05
7.95592e-05
8.26586e-05
8.70881e-05
9.36022e-05
0.000103322
0.00011787
0.000138989
0.000162184
0.000167106
0.000161972
0.000151309
0.000138462
0.000124783
0.00011105
9.76159e-05
8.45818e-05
7.18797e-05
5.94372e-05
4.75759e-05
3.70451e-05
2.82968e-05
2.12873e-05
1.57701e-05
1.12689e-05
7.8496e-06
5.3091e-06
3.47794e-06
2.20559e-06
1.35661e-06
8.12044e-07
4.74848e-07
2.72204e-07
1.53404e-07
8.51813e-08
4.66836e-08
2.52867e-08
1.35525e-08
7.19407e-09
3.7857e-09
1.97633e-09
1.02412e-09
5.2687e-10
2.68961e-10
1.35983e-10
6.77632e-11
3.29099e-11
1.51609e-11
6.13851e-12
1.41377e-12
5.58333e-10
2.16372e-09
4.61393e-09
8.48448e-09
1.45919e-08
2.41909e-08
3.92032e-08
6.2543e-08
9.84438e-08
1.51478e-07
2.29018e-07
3.41635e-07
5.03515e-07
7.33011e-07
1.05302e-06
1.49086e-06
2.07731e-06
2.84461e-06
3.82377e-06
5.04085e-06
6.51387e-06
8.25057e-06
1.02476e-05
1.24912e-05
1.4959e-05
1.75494e-05
2.03011e-05
2.32299e-05
2.62101e-05
2.92807e-05
3.24031e-05
3.54896e-05
3.85796e-05
4.16021e-05
4.45604e-05
4.74302e-05
5.01935e-05
5.28267e-05
5.53321e-05
5.77183e-05
5.99592e-05
6.20683e-05
6.40483e-05
6.59129e-05
6.76505e-05
6.92821e-05
7.0855e-05
7.23414e-05
7.38265e-05
7.54321e-05
7.72463e-05
7.95347e-05
8.26467e-05
8.70974e-05
9.36462e-05
0.000103422
0.000118055
0.000139273
0.000162218
0.000166983
0.000161756
0.000151049
0.000138176
0.000124487
0.00011075
9.73187e-05
8.42907e-05
7.15941e-05
5.9157e-05
4.73144e-05
3.68185e-05
2.81092e-05
2.11364e-05
1.56493e-05
1.11733e-05
7.77737e-06
5.25626e-06
3.44077e-06
2.18058e-06
1.34052e-06
8.02102e-07
4.68915e-07
2.68763e-07
1.51454e-07
8.40981e-08
4.60919e-08
2.49683e-08
1.33837e-08
7.10578e-09
3.7399e-09
1.95269e-09
1.01197e-09
5.20649e-10
2.65802e-10
1.34393e-10
6.69745e-11
3.2528e-11
1.49853e-11
6.06743e-12
1.3974e-12
5.58e-10
2.16244e-09
4.6112e-09
8.47947e-09
1.45833e-08
2.41767e-08
3.91802e-08
6.25065e-08
9.83796e-08
1.51371e-07
2.2885e-07
3.41381e-07
5.03143e-07
7.32476e-07
1.05227e-06
1.48982e-06
2.0759e-06
2.84277e-06
3.82143e-06
5.03796e-06
6.51037e-06
8.24644e-06
1.02428e-05
1.24859e-05
1.49532e-05
1.75431e-05
2.02944e-05
2.32227e-05
2.62025e-05
2.92726e-05
3.23949e-05
3.54812e-05
3.85709e-05
4.1593e-05
4.45509e-05
4.74203e-05
5.01832e-05
5.28157e-05
5.53203e-05
5.77055e-05
5.99454e-05
6.20536e-05
6.40325e-05
6.58958e-05
6.76324e-05
6.92632e-05
7.08347e-05
7.23208e-05
7.3806e-05
7.54121e-05
7.7229e-05
7.95225e-05
8.26433e-05
8.71088e-05
9.36812e-05
0.000103494
0.000118183
0.000139468
0.000162251
0.000166912
0.000161622
0.000150886
0.000137996
0.000124299
0.00011056
9.71289e-05
8.41023e-05
7.14075e-05
5.89732e-05
4.71432e-05
3.66706e-05
2.79876e-05
2.10386e-05
1.55716e-05
1.1113e-05
7.73133e-06
5.22282e-06
3.41739e-06
2.16486e-06
1.33036e-06
7.9579e-07
4.6513e-07
2.66559e-07
1.50202e-07
8.34007e-08
4.57099e-08
2.4762e-08
1.32736e-08
7.04753e-09
3.70942e-09
1.93691e-09
1.00388e-09
5.16537e-10
2.63724e-10
1.33352e-10
6.64591e-11
3.22788e-11
1.48708e-11
6.0211e-12
1.38673e-12
5.57837e-10
2.16181e-09
4.60988e-09
8.47704e-09
1.45791e-08
2.41698e-08
3.91691e-08
6.24889e-08
9.83487e-08
1.51319e-07
2.28769e-07
3.4126e-07
5.02965e-07
7.32219e-07
1.0519e-06
1.48932e-06
2.07523e-06
2.84189e-06
3.82029e-06
5.03652e-06
6.50863e-06
8.24439e-06
1.02405e-05
1.24832e-05
1.49503e-05
1.754e-05
2.02911e-05
2.32192e-05
2.61988e-05
2.92688e-05
3.23909e-05
3.54771e-05
3.85667e-05
4.15887e-05
4.45464e-05
4.74155e-05
5.01782e-05
5.28104e-05
5.53145e-05
5.76995e-05
5.99389e-05
6.20466e-05
6.40251e-05
6.58877e-05
6.76239e-05
6.92543e-05
7.08252e-05
7.23112e-05
7.37966e-05
7.54032e-05
7.72215e-05
7.95177e-05
8.26431e-05
8.71161e-05
9.37005e-05
0.000103532
0.00011825
0.000139568
0.000162271
0.000166879
0.000161558
0.000150807
0.000137908
0.000124208
0.000110468
9.70369e-05
8.40107e-05
7.1316e-05
5.8883e-05
4.70593e-05
3.65984e-05
2.79284e-05
2.09914e-05
1.55343e-05
1.10843e-05
7.7097e-06
5.20703e-06
3.4064e-06
2.1575e-06
1.3256e-06
7.92833e-07
4.63356e-07
2.65526e-07
1.49615e-07
8.30731e-08
4.55302e-08
2.46648e-08
1.32215e-08
7.02e-09
3.69499e-09
1.92942e-09
1.00002e-09
5.14565e-10
2.62724e-10
1.32849e-10
6.62093e-11
3.21577e-11
1.4815e-11
5.99851e-12
1.38152e-12
5.5784e-10
2.16182e-09
4.60989e-09
8.47707e-09
1.45791e-08
2.41699e-08
3.91693e-08
6.24892e-08
9.8349e-08
1.51319e-07
2.28769e-07
3.4126e-07
5.02966e-07
7.3222e-07
1.05191e-06
1.48932e-06
2.07524e-06
2.84189e-06
3.8203e-06
5.03653e-06
6.50864e-06
8.2444e-06
1.02405e-05
1.24833e-05
1.49503e-05
1.75401e-05
2.02911e-05
2.32192e-05
2.61989e-05
2.92688e-05
3.2391e-05
3.54771e-05
3.85667e-05
4.15887e-05
4.45464e-05
4.74156e-05
5.01782e-05
5.28104e-05
5.53146e-05
5.76995e-05
5.9939e-05
6.20466e-05
6.40251e-05
6.58878e-05
6.7624e-05
6.92543e-05
7.08253e-05
7.23113e-05
7.37968e-05
7.54033e-05
7.72217e-05
7.95179e-05
8.26434e-05
8.71164e-05
9.37009e-05
0.000103533
0.000118251
0.000139569
0.000162272
0.00016688
0.000161559
0.000150808
0.000137909
0.000124208
0.000110468
9.70375e-05
8.40113e-05
7.13165e-05
5.88835e-05
4.70597e-05
3.65988e-05
2.79286e-05
2.09916e-05
1.55345e-05
1.10844e-05
7.7098e-06
5.2071e-06
3.40645e-06
2.15753e-06
1.32562e-06
7.92845e-07
4.63364e-07
2.6553e-07
1.49617e-07
8.30744e-08
4.55309e-08
2.46652e-08
1.32218e-08
7.02012e-09
3.69505e-09
1.92945e-09
1.00004e-09
5.14573e-10
2.62728e-10
1.32851e-10
6.62102e-11
3.21581e-11
1.48152e-11
5.99859e-12
1.38154e-12
5.58006e-10
2.16246e-09
4.61125e-09
8.47956e-09
1.45834e-08
2.41769e-08
3.91807e-08
6.25072e-08
9.83805e-08
1.51372e-07
2.28851e-07
3.41383e-07
5.03146e-07
7.32479e-07
1.05227e-06
1.48982e-06
2.07591e-06
2.84278e-06
3.82144e-06
5.03797e-06
6.5104e-06
8.24647e-06
1.02429e-05
1.24859e-05
1.49532e-05
1.75432e-05
2.02945e-05
2.32228e-05
2.62026e-05
2.92728e-05
3.2395e-05
3.54813e-05
3.8571e-05
4.15932e-05
4.45511e-05
4.74204e-05
5.01833e-05
5.28158e-05
5.53204e-05
5.77057e-05
5.99456e-05
6.20537e-05
6.40327e-05
6.58959e-05
6.76326e-05
6.92634e-05
7.0835e-05
7.23211e-05
7.38064e-05
7.54126e-05
7.72296e-05
7.95232e-05
8.26441e-05
8.71097e-05
9.36823e-05
0.000103495
0.000118185
0.00013947
0.000162254
0.000166914
0.000161624
0.000150889
0.000137998
0.000124301
0.000110562
9.71306e-05
8.41039e-05
7.14089e-05
5.89745e-05
4.71443e-05
3.66716e-05
2.79884e-05
2.10393e-05
1.55721e-05
1.11133e-05
7.73161e-06
5.22303e-06
3.41753e-06
2.16496e-06
1.33042e-06
7.95826e-07
4.65151e-07
2.66572e-07
1.50209e-07
8.34046e-08
4.57121e-08
2.47632e-08
1.32742e-08
7.04787e-09
3.70959e-09
1.937e-09
1.00392e-09
5.16558e-10
2.63734e-10
1.33357e-10
6.64615e-11
3.22799e-11
1.48713e-11
6.02131e-12
1.38678e-12
5.58342e-10
2.16376e-09
4.614e-09
8.4846e-09
1.45921e-08
2.41912e-08
3.92037e-08
6.25438e-08
9.84448e-08
1.51479e-07
2.2902e-07
3.41637e-07
5.03519e-07
7.33017e-07
1.05303e-06
1.49087e-06
2.07732e-06
2.84463e-06
3.82379e-06
5.04088e-06
6.51391e-06
8.25062e-06
1.02477e-05
1.24913e-05
1.49591e-05
1.75495e-05
2.03012e-05
2.32301e-05
2.62103e-05
2.92809e-05
3.24034e-05
3.54899e-05
3.85799e-05
4.16025e-05
4.45608e-05
4.74306e-05
5.01938e-05
5.28271e-05
5.53324e-05
5.77185e-05
5.99594e-05
6.20686e-05
6.40486e-05
6.59131e-05
6.76508e-05
6.92825e-05
7.08556e-05
7.23422e-05
7.38273e-05
7.5433e-05
7.72473e-05
7.95359e-05
8.2648e-05
8.7099e-05
9.36481e-05
0.000103424
0.000118058
0.000139277
0.000162222
0.000166988
0.00016176
0.000151053
0.00013818
0.00012449
0.000110753
9.73215e-05
8.42933e-05
7.15966e-05
5.91594e-05
4.73165e-05
3.68202e-05
2.81105e-05
2.11375e-05
1.56501e-05
1.1174e-05
7.77788e-06
5.25662e-06
3.44102e-06
2.18075e-06
1.34062e-06
8.02167e-07
4.68954e-07
2.68785e-07
1.51467e-07
8.41051e-08
4.60957e-08
2.49703e-08
1.33848e-08
7.10637e-09
3.74022e-09
1.95286e-09
1.01205e-09
5.20693e-10
2.65823e-10
1.34404e-10
6.69794e-11
3.25302e-11
1.49863e-11
6.0678e-12
1.39748e-12
5.58864e-10
2.16577e-09
4.61829e-09
8.49247e-09
1.46056e-08
2.42136e-08
3.924e-08
6.26014e-08
9.85455e-08
1.51647e-07
2.29282e-07
3.42033e-07
5.04102e-07
7.3386e-07
1.05423e-06
1.49256e-06
2.07957e-06
2.84761e-06
3.82751e-06
5.04547e-06
6.51948e-06
8.25726e-06
1.02553e-05
1.24997e-05
1.49683e-05
1.75594e-05
2.03116e-05
2.32414e-05
2.62221e-05
2.92933e-05
3.24162e-05
3.55031e-05
3.85936e-05
4.16167e-05
4.45757e-05
4.74464e-05
5.02103e-05
5.28447e-05
5.53512e-05
5.77386e-05
5.99811e-05
6.20919e-05
6.40737e-05
6.59405e-05
6.768e-05
6.93135e-05
7.08891e-05
7.23767e-05
7.38622e-05
7.54678e-05
7.72789e-05
7.95607e-05
8.26604e-05
8.70902e-05
9.36047e-05
0.000103325
0.000117874
0.000138994
0.00016219
0.000167111
0.000161977
0.000151314
0.000138467
0.000124788
0.000111054
9.76198e-05
8.45854e-05
7.1883e-05
5.94402e-05
4.75786e-05
3.70473e-05
2.82985e-05
2.12887e-05
1.57713e-05
1.12698e-05
7.85029e-06
5.3096e-06
3.47829e-06
2.20582e-06
1.35675e-06
8.12133e-07
4.74901e-07
2.72235e-07
1.53421e-07
8.51908e-08
4.66887e-08
2.52894e-08
1.35539e-08
7.19478e-09
3.78604e-09
1.9765e-09
1.0242e-09
5.26907e-10
2.68978e-10
1.35991e-10
6.77668e-11
3.29114e-11
1.51616e-11
6.13874e-12
1.41382e-12
5.59582e-10
2.16854e-09
4.62418e-09
8.50329e-09
1.46242e-08
2.42445e-08
3.929e-08
6.26807e-08
9.86834e-08
1.51876e-07
2.2964e-07
3.4257e-07
5.04888e-07
7.3499e-07
1.05582e-06
1.49475e-06
2.08255e-06
2.85152e-06
3.83258e-06
5.05183e-06
6.52728e-06
8.26625e-06
1.02655e-05
1.25111e-05
1.49808e-05
1.7573e-05
2.03263e-05
2.32572e-05
2.62385e-05
2.93107e-05
3.24341e-05
3.55216e-05
3.86126e-05
4.16364e-05
4.45964e-05
4.74681e-05
5.02331e-05
5.28688e-05
5.53772e-05
5.77666e-05
6.00114e-05
6.2125e-05
6.41097e-05
6.598e-05
6.77225e-05
6.93588e-05
7.09384e-05
7.24283e-05
7.39153e-05
7.55219e-05
7.73302e-05
7.96046e-05
8.26898e-05
8.70936e-05
9.35649e-05
0.000103216
0.000117658
0.000138649
0.000162177
0.000167303
0.000162295
0.000151691
0.000138877
0.000125212
0.000111479
9.80394e-05
8.49988e-05
7.22647e-05
5.98175e-05
4.79303e-05
3.73513e-05
2.85488e-05
2.14898e-05
1.5934e-05
1.14053e-05
7.95541e-06
5.38708e-06
3.53283e-06
2.24225e-06
1.37995e-06
8.26313e-07
4.83284e-07
2.77057e-07
1.56135e-07
8.669e-08
4.75045e-08
2.57276e-08
1.37868e-08
7.31742e-09
3.85001e-09
2.00956e-09
1.04115e-09
5.35531e-10
2.73338e-10
1.38177e-10
6.8849e-11
3.34345e-11
1.54019e-11
6.23591e-12
1.43619e-12
5.6051e-10
2.17212e-09
4.6318e-09
8.51731e-09
1.46484e-08
2.42847e-08
3.93554e-08
6.27856e-08
9.88628e-08
1.52172e-07
2.30102e-07
3.43264e-07
5.05908e-07
7.36459e-07
1.0579e-06
1.49761e-06
2.08653e-06
2.85663e-06
3.83923e-06
5.06021e-06
6.53712e-06
8.27781e-06
1.02788e-05
1.25261e-05
1.49973e-05
1.75908e-05
2.03451e-05
2.32776e-05
2.62601e-05
2.93338e-05
3.24581e-05
3.55468e-05
3.86385e-05
4.16628e-05
4.46239e-05
4.74971e-05
5.02638e-05
5.29017e-05
5.54122e-05
5.78041e-05
6.00522e-05
6.21699e-05
6.41587e-05
6.6034e-05
6.77812e-05
6.9422e-05
7.10055e-05
7.2499e-05
7.39896e-05
7.55999e-05
7.74071e-05
7.9675e-05
8.2745e-05
8.71203e-05
9.35428e-05
0.000103114
0.000117432
0.000138279
0.000162191
0.00016757
0.000162721
0.000152207
0.000139439
0.000125787
0.000112054
9.86071e-05
8.5558e-05
7.27498e-05
6.02948e-05
4.83758e-05
3.77329e-05
2.88534e-05
2.17166e-05
1.60706e-05
1.16598e-05
8.1228e-06
5.49886e-06
3.6065e-06
2.2897e-06
1.40961e-06
8.44287e-07
4.93875e-07
2.8315e-07
1.59569e-07
8.8592e-08
4.85419e-08
2.62858e-08
1.40835e-08
7.47359e-09
3.9315e-09
2.05177e-09
1.06288e-09
5.46634e-10
2.78961e-10
1.40997e-10
7.02444e-11
3.41083e-11
1.57111e-11
6.36087e-12
1.465e-12
5.61659e-10
2.17656e-09
4.64122e-09
8.53462e-09
1.46781e-08
2.4334e-08
3.94351e-08
6.29119e-08
9.90837e-08
1.5254e-07
2.30678e-07
3.44134e-07
5.07188e-07
7.38308e-07
1.06051e-06
1.50124e-06
2.09141e-06
2.86333e-06
3.84764e-06
5.07007e-06
6.54891e-06
8.29179e-06
1.02952e-05
1.25448e-05
1.50181e-05
1.76135e-05
2.03697e-05
2.33047e-05
2.62881e-05
2.93631e-05
3.2488e-05
3.55774e-05
3.86699e-05
4.16954e-05
4.46576e-05
4.75324e-05
5.03005e-05
5.29411e-05
5.54553e-05
5.78505e-05
6.0103e-05
6.22256e-05
6.42212e-05
6.61047e-05
6.78605e-05
6.9512e-05
7.10781e-05
7.25851e-05
7.40856e-05
7.57047e-05
7.75153e-05
7.97794e-05
8.28355e-05
8.71819e-05
9.35513e-05
0.000103033
0.000117214
0.000137901
0.000162231
0.000167893
0.000163199
0.000152985
0.000140226
0.000126563
0.000112809
9.93404e-05
8.62731e-05
7.33727e-05
6.09145e-05
4.89566e-05
3.8241e-05
2.92708e-05
2.20551e-05
1.62999e-05
1.18585e-05
8.28164e-06
5.61707e-06
3.68985e-06
2.34556e-06
1.44532e-06
8.6619e-07
5.06855e-07
2.9063e-07
1.63783e-07
9.09224e-08
4.98108e-08
2.69677e-08
1.4446e-08
7.66456e-09
4.03147e-09
2.10398e-09
1.09032e-09
5.60722e-10
2.86e-10
1.44493e-10
7.19617e-11
3.49334e-11
1.60884e-11
6.513e-12
1.49998e-12
5.63058e-10
2.18195e-09
4.6527e-09
8.55571e-09
1.47144e-08
2.43942e-08
3.95327e-08
6.30672e-08
9.93544e-08
1.52991e-07
2.31388e-07
3.45208e-07
5.08778e-07
7.40613e-07
1.0638e-06
1.50586e-06
2.09745e-06
2.87095e-06
3.8573e-06
5.08222e-06
6.56397e-06
8.31008e-06
1.03157e-05
1.25682e-05
1.5044e-05
1.76417e-05
2.03999e-05
2.33374e-05
2.63225e-05
2.93995e-05
3.25255e-05
3.56159e-05
3.87096e-05
4.17367e-05
4.46995e-05
4.75754e-05
5.03448e-05
5.29878e-05
5.55047e-05
5.7904e-05
6.01613e-05
6.22891e-05
6.42899e-05
6.61801e-05
6.79436e-05
6.96034e-05
7.11772e-05
7.26947e-05
7.42067e-05
7.58362e-05
7.76522e-05
7.99166e-05
8.29624e-05
8.72822e-05
9.35997e-05
0.000102989
0.000117021
0.00013753
0.000162343
0.000168381
0.000163917
0.000153843
0.000141139
0.000127476
0.000113714
0.000100229
8.71491e-05
7.41448e-05
6.16632e-05
4.96634e-05
3.88482e-05
2.97786e-05
2.24695e-05
1.65788e-05
1.20801e-05
8.45382e-06
5.74498e-06
3.78091e-06
2.40742e-06
1.4854e-06
8.91078e-07
5.21756e-07
2.99288e-07
1.68692e-07
9.36506e-08
5.13018e-08
2.77713e-08
1.48743e-08
7.89124e-09
4.1505e-09
2.16567e-09
1.12111e-09
5.76188e-10
2.93831e-10
1.48423e-10
7.39079e-11
3.58743e-11
1.65207e-11
6.68787e-12
1.54024e-12
5.64739e-10
2.18844e-09
4.66652e-09
8.58114e-09
1.47583e-08
2.44673e-08
3.96519e-08
6.32585e-08
9.96828e-08
1.53537e-07
2.32247e-07
3.46519e-07
5.10747e-07
7.43414e-07
1.0676e-06
1.51071e-06
2.10394e-06
2.8798e-06
3.86907e-06
5.09796e-06
6.58273e-06
8.33178e-06
1.03421e-05
1.25974e-05
1.50761e-05
1.76768e-05
2.04374e-05
2.33781e-05
2.63649e-05
2.94443e-05
3.25711e-05
3.56625e-05
3.87567e-05
4.17852e-05
4.47503e-05
4.76268e-05
5.03962e-05
5.30409e-05
5.55605e-05
5.7961e-05
6.02225e-05
6.23562e-05
6.43646e-05
6.62644e-05
6.80369e-05
6.97065e-05
7.12909e-05
7.28195e-05
7.43438e-05
7.59884e-05
7.78132e-05
8.00809e-05
8.3121e-05
8.7419e-05
9.36868e-05
0.000102983
0.000116858
0.000137176
0.000162492
0.000169
0.000164814
0.000154888
0.000142246
0.000128554
0.00011478
0.000101266
8.81582e-05
7.50461e-05
6.25568e-05
5.05032e-05
3.95944e-05
3.03937e-05
2.29643e-05
1.69133e-05
1.23457e-05
8.65495e-06
5.89275e-06
3.88553e-06
2.47833e-06
1.53137e-06
9.19662e-07
5.38905e-07
3.09274e-07
1.74365e-07
9.68072e-08
5.30274e-08
2.86993e-08
1.53652e-08
8.14544e-09
4.27964e-09
2.23038e-09
1.15406e-09
5.93094e-10
3.02534e-10
1.52845e-10
7.61176e-11
3.69495e-11
1.70169e-11
6.88915e-12
1.58664e-12
5.6672e-10
2.19609e-09
4.68283e-09
8.61121e-09
1.48102e-08
2.45538e-08
3.9793e-08
6.3485e-08
1.00064e-07
1.54173e-07
2.33224e-07
3.47929e-07
5.12656e-07
7.46081e-07
1.07143e-06
1.51639e-06
2.11205e-06
2.89083e-06
3.88399e-06
5.11607e-06
6.60501e-06
8.35816e-06
1.0372e-05
1.26314e-05
1.51147e-05
1.77193e-05
2.04832e-05
2.34279e-05
2.64168e-05
2.94989e-05
3.26265e-05
3.57187e-05
3.88136e-05
4.18418e-05
4.48068e-05
4.76834e-05
5.04528e-05
5.30989e-05
5.56206e-05
5.80241e-05
6.0289e-05
6.24264e-05
6.44394e-05
6.63459e-05
6.81265e-05
6.9806e-05
7.1402e-05
7.29441e-05
7.44826e-05
7.61434e-05
7.79822e-05
8.02593e-05
8.32982e-05
8.75759e-05
9.37945e-05
0.000102994
0.0001167
0.000136799
0.000162592
0.000169723
0.000165896
0.000156156
0.000143584
0.000129856
0.000116066
0.000102521
8.9364e-05
7.61207e-05
6.36004e-05
5.14847e-05
4.04527e-05
3.11121e-05
2.35532e-05
1.73148e-05
1.26533e-05
8.88851e-06
6.06643e-06
4.00872e-06
2.56167e-06
1.58524e-06
9.53094e-07
5.58932e-07
3.20922e-07
1.80977e-07
1.00485e-07
5.50382e-08
2.97828e-08
1.59421e-08
8.45019e-09
4.43972e-09
2.31423e-09
1.19757e-09
6.1523e-10
3.13693e-10
1.58392e-10
7.88338e-11
3.82511e-11
1.76115e-11
7.12882e-12
1.64173e-12
5.68994e-10
2.20491e-09
4.70173e-09
8.64624e-09
1.48709e-08
2.46551e-08
3.99569e-08
6.37434e-08
1.00458e-07
1.54772e-07
2.34136e-07
3.49323e-07
5.14832e-07
7.49413e-07
1.07639e-06
1.52351e-06
2.12186e-06
2.90387e-06
3.90046e-06
5.13753e-06
6.63339e-06
8.39161e-06
1.04104e-05
1.26765e-05
1.51633e-05
1.77718e-05
2.05394e-05
2.34886e-05
2.64799e-05
2.95648e-05
3.26928e-05
3.57858e-05
3.88798e-05
4.19078e-05
4.4872e-05
4.77466e-05
5.05142e-05
5.31604e-05
5.56823e-05
5.8085e-05
6.03514e-05
6.24911e-05
6.45078e-05
6.64195e-05
6.82067e-05
6.98938e-05
7.14992e-05
7.30522e-05
7.46028e-05
7.62774e-05
7.81263e-05
8.04082e-05
8.34423e-05
8.7699e-05
9.38682e-05
0.000102974
0.000116525
0.000136446
0.000162263
0.000170386
0.000167092
0.000157616
0.000145081
0.000131441
0.000117594
0.00010398
9.07638e-05
7.73803e-05
6.48201e-05
5.26268e-05
4.14475e-05
3.19267e-05
2.42007e-05
1.778e-05
1.30177e-05
9.16485e-06
6.27e-06
4.15406e-06
2.66113e-06
1.65013e-06
9.93529e-07
5.83171e-07
3.34999e-07
1.88947e-07
1.04903e-07
5.7444e-08
3.10736e-08
1.66256e-08
8.80804e-09
4.62481e-09
2.40845e-09
1.24471e-09
6.38827e-10
3.25505e-10
1.64348e-10
8.18215e-11
3.97104e-11
1.82856e-11
7.40213e-12
1.70466e-12
5.7126e-10
2.2136e-09
4.72006e-09
8.67969e-09
1.49283e-08
2.47506e-08
4.01138e-08
6.40007e-08
1.00884e-07
1.555e-07
2.35315e-07
3.51167e-07
5.17649e-07
7.53596e-07
1.08243e-06
1.53201e-06
2.13355e-06
2.91962e-06
3.92117e-06
5.1649e-06
6.66534e-06
8.43297e-06
1.04585e-05
1.2727e-05
1.52201e-05
1.78345e-05
2.06072e-05
2.35622e-05
2.65564e-05
2.9644e-05
3.277e-05
3.58637e-05
3.89574e-05
4.19854e-05
4.49493e-05
4.78224e-05
5.05838e-05
5.32274e-05
5.57471e-05
5.8146e-05
6.04118e-05
6.25519e-05
6.45685e-05
6.64812e-05
6.82699e-05
6.99604e-05
7.15694e-05
7.31269e-05
7.46816e-05
7.63595e-05
7.8207e-05
8.04797e-05
8.34903e-05
8.76981e-05
9.37772e-05
0.000102725
0.000116016
0.000135574
0.000161481
0.000170919
0.000168371
0.000159294
0.000146819
0.000133204
0.000119317
0.000105632
9.23371e-05
7.88482e-05
6.62307e-05
5.39472e-05
4.26055e-05
3.28915e-05
2.49904e-05
1.84007e-05
1.3494e-05
9.51676e-06
6.52254e-06
4.32937e-06
2.77834e-06
1.72541e-06
1.04005e-06
6.10925e-07
3.51072e-07
1.98026e-07
1.09927e-07
6.01757e-08
3.25366e-08
1.73995e-08
9.21314e-09
4.8353e-09
2.51759e-09
1.30161e-09
6.68784e-10
3.40858e-10
1.7204e-10
8.55916e-11
4.15067e-11
1.90943e-11
7.72508e-12
1.7785e-12
5.74e-10
2.2242e-09
4.74273e-09
8.7217e-09
1.50015e-08
2.48743e-08
4.03193e-08
6.4338e-08
1.01431e-07
1.56458e-07
2.36812e-07
3.53451e-07
5.2105e-07
7.58564e-07
1.08957e-06
1.54205e-06
2.14734e-06
2.93806e-06
3.94506e-06
5.19387e-06
6.70171e-06
8.47494e-06
1.05103e-05
1.27918e-05
1.52907e-05
1.79091e-05
2.06891e-05
2.36531e-05
2.66528e-05
2.97498e-05
3.28526e-05
3.59527e-05
3.90473e-05
4.20747e-05
4.50364e-05
4.7904e-05
5.06598e-05
5.32996e-05
5.58127e-05
5.82038e-05
6.04656e-05
6.26009e-05
6.46135e-05
6.65211e-05
6.83048e-05
6.99899e-05
7.15942e-05
7.31477e-05
7.46943e-05
7.63605e-05
7.81882e-05
8.0428e-05
8.33837e-05
8.75015e-05
9.34335e-05
0.000102143
0.000115055
0.000134072
0.000159761
0.000171066
0.000169538
0.000160987
0.000148686
0.000135155
0.000121256
0.000107525
9.41539e-05
8.06221e-05
6.79655e-05
5.55841e-05
4.40197e-05
3.40278e-05
2.5839e-05
1.92864e-05
1.41336e-05
9.9699e-06
6.83731e-06
4.54186e-06
2.91691e-06
1.8125e-06
1.09288e-06
6.41982e-07
3.68853e-07
2.07986e-07
1.15405e-07
6.31424e-08
3.41222e-08
1.82369e-08
9.65083e-09
5.06199e-09
2.634e-09
1.36076e-09
6.98198e-10
3.55511e-10
1.79319e-10
8.91774e-11
4.3241e-11
1.98999e-11
8.05177e-12
1.85371e-12
5.77064e-10
2.23611e-09
4.7684e-09
8.76976e-09
1.50863e-08
2.50193e-08
4.05634e-08
6.47454e-08
1.02109e-07
1.5756e-07
2.38693e-07
3.56458e-07
5.25694e-07
7.65548e-07
1.09981e-06
1.55669e-06
2.16764e-06
2.96536e-06
3.9805e-06
5.2381e-06
6.7564e-06
8.53918e-06
1.05813e-05
1.28682e-05
1.53776e-05
1.80101e-05
2.07966e-05
2.37681e-05
2.67757e-05
2.98779e-05
3.29709e-05
3.6069e-05
3.91578e-05
4.21811e-05
4.51381e-05
4.79972e-05
5.07443e-05
5.33782e-05
5.58798e-05
5.82537e-05
6.05179e-05
6.26388e-05
6.46379e-05
6.6533e-05
6.83039e-05
6.9976e-05
7.15647e-05
7.31086e-05
7.46332e-05
7.627e-05
7.80572e-05
8.02375e-05
8.31039e-05
8.70856e-05
9.28071e-05
0.000101187
0.000113585
0.000131846
0.000156898
0.000170719
0.000170562
0.000162734
0.00015075
0.000137322
0.00012344
0.000109653
9.62388e-05
8.26947e-05
6.99364e-05
5.7449e-05
4.57287e-05
3.54372e-05
2.69667e-05
2.01697e-05
1.4849e-05
1.05067e-05
7.22516e-06
4.81055e-06
3.09484e-06
1.9248e-06
1.16069e-06
6.81439e-07
3.91144e-07
2.2029e-07
1.22073e-07
6.67034e-08
3.60004e-08
1.92172e-08
1.01576e-08
5.3217e-09
2.76584e-09
1.42682e-09
7.30477e-10
3.71426e-10
1.87152e-10
9.29988e-11
4.50711e-11
2.07397e-11
8.39323e-12
1.93255e-12
5.79947e-10
2.24734e-09
4.79266e-09
8.81518e-09
1.51659e-08
2.51535e-08
4.07827e-08
6.50927e-08
1.02635e-07
1.584e-07
2.39981e-07
3.58483e-07
5.28829e-07
7.70301e-07
1.10688e-06
1.56699e-06
2.18231e-06
2.98576e-06
4.00824e-06
5.27498e-06
6.80242e-06
8.59535e-06
1.06466e-05
1.2945e-05
1.54665e-05
1.81103e-05
2.09099e-05
2.38904e-05
2.69036e-05
3.00106e-05
3.31082e-05
3.62109e-05
3.92829e-05
4.23039e-05
4.52552e-05
4.81032e-05
5.08377e-05
5.34579e-05
5.59461e-05
5.83063e-05
6.05569e-05
6.26617e-05
6.46431e-05
6.65178e-05
6.82671e-05
6.9929e-05
7.1491e-05
7.30135e-05
7.45036e-05
7.60972e-05
7.78301e-05
7.99339e-05
8.26879e-05
8.65033e-05
9.1973e-05
9.99662e-05
0.000111764
0.000129131
0.000153238
0.00016997
0.000171406
0.000164437
0.000152859
0.000139591
0.000125696
0.000111821
9.82375e-05
8.50239e-05
7.2127e-05
5.95445e-05
4.76115e-05
3.70518e-05
2.82885e-05
2.12545e-05
1.56528e-05
1.1111e-05
7.66474e-06
5.11763e-06
3.29992e-06
2.05531e-06
1.24001e-06
7.27753e-07
4.17313e-07
2.34699e-07
1.29847e-07
7.08304e-08
3.81627e-08
2.03377e-08
1.07329e-08
5.61455e-09
2.91362e-09
1.50063e-09
7.67223e-10
3.89488e-10
1.96037e-10
9.73654e-11
4.71815e-11
2.17077e-11
8.78413e-12
2.02251e-12
5.81921e-10
2.25496e-09
4.80892e-09
8.84533e-09
1.52187e-08
2.52436e-08
4.09355e-08
6.53529e-08
1.03085e-07
1.59135e-07
2.41129e-07
3.60204e-07
5.31427e-07
7.74255e-07
1.11286e-06
1.57591e-06
2.19535e-06
3.00454e-06
4.03479e-06
5.31186e-06
6.85279e-06
8.66376e-06
1.07372e-05
1.30529e-05
1.55853e-05
1.8237e-05
2.10409e-05
2.40292e-05
2.70518e-05
3.01656e-05
3.32659e-05
3.63703e-05
3.94373e-05
4.24521e-05
4.53896e-05
4.82251e-05
5.09451e-05
5.35491e-05
5.60204e-05
5.8363e-05
6.0594e-05
6.26785e-05
6.46384e-05
6.64892e-05
6.82143e-05
6.9852e-05
7.1384e-05
7.28787e-05
7.43278e-05
7.58711e-05
7.75444e-05
7.95709e-05
8.22179e-05
8.5872e-05
9.10972e-05
9.87168e-05
0.00010994
0.000126447
0.000149579
0.000169167
0.000172209
0.000166126
0.000155005
0.000141938
0.000128138
0.000114279
0.000100697
8.74434e-05
7.4487e-05
6.18528e-05
4.97078e-05
3.88331e-05
2.97144e-05
2.23915e-05
1.65826e-05
1.1808e-05
8.17106e-06
5.47159e-06
3.53659e-06
2.20612e-06
1.33174e-06
7.81301e-07
4.47524e-07
2.51281e-07
1.38752e-07
7.55292e-08
4.0607e-08
2.15947e-08
1.13734e-08
5.93862e-09
3.07693e-09
1.58297e-09
8.08894e-10
4.1044e-10
2.06446e-10
1.02454e-10
4.96078e-11
2.28089e-11
9.22578e-12
2.12396e-12
5.82992e-10
2.25911e-09
4.81781e-09
8.86198e-09
1.52485e-08
2.52967e-08
4.10313e-08
6.55286e-08
1.03413e-07
1.59752e-07
2.42201e-07
3.61983e-07
5.34217e-07
7.78644e-07
1.1197e-06
1.58636e-06
2.21092e-06
3.02697e-06
4.06592e-06
5.35334e-06
6.9057e-06
8.72828e-06
1.08122e-05
1.31434e-05
1.5696e-05
1.83701e-05
2.12005e-05
2.41981e-05
2.72256e-05
3.03445e-05
3.34477e-05
3.65536e-05
3.9618e-05
4.26282e-05
4.55533e-05
4.83688e-05
5.10693e-05
5.3653e-05
5.61038e-05
5.84252e-05
6.0634e-05
6.26959e-05
6.46325e-05
6.64576e-05
6.81579e-05
6.97709e-05
7.12761e-05
7.27421e-05
7.41594e-05
7.56627e-05
7.72856e-05
7.9246e-05
8.18005e-05
8.53243e-05
9.0352e-05
9.76754e-05
0.000108448
0.00012429
0.000146688
0.000168665
0.000173167
0.000167986
0.000157365
0.000144511
0.000130724
0.00011686
0.000103267
9.00712e-05
7.68607e-05
6.41471e-05
5.1868e-05
4.08003e-05
3.1368e-05
2.36716e-05
1.74059e-05
1.26415e-05
8.76636e-06
5.88267e-06
3.80839e-06
2.37724e-06
1.43439e-06
8.40311e-07
4.8029e-07
2.68989e-07
1.48125e-07
8.04119e-08
4.31197e-08
2.28757e-08
1.20218e-08
6.26525e-09
3.24094e-09
1.66522e-09
8.50141e-10
4.31097e-10
2.16738e-10
1.07525e-10
5.20486e-11
2.39259e-11
9.67612e-12
2.22761e-12
5.83103e-10
2.25954e-09
4.81871e-09
8.86372e-09
1.52522e-08
2.5306e-08
4.10551e-08
6.55884e-08
1.03554e-07
1.60032e-07
2.428e-07
3.6326e-07
5.36875e-07
7.8346e-07
1.12772e-06
1.59876e-06
2.22959e-06
3.05421e-06
4.10412e-06
5.40458e-06
6.9712e-06
8.80778e-06
1.09111e-05
1.32584e-05
1.58232e-05
1.85118e-05
2.13553e-05
2.43619e-05
2.74045e-05
3.05345e-05
3.36446e-05
3.67531e-05
3.9815e-05
4.28172e-05
4.57236e-05
4.85218e-05
5.1203e-05
5.37651e-05
5.61945e-05
5.84937e-05
6.06794e-05
6.27186e-05
6.46316e-05
6.64312e-05
6.81072e-05
6.96965e-05
7.11761e-05
7.26147e-05
7.40058e-05
7.54795e-05
7.70697e-05
7.89871e-05
8.14799e-05
8.49123e-05
8.98114e-05
9.69305e-05
0.000107383
0.00012275
0.000144629
0.000168409
0.00017405
0.000169542
0.000159508
0.000146832
0.000133074
0.000119228
0.000105612
9.23687e-05
7.90072e-05
6.63258e-05
5.40135e-05
4.26205e-05
3.29037e-05
2.49669e-05
1.83829e-05
1.33833e-05
9.33726e-06
6.29861e-06
4.09452e-06
2.56275e-06
1.54799e-06
9.06459e-07
5.17231e-07
2.88947e-07
1.58634e-07
8.58353e-08
4.58757e-08
2.42599e-08
1.27115e-08
6.60715e-09
3.4101e-09
1.74906e-09
8.92012e-10
4.52407e-10
2.27367e-10
1.12722e-10
5.45202e-11
2.50414e-11
1.012e-11
2.32876e-12
5.82026e-10
2.25515e-09
4.80838e-09
8.84261e-09
1.52123e-08
2.52352e-08
4.09377e-08
6.54085e-08
1.03307e-07
1.597e-07
2.4244e-07
3.63022e-07
5.37014e-07
7.84596e-07
1.13096e-06
1.60605e-06
2.24263e-06
3.07564e-06
4.13753e-06
5.45429e-06
7.04198e-06
8.9049e-06
1.10354e-05
1.33997e-05
1.5982e-05
1.86846e-05
2.15339e-05
2.45528e-05
2.76011e-05
3.07276e-05
3.3844e-05
3.69559e-05
4.00167e-05
4.30036e-05
4.58926e-05
4.86722e-05
5.13339e-05
5.38745e-05
5.62834e-05
5.85619e-05
6.07259e-05
6.27441e-05
6.46364e-05
6.64139e-05
6.80703e-05
6.96415e-05
7.11015e-05
7.25211e-05
7.3891e-05
7.53447e-05
7.69171e-05
7.88067e-05
8.12656e-05
8.46484e-05
8.94682e-05
9.64644e-05
0.000106721
0.000121781
0.000143325
0.000168315
0.000174848
0.000170904
0.000161223
0.000148724
0.000134998
0.000121177
0.000107549
9.43016e-05
8.09091e-05
6.82269e-05
5.5804e-05
4.42893e-05
3.42686e-05
2.60131e-05
1.93572e-05
1.40979e-05
9.87988e-06
6.69021e-06
4.36064e-06
2.73236e-06
1.64959e-06
9.64136e-07
5.48608e-07
3.05483e-07
1.67158e-07
9.01811e-08
4.81028e-08
2.54397e-08
1.33122e-08
6.90589e-09
3.55659e-09
1.82006e-09
9.25729e-10
4.6756e-10
2.34418e-10
1.16062e-10
5.6092e-11
2.5757e-11
1.04097e-11
2.3958e-12
5.81954e-10
2.25481e-09
4.80716e-09
8.83848e-09
1.5201e-08
2.52095e-08
4.08874e-08
6.53228e-08
1.03183e-07
1.59508e-07
2.42236e-07
3.62956e-07
5.37411e-07
7.86114e-07
1.1348e-06
1.61429e-06
2.25888e-06
3.10369e-06
4.18099e-06
5.51607e-06
7.12358e-06
9.00501e-06
1.11485e-05
1.35443e-05
1.61501e-05
1.88735e-05
2.17406e-05
2.47633e-05
2.78161e-05
3.09352e-05
3.40365e-05
3.71299e-05
4.0178e-05
4.31465e-05
4.60188e-05
4.87826e-05
5.14289e-05
5.39529e-05
5.63468e-05
5.86108e-05
6.07598e-05
6.27641e-05
6.4643e-05
6.64057e-05
6.8049e-05
6.96075e-05
7.10562e-05
7.24641e-05
7.38248e-05
7.52689e-05
7.68341e-05
7.87144e-05
8.11594e-05
8.45208e-05
8.93031e-05
9.62357e-05
0.000106388
0.000121292
0.000142659
0.000168257
0.000175336
0.000171736
0.000162269
0.000149893
0.000136221
0.000122432
0.000108832
9.5559e-05
8.21762e-05
6.95064e-05
5.71042e-05
4.54424e-05
3.52734e-05
2.68601e-05
2.0096e-05
1.47594e-05
1.04043e-05
7.08822e-06
4.6456e-06
2.92279e-06
1.76778e-06
1.0325e-06
5.85778e-07
3.24672e-07
1.76643e-07
9.46807e-08
5.01199e-08
2.62333e-08
1.3639e-08
7.04684e-09
3.62017e-09
1.84999e-09
9.40463e-10
4.75303e-10
2.38372e-10
1.18052e-10
5.70816e-11
2.62159e-11
1.05945e-11
2.43835e-12
)
;

boundaryField
{
    fuel
    {
        type            fixedValue;
        value           uniform 0;
    }
    air
    {
        type            fixedValue;
        value           uniform 0;
    }
    outlet
    {
        type            inletOutlet;
        inletValue      uniform 0;
        value           nonuniform List<scalar> 
200
(
5.81923e-10
2.25469e-09
4.80692e-09
8.83804e-09
1.52003e-08
2.52083e-08
4.08855e-08
6.532e-08
1.03179e-07
1.59502e-07
2.42227e-07
3.62944e-07
5.37394e-07
7.8609e-07
1.13477e-06
1.61425e-06
2.25882e-06
3.10361e-06
4.18088e-06
5.51594e-06
7.12341e-06
9.00482e-06
1.11482e-05
1.3544e-05
1.61498e-05
1.88731e-05
2.17401e-05
2.47627e-05
2.78154e-05
3.09344e-05
3.40356e-05
3.71289e-05
4.01768e-05
4.31452e-05
4.60174e-05
4.87811e-05
5.14272e-05
5.39511e-05
5.6345e-05
5.86087e-05
6.07577e-05
6.27618e-05
6.46404e-05
6.64028e-05
6.80458e-05
6.96045e-05
7.10533e-05
7.24612e-05
7.38218e-05
7.52658e-05
7.68309e-05
7.87111e-05
8.1156e-05
8.45173e-05
8.92994e-05
9.62319e-05
0.000106384
0.000121288
0.000142655
0.00016825
0.000175327
0.000171726
0.000162258
0.000149883
0.000136213
0.000122431
0.000108825
9.55491e-05
8.21656e-05
6.94954e-05
5.70931e-05
4.54311e-05
3.52611e-05
2.68518e-05
2.00905e-05
1.47555e-05
1.04017e-05
7.08647e-06
4.64446e-06
2.92206e-06
1.76734e-06
1.03224e-06
5.85633e-07
3.24593e-07
1.76601e-07
9.46581e-08
5.01081e-08
2.62272e-08
1.36359e-08
7.04532e-09
3.61943e-09
1.84964e-09
9.40294e-10
4.75224e-10
2.38336e-10
1.18035e-10
5.70731e-11
2.62121e-11
1.05931e-11
2.43803e-12
5.81954e-10
2.25481e-09
4.80716e-09
8.83848e-09
1.5201e-08
2.52095e-08
4.08874e-08
6.53228e-08
1.03183e-07
1.59508e-07
2.42236e-07
3.62956e-07
5.37411e-07
7.86114e-07
1.1348e-06
1.61429e-06
2.25888e-06
3.10369e-06
4.18099e-06
5.51607e-06
7.12358e-06
9.00501e-06
1.11485e-05
1.35443e-05
1.61501e-05
1.88735e-05
2.17406e-05
2.47633e-05
2.78161e-05
3.09352e-05
3.40365e-05
3.71299e-05
4.0178e-05
4.31465e-05
4.60188e-05
4.87826e-05
5.14289e-05
5.39529e-05
5.63468e-05
5.86108e-05
6.07598e-05
6.27641e-05
6.4643e-05
6.64057e-05
6.8049e-05
6.96075e-05
7.10562e-05
7.24641e-05
7.38248e-05
7.52689e-05
7.68341e-05
7.87144e-05
8.11594e-05
8.45208e-05
8.93031e-05
9.62357e-05
0.000106388
0.000121292
0.000142659
0.000168257
0.000175336
0.000171736
0.000162269
0.000149893
0.000136221
0.000122432
0.000108832
9.5559e-05
8.21762e-05
6.95064e-05
5.71042e-05
4.54424e-05
3.52734e-05
2.68601e-05
2.0096e-05
1.47594e-05
1.04043e-05
7.08822e-06
4.6456e-06
2.92279e-06
1.76778e-06
1.0325e-06
5.85778e-07
3.24672e-07
1.76643e-07
9.46807e-08
5.01199e-08
2.62333e-08
1.3639e-08
7.04684e-09
3.62017e-09
1.84999e-09
9.40463e-10
4.75303e-10
2.38372e-10
1.18052e-10
5.70816e-11
2.62159e-11
1.05945e-11
2.43835e-12
)
;
    }
    frontAndBack
    {
        type            empty;
    }
    internal
    {
        type            internal;
    }
}


// ************************************************************************* //
