/*--------------------------------*- C++ -*----------------------------------*\
  =========                 |
  \\      /  F ield         | OpenFOAM: The Open Source CFD Toolbox
   \\    /   O peration     | Website:  https://openfoam.org
    \\  /    A nd           | Version:  10
     \\/     M anipulation  |
\*---------------------------------------------------------------------------*/
FoamFile
{
    format      ascii;
    class       volScalarField;
    location    "1";
    object      NO2;
}
// * * * * * * * * * * * * * * * * * * * * * * * * * * * * * * * * * * * * * //

dimensions      [0 0 0 0 0 0 0];

internalField   nonuniform List<scalar> 
4000
(
1.08425e-11
4.20094e-11
8.956e-11
1.64657e-10
2.83164e-10
4.69541e-10
7.61418e-10
1.21618e-09
1.92049e-09
2.96775e-09
4.50487e-09
6.74604e-09
9.98139e-09
1.45875e-08
2.10343e-08
2.98792e-08
4.17356e-08
5.7219e-08
7.68693e-08
1.01065e-07
1.29941e-07
1.63331e-07
2.00734e-07
2.41524e-07
2.84438e-07
3.27222e-07
3.69376e-07
4.09849e-07
4.45645e-07
4.75867e-07
4.98459e-07
5.12539e-07
5.17313e-07
5.1267e-07
4.99116e-07
4.77644e-07
4.49592e-07
4.1642e-07
3.79616e-07
3.40455e-07
2.99782e-07
2.59189e-07
2.1926e-07
1.80752e-07
1.44803e-07
1.11811e-07
8.3594e-08
6.00278e-08
4.22448e-08
2.9113e-08
2.04094e-08
1.47656e-08
1.12732e-08
9.38673e-09
8.89648e-09
9.92238e-09
1.29721e-08
1.90906e-08
3.01107e-08
4.91933e-08
7.84326e-08
1.2152e-07
1.84833e-07
2.80052e-07
4.29756e-07
6.69243e-07
1.06747e-06
1.74464e-06
2.93867e-06
4.83379e-06
7.47939e-06
1.0126e-05
1.17383e-05
1.19642e-05
1.10502e-05
9.43565e-06
7.4357e-06
5.47485e-06
3.78102e-06
2.46256e-06
1.52372e-06
9.03501e-07
5.17893e-07
2.89153e-07
1.58182e-07
8.51521e-08
4.52388e-08
2.37579e-08
1.23845e-08
6.41228e-09
3.29999e-09
1.68887e-09
8.59632e-10
4.34914e-10
2.18305e-10
1.08185e-10
5.23334e-11
2.40427e-11
9.7181e-12
2.23683e-12
1.08491e-11
4.20366e-11
8.96285e-11
1.64822e-10
2.83533e-10
4.70298e-10
7.62835e-10
1.21859e-09
1.92416e-09
2.97357e-09
4.51236e-09
6.75319e-09
9.98351e-09
1.45747e-08
2.0988e-08
2.97669e-08
4.15026e-08
5.68066e-08
7.62233e-08
1.00146e-07
1.28739e-07
1.61882e-07
1.9915e-07
2.3959e-07
2.82324e-07
3.25028e-07
3.67229e-07
4.08001e-07
4.44153e-07
4.74905e-07
4.98058e-07
5.127e-07
5.17991e-07
5.13793e-07
5.00581e-07
4.79342e-07
4.51418e-07
4.1826e-07
3.81414e-07
3.42155e-07
3.01333e-07
2.6058e-07
2.20487e-07
1.81779e-07
1.45663e-07
1.12487e-07
8.40758e-08
6.03621e-08
4.24626e-08
2.92533e-08
2.05229e-08
1.48549e-08
1.13585e-08
9.48782e-09
9.04064e-09
1.01507e-08
1.33507e-08
1.97216e-08
3.11782e-08
5.09381e-08
8.11588e-08
1.25713e-07
1.91358e-07
2.90462e-07
4.46694e-07
6.97633e-07
1.11647e-06
1.82752e-06
3.08351e-06
5.06137e-06
7.765e-06
1.03423e-05
1.18193e-05
1.1906e-05
1.08795e-05
9.18831e-06
7.17609e-06
5.23958e-06
3.59278e-06
2.32827e-06
1.43722e-06
8.52499e-07
4.89952e-07
2.7473e-07
1.51092e-07
8.182e-08
4.37634e-08
2.31852e-08
1.21522e-08
6.31345e-09
3.25577e-09
1.66806e-09
8.49298e-10
4.29393e-10
2.15441e-10
1.06723e-10
5.15985e-11
2.36987e-11
9.57861e-12
2.20456e-12
1.08773e-11
4.21501e-11
8.98899e-11
1.65345e-10
2.84508e-10
4.72015e-10
7.65694e-10
1.22306e-09
1.93062e-09
2.98276e-09
4.52386e-09
6.76522e-09
9.99252e-09
1.4572e-08
2.09577e-08
2.96816e-08
4.1335e-08
5.65169e-08
7.57601e-08
9.94511e-08
1.27754e-07
1.60553e-07
1.97495e-07
2.37798e-07
2.80444e-07
3.23158e-07
3.65534e-07
4.0653e-07
4.43028e-07
4.74287e-07
4.9796e-07
5.13196e-07
5.191e-07
5.1547e-07
5.02716e-07
4.81806e-07
4.54069e-07
4.20949e-07
3.84051e-07
3.44653e-07
3.03615e-07
2.6261e-07
2.22255e-07
1.83264e-07
1.46828e-07
1.13393e-07
8.47367e-08
6.08098e-08
4.27659e-08
2.94564e-08
2.06801e-08
1.49877e-08
1.14921e-08
9.65226e-09
9.27874e-09
1.05276e-08
1.39752e-08
2.07839e-08
3.29773e-08
5.3851e-08
8.56897e-08
1.32654e-07
2.02156e-07
3.07485e-07
4.73835e-07
7.4304e-07
1.19361e-06
1.96079e-06
3.31026e-06
5.41016e-06
8.16151e-06
1.0655e-05
1.19389e-05
1.18548e-05
1.06762e-05
8.94006e-06
6.91742e-06
5.01341e-06
3.41957e-06
2.20943e-06
1.3627e-06
8.08979e-07
4.65865e-07
2.61908e-07
1.44446e-07
7.84274e-08
4.20288e-08
2.22733e-08
1.16908e-08
6.08508e-09
3.14415e-09
1.61403e-09
8.2363e-10
4.1782e-10
2.1003e-10
1.04144e-10
5.03769e-11
2.31395e-11
9.35144e-12
2.15187e-12
1.08844e-11
4.2178e-11
8.99504e-11
1.65457e-10
2.84692e-10
4.72276e-10
7.65976e-10
1.22315e-09
1.92996e-09
2.98067e-09
4.51782e-09
6.75002e-09
9.95793e-09
1.45057e-08
2.08426e-08
2.94985e-08
4.10556e-08
5.61089e-08
7.51918e-08
9.86995e-08
1.26815e-07
1.5945e-07
1.96185e-07
2.36365e-07
2.78988e-07
3.21701e-07
3.64163e-07
4.05398e-07
4.42175e-07
4.73861e-07
4.98051e-07
5.13877e-07
5.20392e-07
5.17335e-07
5.05028e-07
4.84468e-07
4.56925e-07
4.23847e-07
3.86888e-07
3.4734e-07
3.06081e-07
2.64832e-07
2.24166e-07
1.84774e-07
1.48033e-07
1.14332e-07
8.54152e-08
6.12796e-08
4.30768e-08
2.96657e-08
2.0838e-08
1.51267e-08
1.16422e-08
9.84899e-09
9.56976e-09
1.09981e-08
1.4765e-08
2.21195e-08
3.52225e-08
5.74354e-08
9.1164e-08
1.40818e-07
2.16078e-07
3.29056e-07
5.08266e-07
8.00755e-07
1.29178e-06
2.12821e-06
3.58152e-06
5.82876e-06
8.64048e-06
1.09766e-05
1.20289e-05
1.17442e-05
1.04479e-05
8.66242e-06
6.63011e-06
4.7625e-06
3.22603e-06
2.07451e-06
1.27616e-06
7.57075e-07
4.36319e-07
2.45743e-07
1.35863e-07
7.39711e-08
3.97547e-08
2.11277e-08
1.1119e-08
5.80143e-09
3.00383e-09
1.54456e-09
7.89003e-10
4.00267e-10
2.01297e-10
9.98796e-11
4.83501e-11
2.2225e-11
8.98756e-12
2.06894e-12
1.08738e-11
4.2137e-11
8.98625e-11
1.65291e-10
2.84387e-10
4.71711e-10
7.64904e-10
1.22108e-09
1.92591e-09
2.97273e-09
4.50343e-09
6.72522e-09
9.91775e-09
1.44412e-08
2.07409e-08
2.9342e-08
4.08229e-08
5.57755e-08
7.47344e-08
9.81013e-08
1.26071e-07
1.58577e-07
1.95221e-07
2.35281e-07
2.77786e-07
3.20417e-07
3.62849e-07
4.04319e-07
4.41436e-07
4.73553e-07
4.98254e-07
5.14636e-07
5.2173e-07
5.1923e-07
5.07394e-07
4.87085e-07
4.59681e-07
4.26618e-07
3.89574e-07
3.49852e-07
3.08356e-07
2.66821e-07
2.25855e-07
1.86137e-07
1.49102e-07
1.15149e-07
8.59884e-08
6.16662e-08
4.33303e-08
2.98381e-08
2.09768e-08
1.52601e-08
1.17976e-08
1.0061e-08
9.89647e-09
1.15323e-08
1.56639e-08
2.36454e-08
3.78016e-08
6.16477e-08
9.77077e-08
1.50964e-07
2.31879e-07
3.53954e-07
5.4824e-07
8.68196e-07
1.4084e-06
2.33343e-06
3.89326e-06
6.27301e-06
9.09335e-06
1.12648e-05
1.20952e-05
1.16246e-05
1.02528e-05
8.32628e-06
6.321e-06
4.50992e-06
3.03961e-06
1.94848e-06
1.197e-06
7.10183e-07
4.09764e-07
2.312e-07
1.28094e-07
6.98969e-08
3.76477e-08
2.00494e-08
1.05715e-08
5.52506e-09
2.86485e-09
1.47482e-09
7.54056e-10
3.82791e-10
1.92602e-10
9.56019e-11
4.62934e-11
2.12846e-11
8.60866e-12
1.98175e-12
1.08463e-11
4.20305e-11
8.96347e-11
1.64866e-10
2.83638e-10
4.70414e-10
7.6266e-10
1.21714e-09
1.91916e-09
2.96156e-09
4.48581e-09
6.69863e-09
9.87744e-09
1.43797e-08
2.06482e-08
2.92043e-08
4.06232e-08
5.5492e-08
7.43414e-08
9.75693e-08
1.25369e-07
1.57663e-07
1.94075e-07
2.34008e-07
2.7651e-07
3.19214e-07
3.61815e-07
4.03509e-07
4.40902e-07
4.73388e-07
4.98536e-07
5.15398e-07
5.22987e-07
5.20936e-07
5.09443e-07
4.89403e-07
4.62131e-07
4.29081e-07
3.91957e-07
3.52086e-07
3.10351e-07
2.68545e-07
2.27289e-07
1.87252e-07
1.49939e-07
1.15783e-07
8.64016e-08
6.19993e-08
4.35435e-08
2.99831e-08
2.10982e-08
1.5384e-08
1.19485e-08
1.02754e-08
1.02324e-08
1.20862e-08
1.65981e-08
2.52293e-08
4.04676e-08
6.5851e-08
1.04065e-07
1.60542e-07
2.4681e-07
3.77952e-07
5.88458e-07
9.37115e-07
1.52905e-06
2.54201e-06
4.23422e-06
6.74842e-06
9.54585e-06
1.15301e-05
1.21261e-05
1.14773e-05
9.99277e-06
8.03278e-06
6.04628e-06
4.28363e-06
2.87151e-06
1.83388e-06
1.12421e-06
6.66493e-07
3.84663e-07
2.17253e-07
1.2054e-07
6.58868e-08
3.55521e-08
1.8968e-08
1.00191e-08
5.245e-09
2.7236e-09
1.40361e-09
7.1822e-10
3.64873e-10
1.83716e-10
9.12601e-11
4.42236e-11
2.03447e-11
8.23125e-12
1.895e-12
1.08029e-11
4.18619e-11
8.92711e-11
1.64187e-10
2.82453e-10
4.6843e-10
7.59456e-10
1.21218e-09
1.91125e-09
2.94857e-09
4.46567e-09
6.66685e-09
9.82822e-09
1.43053e-08
2.05379e-08
2.90449e-08
4.03987e-08
5.51841e-08
7.39309e-08
9.70376e-08
1.24728e-07
1.56916e-07
1.93259e-07
2.33126e-07
2.75598e-07
3.18321e-07
3.60988e-07
4.02864e-07
4.40513e-07
4.73321e-07
4.98863e-07
5.16129e-07
5.24173e-07
5.22492e-07
5.11299e-07
4.91444e-07
4.64244e-07
4.31155e-07
3.93936e-07
3.53915e-07
3.12e-07
2.69948e-07
2.28409e-07
1.88054e-07
1.50449e-07
1.16299e-07
8.66759e-08
6.22419e-08
4.36822e-08
3.00708e-08
2.11774e-08
1.54776e-08
1.20789e-08
1.04757e-08
1.05581e-08
1.26326e-08
1.75263e-08
2.68063e-08
4.31181e-08
6.99431e-08
1.10209e-07
1.69802e-07
2.61098e-07
4.00683e-07
6.25206e-07
9.98194e-07
1.63102e-06
2.75708e-06
4.56802e-06
7.18793e-06
9.932e-06
1.17271e-05
1.21122e-05
1.13045e-05
9.74843e-06
7.76236e-06
5.79632e-06
4.07972e-06
2.72155e-06
1.73243e-06
1.06011e-06
6.28123e-07
3.62624e-07
2.04982e-07
1.13867e-07
6.23232e-08
3.36763e-08
1.79923e-08
9.51668e-09
4.98875e-09
2.59435e-09
1.33958e-09
6.86866e-10
3.49463e-10
1.76068e-10
8.74768e-11
4.23875e-11
1.94973e-11
7.88751e-12
1.81574e-12
1.07544e-11
4.16732e-11
8.88636e-11
1.63422e-10
2.81097e-10
4.66098e-10
7.55503e-10
1.20552e-09
1.9004e-09
2.93096e-09
4.43565e-09
6.61898e-09
9.75456e-09
1.4195e-08
2.03774e-08
2.88176e-08
4.00875e-08
5.47726e-08
7.34082e-08
9.64039e-08
1.23973e-07
1.56072e-07
1.92385e-07
2.3227e-07
2.74741e-07
3.1747e-07
3.60262e-07
4.0231e-07
4.40203e-07
4.73314e-07
4.99234e-07
5.16858e-07
5.25258e-07
5.23884e-07
5.12935e-07
4.93224e-07
4.66083e-07
4.33034e-07
3.95673e-07
3.5535e-07
3.13466e-07
2.71121e-07
2.29307e-07
1.8871e-07
1.50869e-07
1.16534e-07
8.6753e-08
6.23473e-08
4.37226e-08
3.00939e-08
2.12107e-08
1.55376e-08
1.2183e-08
1.06536e-08
1.0863e-08
1.31572e-08
1.84292e-08
2.83516e-08
4.57277e-08
7.39304e-08
1.16216e-07
1.78903e-07
2.75211e-07
4.2338e-07
6.63234e-07
1.06305e-06
1.74453e-06
2.95958e-06
4.88322e-06
7.58352e-06
1.02694e-05
1.1879e-05
1.20803e-05
1.11408e-05
9.50824e-06
7.50853e-06
5.56816e-06
3.89725e-06
2.58927e-06
1.64397e-06
1.00466e-06
5.95063e-07
3.43642e-07
1.94386e-07
1.08078e-07
5.92133e-08
3.20283e-08
1.71288e-08
9.06835e-09
4.75767e-09
2.47578e-09
1.27875e-09
6.55808e-10
3.3386e-10
1.68441e-10
8.37702e-11
4.06099e-11
1.86826e-11
7.55866e-12
1.74012e-12
1.07104e-11
4.15029e-11
8.84991e-11
1.62746e-10
2.79917e-10
4.64103e-10
7.52189e-10
1.20009e-09
1.89161e-09
2.91556e-09
4.4116e-09
6.58238e-09
9.70031e-09
1.41163e-08
2.02654e-08
2.86617e-08
3.98766e-08
5.4496e-08
7.30588e-08
9.5994e-08
1.23481e-07
1.55535e-07
1.91772e-07
2.31572e-07
2.74072e-07
3.16876e-07
3.59755e-07
4.01913e-07
4.39989e-07
4.73291e-07
4.99746e-07
5.17606e-07
5.26262e-07
5.25116e-07
5.14343e-07
4.94724e-07
4.67615e-07
4.34514e-07
3.97032e-07
3.56527e-07
3.14492e-07
2.71958e-07
2.29952e-07
1.89142e-07
1.51113e-07
1.16619e-07
8.67263e-08
6.22922e-08
4.36526e-08
3.00471e-08
2.11964e-08
1.5562e-08
1.22576e-08
1.08038e-08
1.11375e-08
1.36429e-08
1.9275e-08
2.98043e-08
4.81759e-08
7.76456e-08
1.21774e-07
1.87326e-07
2.88007e-07
4.44402e-07
6.98443e-07
1.12352e-06
1.84899e-06
3.14454e-06
5.17486e-06
7.93546e-06
1.05409e-05
1.19907e-05
1.20449e-05
1.09557e-05
9.28737e-06
7.29104e-06
5.38072e-06
3.75137e-06
2.48508e-06
1.57453e-06
9.6093e-07
5.68726e-07
3.28322e-07
1.85713e-07
1.03273e-07
5.65968e-08
3.06244e-08
1.6385e-08
8.67857e-09
4.55517e-09
2.37125e-09
1.22498e-09
6.28314e-10
3.19909e-10
1.61375e-10
8.02674e-11
3.89273e-11
1.79158e-11
7.25017e-12
1.66934e-12
1.0674e-11
4.13635e-11
8.8205e-11
1.62209e-10
2.78996e-10
4.62567e-10
7.49661e-10
1.19592e-09
1.88468e-09
2.90379e-09
4.39261e-09
6.55279e-09
9.65542e-09
1.40502e-08
2.01709e-08
2.85306e-08
3.96994e-08
5.42626e-08
7.27609e-08
9.56139e-08
1.23058e-07
1.55019e-07
1.91216e-07
2.31048e-07
2.73567e-07
3.16419e-07
3.59389e-07
4.0166e-07
4.39915e-07
4.7342e-07
5.00134e-07
5.18239e-07
5.27125e-07
5.2617e-07
5.15544e-07
4.96012e-07
4.68853e-07
4.35693e-07
3.98107e-07
3.5743e-07
3.1524e-07
2.72539e-07
2.30347e-07
1.89366e-07
1.51185e-07
1.16572e-07
8.66026e-08
6.21415e-08
4.35145e-08
2.99557e-08
2.11471e-08
1.55582e-08
1.23066e-08
1.09268e-08
1.13785e-08
1.4082e-08
2.00504e-08
3.1149e-08
5.04618e-08
8.11291e-08
1.27046e-07
1.954e-07
2.99838e-07
4.63694e-07
7.30557e-07
1.17817e-06
1.94294e-06
3.30325e-06
5.41847e-06
8.21557e-06
1.07435e-05
1.20555e-05
1.19863e-05
1.08116e-05
9.10813e-06
7.11105e-06
5.22312e-06
3.62676e-06
2.39458e-06
1.51326e-06
9.21784e-07
5.44869e-07
3.14315e-07
1.77729e-07
9.88274e-08
5.41689e-08
2.93199e-08
1.56935e-08
8.31618e-09
4.36702e-09
2.27415e-09
1.17506e-09
6.02898e-10
3.07072e-10
1.54994e-10
7.71419e-11
3.74293e-11
1.72317e-11
6.97448e-12
1.60605e-12
1.06377e-11
4.1223e-11
8.79045e-11
1.61653e-10
2.78036e-10
4.60978e-10
7.4711e-10
1.19197e-09
1.87881e-09
2.89442e-09
4.37809e-09
6.53055e-09
9.62088e-09
1.39978e-08
2.00937e-08
2.84216e-08
3.95522e-08
5.40717e-08
7.25275e-08
9.53225e-08
1.22691e-07
1.54616e-07
1.90794e-07
2.30609e-07
2.73167e-07
3.16076e-07
3.59135e-07
4.01509e-07
4.39918e-07
4.73592e-07
5.00508e-07
5.18805e-07
5.2786e-07
5.27042e-07
5.16505e-07
4.96995e-07
4.69813e-07
4.36602e-07
3.9892e-07
3.58091e-07
3.15756e-07
2.72898e-07
2.30555e-07
1.89438e-07
1.51137e-07
1.16433e-07
8.64119e-08
6.19413e-08
4.33405e-08
2.98378e-08
2.10771e-08
1.55352e-08
1.2335e-08
1.10247e-08
1.15832e-08
1.44613e-08
2.07184e-08
3.2284e-08
5.26361e-08
8.43309e-08
1.31751e-07
2.02479e-07
3.10411e-07
4.82041e-07
7.6071e-07
1.22946e-06
2.03157e-06
3.44617e-06
5.63663e-06
8.45864e-06
1.09108e-05
1.2101e-05
1.19315e-05
1.06989e-05
8.96452e-06
6.96388e-06
5.09184e-06
3.52081e-06
2.31627e-06
1.45965e-06
8.87353e-07
5.23832e-07
3.01947e-07
1.7067e-07
9.48924e-08
5.20176e-08
2.81622e-08
1.5079e-08
7.99386e-09
4.20015e-09
2.1893e-09
1.13284e-09
5.82078e-10
2.96783e-10
1.49823e-10
7.45497e-11
3.61633e-11
1.66465e-11
6.73699e-12
1.55133e-12
1.0606e-11
4.11005e-11
8.76432e-11
1.61171e-10
2.77203e-10
4.59587e-10
7.44836e-10
1.1883e-09
1.87254e-09
2.8841e-09
4.36235e-09
6.50799e-09
9.59059e-09
1.3956e-08
2.00346e-08
2.83354e-08
3.94317e-08
5.39126e-08
7.23191e-08
9.50805e-08
1.22411e-07
1.54309e-07
1.9048e-07
2.30299e-07
2.7288e-07
3.15836e-07
3.58971e-07
4.01434e-07
4.39973e-07
4.73785e-07
5.00863e-07
5.19312e-07
5.28507e-07
5.27784e-07
5.17301e-07
4.97811e-07
4.70597e-07
4.37325e-07
3.99549e-07
3.58598e-07
3.1613e-07
2.73131e-07
2.3065e-07
1.89419e-07
1.51014e-07
1.16235e-07
8.61768e-08
6.1709e-08
4.31437e-08
2.97065e-08
2.09957e-08
1.55012e-08
1.23524e-08
1.11095e-08
1.17709e-08
1.48166e-08
2.13581e-08
3.34017e-08
5.44676e-08
8.71521e-08
1.36011e-07
2.08996e-07
3.20692e-07
4.98258e-07
7.88194e-07
1.27678e-06
2.11276e-06
3.57441e-06
5.82978e-06
8.66819e-06
1.10492e-05
1.2134e-05
1.18746e-05
1.05995e-05
8.84129e-06
6.83736e-06
4.97823e-06
3.43006e-06
2.25013e-06
1.41484e-06
8.58704e-07
5.06347e-07
2.91655e-07
1.64782e-07
9.15997e-08
5.02108e-08
2.71859e-08
1.45576e-08
7.71697e-09
4.05409e-09
2.11311e-09
1.09387e-09
5.62125e-10
2.86664e-10
1.4481e-10
7.21045e-11
3.49952e-11
1.61141e-11
6.52274e-12
1.50213e-12
1.05792e-11
4.09972e-11
8.74233e-11
1.60767e-10
2.76506e-10
4.58427e-10
7.42952e-10
1.18529e-09
1.86731e-09
2.87538e-09
4.34863e-09
6.48719e-09
9.55958e-09
1.39123e-08
1.99763e-08
2.82624e-08
3.93366e-08
5.37867e-08
7.21583e-08
9.48759e-08
1.22183e-07
1.54067e-07
1.90217e-07
2.3005e-07
2.7266e-07
3.15664e-07
3.5887e-07
4.01412e-07
4.40061e-07
4.73987e-07
5.01195e-07
5.19762e-07
5.29058e-07
5.28419e-07
5.17998e-07
4.98505e-07
4.71241e-07
4.37899e-07
4.00034e-07
3.58953e-07
3.1637e-07
2.73256e-07
2.30662e-07
1.89338e-07
1.50843e-07
1.16001e-07
8.59126e-08
6.14576e-08
4.29356e-08
2.95656e-08
2.09076e-08
1.54609e-08
1.2361e-08
1.11802e-08
1.19347e-08
1.51321e-08
2.19214e-08
3.43755e-08
5.60436e-08
8.96093e-08
1.39767e-07
2.14792e-07
3.29887e-07
5.1275e-07
8.12758e-07
1.31895e-06
2.18568e-06
3.68837e-06
6.00156e-06
8.84901e-06
1.1167e-05
1.21587e-05
1.18223e-05
1.05126e-05
8.73087e-06
6.7258e-06
4.87991e-06
3.35196e-06
2.19322e-06
1.37624e-06
8.34023e-07
4.91278e-07
2.82783e-07
1.59706e-07
8.87622e-08
4.86555e-08
2.63488e-08
1.41161e-08
7.49095e-09
3.94039e-09
2.05513e-09
1.06392e-09
5.46785e-10
2.7884e-10
1.40823e-10
7.01093e-11
3.40238e-11
1.56658e-11
6.34094e-12
1.46023e-12
1.05572e-11
4.09121e-11
8.72427e-11
1.60435e-10
2.75936e-10
4.57484e-10
7.41429e-10
1.18288e-09
1.86306e-09
2.86824e-09
4.33741e-09
6.47029e-09
9.53481e-09
1.38768e-08
1.99264e-08
2.81937e-08
3.92489e-08
5.36797e-08
7.20287e-08
9.4722e-08
1.22005e-07
1.53871e-07
1.90026e-07
2.29869e-07
2.72507e-07
3.15554e-07
3.5882e-07
4.01428e-07
4.40168e-07
4.74188e-07
5.01503e-07
5.20167e-07
5.29551e-07
5.28967e-07
5.1856e-07
4.99053e-07
4.71746e-07
4.38343e-07
4.00396e-07
3.5922e-07
3.16543e-07
2.73334e-07
2.30649e-07
1.89257e-07
1.50691e-07
1.15787e-07
8.56369e-08
6.11915e-08
4.27159e-08
2.94201e-08
2.08165e-08
1.54161e-08
1.23619e-08
1.12371e-08
1.20735e-08
1.54009e-08
2.24053e-08
3.52163e-08
5.74002e-08
9.17334e-08
1.43047e-07
2.19964e-07
3.38083e-07
5.26013e-07
8.35189e-07
1.35765e-06
2.2528e-06
3.79044e-06
6.15036e-06
9.0034e-06
1.12607e-05
1.21736e-05
1.17723e-05
1.04355e-05
8.63423e-06
6.62662e-06
4.79249e-06
3.28267e-06
2.14291e-06
1.34226e-06
8.12373e-07
4.78109e-07
2.75054e-07
1.55295e-07
8.63004e-08
4.73058e-08
2.56195e-08
1.37262e-08
7.28362e-09
3.8318e-09
2.00059e-09
1.03639e-09
5.32827e-10
2.71704e-10
1.37238e-10
6.83332e-11
3.31652e-11
1.52714e-11
6.18144e-12
1.42351e-12
1.05392e-11
4.0843e-11
8.7096e-11
1.60166e-10
2.75475e-10
4.56721e-10
7.402e-10
1.18094e-09
1.85962e-09
2.86246e-09
4.32836e-09
6.45674e-09
9.51506e-09
1.38487e-08
1.98872e-08
2.81406e-08
3.91795e-08
5.35876e-08
7.19179e-08
9.46e-08
1.21871e-07
1.53729e-07
1.89881e-07
2.29736e-07
2.724e-07
3.15485e-07
3.58802e-07
4.01466e-07
4.4028e-07
4.74374e-07
5.01768e-07
5.20501e-07
5.29938e-07
5.29395e-07
5.18999e-07
4.99481e-07
4.72133e-07
4.38679e-07
4.0067e-07
3.59413e-07
3.16662e-07
2.73383e-07
2.30642e-07
1.89224e-07
1.50656e-07
1.15805e-07
8.51582e-08
6.08402e-08
4.24668e-08
2.92667e-08
2.0723e-08
1.53695e-08
1.23576e-08
1.12814e-08
1.21856e-08
1.56197e-08
2.27961e-08
3.58811e-08
5.8452e-08
9.33188e-08
1.45351e-07
2.25062e-07
3.4552e-07
5.37829e-07
8.54841e-07
1.39129e-06
2.31069e-06
3.87725e-06
6.2782e-06
9.1322e-06
1.13387e-05
1.21846e-05
1.17283e-05
1.03676e-05
8.54201e-06
6.53177e-06
4.71007e-06
3.21855e-06
2.09718e-06
1.31186e-06
7.93269e-07
4.66614e-07
2.68366e-07
1.51503e-07
8.41944e-08
4.61555e-08
2.49996e-08
1.33957e-08
7.10872e-09
3.73946e-09
1.95144e-09
1.0108e-09
5.19778e-10
2.65211e-10
1.34022e-10
6.67558e-11
3.24082e-11
1.49255e-11
6.04208e-12
1.39148e-12
1.05249e-11
4.07878e-11
8.69786e-11
1.59951e-10
2.75104e-10
4.56106e-10
7.39202e-10
1.17935e-09
1.85686e-09
2.85786e-09
4.32119e-09
6.44602e-09
9.4995e-09
1.38266e-08
1.98566e-08
2.80992e-08
3.91238e-08
5.35189e-08
7.18329e-08
9.44994e-08
1.21763e-07
1.53616e-07
1.89772e-07
2.29639e-07
2.72327e-07
3.15444e-07
3.58806e-07
4.01517e-07
4.40392e-07
4.74547e-07
5.02006e-07
5.20795e-07
5.30273e-07
5.29746e-07
5.19353e-07
4.9982e-07
4.72438e-07
4.38935e-07
4.00864e-07
3.59536e-07
3.16718e-07
2.73373e-07
2.30571e-07
1.89111e-07
1.50496e-07
1.15602e-07
8.49342e-08
6.06287e-08
4.22963e-08
2.91555e-08
2.06533e-08
1.53351e-08
1.23571e-08
1.13215e-08
1.22844e-08
1.5811e-08
2.31396e-08
3.64766e-08
5.94161e-08
9.48365e-08
1.47708e-07
2.28724e-07
3.51359e-07
5.47384e-07
8.70969e-07
1.41902e-06
2.35849e-06
3.94798e-06
6.38047e-06
9.2347e-06
1.14019e-05
1.21994e-05
1.17075e-05
1.03328e-05
8.42186e-06
6.4336e-06
4.63345e-06
3.16253e-06
2.0586e-06
1.28671e-06
7.7762e-07
4.5724e-07
2.62917e-07
1.48412e-07
8.24743e-08
4.52141e-08
2.44919e-08
1.31253e-08
6.96608e-09
3.66485e-09
1.91269e-09
9.90823e-10
5.09563e-10
2.60037e-10
1.31428e-10
6.54735e-11
3.17895e-11
1.46417e-11
5.92744e-12
1.36505e-12
1.05139e-11
4.07455e-11
8.68887e-11
1.59786e-10
2.74821e-10
4.55638e-10
7.38449e-10
1.17816e-09
1.85476e-09
2.85433e-09
4.31569e-09
6.43782e-09
9.48762e-09
1.38098e-08
1.98334e-08
2.80681e-08
3.90828e-08
5.34672e-08
7.17696e-08
9.44254e-08
1.21681e-07
1.53533e-07
1.89692e-07
2.2957e-07
2.72279e-07
3.15423e-07
3.5882e-07
4.01567e-07
4.40488e-07
4.74688e-07
5.02194e-07
5.21022e-07
5.30529e-07
5.30016e-07
5.19623e-07
5.00075e-07
4.72658e-07
4.3911e-07
4.0099e-07
3.59605e-07
3.16731e-07
2.73333e-07
2.3048e-07
1.88985e-07
1.50333e-07
1.15417e-07
8.47679e-08
6.04767e-08
4.21734e-08
2.90759e-08
2.06038e-08
1.53119e-08
1.23602e-08
1.13571e-08
1.23677e-08
1.59705e-08
2.34251e-08
3.69711e-08
6.02096e-08
9.60774e-08
1.4961e-07
2.31591e-07
3.55925e-07
5.54872e-07
8.83546e-07
1.44059e-06
2.3956e-06
4.00591e-06
6.46291e-06
9.31514e-06
1.14485e-05
1.22042e-05
1.16782e-05
1.02811e-05
8.35651e-06
6.36944e-06
4.57855e-06
3.12004e-06
2.02848e-06
1.26681e-06
7.65167e-07
4.49772e-07
2.58582e-07
1.45958e-07
8.11134e-08
4.44717e-08
2.40923e-08
1.29126e-08
6.85396e-09
3.60632e-09
1.88241e-09
9.75291e-10
5.01653e-10
2.56036e-10
1.29421e-10
6.448e-11
3.13093e-11
1.44212e-11
5.83825e-12
1.34452e-12
1.0506e-11
4.0715e-11
8.6824e-11
1.59667e-10
2.74617e-10
4.55302e-10
7.37908e-10
1.17731e-09
1.85324e-09
2.85177e-09
4.31167e-09
6.43182e-09
9.4789e-09
1.37974e-08
1.98161e-08
2.80445e-08
3.90523e-08
5.34286e-08
7.17242e-08
9.43737e-08
1.21624e-07
1.53473e-07
1.89636e-07
2.29525e-07
2.72249e-07
3.15414e-07
3.58837e-07
4.0161e-07
4.40566e-07
4.74798e-07
5.02337e-07
5.21192e-07
5.30717e-07
5.30213e-07
5.19817e-07
5.00254e-07
4.72809e-07
4.39229e-07
4.01069e-07
3.5964e-07
3.16725e-07
2.73286e-07
2.30396e-07
1.88877e-07
1.50202e-07
1.15273e-07
8.46442e-08
6.03659e-08
4.2085e-08
2.90198e-08
2.05695e-08
1.52967e-08
1.23644e-08
1.13854e-08
1.24317e-08
1.60919e-08
2.36413e-08
3.73421e-08
6.08072e-08
9.7004e-08
1.5102e-07
2.33709e-07
3.59308e-07
5.60407e-07
8.92872e-07
1.45655e-06
2.42286e-06
4.05073e-06
6.52538e-06
9.3753e-06
1.14825e-05
1.22065e-05
1.16551e-05
1.02422e-05
8.31058e-06
6.32529e-06
4.54093e-06
3.09091e-06
2.00766e-06
1.2529e-06
7.56382e-07
4.44455e-07
2.55472e-07
1.44186e-07
8.01257e-08
4.39308e-08
2.38007e-08
1.27578e-08
6.77295e-09
3.56428e-09
1.8607e-09
9.64123e-10
4.95938e-10
2.53134e-10
1.27962e-10
6.3756e-11
3.09588e-11
1.426e-11
5.77306e-12
1.32951e-12
1.0501e-11
4.06956e-11
8.67827e-11
1.59592e-10
2.74488e-10
4.55089e-10
7.37566e-10
1.17677e-09
1.85227e-09
2.85013e-09
4.3091e-09
6.42799e-09
9.47335e-09
1.37896e-08
1.98053e-08
2.80299e-08
3.90335e-08
5.3405e-08
7.16959e-08
9.43414e-08
1.21589e-07
1.53438e-07
1.89603e-07
2.29498e-07
2.72233e-07
3.15412e-07
3.58852e-07
4.01644e-07
4.40622e-07
4.74875e-07
5.02435e-07
5.21306e-07
5.30842e-07
5.30343e-07
5.19943e-07
5.00368e-07
4.72904e-07
4.39301e-07
4.01115e-07
3.59657e-07
3.16713e-07
2.73247e-07
2.30333e-07
1.888e-07
1.5011e-07
1.15174e-07
8.45617e-08
6.02931e-08
4.20274e-08
2.89836e-08
2.05476e-08
1.52874e-08
1.23676e-08
1.14046e-08
1.24742e-08
1.6172e-08
2.37831e-08
3.75854e-08
6.12097e-08
9.76232e-08
1.51957e-07
2.35112e-07
3.61543e-07
5.64069e-07
8.99039e-07
1.46714e-06
2.44109e-06
4.08074e-06
6.56702e-06
9.41505e-06
1.15049e-05
1.2208e-05
1.16403e-05
1.02175e-05
8.28177e-06
6.29724e-06
4.51718e-06
3.0726e-06
1.99457e-06
1.24412e-06
7.50795e-07
4.41057e-07
2.53476e-07
1.43046e-07
7.94883e-08
4.35809e-08
2.36115e-08
1.26567e-08
6.7194e-09
3.53624e-09
1.84618e-09
9.56679e-10
4.92153e-10
2.51222e-10
1.27004e-10
6.32819e-11
3.07296e-11
1.41547e-11
5.73047e-12
1.3197e-12
1.04985e-11
4.06861e-11
8.67627e-11
1.59555e-10
2.74426e-10
4.54987e-10
7.37401e-10
1.17652e-09
1.8518e-09
2.84934e-09
4.30787e-09
6.42616e-09
9.4707e-09
1.37858e-08
1.98001e-08
2.8023e-08
3.90245e-08
5.33938e-08
7.16824e-08
9.43257e-08
1.21572e-07
1.53421e-07
1.89588e-07
2.29485e-07
2.72226e-07
3.15412e-07
3.58861e-07
4.01662e-07
4.40651e-07
4.74914e-07
5.02484e-07
5.21363e-07
5.30905e-07
5.30407e-07
5.20005e-07
5.00423e-07
4.72949e-07
4.39335e-07
4.01136e-07
3.59663e-07
3.16706e-07
2.73226e-07
2.303e-07
1.8876e-07
1.50063e-07
1.15124e-07
8.452e-08
6.02566e-08
4.19988e-08
2.89657e-08
2.05369e-08
1.52829e-08
1.23694e-08
1.14141e-08
1.24954e-08
1.62116e-08
2.38534e-08
3.7706e-08
6.14093e-08
9.79299e-08
1.52421e-07
2.35809e-07
3.62653e-07
5.65888e-07
9.02099e-07
1.47239e-06
2.45014e-06
4.09568e-06
6.58766e-06
9.43467e-06
1.1516e-05
1.22089e-05
1.16332e-05
1.02058e-05
8.26822e-06
6.28413e-06
4.506e-06
3.06401e-06
1.98845e-06
1.24e-06
7.48176e-07
4.39463e-07
2.52539e-07
1.4251e-07
7.91884e-08
4.3416e-08
2.35221e-08
1.26088e-08
6.69406e-09
3.52295e-09
1.83928e-09
9.53124e-10
4.90336e-10
2.50301e-10
1.2654e-10
6.30518e-11
3.06181e-11
1.41034e-11
5.70967e-12
1.31491e-12
1.04986e-11
4.06863e-11
8.6763e-11
1.59556e-10
2.74426e-10
4.54988e-10
7.37404e-10
1.17652e-09
1.85181e-09
2.84935e-09
4.30788e-09
6.42617e-09
9.47071e-09
1.37858e-08
1.98001e-08
2.8023e-08
3.90246e-08
5.33939e-08
7.16825e-08
9.43258e-08
1.21572e-07
1.53421e-07
1.89588e-07
2.29486e-07
2.72226e-07
3.15412e-07
3.58862e-07
4.01662e-07
4.40651e-07
4.74915e-07
5.02485e-07
5.21364e-07
5.30905e-07
5.30408e-07
5.20006e-07
5.00424e-07
4.7295e-07
4.39335e-07
4.01137e-07
3.59664e-07
3.16706e-07
2.73226e-07
2.303e-07
1.88759e-07
1.50062e-07
1.15124e-07
8.45195e-08
6.02561e-08
4.19984e-08
2.89654e-08
2.05367e-08
1.52827e-08
1.23693e-08
1.1414e-08
1.24952e-08
1.62115e-08
2.38533e-08
3.77057e-08
6.14089e-08
9.79291e-08
1.5242e-07
2.35808e-07
3.6265e-07
5.65882e-07
9.02089e-07
1.47237e-06
2.4501e-06
4.09562e-06
6.58758e-06
9.43458e-06
1.15159e-05
1.22089e-05
1.16332e-05
1.02059e-05
8.26825e-06
6.28417e-06
4.50603e-06
3.06404e-06
1.98847e-06
1.24002e-06
7.48184e-07
4.39468e-07
2.52542e-07
1.42512e-07
7.91893e-08
4.34165e-08
2.35224e-08
1.2609e-08
6.69413e-09
3.52299e-09
1.8393e-09
9.53135e-10
4.90341e-10
2.50303e-10
1.26541e-10
6.30523e-11
3.06184e-11
1.41035e-11
5.70971e-12
1.31492e-12
1.05011e-11
4.06959e-11
8.67834e-11
1.59593e-10
2.7449e-10
4.55093e-10
7.37573e-10
1.17678e-09
1.85228e-09
2.85015e-09
4.30913e-09
6.42802e-09
9.47339e-09
1.37896e-08
1.98054e-08
2.803e-08
3.90336e-08
5.34052e-08
7.16961e-08
9.43417e-08
1.21589e-07
1.53438e-07
1.89604e-07
2.29499e-07
2.72234e-07
3.15413e-07
3.58854e-07
4.01645e-07
4.40624e-07
4.74877e-07
5.02437e-07
5.21309e-07
5.30845e-07
5.30346e-07
5.19946e-07
5.0037e-07
4.72906e-07
4.39302e-07
4.01116e-07
3.59658e-07
3.16713e-07
2.73247e-07
2.30332e-07
1.88798e-07
1.50108e-07
1.15172e-07
8.456e-08
6.02917e-08
4.20264e-08
2.89828e-08
2.05471e-08
1.52869e-08
1.23673e-08
1.14042e-08
1.24739e-08
1.61716e-08
2.37827e-08
3.75847e-08
6.12086e-08
9.76213e-08
1.51953e-07
2.35107e-07
3.61533e-07
5.64052e-07
8.99008e-07
1.46708e-06
2.44099e-06
4.08056e-06
6.56676e-06
9.41478e-06
1.15047e-05
1.22079e-05
1.16403e-05
1.02176e-05
8.28187e-06
6.29734e-06
4.51728e-06
3.07268e-06
1.99463e-06
1.24416e-06
7.50818e-07
4.41071e-07
2.53484e-07
1.43051e-07
7.94909e-08
4.35824e-08
2.36123e-08
1.26571e-08
6.71963e-09
3.53635e-09
1.84624e-09
9.56709e-10
4.92167e-10
2.51229e-10
1.27007e-10
6.32833e-11
3.07303e-11
1.4155e-11
5.73059e-12
1.31973e-12
1.05061e-11
4.07154e-11
8.68249e-11
1.59669e-10
2.7462e-10
4.55307e-10
7.37916e-10
1.17733e-09
1.85325e-09
2.85179e-09
4.3117e-09
6.43186e-09
9.47896e-09
1.37975e-08
1.98163e-08
2.80446e-08
3.90525e-08
5.34289e-08
7.17245e-08
9.43741e-08
1.21624e-07
1.53474e-07
1.89637e-07
2.29526e-07
2.72251e-07
3.15416e-07
3.58839e-07
4.01613e-07
4.40569e-07
4.74801e-07
5.0234e-07
5.21195e-07
5.3072e-07
5.30217e-07
5.1982e-07
5.00256e-07
4.72811e-07
4.39231e-07
4.01071e-07
3.59641e-07
3.16725e-07
2.73285e-07
2.30394e-07
1.88875e-07
1.502e-07
1.15271e-07
8.46422e-08
6.03645e-08
4.20838e-08
2.90188e-08
2.05687e-08
1.5296e-08
1.23638e-08
1.13849e-08
1.24312e-08
1.60914e-08
2.36407e-08
3.73414e-08
6.08063e-08
9.70021e-08
1.51017e-07
2.33702e-07
3.59294e-07
5.60378e-07
8.9282e-07
1.45645e-06
2.42269e-06
4.05043e-06
6.52493e-06
9.37486e-06
1.14822e-05
1.22063e-05
1.16552e-05
1.02424e-05
8.31078e-06
6.3255e-06
4.54112e-06
3.09105e-06
2.00776e-06
1.25297e-06
7.56425e-07
4.44481e-07
2.55487e-07
1.44195e-07
8.01304e-08
4.39334e-08
2.38021e-08
1.27585e-08
6.77335e-09
3.56449e-09
1.86082e-09
9.64183e-10
4.95969e-10
2.53149e-10
1.27969e-10
6.37593e-11
3.09603e-11
1.42607e-11
5.7733e-12
1.32957e-12
1.05141e-11
4.0746e-11
8.68898e-11
1.59788e-10
2.74824e-10
4.55644e-10
7.38459e-10
1.17818e-09
1.85478e-09
2.85436e-09
4.31572e-09
6.43788e-09
9.4877e-09
1.38099e-08
1.98336e-08
2.80683e-08
3.90831e-08
5.34676e-08
7.17702e-08
9.44262e-08
1.21681e-07
1.53534e-07
1.89694e-07
2.29572e-07
2.72281e-07
3.15426e-07
3.58823e-07
4.0157e-07
4.40492e-07
4.74692e-07
5.02198e-07
5.21027e-07
5.30533e-07
5.30021e-07
5.19627e-07
5.00077e-07
4.7266e-07
4.39113e-07
4.00992e-07
3.59607e-07
3.16732e-07
2.73333e-07
2.30479e-07
1.88984e-07
1.50332e-07
1.15415e-07
8.47662e-08
6.04749e-08
4.21719e-08
2.90747e-08
2.06028e-08
1.5311e-08
1.23594e-08
1.13563e-08
1.23669e-08
1.59698e-08
2.34244e-08
3.69701e-08
6.02079e-08
9.60738e-08
1.49603e-07
2.31579e-07
3.55903e-07
5.54834e-07
8.83477e-07
1.44046e-06
2.39538e-06
4.00554e-06
6.46238e-06
9.31458e-06
1.14482e-05
1.22041e-05
1.16783e-05
1.02813e-05
8.35678e-06
6.36972e-06
4.5788e-06
3.12024e-06
2.02862e-06
1.2669e-06
7.65225e-07
4.49807e-07
2.58603e-07
1.4597e-07
8.11198e-08
4.44751e-08
2.40941e-08
1.29135e-08
6.85442e-09
3.60654e-09
1.88252e-09
9.7534e-10
5.01675e-10
2.56047e-10
1.29426e-10
6.44821e-11
3.13101e-11
1.44215e-11
5.83837e-12
1.34455e-12
1.05251e-11
4.07884e-11
8.69798e-11
1.59953e-10
2.75108e-10
4.56112e-10
7.39214e-10
1.17937e-09
1.85689e-09
2.8579e-09
4.32124e-09
6.4461e-09
9.49961e-09
1.38268e-08
1.98568e-08
2.80995e-08
3.91242e-08
5.35194e-08
7.18336e-08
9.45004e-08
1.21764e-07
1.53618e-07
1.89774e-07
2.29641e-07
2.7233e-07
3.15447e-07
3.5881e-07
4.0152e-07
4.40396e-07
4.74551e-07
5.0201e-07
5.208e-07
5.30279e-07
5.29753e-07
5.19361e-07
4.99828e-07
4.72445e-07
4.38941e-07
4.00869e-07
3.5954e-07
3.1672e-07
2.73376e-07
2.30573e-07
1.89112e-07
1.50496e-07
1.15602e-07
8.49332e-08
6.06276e-08
4.22951e-08
2.91544e-08
2.06524e-08
1.53342e-08
1.23563e-08
1.13208e-08
1.22836e-08
1.58102e-08
2.31386e-08
3.6475e-08
5.94132e-08
9.48311e-08
1.47699e-07
2.28708e-07
3.5133e-07
5.47333e-07
8.7088e-07
1.41886e-06
2.3582e-06
3.94752e-06
6.37979e-06
9.23401e-06
1.14014e-05
1.21992e-05
1.17076e-05
1.03331e-05
8.42221e-06
6.43395e-06
4.63376e-06
3.16277e-06
2.05876e-06
1.28682e-06
7.7769e-07
4.57282e-07
2.62942e-07
1.48425e-07
8.24819e-08
4.52182e-08
2.4494e-08
1.31263e-08
6.96659e-09
3.66508e-09
1.91278e-09
9.90855e-10
5.0957e-10
2.60037e-10
1.31426e-10
6.54719e-11
3.17884e-11
1.46411e-11
5.92717e-12
1.36498e-12
1.05394e-11
4.08436e-11
8.70972e-11
1.60168e-10
2.75479e-10
4.56728e-10
7.40212e-10
1.18096e-09
1.85965e-09
2.86251e-09
4.32842e-09
6.45682e-09
9.51519e-09
1.38489e-08
1.98875e-08
2.81409e-08
3.918e-08
5.35882e-08
7.19188e-08
9.46012e-08
1.21873e-07
1.53731e-07
1.89884e-07
2.29739e-07
2.72404e-07
3.15489e-07
3.58808e-07
4.01472e-07
4.40287e-07
4.74382e-07
5.01776e-07
5.20508e-07
5.29946e-07
5.29403e-07
5.19007e-07
4.9949e-07
4.72141e-07
4.38686e-07
4.00676e-07
3.59418e-07
3.16666e-07
2.73386e-07
2.30644e-07
1.89226e-07
1.50657e-07
1.15805e-07
8.51576e-08
6.08391e-08
4.24656e-08
2.92656e-08
2.0722e-08
1.53686e-08
1.23568e-08
1.12806e-08
1.21849e-08
1.56187e-08
2.27946e-08
3.58788e-08
5.84482e-08
9.33123e-08
1.4534e-07
2.25043e-07
3.45488e-07
5.37772e-07
8.54742e-07
1.39111e-06
2.31038e-06
3.87678e-06
6.2775e-06
9.13145e-06
1.13383e-05
1.21845e-05
1.17285e-05
1.03678e-05
8.54237e-06
6.53215e-06
4.71042e-06
3.21882e-06
2.09738e-06
1.312e-06
7.93355e-07
4.66666e-07
2.68396e-07
1.5152e-07
8.42037e-08
4.61603e-08
2.50019e-08
1.33968e-08
7.10906e-09
3.73946e-09
1.95132e-09
1.01069e-09
5.19702e-10
2.65166e-10
1.33998e-10
6.67439e-11
3.24025e-11
1.49229e-11
6.04102e-12
1.39124e-12
1.05573e-11
4.09126e-11
8.72437e-11
1.60437e-10
2.7594e-10
4.57491e-10
7.4144e-10
1.1829e-09
1.86309e-09
2.86828e-09
4.33747e-09
6.47038e-09
9.53496e-09
1.38771e-08
1.99267e-08
2.81941e-08
3.92495e-08
5.36806e-08
7.20298e-08
9.47235e-08
1.22007e-07
1.53874e-07
1.90029e-07
2.29873e-07
2.72512e-07
3.15559e-07
3.58826e-07
4.01435e-07
4.40176e-07
4.74197e-07
5.01511e-07
5.20175e-07
5.29556e-07
5.28975e-07
5.18569e-07
4.99063e-07
4.71755e-07
4.38352e-07
4.00404e-07
3.59227e-07
3.16548e-07
2.73338e-07
2.30652e-07
1.89259e-07
1.50692e-07
1.15788e-07
8.56364e-08
6.11906e-08
4.27149e-08
2.94192e-08
2.08156e-08
1.54153e-08
1.23611e-08
1.12362e-08
1.20725e-08
1.53999e-08
2.24039e-08
3.5214e-08
5.73962e-08
9.17266e-08
1.43035e-07
2.19945e-07
3.38051e-07
5.25956e-07
8.35089e-07
1.35747e-06
2.25249e-06
3.78995e-06
6.14962e-06
9.00262e-06
1.12601e-05
1.21735e-05
1.17725e-05
1.04358e-05
8.63463e-06
6.62704e-06
4.79287e-06
3.28297e-06
2.14313e-06
1.34241e-06
8.12469e-07
4.78167e-07
2.75088e-07
1.55314e-07
8.63103e-08
4.73107e-08
2.56214e-08
1.37265e-08
7.28294e-09
3.83053e-09
1.99889e-09
1.03569e-09
5.32538e-10
2.71578e-10
1.37182e-10
6.83078e-11
3.31538e-11
1.52665e-11
6.17957e-12
1.42309e-12
1.05793e-11
4.09973e-11
8.74238e-11
1.60768e-10
2.76508e-10
4.58431e-10
7.4296e-10
1.18531e-09
1.86734e-09
2.87542e-09
4.34869e-09
6.48729e-09
9.55974e-09
1.39126e-08
1.99766e-08
2.82629e-08
3.93372e-08
5.37877e-08
7.21596e-08
9.48776e-08
1.22185e-07
1.5407e-07
1.90221e-07
2.30056e-07
2.72667e-07
3.15672e-07
3.58878e-07
4.01421e-07
4.40071e-07
4.73999e-07
5.01208e-07
5.19777e-07
5.29076e-07
5.28434e-07
5.18011e-07
4.98518e-07
4.71252e-07
4.37909e-07
4.00043e-07
3.5896e-07
3.16376e-07
2.7326e-07
2.30665e-07
1.8934e-07
1.50844e-07
1.16001e-07
8.59121e-08
6.14568e-08
4.29347e-08
2.95646e-08
2.09068e-08
1.54601e-08
1.23602e-08
1.11794e-08
1.19337e-08
1.51309e-08
2.19198e-08
3.43731e-08
5.60396e-08
8.96025e-08
1.39755e-07
2.14773e-07
3.29855e-07
5.12696e-07
8.12661e-07
1.31878e-06
2.18537e-06
3.68787e-06
6.0008e-06
8.84819e-06
1.11665e-05
1.21585e-05
1.18225e-05
1.05129e-05
8.7313e-06
6.72625e-06
4.88032e-06
3.35228e-06
2.19346e-06
1.37641e-06
8.34127e-07
4.91341e-07
2.82819e-07
1.59726e-07
8.87728e-08
4.86605e-08
2.63505e-08
1.41158e-08
7.48925e-09
3.939e-09
2.05516e-09
1.06381e-09
5.4667e-10
2.78739e-10
1.40777e-10
7.00885e-11
3.40147e-11
1.5662e-11
6.33951e-12
1.45991e-12
1.06059e-11
4.11002e-11
8.76426e-11
1.6117e-10
2.77201e-10
4.59584e-10
7.44833e-10
1.1883e-09
1.87253e-09
2.88411e-09
4.36239e-09
6.50807e-09
9.59074e-09
1.39562e-08
2.0035e-08
2.83359e-08
3.94325e-08
5.39135e-08
7.23205e-08
9.50824e-08
1.22413e-07
1.54312e-07
1.90484e-07
2.30304e-07
2.72884e-07
3.15842e-07
3.58979e-07
4.01444e-07
4.39984e-07
4.73798e-07
5.00877e-07
5.19327e-07
5.28523e-07
5.278e-07
5.17317e-07
4.97825e-07
4.7061e-07
4.37336e-07
3.99559e-07
3.58606e-07
3.16137e-07
2.73136e-07
2.30654e-07
1.89422e-07
1.51015e-07
1.16235e-07
8.61761e-08
6.17079e-08
4.31426e-08
2.97054e-08
2.09948e-08
1.55004e-08
1.23517e-08
1.11087e-08
1.177e-08
1.48155e-08
2.13566e-08
3.33993e-08
5.44637e-08
8.71456e-08
1.36e-07
2.08978e-07
3.20661e-07
4.98206e-07
7.88099e-07
1.27661e-06
2.11246e-06
3.5739e-06
5.829e-06
8.66734e-06
1.10486e-05
1.21339e-05
1.18748e-05
1.05998e-05
8.84176e-06
6.83784e-06
4.97866e-06
3.43041e-06
2.25038e-06
1.41501e-06
8.58815e-07
5.06414e-07
2.91694e-07
1.64805e-07
9.16125e-08
5.02181e-08
2.71905e-08
1.4561e-08
7.72021e-09
4.05653e-09
2.11414e-09
1.09388e-09
5.62116e-10
2.86695e-10
1.4482e-10
7.21089e-11
3.49975e-11
1.61153e-11
6.52333e-12
1.50228e-12
1.06376e-11
4.12225e-11
8.7903e-11
1.6165e-10
2.78029e-10
4.60961e-10
7.47073e-10
1.19188e-09
1.87861e-09
2.89431e-09
4.37806e-09
6.5306e-09
9.621e-09
1.3998e-08
2.0094e-08
2.8422e-08
3.95529e-08
5.40727e-08
7.25288e-08
9.53244e-08
1.22694e-07
1.54619e-07
1.90798e-07
2.30613e-07
2.73173e-07
3.16083e-07
3.59144e-07
4.0152e-07
4.3993e-07
4.73605e-07
5.00523e-07
5.18821e-07
5.27876e-07
5.27059e-07
5.16521e-07
4.97011e-07
4.69827e-07
4.36615e-07
3.98931e-07
3.581e-07
3.15763e-07
2.72904e-07
2.30559e-07
1.89441e-07
1.51138e-07
1.16433e-07
8.64112e-08
6.19403e-08
4.33394e-08
2.98368e-08
2.10762e-08
1.55343e-08
1.23342e-08
1.10238e-08
1.15823e-08
1.44603e-08
2.0717e-08
3.22818e-08
5.26324e-08
8.43248e-08
1.3174e-07
2.02461e-07
3.10381e-07
4.81992e-07
7.60621e-07
1.2293e-06
2.03128e-06
3.4457e-06
5.63589e-06
8.45781e-06
1.09102e-05
1.21008e-05
1.19317e-05
1.06993e-05
8.96501e-06
6.96439e-06
5.09229e-06
3.52117e-06
2.31654e-06
1.45983e-06
8.87469e-07
5.23902e-07
3.01988e-07
1.70694e-07
9.49064e-08
5.20257e-08
2.81671e-08
1.50821e-08
7.99597e-09
4.20155e-09
2.19019e-09
1.13336e-09
5.82212e-10
2.96828e-10
1.49859e-10
7.45762e-11
3.61799e-11
1.66555e-11
6.7411e-12
1.55233e-12
1.06741e-11
4.1364e-11
8.82063e-11
1.62212e-10
2.79003e-10
4.62583e-10
7.49697e-10
1.19601e-09
1.88489e-09
2.90394e-09
4.39274e-09
6.55293e-09
9.65561e-09
1.40505e-08
2.01713e-08
2.85312e-08
3.97003e-08
5.42637e-08
7.27625e-08
9.56161e-08
1.23061e-07
1.55023e-07
1.91221e-07
2.31054e-07
2.73573e-07
3.16427e-07
3.59399e-07
4.01671e-07
4.39927e-07
4.73434e-07
5.0015e-07
5.18256e-07
5.27142e-07
5.26187e-07
5.15561e-07
4.96028e-07
4.68868e-07
4.35707e-07
3.98119e-07
3.57441e-07
3.15249e-07
2.72545e-07
2.30351e-07
1.89369e-07
1.51186e-07
1.16572e-07
8.66021e-08
6.21406e-08
4.35135e-08
2.99548e-08
2.11462e-08
1.55575e-08
1.2306e-08
1.09262e-08
1.13778e-08
1.4081e-08
2.00491e-08
3.11469e-08
5.04582e-08
8.11232e-08
1.27036e-07
1.95383e-07
2.9981e-07
4.63646e-07
7.30471e-07
1.17801e-06
1.94267e-06
3.30279e-06
5.41774e-06
8.21475e-06
1.07429e-05
1.20553e-05
1.19864e-05
1.0812e-05
9.10864e-06
7.11156e-06
5.22357e-06
3.62712e-06
2.39484e-06
1.51344e-06
9.219e-07
5.44941e-07
3.14358e-07
1.77754e-07
9.88421e-08
5.41774e-08
2.9325e-08
1.56967e-08
8.31825e-09
4.36847e-09
2.27524e-09
1.17596e-09
6.03548e-10
3.07514e-10
1.55249e-10
7.72808e-11
3.75012e-11
1.72659e-11
6.98856e-12
1.60931e-12
1.07105e-11
4.15036e-11
8.85008e-11
1.62749e-10
2.79924e-10
4.64117e-10
7.52216e-10
1.20013e-09
1.89169e-09
2.91565e-09
4.41171e-09
6.58253e-09
9.70052e-09
1.41166e-08
2.02658e-08
2.86623e-08
3.98775e-08
5.44973e-08
7.30605e-08
9.59963e-08
1.23484e-07
1.55539e-07
1.91777e-07
2.31577e-07
2.74079e-07
3.16884e-07
3.59765e-07
4.01924e-07
4.40002e-07
4.73306e-07
4.99762e-07
5.17623e-07
5.2628e-07
5.25134e-07
5.14361e-07
4.94742e-07
4.67631e-07
4.34529e-07
3.97046e-07
3.56539e-07
3.14502e-07
2.71965e-07
2.29958e-07
1.89146e-07
1.51115e-07
1.1662e-07
8.6726e-08
6.22914e-08
4.36517e-08
3.00463e-08
2.11957e-08
1.55613e-08
1.22569e-08
1.08032e-08
1.11367e-08
1.36419e-08
1.92736e-08
2.98019e-08
4.81717e-08
7.76387e-08
1.21763e-07
1.87308e-07
2.87977e-07
4.44352e-07
6.98358e-07
1.12337e-06
1.84872e-06
3.14406e-06
5.17411e-06
7.93455e-06
1.05402e-05
1.19903e-05
1.20449e-05
1.09561e-05
9.28781e-06
7.29151e-06
5.38115e-06
3.75171e-06
2.48533e-06
1.57471e-06
9.61042e-07
5.68796e-07
3.28364e-07
1.85738e-07
1.03287e-07
5.66054e-08
3.06296e-08
1.63885e-08
8.68109e-09
4.55728e-09
2.37325e-09
1.22709e-09
6.30476e-10
3.21316e-10
1.62163e-10
8.06699e-11
3.91157e-11
1.79927e-11
7.27878e-12
1.67565e-12
1.07543e-11
4.1673e-11
8.88632e-11
1.63421e-10
2.81096e-10
4.66097e-10
7.55503e-10
1.20552e-09
1.90042e-09
2.93101e-09
4.43574e-09
6.61911e-09
9.75477e-09
1.41954e-08
2.03779e-08
2.88183e-08
4.00885e-08
5.47739e-08
7.341e-08
9.64063e-08
1.23976e-07
1.56076e-07
1.9239e-07
2.32276e-07
2.74748e-07
3.17479e-07
3.60273e-07
4.02322e-07
4.40217e-07
4.73329e-07
4.9925e-07
5.16875e-07
5.25277e-07
5.23903e-07
5.12954e-07
4.93243e-07
4.661e-07
4.3305e-07
3.95687e-07
3.55362e-07
3.13476e-07
2.71129e-07
2.29314e-07
1.88715e-07
1.50873e-07
1.16536e-07
8.67538e-08
6.2347e-08
4.37221e-08
3.00933e-08
2.12102e-08
1.55371e-08
1.21825e-08
1.06531e-08
1.08623e-08
1.31563e-08
1.84278e-08
2.83492e-08
4.57236e-08
7.39238e-08
1.16205e-07
1.78886e-07
2.75182e-07
4.23329e-07
6.63141e-07
1.06288e-06
1.74423e-06
2.95903e-06
4.88233e-06
7.58238e-06
1.02684e-05
1.18784e-05
1.20801e-05
1.11409e-05
9.50856e-06
7.50893e-06
5.56855e-06
3.89757e-06
2.58951e-06
1.64413e-06
1.00476e-06
5.95129e-07
3.43681e-07
1.9441e-07
1.08092e-07
5.92216e-08
3.20333e-08
1.7132e-08
9.07059e-09
4.75935e-09
2.47714e-09
1.27992e-09
6.56749e-10
3.34405e-10
1.68665e-10
8.38721e-11
4.06641e-11
1.87118e-11
7.57032e-12
1.74275e-12
1.08027e-11
4.18608e-11
8.92682e-11
1.64181e-10
2.82436e-10
4.68392e-10
7.59369e-10
1.21198e-09
1.91113e-09
2.94853e-09
4.4657e-09
6.66695e-09
9.8284e-09
1.43056e-08
2.05384e-08
2.90455e-08
4.03997e-08
5.51854e-08
7.39328e-08
9.70401e-08
1.24731e-07
1.5692e-07
1.93264e-07
2.33132e-07
2.75606e-07
3.18331e-07
3.60999e-07
4.02876e-07
4.40527e-07
4.73337e-07
4.9888e-07
5.16147e-07
5.24192e-07
5.22511e-07
5.11319e-07
4.91464e-07
4.64263e-07
4.31173e-07
3.93953e-07
3.5393e-07
3.12013e-07
2.69958e-07
2.28417e-07
1.88061e-07
1.50454e-07
1.16302e-07
8.66777e-08
6.22426e-08
4.36825e-08
3.00708e-08
2.11772e-08
1.54773e-08
1.20786e-08
1.04753e-08
1.05575e-08
1.26318e-08
1.7525e-08
2.68041e-08
4.31142e-08
6.9937e-08
1.10199e-07
1.69786e-07
2.6107e-07
4.00632e-07
6.25113e-07
9.98025e-07
1.63071e-06
2.7565e-06
4.56704e-06
7.1866e-06
9.93065e-06
1.17261e-05
1.21116e-05
1.13042e-05
9.74832e-06
7.7625e-06
5.79657e-06
4.07997e-06
2.72175e-06
1.73258e-06
1.06021e-06
6.28189e-07
3.62665e-07
2.05006e-07
1.13881e-07
6.23311e-08
3.36808e-08
1.79947e-08
9.51778e-09
4.98897e-09
2.59388e-09
1.33847e-09
6.85384e-10
3.4853e-10
1.75619e-10
8.72649e-11
4.22889e-11
1.94572e-11
7.87334e-12
1.8127e-12
1.08466e-11
4.2032e-11
8.96381e-11
1.64874e-10
2.83654e-10
4.7045e-10
7.62743e-10
1.21734e-09
1.91931e-09
2.96168e-09
4.48593e-09
6.69879e-09
9.87766e-09
1.438e-08
2.06487e-08
2.92051e-08
4.06243e-08
5.54934e-08
7.43433e-08
9.75719e-08
1.25372e-07
1.57667e-07
1.9408e-07
2.34014e-07
2.76518e-07
3.19223e-07
3.61826e-07
4.03521e-07
4.40916e-07
4.73404e-07
4.98554e-07
5.15416e-07
5.23007e-07
5.20957e-07
5.09463e-07
4.89423e-07
4.6215e-07
4.29099e-07
3.91974e-07
3.52102e-07
3.10365e-07
2.68557e-07
2.27298e-07
1.87259e-07
1.49945e-07
1.15787e-07
8.64044e-08
6.2001e-08
4.35445e-08
2.99836e-08
2.10984e-08
1.5384e-08
1.19483e-08
1.02751e-08
1.02319e-08
1.20854e-08
1.65969e-08
2.52273e-08
4.04643e-08
6.58456e-08
1.04056e-07
1.60527e-07
2.46786e-07
3.77912e-07
5.8839e-07
9.36996e-07
1.52884e-06
2.54166e-06
4.23357e-06
6.74763e-06
9.5454e-06
1.15301e-05
1.2126e-05
1.14772e-05
9.99268e-06
8.03281e-06
6.0464e-06
4.2838e-06
2.87167e-06
1.834e-06
1.1243e-06
6.66553e-07
3.84701e-07
2.17276e-07
1.20553e-07
6.58942e-08
3.55561e-08
1.897e-08
1.00199e-08
5.24519e-09
2.72342e-09
1.40327e-09
7.17696e-10
3.6443e-10
1.83446e-10
9.11129e-11
4.41487e-11
2.03101e-11
8.21765e-12
1.89193e-12
1.08744e-11
4.21393e-11
8.98675e-11
1.653e-10
2.84405e-10
4.71743e-10
7.64957e-10
1.22116e-09
1.926e-09
2.97283e-09
4.50356e-09
6.72539e-09
9.91799e-09
1.44415e-08
2.07414e-08
2.93428e-08
4.0824e-08
5.5777e-08
7.47365e-08
9.81041e-08
1.26075e-07
1.58581e-07
1.95227e-07
2.35288e-07
2.77794e-07
3.20426e-07
3.6286e-07
4.04332e-07
4.4145e-07
4.7357e-07
4.98271e-07
5.14655e-07
5.2175e-07
5.19251e-07
5.07415e-07
4.87106e-07
4.59701e-07
4.26637e-07
3.89591e-07
3.49868e-07
3.08369e-07
2.66832e-07
2.25865e-07
1.86144e-07
1.49108e-07
1.15154e-07
8.59917e-08
6.16685e-08
4.33318e-08
2.9839e-08
2.09773e-08
1.52603e-08
1.17976e-08
1.00608e-08
9.89611e-09
1.15317e-08
1.56629e-08
2.36438e-08
3.77988e-08
6.16433e-08
9.77012e-08
1.50955e-07
2.31865e-07
3.53935e-07
5.48216e-07
8.68174e-07
1.40841e-06
2.33359e-06
3.89399e-06
6.27522e-06
9.09859e-06
1.12748e-05
1.20994e-05
1.16265e-05
1.02539e-05
8.3268e-06
6.32129e-06
4.51013e-06
3.03977e-06
1.94859e-06
1.19708e-06
7.10236e-07
4.09798e-07
2.3122e-07
1.28106e-07
6.99036e-08
3.76513e-08
2.00513e-08
1.05724e-08
5.52533e-09
2.86484e-09
1.47468e-09
7.5388e-10
3.82639e-10
1.92497e-10
9.55379e-11
4.62581e-11
2.12671e-11
8.60133e-12
1.98004e-12
1.0885e-11
4.21802e-11
8.99552e-11
1.65466e-10
2.84708e-10
4.72301e-10
7.66015e-10
1.22321e-09
1.93004e-09
2.98078e-09
4.51796e-09
6.7502e-09
9.95819e-09
1.4506e-08
2.08432e-08
2.94992e-08
4.10567e-08
5.61104e-08
7.51939e-08
9.87023e-08
1.26818e-07
1.59455e-07
1.96192e-07
2.36372e-07
2.78997e-07
3.21712e-07
3.64175e-07
4.05412e-07
4.4219e-07
4.73878e-07
4.98069e-07
5.13897e-07
5.20412e-07
5.17357e-07
5.0505e-07
4.8449e-07
4.56946e-07
4.23866e-07
3.86905e-07
3.47355e-07
3.06095e-07
2.64843e-07
2.24175e-07
1.84781e-07
1.48038e-07
1.14336e-07
8.54183e-08
6.12819e-08
4.30785e-08
2.96668e-08
2.08386e-08
1.51268e-08
1.16422e-08
9.84888e-09
9.56949e-09
1.09976e-08
1.47641e-08
2.2118e-08
3.52199e-08
5.7431e-08
9.1157e-08
1.40807e-07
2.16058e-07
3.2902e-07
5.08201e-07
8.00624e-07
1.2915e-06
2.12757e-06
3.58016e-06
5.82566e-06
8.63414e-06
1.09667e-05
1.20255e-05
1.1744e-05
1.04495e-05
8.6637e-06
6.63103e-06
4.76311e-06
3.22641e-06
2.07474e-06
1.2763e-06
7.57154e-07
4.36364e-07
2.45768e-07
1.35876e-07
7.39786e-08
3.97587e-08
2.11298e-08
1.112e-08
5.80185e-09
3.00397e-09
1.54457e-09
7.88967e-10
4.00223e-10
2.01261e-10
9.98557e-11
4.83361e-11
2.22177e-11
8.98439e-12
2.06819e-12
1.08778e-11
4.21521e-11
8.98941e-11
1.65353e-10
2.84521e-10
4.72036e-10
7.65726e-10
1.22311e-09
1.93069e-09
2.98286e-09
4.524e-09
6.76541e-09
9.9928e-09
1.45724e-08
2.09583e-08
2.96824e-08
4.1336e-08
5.65184e-08
7.57621e-08
9.94537e-08
1.27757e-07
1.60557e-07
1.975e-07
2.37804e-07
2.80453e-07
3.23167e-07
3.65546e-07
4.06544e-07
4.43044e-07
4.74305e-07
4.97978e-07
5.13216e-07
5.19121e-07
5.15492e-07
5.02738e-07
4.81828e-07
4.5409e-07
4.20968e-07
3.84068e-07
3.44667e-07
3.03626e-07
2.62618e-07
2.22258e-07
1.83264e-07
1.46828e-07
1.13393e-07
8.47378e-08
6.08112e-08
4.27672e-08
2.94573e-08
2.06808e-08
1.4988e-08
1.14922e-08
9.6523e-09
9.27863e-09
1.05273e-08
1.39745e-08
2.07826e-08
3.2975e-08
5.38472e-08
8.56836e-08
1.32644e-07
2.0214e-07
3.07458e-07
4.73786e-07
7.42948e-07
1.19343e-06
1.96046e-06
3.30966e-06
5.40914e-06
8.16023e-06
1.06531e-05
1.19376e-05
1.18541e-05
1.06754e-05
8.94016e-06
6.91781e-06
5.01383e-06
3.41991e-06
2.20967e-06
1.36286e-06
8.0907e-07
4.65917e-07
2.61937e-07
1.44462e-07
7.84359e-08
4.20333e-08
2.22755e-08
1.16919e-08
6.08562e-09
3.14439e-09
1.61412e-09
8.23658e-10
4.17824e-10
2.10026e-10
1.0414e-10
5.03732e-11
2.31373e-11
9.35045e-12
2.15163e-12
1.08496e-11
4.20383e-11
8.96322e-11
1.64828e-10
2.83544e-10
4.70317e-10
7.62864e-10
1.21864e-09
1.92423e-09
2.97366e-09
4.51249e-09
6.75339e-09
9.98379e-09
1.45751e-08
2.09885e-08
2.97677e-08
4.15037e-08
5.68081e-08
7.62253e-08
1.00149e-07
1.28742e-07
1.61887e-07
1.99155e-07
2.39596e-07
2.82332e-07
3.25037e-07
3.67239e-07
4.08013e-07
4.44168e-07
4.74922e-07
4.98077e-07
5.1272e-07
5.18013e-07
5.13815e-07
5.00603e-07
4.79365e-07
4.51439e-07
4.18279e-07
3.81431e-07
3.42169e-07
3.01342e-07
2.60583e-07
2.20478e-07
1.81751e-07
1.45638e-07
1.12478e-07
8.40735e-08
6.03625e-08
4.24637e-08
2.92543e-08
2.05237e-08
1.48554e-08
1.13588e-08
9.48796e-09
9.04058e-09
1.01504e-08
1.33501e-08
1.97206e-08
3.11765e-08
5.09355e-08
8.11551e-08
1.25708e-07
1.91352e-07
2.90452e-07
4.46677e-07
6.97602e-07
1.11642e-06
1.82744e-06
3.08338e-06
5.06118e-06
7.76483e-06
1.03423e-05
1.18198e-05
1.19064e-05
1.08798e-05
9.18867e-06
7.17648e-06
5.23995e-06
3.59308e-06
2.32849e-06
1.43737e-06
8.5259e-07
4.90006e-07
2.74761e-07
1.51109e-07
8.1829e-08
4.37682e-08
2.31877e-08
1.21534e-08
6.31408e-09
3.25607e-09
1.6682e-09
8.49359e-10
4.29417e-10
2.1545e-10
1.06725e-10
5.15983e-11
2.36983e-11
9.57839e-12
2.20451e-12
1.08429e-11
4.20111e-11
8.95634e-11
1.64663e-10
2.83174e-10
4.69558e-10
7.61446e-10
1.21623e-09
1.92056e-09
2.96785e-09
4.50501e-09
6.74624e-09
9.98168e-09
1.45879e-08
2.10348e-08
2.988e-08
4.17367e-08
5.72205e-08
7.68712e-08
1.01067e-07
1.29945e-07
1.63335e-07
2.00739e-07
2.4153e-07
2.84446e-07
3.27232e-07
3.69387e-07
4.09862e-07
4.45659e-07
4.75884e-07
4.98478e-07
5.12559e-07
5.17334e-07
5.12693e-07
4.99139e-07
4.77667e-07
4.49615e-07
4.16441e-07
3.79637e-07
3.40476e-07
2.99803e-07
2.59213e-07
2.19293e-07
1.808e-07
1.44847e-07
1.11835e-07
8.3607e-08
6.00353e-08
4.22491e-08
2.91155e-08
2.04109e-08
1.47665e-08
1.12737e-08
9.38707e-09
8.89659e-09
9.92228e-09
1.29718e-08
1.909e-08
3.01095e-08
4.91916e-08
7.84305e-08
1.21518e-07
1.84832e-07
2.80055e-07
4.29765e-07
6.69271e-07
1.06753e-06
1.74473e-06
2.93883e-06
4.83404e-06
7.47975e-06
1.01264e-05
1.17387e-05
1.1965e-05
1.10511e-05
9.43646e-06
7.43635e-06
5.47535e-06
3.78138e-06
2.4628e-06
1.52388e-06
9.03599e-07
5.17951e-07
2.89186e-07
1.582e-07
8.51618e-08
4.52439e-08
2.37606e-08
1.23858e-08
6.41295e-09
3.30032e-09
1.68903e-09
8.59707e-10
4.34949e-10
2.1832e-10
1.08192e-10
5.23372e-11
2.40443e-11
9.71874e-12
2.23697e-12
)
;

boundaryField
{
    fuel
    {
        type            fixedValue;
        value           uniform 0;
    }
    air
    {
        type            fixedValue;
        value           uniform 0;
    }
    outlet
    {
        type            inletOutlet;
        inletValue      uniform 0;
        value           nonuniform List<scalar> 
200
(
1.08425e-11
4.20094e-11
8.956e-11
1.64657e-10
2.83164e-10
4.69541e-10
7.61418e-10
1.21618e-09
1.92049e-09
2.96775e-09
4.50487e-09
6.74604e-09
9.98139e-09
1.45875e-08
2.10343e-08
2.98792e-08
4.17356e-08
5.7219e-08
7.68693e-08
1.01065e-07
1.29941e-07
1.63331e-07
2.00734e-07
2.41524e-07
2.84438e-07
3.27222e-07
3.69376e-07
4.09849e-07
4.45645e-07
4.75867e-07
4.98459e-07
5.12539e-07
5.17313e-07
5.1267e-07
4.99116e-07
4.77644e-07
4.49592e-07
4.1642e-07
3.79616e-07
3.40455e-07
2.99782e-07
2.59189e-07
2.1926e-07
1.80752e-07
1.44803e-07
1.11811e-07
8.3594e-08
6.00278e-08
4.22448e-08
2.9113e-08
2.04094e-08
1.47656e-08
1.12732e-08
9.38673e-09
8.89648e-09
9.92238e-09
1.29721e-08
1.90906e-08
3.01107e-08
4.91933e-08
7.84326e-08
1.2152e-07
1.84833e-07
2.80052e-07
4.29756e-07
6.69243e-07
1.06747e-06
1.74464e-06
2.93867e-06
4.83379e-06
7.47939e-06
1.0126e-05
1.17383e-05
1.19642e-05
1.10502e-05
9.43565e-06
7.4357e-06
5.47485e-06
3.78102e-06
2.46256e-06
1.52372e-06
9.03501e-07
5.17893e-07
2.89153e-07
1.58182e-07
8.51521e-08
4.52388e-08
2.37579e-08
1.23845e-08
6.41228e-09
3.29999e-09
1.68887e-09
8.59632e-10
4.34914e-10
2.18305e-10
1.08185e-10
5.23334e-11
2.40427e-11
9.7181e-12
2.23683e-12
1.08429e-11
4.20111e-11
8.95634e-11
1.64663e-10
2.83174e-10
4.69558e-10
7.61446e-10
1.21623e-09
1.92056e-09
2.96785e-09
4.50501e-09
6.74624e-09
9.98168e-09
1.45879e-08
2.10348e-08
2.988e-08
4.17367e-08
5.72205e-08
7.68712e-08
1.01067e-07
1.29945e-07
1.63335e-07
2.00739e-07
2.4153e-07
2.84446e-07
3.27232e-07
3.69387e-07
4.09862e-07
4.45659e-07
4.75884e-07
4.98478e-07
5.12559e-07
5.17334e-07
5.12693e-07
4.99139e-07
4.77667e-07
4.49615e-07
4.16441e-07
3.79637e-07
3.40476e-07
2.99803e-07
2.59213e-07
2.19293e-07
1.808e-07
1.44847e-07
1.11835e-07
8.3607e-08
6.00353e-08
4.22491e-08
2.91155e-08
2.04109e-08
1.47665e-08
1.12737e-08
9.38707e-09
8.89659e-09
9.92228e-09
1.29718e-08
1.909e-08
3.01095e-08
4.91916e-08
7.84305e-08
1.21518e-07
1.84832e-07
2.80055e-07
4.29765e-07
6.69271e-07
1.06753e-06
1.74473e-06
2.93883e-06
4.83404e-06
7.47975e-06
1.01264e-05
1.17387e-05
1.1965e-05
1.10511e-05
9.43646e-06
7.43635e-06
5.47535e-06
3.78138e-06
2.4628e-06
1.52388e-06
9.03599e-07
5.17951e-07
2.89186e-07
1.582e-07
8.51618e-08
4.52439e-08
2.37606e-08
1.23858e-08
6.41295e-09
3.30032e-09
1.68903e-09
8.59707e-10
4.34949e-10
2.1832e-10
1.08192e-10
5.23372e-11
2.40443e-11
9.71874e-12
2.23697e-12
)
;
    }
    frontAndBack
    {
        type            empty;
    }
    internal
    {
        type            internal;
    }
}


// ************************************************************************* //
