/*--------------------------------*- C++ -*----------------------------------*\
  =========                 |
  \\      /  F ield         | OpenFOAM: The Open Source CFD Toolbox
   \\    /   O peration     | Website:  https://openfoam.org
    \\  /    A nd           | Version:  10
     \\/     M anipulation  |
\*---------------------------------------------------------------------------*/
FoamFile
{
    format      ascii;
    class       volScalarField;
    location    "1";
    object      OH;
}
// * * * * * * * * * * * * * * * * * * * * * * * * * * * * * * * * * * * * * //

dimensions      [0 0 0 0 0 0 0];

internalField   nonuniform List<scalar> 
4000
(
1.82994e-20
1.39106e-19
5.48708e-19
1.76065e-18
5.0735e-18
1.37231e-17
3.56162e-17
8.96642e-17
2.19909e-16
5.14622e-16
1.1564e-15
2.51052e-15
5.26679e-15
1.06408e-14
2.06043e-14
3.80549e-14
6.6763e-14
1.11044e-13
1.75315e-13
2.63906e-13
3.81432e-13
5.33708e-13
7.28839e-13
9.79181e-13
1.29835e-12
1.69573e-12
2.20103e-12
2.86687e-12
3.79525e-12
5.36972e-12
8.58174e-12
1.61143e-11
3.45413e-11
7.93929e-11
1.86432e-10
4.35721e-10
1.00199e-09
2.25824e-09
4.97829e-09
1.07434e-08
2.27988e-08
4.72065e-08
9.59943e-08
1.92002e-07
3.7695e-07
7.32603e-07
1.38985e-06
2.61888e-06
4.814e-06
8.84513e-06
1.58248e-05
2.79777e-05
4.8963e-05
8.4828e-05
0.000145532
0.000247265
0.000415924
0.000692033
0.00113631
0.00183451
0.00245239
0.00273015
0.00264472
0.00229765
0.00181795
0.001328
0.000896007
0.000556944
0.000309548
0.000158538
7.44775e-05
3.31491e-05
1.46088e-05
6.61535e-06
3.15465e-06
1.59991e-06
8.35049e-07
4.53109e-07
2.52084e-07
1.41401e-07
7.90516e-08
4.38676e-08
2.41054e-08
1.31013e-08
7.04174e-09
3.74474e-09
1.97146e-09
1.02742e-09
5.32458e-10
2.74414e-10
1.40684e-10
7.17674e-11
3.64284e-11
1.83861e-11
9.21047e-12
4.55714e-12
2.20189e-12
1.01071e-12
4.08307e-13
9.39558e-14
1.83058e-20
1.39165e-19
5.49056e-19
1.76247e-18
5.08117e-18
1.37498e-17
3.5695e-17
8.98591e-17
2.20291e-16
5.15375e-16
1.15694e-15
2.50767e-15
5.24986e-15
1.05799e-14
2.04279e-14
3.76137e-14
6.57738e-14
1.09163e-13
1.72202e-13
2.59276e-13
3.75079e-13
5.25509e-13
7.18788e-13
9.65085e-13
1.28024e-12
1.673e-12
2.17321e-12
2.83491e-12
3.75565e-12
5.31705e-12
8.49669e-12
1.59642e-11
3.42757e-11
7.91041e-11
1.86479e-10
4.37411e-10
1.00916e-09
2.28182e-09
5.04292e-09
1.09079e-08
2.31991e-08
4.81238e-08
9.80286e-08
1.9649e-07
3.86225e-07
7.50968e-07
1.42522e-06
2.68795e-06
4.94201e-06
9.0842e-06
1.62445e-05
2.87193e-05
5.02619e-05
8.70594e-05
0.000149332
0.000253625
0.000426355
0.000708602
0.00116234
0.00187041
0.00247504
0.00273104
0.00262562
0.00226541
0.00178089
0.00129202
0.000864752
0.000533491
0.000293551
0.000148843
6.91848e-05
3.07111e-05
1.35273e-05
6.13798e-06
2.92852e-06
1.47967e-06
7.72305e-07
4.18776e-07
2.32872e-07
1.30456e-07
7.29474e-08
4.05619e-08
2.23716e-08
1.22207e-08
6.60833e-09
3.53853e-09
1.87836e-09
9.90464e-10
5.17081e-10
2.67721e-10
1.37649e-10
7.03382e-11
3.57289e-11
1.80226e-11
9.02686e-12
4.46577e-12
2.15697e-12
9.90048e-13
4.00025e-13
9.20565e-14
1.83791e-20
1.39744e-19
5.51542e-19
1.77119e-18
5.10823e-18
1.3826e-17
3.58908e-17
9.03109e-17
2.21189e-16
5.17016e-16
1.15894e-15
2.50734e-15
5.23879e-15
1.05318e-14
2.02805e-14
3.72342e-14
6.50029e-14
1.07757e-13
1.69834e-13
2.55564e-13
3.69598e-13
5.17756e-13
7.08422e-13
9.52497e-13
1.26469e-12
1.65415e-12
2.15147e-12
2.80922e-12
3.72485e-12
5.27805e-12
8.43411e-12
1.58622e-11
3.4134e-11
7.92029e-11
1.87687e-10
4.42373e-10
1.02505e-09
2.32749e-09
5.16114e-09
1.11973e-08
2.38813e-08
4.96501e-08
1.01362e-07
2.03668e-07
4.00624e-07
7.79769e-07
1.48222e-06
2.79849e-06
5.15358e-06
9.47855e-06
1.69424e-05
2.99802e-05
5.24574e-05
9.08211e-05
0.000155695
0.000264153
0.0004435
0.000736275
0.00120562
0.00192746
0.00250931
0.00272968
0.00259226
0.00221224
0.00172243
0.00123647
0.000818446
0.000498445
0.00027044
0.000135032
6.22382e-05
2.7391e-05
1.20821e-05
5.5355e-06
2.61313e-06
1.33729e-06
7.02226e-07
3.8267e-07
2.13769e-07
1.20204e-07
6.74978e-08
3.77017e-08
2.08895e-08
1.14618e-08
6.22326e-09
3.34379e-09
1.77881e-09
9.37592e-10
4.90087e-10
2.54264e-10
1.31042e-10
6.71358e-11
3.42105e-11
1.73426e-11
8.71202e-12
4.31746e-12
2.08754e-12
9.58589e-13
3.87338e-13
8.91261e-14
1.83788e-20
1.39741e-19
5.51522e-19
1.77101e-18
5.10687e-18
1.38179e-17
3.58503e-17
9.01387e-17
2.20543e-16
5.15025e-16
1.15266e-15
2.48837e-15
5.185e-15
1.0403e-14
2.00064e-14
3.67154e-14
6.40771e-14
1.06221e-13
1.67475e-13
2.52188e-13
3.65047e-13
5.11903e-13
7.00665e-13
9.42755e-13
1.25288e-12
1.63965e-12
2.13425e-12
2.79028e-12
3.70335e-12
5.2554e-12
8.41479e-12
1.58749e-11
3.43037e-11
7.99771e-11
1.90645e-10
4.51742e-10
1.05155e-09
2.39784e-09
5.33605e-09
1.16138e-08
2.48434e-08
5.17805e-08
1.05894e-07
2.13124e-07
4.19991e-07
8.18323e-07
1.55771e-06
2.94437e-06
5.42369e-06
9.97855e-06
1.7836e-05
3.15617e-05
5.52334e-05
9.56235e-05
0.000163748
0.000277575
0.000465505
0.000771446
0.00125999
0.00199406
0.0025464
0.00272436
0.002547
0.0021456
0.00165131
0.00117026
0.000764017
0.000458359
0.00024591
0.000120604
5.46762e-05
2.39971e-05
1.06222e-05
4.87523e-06
2.32868e-06
1.20316e-06
6.34377e-07
3.4685e-07
1.9432e-07
1.09521e-07
6.16693e-08
3.4556e-08
1.92138e-08
1.05818e-08
5.76768e-09
3.11104e-09
1.66127e-09
8.78795e-10
4.60868e-10
2.39804e-10
1.23895e-10
6.35965e-11
3.24432e-11
1.64421e-11
8.26297e-12
4.09807e-12
1.98333e-12
9.11604e-13
3.68655e-13
8.48707e-14
1.83235e-20
1.3932e-19
5.49839e-19
1.76543e-18
5.08973e-18
1.37667e-17
3.56987e-17
8.96908e-17
2.19233e-16
5.11296e-16
1.14312e-15
2.4657e-15
5.13541e-15
1.02972e-14
1.97913e-14
3.63041e-14
6.33455e-14
1.05015e-13
1.65633e-13
2.49566e-13
3.61528e-13
5.07383e-13
6.95047e-13
9.35408e-13
1.24315e-12
1.62707e-12
2.11856e-12
2.77435e-12
3.68973e-12
5.2506e-12
8.44079e-12
1.60029e-11
3.47752e-11
8.15057e-11
1.95488e-10
4.65343e-10
1.08784e-09
2.49017e-09
5.5595e-09
1.21341e-08
2.60261e-08
5.43568e-08
1.11378e-07
2.24637e-07
4.43177e-07
8.63866e-07
1.6454e-06
3.1114e-06
5.73422e-06
1.05585e-05
1.88892e-05
3.34415e-05
5.85355e-05
0.000101296
0.000173397
0.000293642
0.000491731
0.000813263
0.0013244
0.00206645
0.00258244
0.00271225
0.00249457
0.00207166
0.00157442
0.00110064
0.000707516
0.0004155
0.000220623
0.000106603
4.791e-05
2.09575e-05
9.24128e-06
4.26904e-06
2.10062e-06
1.06433e-06
5.66414e-07
3.12048e-07
1.75907e-07
9.96605e-08
5.63949e-08
3.17482e-08
1.77298e-08
9.80421e-09
5.36403e-09
2.90337e-09
1.5553e-09
8.25091e-10
4.33806e-10
2.26224e-10
1.17099e-10
6.01995e-11
3.07461e-11
1.55952e-11
7.84213e-12
3.89112e-12
1.88383e-12
8.66093e-13
3.50308e-13
8.06478e-14
1.82178e-20
1.38518e-19
5.46658e-19
1.75507e-18
5.05906e-18
1.36801e-17
3.54597e-17
8.9038e-17
2.17526e-16
5.07122e-16
1.13356e-15
2.44511e-15
5.0919e-15
1.02075e-14
1.96145e-14
3.59738e-14
6.27653e-14
1.04053e-13
1.64125e-13
2.47311e-13
3.58277e-13
5.02794e-13
6.88783e-13
9.2765e-13
1.23413e-12
1.6169e-12
2.108e-12
2.76487e-12
3.68513e-12
5.26267e-12
8.50628e-12
1.623e-11
3.5506e-11
8.36741e-11
2.01816e-10
4.82765e-10
1.13317e-09
2.60326e-09
5.83078e-09
1.2763e-08
2.74346e-08
5.74209e-08
1.17885e-07
2.3824e-07
4.70688e-07
9.18143e-07
1.75163e-06
3.30886e-06
6.10845e-06
1.12578e-05
2.01409e-05
3.56407e-05
6.23396e-05
0.00010784
0.000184524
0.000312286
0.000522468
0.000862962
0.00140243
0.00214033
0.00261567
0.00269892
0.00244573
0.00200488
0.00150385
0.00103702
0.000656227
0.000378786
0.000197593
9.3787e-05
4.1767e-05
1.81972e-05
8.08369e-06
3.76809e-06
1.86334e-06
9.52686e-07
5.11001e-07
2.83309e-07
1.6048e-07
9.12788e-08
5.18353e-08
2.92762e-08
1.6399e-08
9.09464e-09
4.98977e-09
2.70814e-09
1.45451e-09
7.7354e-10
4.07646e-10
2.13032e-10
1.10473e-10
5.6871e-11
2.90755e-11
1.47616e-11
7.42925e-12
3.6895e-12
1.78771e-12
8.22429e-13
3.32765e-13
7.66139e-14
1.80636e-20
1.37341e-19
5.41966e-19
1.73981e-18
5.01456e-18
1.35592e-17
3.51491e-17
8.82813e-17
2.15658e-16
5.02525e-16
1.12311e-15
2.42152e-15
5.04117e-15
1.01042e-14
1.94156e-14
3.5614e-14
6.2157e-14
1.03091e-13
1.62697e-13
2.45306e-13
3.55676e-13
4.99513e-13
6.84819e-13
9.22732e-13
1.22813e-12
1.6099e-12
2.10053e-12
2.75939e-12
3.6868e-12
5.28594e-12
8.59657e-12
1.65116e-11
3.64783e-11
8.63869e-11
2.09255e-10
5.02682e-10
1.18386e-09
2.72705e-09
6.12646e-09
1.34459e-08
2.89621e-08
6.07392e-08
1.24916e-07
2.52901e-07
5.00715e-07
9.74065e-07
1.86216e-06
3.51271e-06
6.495e-06
1.19793e-05
2.14384e-05
3.79496e-05
6.64067e-05
0.000114898
0.000196606
0.0003327
0.000556485
0.000918732
0.0014916
0.00221309
0.0026448
0.00268302
0.00239753
0.00194144
0.00144036
0.000982804
0.000616873
0.000344977
0.000177375
8.30837e-05
3.67787e-05
1.5999e-05
7.13678e-06
3.34436e-06
1.6731e-06
8.62166e-07
4.65626e-07
2.59817e-07
1.47677e-07
8.4249e-08
4.79809e-08
2.71741e-08
1.52618e-08
8.48538e-09
4.66676e-09
2.53864e-09
1.36641e-09
7.28145e-10
3.84444e-10
2.01268e-10
1.04568e-10
5.39564e-11
2.76528e-11
1.40641e-11
7.08369e-12
3.51873e-12
1.70485e-12
7.84173e-13
3.17242e-13
7.30334e-14
1.78973e-20
1.36072e-19
5.36895e-19
1.72318e-18
4.96523e-18
1.34209e-17
3.47746e-17
8.72927e-17
2.13169e-16
4.96435e-16
1.10796e-15
2.38724e-15
4.96818e-15
9.95772e-15
1.91396e-14
3.51286e-14
6.13657e-14
1.01896e-13
1.61025e-13
2.43126e-13
3.52916e-13
4.96216e-13
6.8106e-13
9.18493e-13
1.22314e-12
1.60416e-12
2.09534e-12
2.75692e-12
3.69405e-12
5.3217e-12
8.71655e-12
1.68725e-11
3.75597e-11
8.94393e-11
2.17585e-10
5.24837e-10
1.24025e-09
2.86739e-09
6.45172e-09
1.41856e-08
3.04758e-08
6.40611e-08
1.3191e-07
2.67451e-07
5.29483e-07
1.0305e-06
1.97075e-06
3.71028e-06
6.86919e-06
1.26832e-05
2.27241e-05
4.02522e-05
7.04634e-05
0.00012194
0.000208669
0.0003531
0.000590516
0.000974594
0.0015809
0.00228013
0.00266855
0.00266471
0.00235077
0.00188242
0.00138105
0.000931898
0.000577469
0.000317292
0.000160857
7.45449e-05
3.27292e-05
1.42458e-05
6.38553e-06
3.01729e-06
1.516e-06
7.86328e-07
4.27227e-07
2.39793e-07
1.36755e-07
7.82717e-08
4.47175e-08
2.54e-08
1.43031e-08
7.97118e-09
4.39325e-09
2.3944e-09
1.29098e-09
6.89006e-10
3.64275e-10
1.90931e-10
9.92866e-11
5.12554e-11
2.62766e-11
1.33737e-11
6.74657e-12
3.35502e-12
1.62637e-12
7.48205e-13
3.0272e-13
6.96932e-14
1.77509e-20
1.34958e-19
5.32485e-19
1.7089e-18
4.9235e-18
1.3306e-17
3.44697e-17
8.65072e-17
2.112e-16
4.91289e-16
1.09629e-15
2.36197e-15
4.91633e-15
9.8568e-15
1.89538e-14
3.48079e-14
6.08505e-14
1.01127e-13
1.59958e-13
2.41778e-13
3.51193e-13
4.94197e-13
6.7855e-13
9.15383e-13
1.21984e-12
1.60091e-12
2.09265e-12
2.75645e-12
3.70138e-12
5.35093e-12
8.85662e-12
1.72511e-11
3.86508e-11
9.24732e-11
2.25763e-10
5.46282e-10
1.29504e-09
2.99336e-09
6.75137e-09
1.48851e-08
3.2017e-08
6.7392e-08
1.3899e-07
2.81901e-07
5.58426e-07
1.08701e-06
2.08086e-06
3.91539e-06
7.2485e-06
1.33766e-05
2.3948e-05
4.24139e-05
7.42396e-05
0.000128472
0.000219802
0.000371809
0.000621486
0.0010249
0.0016599
0.00233691
0.00268571
0.00264518
0.00230867
0.00182998
0.00132949
0.000887849
0.000544343
0.000294963
0.000147453
6.7629e-05
2.95888e-05
1.29071e-05
5.84695e-06
2.71077e-06
1.3783e-06
7.22499e-07
3.95987e-07
2.23863e-07
1.28263e-07
7.36777e-08
4.22115e-08
2.40282e-08
1.35531e-08
7.56319e-09
4.17298e-09
2.27651e-09
1.22847e-09
6.56162e-10
3.47165e-10
1.82082e-10
9.47334e-11
4.8919e-11
2.50838e-11
1.27689e-11
6.44036e-12
3.20321e-12
1.55343e-12
7.14963e-13
2.89341e-13
6.66224e-14
1.76323e-20
1.34063e-19
5.28986e-19
1.69774e-18
4.89139e-18
1.32187e-17
3.424e-17
8.59133e-17
2.09676e-16
4.87427e-16
1.08721e-15
2.34188e-15
4.8742e-15
9.7737e-15
1.88006e-14
3.45444e-14
6.04282e-14
1.00495e-13
1.59077e-13
2.4059e-13
3.49817e-13
4.92471e-13
6.7665e-13
9.13502e-13
1.21792e-12
1.59925e-12
2.09216e-12
2.75919e-12
3.71404e-12
5.39131e-12
8.9808e-12
1.76123e-11
3.96916e-11
9.53526e-11
2.33488e-10
5.66438e-10
1.34485e-09
3.11334e-09
7.03186e-09
1.55299e-08
3.34338e-08
7.04342e-08
1.45271e-07
2.94717e-07
5.83983e-07
1.13735e-06
2.1765e-06
4.09516e-06
7.58125e-06
1.39848e-05
2.50462e-05
4.43574e-05
7.76297e-05
0.000134264
0.000229603
0.000388184
0.000648442
0.00106851
0.0017278
0.00238381
0.00269679
0.0026234
0.00226896
0.00178245
0.00128384
0.000849804
0.000516104
0.000277061
0.000137095
6.24296e-05
2.72364e-05
1.18902e-05
5.39978e-06
2.51412e-06
1.28545e-06
6.77498e-07
3.73034e-07
2.11677e-07
1.21542e-07
6.99272e-08
4.01081e-08
2.28499e-08
1.2897e-08
7.20121e-09
3.97552e-09
2.17006e-09
1.17175e-09
6.26274e-10
3.31566e-10
1.74006e-10
9.05747e-11
4.67845e-11
2.39981e-11
1.22209e-11
6.16791e-12
3.06972e-12
1.48943e-12
6.85717e-13
2.77551e-13
6.39146e-14
1.75153e-20
1.33173e-19
5.2546e-19
1.68637e-18
4.85854e-18
1.31301e-17
3.40137e-17
8.53631e-17
2.0841e-16
4.84395e-16
1.08036e-15
2.32696e-15
4.84223e-15
9.70894e-15
1.8678e-14
3.4331e-14
6.00885e-14
9.99989e-14
1.58418e-13
2.39732e-13
3.48732e-13
4.91296e-13
6.75434e-13
9.12265e-13
1.21691e-12
1.59877e-12
2.0931e-12
2.76355e-12
3.72809e-12
5.43167e-12
9.09872e-12
1.79485e-11
4.06426e-11
9.79628e-11
2.40417e-10
5.84278e-10
1.38989e-09
3.22143e-09
7.28187e-09
1.60955e-08
3.46689e-08
7.30644e-08
1.50771e-07
3.05981e-07
6.06535e-07
1.18128e-06
2.26074e-06
4.25384e-06
7.8749e-06
1.4521e-05
2.60016e-05
4.603e-05
8.05166e-05
0.000139203
0.000237895
0.000401883
0.000670616
0.00110337
0.00178999
0.00242444
0.0027046
0.00260323
0.00223376
0.00173841
0.00124281
0.00081621
0.000491267
0.000262157
0.000128566
5.81893e-05
2.53319e-05
1.10813e-05
5.04817e-06
2.37118e-06
1.21749e-06
6.43994e-07
3.55535e-07
2.02083e-07
1.16097e-07
6.68173e-08
3.83361e-08
2.18463e-08
1.23337e-08
6.88869e-09
3.80425e-09
2.07739e-09
1.12222e-09
6.00089e-10
3.17872e-10
1.66931e-10
8.69817e-11
4.49982e-11
2.31177e-11
1.17858e-11
5.94925e-12
2.96008e-12
1.43586e-12
6.60943e-13
2.67493e-13
6.15969e-14
1.7415e-20
1.32412e-19
5.22459e-19
1.67672e-18
4.83064e-18
1.30544e-17
3.38165e-17
8.48643e-17
2.07097e-16
4.81169e-16
1.07321e-15
2.31242e-15
4.81517e-15
9.6588e-15
1.85866e-14
3.41674e-14
5.98213e-14
9.96059e-14
1.57872e-13
2.39088e-13
3.48002e-13
4.90537e-13
6.74715e-13
9.11673e-13
1.21662e-12
1.59911e-12
2.09495e-12
2.76878e-12
3.74255e-12
5.47099e-12
9.21082e-12
1.82655e-11
4.15412e-11
1.004e-10
2.4687e-10
6.01024e-10
1.43193e-09
3.32202e-09
7.51536e-09
1.66291e-08
3.58212e-08
7.54921e-08
1.55784e-07
3.16129e-07
6.26758e-07
1.22076e-06
2.33633e-06
4.39595e-06
8.13682e-06
1.49941e-05
2.68502e-05
4.75244e-05
8.30966e-05
0.000143572
0.000245216
0.000413959
0.000690382
0.00113507
0.00183548
0.00245364
0.00270752
0.00258323
0.00220002
0.0017018
0.00120821
0.000787543
0.000470201
0.000249769
0.000121572
5.4738e-05
2.37866e-05
1.04104e-05
4.74828e-06
2.25327e-06
1.16205e-06
6.16587e-07
3.41042e-07
1.94124e-07
1.1161e-07
6.42695e-08
3.68866e-08
2.10243e-08
1.18711e-08
6.63101e-09
3.66241e-09
2.0003e-09
1.0808e-09
5.78049e-10
3.06194e-10
1.6078e-10
8.3776e-11
4.33589e-11
2.22786e-11
1.13603e-11
5.73842e-12
2.85723e-12
1.38672e-12
6.38538e-13
2.58474e-13
5.9525e-14
1.73319e-20
1.31782e-19
5.19979e-19
1.66878e-18
4.80777e-18
1.29926e-17
3.36567e-17
8.44638e-17
2.06024e-16
4.78491e-16
1.06708e-15
2.29926e-15
4.78825e-15
9.60851e-15
1.85007e-14
3.40354e-14
5.96195e-14
9.93102e-14
1.57478e-13
2.38593e-13
3.47486e-13
4.90052e-13
6.74298e-13
9.11469e-13
1.2168e-12
1.59999e-12
2.09732e-12
2.77439e-12
3.75668e-12
5.50791e-12
9.31401e-12
1.85544e-11
4.23524e-11
1.02627e-10
2.5282e-10
6.16089e-10
1.46903e-09
3.41017e-09
7.71908e-09
1.70842e-08
3.68218e-08
7.76461e-08
1.60306e-07
3.25366e-07
6.4505e-07
1.25616e-06
2.40339e-06
4.52017e-06
8.36382e-06
1.54027e-05
2.75698e-05
4.87766e-05
8.52566e-05
0.000147253
0.000251386
0.000424167
0.000706801
0.00116087
0.001871
0.00247537
0.0027077
0.00256476
0.0021705
0.00167047
0.001179
0.000763734
0.000452728
0.000239619
0.000115812
5.19211e-05
2.25121e-05
9.85931e-06
4.50499e-06
2.15826e-06
1.11608e-06
5.93738e-07
3.29014e-07
1.87499e-07
1.07856e-07
6.21242e-08
3.56595e-08
2.03254e-08
1.14763e-08
6.41056e-09
3.54091e-09
1.93424e-09
1.04542e-09
5.59444e-10
2.96687e-10
1.56003e-10
8.1342e-11
4.21021e-11
2.16351e-11
1.10321e-11
5.57117e-12
2.77352e-12
1.34595e-12
6.19722e-13
2.50842e-13
5.77657e-14
1.72643e-20
1.31269e-19
5.17964e-19
1.66233e-18
4.78928e-18
1.29429e-17
3.35289e-17
8.41456e-17
2.05156e-16
4.76316e-16
1.06212e-15
2.28872e-15
4.76705e-15
9.56829e-15
1.84289e-14
3.39156e-14
5.94441e-14
9.90764e-14
1.57186e-13
2.38261e-13
3.47147e-13
4.89759e-13
6.74145e-13
9.11546e-13
1.21729e-12
1.60119e-12
2.09993e-12
2.77995e-12
3.76993e-12
5.54152e-12
9.40648e-12
1.88116e-11
4.30722e-11
1.04559e-10
2.57834e-10
6.28841e-10
1.50067e-09
3.48521e-09
7.89097e-09
1.74758e-08
3.76685e-08
7.94305e-08
1.63971e-07
3.32757e-07
6.59926e-07
1.28566e-06
2.46101e-06
4.62732e-06
8.55959e-06
1.5748e-05
2.81794e-05
4.98407e-05
8.70798e-05
0.000150337
0.000256542
0.000432611
0.000720395
0.00118223
0.00189968
0.00249212
0.00270636
0.00254777
0.00214458
0.00164261
0.00115342
0.000742994
0.000437476
0.000230909
0.000111029
4.95872e-05
2.14859e-05
9.41529e-06
4.30743e-06
2.08127e-06
1.07899e-06
5.74912e-07
3.18943e-07
1.81872e-07
1.04636e-07
6.0272e-08
3.45958e-08
1.97184e-08
1.11334e-08
6.21914e-09
3.43543e-09
1.87685e-09
1.01454e-09
5.42989e-10
2.87953e-10
1.51435e-10
7.90499e-11
4.09461e-11
2.10493e-11
1.07327e-11
5.42079e-12
2.69902e-12
1.30993e-12
6.03175e-13
2.44151e-13
5.62254e-14
1.72102e-20
1.30859e-19
5.16355e-19
1.65719e-18
4.77453e-18
1.29033e-17
3.34272e-17
8.38929e-17
2.04463e-16
4.74577e-16
1.05818e-15
2.28037e-15
4.75039e-15
9.53694e-15
1.83737e-14
3.38253e-14
5.93094e-14
9.88854e-14
1.56958e-13
2.38029e-13
3.46939e-13
4.89623e-13
6.74149e-13
9.11799e-13
1.21796e-12
1.60255e-12
2.10259e-12
2.7853e-12
3.78177e-12
5.57045e-12
9.48457e-12
1.90253e-11
4.36644e-11
1.06166e-10
2.62022e-10
6.39475e-10
1.52672e-09
3.54649e-09
8.0311e-09
1.77849e-08
3.83253e-08
8.07849e-08
1.66715e-07
3.38071e-07
6.69914e-07
1.30376e-06
2.51779e-06
4.72157e-06
8.7262e-06
1.60399e-05
2.86955e-05
5.07324e-05
8.85995e-05
0.00015289
0.000260746
0.000439476
0.000731371
0.0011992
0.00192193
0.00250461
0.00270478
0.00253011
0.00212046
0.00161756
0.00113119
0.000725393
0.00042484
0.000223868
0.000107132
4.77107e-05
2.06488e-05
9.05608e-06
4.14875e-06
2.01985e-06
1.04738e-06
5.58189e-07
3.09802e-07
1.7673e-07
1.01704e-07
5.86003e-08
3.36457e-08
1.91818e-08
1.08331e-08
6.05283e-09
3.34438e-09
1.82756e-09
9.88141e-10
5.28971e-10
2.80557e-10
1.47538e-10
7.69796e-11
3.98695e-11
2.05007e-11
1.046e-11
5.28575e-12
2.63281e-12
1.27817e-12
5.88667e-13
2.38305e-13
5.48817e-14
1.71674e-20
1.30535e-19
5.15079e-19
1.65311e-18
4.76279e-18
1.28717e-17
3.33455e-17
8.36888e-17
2.03913e-16
4.73209e-16
1.05508e-15
2.27387e-15
4.7375e-15
9.51283e-15
1.83315e-14
3.37571e-14
5.92057e-14
9.87508e-14
1.56795e-13
2.37861e-13
3.46809e-13
4.89576e-13
6.74252e-13
9.12144e-13
1.2187e-12
1.6039e-12
2.10509e-12
2.79014e-12
3.79255e-12
5.59687e-12
9.55498e-12
1.92189e-11
4.41964e-11
1.07585e-10
2.65748e-10
6.48929e-10
1.55011e-09
3.60143e-09
8.15589e-09
1.80641e-08
3.89303e-08
8.20708e-08
1.69371e-07
3.43436e-07
6.80673e-07
1.325e-06
2.55844e-06
4.79633e-06
8.86138e-06
1.62773e-05
2.91145e-05
5.14588e-05
8.98396e-05
0.000154984
0.000264233
0.00044516
0.000740478
0.00121342
0.00194036
0.00251481
0.00270289
0.00251803
0.00210278
0.00159865
0.00111407
0.000711718
0.000414982
0.0002184
0.000104149
4.628e-05
2.00174e-05
8.78666e-06
4.03455e-06
1.97931e-06
1.00569e-06
5.39121e-07
3.00418e-07
1.7185e-07
9.90727e-08
5.71539e-08
3.28427e-08
1.87347e-08
1.05848e-08
5.91587e-09
3.26952e-09
1.78705e-09
9.66459e-10
5.17479e-10
2.74519e-10
1.44389e-10
7.53473e-11
3.90294e-11
2.00716e-11
1.02428e-11
5.17695e-12
2.57905e-12
1.25224e-12
5.76774e-13
2.33501e-13
5.37744e-14
1.71349e-20
1.30289e-19
5.14111e-19
1.65001e-18
4.75388e-18
1.28477e-17
3.3284e-17
8.3536e-17
2.03495e-16
4.7216e-16
1.05272e-15
2.26891e-15
4.72772e-15
9.49467e-15
1.83001e-14
3.37068e-14
5.91317e-14
9.86539e-14
1.56684e-13
2.37755e-13
3.4674e-13
4.8959e-13
6.74401e-13
9.12508e-13
1.2194e-12
1.60513e-12
2.10731e-12
2.79429e-12
3.8015e-12
5.61849e-12
9.61303e-12
1.9378e-11
4.46358e-11
1.08767e-10
2.68846e-10
6.56769e-10
1.5692e-09
3.64629e-09
8.25921e-09
1.82955e-08
3.94311e-08
8.31316e-08
1.71567e-07
3.47865e-07
6.89464e-07
1.34203e-06
2.59001e-06
4.85515e-06
8.96875e-06
1.64662e-05
2.94494e-05
5.20421e-05
9.08401e-05
0.000156668
0.000267042
0.000449766
0.000747898
0.00122506
0.00195521
0.00252296
0.00270147
0.00250891
0.00208945
0.00158437
0.00110122
0.000701535
0.000407727
0.00021414
0.000101825
4.5172e-05
1.95296e-05
8.57749e-06
3.94383e-06
1.93764e-06
9.84913e-07
5.28266e-07
2.94507e-07
1.68519e-07
9.71765e-08
5.60753e-08
3.2231e-08
1.83898e-08
1.0392e-08
5.8092e-09
3.21116e-09
1.75549e-09
9.49559e-10
5.08516e-10
2.69806e-10
1.41933e-10
7.40784e-11
3.83791e-11
1.97407e-11
1.00755e-11
5.09306e-12
2.53752e-12
1.23217e-12
5.67555e-13
2.29773e-13
5.29163e-14
1.71119e-20
1.30114e-19
5.13424e-19
1.64781e-18
4.74756e-18
1.28307e-17
3.32402e-17
8.34272e-17
2.03193e-16
4.714e-16
1.05099e-15
2.26529e-15
4.72055e-15
9.48133e-15
1.82768e-14
3.36693e-14
5.90783e-14
9.85852e-14
1.5661e-13
2.37692e-13
3.46711e-13
4.8963e-13
6.74557e-13
9.12837e-13
1.21999e-12
1.60615e-12
2.10907e-12
2.79757e-12
3.80849e-12
5.6353e-12
9.65798e-12
1.95013e-11
4.4976e-11
1.09681e-10
2.71234e-10
6.62802e-10
1.58399e-09
3.68116e-09
8.33855e-09
1.84728e-08
3.98154e-08
8.3943e-08
1.73241e-07
3.51192e-07
6.9604e-07
1.35477e-06
2.61359e-06
4.89925e-06
9.04921e-06
1.66077e-05
2.97006e-05
5.24796e-05
9.15907e-05
0.000157938
0.000269152
0.000453226
0.000753468
0.00123374
0.00196625
0.00252899
0.00270043
0.00250229
0.00207977
0.00157408
0.00109195
0.000694212
0.000402596
0.000210956
0.000100108
4.43577e-05
1.91714e-05
8.42342e-06
3.87692e-06
1.90694e-06
9.70169e-07
5.20797e-07
2.90501e-07
1.66275e-07
9.58946e-08
5.53391e-08
3.18087e-08
1.81491e-08
1.02561e-08
5.73335e-09
3.16937e-09
1.73276e-09
9.37358e-10
5.02055e-10
2.66429e-10
1.40182e-10
7.31747e-11
3.79144e-11
1.95029e-11
9.95472e-12
5.03232e-12
2.50739e-12
1.21758e-12
5.60845e-13
2.27058e-13
5.2291e-14
1.70975e-20
1.30005e-19
5.12994e-19
1.64643e-18
4.74361e-18
1.28201e-17
3.32129e-17
8.33592e-17
2.03002e-16
4.70915e-16
1.04989e-15
2.26297e-15
4.71598e-15
9.47288e-15
1.82623e-14
3.36464e-14
5.90457e-14
9.85443e-14
1.56567e-13
2.37658e-13
3.46703e-13
4.89672e-13
6.74679e-13
9.13083e-13
1.22043e-12
1.60687e-12
2.11032e-12
2.79987e-12
3.81339e-12
5.647e-12
9.68902e-12
1.95857e-11
4.5209e-11
1.10308e-10
2.72869e-10
6.66907e-10
1.59405e-09
3.70486e-09
8.39283e-09
1.85944e-08
4.00775e-08
8.44929e-08
1.74367e-07
3.53435e-07
7.00449e-07
1.36323e-06
2.62915e-06
4.92833e-06
9.10238e-06
1.67012e-05
2.98662e-05
5.27676e-05
9.20836e-05
0.00015877
0.000270536
0.00045549
0.000757094
0.00123938
0.00197367
0.00253297
0.00269974
0.00249795
0.00207347
0.0015674
0.00108597
0.000689498
0.000399271
0.000208883
9.89866e-05
4.38257e-05
1.8938e-05
8.32365e-06
3.83357e-06
1.8871e-06
9.60771e-07
5.16008e-07
2.87951e-07
1.64858e-07
9.50877e-08
5.48748e-08
3.15415e-08
1.79962e-08
1.01694e-08
5.68486e-09
3.14258e-09
1.71815e-09
9.29488e-10
4.97858e-10
2.64209e-10
1.3902e-10
7.25733e-11
3.76061e-11
1.93461e-11
9.87551e-12
4.99261e-12
2.48773e-12
1.20807e-12
5.56475e-13
2.2529e-13
5.18837e-14
1.70909e-20
1.29955e-19
5.12799e-19
1.64581e-18
4.74182e-18
1.28153e-17
3.32006e-17
8.33286e-17
2.02915e-16
4.70692e-16
1.04938e-15
2.2619e-15
4.71386e-15
9.46893e-15
1.82555e-14
3.36357e-14
5.90306e-14
9.85254e-14
1.56547e-13
2.37643e-13
3.46703e-13
4.89698e-13
6.74748e-13
9.13216e-13
1.22066e-12
1.60725e-12
2.11097e-12
2.80105e-12
3.81585e-12
5.65288e-12
9.70462e-12
1.96284e-11
4.53265e-11
1.10623e-10
2.73687e-10
6.6897e-10
1.5991e-09
3.71674e-09
8.41988e-09
1.86545e-08
4.02067e-08
8.47645e-08
1.74924e-07
3.54546e-07
7.0264e-07
1.36746e-06
2.63692e-06
4.94283e-06
9.12879e-06
1.67475e-05
2.99484e-05
5.29106e-05
9.23286e-05
0.000159183
0.000271221
0.000456609
0.000758889
0.00124217
0.00197733
0.00253492
0.00269938
0.0024958
0.00207037
0.00156412
0.00108304
0.000687194
0.000397651
0.000207868
9.84386e-05
4.35659e-05
1.88242e-05
8.27501e-06
3.8125e-06
1.87749e-06
9.56255e-07
5.13732e-07
2.86736e-07
1.64187e-07
9.47076e-08
5.46567e-08
3.1416e-08
1.79244e-08
1.01288e-08
5.66212e-09
3.13001e-09
1.71129e-09
9.25784e-10
4.95879e-10
2.63162e-10
1.38472e-10
7.22884e-11
3.74594e-11
1.92711e-11
9.83744e-12
4.97346e-12
2.47821e-12
1.20346e-12
5.54351e-13
2.24429e-13
5.16852e-14
1.70918e-20
1.29962e-19
5.12826e-19
1.64589e-18
4.74207e-18
1.2816e-17
3.32024e-17
8.33333e-17
2.02926e-16
4.70717e-16
1.04944e-15
2.262e-15
4.71405e-15
9.46924e-15
1.82559e-14
3.36363e-14
5.90312e-14
9.85259e-14
1.56547e-13
2.37643e-13
3.46703e-13
4.89697e-13
6.74748e-13
9.13217e-13
1.22066e-12
1.60726e-12
2.11098e-12
2.80106e-12
3.81588e-12
5.65294e-12
9.70475e-12
1.96287e-11
4.53274e-11
1.10625e-10
2.73693e-10
6.68984e-10
1.59914e-09
3.71681e-09
8.42003e-09
1.86548e-08
4.02073e-08
8.47657e-08
1.74927e-07
3.54551e-07
7.02649e-07
1.36748e-06
2.63695e-06
4.94288e-06
9.12887e-06
1.67477e-05
2.99487e-05
5.2911e-05
9.23293e-05
0.000159184
0.000271223
0.000456612
0.000758894
0.00124218
0.00197734
0.00253494
0.00269939
0.00249581
0.00207039
0.00156413
0.00108305
0.000687204
0.000397659
0.000207873
9.8441e-05
4.3567e-05
1.88247e-05
8.27523e-06
3.8126e-06
1.87754e-06
9.56277e-07
5.13743e-07
2.86742e-07
1.6419e-07
9.47094e-08
5.46577e-08
3.14165e-08
1.79247e-08
1.0129e-08
5.66221e-09
3.13006e-09
1.71132e-09
9.25799e-10
4.95887e-10
2.63167e-10
1.38474e-10
7.22895e-11
3.74599e-11
1.92714e-11
9.83757e-12
4.97352e-12
2.47824e-12
1.20347e-12
5.54357e-13
2.24431e-13
5.16858e-14
1.70999e-20
1.30023e-19
5.13066e-19
1.64666e-18
4.74428e-18
1.28219e-17
3.32176e-17
8.3371e-17
2.0303e-16
4.70976e-16
1.05002e-15
2.26322e-15
4.71642e-15
9.47359e-15
1.82633e-14
3.36477e-14
5.90471e-14
9.85454e-14
1.56568e-13
2.37658e-13
3.46703e-13
4.89672e-13
6.7468e-13
9.13086e-13
1.22043e-12
1.60688e-12
2.11034e-12
2.7999e-12
3.81344e-12
5.64716e-12
9.68941e-12
1.95868e-11
4.52118e-11
1.10315e-10
2.72888e-10
6.66956e-10
1.59417e-09
3.70515e-09
8.39341e-09
1.85954e-08
4.00795e-08
8.44967e-08
1.74374e-07
3.53449e-07
7.00478e-07
1.36329e-06
2.62925e-06
4.92849e-06
9.1026e-06
1.67015e-05
2.98669e-05
5.27688e-05
9.20857e-05
0.000158773
0.000270541
0.000455498
0.000757107
0.0012394
0.00197369
0.002533
0.00269978
0.002498
0.00207352
0.00156745
0.00108601
0.000689525
0.000399287
0.000208894
9.89929e-05
4.38288e-05
1.89394e-05
8.32428e-06
3.83385e-06
1.88723e-06
9.60835e-07
5.16039e-07
2.87967e-07
1.64867e-07
9.50928e-08
5.48776e-08
3.1543e-08
1.7997e-08
1.01699e-08
5.68513e-09
3.14273e-09
1.71823e-09
9.29532e-10
4.97881e-10
2.64222e-10
1.39027e-10
7.25766e-11
3.76077e-11
1.93469e-11
9.87587e-12
4.99279e-12
2.48781e-12
1.20811e-12
5.56493e-13
2.25297e-13
5.18854e-14
1.71153e-20
1.3014e-19
5.13526e-19
1.64813e-18
4.74849e-18
1.28332e-17
3.32465e-17
8.34427e-17
2.03228e-16
4.71475e-16
1.05115e-15
2.26557e-15
4.72104e-15
9.48209e-15
1.82779e-14
3.36706e-14
5.90796e-14
9.85862e-14
1.56611e-13
2.37692e-13
3.46712e-13
4.89631e-13
6.74559e-13
9.12842e-13
1.22e-12
1.60616e-12
2.10909e-12
2.79761e-12
3.80857e-12
5.63545e-12
9.65834e-12
1.95023e-11
4.49787e-11
1.09689e-10
2.71255e-10
6.62861e-10
1.58415e-09
3.68156e-09
8.33952e-09
1.84751e-08
3.98198e-08
8.39508e-08
1.73254e-07
3.51222e-07
6.96085e-07
1.35481e-06
2.61364e-06
4.89928e-06
9.04942e-06
1.66082e-05
2.97013e-05
5.2481e-05
9.1593e-05
0.000157943
0.00026916
0.000453239
0.000753489
0.00123377
0.0019663
0.00252905
0.0027005
0.00250236
0.00207984
0.00157415
0.00109201
0.000694259
0.000402629
0.000210977
0.000100119
4.43634e-05
1.91739e-05
8.42449e-06
3.87739e-06
1.90716e-06
9.70274e-07
5.20851e-07
2.9053e-07
1.66291e-07
9.59034e-08
5.5344e-08
3.18115e-08
1.81507e-08
1.02569e-08
5.73383e-09
3.16963e-09
1.7329e-09
9.37432e-10
5.02095e-10
2.6645e-10
1.40193e-10
7.31807e-11
3.79175e-11
1.95045e-11
9.9555e-12
5.0327e-12
2.50756e-12
1.21766e-12
5.6088e-13
2.27071e-13
5.2294e-14
1.71389e-20
1.30319e-19
5.14228e-19
1.65038e-18
4.75493e-18
1.28505e-17
3.32909e-17
8.35525e-17
2.03531e-16
4.72236e-16
1.05286e-15
2.26917e-15
4.72814e-15
9.49529e-15
1.83008e-14
3.37077e-14
5.91325e-14
9.86545e-14
1.56684e-13
2.37756e-13
3.46741e-13
4.89591e-13
6.74405e-13
9.12513e-13
1.21941e-12
1.60515e-12
2.10733e-12
2.79433e-12
3.80156e-12
5.61857e-12
9.61321e-12
1.93784e-11
4.46363e-11
1.08767e-10
2.68846e-10
6.5676e-10
1.56926e-09
3.64645e-09
8.25963e-09
1.82966e-08
3.94339e-08
8.31395e-08
1.71583e-07
3.4788e-07
6.89489e-07
1.34209e-06
2.59015e-06
4.85543e-06
8.96912e-06
1.64668e-05
2.94504e-05
5.20434e-05
9.08418e-05
0.00015667
0.000267043
0.000449779
0.000747922
0.0012251
0.00195526
0.00252302
0.00270155
0.002509
0.00208954
0.00158447
0.0011013
0.000701598
0.000407772
0.000214168
0.00010184
4.51794e-05
1.95329e-05
8.57882e-06
3.94443e-06
1.93792e-06
9.85053e-07
5.28338e-07
2.94546e-07
1.6854e-07
9.71884e-08
5.6082e-08
3.22348e-08
1.83919e-08
1.03932e-08
5.80984e-09
3.21151e-09
1.75567e-09
9.49658e-10
5.08567e-10
2.69831e-10
1.41945e-10
7.40845e-11
3.8382e-11
1.9742e-11
1.00761e-11
5.09336e-12
2.53766e-12
1.23223e-12
5.6758e-13
2.29782e-13
5.29183e-14
1.71717e-20
1.30567e-19
5.15204e-19
1.65349e-18
4.76387e-18
1.28745e-17
3.33524e-17
8.37049e-17
2.03949e-16
4.7328e-16
1.05522e-15
2.27411e-15
4.73788e-15
9.51338e-15
1.83322e-14
3.37579e-14
5.92064e-14
9.87514e-14
1.56796e-13
2.37862e-13
3.46811e-13
4.89579e-13
6.74257e-13
9.12152e-13
1.21871e-12
1.60391e-12
2.10511e-12
2.79017e-12
3.79257e-12
5.59685e-12
9.55523e-12
1.92197e-11
4.41985e-11
1.07591e-10
2.65763e-10
6.48972e-10
1.55012e-09
3.60141e-09
8.15581e-09
1.80639e-08
3.89301e-08
8.20703e-08
1.69371e-07
3.43441e-07
6.8069e-07
1.32505e-06
2.55855e-06
4.79651e-06
8.86181e-06
1.62781e-05
2.91159e-05
5.14609e-05
8.98429e-05
0.000154989
0.00026424
0.000445173
0.000740498
0.00121344
0.0019404
0.00251485
0.00270297
0.00251813
0.0021029
0.00159877
0.00111417
0.000711799
0.000415041
0.000218435
0.000104168
4.62895e-05
2.00217e-05
8.78867e-06
4.03543e-06
1.97971e-06
1.00587e-06
5.39216e-07
3.00467e-07
1.71877e-07
9.90875e-08
5.71622e-08
3.28473e-08
1.87373e-08
1.05862e-08
5.91665e-09
3.26994e-09
1.78728e-09
9.66578e-10
5.17539e-10
2.74548e-10
1.44403e-10
7.53531e-11
3.90317e-11
2.00725e-11
1.0243e-11
5.17701e-12
2.57905e-12
1.25223e-12
5.76764e-13
2.33496e-13
5.3773e-14
1.72147e-20
1.30893e-19
5.16487e-19
1.6576e-18
4.77566e-18
1.29062e-17
3.34343e-17
8.39096e-17
2.04499e-16
4.74652e-16
1.05832e-15
2.28063e-15
4.75084e-15
9.53762e-15
1.83746e-14
3.38264e-14
5.93105e-14
9.88866e-14
1.56959e-13
2.38032e-13
3.46942e-13
4.89628e-13
6.74157e-13
9.11811e-13
1.21798e-12
1.60257e-12
2.10264e-12
2.78537e-12
3.7819e-12
5.57073e-12
9.48481e-12
1.90257e-11
4.36652e-11
1.06168e-10
2.62028e-10
6.39485e-10
1.52673e-09
3.54651e-09
8.03111e-09
1.7785e-08
3.83256e-08
8.07854e-08
1.66718e-07
3.38082e-07
6.69944e-07
1.30383e-06
2.51797e-06
4.72194e-06
8.72681e-06
1.6041e-05
2.86974e-05
5.07358e-05
8.86054e-05
0.000152901
0.000260765
0.00043949
0.000731384
0.00119921
0.00192195
0.00250464
0.00270485
0.00253021
0.00212059
0.00161769
0.0011313
0.000725486
0.000424909
0.000223907
0.000107154
4.77213e-05
2.06536e-05
9.05823e-06
4.14974e-06
2.02025e-06
1.04758e-06
5.58289e-07
3.09857e-07
1.76761e-07
1.01722e-07
5.86101e-08
3.36512e-08
1.91849e-08
1.08348e-08
6.05378e-09
3.34489e-09
1.82783e-09
9.88274e-10
5.29031e-10
2.8058e-10
1.47543e-10
7.69769e-11
3.98662e-11
2.04982e-11
1.04584e-11
5.28491e-12
2.63239e-12
1.27797e-12
5.88573e-13
2.38267e-13
5.48731e-14
1.72688e-20
1.31303e-19
5.18095e-19
1.66274e-18
4.79038e-18
1.29457e-17
3.35357e-17
8.41613e-17
2.0519e-16
4.76386e-16
1.06226e-15
2.28897e-15
4.7675e-15
9.56899e-15
1.84299e-14
3.39169e-14
5.94456e-14
9.90782e-14
1.57189e-13
2.38264e-13
3.47152e-13
4.89767e-13
6.74156e-13
9.11563e-13
1.21732e-12
1.60123e-12
2.09998e-12
2.78001e-12
3.77002e-12
5.54161e-12
9.40645e-12
1.88111e-11
4.30699e-11
1.04562e-10
2.57845e-10
6.28866e-10
1.50073e-09
3.48536e-09
7.89127e-09
1.74764e-08
3.76699e-08
7.94335e-08
1.63978e-07
3.32772e-07
6.5996e-07
1.28573e-06
2.46116e-06
4.6276e-06
8.56011e-06
1.57489e-05
2.81809e-05
4.9843e-05
8.70834e-05
0.000150342
0.00025655
0.000432619
0.000720401
0.00118223
0.00189967
0.00249214
0.00270643
0.00254788
0.00214471
0.00164275
0.00115355
0.000743097
0.000437552
0.000230952
0.000111053
4.95991e-05
2.14914e-05
9.41771e-06
4.30854e-06
2.08171e-06
1.07921e-06
5.75023e-07
3.19003e-07
1.81905e-07
1.04655e-07
6.02827e-08
3.46019e-08
1.97218e-08
1.11353e-08
6.22018e-09
3.43598e-09
1.87712e-09
1.01466e-09
5.43021e-10
2.87935e-10
1.51387e-10
7.89812e-11
4.09182e-11
2.10378e-11
1.07277e-11
5.4186e-12
2.69804e-12
1.3095e-12
6.02991e-13
2.4408e-13
5.62096e-14
1.73358e-20
1.31811e-19
5.20091e-19
1.66912e-18
4.8087e-18
1.2995e-17
3.36623e-17
8.44764e-17
2.06049e-16
4.78539e-16
1.06717e-15
2.2994e-15
4.78845e-15
9.60878e-15
1.8501e-14
3.40357e-14
5.96201e-14
9.93114e-14
1.5748e-13
2.38598e-13
3.47494e-13
4.90064e-13
6.74314e-13
9.11491e-13
1.21683e-12
1.60004e-12
2.09738e-12
2.77448e-12
3.75683e-12
5.50821e-12
9.31471e-12
1.85563e-11
4.23581e-11
1.02632e-10
2.52831e-10
6.16117e-10
1.46909e-09
3.41033e-09
7.71949e-09
1.7085e-08
3.68236e-08
7.76499e-08
1.60314e-07
3.25381e-07
6.45078e-07
1.25621e-06
2.40349e-06
4.52035e-06
8.36413e-06
1.54033e-05
2.75707e-05
4.8778e-05
8.52587e-05
0.000147255
0.000251389
0.000424169
0.000706801
0.00116087
0.00187099
0.00247539
0.00270778
0.00256489
0.00217065
0.00167063
0.00117914
0.000763843
0.000452805
0.000239665
0.000115838
5.19343e-05
2.25181e-05
9.86199e-06
4.50621e-06
2.15875e-06
1.11632e-06
5.9386e-07
3.2908e-07
1.87535e-07
1.07876e-07
6.21358e-08
3.5666e-08
2.03291e-08
1.14784e-08
6.41168e-09
3.5415e-09
1.93453e-09
1.04553e-09
5.5945e-10
2.96626e-10
1.5595e-10
8.13463e-11
4.2099e-11
2.1631e-11
1.10282e-11
5.56943e-12
2.77274e-12
1.34562e-12
6.19583e-13
2.50791e-13
5.77546e-14
1.74182e-20
1.32435e-19
5.22547e-19
1.67699e-18
4.83135e-18
1.30561e-17
3.38203e-17
8.48721e-17
2.0711e-16
4.81187e-16
1.07322e-15
2.3124e-15
4.81505e-15
9.65848e-15
1.85861e-14
3.41667e-14
5.9821e-14
9.96069e-14
1.57877e-13
2.39098e-13
3.48016e-13
4.90554e-13
6.74737e-13
9.117e-13
1.21666e-12
1.59916e-12
2.09501e-12
2.76888e-12
3.74269e-12
5.47123e-12
9.21129e-12
1.82665e-11
4.15434e-11
1.00404e-10
2.46881e-10
6.01051e-10
1.43199e-09
3.32218e-09
7.5157e-09
1.66299e-08
3.58231e-08
7.54958e-08
1.55791e-07
3.16143e-07
6.26783e-07
1.22081e-06
2.33642e-06
4.3961e-06
8.13707e-06
1.49945e-05
2.68508e-05
4.75253e-05
8.30977e-05
0.000143573
0.000245217
0.000413957
0.000690376
0.00113505
0.00183545
0.00245364
0.0027076
0.00258336
0.00220019
0.00170196
0.00120836
0.000787662
0.000470288
0.000249822
0.000121602
5.47528e-05
2.37933e-05
1.04133e-05
4.74961e-06
2.2538e-06
1.16231e-06
6.1672e-07
3.41113e-07
1.94163e-07
1.11632e-07
6.42819e-08
3.68936e-08
2.10283e-08
1.18734e-08
6.63225e-09
3.6631e-09
2.00069e-09
1.08103e-09
5.78214e-10
3.06342e-10
1.60888e-10
8.38225e-11
4.33612e-11
2.22791e-11
1.1362e-11
5.73908e-12
2.85752e-12
1.38686e-12
6.38615e-13
2.58509e-13
5.95338e-14
1.7517e-20
1.33185e-19
5.25504e-19
1.68649e-18
4.85878e-18
1.31304e-17
3.4013e-17
8.53563e-17
2.08378e-16
4.84367e-16
1.08031e-15
2.32684e-15
4.84191e-15
9.70827e-15
1.86768e-14
3.43292e-14
6.00865e-14
9.99975e-14
1.58418e-13
2.39734e-13
3.48738e-13
4.9131e-13
6.75454e-13
9.12292e-13
1.21695e-12
1.59882e-12
2.09317e-12
2.76364e-12
3.72822e-12
5.43188e-12
9.09908e-12
1.79492e-11
4.06441e-11
9.79663e-11
2.40425e-10
5.84297e-10
1.38993e-09
3.22153e-09
7.28208e-09
1.60959e-08
3.46699e-08
7.30666e-08
1.50776e-07
3.0599e-07
6.06552e-07
1.18131e-06
2.2608e-06
4.25393e-06
7.87504e-06
1.45212e-05
2.60019e-05
4.60303e-05
8.05168e-05
0.000139203
0.000237894
0.000401879
0.000670606
0.00110334
0.00178995
0.00242444
0.00270469
0.00260338
0.00223395
0.00173858
0.00124296
0.000816337
0.00049136
0.000262212
0.000128597
5.82049e-05
2.53389e-05
1.10845e-05
5.04965e-06
2.37177e-06
1.21777e-06
6.44134e-07
3.5561e-07
2.02124e-07
1.1612e-07
6.68305e-08
3.83435e-08
2.18505e-08
1.23361e-08
6.89003e-09
3.805e-09
2.07782e-09
1.12247e-09
6.00244e-10
3.17973e-10
1.66996e-10
8.70226e-11
4.50217e-11
2.31242e-11
1.17882e-11
5.95101e-12
2.96133e-12
1.43663e-12
6.61361e-13
2.67681e-13
6.16424e-14
1.76338e-20
1.34075e-19
5.29031e-19
1.69789e-18
4.89182e-18
1.32199e-17
3.42436e-17
8.59243e-17
2.0971e-16
4.87437e-16
1.08716e-15
2.34169e-15
4.87371e-15
9.77268e-15
1.87988e-14
3.45419e-14
6.04255e-14
1.00494e-13
1.59078e-13
2.40594e-13
3.49827e-13
4.92486e-13
6.76671e-13
9.1353e-13
1.21796e-12
1.59929e-12
2.09223e-12
2.75928e-12
3.71416e-12
5.3915e-12
8.9811e-12
1.76128e-11
3.96927e-11
9.53551e-11
2.33494e-10
5.66451e-10
1.34488e-09
3.11341e-09
7.03202e-09
1.55302e-08
3.34346e-08
7.04359e-08
1.45274e-07
2.94722e-07
5.8399e-07
1.13736e-06
2.17651e-06
4.09519e-06
7.58131e-06
1.39849e-05
2.50462e-05
4.43573e-05
7.76293e-05
0.000134262
0.0002296
0.000388178
0.000648429
0.00106849
0.00172776
0.00238382
0.00269688
0.00262356
0.00226915
0.00178263
0.001284
0.000849936
0.000516201
0.00027712
0.000137129
6.24465e-05
2.7244e-05
1.18935e-05
5.40124e-06
2.51475e-06
1.28576e-06
6.77647e-07
3.73112e-07
2.11719e-07
1.21566e-07
6.99406e-08
4.01158e-08
2.28543e-08
1.28994e-08
7.20261e-09
3.97631e-09
2.17051e-09
1.17202e-09
6.26432e-10
3.31667e-10
1.74075e-10
9.06249e-11
4.68243e-11
2.40268e-11
1.22402e-11
6.1791e-12
3.07583e-12
1.49259e-12
6.87223e-13
2.78171e-13
6.40584e-14
1.77519e-20
1.34966e-19
5.32517e-19
1.709e-18
4.92379e-18
1.33067e-17
3.44714e-17
8.65106e-17
2.11203e-16
4.91277e-16
1.09622e-15
2.36177e-15
4.91584e-15
9.85582e-15
1.89522e-14
3.48057e-14
6.08484e-14
1.01126e-13
1.5996e-13
2.41784e-13
3.51203e-13
4.94213e-13
6.78573e-13
9.15412e-13
1.21988e-12
1.60095e-12
2.09271e-12
2.75653e-12
3.70149e-12
5.35108e-12
8.85684e-12
1.72515e-11
3.86514e-11
9.24745e-11
2.25766e-10
5.46288e-10
1.29505e-09
2.99337e-09
6.7514e-09
1.48852e-08
3.20171e-08
6.73922e-08
1.38991e-07
2.81902e-07
5.58429e-07
1.08702e-06
2.08086e-06
3.91539e-06
7.24845e-06
1.33765e-05
2.39477e-05
4.24132e-05
7.42382e-05
0.000128469
0.000219796
0.000371798
0.000621466
0.00102487
0.00165984
0.0023369
0.00268579
0.00264534
0.00230888
0.00183018
0.00132966
0.000887986
0.000544442
0.000295027
0.00014749
6.76477e-05
2.95975e-05
1.29109e-05
5.84851e-06
2.71144e-06
1.37862e-06
7.22654e-07
3.96067e-07
2.23907e-07
1.28287e-07
7.36913e-08
4.22192e-08
2.40326e-08
1.35556e-08
7.56461e-09
4.17379e-09
2.27698e-09
1.22874e-09
6.56338e-10
3.47288e-10
1.8218e-10
9.48239e-11
4.90121e-11
2.51787e-11
1.28306e-11
6.4749e-12
3.22085e-12
1.5617e-12
7.18339e-13
2.90599e-13
6.69002e-14
1.78975e-20
1.36073e-19
5.36899e-19
1.72319e-18
4.96524e-18
1.34209e-17
3.47744e-17
8.7292e-17
2.13168e-16
4.96427e-16
1.10793e-15
2.38715e-15
4.96798e-15
9.95736e-15
1.91391e-14
3.51283e-14
6.13662e-14
1.01898e-13
1.61029e-13
2.43133e-13
3.52926e-13
4.9623e-13
6.81079e-13
9.18516e-13
1.22317e-12
1.6042e-12
2.09539e-12
2.757e-12
3.69414e-12
5.32183e-12
8.71672e-12
1.68727e-11
3.75598e-11
8.9439e-11
2.17584e-10
5.24832e-10
1.24024e-09
2.86734e-09
6.45159e-09
1.41855e-08
3.04756e-08
6.40607e-08
1.31909e-07
2.67449e-07
5.29477e-07
1.03049e-06
1.97072e-06
3.71024e-06
6.86906e-06
1.26829e-05
2.27235e-05
4.0251e-05
7.04609e-05
0.000121935
0.000208661
0.000353083
0.000590486
0.00097454
0.00158081
0.0022801
0.00266861
0.00266486
0.00235096
0.00188261
0.00138123
0.000932051
0.00057758
0.000317366
0.0001609
7.45673e-05
3.27394e-05
1.42501e-05
6.38724e-06
3.01807e-06
1.51636e-06
7.86495e-07
4.27311e-07
2.39837e-07
1.36779e-07
7.82855e-08
4.47252e-08
2.54043e-08
1.43056e-08
7.97259e-09
4.39406e-09
2.39487e-09
1.29125e-09
6.89175e-10
3.64387e-10
1.91012e-10
9.93502e-11
5.13091e-11
2.632e-11
1.33988e-11
6.75705e-12
3.35979e-12
1.62888e-12
7.49542e-13
3.03252e-13
6.98132e-14
1.80631e-20
1.37336e-19
5.41941e-19
1.73969e-18
5.01404e-18
1.35572e-17
3.51413e-17
8.82543e-17
2.15637e-16
5.02517e-16
1.12312e-15
2.42157e-15
5.04127e-15
1.01045e-14
1.94161e-14
3.5615e-14
6.2159e-14
1.03094e-13
1.62702e-13
2.45312e-13
3.55684e-13
4.99523e-13
6.84831e-13
9.22747e-13
1.22815e-12
1.60993e-12
2.10057e-12
2.75945e-12
3.68687e-12
5.28604e-12
8.59667e-12
1.65117e-11
3.64782e-11
8.63862e-11
2.09253e-10
5.02677e-10
1.18385e-09
2.72702e-09
6.12643e-09
1.34457e-08
2.89616e-08
6.0738e-08
1.24914e-07
2.52895e-07
5.00703e-07
9.74041e-07
1.86211e-06
3.51263e-06
6.49482e-06
1.19789e-05
2.14376e-05
3.7948e-05
6.64036e-05
0.000114892
0.000196595
0.000332681
0.000556451
0.000918671
0.0014915
0.00221304
0.00264484
0.00268315
0.00239771
0.00194164
0.00144055
0.000982963
0.000616992
0.000345058
0.000177424
8.31083e-05
3.67899e-05
1.60037e-05
7.1387e-06
3.34511e-06
1.67334e-06
8.62282e-07
4.65688e-07
2.59852e-07
1.47698e-07
8.42619e-08
4.79885e-08
2.71785e-08
1.52644e-08
8.48684e-09
4.66758e-09
2.5391e-09
1.36666e-09
7.28281e-10
3.84508e-10
2.01286e-10
1.04551e-10
5.39092e-11
2.75883e-11
1.40234e-11
7.06422e-12
3.50955e-12
1.70059e-12
7.82447e-13
3.16632e-13
7.29032e-14
1.82199e-20
1.38534e-19
5.46725e-19
1.75531e-18
5.05986e-18
1.36828e-17
3.5469e-17
8.90693e-17
2.17562e-16
5.07173e-16
1.13365e-15
2.44528e-15
5.09224e-15
1.02082e-14
1.96157e-14
3.59758e-14
6.27683e-14
1.04058e-13
1.6413e-13
2.47316e-13
3.58284e-13
5.02801e-13
6.88791e-13
9.2766e-13
1.23414e-12
1.61692e-12
2.10803e-12
2.76492e-12
3.68519e-12
5.26273e-12
8.50631e-12
1.62299e-11
3.55054e-11
8.3672e-11
2.0181e-10
4.82751e-10
1.13313e-09
2.60318e-09
5.8306e-09
1.27625e-08
2.74336e-08
5.74187e-08
1.1788e-07
2.3823e-07
4.70668e-07
9.18104e-07
1.75155e-06
3.30872e-06
6.10818e-06
1.12573e-05
2.014e-05
3.5639e-05
6.23366e-05
0.000107835
0.000184513
0.000312268
0.000522438
0.000862911
0.00140235
0.00214028
0.0026157
0.00269903
0.0024459
0.00200508
0.00150403
0.00103717
0.000656336
0.000378851
0.000197633
9.38061e-05
4.1772e-05
1.81963e-05
8.08242e-06
3.76733e-06
1.863e-06
9.52554e-07
5.10956e-07
2.83299e-07
1.60482e-07
9.12835e-08
5.18396e-08
2.92793e-08
1.64011e-08
9.09588e-09
4.9905e-09
2.70856e-09
1.45474e-09
7.73655e-10
4.07698e-10
2.13048e-10
1.1047e-10
5.68583e-11
2.90534e-11
1.47425e-11
7.41753e-12
3.68311e-12
1.78446e-12
8.20926e-13
3.32174e-13
7.64807e-14
1.83268e-20
1.39346e-19
5.49941e-19
1.76576e-18
5.09071e-18
1.37694e-17
3.57057e-17
8.97075e-17
2.19266e-16
5.11362e-16
1.14326e-15
2.46597e-15
5.13595e-15
1.02982e-14
1.9793e-14
3.63068e-14
6.33493e-14
1.0502e-13
1.65639e-13
2.49572e-13
3.61532e-13
5.07386e-13
6.95049e-13
9.3541e-13
1.24316e-12
1.62708e-12
2.11858e-12
2.77438e-12
3.68977e-12
5.25062e-12
8.44072e-12
1.60025e-11
3.47739e-11
8.15019e-11
1.95478e-10
4.65318e-10
1.08778e-09
2.49003e-09
5.5592e-09
1.21335e-08
2.60247e-08
5.43541e-08
1.11372e-07
2.24626e-07
4.43155e-07
8.63826e-07
1.64532e-06
3.11125e-06
5.73393e-06
1.05579e-05
1.88882e-05
3.34397e-05
5.85323e-05
0.000101291
0.000173387
0.000293625
0.000491703
0.000813216
0.00132433
0.00206638
0.00258245
0.00271234
0.00249472
0.00207183
0.00157458
0.00110077
0.000707606
0.000415554
0.00022064
0.000106592
4.78769e-05
2.08902e-05
9.2236e-06
4.26319e-06
2.09869e-06
1.06361e-06
5.66137e-07
3.11939e-07
1.75863e-07
9.96442e-08
5.63893e-08
3.17467e-08
1.77298e-08
9.80451e-09
5.36433e-09
2.9036e-09
1.55544e-09
8.25171e-10
4.33845e-10
2.26239e-10
1.171e-10
6.01947e-11
3.07389e-11
1.55888e-11
7.83765e-12
3.88838e-12
1.88232e-12
8.65341e-13
3.49993e-13
8.0574e-14
1.83827e-20
1.39771e-19
5.51638e-19
1.77138e-18
5.10792e-18
1.38207e-17
3.58573e-17
9.01556e-17
2.20583e-16
5.15111e-16
1.15284e-15
2.48874e-15
5.1857e-15
1.04042e-14
2.00084e-14
3.67183e-14
6.40808e-14
1.06225e-13
1.67479e-13
2.5219e-13
3.65048e-13
5.11904e-13
7.00663e-13
9.42753e-13
1.25287e-12
1.63965e-12
2.13426e-12
2.79029e-12
3.70337e-12
5.25537e-12
8.4146e-12
1.58742e-11
3.43015e-11
7.9971e-11
1.90629e-10
4.51703e-10
1.05146e-09
2.39764e-09
5.3356e-09
1.16129e-08
2.48415e-08
5.17768e-08
1.05887e-07
2.1311e-07
4.19965e-07
8.18278e-07
1.55763e-06
2.94422e-06
5.42342e-06
9.97804e-06
1.78351e-05
3.15601e-05
5.52304e-05
9.56185e-05
0.000163739
0.00027756
0.000465479
0.000771404
0.00125992
0.00199398
0.00254639
0.00272442
0.00254712
0.00214575
0.00165146
0.00117039
0.000764127
0.000458451
0.000245975
0.000120661
5.47361e-05
2.40718e-05
1.06424e-05
4.88217e-06
2.33172e-06
1.20424e-06
6.34776e-07
3.46999e-07
1.94377e-07
1.09543e-07
6.16782e-08
3.45596e-08
1.92155e-08
1.05826e-08
5.76813e-09
3.11129e-09
1.66141e-09
8.78869e-10
4.60906e-10
2.39821e-10
1.23901e-10
6.35971e-11
3.24417e-11
1.64403e-11
8.26147e-12
4.09706e-12
1.98273e-12
9.11293e-13
3.6852e-13
8.48388e-14
1.83834e-20
1.39776e-19
5.51665e-19
1.77158e-18
5.10931e-18
1.38289e-17
3.58979e-17
9.0328e-17
2.21229e-16
5.17104e-16
1.15913e-15
2.50771e-15
5.23948e-15
1.0533e-14
2.02824e-14
3.72369e-14
6.50061e-14
1.0776e-13
1.69836e-13
2.55564e-13
3.69595e-13
5.17749e-13
7.08415e-13
9.52489e-13
1.26468e-12
1.65415e-12
2.15147e-12
2.80924e-12
3.72486e-12
5.27797e-12
8.43376e-12
1.5861e-11
3.41304e-11
7.9193e-11
1.87661e-10
4.42306e-10
1.02488e-09
2.3271e-09
5.16024e-09
1.11953e-08
2.38769e-08
4.9641e-08
1.01345e-07
2.03638e-07
4.00576e-07
7.79703e-07
1.48211e-06
2.7983e-06
5.15322e-06
9.4779e-06
1.69413e-05
2.99782e-05
5.24541e-05
9.08161e-05
0.000155687
0.00026414
0.000443476
0.000736236
0.00120556
0.00192738
0.0025093
0.00272975
0.00259237
0.00221236
0.00172256
0.0012366
0.000818546
0.000498522
0.000270491
0.000135066
6.2255e-05
2.74045e-05
1.20892e-05
5.53864e-06
2.61384e-06
1.33774e-06
7.02469e-07
3.82797e-07
2.13834e-07
1.20236e-07
6.75138e-08
3.77094e-08
2.08932e-08
1.14635e-08
6.2241e-09
3.3442e-09
1.77901e-09
9.37691e-10
4.90135e-10
2.54287e-10
1.31052e-10
6.71398e-11
3.42118e-11
1.73428e-11
8.71189e-12
4.31727e-12
2.0874e-12
9.585e-13
3.87296e-13
8.9116e-14
1.83102e-20
1.39198e-19
5.49184e-19
1.76287e-18
5.08228e-18
1.37527e-17
3.57021e-17
8.98761e-17
2.2033e-16
5.15459e-16
1.15711e-15
2.508e-15
5.25047e-15
1.05809e-14
2.04294e-14
3.76157e-14
6.57758e-14
1.09165e-13
1.72201e-13
2.59273e-13
3.75072e-13
5.25499e-13
7.18773e-13
9.65067e-13
1.28022e-12
1.67297e-12
2.17318e-12
2.83488e-12
3.7556e-12
5.31692e-12
8.49626e-12
1.59628e-11
3.42716e-11
7.90926e-11
1.86447e-10
4.37328e-10
1.00895e-09
2.28127e-09
5.04151e-09
1.09043e-08
2.319e-08
4.81006e-08
9.79697e-08
1.9634e-07
3.86018e-07
7.50845e-07
1.4251e-06
2.68775e-06
4.94167e-06
9.08359e-06
1.62434e-05
2.87174e-05
5.02586e-05
8.7053e-05
0.000149321
0.000253606
0.000426325
0.000708554
0.00116227
0.00187031
0.00247498
0.00273105
0.00262569
0.00226551
0.00178102
0.00129217
0.000864862
0.000533559
0.00029359
0.000148866
6.9197e-05
3.0718e-05
1.35269e-05
6.13826e-06
2.92882e-06
1.47988e-06
7.7244e-07
4.18857e-07
2.3292e-07
1.30483e-07
7.29628e-08
4.05702e-08
2.2376e-08
1.22229e-08
6.60945e-09
3.53909e-09
1.87863e-09
9.90601e-10
5.17148e-10
2.67754e-10
1.37664e-10
7.03454e-11
3.57321e-11
1.80238e-11
9.02734e-12
4.4659e-12
2.15697e-12
9.90032e-13
4.00016e-13
9.20545e-14
1.8304e-20
1.3914e-19
5.48839e-19
1.76106e-18
5.07464e-18
1.3726e-17
3.56234e-17
8.96814e-17
2.19948e-16
5.14705e-16
1.15656e-15
2.51082e-15
5.2673e-15
1.06415e-14
2.06052e-14
3.80557e-14
6.6763e-14
1.11042e-13
1.75311e-13
2.63898e-13
3.81419e-13
5.3369e-13
7.28818e-13
9.79156e-13
1.29832e-12
1.6957e-12
2.201e-12
2.86684e-12
3.79522e-12
5.36964e-12
8.58152e-12
1.61137e-11
3.45399e-11
7.93902e-11
1.86428e-10
4.35723e-10
1.00202e-09
2.2584e-09
4.97888e-09
1.07453e-08
2.28046e-08
4.72232e-08
9.60405e-08
1.92128e-07
3.77108e-07
7.32624e-07
1.38978e-06
2.61869e-06
4.81365e-06
8.84449e-06
1.58236e-05
2.79757e-05
4.89593e-05
8.48215e-05
0.000145521
0.000247245
0.000415891
0.000691979
0.00113623
0.00183439
0.0024523
0.0027301
0.00264472
0.00229765
0.00181793
0.00132794
0.000895973
0.000556933
0.000309549
0.000158542
7.44821e-05
3.31538e-05
1.46149e-05
6.61775e-06
3.15562e-06
1.60034e-06
8.35249e-07
4.5321e-07
2.52138e-07
1.41431e-07
7.90678e-08
4.38765e-08
2.41102e-08
1.31038e-08
7.04304e-09
3.74541e-09
1.97179e-09
1.02758e-09
5.32537e-10
2.74453e-10
1.40703e-10
7.17761e-11
3.64324e-11
1.8388e-11
9.21132e-12
4.55754e-12
2.2021e-12
1.01081e-12
4.08344e-13
9.3964e-14
)
;

boundaryField
{
    fuel
    {
        type            fixedValue;
        value           uniform 0;
    }
    air
    {
        type            fixedValue;
        value           uniform 0;
    }
    outlet
    {
        type            inletOutlet;
        inletValue      uniform 0;
        value           nonuniform List<scalar> 
200
(
1.82994e-20
1.39106e-19
5.48708e-19
1.76065e-18
5.0735e-18
1.37231e-17
3.56162e-17
8.96642e-17
2.19909e-16
5.14622e-16
1.1564e-15
2.51052e-15
5.26679e-15
1.06408e-14
2.06043e-14
3.80549e-14
6.6763e-14
1.11044e-13
1.75315e-13
2.63906e-13
3.81432e-13
5.33708e-13
7.28839e-13
9.79181e-13
1.29835e-12
1.69573e-12
2.20103e-12
2.86687e-12
3.79525e-12
5.36972e-12
8.58174e-12
1.61143e-11
3.45413e-11
7.93929e-11
1.86432e-10
4.35721e-10
1.00199e-09
2.25824e-09
4.97829e-09
1.07434e-08
2.27988e-08
4.72065e-08
9.59943e-08
1.92002e-07
3.7695e-07
7.32603e-07
1.38985e-06
2.61888e-06
4.814e-06
8.84513e-06
1.58248e-05
2.79777e-05
4.8963e-05
8.4828e-05
0.000145532
0.000247265
0.000415924
0.000692033
0.00113631
0.00183451
0.00245239
0.00273015
0.00264472
0.00229765
0.00181795
0.001328
0.000896007
0.000556944
0.000309548
0.000158538
7.44775e-05
3.31491e-05
1.46088e-05
6.61535e-06
3.15465e-06
1.59991e-06
8.35049e-07
4.53109e-07
2.52084e-07
1.41401e-07
7.90516e-08
4.38676e-08
2.41054e-08
1.31013e-08
7.04174e-09
3.74474e-09
1.97146e-09
1.02742e-09
5.32458e-10
2.74414e-10
1.40684e-10
7.17674e-11
3.64284e-11
1.83861e-11
9.21047e-12
4.55714e-12
2.20189e-12
1.01071e-12
4.08307e-13
9.39558e-14
1.8304e-20
1.3914e-19
5.48839e-19
1.76106e-18
5.07464e-18
1.3726e-17
3.56234e-17
8.96814e-17
2.19948e-16
5.14705e-16
1.15656e-15
2.51082e-15
5.2673e-15
1.06415e-14
2.06052e-14
3.80557e-14
6.6763e-14
1.11042e-13
1.75311e-13
2.63898e-13
3.81419e-13
5.3369e-13
7.28818e-13
9.79156e-13
1.29832e-12
1.6957e-12
2.201e-12
2.86684e-12
3.79522e-12
5.36964e-12
8.58152e-12
1.61137e-11
3.45399e-11
7.93902e-11
1.86428e-10
4.35723e-10
1.00202e-09
2.2584e-09
4.97888e-09
1.07453e-08
2.28046e-08
4.72232e-08
9.60405e-08
1.92128e-07
3.77108e-07
7.32624e-07
1.38978e-06
2.61869e-06
4.81365e-06
8.84449e-06
1.58236e-05
2.79757e-05
4.89593e-05
8.48215e-05
0.000145521
0.000247245
0.000415891
0.000691979
0.00113623
0.00183439
0.0024523
0.0027301
0.00264472
0.00229765
0.00181793
0.00132794
0.000895973
0.000556933
0.000309549
0.000158542
7.44821e-05
3.31538e-05
1.46149e-05
6.61775e-06
3.15562e-06
1.60034e-06
8.35249e-07
4.5321e-07
2.52138e-07
1.41431e-07
7.90678e-08
4.38765e-08
2.41102e-08
1.31038e-08
7.04304e-09
3.74541e-09
1.97179e-09
1.02758e-09
5.32537e-10
2.74453e-10
1.40703e-10
7.17761e-11
3.64324e-11
1.8388e-11
9.21132e-12
4.55754e-12
2.2021e-12
1.01081e-12
4.08344e-13
9.3964e-14
)
;
    }
    frontAndBack
    {
        type            empty;
    }
    internal
    {
        type            internal;
    }
}


// ************************************************************************* //
