/*--------------------------------*- C++ -*----------------------------------*\
  =========                 |
  \\      /  F ield         | OpenFOAM: The Open Source CFD Toolbox
   \\    /   O peration     | Website:  https://openfoam.org
    \\  /    A nd           | Version:  10
     \\/     M anipulation  |
\*---------------------------------------------------------------------------*/
FoamFile
{
    format      ascii;
    class       volScalarField;
    location    "1";
    object      H2NO;
}
// * * * * * * * * * * * * * * * * * * * * * * * * * * * * * * * * * * * * * //

dimensions      [0 0 0 0 0 0 0];

internalField   nonuniform List<scalar> 
4000
(
5.59631e-11
2.13339e-10
4.45045e-10
7.94657e-10
1.31953e-09
2.10174e-09
3.25725e-09
4.94522e-09
7.37567e-09
1.08125e-08
1.55749e-08
2.20478e-08
3.06957e-08
4.20553e-08
5.66963e-08
7.50703e-08
9.77463e-08
1.25011e-07
1.55623e-07
1.91527e-07
2.30058e-07
2.71904e-07
3.17648e-07
3.64316e-07
4.11535e-07
4.56868e-07
4.97433e-07
5.30373e-07
5.52767e-07
5.6405e-07
5.6411e-07
5.54161e-07
5.36165e-07
5.12394e-07
4.8521e-07
4.56971e-07
4.30222e-07
4.07433e-07
3.90934e-07
3.83068e-07
3.85887e-07
4.00818e-07
4.27685e-07
4.64625e-07
5.08646e-07
5.52656e-07
5.87219e-07
6.0145e-07
5.83245e-07
5.21577e-07
4.1267e-07
2.72352e-07
1.5026e-07
8.23237e-08
4.47423e-08
2.43177e-08
1.3706e-08
8.978e-09
8.32401e-09
1.16447e-08
2.04543e-08
3.49629e-08
4.9743e-08
5.71802e-08
5.46699e-08
4.65353e-08
3.8807e-08
3.07047e-08
2.33504e-08
1.74119e-08
1.28883e-08
9.21844e-09
6.42149e-09
4.34062e-09
2.83991e-09
1.80244e-09
1.11196e-09
6.69201e-10
3.94245e-10
2.2799e-10
1.29813e-10
7.28544e-11
4.03762e-11
2.21396e-11
1.20084e-11
6.45933e-12
3.44892e-12
1.82883e-12
9.64188e-13
5.06028e-13
2.63765e-13
1.36818e-13
7.06202e-14
3.62375e-14
1.84411e-14
9.25724e-15
4.52997e-15
2.10193e-15
8.56373e-16
1.98123e-16
5.5746e-11
2.12508e-10
4.43317e-10
7.91655e-10
1.31474e-09
2.09436e-09
3.24607e-09
4.92834e-09
7.34985e-09
1.07723e-08
1.5511e-08
2.19459e-08
3.05324e-08
4.18049e-08
5.63344e-08
7.45736e-08
9.70423e-08
1.24033e-07
1.54403e-07
1.90202e-07
2.2859e-07
2.70157e-07
3.1568e-07
3.62469e-07
4.09862e-07
4.55565e-07
4.966e-07
5.30266e-07
5.53329e-07
5.65256e-07
5.65849e-07
5.56432e-07
5.38776e-07
5.15025e-07
4.87834e-07
4.59533e-07
4.32687e-07
4.0977e-07
3.93197e-07
3.85274e-07
3.88127e-07
4.03186e-07
4.30225e-07
4.67489e-07
5.1186e-07
5.56112e-07
5.90601e-07
6.0428e-07
5.8494e-07
5.21507e-07
4.10543e-07
2.68914e-07
1.4816e-07
8.11342e-08
4.40959e-08
2.40087e-08
1.35188e-08
8.98783e-09
8.54627e-09
1.21972e-08
2.16378e-08
3.66547e-08
5.13872e-08
5.82225e-08
5.4933e-08
4.64257e-08
3.85678e-08
3.0414e-08
2.30797e-08
1.7186e-08
1.27146e-08
9.10119e-09
6.34572e-09
4.29236e-09
2.81698e-09
1.79375e-09
1.11062e-09
6.70903e-10
3.96722e-10
2.30244e-10
1.3156e-10
7.40879e-11
4.12142e-11
2.2664e-11
1.23524e-11
6.66808e-12
3.56932e-12
1.89469e-12
9.98349e-13
5.22295e-13
2.72324e-13
1.4111e-13
7.27159e-14
3.72401e-14
1.89113e-14
9.47313e-15
4.62646e-15
2.14311e-15
8.72079e-16
2.01602e-16
5.5592e-11
2.11937e-10
4.42185e-10
7.89752e-10
1.31179e-09
2.08998e-09
3.23947e-09
4.91785e-09
7.33236e-09
1.0742e-08
1.54572e-08
2.18483e-08
3.03713e-08
4.15544e-08
5.59618e-08
7.40498e-08
9.63729e-08
1.23125e-07
1.53225e-07
1.88751e-07
2.26909e-07
2.68411e-07
3.13474e-07
3.61152e-07
4.08565e-07
4.54559e-07
4.96065e-07
5.30507e-07
5.54408e-07
5.67223e-07
5.68652e-07
5.59817e-07
5.42491e-07
5.19028e-07
4.91819e-07
4.63415e-07
4.36404e-07
4.13299e-07
3.96564e-07
3.88702e-07
3.91622e-07
4.06839e-07
4.34234e-07
4.72086e-07
5.17022e-07
5.61619e-07
5.95942e-07
6.08695e-07
5.8734e-07
5.20954e-07
4.06658e-07
2.6268e-07
1.44731e-07
7.91751e-08
4.29862e-08
2.34308e-08
1.32837e-08
9.0118e-09
8.85765e-09
1.2954e-08
2.32787e-08
3.88883e-08
5.34857e-08
5.95174e-08
5.52596e-08
4.63271e-08
3.83185e-08
3.01209e-08
2.28175e-08
1.69729e-08
1.25521e-08
8.98386e-09
6.27122e-09
4.24919e-09
2.79206e-09
1.78133e-09
1.10556e-09
6.69688e-10
3.97169e-10
2.31139e-10
1.32497e-10
7.48414e-11
4.17387e-11
2.30097e-11
1.25526e-11
6.78302e-12
3.63559e-12
1.93273e-12
1.02002e-12
5.34709e-13
2.78564e-13
1.44376e-13
7.44e-14
3.80886e-14
1.93299e-14
9.67517e-15
4.72118e-15
2.18528e-15
8.88696e-16
2.05369e-16
5.53352e-11
2.10954e-10
4.40114e-10
7.85995e-10
1.30539e-09
2.07942e-09
3.2224e-09
4.89072e-09
7.2898e-09
1.06762e-08
1.53574e-08
2.17022e-08
3.0159e-08
4.12505e-08
5.5537e-08
7.34757e-08
9.56184e-08
1.22246e-07
1.52227e-07
1.87509e-07
2.2549e-07
2.66839e-07
3.11742e-07
3.59603e-07
4.07311e-07
4.53719e-07
4.95774e-07
5.31e-07
5.55743e-07
5.69418e-07
5.71707e-07
5.6356e-07
5.46685e-07
5.2341e-07
4.96276e-07
4.67831e-07
4.40698e-07
4.17425e-07
4.0068e-07
3.92657e-07
3.95717e-07
4.11309e-07
4.39291e-07
4.77792e-07
5.23388e-07
5.68371e-07
6.02376e-07
6.13927e-07
5.90108e-07
5.20022e-07
4.01797e-07
2.55289e-07
1.40557e-07
7.6808e-08
4.16686e-08
2.27234e-08
1.3006e-08
9.06853e-09
9.30152e-09
1.40162e-08
2.53396e-08
4.16732e-08
5.6005e-08
6.09716e-08
5.57695e-08
4.66662e-08
3.82744e-08
2.9939e-08
2.26094e-08
1.67779e-08
1.23887e-08
8.85086e-09
6.15755e-09
4.16253e-09
2.73237e-09
1.74403e-09
1.08419e-09
6.58574e-10
3.92071e-10
2.29295e-10
1.31942e-10
7.47392e-11
4.17932e-11
2.30948e-11
1.26243e-11
6.83321e-12
3.6676e-12
1.95146e-12
1.03064e-12
5.40632e-13
2.81894e-13
1.46096e-13
7.52741e-14
3.85297e-14
1.95503e-14
9.78376e-15
4.77342e-15
2.20924e-15
8.98409e-16
2.0761e-16
5.50613e-11
2.0991e-10
4.37934e-10
7.82088e-10
1.29886e-09
2.0689e-09
3.20584e-09
4.86508e-09
7.25063e-09
1.0617e-08
1.52689e-08
2.15719e-08
2.99711e-08
4.09862e-08
5.51757e-08
7.29994e-08
9.50088e-08
1.21491e-07
1.51312e-07
1.86443e-07
2.24369e-07
2.65684e-07
3.10429e-07
3.58443e-07
4.06329e-07
4.53064e-07
4.95697e-07
5.317e-07
5.57246e-07
5.71823e-07
5.74804e-07
5.67165e-07
5.50736e-07
5.27784e-07
5.0076e-07
4.72297e-07
4.45049e-07
4.21723e-07
4.04795e-07
3.96879e-07
4.00047e-07
4.15968e-07
4.44553e-07
4.83764e-07
5.30029e-07
5.75347e-07
6.08913e-07
6.18963e-07
5.92384e-07
5.18269e-07
3.95636e-07
2.4731e-07
1.3605e-07
7.42658e-08
4.02634e-08
2.19982e-08
1.27271e-08
9.11488e-09
9.71448e-09
1.50131e-08
2.71991e-08
4.40909e-08
5.81317e-08
6.22045e-08
5.62454e-08
4.718e-08
3.83277e-08
2.98052e-08
2.24196e-08
1.65876e-08
1.22252e-08
8.70822e-09
6.05176e-09
4.08878e-09
2.68429e-09
1.71465e-09
1.06711e-09
6.49058e-10
3.86922e-10
2.26539e-10
1.3064e-10
7.423e-11
4.16101e-11
2.3039e-11
1.2612e-11
6.8366e-12
3.67469e-12
1.95741e-12
1.0347e-12
5.43145e-13
2.83371e-13
1.46905e-13
7.57011e-14
3.87488e-14
1.96603e-14
9.83781e-15
4.79931e-15
2.22105e-15
9.03173e-16
2.08706e-16
5.47662e-11
2.08782e-10
4.35569e-10
7.77834e-10
1.29173e-09
2.0574e-09
3.18781e-09
4.83737e-09
7.20875e-09
1.05546e-08
1.51773e-08
2.14397e-08
2.97848e-08
4.07311e-08
5.48373e-08
7.25683e-08
9.44796e-08
1.2087e-07
1.50619e-07
1.85612e-07
2.23496e-07
2.64804e-07
3.09391e-07
3.57509e-07
4.05546e-07
4.52659e-07
4.9582e-07
5.32536e-07
5.58866e-07
5.74183e-07
5.778e-07
5.70678e-07
5.54626e-07
5.3193e-07
5.05026e-07
4.76588e-07
4.49334e-07
4.25874e-07
4.08908e-07
4.00939e-07
4.04314e-07
4.20697e-07
4.49785e-07
4.89622e-07
5.36469e-07
5.8204e-07
6.1513e-07
6.2368e-07
5.94168e-07
5.16002e-07
3.89263e-07
2.39333e-07
1.31503e-07
7.16949e-08
3.88432e-08
2.12356e-08
1.24332e-08
9.17735e-09
1.01858e-08
1.61223e-08
2.91485e-08
4.64832e-08
5.99992e-08
6.31517e-08
5.65388e-08
4.74823e-08
3.83466e-08
2.9518e-08
2.2166e-08
1.63778e-08
1.20399e-08
8.56388e-09
5.9453e-09
4.01404e-09
2.63419e-09
1.68277e-09
1.04764e-09
6.37652e-10
3.80486e-10
2.23039e-10
1.28674e-10
7.31791e-11
4.10806e-11
2.27903e-11
1.25085e-11
6.79352e-12
3.65736e-12
1.95043e-12
1.03197e-12
5.42109e-13
2.83012e-13
1.46777e-13
7.56499e-14
3.87295e-14
1.96532e-14
9.8352e-15
4.79836e-15
2.22072e-15
9.03076e-16
2.0869e-16
5.44739e-11
2.07667e-10
4.33235e-10
7.73645e-10
1.28473e-09
2.0462e-09
3.17035e-09
4.81076e-09
7.16892e-09
1.04959e-08
1.50919e-08
2.13177e-08
2.96145e-08
4.05003e-08
5.45337e-08
7.21844e-08
9.40105e-08
1.20319e-07
1.49995e-07
1.84844e-07
2.22692e-07
2.64047e-07
3.0852e-07
3.56723e-07
4.04981e-07
4.52433e-07
4.96061e-07
5.3338e-07
5.60368e-07
5.76328e-07
5.80492e-07
5.73849e-07
5.58135e-07
5.35654e-07
5.08829e-07
4.80354e-07
4.53066e-07
4.29521e-07
4.12474e-07
4.04575e-07
4.08241e-07
4.25015e-07
4.54637e-07
4.95083e-07
5.42444e-07
5.88156e-07
6.20623e-07
6.27682e-07
5.95209e-07
5.13275e-07
3.82599e-07
2.30637e-07
1.26679e-07
6.90394e-08
3.74237e-08
2.04256e-08
1.21255e-08
9.22162e-09
1.06191e-08
1.7175e-08
3.07113e-08
4.84336e-08
6.16225e-08
6.39062e-08
5.66934e-08
4.75825e-08
3.82234e-08
2.93028e-08
2.19564e-08
1.61922e-08
1.1889e-08
8.44339e-09
5.85417e-09
3.94777e-09
2.58854e-09
1.65304e-09
1.02912e-09
6.26592e-10
3.7411e-10
2.1949e-10
1.26737e-10
7.2143e-11
4.05337e-11
2.25023e-11
1.23547e-11
6.71427e-12
3.61761e-12
1.93079e-12
1.02241e-12
5.37517e-13
2.80846e-13
1.45766e-13
7.51934e-14
3.85184e-14
1.95538e-14
9.78811e-15
4.77622e-15
2.21072e-15
8.99066e-16
2.07772e-16
5.41951e-11
2.06603e-10
4.3101e-10
7.69659e-10
1.27809e-09
2.03558e-09
3.15386e-09
4.78573e-09
7.13165e-09
1.04413e-08
1.50131e-08
2.1206e-08
2.94601e-08
4.02926e-08
5.42631e-08
7.18455e-08
9.36003e-08
1.19843e-07
1.49461e-07
1.84176e-07
2.22032e-07
2.63382e-07
3.07842e-07
3.56192e-07
4.04643e-07
4.52378e-07
4.96418e-07
5.34284e-07
5.61794e-07
5.78258e-07
5.82918e-07
5.76678e-07
5.6127e-07
5.38959e-07
5.12199e-07
4.8378e-07
4.56397e-07
4.32769e-07
4.15669e-07
4.07818e-07
4.11553e-07
4.2858e-07
4.58588e-07
4.99509e-07
5.47292e-07
5.9314e-07
6.25121e-07
6.30802e-07
5.95939e-07
5.10806e-07
3.77273e-07
2.21985e-07
1.21982e-07
6.65132e-08
3.61423e-08
1.96493e-08
1.18313e-08
9.26553e-09
1.10306e-08
1.81406e-08
3.2339e-08
5.03282e-08
6.29646e-08
6.4415e-08
5.66666e-08
4.75096e-08
3.79961e-08
2.90044e-08
2.17092e-08
1.59969e-08
1.17381e-08
8.32783e-09
5.76461e-09
3.88176e-09
2.54272e-09
1.62302e-09
1.01029e-09
6.15235e-10
3.67488e-10
2.15749e-10
1.24664e-10
7.10174e-11
3.9933e-11
2.21866e-11
1.21909e-11
6.63096e-12
3.57262e-12
1.90818e-12
1.0111e-12
5.31866e-13
2.78044e-13
1.44361e-13
7.44835e-14
3.81638e-14
1.93787e-14
9.70275e-15
4.73561e-15
2.19234e-15
8.91722e-16
2.06095e-16
5.39396e-11
2.05629e-10
4.28975e-10
7.66019e-10
1.27203e-09
2.02593e-09
3.13893e-09
4.76317e-09
7.09823e-09
1.03926e-08
1.49432e-08
2.11075e-08
2.93247e-08
4.01119e-08
5.40291e-08
7.15549e-08
9.32532e-08
1.19449e-07
1.49043e-07
1.83652e-07
2.2148e-07
2.62869e-07
3.0736e-07
3.55805e-07
4.04413e-07
4.52408e-07
4.968e-07
5.35108e-07
5.63069e-07
5.80013e-07
5.85138e-07
5.7924e-07
5.64032e-07
5.41839e-07
5.15181e-07
4.86707e-07
4.59244e-07
4.35538e-07
4.18423e-07
4.10686e-07
4.14664e-07
4.32025e-07
4.62432e-07
5.03777e-07
5.5185e-07
5.97569e-07
6.28858e-07
6.33067e-07
5.95935e-07
5.07662e-07
3.71098e-07
2.15465e-07
1.1827e-07
6.44255e-08
3.49769e-08
1.91135e-08
1.16257e-08
9.33164e-09
1.14159e-08
1.90215e-08
3.37808e-08
5.18632e-08
6.39955e-08
6.46344e-08
5.64385e-08
4.72527e-08
3.76471e-08
2.8668e-08
2.14245e-08
1.5759e-08
1.15492e-08
8.18769e-09
5.66389e-09
3.8123e-09
2.49658e-09
1.59363e-09
9.92163e-10
6.044e-10
3.61181e-10
2.12167e-10
1.22666e-10
6.99213e-11
3.93408e-11
2.18707e-11
1.20244e-11
6.54474e-12
3.52792e-12
1.88519e-12
9.9934e-13
5.25881e-13
2.75028e-13
1.42835e-13
7.37133e-14
3.77766e-14
1.91853e-14
9.60727e-15
4.68956e-15
2.17122e-15
8.83191e-16
2.04129e-16
5.37116e-11
2.04759e-10
4.27162e-10
7.62778e-10
1.26665e-09
2.01737e-09
3.12571e-09
4.74326e-09
7.06884e-09
1.035e-08
1.48824e-08
2.10224e-08
2.92083e-08
3.99568e-08
5.38284e-08
7.13052e-08
9.2952e-08
1.19101e-07
1.48653e-07
1.83158e-07
2.21001e-07
2.62405e-07
3.06958e-07
3.55535e-07
4.04297e-07
4.52515e-07
4.97211e-07
5.35889e-07
5.64251e-07
5.81612e-07
5.87042e-07
5.81395e-07
5.66384e-07
5.44335e-07
5.17677e-07
4.89159e-07
4.61637e-07
4.37875e-07
4.20787e-07
4.13102e-07
4.17245e-07
4.34881e-07
4.65625e-07
5.07325e-07
5.55583e-07
6.01183e-07
6.31819e-07
6.34547e-07
5.95193e-07
5.03967e-07
3.64454e-07
2.09501e-07
1.1494e-07
6.25836e-08
3.40064e-08
1.85908e-08
1.14309e-08
9.3855e-09
1.17516e-08
1.97986e-08
3.50816e-08
5.32686e-08
6.48957e-08
6.4809e-08
5.60527e-08
4.69009e-08
3.72758e-08
2.83517e-08
2.11718e-08
1.55727e-08
1.14015e-08
8.07433e-09
5.58105e-09
3.75439e-09
2.4576e-09
1.56848e-09
9.76427e-10
5.9486e-10
3.55539e-10
2.08917e-10
1.20828e-10
6.89e-11
3.87819e-11
2.1569e-11
1.18634e-11
6.46044e-12
3.48383e-12
1.86231e-12
9.8755e-13
5.19839e-13
2.71939e-13
1.41264e-13
7.29176e-14
3.73757e-14
1.89846e-14
9.50803e-15
4.64159e-15
2.14917e-15
8.74268e-16
2.02073e-16
5.35127e-11
2.04001e-10
4.25581e-10
7.59956e-10
1.26197e-09
2.00993e-09
3.11426e-09
4.72604e-09
7.04353e-09
1.03135e-08
1.48308e-08
2.09509e-08
2.91116e-08
3.98298e-08
5.36628e-08
7.11036e-08
9.27191e-08
1.18846e-07
1.48376e-07
1.82804e-07
2.20653e-07
2.6208e-07
3.06688e-07
3.55355e-07
4.04253e-07
4.52665e-07
4.97615e-07
5.36616e-07
5.65312e-07
5.82976e-07
5.8868e-07
5.83251e-07
5.68404e-07
5.46394e-07
5.19726e-07
4.91161e-07
4.63568e-07
4.3976e-07
4.22679e-07
4.15055e-07
4.19335e-07
4.37195e-07
4.68212e-07
5.10211e-07
5.5865e-07
6.04136e-07
6.34097e-07
6.3551e-07
5.94239e-07
5.00596e-07
3.59082e-07
2.03995e-07
1.11906e-07
6.09177e-08
3.31005e-08
1.81432e-08
1.12674e-08
9.44613e-09
1.20716e-08
2.05153e-08
3.62146e-08
5.44513e-08
6.56484e-08
6.49062e-08
5.58353e-08
4.6627e-08
3.69676e-08
2.80725e-08
2.09441e-08
1.54126e-08
1.12814e-08
7.98221e-09
5.51301e-09
3.70638e-09
2.42491e-09
1.54713e-09
9.62917e-10
5.86587e-10
3.50562e-10
2.06024e-10
1.19177e-10
6.79739e-11
3.82706e-11
2.12905e-11
1.17136e-11
6.38103e-12
3.442e-12
1.84047e-12
9.76239e-13
5.14041e-13
2.68871e-13
1.39706e-13
7.21294e-14
3.69789e-14
1.87861e-14
9.40984e-15
4.59413e-15
2.12735e-15
8.65431e-16
2.00036e-16
5.33424e-11
2.03353e-10
4.24228e-10
7.57544e-10
1.25797e-09
2.0036e-09
3.10452e-09
4.71145e-09
7.02215e-09
1.02828e-08
1.47876e-08
2.08914e-08
2.90319e-08
3.97261e-08
5.35279e-08
7.09424e-08
9.25316e-08
1.18631e-07
1.48139e-07
1.82514e-07
2.20364e-07
2.6183e-07
3.06497e-07
3.55254e-07
4.04268e-07
4.52843e-07
4.98006e-07
5.37261e-07
5.66213e-07
5.84122e-07
5.90048e-07
5.84775e-07
5.70015e-07
5.48062e-07
5.2139e-07
4.92788e-07
4.65141e-07
4.41322e-07
4.24223e-07
4.16629e-07
4.20994e-07
4.38978e-07
4.70109e-07
5.12826e-07
5.61273e-07
6.06524e-07
6.35865e-07
6.3615e-07
5.93224e-07
4.97563e-07
3.54387e-07
1.99641e-07
1.0942e-07
5.9527e-08
3.23526e-08
1.77835e-08
1.11423e-08
9.51077e-09
1.23676e-08
2.11763e-08
3.72637e-08
5.55501e-08
6.63327e-08
6.50113e-08
5.56812e-08
4.64171e-08
3.67242e-08
2.78534e-08
2.07623e-08
1.5294e-08
1.11904e-08
7.915e-09
5.46019e-09
3.66757e-09
2.3978e-09
1.52911e-09
9.51358e-10
5.79423e-10
3.46237e-10
2.03485e-10
1.17715e-10
6.71477e-11
3.78109e-11
2.10384e-11
1.15771e-11
6.30814e-12
3.40339e-12
1.82021e-12
9.65693e-13
5.08607e-13
2.6603e-13
1.38255e-13
7.13926e-14
3.66065e-14
1.85993e-14
9.31724e-15
4.54929e-15
2.10671e-15
8.57064e-16
1.98107e-16
5.31987e-11
2.02806e-10
4.23089e-10
7.55514e-10
1.25461e-09
1.99828e-09
3.09636e-09
4.69924e-09
7.0043e-09
1.02573e-08
1.47518e-08
2.08424e-08
2.89667e-08
3.96424e-08
5.34216e-08
7.08164e-08
9.23818e-08
1.18464e-07
1.47963e-07
1.82293e-07
2.20157e-07
2.61656e-07
3.06369e-07
3.55205e-07
4.04325e-07
4.53046e-07
4.98395e-07
5.3787e-07
5.67026e-07
5.8512e-07
5.91203e-07
5.86043e-07
5.71353e-07
5.49427e-07
5.22751e-07
4.94113e-07
4.66448e-07
4.42591e-07
4.25479e-07
4.17914e-07
4.2236e-07
4.40475e-07
4.71774e-07
5.14669e-07
5.6313e-07
6.08151e-07
6.36924e-07
6.36234e-07
5.9198e-07
4.94989e-07
3.51272e-07
1.94726e-07
1.06842e-07
5.81754e-08
3.16447e-08
1.74493e-08
1.10255e-08
9.56222e-09
1.26149e-08
2.17205e-08
3.81124e-08
5.64005e-08
6.6861e-08
6.5092e-08
5.55609e-08
4.62461e-08
3.65232e-08
2.7672e-08
2.0609e-08
1.51926e-08
1.11058e-08
7.84892e-09
5.4119e-09
3.63319e-09
2.37416e-09
1.5135e-09
9.41348e-10
5.73208e-10
3.42481e-10
2.0127e-10
1.16434e-10
6.64202e-11
3.74043e-11
2.08144e-11
1.14553e-11
6.24277e-12
3.36862e-12
1.80189e-12
9.56118e-13
5.03649e-13
2.63472e-13
1.36944e-13
7.07242e-14
3.62678e-14
1.8429e-14
9.23265e-15
4.50826e-15
2.0878e-15
8.49391e-16
1.96336e-16
5.30794e-11
2.02351e-10
4.22142e-10
7.53827e-10
1.25182e-09
1.99386e-09
3.08959e-09
4.6891e-09
6.98946e-09
1.0236e-08
1.47218e-08
2.08011e-08
2.89113e-08
3.95703e-08
5.33279e-08
7.06988e-08
9.22458e-08
1.18316e-07
1.47816e-07
1.82112e-07
2.19997e-07
2.61524e-07
3.0628e-07
3.55185e-07
4.04391e-07
4.53232e-07
4.98728e-07
5.3838e-07
5.67708e-07
5.85963e-07
5.92176e-07
5.87092e-07
5.72445e-07
5.5052e-07
5.23833e-07
4.95173e-07
4.67474e-07
4.4359e-07
4.26474e-07
4.18943e-07
4.2347e-07
4.41721e-07
4.73185e-07
5.16222e-07
5.64707e-07
6.09536e-07
6.37809e-07
6.3624e-07
5.90741e-07
4.92309e-07
3.47438e-07
1.92383e-07
1.05454e-07
5.73715e-08
3.12051e-08
1.72383e-08
1.09585e-08
9.61671e-09
1.28212e-08
2.21661e-08
3.87902e-08
5.70787e-08
6.72785e-08
6.5154e-08
5.54654e-08
4.6106e-08
3.63641e-08
2.75285e-08
2.04887e-08
1.51131e-08
1.10411e-08
7.79803e-09
5.37333e-09
3.60507e-09
2.35451e-09
1.50039e-09
9.32883e-10
5.67923e-10
3.39272e-10
1.9937e-10
1.15331e-10
6.57908e-11
3.70511e-11
2.06191e-11
1.13487e-11
6.18538e-12
3.338e-12
1.78571e-12
9.47643e-13
4.9925e-13
2.61201e-13
1.35778e-13
7.01294e-14
3.59661e-14
1.82771e-14
9.1572e-15
4.47164e-15
2.07091e-15
8.42536e-16
1.94753e-16
5.29823e-11
2.01981e-10
4.21372e-10
7.52456e-10
1.24955e-09
1.99028e-09
3.08409e-09
4.68087e-09
6.97742e-09
1.02187e-08
1.46974e-08
2.07674e-08
2.8866e-08
3.9511e-08
5.32499e-08
7.06084e-08
9.21457e-08
1.1821e-07
1.47707e-07
1.81977e-07
2.19872e-07
2.61425e-07
3.0622e-07
3.55184e-07
4.04464e-07
4.53401e-07
4.99017e-07
5.38806e-07
5.68274e-07
5.86653e-07
5.9297e-07
5.87964e-07
5.73353e-07
5.51429e-07
5.24711e-07
4.96011e-07
4.68273e-07
4.44366e-07
4.27254e-07
4.19761e-07
4.24368e-07
4.42722e-07
4.74295e-07
5.17421e-07
5.65912e-07
6.10583e-07
6.38451e-07
6.36162e-07
5.89623e-07
4.89984e-07
3.44204e-07
1.90801e-07
1.04523e-07
5.68352e-08
3.09061e-08
1.70966e-08
1.09211e-08
9.67578e-09
1.30111e-08
2.25632e-08
3.93918e-08
5.76711e-08
6.76197e-08
6.51878e-08
5.53749e-08
4.59836e-08
3.62317e-08
2.741e-08
2.03906e-08
1.5048e-08
1.0989e-08
7.75654e-09
5.34151e-09
3.58173e-09
2.33814e-09
1.48943e-09
9.25784e-10
5.63478e-10
3.36564e-10
1.97763e-10
1.14395e-10
6.52555e-11
3.67499e-11
2.04521e-11
1.12574e-11
6.13608e-12
3.31164e-12
1.77176e-12
9.40321e-13
4.95443e-13
2.59233e-13
1.34767e-13
6.96129e-14
3.57039e-14
1.81451e-14
9.09156e-15
4.43978e-15
2.05621e-15
8.36568e-16
1.93375e-16
5.29055e-11
2.01689e-10
4.20763e-10
7.51372e-10
1.24776e-09
1.98745e-09
3.07976e-09
4.67441e-09
6.96798e-09
1.02052e-08
1.46784e-08
2.07413e-08
2.88313e-08
3.94668e-08
5.31931e-08
7.05418e-08
9.20688e-08
1.18126e-07
1.47621e-07
1.8187e-07
2.19781e-07
2.61358e-07
3.06186e-07
3.55197e-07
4.04537e-07
4.53551e-07
4.99263e-07
5.39165e-07
5.6874e-07
5.87215e-07
5.93607e-07
5.88654e-07
5.74063e-07
5.52144e-07
5.25412e-07
4.96697e-07
4.68935e-07
4.45013e-07
4.27902e-07
4.20437e-07
4.25102e-07
4.43543e-07
4.75215e-07
5.18421e-07
5.66927e-07
6.11487e-07
6.3905e-07
6.36206e-07
5.88848e-07
4.88236e-07
3.41807e-07
1.89288e-07
1.03684e-07
5.63724e-08
3.06578e-08
1.69841e-08
1.08966e-08
9.73332e-09
1.31822e-08
2.29205e-08
3.99294e-08
5.81946e-08
6.79225e-08
6.52201e-08
5.52968e-08
4.58766e-08
3.61177e-08
2.73106e-08
2.03075e-08
1.49936e-08
1.09447e-08
7.7216e-09
5.31492e-09
3.56232e-09
2.3246e-09
1.4804e-09
9.19943e-10
5.59817e-10
3.34331e-10
1.96433e-10
1.13618e-10
6.48107e-11
3.64992e-11
2.03129e-11
1.11811e-11
6.09483e-12
3.28956e-12
1.76005e-12
9.34171e-13
4.92243e-13
2.57577e-13
1.33916e-13
6.91778e-14
3.5483e-14
1.80338e-14
9.03621e-15
4.4129e-15
2.04381e-15
8.31534e-16
1.92212e-16
5.2847e-11
2.01466e-10
4.203e-10
7.50549e-10
1.24641e-09
1.98531e-09
3.07649e-09
4.66956e-09
6.96096e-09
1.01952e-08
1.46646e-08
2.07227e-08
2.88068e-08
3.94352e-08
5.31514e-08
7.04912e-08
9.20102e-08
1.18064e-07
1.47559e-07
1.81792e-07
2.19715e-07
2.61311e-07
3.06167e-07
3.55218e-07
4.04607e-07
4.53686e-07
4.99474e-07
5.39461e-07
5.69118e-07
5.87665e-07
5.94114e-07
5.89193e-07
5.74615e-07
5.52696e-07
5.25955e-07
4.97218e-07
4.69435e-07
4.455e-07
4.28392e-07
4.2095e-07
4.25662e-07
4.4417e-07
4.75919e-07
5.19192e-07
5.67707e-07
6.12164e-07
6.39463e-07
6.36159e-07
5.8818e-07
4.86948e-07
3.40241e-07
1.88107e-07
1.03021e-07
5.60017e-08
3.04572e-08
1.69014e-08
1.08842e-08
9.7839e-09
1.33216e-08
2.32076e-08
4.03645e-08
5.86283e-08
6.81851e-08
6.52611e-08
5.52409e-08
4.57921e-08
3.6027e-08
2.72311e-08
2.02411e-08
1.49501e-08
1.09094e-08
7.69427e-09
5.2943e-09
3.54728e-09
2.31406e-09
1.47334e-09
9.15347e-10
5.5692e-10
3.32555e-10
1.95372e-10
1.12997e-10
6.44541e-11
3.62979e-11
2.02009e-11
1.11197e-11
6.06159e-12
3.27175e-12
1.75061e-12
9.2921e-13
4.8966e-13
2.5624e-13
1.33229e-13
6.88266e-14
3.53046e-14
1.7944e-14
8.99151e-15
4.39119e-15
2.0338e-15
8.27466e-16
1.91273e-16
5.28054e-11
2.01308e-10
4.19972e-10
7.49967e-10
1.24545e-09
1.98381e-09
3.07422e-09
4.66621e-09
6.95612e-09
1.01883e-08
1.46548e-08
2.0709e-08
2.87881e-08
3.94107e-08
5.31195e-08
7.04545e-08
9.19695e-08
1.18021e-07
1.47517e-07
1.8174e-07
2.19672e-07
2.61282e-07
3.06159e-07
3.55239e-07
4.04663e-07
4.53787e-07
4.99629e-07
5.39676e-07
5.69391e-07
5.8799e-07
5.94479e-07
5.89586e-07
5.75025e-07
5.53098e-07
5.26345e-07
4.97592e-07
4.69794e-07
4.45849e-07
4.28743e-07
4.21319e-07
4.26068e-07
4.44631e-07
4.76441e-07
5.1977e-07
5.68309e-07
6.1272e-07
6.39856e-07
6.36226e-07
5.8774e-07
4.85897e-07
3.38802e-07
1.87231e-07
1.02517e-07
5.56917e-08
3.02228e-08
1.6934e-08
1.09125e-08
9.83641e-09
1.34314e-08
2.34242e-08
4.06951e-08
5.89696e-08
6.84046e-08
6.53093e-08
5.52074e-08
4.57311e-08
3.59599e-08
2.71721e-08
2.01923e-08
1.49181e-08
1.08836e-08
7.67404e-09
5.27886e-09
3.53598e-09
2.30617e-09
1.46806e-09
9.1193e-10
5.54789e-10
3.31261e-10
1.94603e-10
1.12548e-10
6.41961e-11
3.61519e-11
2.01195e-11
1.10749e-11
6.03726e-12
3.25866e-12
1.74363e-12
9.25523e-13
4.8773e-13
2.55237e-13
1.32711e-13
6.85616e-14
3.51699e-14
1.78761e-14
8.95774e-15
4.37479e-15
2.02623e-15
8.24394e-16
1.90563e-16
5.27787e-11
2.01206e-10
4.1976e-10
7.49592e-10
1.24483e-09
1.98283e-09
3.07272e-09
4.66394e-09
6.95276e-09
1.01834e-08
1.4648e-08
2.06996e-08
2.87757e-08
3.9395e-08
5.30991e-08
7.04305e-08
9.1943e-08
1.17993e-07
1.47491e-07
1.81709e-07
2.19646e-07
2.61267e-07
3.06157e-07
3.55256e-07
4.04703e-07
4.53856e-07
4.99734e-07
5.3982e-07
5.6957e-07
5.88202e-07
5.94717e-07
5.8984e-07
5.75286e-07
5.53356e-07
5.26595e-07
4.97831e-07
4.70023e-07
4.46072e-07
4.28967e-07
4.21553e-07
4.26325e-07
4.44921e-07
4.76769e-07
5.2013e-07
5.68679e-07
6.13051e-07
6.40074e-07
6.36239e-07
5.87457e-07
4.85287e-07
3.38013e-07
1.86691e-07
1.02206e-07
5.55132e-08
3.01246e-08
1.68913e-08
1.09046e-08
9.85945e-09
1.34965e-08
2.3557e-08
4.08948e-08
5.91717e-08
6.85341e-08
6.53363e-08
5.51849e-08
4.56907e-08
3.59155e-08
2.7133e-08
2.016e-08
1.48971e-08
1.08665e-08
7.66068e-09
5.26871e-09
3.52852e-09
2.30087e-09
1.4645e-09
9.09633e-10
5.5335e-10
3.30382e-10
1.94081e-10
1.12244e-10
6.40224e-11
3.60543e-11
2.00654e-11
1.10453e-11
6.02126e-12
3.25009e-12
1.73909e-12
9.23136e-13
4.86485e-13
2.54591e-13
1.32377e-13
6.83895e-14
3.50819e-14
1.78315e-14
8.93543e-15
4.36392e-15
2.0212e-15
8.22347e-16
1.9009e-16
5.27653e-11
2.01156e-10
4.19654e-10
7.49403e-10
1.24452e-09
1.98234e-09
3.07196e-09
4.66282e-09
6.95113e-09
1.01811e-08
1.46447e-08
2.06951e-08
2.87698e-08
3.93874e-08
5.30893e-08
7.04191e-08
9.19303e-08
1.17981e-07
1.47479e-07
1.81694e-07
2.19635e-07
2.6126e-07
3.06157e-07
3.55266e-07
4.04725e-07
4.53893e-07
4.99788e-07
5.39895e-07
5.69662e-07
5.8831e-07
5.94836e-07
5.89963e-07
5.75404e-07
5.53479e-07
5.26716e-07
4.97947e-07
4.70134e-07
4.4618e-07
4.29074e-07
4.21664e-07
4.26444e-07
4.4505e-07
4.76908e-07
5.20272e-07
5.68805e-07
6.13135e-07
6.40082e-07
6.36149e-07
5.87289e-07
4.85133e-07
3.37978e-07
1.86444e-07
1.02038e-07
5.54239e-08
3.01061e-08
1.6811e-08
1.08743e-08
9.86163e-09
1.35319e-08
2.36419e-08
4.10301e-08
5.93055e-08
6.86071e-08
6.53412e-08
5.51645e-08
4.56648e-08
3.58905e-08
2.71124e-08
2.01435e-08
1.48864e-08
1.08582e-08
7.65419e-09
5.26379e-09
3.52488e-09
2.29824e-09
1.46266e-09
9.08391e-10
5.52552e-10
3.29889e-10
1.93786e-10
1.12072e-10
6.3924e-11
3.5999e-11
2.00348e-11
1.10286e-11
6.0123e-12
3.24532e-12
1.73657e-12
9.21821e-13
4.85804e-13
2.54241e-13
1.32198e-13
6.82989e-14
3.50362e-14
1.78085e-14
8.92407e-15
4.35841e-15
2.01866e-15
8.21317e-16
1.89852e-16
5.27651e-11
2.01155e-10
4.19653e-10
7.494e-10
1.24452e-09
1.98233e-09
3.07195e-09
4.6628e-09
6.9511e-09
1.01811e-08
1.46446e-08
2.06951e-08
2.87697e-08
3.93873e-08
5.30892e-08
7.04191e-08
9.19303e-08
1.17981e-07
1.47479e-07
1.81694e-07
2.19635e-07
2.61261e-07
3.06159e-07
3.55268e-07
4.04727e-07
4.53895e-07
4.9979e-07
5.39896e-07
5.69663e-07
5.8831e-07
5.94835e-07
5.89962e-07
5.75402e-07
5.53477e-07
5.26714e-07
4.97946e-07
4.70133e-07
4.4618e-07
4.29075e-07
4.21666e-07
4.26445e-07
4.45051e-07
4.76909e-07
5.20274e-07
5.68812e-07
6.13154e-07
6.40124e-07
6.36231e-07
5.87432e-07
4.85394e-07
3.38616e-07
1.85435e-07
1.01624e-07
5.52689e-08
3.00797e-08
1.67264e-08
1.08355e-08
9.84424e-09
1.3524e-08
2.36347e-08
4.10116e-08
5.92728e-08
6.85731e-08
6.5317e-08
5.51509e-08
4.56571e-08
3.5886e-08
2.71099e-08
2.01422e-08
1.48858e-08
1.08579e-08
7.6541e-09
5.26376e-09
3.52484e-09
2.29818e-09
1.4626e-09
9.08338e-10
5.5251e-10
3.2986e-10
1.93767e-10
1.12061e-10
6.39173e-11
3.59952e-11
2.00327e-11
1.10275e-11
6.0117e-12
3.24501e-12
1.73641e-12
9.21743e-13
4.85767e-13
2.54223e-13
1.3219e-13
6.82951e-14
3.50345e-14
1.78078e-14
8.92374e-15
4.35827e-15
2.0186e-15
8.21296e-16
1.89847e-16
5.27782e-11
2.01205e-10
4.19756e-10
7.49583e-10
1.24482e-09
1.9828e-09
3.07267e-09
4.66387e-09
6.95265e-09
1.01833e-08
1.46478e-08
2.06993e-08
2.87754e-08
3.93946e-08
5.30987e-08
7.04302e-08
9.19429e-08
1.17994e-07
1.47491e-07
1.8171e-07
2.19648e-07
2.61269e-07
3.0616e-07
3.5526e-07
4.04708e-07
4.53861e-07
4.99739e-07
5.39826e-07
5.69575e-07
5.88204e-07
5.94716e-07
5.89835e-07
5.75274e-07
5.53348e-07
5.26589e-07
4.97827e-07
4.7002e-07
4.4607e-07
4.28965e-07
4.2155e-07
4.26319e-07
4.44909e-07
4.76748e-07
5.20094e-07
5.68621e-07
6.12965e-07
6.3996e-07
6.36108e-07
5.87337e-07
4.85218e-07
3.38007e-07
1.86576e-07
1.02112e-07
5.54829e-08
3.01748e-08
1.676e-08
1.08416e-08
9.83222e-09
1.349e-08
2.35657e-08
4.09078e-08
5.91687e-08
6.85087e-08
6.53052e-08
5.51624e-08
4.56759e-08
3.59062e-08
2.71275e-08
2.0157e-08
1.48954e-08
1.08658e-08
7.66039e-09
5.26859e-09
3.52844e-09
2.30074e-09
1.46431e-09
9.09449e-10
5.53208e-10
3.30285e-10
1.9402e-10
1.12208e-10
6.40013e-11
3.60425e-11
2.0059e-11
1.10419e-11
6.01949e-12
3.24919e-12
1.73863e-12
9.22912e-13
4.86377e-13
2.5454e-13
1.32354e-13
6.83791e-14
3.50773e-14
1.78295e-14
8.93456e-15
4.36355e-15
2.02105e-15
8.2229e-16
1.90077e-16
5.28053e-11
2.01308e-10
4.19971e-10
7.49964e-10
1.24544e-09
1.98379e-09
3.07418e-09
4.66611e-09
6.95592e-09
1.0188e-08
1.46543e-08
2.07083e-08
2.87873e-08
3.941e-08
5.31189e-08
7.04541e-08
9.19695e-08
1.18022e-07
1.47518e-07
1.81742e-07
2.19674e-07
2.61286e-07
3.06164e-07
3.55244e-07
4.04669e-07
4.53793e-07
4.99635e-07
5.39682e-07
5.69394e-07
5.87991e-07
5.94476e-07
5.89579e-07
5.75011e-07
5.53086e-07
5.26335e-07
4.97583e-07
4.69786e-07
4.45842e-07
4.28737e-07
4.21311e-07
4.26055e-07
4.44611e-07
4.76411e-07
5.19726e-07
5.68245e-07
6.12634e-07
6.39753e-07
6.36132e-07
5.87713e-07
4.86037e-07
3.39259e-07
1.8663e-07
1.02212e-07
5.55666e-08
3.02298e-08
1.67869e-08
1.08445e-08
9.80794e-09
1.34241e-08
2.34301e-08
4.07026e-08
5.89616e-08
6.83795e-08
6.52797e-08
5.51843e-08
4.57142e-08
3.59484e-08
2.71649e-08
2.01879e-08
1.49155e-08
1.08822e-08
7.67341e-09
5.27871e-09
3.53584e-09
2.30595e-09
1.46787e-09
9.11782e-10
5.54678e-10
3.31184e-10
1.94555e-10
1.1252e-10
6.41803e-11
3.61434e-11
2.0115e-11
1.10726e-11
6.03609e-12
3.25808e-12
1.74335e-12
9.2539e-13
4.87668e-13
2.55208e-13
1.32697e-13
6.85548e-14
3.51666e-14
1.78744e-14
8.95693e-15
4.37441e-15
2.02606e-15
8.24325e-16
1.90547e-16
5.28474e-11
2.01468e-10
4.20304e-10
7.50557e-10
1.24642e-09
1.98533e-09
3.07653e-09
4.66961e-09
6.96101e-09
1.01952e-08
1.46645e-08
2.07223e-08
2.8806e-08
3.94339e-08
5.31499e-08
7.04903e-08
9.20104e-08
1.18065e-07
1.4756e-07
1.81794e-07
2.19718e-07
2.61315e-07
3.06172e-07
3.55224e-07
4.04614e-07
4.53693e-07
4.99481e-07
5.39466e-07
5.6912e-07
5.87664e-07
5.94108e-07
5.89184e-07
5.74603e-07
5.52683e-07
5.25942e-07
4.97205e-07
4.69422e-07
4.45486e-07
4.28377e-07
4.20931e-07
4.25638e-07
4.44138e-07
4.7588e-07
5.19145e-07
5.67657e-07
6.12122e-07
6.39445e-07
6.36195e-07
5.88323e-07
4.87294e-07
3.41042e-07
1.87001e-07
1.02492e-07
5.57488e-08
3.03368e-08
1.68464e-08
1.08611e-08
9.78003e-09
1.33348e-08
2.32443e-08
4.04287e-08
5.8698e-08
6.82208e-08
6.52552e-08
5.52186e-08
4.57697e-08
3.6011e-08
2.72215e-08
2.0236e-08
1.4947e-08
1.09079e-08
7.69366e-09
5.29378e-09
3.54687e-09
2.31381e-09
1.47318e-09
9.15249e-10
5.56863e-10
3.32523e-10
1.95354e-10
1.12988e-10
6.44487e-11
3.6295e-11
2.01993e-11
1.11188e-11
6.06113e-12
3.2715e-12
1.75047e-12
9.29133e-13
4.89617e-13
2.56217e-13
1.33216e-13
6.88199e-14
3.53011e-14
1.79422e-14
8.99063e-15
4.39077e-15
2.0336e-15
8.27388e-16
1.91255e-16
5.29059e-11
2.01691e-10
4.20767e-10
7.5138e-10
1.24778e-09
1.98747e-09
3.0798e-09
4.67449e-09
6.96812e-09
1.02054e-08
1.46788e-08
2.07419e-08
2.8832e-08
3.94674e-08
5.31933e-08
7.05413e-08
9.20681e-08
1.18126e-07
1.47621e-07
1.8187e-07
2.19783e-07
2.61361e-07
3.06191e-07
3.55204e-07
4.04545e-07
4.5356e-07
4.99272e-07
5.39174e-07
5.68747e-07
5.87217e-07
5.93608e-07
5.88649e-07
5.74051e-07
5.52129e-07
5.25398e-07
4.96678e-07
4.68915e-07
4.44991e-07
4.27877e-07
4.20406e-07
4.25062e-07
4.43494e-07
4.75156e-07
5.18355e-07
5.66853e-07
6.11402e-07
6.38949e-07
6.36091e-07
5.8875e-07
4.88242e-07
3.41975e-07
1.89163e-07
1.03569e-07
5.62672e-08
3.05284e-08
1.70664e-08
1.09344e-08
9.75723e-09
1.32093e-08
2.29674e-08
4.00105e-08
5.82911e-08
6.79842e-08
6.52212e-08
5.52675e-08
4.58439e-08
3.60931e-08
2.72948e-08
2.02971e-08
1.4987e-08
1.09401e-08
7.71889e-09
5.31348e-09
3.56159e-09
2.3242e-09
1.48018e-09
9.19815e-10
5.59741e-10
3.34286e-10
1.96408e-10
1.13604e-10
6.48031e-11
3.64952e-11
2.03107e-11
1.118e-11
6.09426e-12
3.28926e-12
1.75989e-12
9.34088e-13
4.92198e-13
2.57553e-13
1.33903e-13
6.91711e-14
3.54795e-14
1.8032e-14
9.03531e-15
4.41246e-15
2.04361e-15
8.31451e-16
1.92193e-16
5.29826e-11
2.01982e-10
4.21375e-10
7.52462e-10
1.24957e-09
1.9903e-09
3.08412e-09
4.68094e-09
6.97754e-09
1.02189e-08
1.46978e-08
2.0768e-08
2.88669e-08
3.95124e-08
5.32516e-08
7.06101e-08
9.21463e-08
1.18209e-07
1.47704e-07
1.81972e-07
2.1987e-07
2.61427e-07
3.06225e-07
3.5519e-07
4.04473e-07
4.53412e-07
4.99028e-07
5.38817e-07
5.68283e-07
5.86663e-07
5.92978e-07
5.87971e-07
5.7336e-07
5.51441e-07
5.24725e-07
4.96032e-07
4.68293e-07
4.44383e-07
4.27263e-07
4.1976e-07
4.24352e-07
4.42692e-07
4.74256e-07
5.17385e-07
5.659e-07
6.10614e-07
6.3854e-07
6.363e-07
5.8975e-07
4.89975e-07
3.44005e-07
1.90911e-07
1.04587e-07
5.68676e-08
3.09223e-08
1.71174e-08
1.09411e-08
9.69998e-09
1.30509e-08
2.26408e-08
3.95149e-08
5.77965e-08
6.76829e-08
6.51706e-08
5.53262e-08
4.59372e-08
3.61973e-08
2.73885e-08
2.03765e-08
1.50394e-08
1.09835e-08
7.75283e-09
5.3392e-09
3.58041e-09
2.33743e-09
1.48905e-09
9.2558e-10
5.63365e-10
3.36503e-10
1.9773e-10
1.14377e-10
6.52463e-11
3.67453e-11
2.04498e-11
1.12562e-11
6.1355e-12
3.31135e-12
1.7716e-12
9.40242e-13
4.95402e-13
2.59211e-13
1.34756e-13
6.96067e-14
3.57007e-14
1.81434e-14
9.09069e-15
4.43935e-15
2.05601e-15
8.36486e-16
1.93356e-16
5.30795e-11
2.02351e-10
4.22143e-10
7.5383e-10
1.25183e-09
1.99388e-09
3.08961e-09
4.68915e-09
6.98955e-09
1.02361e-08
1.47221e-08
2.08015e-08
2.8912e-08
3.95714e-08
5.33294e-08
7.07009e-08
9.22483e-08
1.18319e-07
1.47819e-07
1.82113e-07
2.19996e-07
2.61526e-07
3.06285e-07
3.55192e-07
4.04401e-07
4.53246e-07
4.98744e-07
5.38396e-07
5.67729e-07
5.85987e-07
5.92201e-07
5.87128e-07
5.72477e-07
5.50558e-07
5.23862e-07
4.95192e-07
4.67491e-07
4.43604e-07
4.26485e-07
4.18948e-07
4.23469e-07
4.41702e-07
4.73144e-07
5.16161e-07
5.64644e-07
6.09502e-07
6.37824e-07
6.3629e-07
5.90733e-07
4.92048e-07
3.46739e-07
1.93073e-07
1.05802e-07
5.75429e-08
3.12884e-08
1.72813e-08
1.0985e-08
9.64171e-09
1.28587e-08
2.22324e-08
3.88927e-08
5.71709e-08
6.72928e-08
6.51026e-08
5.5404e-08
4.60592e-08
3.63369e-08
2.75123e-08
2.04789e-08
1.5107e-08
1.10374e-08
7.7952e-09
5.37129e-09
3.60375e-09
2.35372e-09
1.49994e-09
9.32636e-10
5.67789e-10
3.39201e-10
1.99334e-10
1.15312e-10
6.57816e-11
3.70467e-11
2.06169e-11
1.13477e-11
6.1849e-12
3.33777e-12
1.78559e-12
9.47583e-13
4.99219e-13
2.61184e-13
1.35769e-13
7.01244e-14
3.59634e-14
1.82757e-14
9.15644e-15
4.47126e-15
2.07073e-15
8.4246e-16
1.94735e-16
5.31985e-11
2.02805e-10
4.23088e-10
7.55513e-10
1.25461e-09
1.99828e-09
3.09637e-09
4.69926e-09
7.00434e-09
1.02573e-08
1.47518e-08
2.08425e-08
2.89668e-08
3.96424e-08
5.34212e-08
7.08167e-08
9.23829e-08
1.18467e-07
1.47968e-07
1.82301e-07
2.20165e-07
2.61661e-07
3.06375e-07
3.55216e-07
4.04339e-07
4.53065e-07
4.98418e-07
5.37897e-07
5.67061e-07
5.85157e-07
5.91244e-07
5.86081e-07
5.71381e-07
5.4945e-07
5.22773e-07
4.94134e-07
4.66464e-07
4.42602e-07
4.25487e-07
4.17918e-07
4.22363e-07
4.40481e-07
4.71788e-07
5.14694e-07
5.63177e-07
6.08209e-07
6.36981e-07
6.36257e-07
5.91882e-07
4.94573e-07
3.50217e-07
1.95774e-07
1.07301e-07
5.83741e-08
3.17336e-08
1.74898e-08
1.10485e-08
9.58112e-09
1.26394e-08
2.17621e-08
3.81661e-08
5.64464e-08
6.68574e-08
6.50498e-08
5.55179e-08
4.62159e-08
3.65086e-08
2.76653e-08
2.0606e-08
1.51904e-08
1.11038e-08
7.84699e-09
5.41034e-09
3.63209e-09
2.37345e-09
1.51308e-09
9.41117e-10
5.73084e-10
3.42417e-10
2.01238e-10
1.16419e-10
6.64128e-11
3.74008e-11
2.08128e-11
1.14546e-11
6.24246e-12
3.36848e-12
1.80182e-12
9.56083e-13
5.03631e-13
2.63462e-13
1.36938e-13
7.07206e-14
3.62657e-14
1.84278e-14
9.23203e-15
4.50794e-15
2.08764e-15
8.49324e-16
1.9632e-16
5.33419e-11
2.03351e-10
4.24226e-10
7.57541e-10
1.25797e-09
2.0036e-09
3.10453e-09
4.71146e-09
7.02218e-09
1.02829e-08
1.47877e-08
2.08915e-08
2.9032e-08
3.97262e-08
5.35279e-08
7.09417e-08
9.25318e-08
1.18635e-07
1.48147e-07
1.82523e-07
2.20376e-07
2.61844e-07
3.06511e-07
3.55271e-07
4.04288e-07
4.52869e-07
4.98044e-07
5.37307e-07
5.66266e-07
5.84168e-07
5.90088e-07
5.84811e-07
5.70046e-07
5.48089e-07
5.21421e-07
4.92821e-07
4.65175e-07
4.41354e-07
4.24252e-07
4.16655e-07
4.21018e-07
4.39002e-07
4.70143e-07
5.12879e-07
5.61337e-07
6.06609e-07
6.3598e-07
6.36293e-07
5.93406e-07
4.97886e-07
3.55193e-07
1.98555e-07
1.08936e-07
5.93162e-08
3.2259e-08
1.77565e-08
1.11367e-08
9.51375e-09
1.23753e-08
2.11874e-08
3.72758e-08
5.55437e-08
6.63161e-08
6.49932e-08
5.56705e-08
4.64145e-08
3.67242e-08
2.78538e-08
2.07611e-08
1.5292e-08
1.11857e-08
7.91252e-09
5.45882e-09
3.66682e-09
2.39737e-09
1.52887e-09
9.5122e-10
5.79347e-10
3.46197e-10
2.03464e-10
1.17705e-10
6.71429e-11
3.78088e-11
2.10375e-11
1.15768e-11
6.308e-12
3.40334e-12
1.82019e-12
9.65679e-13
5.08598e-13
2.66024e-13
1.38251e-13
7.139e-14
3.66049e-14
1.85983e-14
9.31669e-15
4.54899e-15
2.10656e-15
8.56999e-16
1.98092e-16
5.35121e-11
2.03999e-10
4.25577e-10
7.5995e-10
1.26196e-09
2.00993e-09
3.11426e-09
4.72606e-09
7.04358e-09
1.03136e-08
1.48309e-08
2.09511e-08
2.91121e-08
3.98309e-08
5.36644e-08
7.11062e-08
9.2721e-08
1.18847e-07
1.48375e-07
1.82805e-07
2.20659e-07
2.6209e-07
3.067e-07
3.5537e-07
4.04271e-07
4.52685e-07
4.97634e-07
5.36637e-07
5.65323e-07
5.83005e-07
5.88714e-07
5.83286e-07
5.68442e-07
5.4643e-07
5.19764e-07
4.91202e-07
4.63614e-07
4.3981e-07
4.22735e-07
4.15122e-07
4.19422e-07
4.37309e-07
4.6836e-07
5.10397e-07
5.58876e-07
6.04423e-07
6.34476e-07
6.3598e-07
5.94784e-07
5.01227e-07
3.60073e-07
2.03289e-07
1.1155e-07
6.07105e-08
3.29237e-08
1.8236e-08
1.13085e-08
9.46449e-09
1.20823e-08
2.05243e-08
3.62218e-08
5.4468e-08
6.56657e-08
6.49335e-08
5.58682e-08
4.66573e-08
3.69835e-08
2.80821e-08
2.09488e-08
1.54152e-08
1.12836e-08
7.98246e-09
5.51275e-09
3.70611e-09
2.42471e-09
1.547e-09
9.62835e-10
5.86537e-10
3.50533e-10
2.06008e-10
1.19169e-10
6.79701e-11
3.82688e-11
2.12898e-11
1.17133e-11
6.38092e-12
3.44195e-12
1.84045e-12
9.76227e-13
5.14032e-13
2.68867e-13
1.39702e-13
7.2127e-14
3.69772e-14
1.8785e-14
9.40923e-15
4.59379e-15
2.12719e-15
8.65359e-16
2.00019e-16
5.37108e-11
2.04757e-10
4.27156e-10
7.6277e-10
1.26664e-09
2.01736e-09
3.12571e-09
4.74327e-09
7.06889e-09
1.03501e-08
1.48825e-08
2.10226e-08
2.92088e-08
3.99577e-08
5.38298e-08
7.13076e-08
9.29558e-08
1.19105e-07
1.48656e-07
1.83162e-07
2.21004e-07
2.62412e-07
3.06969e-07
3.55548e-07
4.04314e-07
4.52534e-07
4.97233e-07
5.35914e-07
5.64282e-07
5.8164e-07
5.87071e-07
5.81423e-07
5.6641e-07
5.44369e-07
5.17716e-07
4.89202e-07
4.61687e-07
4.37936e-07
4.20865e-07
4.13207e-07
4.17389e-07
4.3508e-07
4.65886e-07
5.07646e-07
5.55941e-07
6.01518e-07
6.32188e-07
6.34935e-07
5.95591e-07
5.04228e-07
3.64607e-07
2.09564e-07
1.14964e-07
6.259e-08
3.40015e-08
1.85974e-08
1.14393e-08
9.39411e-09
1.17605e-08
1.98106e-08
3.50867e-08
5.32849e-08
6.4953e-08
6.48851e-08
5.61136e-08
4.69366e-08
3.7294e-08
2.83538e-08
2.11725e-08
1.55731e-08
1.14021e-08
8.07444e-09
5.58106e-09
3.75433e-09
2.45751e-09
1.56839e-09
9.76355e-10
5.9481e-10
3.55506e-10
2.08898e-10
1.20818e-10
6.88948e-11
3.87794e-11
2.15678e-11
1.18629e-11
6.46018e-12
3.4837e-12
1.86225e-12
9.87513e-13
5.19816e-13
2.71927e-13
1.41257e-13
7.29131e-14
3.7373e-14
1.89831e-14
9.50716e-15
4.64113e-15
2.14895e-15
8.74172e-16
2.02051e-16
5.39387e-11
2.05625e-10
4.28969e-10
7.66009e-10
1.27202e-09
2.02591e-09
3.13892e-09
4.76317e-09
7.09826e-09
1.03926e-08
1.49433e-08
2.11077e-08
2.9325e-08
4.01125e-08
5.40302e-08
7.15569e-08
9.32561e-08
1.19452e-07
1.49046e-07
1.83656e-07
2.21478e-07
2.62872e-07
3.07368e-07
3.55816e-07
4.04425e-07
4.5242e-07
4.96808e-07
5.35113e-07
5.63072e-07
5.80016e-07
5.85145e-07
5.79237e-07
5.64042e-07
5.4186e-07
5.1521e-07
4.86745e-07
4.59293e-07
4.35607e-07
4.18515e-07
4.10815e-07
4.14849e-07
4.32284e-07
4.62769e-07
5.04172e-07
5.52206e-07
5.97898e-07
6.29306e-07
6.33554e-07
5.96251e-07
5.07558e-07
3.70326e-07
2.16311e-07
1.18642e-07
6.4579e-08
3.50616e-08
1.91123e-08
1.1634e-08
9.34463e-09
1.1435e-08
1.90576e-08
3.38788e-08
5.20493e-08
6.42062e-08
6.47837e-08
5.65221e-08
4.72996e-08
3.76699e-08
2.86786e-08
2.14247e-08
1.57572e-08
1.1547e-08
8.18553e-09
5.66295e-09
3.8119e-09
2.49637e-09
1.5935e-09
9.92065e-10
6.04333e-10
3.61139e-10
2.12142e-10
1.22652e-10
6.99135e-11
3.93367e-11
2.18686e-11
1.20233e-11
6.54418e-12
3.52763e-12
1.88503e-12
9.99254e-13
5.25833e-13
2.75001e-13
1.4282e-13
7.37051e-14
3.77721e-14
1.91828e-14
9.60598e-15
4.6889e-15
2.1709e-15
8.83061e-16
2.04099e-16
5.41941e-11
2.06599e-10
4.31003e-10
7.69648e-10
1.27807e-09
2.03556e-09
3.15384e-09
4.78572e-09
7.13167e-09
1.04413e-08
1.50131e-08
2.1206e-08
2.94602e-08
4.0293e-08
5.42638e-08
7.1847e-08
9.36032e-08
1.19848e-07
1.49471e-07
1.84194e-07
2.22053e-07
2.63393e-07
3.07851e-07
3.562e-07
4.0465e-07
4.52382e-07
4.96417e-07
5.34269e-07
5.61756e-07
5.78234e-07
5.82906e-07
5.76689e-07
5.61282e-07
5.38972e-07
5.12216e-07
4.83806e-07
4.56436e-07
4.32827e-07
4.1576e-07
4.07958e-07
4.11774e-07
4.28844e-07
4.58931e-07
4.99951e-07
5.47842e-07
5.9369e-07
6.25701e-07
6.31372e-07
5.96458e-07
5.11172e-07
3.77417e-07
2.22129e-07
1.22041e-07
6.65073e-08
3.60471e-08
1.98172e-08
1.19117e-08
9.30883e-09
1.10639e-08
1.8191e-08
3.24519e-08
5.04986e-08
6.31707e-08
6.459e-08
5.6772e-08
4.75634e-08
3.80178e-08
2.90108e-08
2.17104e-08
1.59962e-08
1.17377e-08
8.32831e-09
5.76452e-09
3.8815e-09
2.54245e-09
1.6228e-09
1.01013e-09
6.15133e-10
3.67425e-10
2.15712e-10
1.24643e-10
7.10055e-11
3.99265e-11
2.21831e-11
1.21891e-11
6.62996e-12
3.57208e-12
1.9079e-12
1.01094e-12
5.31782e-13
2.77998e-13
1.44337e-13
7.44707e-14
3.81571e-14
1.93752e-14
9.70096e-15
4.73472e-15
2.19192e-15
8.91553e-16
2.06056e-16
5.44728e-11
2.07663e-10
4.33227e-10
7.73632e-10
1.28471e-09
2.04617e-09
3.17032e-09
4.81073e-09
7.16891e-09
1.04959e-08
1.50918e-08
2.13176e-08
2.96144e-08
4.05002e-08
5.45337e-08
7.21849e-08
9.40114e-08
1.20321e-07
1.49997e-07
1.84848e-07
2.22711e-07
2.64038e-07
3.08517e-07
3.56725e-07
4.04986e-07
4.52438e-07
4.96066e-07
5.33383e-07
5.60364e-07
5.76285e-07
5.80465e-07
5.73838e-07
5.5814e-07
5.35656e-07
5.08833e-07
4.80363e-07
4.53083e-07
4.29552e-07
4.12531e-07
4.04611e-07
4.0826e-07
4.25037e-07
4.54712e-07
4.95181e-07
5.42544e-07
5.88329e-07
6.20942e-07
6.28159e-07
5.95801e-07
5.14005e-07
3.83725e-07
2.30012e-07
1.26411e-07
6.89196e-08
3.73437e-08
2.04692e-08
1.2163e-08
9.25526e-09
1.06675e-08
1.72546e-08
3.08427e-08
4.86133e-08
6.18163e-08
6.40639e-08
5.67867e-08
4.76295e-08
3.82399e-08
2.93059e-08
2.19546e-08
1.61899e-08
1.18876e-08
8.44288e-09
5.854e-09
3.94759e-09
2.58833e-09
1.65284e-09
1.02896e-09
6.26475e-10
3.74033e-10
2.19442e-10
1.26709e-10
7.21267e-11
4.05245e-11
2.24972e-11
1.23519e-11
6.71275e-12
3.61679e-12
1.93035e-12
1.02218e-12
5.37393e-13
2.80781e-13
1.45732e-13
7.51757e-14
3.85093e-14
1.95492e-14
9.78577e-15
4.77507e-15
2.21019e-15
8.98852e-16
2.07723e-16
5.4765e-11
2.08778e-10
4.35561e-10
7.77819e-10
1.2917e-09
2.05737e-09
3.18777e-09
4.83732e-09
7.2087e-09
1.05545e-08
1.51772e-08
2.14395e-08
2.97845e-08
4.07308e-08
5.4837e-08
7.25684e-08
9.44802e-08
1.20872e-07
1.50621e-07
1.85616e-07
2.23508e-07
2.64843e-07
3.09425e-07
3.57528e-07
4.05559e-07
4.52672e-07
4.95836e-07
5.32558e-07
5.58894e-07
5.74203e-07
5.77781e-07
5.70673e-07
5.54631e-07
5.31932e-07
5.05028e-07
4.76593e-07
4.49343e-07
4.25884e-07
4.08908e-07
4.0094e-07
4.04291e-07
4.2065e-07
4.49662e-07
4.8946e-07
5.3629e-07
5.81885e-07
6.15074e-07
6.23843e-07
5.94162e-07
5.16015e-07
3.8921e-07
2.39402e-07
1.31551e-07
7.17657e-08
3.89827e-08
2.10946e-08
1.23834e-08
9.1678e-09
1.02012e-08
1.61674e-08
2.92078e-08
4.65749e-08
6.0108e-08
6.32429e-08
5.65937e-08
4.751e-08
3.83528e-08
2.95157e-08
2.21614e-08
1.63743e-08
1.20381e-08
8.56333e-09
5.94526e-09
4.01404e-09
2.6341e-09
1.68263e-09
1.04749e-09
6.37533e-10
3.80401e-10
2.22983e-10
1.28639e-10
7.31584e-11
4.10686e-11
2.27835e-11
1.25046e-11
6.79139e-12
3.65619e-12
1.9498e-12
1.03163e-12
5.4193e-13
2.82917e-13
1.46728e-13
7.56248e-14
3.87168e-14
1.96468e-14
9.83209e-15
4.79687e-15
2.22005e-15
9.02806e-16
2.08628e-16
5.50601e-11
2.09906e-10
4.37925e-10
7.82071e-10
1.29883e-09
2.06886e-09
3.20578e-09
4.86501e-09
7.25053e-09
1.06168e-08
1.52686e-08
2.15715e-08
2.99704e-08
4.09853e-08
5.51743e-08
7.29976e-08
9.50062e-08
1.21487e-07
1.51308e-07
1.86436e-07
2.24357e-07
2.65683e-07
3.10434e-07
3.58456e-07
4.06346e-07
4.53086e-07
4.95726e-07
5.31739e-07
5.57298e-07
5.71892e-07
5.74872e-07
5.67196e-07
5.50749e-07
5.27795e-07
5.00774e-07
4.72319e-07
4.45089e-07
4.21797e-07
4.04934e-07
3.97026e-07
4.00224e-07
4.16217e-07
4.44849e-07
4.84081e-07
5.30354e-07
5.75694e-07
6.09314e-07
6.19392e-07
5.92664e-07
5.18374e-07
3.95644e-07
2.47853e-07
1.36317e-07
7.44015e-08
4.03341e-08
2.20198e-08
1.27363e-08
9.13115e-09
9.75003e-09
1.50829e-08
2.73328e-08
4.42462e-08
5.82681e-08
6.22921e-08
5.62863e-08
4.71954e-08
3.83274e-08
2.97992e-08
2.24144e-08
1.65845e-08
1.22241e-08
8.70828e-09
6.05217e-09
4.08909e-09
2.68438e-09
1.7146e-09
1.06699e-09
6.48943e-10
3.86832e-10
2.26477e-10
1.306e-10
7.42053e-11
4.15955e-11
2.30307e-11
1.26074e-11
6.83404e-12
3.6733e-12
1.95666e-12
1.0343e-12
5.42933e-13
2.83259e-13
1.46848e-13
7.56717e-14
3.87339e-14
1.96529e-14
9.83421e-15
4.79761e-15
2.22028e-15
9.02868e-16
2.08636e-16
5.5334e-11
2.1095e-10
4.40105e-10
7.85978e-10
1.30537e-09
2.07938e-09
3.22234e-09
4.89065e-09
7.28969e-09
1.0676e-08
1.53571e-08
2.17018e-08
3.01583e-08
4.12496e-08
5.55358e-08
7.34743e-08
9.56168e-08
1.22244e-07
1.52224e-07
1.87505e-07
2.25483e-07
2.66833e-07
3.11739e-07
3.59611e-07
4.07328e-07
4.53746e-07
4.95808e-07
5.31042e-07
5.55793e-07
5.69476e-07
5.71761e-07
5.63589e-07
5.46667e-07
5.2342e-07
4.96297e-07
4.67857e-07
4.40726e-07
4.17453e-07
4.00707e-07
3.92805e-07
3.95923e-07
4.11519e-07
4.39521e-07
4.78025e-07
5.23571e-07
5.68549e-07
6.02577e-07
6.1411e-07
5.90277e-07
5.20063e-07
4.01605e-07
2.55825e-07
1.40795e-07
7.69169e-08
4.17221e-08
2.27559e-08
1.3026e-08
9.07686e-09
9.30266e-09
1.40141e-08
2.53492e-08
4.17259e-08
5.60785e-08
6.10286e-08
5.57993e-08
4.66755e-08
3.82735e-08
2.99355e-08
2.26064e-08
1.67767e-08
1.23887e-08
8.85165e-09
6.1584e-09
4.16307e-09
2.73258e-09
1.74403e-09
1.08409e-09
6.5846e-10
3.91976e-10
2.29228e-10
1.31899e-10
7.47123e-11
4.17773e-11
2.30857e-11
1.26191e-11
6.83038e-12
3.66606e-12
1.95063e-12
1.03019e-12
5.40399e-13
2.81772e-13
1.46033e-13
7.52423e-14
3.85138e-14
1.95425e-14
9.77999e-15
4.77165e-15
2.20845e-15
8.98093e-16
2.07538e-16
5.55908e-11
2.11933e-10
4.42176e-10
7.89737e-10
1.31176e-09
2.08994e-09
3.23942e-09
4.91778e-09
7.33227e-09
1.07419e-08
1.54569e-08
2.18479e-08
3.03708e-08
4.15538e-08
5.59611e-08
7.40494e-08
9.6373e-08
1.23126e-07
1.53226e-07
1.88752e-07
2.26914e-07
2.68418e-07
3.13484e-07
3.61166e-07
4.08585e-07
4.54592e-07
4.96108e-07
5.3056e-07
5.5447e-07
5.67293e-07
5.68725e-07
5.59885e-07
5.4259e-07
5.19101e-07
4.91876e-07
4.63463e-07
4.36444e-07
4.13327e-07
3.96575e-07
3.88682e-07
3.91643e-07
4.06937e-07
4.34402e-07
4.72337e-07
5.1738e-07
5.62113e-07
5.96476e-07
6.0921e-07
5.87825e-07
5.21475e-07
4.07544e-07
2.62002e-07
1.44412e-07
7.90312e-08
4.29174e-08
2.33856e-08
1.3278e-08
9.01362e-09
8.86803e-09
1.29766e-08
2.33202e-08
3.89359e-08
5.35422e-08
5.95744e-08
5.52958e-08
4.6343e-08
3.83232e-08
3.0121e-08
2.28167e-08
1.69726e-08
1.25524e-08
8.98477e-09
6.27217e-09
4.24982e-09
2.79232e-09
1.78136e-09
1.10548e-09
6.69583e-10
3.97078e-10
2.31073e-10
1.32453e-10
7.48138e-11
4.17222e-11
2.30001e-11
1.25472e-11
6.78002e-12
3.63394e-12
1.93184e-12
1.01955e-12
5.34464e-13
2.78436e-13
1.44311e-13
7.43673e-14
3.80722e-14
1.93218e-14
9.67126e-15
4.71934e-15
2.18446e-15
8.88373e-16
2.05296e-16
5.57452e-11
2.12505e-10
4.43311e-10
7.91644e-10
1.31472e-09
2.09434e-09
3.24603e-09
4.92829e-09
7.34978e-09
1.07722e-08
1.55109e-08
2.19457e-08
3.05321e-08
4.18047e-08
5.63344e-08
7.45742e-08
9.7044e-08
1.24037e-07
1.54408e-07
1.90211e-07
2.286e-07
2.7017e-07
3.15697e-07
3.62494e-07
4.09898e-07
4.55607e-07
4.96651e-07
5.30328e-07
5.53402e-07
5.6534e-07
5.65946e-07
5.56549e-07
5.3889e-07
5.15119e-07
4.87915e-07
4.59601e-07
4.32741e-07
4.09815e-07
3.93233e-07
3.85307e-07
3.88163e-07
4.03256e-07
4.30322e-07
4.67624e-07
5.12051e-07
5.56249e-07
5.90722e-07
6.04439e-07
5.85175e-07
5.21912e-07
4.11373e-07
2.67915e-07
1.47793e-07
8.09381e-08
4.39926e-08
2.3953e-08
1.34872e-08
8.96758e-09
8.52601e-09
1.21721e-08
2.16108e-08
3.66686e-08
5.14502e-08
5.82942e-08
5.49801e-08
4.64491e-08
3.85773e-08
3.04168e-08
2.30805e-08
1.71868e-08
1.27159e-08
9.10252e-09
6.34678e-09
4.29309e-09
2.81726e-09
1.79379e-09
1.11056e-09
6.70808e-10
3.96637e-10
2.30181e-10
1.31517e-10
7.40605e-11
4.11972e-11
2.26543e-11
1.23469e-11
6.66502e-12
3.56766e-12
1.8938e-12
9.97875e-13
5.22047e-13
2.72196e-13
1.41044e-13
7.26828e-14
3.72237e-14
1.89032e-14
9.46926e-15
4.62465e-15
2.14231e-15
8.71763e-16
2.0153e-16
5.59624e-11
2.13337e-10
4.4504e-10
7.94648e-10
1.31952e-09
2.10172e-09
3.25722e-09
4.94518e-09
7.37562e-09
1.08124e-08
1.55748e-08
2.20477e-08
3.06957e-08
4.20555e-08
5.66969e-08
7.50718e-08
9.77491e-08
1.25016e-07
1.55631e-07
1.91539e-07
2.30073e-07
2.71925e-07
3.17674e-07
3.6435e-07
4.11577e-07
4.5692e-07
4.97494e-07
5.30443e-07
5.52846e-07
5.64137e-07
5.64204e-07
5.54259e-07
5.36259e-07
5.12485e-07
4.85294e-07
4.57047e-07
4.3029e-07
4.0749e-07
3.90985e-07
3.8311e-07
3.85926e-07
4.00861e-07
4.2774e-07
4.64698e-07
5.08751e-07
5.52793e-07
5.87331e-07
6.01485e-07
5.83225e-07
5.21562e-07
4.12659e-07
2.71872e-07
1.49761e-07
8.20698e-08
4.46286e-08
2.42989e-08
1.36239e-08
8.94277e-09
8.31375e-09
1.16486e-08
2.04632e-08
3.49983e-08
4.98072e-08
5.72649e-08
5.47368e-08
4.65716e-08
3.88233e-08
3.071e-08
2.33518e-08
1.74128e-08
1.28896e-08
9.21966e-09
6.42243e-09
4.34111e-09
2.84016e-09
1.80248e-09
1.11191e-09
6.69119e-10
3.94168e-10
2.27932e-10
1.29772e-10
7.2829e-11
4.03612e-11
2.21306e-11
1.20032e-11
6.45645e-12
3.44734e-12
1.82798e-12
9.63731e-13
5.05788e-13
2.63641e-13
1.36755e-13
7.05885e-14
3.62218e-14
1.84334e-14
9.25356e-15
4.52825e-15
2.10117e-15
8.56073e-16
1.98055e-16
)
;

boundaryField
{
    fuel
    {
        type            fixedValue;
        value           uniform 0;
    }
    air
    {
        type            fixedValue;
        value           uniform 0;
    }
    outlet
    {
        type            inletOutlet;
        inletValue      uniform 0;
        value           nonuniform List<scalar> 
200
(
5.59631e-11
2.13339e-10
4.45045e-10
7.94657e-10
1.31953e-09
2.10174e-09
3.25725e-09
4.94522e-09
7.37567e-09
1.08125e-08
1.55749e-08
2.20478e-08
3.06957e-08
4.20553e-08
5.66963e-08
7.50703e-08
9.77463e-08
1.25011e-07
1.55623e-07
1.91527e-07
2.30058e-07
2.71904e-07
3.17648e-07
3.64316e-07
4.11535e-07
4.56868e-07
4.97433e-07
5.30373e-07
5.52767e-07
5.6405e-07
5.6411e-07
5.54161e-07
5.36165e-07
5.12394e-07
4.8521e-07
4.56971e-07
4.30222e-07
4.07433e-07
3.90934e-07
3.83068e-07
3.85887e-07
4.00818e-07
4.27685e-07
4.64625e-07
5.08646e-07
5.52656e-07
5.87219e-07
6.0145e-07
5.83245e-07
5.21577e-07
4.1267e-07
2.72352e-07
1.5026e-07
8.23237e-08
4.47423e-08
2.43177e-08
1.3706e-08
8.978e-09
8.32401e-09
1.16447e-08
2.04543e-08
3.49629e-08
4.9743e-08
5.71802e-08
5.46699e-08
4.65353e-08
3.8807e-08
3.07047e-08
2.33504e-08
1.74119e-08
1.28883e-08
9.21844e-09
6.42149e-09
4.34062e-09
2.83991e-09
1.80244e-09
1.11196e-09
6.69201e-10
3.94245e-10
2.2799e-10
1.29813e-10
7.28544e-11
4.03762e-11
2.21396e-11
1.20084e-11
6.45933e-12
3.44892e-12
1.82883e-12
9.64188e-13
5.06028e-13
2.63765e-13
1.36818e-13
7.06202e-14
3.62375e-14
1.84411e-14
9.25724e-15
4.52997e-15
2.10193e-15
8.56373e-16
1.98123e-16
5.59624e-11
2.13337e-10
4.4504e-10
7.94648e-10
1.31952e-09
2.10172e-09
3.25722e-09
4.94518e-09
7.37562e-09
1.08124e-08
1.55748e-08
2.20477e-08
3.06957e-08
4.20555e-08
5.66969e-08
7.50718e-08
9.77491e-08
1.25016e-07
1.55631e-07
1.91539e-07
2.30073e-07
2.71925e-07
3.17674e-07
3.6435e-07
4.11577e-07
4.5692e-07
4.97494e-07
5.30443e-07
5.52846e-07
5.64137e-07
5.64204e-07
5.54259e-07
5.36259e-07
5.12485e-07
4.85294e-07
4.57047e-07
4.3029e-07
4.0749e-07
3.90985e-07
3.8311e-07
3.85926e-07
4.00861e-07
4.2774e-07
4.64698e-07
5.08751e-07
5.52793e-07
5.87331e-07
6.01485e-07
5.83225e-07
5.21562e-07
4.12659e-07
2.71872e-07
1.49761e-07
8.20698e-08
4.46286e-08
2.42989e-08
1.36239e-08
8.94277e-09
8.31375e-09
1.16486e-08
2.04632e-08
3.49983e-08
4.98072e-08
5.72649e-08
5.47368e-08
4.65716e-08
3.88233e-08
3.071e-08
2.33518e-08
1.74128e-08
1.28896e-08
9.21966e-09
6.42243e-09
4.34111e-09
2.84016e-09
1.80248e-09
1.11191e-09
6.69119e-10
3.94168e-10
2.27932e-10
1.29772e-10
7.2829e-11
4.03612e-11
2.21306e-11
1.20032e-11
6.45645e-12
3.44734e-12
1.82798e-12
9.63731e-13
5.05788e-13
2.63641e-13
1.36755e-13
7.05885e-14
3.62218e-14
1.84334e-14
9.25356e-15
4.52825e-15
2.10117e-15
8.56073e-16
1.98055e-16
)
;
    }
    frontAndBack
    {
        type            empty;
    }
    internal
    {
        type            internal;
    }
}


// ************************************************************************* //
