/*--------------------------------*- C++ -*----------------------------------*\
  =========                 |
  \\      /  F ield         | OpenFOAM: The Open Source CFD Toolbox
   \\    /   O peration     | Website:  https://openfoam.org
    \\  /    A nd           | Version:  10
     \\/     M anipulation  |
\*---------------------------------------------------------------------------*/
FoamFile
{
    format      ascii;
    class       volScalarField;
    location    "1";
    object      HNOH;
}
// * * * * * * * * * * * * * * * * * * * * * * * * * * * * * * * * * * * * * //

dimensions      [0 0 0 0 0 0 0];

internalField   nonuniform List<scalar> 
4000
(
8.76107e-15
3.33992e-14
6.96776e-14
1.24426e-13
2.06642e-13
3.29217e-13
5.10393e-13
7.75278e-13
1.15713e-12
1.69801e-12
2.44935e-12
3.4743e-12
4.851e-12
6.67423e-12
9.05437e-12
1.21033e-11
1.59945e-11
2.09358e-11
2.69854e-11
3.50825e-11
4.56394e-11
6.05635e-11
8.33571e-11
1.18378e-10
1.75964e-10
2.74277e-10
4.4798e-10
7.61181e-10
1.30748e-09
2.21608e-09
3.54073e-09
5.18876e-09
6.98342e-09
8.77846e-09
1.04841e-08
1.21018e-08
1.3671e-08
1.52878e-08
1.70969e-08
1.9295e-08
2.215e-08
2.58764e-08
3.06103e-08
3.63807e-08
4.31247e-08
5.02235e-08
5.66848e-08
6.12097e-08
6.21819e-08
5.7886e-08
4.73115e-08
3.18471e-08
1.7561e-08
9.60528e-09
5.19299e-09
2.77425e-09
1.4785e-09
8.23452e-10
5.50447e-10
5.49007e-10
8.0304e-10
1.20436e-09
1.44324e-09
1.32195e-09
9.39138e-10
5.79165e-10
3.75042e-10
2.67227e-10
1.96326e-10
1.44758e-10
1.06871e-10
7.64906e-11
5.33617e-11
3.61224e-11
2.36682e-11
1.5039e-11
9.28614e-12
5.59206e-12
3.29571e-12
1.90624e-12
1.08538e-12
6.09068e-13
3.37468e-13
1.84986e-13
1.00301e-13
5.39311e-14
2.87845e-14
1.52571e-14
8.04037e-15
4.21792e-15
2.19777e-15
1.13962e-15
5.88043e-16
3.01657e-16
1.53473e-16
7.70246e-17
3.76848e-17
1.74836e-17
7.12254e-18
1.64773e-18
8.72336e-15
3.32546e-14
6.93762e-14
1.23899e-13
2.05791e-13
3.27883e-13
5.08341e-13
7.72129e-13
1.15224e-12
1.69033e-12
2.43711e-12
3.45476e-12
4.81956e-12
6.6256e-12
8.98286e-12
1.2002e-11
1.58433e-11
2.07103e-11
2.66732e-11
3.46785e-11
4.50681e-11
5.96463e-11
8.18907e-11
1.16158e-10
1.72322e-10
2.68249e-10
4.37448e-10
7.4429e-10
1.27955e-09
2.17558e-09
3.49214e-09
5.13859e-09
6.94071e-09
8.75176e-09
1.04758e-08
1.21118e-08
1.36991e-08
1.53338e-08
1.71621e-08
1.93809e-08
2.22613e-08
2.60204e-08
3.07923e-08
3.66147e-08
4.3416e-08
5.05647e-08
5.70429e-08
6.15326e-08
6.23971e-08
5.79063e-08
4.70818e-08
3.1439e-08
1.73113e-08
9.4632e-09
5.11454e-09
2.73429e-09
1.44953e-09
8.11775e-10
5.5198e-10
5.65247e-10
8.40252e-10
1.24774e-09
1.4681e-09
1.3199e-09
9.18872e-10
5.65854e-10
3.69059e-10
2.64357e-10
1.94378e-10
1.43276e-10
1.05763e-10
7.57388e-11
5.28722e-11
3.58122e-11
2.35251e-11
1.49915e-11
9.28705e-12
5.61183e-12
3.31878e-12
1.92597e-12
1.10024e-12
6.19384e-13
3.44406e-13
1.89297e-13
1.03114e-13
5.56316e-14
2.97624e-14
1.57905e-14
8.3164e-15
4.34898e-15
2.26652e-15
1.174e-15
6.04781e-16
3.09639e-16
1.57203e-16
7.87317e-17
3.84451e-17
1.7807e-17
7.24564e-18
1.67496e-18
8.69302e-15
3.31412e-14
6.91476e-14
1.23507e-13
2.0517e-13
3.26946e-13
5.06902e-13
7.69828e-13
1.14843e-12
1.68382e-12
2.42571e-12
3.43436e-12
4.78626e-12
6.57383e-12
8.90498e-12
1.18895e-11
1.56918e-11
2.04864e-11
2.63473e-11
3.42027e-11
4.43773e-11
5.86632e-11
8.01434e-11
1.14069e-10
1.68575e-10
2.61685e-10
4.25687e-10
7.23508e-10
1.244e-09
2.12161e-09
3.42252e-09
5.06697e-09
6.88297e-09
8.71713e-09
1.04693e-08
1.21326e-08
1.37461e-08
1.54084e-08
1.72649e-08
1.95209e-08
2.24411e-08
2.62489e-08
3.10852e-08
3.69955e-08
4.38886e-08
5.11132e-08
5.7614e-08
6.20428e-08
6.27106e-08
5.78895e-08
4.66555e-08
3.06945e-08
1.69015e-08
9.22822e-09
4.97954e-09
2.66033e-09
1.41199e-09
7.96745e-10
5.54704e-10
5.87937e-10
8.91935e-10
1.30384e-09
1.49766e-09
1.31544e-09
8.95439e-10
5.50882e-10
3.63053e-10
2.61826e-10
1.9277e-10
1.42063e-10
1.04826e-10
7.50304e-11
5.24056e-11
3.55341e-11
2.33626e-11
1.49113e-11
9.2561e-12
5.6067e-12
3.32443e-12
1.93397e-12
1.10804e-12
6.25492e-13
3.48601e-13
1.92044e-13
1.04695e-13
5.65356e-14
3.02824e-14
1.60884e-14
8.48599e-15
4.44616e-15
2.31526e-15
1.19945e-15
6.1787e-16
3.16215e-16
1.60438e-16
8.02877e-17
3.91722e-17
1.81299e-17
7.37261e-18
1.70372e-18
8.64596e-15
3.29609e-14
6.87669e-14
1.22814e-13
2.03985e-13
3.24979e-13
5.03712e-13
7.64746e-13
1.14045e-12
1.67146e-12
2.407e-12
3.40701e-12
4.74618e-12
6.51558e-12
8.82152e-12
1.17722e-11
1.55282e-11
2.02778e-11
2.60756e-11
3.37923e-11
4.37784e-11
5.77544e-11
7.87065e-11
1.11871e-10
1.65066e-10
2.55666e-10
4.14675e-10
7.04186e-10
1.21117e-09
2.07245e-09
3.35927e-09
5.00091e-09
6.83219e-09
8.6908e-09
1.04733e-08
1.21676e-08
1.38122e-08
1.5506e-08
1.74001e-08
1.96909e-08
2.26623e-08
2.65395e-08
3.14645e-08
3.74763e-08
4.44793e-08
5.17934e-08
5.83093e-08
6.26565e-08
6.30847e-08
5.7848e-08
4.61255e-08
2.98156e-08
1.64036e-08
8.94424e-09
4.81881e-09
2.569e-09
1.3658e-09
7.78817e-10
5.59902e-10
6.20014e-10
9.55814e-10
1.37174e-09
1.53161e-09
1.31044e-09
8.73713e-10
5.38597e-10
3.59032e-10
2.60362e-10
1.91677e-10
1.41022e-10
1.03875e-10
7.41844e-11
5.16338e-11
3.4917e-11
2.29224e-11
1.46283e-11
9.08987e-12
5.51802e-12
3.28257e-12
1.91816e-12
1.1028e-12
6.24085e-13
3.48667e-13
1.92508e-13
1.05143e-13
5.68674e-14
3.05008e-14
1.62184e-14
8.56044e-15
4.48811e-15
2.33907e-15
1.21175e-15
6.24116e-16
3.1936e-16
1.62005e-16
8.10576e-17
3.95416e-17
1.8299e-17
7.44106e-18
1.71949e-18
8.59713e-15
3.27747e-14
6.8378e-14
1.22116e-13
2.02817e-13
3.23094e-13
5.0074e-13
7.60136e-13
1.13338e-12
1.66075e-12
2.39092e-12
3.38316e-12
4.71139e-12
6.46574e-12
8.75142e-12
1.16756e-11
1.53963e-11
2.00974e-11
2.58258e-11
3.34433e-11
4.32935e-11
5.70352e-11
7.75088e-11
1.09996e-10
1.61842e-10
2.49884e-10
4.04781e-10
6.86965e-10
1.18249e-09
2.02847e-09
3.30671e-09
4.95262e-09
6.79574e-09
8.67617e-09
1.04881e-08
1.22132e-08
1.38894e-08
1.56175e-08
1.75452e-08
1.9883e-08
2.29057e-08
2.68518e-08
3.18687e-08
3.7989e-08
4.51049e-08
5.25057e-08
5.90235e-08
6.32557e-08
6.34085e-08
5.77136e-08
4.54408e-08
2.8851e-08
1.58591e-08
8.63632e-09
4.64634e-09
2.47542e-09
1.32029e-09
7.61516e-10
5.64891e-10
6.50467e-10
1.01263e-09
1.42729e-09
1.55459e-09
1.30003e-09
8.52942e-10
5.29381e-10
3.56592e-10
2.59422e-10
1.90715e-10
1.3996e-10
1.02865e-10
7.32194e-11
5.08654e-11
3.43506e-11
2.2536e-11
1.43828e-11
8.94198e-12
5.43283e-12
3.23495e-12
1.89188e-12
1.08985e-12
6.18706e-13
3.46509e-13
1.91685e-13
1.04831e-13
5.67787e-14
3.04966e-14
1.62343e-14
8.57667e-15
4.49985e-15
2.34661e-15
1.21604e-15
6.26412e-16
3.20543e-16
1.62597e-16
8.13465e-17
3.96791e-17
1.83613e-17
7.46615e-18
1.72526e-18
8.54608e-15
3.25797e-14
6.79692e-14
1.21381e-13
2.01585e-13
3.21108e-13
4.9762e-13
7.5533e-13
1.1261e-12
1.64986e-12
2.37481e-12
3.35972e-12
4.67794e-12
6.41907e-12
8.68773e-12
1.15909e-11
1.52853e-11
1.99535e-11
2.56395e-11
3.31743e-11
4.29135e-11
5.64671e-11
7.65202e-11
1.08403e-10
1.59097e-10
2.45357e-10
3.96777e-10
6.72915e-10
1.15828e-09
1.99285e-09
3.26308e-09
4.90977e-09
6.76967e-09
8.67209e-09
1.05113e-08
1.22665e-08
1.3975e-08
1.5735e-08
1.76999e-08
2.00773e-08
2.3156e-08
2.71786e-08
3.22792e-08
3.85004e-08
4.57204e-08
5.31987e-08
5.97138e-08
6.38298e-08
6.36862e-08
5.75264e-08
4.47315e-08
2.78884e-08
1.53095e-08
8.32418e-09
4.47124e-09
2.37614e-09
1.2711e-09
7.42897e-10
5.71104e-10
6.84798e-10
1.07187e-09
1.48121e-09
1.57321e-09
1.28882e-09
8.35398e-10
5.21907e-10
3.55189e-10
2.57321e-10
1.8913e-10
1.38582e-10
1.01555e-10
7.21201e-11
5.00077e-11
3.3722e-11
2.21003e-11
1.40979e-11
8.76404e-12
5.3265e-12
3.17381e-12
1.85797e-12
1.07054e-12
6.0813e-13
3.41035e-13
1.89031e-13
1.03685e-13
5.62771e-14
3.02791e-14
1.61385e-14
8.53444e-15
4.48119e-15
2.33846e-15
1.21232e-15
6.24596e-16
3.19672e-16
1.6218e-16
8.11481e-17
3.95858e-17
1.83194e-17
7.4495e-18
1.72148e-18
8.49637e-15
3.239e-14
6.75724e-14
1.20669e-13
2.00396e-13
3.19201e-13
4.94646e-13
7.50784e-13
1.11927e-12
1.63973e-12
2.36e-12
3.33837e-12
4.6478e-12
6.37744e-12
8.63144e-12
1.15167e-11
1.51884e-11
1.98276e-11
2.54742e-11
3.29316e-11
4.25759e-11
5.59937e-11
7.57059e-11
1.07067e-10
1.56978e-10
2.41801e-10
3.90606e-10
6.62312e-10
1.14035e-09
1.96634e-09
3.23132e-09
4.88128e-09
6.75791e-09
8.67708e-09
1.05394e-08
1.23203e-08
1.40572e-08
1.58464e-08
1.78425e-08
2.02604e-08
2.33957e-08
2.74864e-08
3.26694e-08
3.89865e-08
4.63008e-08
5.38405e-08
6.03297e-08
6.43178e-08
6.38927e-08
5.72843e-08
4.39791e-08
2.68285e-08
1.47218e-08
7.99977e-09
4.29537e-09
2.27155e-09
1.22162e-09
7.24632e-10
5.76782e-10
7.17095e-10
1.11751e-09
1.52162e-09
1.58577e-09
1.27658e-09
8.19498e-10
5.14705e-10
3.52799e-10
2.55614e-10
1.87568e-10
1.37128e-10
1.00295e-10
7.10606e-11
4.91793e-11
3.31053e-11
2.16681e-11
1.38127e-11
8.58452e-12
5.21829e-12
3.11092e-12
1.82266e-12
1.05112e-12
5.97656e-13
3.35456e-13
1.86061e-13
1.02074e-13
5.54348e-14
2.98499e-14
1.59231e-14
8.42796e-15
4.42916e-15
2.31346e-15
1.20045e-15
6.19178e-16
3.1714e-16
1.60979e-16
8.05745e-17
3.93148e-17
1.81965e-17
7.40012e-18
1.71014e-18
8.44947e-15
3.2211e-14
6.71983e-14
1.19999e-13
1.99278e-13
3.17413e-13
4.91865e-13
7.46553e-13
1.11295e-12
1.63043e-12
2.34648e-12
3.31906e-12
4.62077e-12
6.34046e-12
8.58196e-12
1.14521e-11
1.51051e-11
1.9721e-11
2.53364e-11
3.27269e-11
4.23057e-11
5.55917e-11
7.50764e-11
1.06103e-10
1.55388e-10
2.38998e-10
3.8569e-10
6.53719e-10
1.12648e-09
1.94625e-09
3.20685e-09
4.85903e-09
6.74542e-09
8.68499e-09
1.05696e-08
1.23753e-08
1.41362e-08
1.59512e-08
1.79761e-08
2.0429e-08
2.36031e-08
2.77466e-08
3.29942e-08
3.93889e-08
4.67818e-08
5.43764e-08
6.08542e-08
6.47267e-08
6.40441e-08
5.70577e-08
4.3371e-08
2.57766e-08
1.41499e-08
7.69085e-09
4.13616e-09
2.17116e-09
1.17418e-09
7.07343e-10
5.82099e-10
7.46475e-10
1.16459e-09
1.55988e-09
1.59339e-09
1.26119e-09
8.01831e-10
5.05956e-10
3.48886e-10
2.52481e-10
1.85166e-10
1.35238e-10
9.88154e-11
6.99095e-11
4.82797e-11
3.24402e-11
2.12066e-11
1.35106e-11
8.3954e-12
5.10449e-12
3.04467e-12
1.78525e-12
1.0304e-12
5.86409e-13
3.29451e-13
1.82901e-13
1.00432e-13
5.45955e-14
2.93998e-14
1.56959e-14
8.31368e-15
4.37181e-15
2.28483e-15
1.18603e-15
6.11832e-16
3.13451e-16
1.59148e-16
7.968e-17
3.88883e-17
1.80031e-17
7.32276e-18
1.69246e-18
8.40677e-15
3.20482e-14
6.68583e-14
1.19391e-13
1.98266e-13
3.15799e-13
4.89363e-13
7.42761e-13
1.10731e-12
1.62217e-12
2.33457e-12
3.30214e-12
4.59725e-12
6.30851e-12
8.53955e-12
1.13973e-11
1.50356e-11
1.96341e-11
2.52296e-11
3.25677e-11
4.20826e-11
5.52812e-11
7.45857e-11
1.05299e-10
1.54058e-10
2.36825e-10
3.82008e-10
6.47461e-10
1.11616e-09
1.93084e-09
3.18836e-09
4.84384e-09
6.7416e-09
8.6972e-09
1.06012e-08
1.24271e-08
1.42092e-08
1.60468e-08
1.80984e-08
2.05865e-08
2.38066e-08
2.80063e-08
3.33176e-08
3.97842e-08
4.72419e-08
5.48619e-08
6.13026e-08
6.50435e-08
6.41082e-08
5.67493e-08
4.26658e-08
2.49754e-08
1.36934e-08
7.43326e-09
3.99047e-09
2.09973e-09
1.13809e-09
6.94337e-10
5.88139e-10
7.73471e-10
1.20522e-09
1.58776e-09
1.59279e-09
1.23553e-09
7.7935e-10
4.93188e-10
3.41886e-10
2.47726e-10
1.81619e-10
1.32442e-10
9.66678e-11
6.83563e-11
4.71834e-11
3.16967e-11
2.07203e-11
1.32048e-11
8.20899e-12
4.99416e-12
2.98099e-12
1.74933e-12
1.01048e-12
5.7554e-13
3.23603e-13
1.79793e-13
9.87974e-14
5.37501e-14
2.89624e-14
1.54712e-14
8.19888e-15
4.31341e-15
2.25538e-15
1.17113e-15
6.04305e-16
3.09663e-16
1.57254e-16
7.87438e-17
3.84361e-17
1.77955e-17
7.23879e-18
1.6731e-18
8.36881e-15
3.19036e-14
6.65564e-14
1.18851e-13
1.97369e-13
3.14371e-13
4.87156e-13
7.39427e-13
1.10237e-12
1.61498e-12
2.32424e-12
3.28756e-12
4.57707e-12
6.28118e-12
8.50325e-12
1.13503e-11
1.49753e-11
1.95574e-11
2.51303e-11
3.24202e-11
4.18921e-11
5.50074e-11
7.41865e-11
1.04708e-10
1.53087e-10
2.35152e-10
3.79111e-10
6.42593e-10
1.10805e-09
1.91871e-09
3.17479e-09
4.83313e-09
6.73784e-09
8.71008e-09
1.06309e-08
1.24742e-08
1.42746e-08
1.61318e-08
1.82077e-08
2.07235e-08
2.39805e-08
2.82274e-08
3.35927e-08
4.01205e-08
4.76278e-08
5.52693e-08
6.16726e-08
6.52748e-08
6.40849e-08
5.63688e-08
4.18976e-08
2.42273e-08
1.32773e-08
7.20312e-09
3.86763e-09
2.03032e-09
1.10465e-09
6.82848e-10
5.9352e-10
7.97109e-10
1.24125e-09
1.61286e-09
1.59209e-09
1.21436e-09
7.54294e-10
4.79742e-10
3.34275e-10
2.42715e-10
1.78051e-10
1.29988e-10
9.48165e-11
6.6998e-11
4.62298e-11
3.10518e-11
2.02983e-11
1.29386e-11
8.04576e-12
4.89683e-12
2.92423e-12
1.71699e-12
9.92375e-13
5.65558e-13
3.18178e-13
1.76881e-13
9.72512e-14
5.29425e-14
2.85414e-14
1.52533e-14
8.08685e-15
4.2561e-15
2.22613e-15
1.15626e-15
5.96784e-16
3.05874e-16
1.55358e-16
7.78056e-17
3.79824e-17
1.75869e-17
7.15426e-18
1.65361e-18
8.33576e-15
3.17776e-14
6.62937e-14
1.18382e-13
1.96591e-13
3.13134e-13
4.85247e-13
7.3655e-13
1.09812e-12
1.60883e-12
2.31549e-12
3.27533e-12
4.56034e-12
6.25881e-12
8.47339e-12
1.13125e-11
1.49287e-11
1.95009e-11
2.50589e-11
3.23117e-11
4.17483e-11
5.48021e-11
7.38807e-11
1.04221e-10
1.52314e-10
2.33871e-10
3.76945e-10
6.38903e-10
1.10207e-09
1.91026e-09
3.16621e-09
4.82962e-09
6.74721e-09
8.72682e-09
1.06593e-08
1.25159e-08
1.43303e-08
1.62032e-08
1.82982e-08
2.08371e-08
2.41244e-08
2.84099e-08
3.38201e-08
4.04021e-08
4.79543e-08
5.56123e-08
6.1969e-08
6.54456e-08
6.40374e-08
5.60257e-08
4.12799e-08
2.35501e-08
1.29039e-08
6.99737e-09
3.75407e-09
1.97068e-09
1.07558e-09
6.72948e-10
5.98899e-10
8.18782e-10
1.27182e-09
1.63213e-09
1.58846e-09
1.19086e-09
7.36437e-10
4.68918e-10
3.27753e-10
2.38125e-10
1.74746e-10
1.2774e-10
9.32378e-11
6.5856e-11
4.5432e-11
3.05126e-11
1.99441e-11
1.27137e-11
7.9068e-12
4.81335e-12
2.87488e-12
1.68867e-12
9.76382e-13
5.5667e-13
3.13307e-13
1.74245e-13
9.58407e-14
5.21978e-14
2.81506e-14
1.50499e-14
7.98173e-15
4.20229e-15
2.19781e-15
1.14189e-15
5.89517e-16
3.02216e-16
1.53528e-16
7.69e-17
3.75445e-17
1.73854e-17
7.07265e-18
1.63479e-18
8.30748e-15
3.16699e-14
6.60691e-14
1.17982e-13
1.95927e-13
3.12081e-13
4.83624e-13
7.34112e-13
1.09454e-12
1.60366e-12
2.30817e-12
3.26516e-12
4.54654e-12
6.24051e-12
8.44901e-12
1.12821e-11
1.48909e-11
1.94527e-11
2.4997e-11
3.22222e-11
4.16273e-11
5.46384e-11
7.36439e-11
1.03857e-10
1.51723e-10
2.32893e-10
3.75294e-10
6.36157e-10
1.09769e-09
1.904e-09
3.15977e-09
4.82644e-09
6.75113e-09
8.74068e-09
1.0684e-08
1.2552e-08
1.4378e-08
1.62645e-08
1.83735e-08
2.09293e-08
2.42373e-08
2.85462e-08
3.39775e-08
4.06768e-08
4.82466e-08
5.5901e-08
6.2211e-08
6.55763e-08
6.39825e-08
5.57219e-08
4.07461e-08
2.3023e-08
1.26022e-08
6.82776e-09
3.66133e-09
1.92304e-09
1.0527e-09
6.65752e-10
6.04716e-10
8.39139e-10
1.30021e-09
1.65031e-09
1.58603e-09
1.17201e-09
7.22626e-10
4.60788e-10
3.22775e-10
2.34628e-10
1.72185e-10
1.26083e-10
9.20525e-11
6.50365e-11
4.4825e-11
3.00862e-11
1.9657e-11
1.25282e-11
7.79056e-12
4.74267e-12
2.83288e-12
1.66432e-12
9.62512e-13
5.48898e-13
3.09015e-13
1.71906e-13
9.4581e-14
5.15276e-14
2.77968e-14
1.48647e-14
7.8856e-15
4.15283e-15
2.17202e-15
1.12874e-15
5.8284e-16
2.98843e-16
1.51836e-16
7.60613e-17
3.71382e-17
1.71983e-17
6.99678e-18
1.61729e-18
8.28362e-15
3.1579e-14
6.58798e-14
1.17644e-13
1.95368e-13
3.11195e-13
4.82263e-13
7.32071e-13
1.09154e-12
1.59935e-12
2.30209e-12
3.25676e-12
4.53523e-12
6.22574e-12
8.42978e-12
1.12582e-11
1.48607e-11
1.94152e-11
2.49507e-11
3.21528e-11
4.15363e-11
5.45126e-11
7.34538e-11
1.03558e-10
1.51233e-10
2.32081e-10
3.73946e-10
6.33929e-10
1.09422e-09
1.89913e-09
3.15488e-09
4.82361e-09
6.75082e-09
8.75189e-09
1.07054e-08
1.25833e-08
1.44199e-08
1.63168e-08
1.84379e-08
2.10087e-08
2.43361e-08
2.86694e-08
3.41305e-08
4.0865e-08
4.84545e-08
5.61037e-08
6.23691e-08
6.56376e-08
6.38925e-08
5.54609e-08
4.03885e-08
2.24295e-08
1.22906e-08
6.66366e-09
3.57403e-09
1.87915e-09
1.03191e-09
6.59172e-10
6.093e-10
8.55431e-10
1.32224e-09
1.66302e-09
1.58284e-09
1.15671e-09
7.11769e-10
4.5457e-10
3.18935e-10
2.3192e-10
1.70156e-10
1.24744e-10
9.10075e-11
6.42649e-11
4.42891e-11
2.97207e-11
1.94141e-11
1.2372e-11
7.69257e-12
4.68287e-12
2.79724e-12
1.64355e-12
9.5061e-13
5.42191e-13
3.0529e-13
1.69864e-13
9.3476e-14
5.09367e-14
2.74835e-14
1.47001e-14
7.79971e-15
4.10843e-15
2.14915e-15
1.11702e-15
5.7687e-16
2.95819e-16
1.50315e-16
7.5306e-17
3.67718e-17
1.70294e-17
6.92821e-18
1.60146e-18
8.26378e-15
3.15035e-14
6.57224e-14
1.17364e-13
1.94904e-13
3.10459e-13
4.81131e-13
7.30372e-13
1.08905e-12
1.59575e-12
2.29698e-12
3.24967e-12
4.52559e-12
6.21296e-12
8.41277e-12
1.1236e-11
1.48333e-11
1.93822e-11
2.49119e-11
3.20963e-11
4.14657e-11
5.44144e-11
7.33102e-11
1.03336e-10
1.50883e-10
2.31501e-10
3.7299e-10
6.32375e-10
1.09189e-09
1.89625e-09
3.15356e-09
4.82847e-09
6.76417e-09
8.76619e-09
1.07253e-08
1.26103e-08
1.44547e-08
1.63603e-08
1.84915e-08
2.10752e-08
2.44197e-08
2.87753e-08
3.42632e-08
4.10249e-08
4.8632e-08
5.62775e-08
6.25032e-08
6.56834e-08
6.37967e-08
5.51852e-08
3.99529e-08
2.21451e-08
1.21224e-08
6.56587e-09
3.51957e-09
1.85089e-09
1.01843e-09
6.55285e-10
6.1364e-10
8.68846e-10
1.33947e-09
1.67241e-09
1.57954e-09
1.14431e-09
7.03174e-10
4.49739e-10
3.16076e-10
2.29916e-10
1.68664e-10
1.23762e-10
9.02548e-11
6.37028e-11
4.38812e-11
2.94338e-11
1.92193e-11
1.22449e-11
7.61202e-12
4.63331e-12
2.7675e-12
1.6261e-12
9.40559e-13
5.36495e-13
3.02111e-13
1.68114e-13
9.25246e-14
5.04259e-14
2.72116e-14
1.45567e-14
7.72473e-15
4.06955e-15
2.12909e-15
1.10674e-15
5.71623e-16
2.93158e-16
1.48976e-16
7.46402e-17
3.64486e-17
1.68803e-17
6.86767e-18
1.58748e-18
8.2476e-15
3.14418e-14
6.55941e-14
1.17135e-13
1.94525e-13
3.09859e-13
4.8021e-13
7.2899e-13
1.08702e-12
1.59282e-12
2.29282e-12
3.24387e-12
4.51768e-12
6.20243e-12
8.39859e-12
1.12189e-11
1.4813e-11
1.93581e-11
2.48825e-11
3.20525e-11
4.14077e-11
5.43361e-11
7.31967e-11
1.03167e-10
1.50618e-10
2.31083e-10
3.72305e-10
6.31268e-10
1.09015e-09
1.89377e-09
3.15081e-09
4.82546e-09
6.76113e-09
8.7741e-09
1.07407e-08
1.26322e-08
1.44828e-08
1.63955e-08
1.85352e-08
2.11298e-08
2.4489e-08
2.88618e-08
3.43687e-08
4.11495e-08
4.87691e-08
5.64106e-08
6.26038e-08
6.57118e-08
6.37074e-08
5.49461e-08
3.95878e-08
2.19567e-08
1.20112e-08
6.50142e-09
3.48272e-09
1.83155e-09
1.00927e-09
6.53266e-10
6.18297e-10
8.81224e-10
1.35515e-09
1.68102e-09
1.57686e-09
1.1342e-09
6.96271e-10
4.45968e-10
3.13888e-10
2.28378e-10
1.67521e-10
1.23009e-10
8.96826e-11
6.32669e-11
4.35589e-11
2.92042e-11
1.90622e-11
1.21416e-11
7.54611e-12
4.59254e-12
2.74292e-12
1.61161e-12
9.32175e-13
5.31727e-13
2.9944e-13
1.66639e-13
9.17199e-14
4.99925e-14
2.69804e-14
1.44345e-14
7.66067e-15
4.03627e-15
2.1119e-15
1.09791e-15
5.67113e-16
2.90869e-16
1.47823e-16
7.40668e-17
3.61701e-17
1.67518e-17
6.81548e-18
1.57542e-18
8.23477e-15
3.1393e-14
6.54924e-14
1.16954e-13
1.94226e-13
3.09386e-13
4.79483e-13
7.27901e-13
1.08542e-12
1.59052e-12
2.28956e-12
3.23936e-12
4.51162e-12
6.19453e-12
8.3882e-12
1.12061e-11
1.47971e-11
1.93388e-11
2.48589e-11
3.20178e-11
4.13655e-11
5.42792e-11
7.31154e-11
1.03044e-10
1.50426e-10
2.30779e-10
3.71811e-10
6.30475e-10
1.08895e-09
1.8922e-09
3.14963e-09
4.8259e-09
6.77015e-09
8.78485e-09
1.07553e-08
1.26516e-08
1.45074e-08
1.64258e-08
1.85726e-08
2.1176e-08
2.45466e-08
2.89338e-08
3.44572e-08
4.12543e-08
4.8885e-08
5.65252e-08
6.26949e-08
6.5748e-08
6.36517e-08
5.47708e-08
3.93204e-08
2.17824e-08
1.1914e-08
6.44711e-09
3.45269e-09
1.8163e-09
1.00238e-09
6.5219e-10
6.22872e-10
8.92673e-10
1.36965e-09
1.68941e-09
1.57549e-09
1.12639e-09
6.90856e-10
4.43014e-10
3.12167e-10
2.27181e-10
1.66612e-10
1.22417e-10
8.92205e-11
6.29159e-11
4.32995e-11
2.90194e-11
1.89357e-11
1.20585e-11
7.49302e-12
4.55959e-12
2.72297e-12
1.59981e-12
9.25323e-13
5.27817e-13
2.97244e-13
1.65422e-13
9.10548e-14
4.96336e-14
2.67885e-14
1.43329e-14
7.60736e-15
4.00853e-15
2.09755e-15
1.09053e-15
5.63346e-16
2.88955e-16
1.46859e-16
7.35872e-17
3.59371e-17
1.66442e-17
6.7718e-18
1.56533e-18
8.22498e-15
3.13558e-14
6.54149e-14
1.16816e-13
1.93998e-13
3.09026e-13
4.78934e-13
7.27083e-13
1.08423e-12
1.58882e-12
2.2872e-12
3.23612e-12
4.5073e-12
6.18883e-12
8.38049e-12
1.11963e-11
1.47849e-11
1.9324e-11
2.48412e-11
3.19916e-11
4.1332e-11
5.42344e-11
7.30521e-11
1.0295e-10
1.5028e-10
2.30543e-10
3.7143e-10
6.29875e-10
1.08806e-09
1.89112e-09
3.14899e-09
4.82675e-09
6.77357e-09
8.7921e-09
1.07665e-08
1.26666e-08
1.45265e-08
1.64493e-08
1.86014e-08
2.12117e-08
2.45913e-08
2.89895e-08
3.45255e-08
4.13357e-08
4.89748e-08
5.66123e-08
6.27606e-08
6.57676e-08
6.36006e-08
5.46408e-08
3.91455e-08
2.16445e-08
1.18365e-08
6.40351e-09
3.42845e-09
1.805e-09
9.9775e-10
6.51893e-10
6.26823e-10
9.01949e-10
1.38149e-09
1.69677e-09
1.57521e-09
1.12082e-09
6.86901e-10
4.40842e-10
3.10891e-10
2.26279e-10
1.65923e-10
1.21969e-10
8.88692e-11
6.26515e-11
4.31046e-11
2.888e-11
1.88395e-11
1.19948e-11
7.45195e-12
4.53391e-12
2.70732e-12
1.59051e-12
9.19902e-13
5.24714e-13
2.95497e-13
1.64453e-13
9.05239e-14
4.93467e-14
2.6635e-14
1.42515e-14
7.56464e-15
3.9863e-15
2.08605e-15
1.08462e-15
5.60324e-16
2.8742e-16
1.46085e-16
7.32022e-17
3.57501e-17
1.65579e-17
6.73674e-18
1.55723e-18
8.218e-15
3.13292e-14
6.53598e-14
1.16718e-13
1.93838e-13
3.08775e-13
4.78551e-13
7.26516e-13
1.0834e-12
1.58763e-12
2.2855e-12
3.23373e-12
4.50398e-12
6.18441e-12
8.37459e-12
1.11892e-11
1.47763e-11
1.93139e-11
2.48291e-11
3.19737e-11
4.13095e-11
5.42044e-11
7.30096e-11
1.02886e-10
1.5018e-10
2.30381e-10
3.71162e-10
6.29438e-10
1.08739e-09
1.89019e-09
3.14804e-09
4.82573e-09
6.77094e-09
8.79549e-09
1.0774e-08
1.26774e-08
1.45403e-08
1.64665e-08
1.86225e-08
2.12377e-08
2.46241e-08
2.90306e-08
3.45762e-08
4.13965e-08
4.90436e-08
5.66823e-08
6.28187e-08
6.57939e-08
6.35706e-08
5.45358e-08
3.89851e-08
2.15447e-08
1.17787e-08
6.3674e-09
3.40039e-09
1.80795e-09
9.98817e-10
6.53443e-10
6.30428e-10
9.09073e-10
1.39051e-09
1.70272e-09
1.57556e-09
1.11709e-09
6.84158e-10
4.39328e-10
3.09991e-10
2.2564e-10
1.65438e-10
1.21653e-10
8.8622e-11
6.24615e-11
4.29622e-11
2.87773e-11
1.87686e-11
1.19478e-11
7.42182e-12
4.51524e-12
2.69605e-12
1.58384e-12
9.16017e-13
5.22488e-13
2.9424e-13
1.63753e-13
9.01393e-14
4.9138e-14
2.65227e-14
1.41918e-14
7.53308e-15
3.96979e-15
2.07747e-15
1.08019e-15
5.58055e-16
2.86267e-16
1.45504e-16
7.29127e-17
3.56095e-17
1.6493e-17
6.71038e-18
1.55114e-18
8.21352e-15
3.13122e-14
6.53243e-14
1.16655e-13
1.93734e-13
3.08609e-13
4.78296e-13
7.26131e-13
1.08283e-12
1.5868e-12
2.28432e-12
3.23209e-12
4.50178e-12
6.18155e-12
8.37079e-12
1.11845e-11
1.47707e-11
1.93072e-11
2.48214e-11
3.19624e-11
4.12954e-11
5.41857e-11
7.29831e-11
1.02846e-10
1.50118e-10
2.30283e-10
3.71008e-10
6.29206e-10
1.08709e-09
1.88988e-09
3.14808e-09
4.82663e-09
6.7731e-09
8.79933e-09
1.07795e-08
1.26847e-08
1.45494e-08
1.64776e-08
1.8636e-08
2.12544e-08
2.46449e-08
2.90567e-08
3.46085e-08
4.14351e-08
4.90868e-08
5.67254e-08
6.28533e-08
6.58082e-08
6.35513e-08
5.44755e-08
3.88976e-08
2.14826e-08
1.17428e-08
6.34663e-09
3.38864e-09
1.8022e-09
9.96354e-10
6.5313e-10
6.32136e-10
9.13166e-10
1.39563e-09
1.70581e-09
1.57534e-09
1.11454e-09
6.82364e-10
4.3835e-10
3.09418e-10
2.25232e-10
1.65125e-10
1.21451e-10
8.84617e-11
6.23382e-11
4.28699e-11
2.87103e-11
1.87216e-11
1.19165e-11
7.40177e-12
4.50274e-12
2.68844e-12
1.57934e-12
9.13402e-13
5.20997e-13
2.93403e-13
1.6329e-13
8.98862e-14
4.90013e-14
2.64496e-14
1.4153e-14
7.51271e-15
3.95916e-15
2.07195e-15
1.07734e-15
5.56586e-16
2.85515e-16
1.45123e-16
7.27222e-17
3.55165e-17
1.645e-17
6.69288e-18
1.5471e-18
8.21128e-15
3.13036e-14
6.53065e-14
1.16624e-13
1.93681e-13
3.08526e-13
4.78169e-13
7.2594e-13
1.08255e-12
1.5864e-12
2.28375e-12
3.2313e-12
4.50072e-12
6.18016e-12
8.36894e-12
1.11822e-11
1.4768e-11
1.9304e-11
2.48177e-11
3.19568e-11
4.12885e-11
5.41765e-11
7.297e-11
1.02827e-10
1.50089e-10
2.3024e-10
3.70947e-10
6.29137e-10
1.08707e-09
1.89009e-09
3.14911e-09
4.82984e-09
6.78176e-09
8.8041e-09
1.07834e-08
1.26887e-08
1.4554e-08
1.6483e-08
1.86426e-08
2.12623e-08
2.46547e-08
2.90687e-08
3.46227e-08
4.14512e-08
4.91032e-08
5.67392e-08
6.28603e-08
6.58047e-08
6.35378e-08
5.4461e-08
3.88947e-08
2.14532e-08
1.17231e-08
6.33621e-09
3.38643e-09
1.79223e-09
9.91875e-10
6.51625e-10
6.32715e-10
9.15851e-10
1.39952e-09
1.70843e-09
1.57549e-09
1.11314e-09
6.81358e-10
4.37807e-10
3.09109e-10
2.25022e-10
1.64969e-10
1.21351e-10
8.83843e-11
6.22789e-11
4.28255e-11
2.86778e-11
1.86984e-11
1.19004e-11
7.39097e-12
4.49584e-12
2.68419e-12
1.5768e-12
9.11926e-13
5.20154e-13
2.92931e-13
1.63029e-13
8.97439e-14
4.89249e-14
2.64089e-14
1.41316e-14
7.5015e-15
3.95337e-15
2.06897e-15
1.07582e-15
5.55815e-16
2.85126e-16
1.44927e-16
7.26253e-17
3.54696e-17
1.64283e-17
6.68409e-18
1.54507e-18
8.21125e-15
3.13035e-14
6.53063e-14
1.16623e-13
1.9368e-13
3.08525e-13
4.78167e-13
7.25937e-13
1.08255e-12
1.58639e-12
2.28374e-12
3.23129e-12
4.5007e-12
6.18014e-12
8.36891e-12
1.11822e-11
1.4768e-11
1.9304e-11
2.48177e-11
3.19568e-11
4.12885e-11
5.41766e-11
7.29704e-11
1.02828e-10
1.50092e-10
2.30249e-10
3.70967e-10
6.29175e-10
1.08713e-09
1.89019e-09
3.14918e-09
4.82972e-09
6.78091e-09
8.80404e-09
1.07834e-08
1.26887e-08
1.4554e-08
1.6483e-08
1.86426e-08
2.12623e-08
2.46547e-08
2.90687e-08
3.46229e-08
4.14517e-08
4.91045e-08
5.67422e-08
6.28663e-08
6.58158e-08
6.35567e-08
5.44936e-08
3.89694e-08
2.1339e-08
1.16763e-08
6.31887e-09
3.38381e-09
1.78234e-09
9.87347e-10
6.49609e-10
6.31845e-10
9.15337e-10
1.39869e-09
1.70728e-09
1.57453e-09
1.1126e-09
6.81132e-10
4.37716e-10
3.0907e-10
2.25004e-10
1.6496e-10
1.21346e-10
8.83822e-11
6.22781e-11
4.28251e-11
2.86774e-11
1.86979e-11
1.18998e-11
7.39049e-12
4.49547e-12
2.68394e-12
1.57664e-12
9.11825e-13
5.20095e-13
2.92897e-13
1.63011e-13
8.9734e-14
4.89197e-14
2.64063e-14
1.41302e-14
7.50083e-15
3.95304e-15
2.06882e-15
1.07575e-15
5.55782e-16
2.85111e-16
1.44921e-16
7.26226e-17
3.54684e-17
1.64278e-17
6.68391e-18
1.54503e-18
8.21345e-15
3.13119e-14
6.53237e-14
1.16654e-13
1.93731e-13
3.08605e-13
4.78289e-13
7.26118e-13
1.08281e-12
1.58678e-12
2.28428e-12
3.23204e-12
4.50171e-12
6.18146e-12
8.37069e-12
1.11844e-11
1.47706e-11
1.93071e-11
2.48214e-11
3.19623e-11
4.12954e-11
5.4186e-11
7.29839e-11
1.02849e-10
1.50126e-10
2.30303e-10
3.71051e-10
6.29294e-10
1.08725e-09
1.89023e-09
3.1488e-09
4.82822e-09
6.77695e-09
8.80099e-09
1.07802e-08
1.26849e-08
1.45494e-08
1.64774e-08
1.86357e-08
2.12539e-08
2.46442e-08
2.90557e-08
3.46069e-08
4.14325e-08
4.90826e-08
5.67191e-08
6.28444e-08
6.57974e-08
6.35412e-08
5.447e-08
3.88985e-08
2.14707e-08
1.17328e-08
6.34378e-09
3.39506e-09
1.78665e-09
9.88821e-10
6.49694e-10
6.30846e-10
9.1309e-10
1.39586e-09
1.7055e-09
1.57451e-09
1.11381e-09
6.81995e-10
4.38185e-10
3.09342e-10
2.25195e-10
1.65106e-10
1.21439e-10
8.84564e-11
6.23356e-11
4.28686e-11
2.87094e-11
1.87203e-11
1.19148e-11
7.40013e-12
4.50149e-12
2.68759e-12
1.5788e-12
9.13082e-13
5.20813e-13
2.93301e-13
1.63234e-13
8.98565e-14
4.89859e-14
2.64418e-14
1.41491e-14
7.51077e-15
3.95823e-15
2.07151e-15
1.07714e-15
5.56497e-16
2.85476e-16
1.45106e-16
7.27149e-17
3.55134e-17
1.64487e-17
6.6924e-18
1.54699e-18
8.21801e-15
3.13293e-14
6.53598e-14
1.16718e-13
1.93837e-13
3.08772e-13
4.78544e-13
7.265e-13
1.08337e-12
1.58758e-12
2.28541e-12
3.23361e-12
4.50384e-12
6.18426e-12
8.37444e-12
1.1189e-11
1.47763e-11
1.93138e-11
2.48293e-11
3.19739e-11
4.131e-11
5.42054e-11
7.30117e-11
1.02891e-10
1.50191e-10
2.30405e-10
3.71214e-10
6.2954e-10
1.08758e-09
1.89056e-09
3.14875e-09
4.82721e-09
6.77433e-09
8.79694e-09
1.07745e-08
1.26774e-08
1.454e-08
1.6466e-08
1.86218e-08
2.12367e-08
2.46227e-08
2.90288e-08
3.45739e-08
4.13934e-08
4.90393e-08
5.66766e-08
6.2812e-08
6.57884e-08
6.35719e-08
5.45549e-08
3.90395e-08
2.14769e-08
1.17444e-08
6.35363e-09
3.40183e-09
1.79054e-09
9.90659e-10
6.49794e-10
6.29009e-10
9.08768e-10
1.3904e-09
1.70211e-09
1.57463e-09
1.11633e-09
6.83772e-10
4.39147e-10
3.09902e-10
2.25593e-10
1.6541e-10
1.21635e-10
8.86113e-11
6.24563e-11
4.29607e-11
2.87758e-11
1.87666e-11
1.19461e-11
7.42049e-12
4.51425e-12
2.69537e-12
1.58342e-12
9.15769e-13
5.22349e-13
2.94165e-13
1.63714e-13
9.01189e-14
4.91278e-14
2.65177e-14
1.41893e-14
7.53192e-15
3.96925e-15
2.07722e-15
1.08007e-15
5.57997e-16
2.86238e-16
1.4549e-16
7.2906e-17
3.56063e-17
1.64916e-17
6.70981e-18
1.55101e-18
8.22508e-15
3.13562e-14
6.54157e-14
1.16818e-13
1.94002e-13
3.09032e-13
4.78942e-13
7.27094e-13
1.08424e-12
1.58883e-12
2.28718e-12
3.23605e-12
4.50714e-12
6.18858e-12
8.38019e-12
1.11961e-11
1.47849e-11
1.93241e-11
2.48415e-11
3.19921e-11
4.13328e-11
5.42359e-11
7.30547e-11
1.02955e-10
1.5029e-10
2.30563e-10
3.71469e-10
6.29947e-10
1.08819e-09
1.89131e-09
3.14929e-09
4.82718e-09
6.7742e-09
8.79236e-09
1.07665e-08
1.26663e-08
1.45258e-08
1.64484e-08
1.86002e-08
2.121e-08
2.45891e-08
2.89866e-08
3.45222e-08
4.1332e-08
4.89716e-08
5.66107e-08
6.27625e-08
6.57761e-08
6.36214e-08
5.46843e-08
3.92397e-08
2.15192e-08
1.17766e-08
6.37484e-09
3.41473e-09
1.7986e-09
9.94781e-10
6.5075e-10
6.26876e-10
9.03149e-10
1.38361e-09
1.6987e-09
1.57594e-09
1.12063e-09
6.86606e-10
4.4064e-10
3.10771e-10
2.26213e-10
1.65892e-10
1.2195e-10
8.88603e-11
6.26474e-11
4.31001e-11
2.88761e-11
1.88371e-11
1.19933e-11
7.45106e-12
4.53341e-12
2.70704e-12
1.59036e-12
9.19817e-13
5.24667e-13
2.95471e-13
1.64439e-13
9.05165e-14
4.93427e-14
2.66328e-14
1.42504e-14
7.56399e-15
3.98595e-15
2.08586e-15
1.08452e-15
5.60268e-16
2.87391e-16
1.46071e-16
7.3195e-17
3.57466e-17
1.65563e-17
6.73611e-18
1.55709e-18
8.23488e-15
3.13934e-14
6.54934e-14
1.16956e-13
1.9423e-13
3.09392e-13
4.79494e-13
7.27919e-13
1.08545e-12
1.59056e-12
2.28964e-12
3.23946e-12
4.51174e-12
6.19462e-12
8.38821e-12
1.1206e-11
1.47969e-11
1.93386e-11
2.48589e-11
3.2018e-11
4.13662e-11
5.42807e-11
7.31181e-11
1.03049e-10
1.50435e-10
2.30798e-10
3.71846e-10
6.30538e-10
1.08905e-09
1.89237e-09
3.14984e-09
4.82613e-09
6.77032e-09
8.78486e-09
1.07551e-08
1.2651e-08
1.45065e-08
1.64245e-08
1.85707e-08
2.11735e-08
2.45433e-08
2.89297e-08
3.44522e-08
4.12488e-08
4.88792e-08
5.65187e-08
6.26869e-08
6.57383e-08
6.3643e-08
5.47721e-08
3.934e-08
2.17669e-08
1.19005e-08
6.43482e-09
3.43734e-09
1.82604e-09
1.00651e-09
6.54163e-10
6.24296e-10
8.94537e-10
1.37243e-09
1.6922e-09
1.5769e-09
1.12636e-09
6.90505e-10
4.42706e-10
3.11949e-10
2.27047e-10
1.66526e-10
1.22363e-10
8.91805e-11
6.28913e-11
4.3286e-11
2.90124e-11
1.89319e-11
1.20565e-11
7.49187e-12
4.55893e-12
2.72259e-12
1.5996e-12
9.25207e-13
5.27754e-13
2.9721e-13
1.65405e-13
9.10457e-14
4.9629e-14
2.67861e-14
1.43316e-14
7.60669e-15
4.00818e-15
2.09737e-15
1.09043e-15
5.63293e-16
2.88928e-16
1.46845e-16
7.35801e-17
3.59337e-17
1.66426e-17
6.77116e-18
1.56518e-18
8.24769e-15
3.14422e-14
6.55949e-14
1.17137e-13
1.94529e-13
3.09865e-13
4.8022e-13
7.29006e-13
1.08704e-12
1.59286e-12
2.29289e-12
3.24397e-12
4.51784e-12
6.20265e-12
8.39887e-12
1.12191e-11
1.48129e-11
1.93576e-11
2.48815e-11
3.20512e-11
4.14075e-11
5.43369e-11
7.31989e-11
1.03172e-10
1.50629e-10
2.31107e-10
3.72358e-10
6.31369e-10
1.09032e-09
1.89403e-09
3.15121e-09
4.82628e-09
6.7635e-09
8.77528e-09
1.07414e-08
1.26329e-08
1.44834e-08
1.63958e-08
1.85353e-08
2.11293e-08
2.44875e-08
2.88594e-08
3.43656e-08
4.11469e-08
4.87691e-08
5.64152e-08
6.26151e-08
6.57293e-08
6.37249e-08
5.49493e-08
3.95686e-08
2.19742e-08
1.20211e-08
6.50624e-09
3.48499e-09
1.83391e-09
1.01106e-09
6.54756e-10
6.20134e-10
8.84313e-10
1.35943e-09
1.68455e-09
1.57805e-09
1.1335e-09
6.95451e-10
4.45418e-10
3.13534e-10
2.28169e-10
1.67388e-10
1.22928e-10
8.96307e-11
6.32312e-11
4.35363e-11
2.91913e-11
1.90553e-11
1.2138e-11
7.54426e-12
4.59157e-12
2.7424e-12
1.61134e-12
9.32035e-13
5.31655e-13
2.99404e-13
1.66621e-13
9.17111e-14
4.99883e-14
2.69783e-14
1.44334e-14
7.66012e-15
4.03598e-15
2.11175e-15
1.09783e-15
5.6707e-16
2.90846e-16
1.47811e-16
7.40606e-17
3.6167e-17
1.67503e-17
6.81488e-18
1.57528e-18
8.26384e-15
3.15037e-14
6.5723e-14
1.17365e-13
1.94906e-13
3.10464e-13
4.8114e-13
7.30386e-13
1.08907e-12
1.59579e-12
2.29704e-12
3.24975e-12
4.52572e-12
6.21314e-12
8.41301e-12
1.12363e-11
1.48336e-11
1.93825e-11
2.49123e-11
3.20959e-11
4.14643e-11
5.44142e-11
7.33115e-11
1.03341e-10
1.50896e-10
2.31532e-10
3.73055e-10
6.32495e-10
1.09203e-09
1.89626e-09
3.15287e-09
4.82548e-09
6.76129e-09
8.76596e-09
1.07257e-08
1.26107e-08
1.4455e-08
1.63606e-08
1.84917e-08
2.10751e-08
2.44193e-08
2.87737e-08
3.42598e-08
4.10198e-08
4.86265e-08
5.62746e-08
6.25054e-08
6.569e-08
6.37982e-08
5.51596e-08
3.98772e-08
2.22311e-08
1.21656e-08
6.58717e-09
3.52982e-09
1.85592e-09
1.02106e-09
6.57051e-10
6.15566e-10
8.71777e-10
1.34332e-09
1.67518e-09
1.57982e-09
1.14319e-09
7.02228e-10
4.49159e-10
3.15775e-10
2.29744e-10
1.68564e-10
1.23702e-10
9.02201e-11
6.36751e-11
4.38606e-11
2.94204e-11
1.92115e-11
1.22406e-11
7.60974e-12
4.63214e-12
2.76691e-12
1.62581e-12
9.40417e-13
5.36428e-13
3.0208e-13
1.681e-13
9.25183e-14
5.04232e-14
2.72104e-14
1.45561e-14
7.72445e-15
4.0694e-15
2.12901e-15
1.10669e-15
5.71597e-16
2.93143e-16
1.48968e-16
7.46357e-17
3.64462e-17
1.68791e-17
6.86719e-18
1.58736e-18
8.28366e-15
3.15792e-14
6.58802e-14
1.17645e-13
1.9537e-13
3.11199e-13
4.8227e-13
7.32081e-13
1.09156e-12
1.59937e-12
2.30211e-12
3.25679e-12
4.53525e-12
6.22572e-12
8.42967e-12
1.12582e-11
1.48607e-11
1.94155e-11
2.49514e-11
3.21541e-11
4.1537e-11
5.45116e-11
7.34529e-11
1.0356e-10
1.51241e-10
2.32102e-10
3.73994e-10
6.34031e-10
1.09441e-09
1.89953e-09
3.15581e-09
4.82615e-09
6.75828e-09
8.75486e-09
1.07068e-08
1.25841e-08
1.44203e-08
1.63171e-08
1.8438e-08
2.10086e-08
2.43362e-08
2.867e-08
3.41323e-08
4.08684e-08
4.84608e-08
5.61119e-08
6.23777e-08
6.56427e-08
6.38845e-08
5.54172e-08
4.02713e-08
2.25542e-08
1.23458e-08
6.68777e-09
3.58488e-09
1.88397e-09
1.03431e-09
6.60606e-10
6.10675e-10
8.57402e-10
1.32451e-09
1.66457e-09
1.58279e-09
1.15591e-09
7.11115e-10
4.54154e-10
3.18758e-10
2.31841e-10
1.70127e-10
1.24724e-10
9.09894e-11
6.42463e-11
4.42735e-11
2.97094e-11
1.9407e-11
1.2368e-11
7.69045e-12
4.68181e-12
2.79673e-12
1.64331e-12
9.50502e-13
5.42144e-13
3.05271e-13
1.69858e-13
9.34739e-14
5.09363e-14
2.74835e-14
1.47002e-14
7.79978e-15
4.10846e-15
2.14916e-15
1.11702e-15
5.76866e-16
2.95814e-16
1.50312e-16
7.53036e-17
3.67704e-17
1.70286e-17
6.92788e-18
1.60138e-18
8.30748e-15
3.16699e-14
6.60693e-14
1.17982e-13
1.95928e-13
3.12083e-13
4.8363e-13
7.34122e-13
1.09455e-12
1.60368e-12
2.3082e-12
3.26519e-12
4.54656e-12
6.24052e-12
8.44896e-12
1.12818e-11
1.48908e-11
1.94531e-11
2.49985e-11
3.22238e-11
4.16297e-11
5.46417e-11
7.3648e-11
1.03861e-10
1.51729e-10
2.32901e-10
3.75298e-10
6.36179e-10
1.09772e-09
1.90409e-09
3.15983e-09
4.82613e-09
6.74927e-09
8.74059e-09
1.06846e-08
1.2553e-08
1.43792e-08
1.62658e-08
1.83749e-08
2.09308e-08
2.4239e-08
2.85482e-08
3.39807e-08
4.06821e-08
4.82533e-08
5.59105e-08
6.22246e-08
6.55947e-08
6.40065e-08
5.57624e-08
4.0841e-08
2.29013e-08
1.25486e-08
6.80466e-09
3.65114e-09
1.92021e-09
1.05206e-09
6.65888e-10
6.05139e-10
8.39713e-10
1.30079e-09
1.65044e-09
1.58595e-09
1.17193e-09
7.22598e-10
4.608e-10
3.22773e-10
2.34626e-10
1.72169e-10
1.26057e-10
9.19976e-11
6.50104e-11
4.48119e-11
3.00794e-11
1.96533e-11
1.25262e-11
7.78948e-12
4.74211e-12
2.83261e-12
1.66419e-12
9.6246e-13
5.4888e-13
3.09011e-13
1.71907e-13
9.4583e-14
5.15293e-14
2.7798e-14
1.48654e-14
7.88598e-15
4.15302e-15
2.17211e-15
1.12878e-15
5.82854e-16
2.98847e-16
1.51837e-16
7.60608e-17
3.71376e-17
1.71979e-17
6.99657e-18
1.61724e-18
8.33573e-15
3.17775e-14
6.62936e-14
1.18382e-13
1.96592e-13
3.13136e-13
4.85251e-13
7.36559e-13
1.09814e-12
1.60886e-12
2.31553e-12
3.27538e-12
4.56043e-12
6.25898e-12
8.4736e-12
1.13128e-11
1.49288e-11
1.95005e-11
2.50576e-11
3.23107e-11
4.17483e-11
5.48033e-11
7.38838e-11
1.04228e-10
1.52333e-10
2.33914e-10
3.77044e-10
6.39062e-10
1.10235e-09
1.91051e-09
3.16637e-09
4.82937e-09
6.7456e-09
8.72703e-09
1.06603e-08
1.25175e-08
1.43324e-08
1.62059e-08
1.83018e-08
2.08422e-08
2.41316e-08
2.84201e-08
3.38337e-08
4.04195e-08
4.79753e-08
5.56393e-08
6.20071e-08
6.54964e-08
6.41009e-08
5.61028e-08
4.13993e-08
2.34796e-08
1.28681e-08
6.97581e-09
3.73453e-09
1.98254e-09
1.08094e-09
6.75409e-10
6.00103e-10
8.19552e-10
1.27242e-09
1.63296e-09
1.58939e-09
1.19205e-09
7.37337e-10
4.69543e-10
3.27984e-10
2.38246e-10
1.74806e-10
1.27777e-10
9.32707e-11
6.5864e-11
4.54322e-11
3.05113e-11
1.9943e-11
1.27129e-11
7.90629e-12
4.81304e-12
2.87471e-12
1.68858e-12
9.76347e-13
5.5666e-13
3.13307e-13
1.74248e-13
9.58442e-14
5.22004e-14
2.81522e-14
1.50508e-14
7.98225e-15
4.20255e-15
2.19794e-15
1.14195e-15
5.89541e-16
3.02224e-16
1.5353e-16
7.69001e-17
3.75441e-17
1.73851e-17
7.07247e-18
1.63475e-18
8.36874e-15
3.19033e-14
6.65559e-14
1.18851e-13
1.97369e-13
3.14372e-13
4.87159e-13
7.39435e-13
1.10238e-12
1.615e-12
2.32428e-12
3.28761e-12
4.57715e-12
6.28131e-12
8.50341e-12
1.13505e-11
1.49756e-11
1.95575e-11
2.51301e-11
3.24196e-11
4.18906e-11
5.50083e-11
7.41908e-11
1.04718e-10
1.53108e-10
2.35194e-10
3.79188e-10
6.42735e-10
1.10828e-09
1.91916e-09
3.17556e-09
4.83452e-09
6.7407e-09
8.71208e-09
1.06328e-08
1.24765e-08
1.42775e-08
1.61359e-08
1.82137e-08
2.07324e-08
2.39937e-08
2.82463e-08
3.36175e-08
4.01507e-08
4.76594e-08
5.52936e-08
6.17006e-08
6.53089e-08
6.41208e-08
5.6395e-08
4.19143e-08
2.42352e-08
1.32808e-08
7.2043e-09
3.86722e-09
2.03108e-09
1.10545e-09
6.83473e-10
5.94036e-10
7.9765e-10
1.24163e-09
1.61377e-09
1.59393e-09
1.21617e-09
7.55274e-10
4.80036e-10
3.34416e-10
2.42688e-10
1.78049e-10
1.29997e-10
9.48306e-11
6.70044e-11
4.6233e-11
3.10528e-11
2.02983e-11
1.29381e-11
8.04523e-12
4.89643e-12
2.92397e-12
1.71685e-12
9.92307e-13
5.6553e-13
3.18169e-13
1.76879e-13
9.72523e-14
5.29438e-14
2.85424e-14
1.5254e-14
8.08722e-15
4.25628e-15
2.22623e-15
1.1563e-15
5.96797e-16
3.05877e-16
1.55358e-16
7.78043e-17
3.79814e-17
1.75862e-17
7.15396e-18
1.65354e-18
8.40667e-15
3.20479e-14
6.68577e-14
1.1939e-13
1.98265e-13
3.15799e-13
4.89364e-13
7.42766e-13
1.10732e-12
1.62219e-12
2.33459e-12
3.30217e-12
4.59729e-12
6.30858e-12
8.53965e-12
1.13975e-11
1.50358e-11
1.96342e-11
2.52294e-11
3.25671e-11
4.20805e-11
5.52827e-11
7.45928e-11
1.05316e-10
1.54093e-10
2.36893e-10
3.82137e-10
6.47684e-10
1.11652e-09
1.9314e-09
3.18918e-09
4.84513e-09
6.74354e-09
8.69889e-09
1.06031e-08
1.24295e-08
1.42125e-08
1.60519e-08
1.81059e-08
2.05978e-08
2.38237e-08
2.80308e-08
3.33495e-08
3.98209e-08
4.72702e-08
5.48802e-08
6.13339e-08
6.50833e-08
6.41349e-08
5.67334e-08
4.2576e-08
2.50703e-08
1.37352e-08
7.45038e-09
3.99992e-09
2.09906e-09
1.13847e-09
6.95034e-10
5.88896e-10
7.74561e-10
1.20805e-09
1.59233e-09
1.59653e-09
1.23698e-09
7.79745e-10
4.93452e-10
3.42063e-10
2.47852e-10
1.81631e-10
1.32431e-10
9.66502e-11
6.83359e-11
4.71748e-11
3.16932e-11
2.07183e-11
1.32034e-11
8.20798e-12
4.99348e-12
2.98057e-12
1.74909e-12
1.01036e-12
5.7548e-13
3.23576e-13
1.79781e-13
9.8793e-14
5.37486e-14
2.89619e-14
1.5471e-14
8.19882e-15
4.31337e-15
2.25536e-15
1.17111e-15
6.0429e-16
3.09652e-16
1.57247e-16
7.87395e-17
3.84337e-17
1.77943e-17
7.23826e-18
1.67297e-18
8.44934e-15
3.22106e-14
6.71974e-14
1.19998e-13
1.99276e-13
3.17412e-13
4.91865e-13
7.46555e-13
1.11295e-12
1.63044e-12
2.3465e-12
3.31907e-12
4.62077e-12
6.34047e-12
8.58198e-12
1.14522e-11
1.51054e-11
1.97216e-11
2.53382e-11
3.27316e-11
4.23125e-11
5.55969e-11
7.50856e-11
1.06121e-10
1.55426e-10
2.39076e-10
3.85845e-10
6.54042e-10
1.12711e-09
1.94686e-09
3.20731e-09
4.85875e-09
6.74341e-09
8.68498e-09
1.05707e-08
1.23772e-08
1.41393e-08
1.59559e-08
1.79835e-08
2.04407e-08
2.36216e-08
2.77703e-08
3.30255e-08
3.94295e-08
4.68318e-08
5.44243e-08
6.09055e-08
6.47792e-08
6.40958e-08
5.70966e-08
4.33873e-08
2.57947e-08
1.41575e-08
7.69056e-09
4.12501e-09
2.19112e-09
1.18342e-09
7.11671e-10
5.84456e-10
7.48612e-10
1.1683e-09
1.56471e-09
1.59812e-09
1.26406e-09
8.03071e-10
5.06478e-10
3.49145e-10
2.52598e-10
1.85215e-10
1.3525e-10
9.8819e-11
6.99175e-11
4.82789e-11
3.2437e-11
2.12033e-11
1.3508e-11
8.39361e-12
5.10336e-12
3.04399e-12
1.78487e-12
1.0302e-12
5.86303e-13
3.29398e-13
1.82875e-13
1.00419e-13
5.45895e-14
2.93969e-14
1.56945e-14
8.31298e-15
4.37145e-15
2.28464e-15
1.18594e-15
6.11779e-16
3.13422e-16
1.59133e-16
7.9672e-17
3.88842e-17
1.80012e-17
7.32193e-18
1.69227e-18
8.49621e-15
3.23894e-14
6.75713e-14
1.20668e-13
2.00393e-13
3.19198e-13
4.94643e-13
7.50782e-13
1.11927e-12
1.63973e-12
2.35999e-12
3.33835e-12
4.64775e-12
6.37737e-12
8.63132e-12
1.15165e-11
1.51882e-11
1.98274e-11
2.54743e-11
3.29322e-11
4.25808e-11
5.59858e-11
7.57076e-11
1.07081e-10
1.57007e-10
2.41853e-10
3.907e-10
6.62469e-10
1.14063e-09
1.96704e-09
3.23145e-09
4.87976e-09
6.75209e-09
8.67553e-09
1.05396e-08
1.23215e-08
1.4059e-08
1.58492e-08
1.78467e-08
2.02642e-08
2.33991e-08
2.74903e-08
3.2677e-08
3.89951e-08
4.63076e-08
5.38527e-08
6.03565e-08
6.43639e-08
6.39581e-08
5.73697e-08
4.41111e-08
2.6766e-08
1.46955e-08
7.98816e-09
4.28696e-09
2.27681e-09
1.22541e-09
7.26814e-10
5.78773e-10
7.19926e-10
1.12186e-09
1.52685e-09
1.59041e-09
1.27944e-09
8.20763e-10
5.15264e-10
3.53046e-10
2.55705e-10
1.87586e-10
1.37121e-10
1.00286e-10
7.10557e-11
4.91762e-11
3.3102e-11
2.1665e-11
1.38101e-11
8.58255e-12
5.21696e-12
3.11009e-12
1.82216e-12
1.05084e-12
5.97502e-13
3.35374e-13
1.86019e-13
1.02052e-13
5.54236e-14
2.98441e-14
1.59202e-14
8.42648e-15
4.42842e-15
2.31308e-15
1.20027e-15
6.19082e-16
3.17091e-16
1.60954e-16
8.05619e-17
3.93086e-17
1.81936e-17
7.39893e-18
1.70987e-18
8.54589e-15
3.2579e-14
6.79678e-14
1.21379e-13
2.01581e-13
3.21103e-13
4.97614e-13
7.55323e-13
1.12609e-12
1.64984e-12
2.37479e-12
3.35966e-12
4.67785e-12
6.41894e-12
8.68755e-12
1.15907e-11
1.5285e-11
1.99533e-11
2.56394e-11
3.31749e-11
4.29183e-11
5.64879e-11
7.65374e-11
1.08408e-10
1.59094e-10
2.45346e-10
3.96776e-10
6.72909e-10
1.15825e-09
1.99297e-09
3.26361e-09
4.90965e-09
6.76836e-09
8.67202e-09
1.0512e-08
1.22676e-08
1.39765e-08
1.57369e-08
1.77011e-08
2.00785e-08
2.31554e-08
2.71758e-08
3.22694e-08
3.84852e-08
4.57004e-08
5.31765e-08
5.96968e-08
6.38301e-08
6.37041e-08
5.75402e-08
4.47343e-08
2.79041e-08
1.53196e-08
8.3349e-09
4.48891e-09
2.35975e-09
1.26507e-09
7.41172e-10
5.7113e-10
6.86103e-10
1.07371e-09
1.48375e-09
1.57565e-09
1.29038e-09
8.36085e-10
5.22212e-10
3.5532e-10
2.57351e-10
1.89113e-10
1.38558e-10
1.01538e-10
7.21121e-11
5.00045e-11
3.37199e-11
2.20982e-11
1.40958e-11
8.76225e-12
5.32515e-12
3.1729e-12
1.85739e-12
1.07019e-12
6.07933e-13
3.40925e-13
1.88972e-13
1.03652e-13
5.62597e-14
3.02699e-14
1.61337e-14
8.53195e-15
4.47991e-15
2.3378e-15
1.21198e-15
6.24426e-16
3.19587e-16
1.62138e-16
8.11277e-17
3.95762e-17
1.83151e-17
7.44777e-18
1.72108e-18
8.59691e-15
3.27739e-14
6.83763e-14
1.22113e-13
2.02813e-13
3.23088e-13
5.00731e-13
7.60123e-13
1.13337e-12
1.66073e-12
2.39087e-12
3.38307e-12
4.71123e-12
6.46548e-12
8.75099e-12
1.1675e-11
1.53953e-11
2.00959e-11
2.58237e-11
3.34395e-11
4.32862e-11
5.70304e-11
7.75035e-11
1.09994e-10
1.61837e-10
2.49876e-10
4.0474e-10
6.86861e-10
1.18229e-09
2.02808e-09
3.30647e-09
4.95321e-09
6.79726e-09
8.67746e-09
1.04896e-08
1.22151e-08
1.38923e-08
1.56223e-08
1.75527e-08
1.98921e-08
2.2918e-08
2.68705e-08
3.18925e-08
3.80163e-08
4.51345e-08
5.25393e-08
5.90656e-08
6.33048e-08
6.34472e-08
5.7736e-08
4.54527e-08
2.89257e-08
1.5896e-08
8.65506e-09
4.65592e-09
2.47826e-09
1.32079e-09
7.61795e-10
5.65955e-10
6.52966e-10
1.01734e-09
1.43211e-09
1.55806e-09
1.30181e-09
8.53671e-10
5.29647e-10
3.56674e-10
2.59417e-10
1.90684e-10
1.39933e-10
1.02851e-10
7.3215e-11
5.08656e-11
3.43512e-11
2.25356e-11
1.43817e-11
8.94056e-12
5.43157e-12
3.23401e-12
1.89125e-12
1.08946e-12
6.18472e-13
3.46374e-13
1.9161e-13
1.04791e-13
5.67573e-14
3.04853e-14
1.62284e-14
8.57358e-15
4.49825e-15
2.34578e-15
1.21562e-15
6.26199e-16
3.20436e-16
1.62544e-16
8.13215e-17
3.96673e-17
1.83561e-17
7.46408e-18
1.72479e-18
8.64571e-15
3.296e-14
6.8765e-14
1.22811e-13
2.0398e-13
3.24972e-13
5.03702e-13
7.64731e-13
1.14043e-12
1.67143e-12
2.40694e-12
3.40691e-12
4.74602e-12
6.51532e-12
8.82112e-12
1.17716e-11
1.55274e-11
2.02764e-11
2.60734e-11
3.37887e-11
4.3772e-11
5.77452e-11
7.86949e-11
1.11863e-10
1.65062e-10
2.55668e-10
4.14679e-10
7.04208e-10
1.21121e-09
2.07256e-09
3.35968e-09
5.00213e-09
6.83488e-09
8.69282e-09
1.04752e-08
1.21696e-08
1.38146e-08
1.55089e-08
1.74039e-08
1.97008e-08
2.26764e-08
2.65556e-08
3.14832e-08
3.74966e-08
4.44965e-08
5.18117e-08
5.83311e-08
6.26781e-08
6.31076e-08
5.78595e-08
4.61118e-08
2.98841e-08
1.64351e-08
8.95921e-09
4.82637e-09
2.57367e-09
1.36887e-09
7.80418e-10
5.60598e-10
6.20263e-10
9.56363e-10
1.3735e-09
1.53357e-09
1.31165e-09
8.74156e-10
5.38744e-10
3.5906e-10
2.60344e-10
1.91651e-10
1.41005e-10
1.0387e-10
7.41874e-11
5.16388e-11
3.49206e-11
2.29236e-11
1.46279e-11
9.08877e-12
5.51686e-12
3.28164e-12
1.91751e-12
1.10239e-12
6.23835e-13
3.48523e-13
1.92427e-13
1.05099e-13
5.68433e-14
3.0488e-14
1.62116e-14
8.55694e-15
4.4863e-15
2.33815e-15
1.21128e-15
6.23881e-16
3.19244e-16
1.61949e-16
8.10308e-17
3.95292e-17
1.82934e-17
7.43888e-18
1.719e-18
8.69274e-15
3.31402e-14
6.91456e-14
1.23503e-13
2.05165e-13
3.26938e-13
5.06892e-13
7.69815e-13
1.14841e-12
1.68379e-12
2.42566e-12
3.43428e-12
4.78612e-12
6.57363e-12
8.9047e-12
1.18891e-11
1.56913e-11
2.04856e-11
2.63461e-11
3.42007e-11
4.43752e-11
5.86601e-11
8.01387e-11
1.14062e-10
1.68569e-10
2.61696e-10
4.25711e-10
7.23565e-10
1.24414e-09
2.12195e-09
3.42339e-09
5.06904e-09
6.8869e-09
8.71964e-09
1.04715e-08
1.21348e-08
1.37484e-08
1.54107e-08
1.72672e-08
1.95224e-08
2.24454e-08
2.62586e-08
3.11008e-08
3.70193e-08
4.39241e-08
5.11647e-08
5.76729e-08
6.21037e-08
6.27716e-08
5.79561e-08
4.67618e-08
3.06288e-08
1.68709e-08
9.21468e-09
4.97303e-09
2.65556e-09
1.41136e-09
7.96487e-10
5.54902e-10
5.88653e-10
8.9333e-10
1.30542e-09
1.49936e-09
1.31677e-09
8.96064e-10
5.51098e-10
3.63124e-10
2.61841e-10
1.9277e-10
1.42063e-10
1.04829e-10
7.50373e-11
5.2413e-11
3.55391e-11
2.33648e-11
1.49114e-11
9.25534e-12
5.60572e-12
3.32358e-12
1.93335e-12
1.10763e-12
6.2524e-13
3.48453e-13
1.9196e-13
1.04648e-13
5.65101e-14
3.02687e-14
1.60812e-14
8.48225e-15
4.44424e-15
2.31428e-15
1.19896e-15
6.17626e-16
3.16095e-16
1.60379e-16
8.02598e-17
3.91593e-17
1.81242e-17
7.37039e-18
1.70321e-18
8.72316e-15
3.32539e-14
6.93747e-14
1.23896e-13
2.05787e-13
3.27878e-13
5.08334e-13
7.72119e-13
1.15223e-12
1.69031e-12
2.43707e-12
3.4547e-12
4.81948e-12
6.62549e-12
8.98272e-12
1.20019e-11
1.58432e-11
2.07102e-11
2.66732e-11
3.46788e-11
4.50681e-11
5.96458e-11
8.18918e-11
1.16164e-10
1.72339e-10
2.68268e-10
4.37481e-10
7.4437e-10
1.27971e-09
2.17583e-09
3.4924e-09
5.13844e-09
6.9397e-09
8.75275e-09
1.04776e-08
1.21141e-08
1.37017e-08
1.53366e-08
1.7165e-08
1.93842e-08
2.22654e-08
2.60272e-08
3.08016e-08
3.66278e-08
4.34348e-08
5.05795e-08
5.70575e-08
6.15525e-08
6.24261e-08
5.79536e-08
4.7175e-08
3.13299e-08
1.72724e-08
9.44233e-09
5.1035e-09
2.72829e-09
1.44622e-09
8.10018e-10
5.50854e-10
5.6414e-10
8.39137e-10
1.24811e-09
1.4697e-09
1.3213e-09
9.19435e-10
5.66056e-10
3.69142e-10
2.64392e-10
1.94393e-10
1.43288e-10
1.05775e-10
7.57501e-11
5.28811e-11
3.58181e-11
2.35275e-11
1.49918e-11
9.28643e-12
5.61096e-12
3.318e-12
1.92539e-12
1.09985e-12
6.1914e-13
3.44256e-13
1.89212e-13
1.03066e-13
5.56058e-14
2.97487e-14
1.57833e-14
8.31262e-15
4.34704e-15
2.26553e-15
1.1735e-15
6.04535e-16
3.09519e-16
1.57145e-16
7.87043e-17
3.84325e-17
1.78015e-17
7.24348e-18
1.67447e-18
8.76088e-15
3.33985e-14
6.96761e-14
1.24424e-13
2.06639e-13
3.29212e-13
5.10387e-13
7.75269e-13
1.15711e-12
1.69799e-12
2.44933e-12
3.47426e-12
4.85096e-12
6.67418e-12
9.05434e-12
1.21034e-11
1.59946e-11
2.09361e-11
2.69861e-11
3.50838e-11
4.56417e-11
6.05679e-11
8.33645e-11
1.18392e-10
1.75989e-10
2.74323e-10
4.48067e-10
7.61337e-10
1.30777e-09
2.21661e-09
3.54164e-09
5.19027e-09
6.98606e-09
8.78081e-09
1.04865e-08
1.21045e-08
1.36739e-08
1.52909e-08
1.71001e-08
1.92983e-08
2.21537e-08
2.58808e-08
3.0616e-08
3.63883e-08
4.31354e-08
5.02378e-08
5.66971e-08
6.12135e-08
6.21782e-08
5.78804e-08
4.73044e-08
3.17859e-08
1.75006e-08
9.57497e-09
5.17961e-09
2.77222e-09
1.46845e-09
8.18746e-10
5.48406e-10
5.48282e-10
8.0284e-10
1.20517e-09
1.44488e-09
1.32368e-09
9.40004e-10
5.79487e-10
3.75167e-10
2.67274e-10
1.96346e-10
1.44771e-10
1.06885e-10
7.65015e-11
5.33696e-11
3.61265e-11
2.36702e-11
1.50394e-11
9.28563e-12
5.5913e-12
3.29501e-12
1.90571e-12
1.08502e-12
6.08843e-13
3.37337e-13
1.84909e-13
1.00257e-13
5.39071e-14
2.87716e-14
1.52502e-14
8.03676e-15
4.21605e-15
2.19682e-15
1.13915e-15
5.87809e-16
3.01543e-16
1.53418e-16
7.69989e-17
3.76729e-17
1.74784e-17
7.12053e-18
1.64728e-18
)
;

boundaryField
{
    fuel
    {
        type            fixedValue;
        value           uniform 0;
    }
    air
    {
        type            fixedValue;
        value           uniform 0;
    }
    outlet
    {
        type            inletOutlet;
        inletValue      uniform 0;
        value           nonuniform List<scalar> 
200
(
8.76107e-15
3.33992e-14
6.96776e-14
1.24426e-13
2.06642e-13
3.29217e-13
5.10393e-13
7.75278e-13
1.15713e-12
1.69801e-12
2.44935e-12
3.4743e-12
4.851e-12
6.67423e-12
9.05437e-12
1.21033e-11
1.59945e-11
2.09358e-11
2.69854e-11
3.50825e-11
4.56394e-11
6.05635e-11
8.33571e-11
1.18378e-10
1.75964e-10
2.74277e-10
4.4798e-10
7.61181e-10
1.30748e-09
2.21608e-09
3.54073e-09
5.18876e-09
6.98342e-09
8.77846e-09
1.04841e-08
1.21018e-08
1.3671e-08
1.52878e-08
1.70969e-08
1.9295e-08
2.215e-08
2.58764e-08
3.06103e-08
3.63807e-08
4.31247e-08
5.02235e-08
5.66848e-08
6.12097e-08
6.21819e-08
5.7886e-08
4.73115e-08
3.18471e-08
1.7561e-08
9.60528e-09
5.19299e-09
2.77425e-09
1.4785e-09
8.23452e-10
5.50447e-10
5.49007e-10
8.0304e-10
1.20436e-09
1.44324e-09
1.32195e-09
9.39138e-10
5.79165e-10
3.75042e-10
2.67227e-10
1.96326e-10
1.44758e-10
1.06871e-10
7.64906e-11
5.33617e-11
3.61224e-11
2.36682e-11
1.5039e-11
9.28614e-12
5.59206e-12
3.29571e-12
1.90624e-12
1.08538e-12
6.09068e-13
3.37468e-13
1.84986e-13
1.00301e-13
5.39311e-14
2.87845e-14
1.52571e-14
8.04037e-15
4.21792e-15
2.19777e-15
1.13962e-15
5.88043e-16
3.01657e-16
1.53473e-16
7.70246e-17
3.76848e-17
1.74836e-17
7.12254e-18
1.64773e-18
8.76088e-15
3.33985e-14
6.96761e-14
1.24424e-13
2.06639e-13
3.29212e-13
5.10387e-13
7.75269e-13
1.15711e-12
1.69799e-12
2.44933e-12
3.47426e-12
4.85096e-12
6.67418e-12
9.05434e-12
1.21034e-11
1.59946e-11
2.09361e-11
2.69861e-11
3.50838e-11
4.56417e-11
6.05679e-11
8.33645e-11
1.18392e-10
1.75989e-10
2.74323e-10
4.48067e-10
7.61337e-10
1.30777e-09
2.21661e-09
3.54164e-09
5.19027e-09
6.98606e-09
8.78081e-09
1.04865e-08
1.21045e-08
1.36739e-08
1.52909e-08
1.71001e-08
1.92983e-08
2.21537e-08
2.58808e-08
3.0616e-08
3.63883e-08
4.31354e-08
5.02378e-08
5.66971e-08
6.12135e-08
6.21782e-08
5.78804e-08
4.73044e-08
3.17859e-08
1.75006e-08
9.57497e-09
5.17961e-09
2.77222e-09
1.46845e-09
8.18746e-10
5.48406e-10
5.48282e-10
8.0284e-10
1.20517e-09
1.44488e-09
1.32368e-09
9.40004e-10
5.79487e-10
3.75167e-10
2.67274e-10
1.96346e-10
1.44771e-10
1.06885e-10
7.65015e-11
5.33696e-11
3.61265e-11
2.36702e-11
1.50394e-11
9.28563e-12
5.5913e-12
3.29501e-12
1.90571e-12
1.08502e-12
6.08843e-13
3.37337e-13
1.84909e-13
1.00257e-13
5.39071e-14
2.87716e-14
1.52502e-14
8.03676e-15
4.21605e-15
2.19682e-15
1.13915e-15
5.87809e-16
3.01543e-16
1.53418e-16
7.69989e-17
3.76729e-17
1.74784e-17
7.12053e-18
1.64728e-18
)
;
    }
    frontAndBack
    {
        type            empty;
    }
    internal
    {
        type            internal;
    }
}


// ************************************************************************* //
