/*--------------------------------*- C++ -*----------------------------------*\
  =========                 |
  \\      /  F ield         | OpenFOAM: The Open Source CFD Toolbox
   \\    /   O peration     | Website:  https://openfoam.org
    \\  /    A nd           | Version:  10
     \\/     M anipulation  |
\*---------------------------------------------------------------------------*/
FoamFile
{
    format      ascii;
    class       volScalarField;
    location    "1";
    object      HONO;
}
// * * * * * * * * * * * * * * * * * * * * * * * * * * * * * * * * * * * * * //

dimensions      [0 0 0 0 0 0 0];

internalField   nonuniform List<scalar> 
4000
(
4.85962e-14
1.85246e-13
3.86388e-13
6.89753e-13
1.14489e-12
1.82249e-12
2.822e-12
4.27908e-12
6.37096e-12
9.31695e-12
1.33756e-11
1.88473e-11
2.60761e-11
3.54251e-11
4.72162e-11
6.15724e-11
7.85527e-11
9.77969e-11
1.17757e-10
1.38766e-10
1.58155e-10
1.75189e-10
1.88982e-10
1.98013e-10
2.02234e-10
2.01763e-10
1.97085e-10
1.8884e-10
1.77921e-10
1.64694e-10
1.49379e-10
1.31848e-10
1.12307e-10
9.2767e-11
7.65601e-11
6.6897e-11
6.56107e-11
7.46838e-11
1.01472e-10
1.58201e-10
2.69316e-10
4.77621e-10
8.577e-10
1.54249e-09
2.78717e-09
4.99797e-09
8.85412e-09
1.55272e-08
2.70445e-08
4.67788e-08
8.04266e-08
1.37642e-07
2.34789e-07
3.77901e-07
5.57339e-07
7.88564e-07
1.11806e-06
1.63014e-06
2.47779e-06
3.93861e-06
6.53847e-06
1.12115e-05
1.96432e-05
3.41199e-05
5.30732e-05
6.54552e-05
6.66178e-05
6.03428e-05
5.04042e-05
3.9943e-05
3.06997e-05
2.24898e-05
1.5885e-05
1.08136e-05
7.08687e-06
4.49358e-06
2.7651e-06
1.65869e-06
9.73788e-07
5.61198e-07
3.18498e-07
1.78223e-07
9.85173e-08
5.38934e-08
2.91762e-08
1.56671e-08
8.35255e-09
4.42303e-09
2.32901e-09
1.22087e-09
6.35814e-10
3.29552e-10
1.69988e-10
8.71762e-11
4.43419e-11
2.22501e-11
1.08845e-11
5.04925e-12
2.05686e-12
4.7582e-13
4.84563e-14
1.84711e-13
3.85289e-13
6.8789e-13
1.14204e-12
1.81837e-12
2.81613e-12
4.27077e-12
6.35897e-12
9.29895e-12
1.33473e-11
1.88012e-11
2.60017e-11
3.53118e-11
4.70573e-11
6.13677e-11
7.8293e-11
9.74855e-11
1.17439e-10
1.38542e-10
1.58065e-10
1.75304e-10
1.89337e-10
1.98687e-10
2.03217e-10
2.02976e-10
1.98466e-10
1.90238e-10
1.79359e-10
1.66164e-10
1.50892e-10
1.33541e-10
1.14042e-10
9.42317e-11
7.77367e-11
6.78446e-11
6.64919e-11
7.57361e-11
1.03169e-10
1.612e-10
2.74897e-10
4.88105e-10
8.76936e-10
1.57834e-09
2.85332e-09
5.11813e-09
9.06609e-09
1.58999e-08
2.77029e-08
4.79256e-08
8.24064e-08
1.41038e-07
2.40806e-07
3.86246e-07
5.68533e-07
8.04864e-07
1.14783e-06
1.67917e-06
2.56232e-06
4.08907e-06
6.83695e-06
1.17435e-05
2.0581e-05
3.56322e-05
5.45862e-05
6.60038e-05
6.64133e-05
5.97122e-05
4.96091e-05
3.91711e-05
3.00512e-05
2.2029e-05
1.55733e-05
1.06029e-05
6.97678e-06
4.44073e-06
2.74421e-06
1.65315e-06
9.74535e-07
5.63807e-07
3.2121e-07
1.80407e-07
1.00115e-07
5.49403e-08
2.98842e-08
1.61052e-08
8.60893e-09
4.56464e-09
2.40297e-09
1.25625e-09
6.54491e-10
3.38934e-10
1.74572e-10
8.93676e-11
4.53679e-11
2.27202e-11
1.1094e-11
5.13842e-12
2.0908e-12
4.83325e-13
4.84053e-14
1.84535e-13
3.84984e-13
6.87476e-13
1.14156e-12
1.81784e-12
2.81564e-12
4.27009e-12
6.35734e-12
9.2946e-12
1.33365e-11
1.87771e-11
2.59555e-11
3.52341e-11
4.69388e-11
6.12072e-11
7.81097e-11
9.72886e-11
1.17259e-10
1.3844e-10
1.58102e-10
1.75536e-10
1.89784e-10
1.99648e-10
2.04448e-10
2.04466e-10
2.00136e-10
1.92095e-10
1.81362e-10
1.68288e-10
1.53162e-10
1.35866e-10
1.16277e-10
9.63353e-11
7.94592e-11
6.9221e-11
6.76957e-11
7.74022e-11
1.05833e-10
1.66094e-10
2.83961e-10
5.05042e-10
9.08812e-10
1.63891e-09
2.96623e-09
5.32531e-09
9.43597e-09
1.65566e-08
2.88391e-08
4.99013e-08
8.58281e-08
1.46946e-07
2.50649e-07
3.99987e-07
5.87258e-07
8.31265e-07
1.18869e-06
1.74568e-06
2.67489e-06
4.28446e-06
7.23395e-06
1.24405e-05
2.18215e-05
3.76117e-05
5.63656e-05
6.65939e-05
6.60819e-05
5.89049e-05
4.86667e-05
3.83074e-05
2.93551e-05
2.15179e-05
1.5244e-05
1.04072e-05
6.85789e-06
4.37535e-06
2.71127e-06
1.63855e-06
9.6918e-07
5.62322e-07
3.21539e-07
1.81231e-07
1.00884e-07
5.55264e-08
3.02492e-08
1.63255e-08
8.74065e-09
4.64212e-09
2.44791e-09
1.28234e-09
6.67693e-10
3.45877e-10
1.78161e-10
9.11772e-11
4.62602e-11
2.31502e-11
1.12951e-11
5.2278e-12
2.12595e-12
4.91286e-13
4.82758e-14
1.84042e-13
3.83954e-13
6.8563e-13
1.13847e-12
1.81287e-12
2.80771e-12
4.25753e-12
6.33758e-12
9.26366e-12
1.32887e-11
1.87056e-11
2.58523e-11
3.5091e-11
4.67505e-11
6.09768e-11
7.78495e-11
9.70481e-11
1.17078e-10
1.38367e-10
1.58211e-10
1.75908e-10
1.90393e-10
2.00597e-10
2.05662e-10
2.05932e-10
2.01903e-10
1.94066e-10
1.83483e-10
1.70496e-10
1.55515e-10
1.38329e-10
1.1874e-10
9.85924e-11
8.13565e-11
7.07736e-11
6.90719e-11
7.93895e-11
1.09157e-10
1.71881e-10
2.94945e-10
5.26045e-10
9.48237e-10
1.71123e-09
3.09886e-09
5.56534e-09
9.85662e-09
1.7302e-08
3.01523e-08
5.21756e-08
8.97362e-08
1.5395e-07
2.6232e-07
4.16446e-07
6.10187e-07
8.65837e-07
1.24279e-06
1.83482e-06
2.82705e-06
4.55175e-06
7.72105e-06
1.3304e-05
2.33085e-05
3.97869e-05
5.81318e-05
6.71183e-05
6.56369e-05
5.7989e-05
4.76467e-05
3.73806e-05
2.86093e-05
2.09397e-05
1.47674e-05
1.00547e-05
6.61985e-06
4.22749e-06
2.62598e-06
1.59303e-06
9.47192e-07
5.5356e-07
3.18186e-07
1.79982e-07
1.00521e-07
5.5487e-08
3.03008e-08
1.63868e-08
8.78855e-09
4.67309e-09
2.46658e-09
1.29322e-09
6.74017e-10
3.4919e-10
1.79861e-10
9.20397e-11
4.66925e-11
2.33633e-11
1.13976e-11
5.27476e-12
2.14498e-12
4.95673e-13
4.81224e-14
1.83458e-13
3.82738e-13
6.8346e-13
1.13486e-12
1.80708e-12
2.79863e-12
4.24355e-12
6.31635e-12
9.2318e-12
1.32415e-11
1.8637e-11
2.57559e-11
3.49615e-11
4.65858e-11
6.07833e-11
7.76421e-11
9.68565e-11
1.16938e-10
1.38307e-10
1.58335e-10
1.7628e-10
1.90995e-10
2.01507e-10
2.06912e-10
2.07564e-10
2.03758e-10
1.9611e-10
1.85628e-10
1.72796e-10
1.57848e-10
1.40682e-10
1.2109e-10
1.00821e-10
8.32712e-11
7.23952e-11
7.05919e-11
8.15807e-11
1.12778e-10
1.78579e-10
3.07286e-10
5.49232e-10
9.91834e-10
1.79204e-09
3.2477e-09
5.83541e-09
1.03299e-08
1.8131e-08
3.16062e-08
5.46884e-08
9.40627e-08
1.61006e-07
2.74338e-07
4.33033e-07
6.32614e-07
8.97952e-07
1.29197e-06
1.91588e-06
2.96579e-06
4.79681e-06
8.16365e-06
1.41118e-05
2.47585e-05
4.19567e-05
5.97419e-05
6.74966e-05
6.51543e-05
5.71037e-05
4.66629e-05
3.64877e-05
2.78893e-05
2.03474e-05
1.4352e-05
9.77943e-06
6.44773e-06
4.12558e-06
2.56805e-06
1.56109e-06
9.29754e-07
5.43815e-07
3.13332e-07
1.77945e-07
9.96852e-08
5.51563e-08
3.01698e-08
1.63434e-08
8.77979e-09
4.67452e-09
2.46996e-09
1.29609e-09
6.75984e-10
3.50349e-10
1.80495e-10
9.23712e-11
4.68601e-11
2.34458e-11
1.14371e-11
5.29271e-12
2.15221e-12
4.97337e-13
4.79387e-14
1.82755e-13
3.81262e-13
6.80802e-13
1.1304e-12
1.79991e-12
2.78742e-12
4.22644e-12
6.29076e-12
9.1942e-12
1.31871e-11
1.85602e-11
2.56514e-11
3.48255e-11
4.64186e-11
6.0594e-11
7.74484e-11
9.66901e-11
1.16836e-10
1.38262e-10
1.58457e-10
1.7663e-10
1.91574e-10
2.02403e-10
2.08164e-10
2.09045e-10
2.05476e-10
1.98018e-10
1.87727e-10
1.74963e-10
1.60057e-10
1.42942e-10
1.23362e-10
1.02937e-10
8.5117e-11
7.40151e-11
7.22156e-11
8.38379e-11
1.16584e-10
1.8532e-10
3.19968e-10
5.7333e-10
1.036e-09
1.87332e-09
3.39711e-09
6.1067e-09
1.08059e-08
1.89732e-08
3.30587e-08
5.71886e-08
9.8303e-08
1.68148e-07
2.86351e-07
4.49852e-07
6.56131e-07
9.33645e-07
1.3471e-06
2.00644e-06
3.11864e-06
5.05932e-06
8.61354e-06
1.49095e-05
2.6091e-05
4.38269e-05
6.10049e-05
6.77253e-05
6.47104e-05
5.614e-05
4.57276e-05
3.56966e-05
2.7195e-05
1.9827e-05
1.39832e-05
9.53047e-06
6.28659e-06
4.02584e-06
2.50853e-06
1.5268e-06
9.10617e-07
5.33442e-07
3.07526e-07
1.74772e-07
9.80502e-08
5.43683e-08
2.98319e-08
1.6197e-08
8.71697e-09
4.64722e-09
2.45812e-09
1.29095e-09
6.73787e-10
3.49367e-10
1.80025e-10
9.21496e-11
4.67555e-11
2.33964e-11
1.1414e-11
5.28239e-12
2.14812e-12
4.96409e-13
4.77476e-14
1.82025e-13
3.79734e-13
6.7806e-13
1.12583e-12
1.79261e-12
2.77611e-12
4.20936e-12
6.26553e-12
9.15761e-12
1.3135e-11
1.84876e-11
2.55538e-11
3.47002e-11
4.62667e-11
6.04245e-11
7.72782e-11
9.65488e-11
1.16758e-10
1.38238e-10
1.58596e-10
1.76977e-10
1.92132e-10
2.03288e-10
2.09294e-10
2.10392e-10
2.07016e-10
1.99692e-10
1.89537e-10
1.76848e-10
1.61986e-10
1.4494e-10
1.25385e-10
1.0484e-10
8.67966e-11
7.55147e-11
7.3793e-11
8.61032e-11
1.20155e-10
1.91727e-10
3.32094e-10
5.95933e-10
1.07755e-09
1.94917e-09
3.53443e-09
6.35082e-09
1.12206e-08
1.96891e-08
3.44662e-08
5.9537e-08
1.02321e-07
1.7509e-07
2.97622e-07
4.65131e-07
6.76945e-07
9.66336e-07
1.39589e-06
2.08752e-06
3.25915e-06
5.313e-06
8.99561e-06
1.56317e-05
2.73846e-05
4.55206e-05
6.2058e-05
6.78708e-05
6.42916e-05
5.5468e-05
4.50321e-05
3.5071e-05
2.66936e-05
1.94367e-05
1.36956e-05
9.32666e-06
6.14954e-06
3.93834e-06
2.45493e-06
1.4952e-06
8.92573e-07
5.2346e-07
3.02102e-07
1.71876e-07
9.65201e-08
5.35582e-08
2.93934e-08
1.59682e-08
8.60085e-09
4.58918e-09
2.42955e-09
1.27705e-09
6.67138e-10
3.46224e-10
1.78594e-10
9.14824e-11
4.64394e-11
2.32457e-11
1.13428e-11
5.2501e-12
2.13514e-12
4.9343e-13
4.756e-14
1.81309e-13
3.78236e-13
6.75376e-13
1.12136e-12
1.78549e-12
2.76514e-12
4.19288e-12
6.24133e-12
9.12278e-12
1.30857e-11
1.84198e-11
2.54635e-11
3.45856e-11
4.61292e-11
6.02732e-11
7.71291e-11
9.64289e-11
1.16698e-10
1.38223e-10
1.58726e-10
1.77307e-10
1.92635e-10
2.04017e-10
2.10241e-10
2.11588e-10
2.08418e-10
2.01276e-10
1.91179e-10
1.7851e-10
1.63712e-10
1.46725e-10
1.27183e-10
1.06537e-10
8.83012e-11
7.69052e-11
7.52274e-11
8.80751e-11
1.23495e-10
1.97712e-10
3.42945e-10
6.16078e-10
1.11462e-09
2.01748e-09
3.66015e-09
6.57932e-09
1.16231e-08
2.03879e-08
3.56133e-08
6.14626e-08
1.05482e-07
1.81704e-07
3.07816e-07
4.78651e-07
6.9494e-07
9.97069e-07
1.44192e-06
2.16327e-06
3.38938e-06
5.53964e-06
9.39225e-06
1.63463e-05
2.85759e-05
4.70736e-05
6.30097e-05
6.79705e-05
6.38721e-05
5.47692e-05
4.43606e-05
3.45048e-05
2.62461e-05
1.9094e-05
1.34324e-05
9.13548e-06
6.01885e-06
3.85387e-06
2.4026e-06
1.46397e-06
8.74515e-07
5.13321e-07
2.96512e-07
1.68851e-07
9.49096e-08
5.27124e-08
2.89546e-08
1.57445e-08
8.48055e-09
4.52853e-09
2.39907e-09
1.26176e-09
6.59518e-10
3.42385e-10
1.76639e-10
9.05006e-11
4.59522e-11
2.30075e-11
1.12292e-11
5.19856e-12
2.11452e-12
4.88714e-13
4.73856e-14
1.80644e-13
3.76846e-13
6.72893e-13
1.11724e-12
1.77896e-12
2.7551e-12
4.17787e-12
6.21941e-12
9.09142e-12
1.30417e-11
1.83596e-11
2.53841e-11
3.44856e-11
4.60104e-11
6.01441e-11
7.70041e-11
9.6332e-11
1.16657e-10
1.38221e-10
1.58848e-10
1.7758e-10
1.93108e-10
2.0473e-10
2.11177e-10
2.12677e-10
2.09635e-10
2.02594e-10
1.92566e-10
1.79974e-10
1.65266e-10
1.48328e-10
1.28763e-10
1.08025e-10
8.96703e-11
7.81692e-11
7.65918e-11
9.00038e-11
1.26772e-10
2.03728e-10
3.54275e-10
6.37229e-10
1.1533e-09
2.08802e-09
3.78801e-09
6.80581e-09
1.20193e-08
2.10804e-08
3.67654e-08
6.34496e-08
1.08845e-07
1.87235e-07
3.16971e-07
4.91302e-07
7.12669e-07
1.0224e-06
1.4829e-06
2.23198e-06
3.50646e-06
5.74435e-06
9.7542e-06
1.69834e-05
2.96698e-05
4.84569e-05
6.38176e-05
6.80074e-05
6.34278e-05
5.41234e-05
4.36903e-05
3.38867e-05
2.57316e-05
1.87044e-05
1.31514e-05
8.94257e-06
5.89176e-06
3.77363e-06
2.35354e-06
1.43488e-06
8.57692e-07
5.03814e-07
2.91231e-07
1.65965e-07
9.33538e-08
5.18843e-08
2.85184e-08
1.55187e-08
8.36357e-09
4.46836e-09
2.36829e-09
1.24609e-09
6.51607e-10
3.38377e-10
1.74613e-10
8.94806e-11
4.54417e-11
2.2755e-11
1.11072e-11
5.14252e-12
2.09185e-12
4.83486e-13
4.72289e-14
1.80046e-13
3.756e-13
6.70668e-13
1.11355e-12
1.77312e-12
2.74616e-12
4.16455e-12
6.20005e-12
9.06391e-12
1.30034e-11
1.83075e-11
2.5316e-11
3.44004e-11
4.59098e-11
6.00359e-11
7.69015e-11
9.62574e-11
1.16634e-10
1.38236e-10
1.58979e-10
1.77867e-10
1.9356e-10
2.05333e-10
2.11943e-10
2.13611e-10
2.10708e-10
2.03745e-10
1.93796e-10
1.81289e-10
1.66588e-10
1.49642e-10
1.3001e-10
1.09292e-10
9.08368e-11
7.92838e-11
7.78454e-11
9.18157e-11
1.29841e-10
2.0924e-10
3.64581e-10
6.56563e-10
1.18894e-09
2.15373e-09
3.90795e-09
7.02423e-09
1.24117e-08
2.17708e-08
3.79127e-08
6.54761e-08
1.12406e-07
1.92201e-07
3.25099e-07
5.02246e-07
7.2743e-07
1.0454e-06
1.51826e-06
2.2898e-06
3.60582e-06
5.92082e-06
1.00745e-05
1.7547e-05
3.05749e-05
4.94265e-05
6.45533e-05
6.80237e-05
6.30416e-05
5.35871e-05
4.31558e-05
3.34435e-05
2.53559e-05
1.84053e-05
1.29297e-05
8.78695e-06
5.7872e-06
3.70642e-06
2.31174e-06
1.40968e-06
8.42861e-07
4.95307e-07
2.86438e-07
1.6331e-07
9.19045e-08
5.11034e-08
2.81025e-08
1.5301e-08
8.24979e-09
4.40936e-09
2.3379e-09
1.23051e-09
6.43647e-10
3.34328e-10
1.72562e-10
8.84465e-11
4.49239e-11
2.24986e-11
1.09832e-11
5.08547e-12
2.06874e-12
4.78158e-13
4.7092e-14
1.79525e-13
3.74512e-13
6.6873e-13
1.11035e-12
1.76805e-12
2.73841e-12
4.15302e-12
6.18337e-12
9.04033e-12
1.29709e-11
1.8264e-11
2.52598e-11
3.43314e-11
4.5827e-11
5.99494e-11
7.6824e-11
9.62076e-11
1.16629e-10
1.38266e-10
1.59106e-10
1.78123e-10
1.93962e-10
2.05905e-10
2.12647e-10
2.14437e-10
2.11633e-10
2.04763e-10
1.94887e-10
1.8242e-10
1.67758e-10
1.5086e-10
1.31303e-10
1.10439e-10
9.18519e-11
8.02445e-11
7.8923e-11
9.33793e-11
1.32485e-10
2.14023e-10
3.73523e-10
6.7333e-10
1.21984e-09
2.21087e-09
4.01234e-09
7.21258e-09
1.27394e-08
2.23423e-08
3.88766e-08
6.71469e-08
1.15267e-07
1.97033e-07
3.32633e-07
5.12487e-07
7.41763e-07
1.06697e-06
1.55225e-06
2.34603e-06
3.7016e-06
6.08822e-06
1.03702e-05
1.80766e-05
3.14749e-05
5.0477e-05
6.50646e-05
6.79947e-05
6.26967e-05
5.31077e-05
4.26811e-05
3.30624e-05
2.50525e-05
1.8164e-05
1.27491e-05
8.65881e-06
5.70004e-06
3.64971e-06
2.27604e-06
1.38793e-06
8.29856e-07
4.87779e-07
2.82158e-07
1.60917e-07
9.05869e-08
5.03875e-08
2.77181e-08
1.50975e-08
8.14273e-09
4.35351e-09
2.309e-09
1.2157e-09
6.3583e-10
3.30357e-10
1.70554e-10
8.74349e-11
4.44176e-11
2.22481e-11
1.0862e-11
5.02974e-12
2.04616e-12
4.72952e-13
4.69752e-14
1.7908e-13
3.73586e-13
6.67079e-13
1.10762e-12
1.76375e-12
2.73185e-12
4.1433e-12
6.16935e-12
9.02065e-12
1.2944e-11
1.82282e-11
2.52141e-11
3.42761e-11
4.57613e-11
5.98834e-11
7.67674e-11
9.61746e-11
1.16638e-10
1.38306e-10
1.59236e-10
1.78358e-10
1.94315e-10
2.06387e-10
2.13256e-10
2.15153e-10
2.12441e-10
2.05633e-10
1.95802e-10
1.83373e-10
1.68744e-10
1.51864e-10
1.32294e-10
1.11366e-10
9.26902e-11
8.10515e-11
7.98431e-11
9.47317e-11
1.3472e-10
2.17992e-10
3.80776e-10
6.86505e-10
1.24316e-09
2.26729e-09
4.10826e-09
7.38036e-09
1.30299e-08
2.2841e-08
3.97319e-08
6.86141e-08
1.17786e-07
2.01258e-07
3.39143e-07
5.21302e-07
7.53866e-07
1.08516e-06
1.58146e-06
2.39512e-06
3.78699e-06
6.23992e-06
1.06427e-05
1.85667e-05
3.22844e-05
5.13826e-05
6.5477e-05
6.79646e-05
6.24105e-05
5.27219e-05
4.22973e-05
3.27747e-05
2.48196e-05
1.79868e-05
1.26081e-05
8.55495e-06
5.62771e-06
3.60187e-06
2.24554e-06
1.36914e-06
8.18577e-07
4.81189e-07
2.78381e-07
1.5879e-07
8.94073e-08
4.97423e-08
2.73697e-08
1.49117e-08
8.04446e-09
4.302e-09
2.28221e-09
1.20191e-09
6.28629e-10
3.26682e-10
1.68687e-10
8.64915e-11
4.39443e-11
2.20135e-11
1.07483e-11
4.9774e-12
2.02494e-12
4.68058e-13
4.68774e-14
1.78708e-13
3.72811e-13
6.65701e-13
1.10535e-12
1.76017e-12
2.7264e-12
4.13526e-12
6.1578e-12
9.00447e-12
1.29219e-11
1.81991e-11
2.51774e-11
3.42325e-11
4.57108e-11
5.98338e-11
7.6725e-11
9.61533e-11
1.16653e-10
1.38348e-10
1.59352e-10
1.78566e-10
1.94634e-10
2.06831e-10
2.13822e-10
2.15823e-10
2.13185e-10
2.06432e-10
1.96623e-10
1.84205e-10
1.6958e-10
1.52689e-10
1.33069e-10
1.12114e-10
9.33864e-11
8.17408e-11
8.06693e-11
9.59519e-11
1.36782e-10
2.21718e-10
3.87709e-10
6.99426e-10
1.26708e-09
2.31185e-09
4.1881e-09
7.52187e-09
1.32759e-08
2.32644e-08
4.04439e-08
6.97808e-08
1.19641e-07
2.05887e-07
3.45417e-07
5.29364e-07
7.65008e-07
1.10175e-06
1.60771e-06
2.43852e-06
3.86197e-06
6.37233e-06
1.08805e-05
1.89844e-05
3.29756e-05
5.214e-05
6.58108e-05
6.79291e-05
6.21625e-05
5.23934e-05
4.19673e-05
3.25235e-05
2.46001e-05
1.78112e-05
1.24787e-05
8.46287e-06
5.56466e-06
3.56047e-06
2.21917e-06
1.35287e-06
8.08802e-07
4.75456e-07
2.7508e-07
1.56922e-07
8.8367e-08
4.91708e-08
2.70596e-08
1.47456e-08
7.95628e-09
4.2556e-09
2.25799e-09
1.18938e-09
6.22171e-10
3.23373e-10
1.67e-10
8.5637e-11
4.35146e-11
2.18001e-11
1.06448e-11
4.92968e-12
2.00557e-12
4.63587e-13
4.6797e-14
1.78401e-13
3.72174e-13
6.64568e-13
1.10348e-12
1.75723e-12
2.72194e-12
4.12868e-12
6.14834e-12
8.99124e-12
1.29039e-11
1.81752e-11
2.51471e-11
3.41963e-11
4.56683e-11
5.97902e-11
7.66897e-11
9.61388e-11
1.16672e-10
1.3839e-10
1.59456e-10
1.7875e-10
1.94907e-10
2.07201e-10
2.14273e-10
2.16357e-10
2.13778e-10
2.07071e-10
1.97291e-10
1.84896e-10
1.7028e-10
1.53391e-10
1.33768e-10
1.12744e-10
9.39647e-11
8.23248e-11
8.1377e-11
9.70272e-11
1.38638e-10
2.25124e-10
3.94145e-10
7.11635e-10
1.28993e-09
2.35423e-09
4.26517e-09
7.66025e-09
1.35194e-08
2.369e-08
4.11833e-08
7.10714e-08
1.21908e-07
2.09068e-07
3.50421e-07
5.36089e-07
7.74172e-07
1.11525e-06
1.62915e-06
2.47442e-06
3.92389e-06
6.48304e-06
1.10794e-05
1.93407e-05
3.35648e-05
5.27697e-05
6.60835e-05
6.78994e-05
6.19632e-05
5.21308e-05
4.17067e-05
3.23257e-05
2.44317e-05
1.76761e-05
1.23756e-05
8.38774e-06
5.51242e-06
3.52582e-06
2.19695e-06
1.33908e-06
8.0048e-07
4.70553e-07
2.72245e-07
1.55312e-07
8.74664e-08
4.86742e-08
2.67893e-08
1.46003e-08
7.8789e-09
4.21477e-09
2.23663e-09
1.1783e-09
6.16454e-10
3.20441e-10
1.65504e-10
8.48785e-11
4.3133e-11
2.16104e-11
1.05528e-11
4.88722e-12
1.98834e-12
4.59607e-13
4.67323e-14
1.78155e-13
3.71661e-13
6.63657e-13
1.10198e-12
1.75488e-12
2.71837e-12
4.12341e-12
6.1408e-12
8.98069e-12
1.28895e-11
1.81561e-11
2.5123e-11
3.41674e-11
4.56339e-11
5.97582e-11
7.66666e-11
9.6134e-11
1.16696e-10
1.38436e-10
1.59559e-10
1.7892e-10
1.95154e-10
2.07523e-10
2.14668e-10
2.16803e-10
2.14269e-10
2.07594e-10
1.97843e-10
1.85466e-10
1.70863e-10
1.53975e-10
1.34315e-10
1.13269e-10
9.44434e-11
8.28058e-11
8.19642e-11
9.79303e-11
1.40213e-10
2.28026e-10
3.99616e-10
7.21812e-10
1.30865e-09
2.38884e-09
4.3286e-09
7.77553e-09
1.37253e-08
2.40567e-08
4.18325e-08
7.22141e-08
1.23914e-07
2.117e-07
3.54521e-07
5.41671e-07
7.82009e-07
1.12697e-06
1.64781e-06
2.50539e-06
3.97743e-06
6.57723e-06
1.12495e-05
1.96455e-05
3.40596e-05
5.32859e-05
6.63026e-05
6.78728e-05
6.18008e-05
5.19156e-05
4.14949e-05
3.21645e-05
2.42968e-05
1.75663e-05
1.22908e-05
8.32563e-06
5.46907e-06
3.49696e-06
2.17838e-06
1.32753e-06
7.93483e-07
4.66418e-07
2.69848e-07
1.53946e-07
8.67006e-08
4.82508e-08
2.65583e-08
1.44759e-08
7.81246e-09
4.17965e-09
2.21822e-09
1.16873e-09
6.11513e-10
3.17904e-10
1.64209e-10
8.42212e-11
4.2802e-11
2.14458e-11
1.04729e-11
4.85036e-12
1.97337e-12
4.56151e-13
4.66817e-14
1.77962e-13
3.71261e-13
6.62947e-13
1.10081e-12
1.75305e-12
2.71559e-12
4.11934e-12
6.13498e-12
8.97258e-12
1.28784e-11
1.81417e-11
2.5105e-11
3.41467e-11
4.56102e-11
5.9737e-11
7.66528e-11
9.61357e-11
1.16722e-10
1.38479e-10
1.59643e-10
1.79056e-10
1.95347e-10
2.07781e-10
2.14981e-10
2.17161e-10
2.14666e-10
2.08022e-10
1.98291e-10
1.8593e-10
1.71337e-10
1.54454e-10
1.34812e-10
1.13708e-10
9.48419e-11
8.32172e-11
8.24787e-11
9.87276e-11
1.416e-10
2.30566e-10
4.04361e-10
7.30657e-10
1.32489e-09
2.41844e-09
4.3818e-09
7.86977e-09
1.38882e-08
2.43351e-08
4.23069e-08
7.30145e-08
1.25258e-07
2.13879e-07
3.57828e-07
5.46248e-07
7.88483e-07
1.13667e-06
1.66334e-06
2.53135e-06
4.02212e-06
6.65645e-06
1.13911e-05
1.98954e-05
3.44664e-05
5.37045e-05
6.64761e-05
6.78467e-05
6.16637e-05
5.1738e-05
4.13175e-05
3.20312e-05
2.41827e-05
1.74744e-05
1.22204e-05
8.27427e-06
5.4334e-06
3.4733e-06
2.16317e-06
1.31805e-06
7.8773e-07
4.6301e-07
2.67867e-07
1.52815e-07
8.6065e-08
4.78987e-08
2.63657e-08
1.4372e-08
7.75693e-09
4.15025e-09
2.20279e-09
1.16071e-09
6.07366e-10
3.15773e-10
1.63121e-10
8.36686e-11
4.25236e-11
2.13074e-11
1.04056e-11
4.81934e-12
1.96077e-12
4.53241e-13
4.66436e-14
1.77818e-13
3.7096e-13
6.62413e-13
1.09994e-12
1.75168e-12
2.71353e-12
4.11633e-12
6.13073e-12
8.96674e-12
1.28706e-11
1.81317e-11
2.50928e-11
3.41326e-11
4.5594e-11
5.97227e-11
7.66448e-11
9.61409e-11
1.16747e-10
1.38519e-10
1.5972e-10
1.79177e-10
1.95515e-10
2.07996e-10
2.1524e-10
2.17461e-10
2.14995e-10
2.0837e-10
1.98651e-10
1.86298e-10
1.71706e-10
1.54816e-10
1.35156e-10
1.14029e-10
9.51451e-11
8.35318e-11
8.2876e-11
9.9348e-11
1.42686e-10
2.32564e-10
4.0812e-10
7.377e-10
1.33797e-09
2.44278e-09
4.42626e-09
7.94986e-09
1.40292e-08
2.45804e-08
4.27262e-08
7.37202e-08
1.26428e-07
2.159e-07
3.60695e-07
5.50045e-07
7.93674e-07
1.14407e-06
1.67535e-06
2.5515e-06
4.05694e-06
6.71821e-06
1.15017e-05
2.00907e-05
3.47833e-05
5.40285e-05
6.6608e-05
6.78243e-05
6.15558e-05
5.15978e-05
4.11775e-05
3.19259e-05
2.4093e-05
1.74032e-05
1.21662e-05
8.23467e-06
5.40576e-06
3.45485e-06
2.15124e-06
1.31058e-06
7.83172e-07
4.603e-07
2.66287e-07
1.51911e-07
8.55559e-08
4.76163e-08
2.62111e-08
1.42884e-08
7.71225e-09
4.12659e-09
2.19037e-09
1.15425e-09
6.04024e-10
3.14055e-10
1.62243e-10
8.3223e-11
4.22992e-11
2.11957e-11
1.03514e-11
4.79433e-12
1.95062e-12
4.50895e-13
4.66168e-14
1.77716e-13
3.70749e-13
6.6204e-13
1.09933e-12
1.75073e-12
2.71212e-12
4.11429e-12
6.12784e-12
8.96275e-12
1.28652e-11
1.81245e-11
2.50837e-11
3.41221e-11
4.5582e-11
5.9713e-11
7.66403e-11
9.61463e-11
1.16767e-10
1.38551e-10
1.59778e-10
1.79265e-10
1.95637e-10
2.08153e-10
2.15428e-10
2.17675e-10
2.1523e-10
2.08618e-10
1.98908e-10
1.86559e-10
1.71963e-10
1.55056e-10
1.35357e-10
1.1424e-10
9.53526e-11
8.37542e-11
8.31615e-11
9.97961e-11
1.43469e-10
2.34e-10
4.10804e-10
7.42688e-10
1.34708e-09
2.45943e-09
4.45639e-09
8.00382e-09
1.41239e-08
2.47462e-08
4.30153e-08
7.42259e-08
1.27318e-07
2.1742e-07
3.63133e-07
5.53815e-07
7.99813e-07
1.14721e-06
1.6833e-06
2.56612e-06
4.0828e-06
6.76429e-06
1.15846e-05
2.02384e-05
3.50223e-05
5.42691e-05
6.67049e-05
6.78068e-05
6.14751e-05
5.14949e-05
4.10758e-05
3.18491e-05
2.40279e-05
1.73506e-05
1.21256e-05
8.20493e-06
5.38505e-06
3.44109e-06
2.14239e-06
1.30509e-06
7.79861e-07
4.58342e-07
2.65147e-07
1.51258e-07
8.51877e-08
4.74114e-08
2.60986e-08
1.42274e-08
7.67945e-09
4.10913e-09
2.18116e-09
1.14943e-09
6.0152e-10
3.12764e-10
1.61582e-10
8.28872e-11
4.213e-11
2.11115e-11
1.03105e-11
4.77546e-12
1.94296e-12
4.49125e-13
4.65997e-14
1.77651e-13
3.70614e-13
6.61802e-13
1.09894e-12
1.75012e-12
2.71119e-12
4.11292e-12
6.12588e-12
8.96001e-12
1.28615e-11
1.81197e-11
2.50779e-11
3.41156e-11
4.55746e-11
5.9707e-11
7.66379e-11
9.61505e-11
1.16781e-10
1.38572e-10
1.59816e-10
1.79324e-10
1.95717e-10
2.08257e-10
2.15552e-10
2.17815e-10
2.15383e-10
2.08781e-10
1.99077e-10
1.86728e-10
1.72129e-10
1.55216e-10
1.35505e-10
1.14379e-10
9.54858e-11
8.3897e-11
8.33466e-11
1.00089e-10
1.43984e-10
2.34949e-10
4.12588e-10
7.46022e-10
1.35323e-09
2.47072e-09
4.47684e-09
8.04039e-09
1.41878e-08
2.48568e-08
4.32043e-08
7.45443e-08
1.27846e-07
2.18353e-07
3.64534e-07
5.55736e-07
8.02601e-07
1.15107e-06
1.68919e-06
2.57606e-06
4.10016e-06
6.79518e-06
1.16401e-05
2.03369e-05
3.5181e-05
5.44272e-05
6.67678e-05
6.77947e-05
6.14219e-05
5.14264e-05
4.10079e-05
3.17982e-05
2.39843e-05
1.73156e-05
1.20987e-05
8.18515e-06
5.37112e-06
3.43178e-06
2.13644e-06
1.30139e-06
7.77616e-07
4.57014e-07
2.64377e-07
1.5082e-07
8.49418e-08
4.72755e-08
2.60243e-08
1.41873e-08
7.65802e-09
4.09778e-09
2.17519e-09
1.14632e-09
5.99907e-10
3.11931e-10
1.61153e-10
8.26679e-11
4.20188e-11
2.1056e-11
1.02835e-11
4.76293e-12
1.93786e-12
4.47948e-13
4.65912e-14
1.77618e-13
3.70547e-13
6.61683e-13
1.09874e-12
1.74982e-12
2.71074e-12
4.11226e-12
6.12494e-12
8.95872e-12
1.28598e-11
1.81174e-11
2.50751e-11
3.41125e-11
4.55712e-11
5.97044e-11
7.66371e-11
9.61531e-11
1.16788e-10
1.38583e-10
1.59836e-10
1.79354e-10
1.95759e-10
2.0831e-10
2.15615e-10
2.17886e-10
2.1546e-10
2.08863e-10
1.99159e-10
1.8681e-10
1.72211e-10
1.553e-10
1.3561e-10
1.14459e-10
9.55554e-11
8.39679e-11
8.34359e-11
1.00228e-10
1.44226e-10
2.35388e-10
4.13404e-10
7.47533e-10
1.35599e-09
2.47576e-09
4.48597e-09
8.05686e-09
1.42171e-08
2.49089e-08
4.32973e-08
7.47105e-08
1.28144e-07
2.18905e-07
3.65113e-07
5.56207e-07
8.02836e-07
1.1543e-06
1.69296e-06
2.58166e-06
4.10946e-06
6.81139e-06
1.16688e-05
2.03873e-05
3.52617e-05
5.45067e-05
6.67982e-05
6.77873e-05
6.13943e-05
5.13918e-05
4.0974e-05
3.17726e-05
2.39628e-05
1.72983e-05
1.20854e-05
8.17537e-06
5.3641e-06
3.42694e-06
2.13321e-06
1.29933e-06
7.76354e-07
4.56263e-07
2.63941e-07
1.50571e-07
8.48026e-08
4.71986e-08
2.59825e-08
1.41648e-08
7.64606e-09
4.09148e-09
2.17191e-09
1.14462e-09
5.99034e-10
3.11485e-10
1.60928e-10
8.25541e-11
4.19618e-11
2.10277e-11
1.02698e-11
4.75662e-12
1.9353e-12
4.47356e-13
4.65911e-14
1.77618e-13
3.70546e-13
6.61682e-13
1.09874e-12
1.74981e-12
2.71073e-12
4.11225e-12
6.12493e-12
8.95871e-12
1.28598e-11
1.81174e-11
2.50751e-11
3.41125e-11
4.55713e-11
5.97045e-11
7.66374e-11
9.61536e-11
1.16789e-10
1.38584e-10
1.59837e-10
1.79355e-10
1.95761e-10
2.08312e-10
2.15617e-10
2.17888e-10
2.15462e-10
2.08863e-10
1.9916e-10
1.86812e-10
1.72216e-10
1.55312e-10
1.35627e-10
1.14468e-10
9.55571e-11
8.39634e-11
8.34217e-11
1.00193e-10
1.44141e-10
2.35192e-10
4.12954e-10
7.46517e-10
1.35374e-09
2.47082e-09
4.47527e-09
8.03394e-09
1.41692e-08
2.48095e-08
4.30937e-08
7.42983e-08
1.27318e-07
2.19099e-07
3.6483e-07
5.55525e-07
8.01395e-07
1.15568e-06
1.69372e-06
2.58218e-06
4.10996e-06
6.81205e-06
1.16699e-05
2.03891e-05
3.52643e-05
5.45079e-05
6.6797e-05
6.77849e-05
6.13919e-05
5.139e-05
4.09728e-05
3.17717e-05
2.39622e-05
1.72979e-05
1.20851e-05
8.17507e-06
5.36384e-06
3.42672e-06
2.13304e-06
1.29922e-06
7.76275e-07
4.56214e-07
2.63911e-07
1.50554e-07
8.47928e-08
4.71932e-08
2.59795e-08
1.41633e-08
7.64526e-09
4.09108e-09
2.17171e-09
1.14453e-09
5.98989e-10
3.11464e-10
1.60918e-10
8.25499e-11
4.196e-11
2.10269e-11
1.02694e-11
4.75649e-12
1.93525e-12
4.47345e-13
4.65994e-14
1.7765e-13
3.70612e-13
6.61798e-13
1.09893e-12
1.75011e-12
2.71117e-12
4.11289e-12
6.12584e-12
8.95997e-12
1.28615e-11
1.81196e-11
2.50779e-11
3.41157e-11
4.55749e-11
5.97075e-11
7.66388e-11
9.61519e-11
1.16783e-10
1.38575e-10
1.59819e-10
1.79328e-10
1.95723e-10
2.08262e-10
2.15557e-10
2.17819e-10
2.15386e-10
2.08782e-10
1.99076e-10
1.8673e-10
1.72137e-10
1.55239e-10
1.35555e-10
1.14403e-10
9.54942e-11
8.38964e-11
8.33368e-11
1.00063e-10
1.43921e-10
2.34805e-10
4.12268e-10
7.45332e-10
1.35177e-09
2.46766e-09
4.47057e-09
8.02782e-09
1.41634e-08
2.481e-08
4.31163e-08
7.4381e-08
1.27546e-07
2.17939e-07
3.63734e-07
5.54315e-07
7.9995e-07
1.15399e-06
1.69103e-06
2.57757e-06
4.10186e-06
6.79756e-06
1.16437e-05
2.03424e-05
3.51884e-05
5.44311e-05
6.6765e-05
6.77888e-05
6.14159e-05
5.14218e-05
4.10049e-05
3.17958e-05
2.39827e-05
1.73144e-05
1.20978e-05
8.18448e-06
5.37046e-06
3.43114e-06
2.13589e-06
1.301e-06
7.77357e-07
4.56854e-07
2.64283e-07
1.50766e-07
8.49117e-08
4.7259e-08
2.60156e-08
1.41828e-08
7.65569e-09
4.09661e-09
2.17462e-09
1.14605e-09
5.99778e-10
3.11872e-10
1.61127e-10
8.26565e-11
4.20139e-11
2.10539e-11
1.02826e-11
4.76258e-12
1.93773e-12
4.47918e-13
4.66168e-14
1.77716e-13
3.70749e-13
6.6204e-13
1.09933e-12
1.75073e-12
2.71211e-12
4.11425e-12
6.12777e-12
8.96263e-12
1.28651e-11
1.81243e-11
2.50836e-11
3.41222e-11
4.55824e-11
5.97137e-11
7.66416e-11
9.61482e-11
1.1677e-10
1.38554e-10
1.59782e-10
1.7927e-10
1.95642e-10
2.08158e-10
2.15433e-10
2.17678e-10
2.15231e-10
2.08619e-10
1.98907e-10
1.8656e-10
1.71968e-10
1.55072e-10
1.35394e-10
1.14254e-10
9.53549e-11
8.375e-11
8.31495e-11
9.97676e-11
1.43402e-10
2.33845e-10
4.10449e-10
7.4189e-10
1.34533e-09
2.45559e-09
4.44814e-09
7.98642e-09
1.40882e-08
2.46741e-08
4.28713e-08
7.39411e-08
1.2676e-07
2.17322e-07
3.62533e-07
5.5259e-07
7.97496e-07
1.15032e-06
1.68519e-06
2.56781e-06
4.08496e-06
6.76756e-06
1.15898e-05
2.02463e-05
3.50333e-05
5.42754e-05
6.67016e-05
6.77991e-05
6.14668e-05
5.14881e-05
4.10708e-05
3.18456e-05
2.40253e-05
1.73489e-05
1.21247e-05
8.20407e-06
5.38416e-06
3.44041e-06
2.14193e-06
1.30478e-06
7.79657e-07
4.58218e-07
2.65076e-07
1.51218e-07
8.51661e-08
4.74e-08
2.60926e-08
1.42244e-08
7.67794e-09
4.10839e-09
2.18081e-09
1.14927e-09
6.01445e-10
3.12729e-10
1.61565e-10
8.2879e-11
4.2126e-11
2.11097e-11
1.03097e-11
4.77508e-12
1.9428e-12
4.49091e-13
4.66439e-14
1.77819e-13
3.70963e-13
6.62419e-13
1.09995e-12
1.7517e-12
2.71357e-12
4.11639e-12
6.13081e-12
8.96684e-12
1.28707e-11
1.81317e-11
2.50928e-11
3.41326e-11
4.55943e-11
5.97236e-11
7.66466e-11
9.61435e-11
1.1675e-10
1.38524e-10
1.59725e-10
1.79183e-10
1.95521e-10
2.08003e-10
2.15246e-10
2.17465e-10
2.14999e-10
2.0837e-10
1.98649e-10
1.86294e-10
1.71701e-10
1.54811e-10
1.35153e-10
1.14024e-10
9.5139e-11
8.35248e-11
8.28661e-11
9.93285e-11
1.42641e-10
2.32458e-10
4.07864e-10
7.37087e-10
1.33654e-09
2.43943e-09
4.41868e-09
7.93305e-09
1.39928e-08
2.45022e-08
4.25609e-08
7.33757e-08
1.25713e-07
2.16317e-07
3.6084e-07
5.50169e-07
7.93933e-07
1.1446e-06
1.67624e-06
2.55296e-06
4.05924e-06
6.7218e-06
1.15072e-05
2.00998e-05
3.47953e-05
5.4036e-05
6.66044e-05
6.78153e-05
6.15468e-05
5.15915e-05
4.11745e-05
3.1924e-05
2.40923e-05
1.74027e-05
1.21649e-05
8.23338e-06
5.4049e-06
3.45433e-06
2.15095e-06
1.31043e-06
7.83098e-07
4.60262e-07
2.66266e-07
1.51899e-07
8.55494e-08
4.76126e-08
2.6209e-08
1.42873e-08
7.71159e-09
4.12622e-09
2.19017e-09
1.15414e-09
6.03965e-10
3.14024e-10
1.62227e-10
8.32148e-11
4.22952e-11
2.11938e-11
1.03505e-11
4.79391e-12
1.95045e-12
4.50857e-13
4.66819e-14
1.77964e-13
3.71264e-13
6.62953e-13
1.10082e-12
1.75307e-12
2.71564e-12
4.11942e-12
6.13512e-12
8.97282e-12
1.28788e-11
1.81423e-11
2.51059e-11
3.41478e-11
4.56116e-11
5.97388e-11
7.66553e-11
9.61393e-11
1.16726e-10
1.38484e-10
1.59649e-10
1.79063e-10
1.95355e-10
2.07789e-10
2.14989e-10
2.17168e-10
2.14672e-10
2.08026e-10
1.98293e-10
1.85928e-10
1.71334e-10
1.5445e-10
1.34805e-10
1.137e-10
9.48364e-11
8.32129e-11
8.24785e-11
9.87355e-11
1.41626e-10
2.30631e-10
4.0452e-10
7.31035e-10
1.32572e-09
2.42026e-09
4.3855e-09
7.8771e-09
1.39022e-08
2.43615e-08
4.2353e-08
7.30899e-08
1.25371e-07
2.14299e-07
3.58524e-07
5.4757e-07
7.91206e-07
1.13469e-06
1.66313e-06
2.53232e-06
4.02432e-06
6.66048e-06
1.13981e-05
1.99065e-05
3.44818e-05
5.37158e-05
6.64732e-05
6.78355e-05
6.16491e-05
5.17254e-05
4.13066e-05
3.20231e-05
2.41758e-05
1.74697e-05
1.22176e-05
8.27263e-06
5.43244e-06
3.47276e-06
2.16287e-06
1.31789e-06
7.87644e-07
4.62964e-07
2.67841e-07
1.52801e-07
8.6057e-08
4.78943e-08
2.63633e-08
1.43707e-08
7.75622e-09
4.14987e-09
2.20259e-09
1.1606e-09
6.07309e-10
3.15743e-10
1.63105e-10
8.36607e-11
4.25197e-11
2.13054e-11
1.04047e-11
4.81892e-12
1.9606e-12
4.53202e-13
4.67324e-14
1.78156e-13
3.71663e-13
6.63661e-13
1.10199e-12
1.75489e-12
2.7184e-12
4.12348e-12
6.14091e-12
8.9809e-12
1.28898e-11
1.81567e-11
2.5124e-11
3.41689e-11
4.56361e-11
5.97612e-11
7.66705e-11
9.61392e-11
1.16703e-10
1.38444e-10
1.59568e-10
1.78929e-10
1.95164e-10
2.07534e-10
2.14678e-10
2.16813e-10
2.14277e-10
2.076e-10
1.97845e-10
1.85471e-10
1.70873e-10
1.53995e-10
1.34352e-10
1.1329e-10
9.44603e-11
8.28296e-11
8.20014e-11
9.79943e-11
1.40327e-10
2.2823e-10
3.99975e-10
7.2246e-10
1.30979e-09
2.39088e-09
4.33218e-09
7.78107e-09
1.37328e-08
2.40646e-08
4.18371e-08
7.2208e-08
1.23885e-07
2.11561e-07
3.54504e-07
5.4194e-07
7.82659e-07
1.12764e-06
1.649e-06
2.50764e-06
3.98146e-06
6.58498e-06
1.12628e-05
1.96667e-05
3.40929e-05
5.3317e-05
6.63091e-05
6.78625e-05
6.17827e-05
5.18974e-05
4.14785e-05
3.21531e-05
2.42886e-05
1.75599e-05
1.22864e-05
8.32294e-06
5.46757e-06
3.49618e-06
2.17797e-06
1.32732e-06
7.93375e-07
4.66363e-07
2.69818e-07
1.5393e-07
8.66924e-08
4.82465e-08
2.6556e-08
1.44747e-08
7.81184e-09
4.17932e-09
2.21805e-09
1.16864e-09
6.11466e-10
3.17879e-10
1.64196e-10
8.42146e-11
4.27986e-11
2.14441e-11
1.0472e-11
4.84998e-12
1.97321e-12
4.56114e-13
4.67971e-14
1.78402e-13
3.72174e-13
6.6457e-13
1.10349e-12
1.75724e-12
2.72197e-12
4.12873e-12
6.14844e-12
8.99141e-12
1.29042e-11
1.81757e-11
2.5148e-11
3.41976e-11
4.56703e-11
5.97931e-11
7.66936e-11
9.61439e-11
1.16678e-10
1.384e-10
1.59469e-10
1.78764e-10
1.94922e-10
2.07216e-10
2.14288e-10
2.16371e-10
2.1379e-10
2.07081e-10
1.97304e-10
1.84913e-10
1.70304e-10
1.53425e-10
1.3381e-10
1.12778e-10
9.39884e-11
8.23496e-11
8.14215e-11
9.71148e-11
1.38813e-10
2.25465e-10
3.94798e-10
7.12792e-10
1.29194e-09
2.35783e-09
4.27183e-09
7.67318e-09
1.35443e-08
2.37378e-08
4.12735e-08
7.12312e-08
1.22177e-07
2.08643e-07
3.50228e-07
5.36227e-07
7.7467e-07
1.11606e-06
1.63031e-06
2.4762e-06
3.92672e-06
6.48717e-06
1.10878e-05
1.93564e-05
3.35857e-05
5.27888e-05
6.60872e-05
6.78927e-05
6.19534e-05
5.21194e-05
4.16968e-05
3.23187e-05
2.44276e-05
1.7672e-05
1.23722e-05
8.38532e-06
5.51093e-06
3.52498e-06
2.1965e-06
1.33885e-06
8.00365e-07
4.70497e-07
2.72218e-07
1.55298e-07
8.74598e-08
4.8671e-08
2.67877e-08
1.45996e-08
7.87851e-09
4.21458e-09
2.23653e-09
1.17824e-09
6.16426e-10
3.20425e-10
1.65496e-10
8.4874e-11
4.31305e-11
2.16091e-11
1.05521e-11
4.88691e-12
1.98821e-12
4.59577e-13
4.68774e-14
1.78707e-13
3.72811e-13
6.65701e-13
1.10535e-12
1.76018e-12
2.72642e-12
4.1353e-12
6.15787e-12
9.0046e-12
1.29221e-11
1.81994e-11
2.51779e-11
3.42332e-11
4.57117e-11
5.98355e-11
7.67277e-11
9.61573e-11
1.16658e-10
1.38355e-10
1.59363e-10
1.78582e-10
1.94654e-10
2.06849e-10
2.13841e-10
2.15842e-10
2.13204e-10
2.06448e-10
1.96642e-10
1.84221e-10
1.69597e-10
1.5271e-10
1.33108e-10
1.12132e-10
9.34012e-11
8.17639e-11
8.07121e-11
9.604e-11
1.36965e-10
2.22095e-10
3.8849e-10
7.01017e-10
1.27023e-09
2.31792e-09
4.19982e-09
7.54338e-09
1.3315e-08
2.3336e-08
4.05799e-08
7.00497e-08
1.20187e-07
2.05338e-07
3.45202e-07
5.29433e-07
7.65289e-07
1.10208e-06
1.60833e-06
2.43956e-06
3.86324e-06
6.37412e-06
1.08824e-05
1.89912e-05
3.29864e-05
5.21476e-05
6.58123e-05
6.79259e-05
6.21592e-05
5.23899e-05
4.19654e-05
3.25215e-05
2.45979e-05
1.78087e-05
1.24764e-05
8.4611e-06
5.56348e-06
3.55978e-06
2.2188e-06
1.35269e-06
8.08716e-07
4.75417e-07
2.75062e-07
1.56915e-07
8.83638e-08
4.91695e-08
2.70592e-08
1.47455e-08
7.95622e-09
4.25558e-09
2.25798e-09
1.18937e-09
6.22165e-10
3.23369e-10
1.66997e-10
8.5635e-11
4.35134e-11
2.17993e-11
1.06444e-11
4.92947e-12
2.00548e-12
4.63565e-13
4.69751e-14
1.79079e-13
3.73585e-13
6.67079e-13
1.10762e-12
1.76375e-12
2.73187e-12
4.14334e-12
6.16943e-12
9.02078e-12
1.29442e-11
1.82285e-11
2.52146e-11
3.42768e-11
4.57622e-11
5.98844e-11
7.67691e-11
9.61775e-11
1.16642e-10
1.38311e-10
1.59241e-10
1.78364e-10
1.94322e-10
2.064e-10
2.13273e-10
2.15177e-10
2.12478e-10
2.05672e-10
1.95841e-10
1.83401e-10
1.68766e-10
1.51882e-10
1.323e-10
1.11375e-10
9.27046e-11
8.10763e-11
7.98864e-11
9.48083e-11
1.34853e-10
2.18221e-10
3.81159e-10
6.87119e-10
1.24412e-09
2.26867e-09
4.10936e-09
7.37978e-09
1.30238e-08
2.28189e-08
3.96637e-08
6.84313e-08
1.17332e-07
2.01922e-07
3.39498e-07
5.21558e-07
7.54093e-07
1.08524e-06
1.58178e-06
2.39542e-06
3.78725e-06
6.24005e-06
1.06429e-05
1.85615e-05
3.2276e-05
5.1374e-05
6.54725e-05
6.79631e-05
6.24074e-05
5.27168e-05
4.22899e-05
3.27673e-05
2.48078e-05
1.79817e-05
1.26059e-05
8.55404e-06
5.62728e-06
3.60166e-06
2.24542e-06
1.36908e-06
8.18551e-07
4.81179e-07
2.78377e-07
1.58789e-07
8.94079e-08
4.9743e-08
2.73702e-08
1.49121e-08
8.04469e-09
4.30213e-09
2.28227e-09
1.20194e-09
6.28642e-10
3.26687e-10
1.68688e-10
8.64914e-11
4.39439e-11
2.20131e-11
1.07481e-11
4.97725e-12
2.02487e-12
4.6804e-13
4.70919e-14
1.79524e-13
3.74512e-13
6.6873e-13
1.11035e-12
1.76806e-12
2.73843e-12
4.15307e-12
6.18346e-12
9.04049e-12
1.29712e-11
1.82644e-11
2.52605e-11
3.43326e-11
4.58287e-11
5.99519e-11
7.68268e-11
9.6211e-11
1.16634e-10
1.38271e-10
1.59113e-10
1.7813e-10
1.93971e-10
2.05917e-10
2.1266e-10
2.14448e-10
2.11635e-10
2.04766e-10
1.94881e-10
1.82433e-10
1.67783e-10
1.50898e-10
1.31348e-10
1.10475e-10
9.18851e-11
8.02887e-11
7.89943e-11
9.35024e-11
1.32698e-10
2.14389e-10
3.74134e-10
6.74288e-10
1.22115e-09
2.21233e-09
4.0128e-09
7.20889e-09
1.27264e-08
2.23038e-08
3.87774e-08
6.68999e-08
1.14694e-07
1.97555e-07
3.3306e-07
5.13374e-07
7.43803e-07
1.06401e-06
1.55047e-06
2.34447e-06
3.70031e-06
6.08614e-06
1.03657e-05
1.80698e-05
3.14567e-05
5.04502e-05
6.50495e-05
6.7992e-05
6.26932e-05
5.31064e-05
4.26797e-05
3.30631e-05
2.50561e-05
1.81647e-05
1.27491e-05
8.65879e-06
5.70005e-06
3.64971e-06
2.27603e-06
1.38792e-06
8.2985e-07
4.87776e-07
2.82158e-07
1.60918e-07
9.05885e-08
5.03888e-08
2.7719e-08
1.50981e-08
8.14306e-09
4.35369e-09
2.30909e-09
1.21574e-09
6.35852e-10
3.30366e-10
1.70556e-10
8.74352e-11
4.44173e-11
2.22477e-11
1.08617e-11
5.02957e-12
2.04608e-12
4.72933e-13
4.72288e-14
1.80046e-13
3.756e-13
6.70669e-13
1.11356e-12
1.77313e-12
2.74619e-12
4.1646e-12
6.20016e-12
9.06408e-12
1.30037e-11
1.83079e-11
2.53166e-11
3.44014e-11
4.59112e-11
6.00381e-11
7.69045e-11
9.6261e-11
1.16638e-10
1.38242e-10
1.58987e-10
1.77875e-10
1.93569e-10
2.05342e-10
2.11953e-10
2.13622e-10
2.1072e-10
2.03757e-10
1.93813e-10
1.81306e-10
1.66618e-10
1.49701e-10
1.30131e-10
1.09361e-10
9.08898e-11
7.93451e-11
7.79363e-11
9.19722e-11
1.30117e-10
2.0973e-10
3.65458e-10
6.58115e-10
1.1916e-09
2.15837e-09
3.91599e-09
7.03683e-09
1.24298e-08
2.18015e-08
3.79386e-08
6.55272e-08
1.12467e-07
1.92167e-07
3.25062e-07
5.02267e-07
7.27627e-07
1.04604e-06
1.51906e-06
2.29066e-06
3.60619e-06
5.92029e-06
1.00679e-05
1.75327e-05
3.056e-05
4.94169e-05
6.45516e-05
6.80213e-05
6.30329e-05
5.35676e-05
4.31451e-05
3.3439e-05
2.53554e-05
1.84051e-05
1.29299e-05
8.78711e-06
5.78726e-06
3.70641e-06
2.31169e-06
1.40963e-06
8.4283e-07
4.95289e-07
2.8643e-07
1.63306e-07
9.19036e-08
5.11034e-08
2.81028e-08
1.53012e-08
8.24995e-09
4.40945e-09
2.33794e-09
1.23053e-09
6.43655e-10
3.34329e-10
1.72561e-10
8.84449e-11
4.49226e-11
2.24977e-11
1.09826e-11
5.08519e-12
2.06861e-12
4.78128e-13
4.73856e-14
1.80644e-13
3.76847e-13
6.72895e-13
1.11725e-12
1.77897e-12
2.75513e-12
4.17793e-12
6.21953e-12
9.09161e-12
1.3042e-11
1.83599e-11
2.53846e-11
3.44864e-11
4.60116e-11
6.01459e-11
7.70065e-11
9.63351e-11
1.16661e-10
1.38227e-10
1.58855e-10
1.77587e-10
1.93114e-10
2.04735e-10
2.11178e-10
2.12676e-10
2.09626e-10
2.02581e-10
1.92552e-10
1.79964e-10
1.65265e-10
1.48328e-10
1.28782e-10
1.0805e-10
8.97095e-11
7.82322e-11
7.66938e-11
9.01816e-11
1.27073e-10
2.04239e-10
3.55137e-10
6.38628e-10
1.15542e-09
2.09118e-09
3.79238e-09
6.81687e-09
1.20469e-08
2.11408e-08
3.68894e-08
6.37155e-08
1.09409e-07
1.86994e-07
3.16985e-07
4.91523e-07
7.12857e-07
1.02391e-06
1.48437e-06
2.23374e-06
3.50945e-06
5.75029e-06
9.7701e-06
1.70201e-05
2.97357e-05
4.85235e-05
6.38565e-05
6.80151e-05
6.34241e-05
5.41193e-05
4.36784e-05
3.38773e-05
2.5724e-05
1.86977e-05
1.31484e-05
8.94138e-06
5.89121e-06
3.77332e-06
2.35334e-06
1.43475e-06
8.57613e-07
5.0377e-07
2.91208e-07
1.65953e-07
9.33481e-08
5.18816e-08
2.85172e-08
1.55182e-08
8.3633e-09
4.46821e-09
2.36821e-09
1.24604e-09
6.5158e-10
3.38361e-10
1.74604e-10
8.94748e-11
4.54384e-11
2.27531e-11
1.11062e-11
5.14204e-12
2.09164e-12
4.83437e-13
4.75601e-14
1.81309e-13
3.78237e-13
6.7538e-13
1.12137e-12
1.78551e-12
2.76518e-12
4.19295e-12
6.24145e-12
9.12296e-12
1.3086e-11
1.84201e-11
2.5464e-11
3.45863e-11
4.61302e-11
6.02749e-11
7.71314e-11
9.64319e-11
1.16702e-10
1.38228e-10
1.58729e-10
1.77312e-10
1.9264e-10
2.04021e-10
2.10242e-10
2.11583e-10
2.08403e-10
2.01245e-10
1.91124e-10
1.78474e-10
1.63687e-10
1.46713e-10
1.27155e-10
1.06539e-10
8.8329e-11
7.69638e-11
7.53307e-11
8.82619e-11
1.2386e-10
1.9839e-10
3.442e-10
6.18114e-10
1.11804e-09
2.02319e-09
3.66994e-09
6.59493e-09
1.16485e-08
2.04259e-08
3.56785e-08
6.1566e-08
1.0566e-07
1.8205e-07
3.08496e-07
4.79952e-07
6.97466e-07
9.94517e-07
1.44099e-06
2.16372e-06
3.39113e-06
5.54497e-06
9.40644e-06
1.63678e-05
2.86113e-05
4.71254e-05
6.304e-05
6.7977e-05
6.38675e-05
5.47629e-05
4.4357e-05
3.45013e-05
2.6244e-05
1.90942e-05
1.3431e-05
9.13392e-06
6.01765e-06
3.85307e-06
2.4021e-06
1.46368e-06
8.74352e-07
5.13231e-07
2.96464e-07
1.68826e-07
9.48966e-08
5.27058e-08
2.89512e-08
1.57427e-08
8.47963e-09
4.52805e-09
2.39882e-09
1.26163e-09
6.59445e-10
3.42346e-10
1.76619e-10
9.04898e-11
4.59465e-11
2.30045e-11
1.12277e-11
5.19786e-12
2.11422e-12
4.88646e-13
4.77478e-14
1.82026e-13
3.79736e-13
6.78064e-13
1.12584e-12
1.79262e-12
2.77615e-12
4.20943e-12
6.26565e-12
9.15779e-12
1.31352e-11
1.84879e-11
2.55542e-11
3.47009e-11
4.62676e-11
6.04261e-11
7.72805e-11
9.65519e-11
1.16762e-10
1.38242e-10
1.58602e-10
1.76994e-10
1.9214e-10
2.03294e-10
2.09296e-10
2.10393e-10
2.07013e-10
1.99689e-10
1.8953e-10
1.76805e-10
1.61957e-10
1.44918e-10
1.25348e-10
1.04835e-10
8.68122e-11
7.55539e-11
7.38677e-11
8.62447e-11
1.20385e-10
1.92039e-10
3.32539e-10
5.9658e-10
1.07863e-09
1.95028e-09
3.53465e-09
6.35058e-09
1.12196e-08
1.96816e-08
3.44269e-08
5.94012e-08
1.01934e-07
1.75732e-07
2.98247e-07
4.66088e-07
6.78618e-07
9.66865e-07
1.39754e-06
2.09169e-06
3.26717e-06
5.32503e-06
9.01255e-06
1.5654e-05
2.74155e-05
4.55623e-05
6.20833e-05
6.78772e-05
6.42881e-05
5.54634e-05
4.50266e-05
3.50659e-05
2.66894e-05
1.94336e-05
1.36931e-05
9.32459e-06
6.14798e-06
3.93728e-06
2.45425e-06
1.49479e-06
8.92336e-07
5.23326e-07
3.02029e-07
1.71836e-07
9.64985e-08
5.35467e-08
2.93872e-08
1.5965e-08
8.59914e-09
4.58828e-09
2.42908e-09
1.2768e-09
6.67013e-10
3.4616e-10
1.78561e-10
9.14656e-11
4.64308e-11
2.32413e-11
1.13407e-11
5.2491e-12
2.13474e-12
4.93336e-13
4.7939e-14
1.82756e-13
3.81265e-13
6.80807e-13
1.13041e-12
1.79993e-12
2.78746e-12
4.22651e-12
6.29088e-12
9.19438e-12
1.31874e-11
1.85606e-11
2.56519e-11
3.48262e-11
4.64196e-11
6.05956e-11
7.74506e-11
9.6693e-11
1.1684e-10
1.38265e-10
1.58457e-10
1.76618e-10
1.9157e-10
2.02408e-10
2.08175e-10
2.09061e-10
2.05489e-10
1.98033e-10
1.87744e-10
1.74966e-10
1.60021e-10
1.42893e-10
1.23266e-10
1.02907e-10
8.51209e-11
7.4048e-11
7.22913e-11
8.39982e-11
1.16679e-10
1.85393e-10
3.19943e-10
5.7309e-10
1.03489e-09
1.87079e-09
3.39165e-09
6.09508e-09
1.0781e-08
1.89219e-08
3.31423e-08
5.72113e-08
9.82419e-08
1.68089e-07
2.86042e-07
4.49083e-07
6.54349e-07
9.36532e-07
1.3486e-06
2.00747e-06
3.12146e-06
5.0658e-06
8.61946e-06
1.49212e-05
2.61136e-05
4.38574e-05
6.10249e-05
6.77298e-05
6.47055e-05
5.61331e-05
4.57192e-05
3.56896e-05
2.71895e-05
1.98226e-05
1.398e-05
9.52795e-06
6.28476e-06
4.02459e-06
2.50772e-06
1.5263e-06
9.10316e-07
5.33268e-07
3.07427e-07
1.74717e-07
9.80196e-08
5.43514e-08
2.98226e-08
1.61919e-08
8.71424e-09
4.64577e-09
2.45735e-09
1.29055e-09
6.73579e-10
3.4926e-10
1.79971e-10
9.21226e-11
4.67422e-11
2.33899e-11
1.14109e-11
5.28097e-12
2.14755e-12
4.96278e-13
4.81228e-14
1.83459e-13
3.82741e-13
6.83466e-13
1.13487e-12
1.8071e-12
2.79867e-12
4.24362e-12
6.31647e-12
9.23199e-12
1.32417e-11
1.86373e-11
2.57564e-11
3.49623e-11
4.6587e-11
6.07851e-11
7.76446e-11
9.68599e-11
1.16943e-10
1.38312e-10
1.58342e-10
1.76287e-10
1.91005e-10
2.01515e-10
2.06921e-10
2.07574e-10
2.03776e-10
1.96136e-10
1.85659e-10
1.7284e-10
1.5789e-10
1.40705e-10
1.21116e-10
1.00832e-10
8.32858e-11
7.24254e-11
7.06522e-11
8.17125e-11
1.13013e-10
1.78949e-10
3.07971e-10
5.50648e-10
9.94412e-10
1.79649e-09
3.25533e-09
5.84849e-09
1.03516e-08
1.81678e-08
3.16503e-08
5.47261e-08
9.40544e-08
1.60922e-07
2.74174e-07
4.33025e-07
6.3299e-07
8.99311e-07
1.29473e-06
1.92053e-06
2.97263e-06
4.80644e-06
8.17892e-06
1.41287e-05
2.4778e-05
4.19751e-05
5.97483e-05
6.7496e-05
6.51479e-05
5.70928e-05
4.66551e-05
3.64809e-05
2.78836e-05
2.03427e-05
1.43483e-05
9.7766e-06
6.44566e-06
4.12415e-06
2.56711e-06
1.5605e-06
9.29394e-07
5.43602e-07
3.13209e-07
1.77874e-07
9.96451e-08
5.51341e-08
3.01578e-08
1.6337e-08
8.77635e-09
4.6727e-09
2.46901e-09
1.29559e-09
6.75727e-10
3.50218e-10
1.80428e-10
9.23377e-11
4.68435e-11
2.34377e-11
1.14333e-11
5.29099e-12
2.15153e-12
4.97179e-13
4.82764e-14
1.84044e-13
3.83959e-13
6.85639e-13
1.13849e-12
1.8129e-12
2.80775e-12
4.25761e-12
6.33772e-12
9.26389e-12
1.3289e-11
1.8706e-11
2.5853e-11
3.5092e-11
4.6752e-11
6.09792e-11
7.7853e-11
9.7053e-11
1.17084e-10
1.38376e-10
1.58222e-10
1.75922e-10
1.9041e-10
2.00614e-10
2.05678e-10
2.05947e-10
2.01919e-10
1.94082e-10
1.83504e-10
1.70517e-10
1.55535e-10
1.38343e-10
1.18745e-10
9.85966e-11
8.13644e-11
7.07889e-11
6.90972e-11
7.94434e-11
1.09275e-10
1.72213e-10
2.95467e-10
5.26663e-10
9.48977e-10
1.71197e-09
3.09895e-09
5.56611e-09
9.85981e-09
1.73093e-08
3.01742e-08
5.22183e-08
8.98054e-08
1.53749e-07
2.62043e-07
4.1611e-07
6.09634e-07
8.64608e-07
1.24048e-06
1.83183e-06
2.82332e-06
4.54685e-06
7.7163e-06
1.33053e-05
2.33163e-05
3.97992e-05
5.81449e-05
6.71242e-05
6.56391e-05
5.79899e-05
4.76439e-05
3.73758e-05
2.86035e-05
2.09343e-05
1.47629e-05
1.00512e-05
6.61735e-06
4.22578e-06
2.62487e-06
1.59234e-06
9.46769e-07
5.53309e-07
3.18041e-07
1.799e-07
1.00475e-07
5.54616e-08
3.0287e-08
1.63793e-08
8.78456e-09
4.67098e-09
2.46548e-09
1.29265e-09
6.73724e-10
3.49041e-10
1.79786e-10
9.20025e-11
4.66743e-11
2.33545e-11
1.13935e-11
5.27289e-12
2.14424e-12
4.95502e-13
4.84061e-14
1.84538e-13
3.84992e-13
6.87489e-13
1.14158e-12
1.81787e-12
2.81571e-12
4.2702e-12
6.35752e-12
9.29486e-12
1.33369e-11
1.87777e-11
2.59563e-11
3.52353e-11
4.69407e-11
6.12101e-11
7.81139e-11
9.72945e-11
1.17266e-10
1.3845e-10
1.58115e-10
1.75552e-10
1.89802e-10
1.9967e-10
2.04471e-10
2.04485e-10
2.00155e-10
1.92113e-10
1.8138e-10
1.68303e-10
1.53171e-10
1.35871e-10
1.16322e-10
9.63544e-11
7.94731e-11
6.92375e-11
6.7718e-11
7.74433e-11
1.05874e-10
1.66119e-10
2.84067e-10
5.05323e-10
9.09132e-10
1.63904e-09
2.96551e-09
5.3222e-09
9.42189e-09
1.6517e-08
2.87493e-08
4.97087e-08
8.54252e-08
1.47358e-07
2.50751e-07
4.00073e-07
5.87632e-07
8.32399e-07
1.18958e-06
1.74726e-06
2.67724e-06
4.28841e-06
7.24018e-06
1.24452e-05
2.18251e-05
3.76202e-05
5.63757e-05
6.66011e-05
6.60839e-05
5.89018e-05
4.86607e-05
3.82993e-05
2.9346e-05
2.15107e-05
1.52387e-05
1.04032e-05
6.8551e-06
4.37348e-06
2.71006e-06
1.6378e-06
9.68728e-07
5.62056e-07
3.21385e-07
1.81143e-07
1.00835e-07
5.54987e-08
3.0234e-08
1.63173e-08
8.73624e-09
4.6398e-09
2.4467e-09
1.28172e-09
6.67377e-10
3.45717e-10
1.78081e-10
9.11377e-11
4.62408e-11
2.31408e-11
1.12907e-11
5.22581e-12
2.12516e-12
4.91106e-13
4.84574e-14
1.84716e-13
3.85297e-13
6.87905e-13
1.14206e-12
1.81841e-12
2.81621e-12
4.2709e-12
6.35916e-12
9.29924e-12
1.33477e-11
1.88018e-11
2.60027e-11
3.53132e-11
4.70594e-11
6.1371e-11
7.82977e-11
9.74922e-11
1.17448e-10
1.38553e-10
1.58079e-10
1.75321e-10
1.89356e-10
1.98708e-10
2.03236e-10
2.02999e-10
1.9849e-10
1.90261e-10
1.79381e-10
1.66186e-10
1.50913e-10
1.33559e-10
1.14026e-10
9.42337e-11
7.77467e-11
6.78596e-11
6.65133e-11
7.57706e-11
1.03202e-10
1.61237e-10
2.74928e-10
4.88152e-10
8.7678e-10
1.5775e-09
2.8507e-09
5.10822e-09
9.04369e-09
1.58539e-08
2.7606e-08
4.77172e-08
8.19616e-08
1.4132e-07
2.40668e-07
3.8609e-07
5.68403e-07
8.04686e-07
1.14717e-06
1.67698e-06
2.55752e-06
4.0822e-06
6.82931e-06
1.17418e-05
2.05906e-05
3.56542e-05
5.46119e-05
6.60168e-05
6.64151e-05
5.97069e-05
4.96008e-05
3.91626e-05
3.00439e-05
2.20228e-05
1.55684e-05
1.05995e-05
6.97409e-06
4.43895e-06
2.74305e-06
1.65242e-06
9.7409e-07
5.63542e-07
3.21054e-07
1.80316e-07
1.00063e-07
5.49114e-08
2.98683e-08
1.60966e-08
8.60437e-09
4.56224e-09
2.40172e-09
1.25561e-09
6.54162e-10
3.38769e-10
1.74489e-10
8.93267e-11
4.53479e-11
2.27105e-11
1.10895e-11
5.1364e-12
2.08999e-12
4.83141e-13
4.85974e-14
1.8525e-13
3.86397e-13
6.8977e-13
1.14492e-12
1.82254e-12
2.82208e-12
4.27921e-12
6.37117e-12
9.31725e-12
1.3376e-11
1.88479e-11
2.60771e-11
3.54266e-11
4.72185e-11
6.15759e-11
7.85578e-11
9.7804e-11
1.17766e-10
1.38778e-10
1.58169e-10
1.75206e-10
1.89001e-10
1.98034e-10
2.02255e-10
2.01785e-10
1.97107e-10
1.88862e-10
1.77943e-10
1.64719e-10
1.49411e-10
1.31894e-10
1.12379e-10
9.28046e-11
7.65826e-11
6.69152e-11
6.56314e-11
7.47119e-11
1.01516e-10
1.58265e-10
2.69422e-10
4.77798e-10
8.58004e-10
1.54295e-09
2.78785e-09
4.9984e-09
8.85158e-09
1.55155e-08
2.70157e-08
4.67196e-08
8.03078e-08
1.37519e-07
2.34879e-07
3.77727e-07
5.56746e-07
7.87206e-07
1.12013e-06
1.6324e-06
2.48069e-06
3.94251e-06
6.54227e-06
1.12198e-05
1.96551e-05
3.41425e-05
5.31041e-05
6.54728e-05
6.66201e-05
6.03343e-05
5.03935e-05
3.99334e-05
3.06928e-05
2.2484e-05
1.58805e-05
1.08098e-05
7.08443e-06
4.4919e-06
2.76402e-06
1.65801e-06
9.73365e-07
5.60942e-07
3.18346e-07
1.78135e-07
9.84678e-08
5.38652e-08
2.91605e-08
1.56586e-08
8.34801e-09
4.42063e-09
2.32776e-09
1.22023e-09
6.35487e-10
3.29387e-10
1.69907e-10
8.71358e-11
4.43222e-11
2.22407e-11
1.088e-11
5.04726e-12
2.05606e-12
4.75639e-13
)
;

boundaryField
{
    fuel
    {
        type            fixedValue;
        value           uniform 0;
    }
    air
    {
        type            fixedValue;
        value           uniform 0;
    }
    outlet
    {
        type            inletOutlet;
        inletValue      uniform 0;
        value           nonuniform List<scalar> 
200
(
4.85962e-14
1.85246e-13
3.86388e-13
6.89753e-13
1.14489e-12
1.82249e-12
2.822e-12
4.27908e-12
6.37096e-12
9.31695e-12
1.33756e-11
1.88473e-11
2.60761e-11
3.54251e-11
4.72162e-11
6.15724e-11
7.85527e-11
9.77969e-11
1.17757e-10
1.38766e-10
1.58155e-10
1.75189e-10
1.88982e-10
1.98013e-10
2.02234e-10
2.01763e-10
1.97085e-10
1.8884e-10
1.77921e-10
1.64694e-10
1.49379e-10
1.31848e-10
1.12307e-10
9.2767e-11
7.65601e-11
6.6897e-11
6.56107e-11
7.46838e-11
1.01472e-10
1.58201e-10
2.69316e-10
4.77621e-10
8.577e-10
1.54249e-09
2.78717e-09
4.99797e-09
8.85412e-09
1.55272e-08
2.70445e-08
4.67788e-08
8.04266e-08
1.37642e-07
2.34789e-07
3.77901e-07
5.57339e-07
7.88564e-07
1.11806e-06
1.63014e-06
2.47779e-06
3.93861e-06
6.53847e-06
1.12115e-05
1.96432e-05
3.41199e-05
5.30732e-05
6.54552e-05
6.66178e-05
6.03428e-05
5.04042e-05
3.9943e-05
3.06997e-05
2.24898e-05
1.5885e-05
1.08136e-05
7.08687e-06
4.49358e-06
2.7651e-06
1.65869e-06
9.73788e-07
5.61198e-07
3.18498e-07
1.78223e-07
9.85173e-08
5.38934e-08
2.91762e-08
1.56671e-08
8.35255e-09
4.42303e-09
2.32901e-09
1.22087e-09
6.35814e-10
3.29552e-10
1.69988e-10
8.71762e-11
4.43419e-11
2.22501e-11
1.08845e-11
5.04925e-12
2.05686e-12
4.7582e-13
4.85974e-14
1.8525e-13
3.86397e-13
6.8977e-13
1.14492e-12
1.82254e-12
2.82208e-12
4.27921e-12
6.37117e-12
9.31725e-12
1.3376e-11
1.88479e-11
2.60771e-11
3.54266e-11
4.72185e-11
6.15759e-11
7.85578e-11
9.7804e-11
1.17766e-10
1.38778e-10
1.58169e-10
1.75206e-10
1.89001e-10
1.98034e-10
2.02255e-10
2.01785e-10
1.97107e-10
1.88862e-10
1.77943e-10
1.64719e-10
1.49411e-10
1.31894e-10
1.12379e-10
9.28046e-11
7.65826e-11
6.69152e-11
6.56314e-11
7.47119e-11
1.01516e-10
1.58265e-10
2.69422e-10
4.77798e-10
8.58004e-10
1.54295e-09
2.78785e-09
4.9984e-09
8.85158e-09
1.55155e-08
2.70157e-08
4.67196e-08
8.03078e-08
1.37519e-07
2.34879e-07
3.77727e-07
5.56746e-07
7.87206e-07
1.12013e-06
1.6324e-06
2.48069e-06
3.94251e-06
6.54227e-06
1.12198e-05
1.96551e-05
3.41425e-05
5.31041e-05
6.54728e-05
6.66201e-05
6.03343e-05
5.03935e-05
3.99334e-05
3.06928e-05
2.2484e-05
1.58805e-05
1.08098e-05
7.08443e-06
4.4919e-06
2.76402e-06
1.65801e-06
9.73365e-07
5.60942e-07
3.18346e-07
1.78135e-07
9.84678e-08
5.38652e-08
2.91605e-08
1.56586e-08
8.34801e-09
4.42063e-09
2.32776e-09
1.22023e-09
6.35487e-10
3.29387e-10
1.69907e-10
8.71358e-11
4.43222e-11
2.22407e-11
1.088e-11
5.04726e-12
2.05606e-12
4.75639e-13
)
;
    }
    frontAndBack
    {
        type            empty;
    }
    internal
    {
        type            internal;
    }
}


// ************************************************************************* //
