/*--------------------------------*- C++ -*----------------------------------*\
  =========                 |
  \\      /  F ield         | OpenFOAM: The Open Source CFD Toolbox
   \\    /   O peration     | Website:  https://openfoam.org
    \\  /    A nd           | Version:  10
     \\/     M anipulation  |
\*---------------------------------------------------------------------------*/
FoamFile
{
    format      ascii;
    class       volScalarField;
    location    "1";
    object      HONO2;
}
// * * * * * * * * * * * * * * * * * * * * * * * * * * * * * * * * * * * * * //

dimensions      [0 0 0 0 0 0 0];

internalField   nonuniform List<scalar> 
4000
(
2.55128e-16
9.72536e-16
2.02857e-15
3.62147e-15
6.01182e-15
9.57195e-15
1.48269e-14
2.24957e-14
3.35238e-14
4.90927e-14
7.06184e-14
9.97846e-14
1.38581e-13
1.89206e-13
2.53775e-13
3.33432e-13
4.28965e-13
5.38476e-13
6.52317e-13
7.69981e-13
8.72134e-13
9.49515e-13
9.92636e-13
9.9474e-13
9.58655e-13
8.90501e-13
7.9709e-13
6.83769e-13
5.5714e-13
4.19466e-13
2.81738e-13
1.63886e-13
8.64133e-14
4.9781e-14
3.83731e-14
4.76225e-14
8.38831e-14
1.64053e-13
3.23864e-13
6.33097e-13
1.22733e-12
2.34087e-12
4.38096e-12
8.07173e-12
1.48063e-11
2.6804e-11
4.7778e-11
8.41357e-11
1.46958e-10
2.54706e-10
4.38662e-10
7.52222e-10
1.28849e-09
2.21441e-09
3.83504e-09
6.7202e-09
1.1964e-08
2.17106e-08
4.03632e-08
7.71177e-08
1.52155e-07
3.09394e-07
6.4992e-07
1.39499e-06
2.94989e-06
5.46686e-06
6.81473e-06
6.62614e-06
5.66485e-06
4.51975e-06
3.48041e-06
2.55151e-06
1.80297e-06
1.22776e-06
8.049e-07
5.10506e-07
3.14213e-07
1.88525e-07
1.10699e-07
6.38065e-08
3.62172e-08
2.02686e-08
1.12051e-08
6.13024e-09
3.31896e-09
1.78233e-09
9.50266e-10
5.03232e-10
2.64996e-10
1.38917e-10
7.23486e-11
3.75003e-11
1.93437e-11
9.92036e-12
5.04603e-12
2.53206e-12
1.23866e-12
5.74613e-13
2.34074e-13
5.41493e-14
2.54382e-16
9.69684e-16
2.0227e-15
3.61148e-15
5.99644e-15
9.54954e-15
1.47947e-14
2.24496e-14
3.34561e-14
4.89896e-14
7.04542e-14
9.95154e-14
1.38143e-13
1.88532e-13
2.52816e-13
3.32178e-13
4.27351e-13
5.36547e-13
6.50437e-13
7.68926e-13
8.7239e-13
9.51827e-13
9.97269e-13
1.00166e-12
9.67473e-13
9.00295e-13
8.07358e-13
6.93261e-13
5.66168e-13
4.27729e-13
2.88703e-13
1.6937e-13
8.97129e-14
5.14664e-14
3.95471e-14
4.90354e-14
8.64483e-14
1.69224e-13
3.3456e-13
6.54536e-13
1.26974e-12
2.42287e-12
4.53367e-12
8.35832e-12
1.53379e-11
2.77739e-11
4.95024e-11
8.71816e-11
1.52372e-10
2.64201e-10
4.55193e-10
7.8088e-10
1.33955e-09
2.30413e-09
3.99479e-09
7.01454e-09
1.25854e-08
2.28777e-08
4.26195e-08
8.16194e-08
1.6215e-07
3.3013e-07
6.94276e-07
1.49064e-06
3.14214e-06
5.64585e-06
6.86027e-06
6.58367e-06
5.58655e-06
4.43786e-06
3.4101e-06
2.50106e-06
1.76865e-06
1.20451e-06
7.92744e-07
5.04687e-07
3.11935e-07
1.87944e-07
1.1081e-07
6.41167e-08
3.65326e-08
2.05206e-08
1.13888e-08
6.2503e-09
3.40003e-09
1.83246e-09
9.79579e-10
5.19415e-10
2.73445e-10
1.42958e-10
7.44812e-11
3.85715e-11
1.9867e-11
1.01705e-11
5.16316e-12
2.58572e-12
1.26258e-12
5.84793e-13
2.37949e-13
5.50062e-14
2.54098e-16
9.68696e-16
2.02096e-15
3.60904e-15
5.99343e-15
9.54592e-15
1.47907e-14
2.24433e-14
3.34427e-14
4.89578e-14
7.03811e-14
9.9358e-14
1.37847e-13
1.88038e-13
2.52061e-13
3.31143e-13
4.26156e-13
5.35263e-13
6.49347e-13
7.68609e-13
8.73479e-13
9.54813e-13
1.00272e-12
1.00971e-12
9.7733e-13
9.11376e-13
8.18956e-13
7.05108e-13
5.78029e-13
4.39064e-13
2.98844e-13
1.76856e-13
9.38932e-14
5.38133e-14
4.13351e-14
5.13963e-14
9.09339e-14
1.77643e-13
3.5155e-13
6.89668e-13
1.33883e-12
2.55605e-12
4.78874e-12
8.84749e-12
1.62564e-11
2.94696e-11
5.25575e-11
9.26351e-11
1.61868e-10
2.80827e-10
4.84191e-10
8.31316e-10
1.4259e-09
2.45357e-09
4.25627e-09
7.46823e-09
1.34097e-08
2.44076e-08
4.55422e-08
8.73494e-08
1.75276e-07
3.57269e-07
7.53627e-07
1.62026e-06
3.39366e-06
5.86171e-06
6.90453e-06
6.52427e-06
5.49165e-06
4.3451e-06
3.3339e-06
2.44469e-06
1.7322e-06
1.18278e-06
7.79538e-07
4.97428e-07
3.08287e-07
1.86337e-07
1.1023e-07
6.39637e-08
3.65784e-08
2.06186e-08
1.14784e-08
6.31802e-09
3.44205e-09
1.85776e-09
9.94677e-10
5.28285e-10
2.78586e-10
1.45941e-10
7.59899e-11
3.93647e-11
2.02769e-11
1.03772e-11
5.26506e-12
2.63482e-12
1.28555e-12
5.94999e-13
2.41964e-13
5.59154e-14
2.53408e-16
9.66067e-16
2.01546e-15
3.59918e-15
5.9769e-15
9.51918e-15
1.47477e-14
2.23749e-14
3.33345e-14
4.87875e-14
7.01164e-14
9.89594e-14
1.37266e-13
1.87219e-13
2.50962e-13
3.29767e-13
4.24567e-13
5.33787e-13
6.48301e-13
7.68458e-13
8.74902e-13
9.58533e-13
1.00865e-12
1.01797e-12
9.86975e-13
9.2201e-13
8.30721e-13
7.17163e-13
5.90042e-13
4.50327e-13
3.08884e-13
1.84458e-13
9.84314e-14
5.63592e-14
4.33443e-14
5.41094e-14
9.60711e-14
1.87791e-13
3.7244e-13
7.30466e-13
1.42102e-12
2.71794e-12
5.0981e-12
9.42101e-12
1.73175e-11
3.14053e-11
5.59916e-11
9.87725e-11
1.7279e-10
2.99962e-10
5.17503e-10
8.91064e-10
1.52868e-09
2.63462e-09
4.58031e-09
8.06468e-09
1.44996e-08
2.64473e-08
4.94596e-08
9.51e-08
1.91406e-07
3.90793e-07
8.24914e-07
1.76886e-06
3.67781e-06
6.09025e-06
6.93618e-06
6.45002e-06
5.38597e-06
4.24389e-06
3.25129e-06
2.38031e-06
1.67897e-06
1.14335e-06
7.52873e-07
4.80855e-07
2.98726e-07
1.81238e-07
1.07769e-07
6.29848e-08
3.62053e-08
2.04806e-08
1.1439e-08
6.31453e-09
3.4484e-09
1.86496e-09
1.00024e-09
5.3186e-10
2.80734e-10
1.4719e-10
7.67148e-11
3.97442e-11
2.04715e-11
1.04759e-11
5.3145e-12
2.65919e-12
1.29727e-12
6.00368e-13
2.44139e-13
5.64169e-14
2.52605e-16
9.63009e-16
2.0091e-15
3.58781e-15
5.95796e-15
9.48878e-15
1.47e-14
2.23012e-14
3.3222e-14
4.86177e-14
6.98629e-14
9.85877e-14
1.36737e-13
1.86498e-13
2.50027e-13
3.28644e-13
4.23335e-13
5.32636e-13
6.47509e-13
7.68343e-13
8.76248e-13
9.61895e-13
1.01407e-12
1.02547e-12
9.96476e-13
9.33432e-13
8.42684e-13
7.29272e-13
6.01787e-13
4.6168e-13
3.18568e-13
1.91587e-13
1.02682e-13
5.88445e-14
4.54011e-14
5.69903e-14
1.01569e-13
1.99182e-13
3.95358e-13
7.7759e-13
1.51272e-12
2.89527e-12
5.43719e-12
1.00555e-11
1.84937e-11
3.35506e-11
5.97839e-11
1.05436e-10
1.84522e-10
3.20324e-10
5.52714e-10
9.4953e-10
1.62992e-09
2.80952e-09
4.88431e-09
8.59919e-09
1.54644e-08
2.82691e-08
5.30062e-08
1.02247e-07
2.06384e-07
4.23255e-07
8.97374e-07
1.92557e-06
3.96315e-06
6.27765e-06
6.94666e-06
6.37168e-06
5.28114e-06
4.14498e-06
3.17081e-06
2.31389e-06
1.6323e-06
1.11238e-06
7.33493e-07
4.69374e-07
2.92198e-07
1.77638e-07
1.05804e-07
6.18886e-08
3.566e-08
2.02521e-08
1.13455e-08
6.27766e-09
3.43387e-09
1.86021e-09
9.99325e-10
5.32063e-10
2.81138e-10
1.47524e-10
7.69427e-11
3.98779e-11
2.05445e-11
1.0514e-11
5.33374e-12
2.66866e-12
1.30179e-12
6.02426e-13
2.44968e-13
5.66076e-14
2.51654e-16
9.5937e-16
2.00146e-15
3.57404e-15
5.93487e-15
9.4516e-15
1.46418e-14
2.22122e-14
3.30886e-14
4.84208e-14
6.95767e-14
9.81806e-14
1.36177e-13
1.85759e-13
2.49104e-13
3.2758e-13
4.22228e-13
5.31684e-13
6.4698e-13
7.6831e-13
8.77503e-13
9.6494e-13
1.0191e-12
1.03264e-12
1.00578e-12
9.43543e-13
8.53431e-13
7.40176e-13
6.12825e-13
4.71893e-13
3.27295e-13
1.98112e-13
1.06689e-13
6.11984e-14
4.7419e-14
5.99259e-14
1.0729e-13
2.10841e-13
4.19228e-13
8.24525e-13
1.60603e-12
3.07787e-12
5.7782e-12
1.06903e-11
1.96711e-11
3.57047e-11
6.36079e-11
1.12243e-10
1.96342e-10
3.4087e-10
5.87948e-10
1.00984e-09
1.73497e-09
2.99388e-09
5.2126e-09
9.20069e-09
1.6544e-08
3.02824e-08
5.68431e-08
1.0975e-07
2.2135e-07
4.54846e-07
9.63825e-07
2.06596e-06
4.20818e-06
6.41629e-06
6.94158e-06
6.27943e-06
5.17944e-06
4.05653e-06
3.09277e-06
2.25531e-06
1.59078e-06
1.08433e-06
7.15327e-07
4.58124e-07
2.85482e-07
1.73768e-07
1.03644e-07
6.0717e-08
3.50039e-08
1.98937e-08
1.11608e-08
6.18866e-09
3.39571e-09
1.84367e-09
9.92233e-10
5.28981e-10
2.798e-10
1.46944e-10
7.66944e-11
3.97668e-11
2.04913e-11
1.04888e-11
5.32187e-12
2.66305e-12
1.29917e-12
6.01251e-13
2.44503e-13
5.65019e-14
2.50671e-16
9.55619e-16
1.9936e-15
3.55995e-15
5.91136e-15
9.41405e-15
1.45836e-14
2.21242e-14
3.29583e-14
4.82313e-14
6.93053e-14
9.78003e-14
1.35661e-13
1.8509e-13
2.48282e-13
3.2665e-13
4.21286e-13
5.30913e-13
6.46628e-13
7.68429e-13
8.78871e-13
9.67899e-13
1.02384e-12
1.03961e-12
1.01401e-12
9.52545e-13
8.62832e-13
7.49465e-13
6.2198e-13
4.80377e-13
3.3454e-13
2.0363e-13
1.10176e-13
6.32979e-14
4.92609e-14
6.26184e-14
1.12535e-13
2.21562e-13
4.41043e-13
8.68627e-13
1.69443e-12
3.24776e-12
6.0967e-12
1.12788e-11
2.07466e-11
3.76323e-11
6.69251e-11
1.1802e-10
2.0745e-10
3.59624e-10
6.20252e-10
1.06587e-09
1.82947e-09
3.15704e-09
5.49939e-09
9.74609e-09
1.75019e-08
3.21063e-08
6.04338e-08
1.17134e-07
2.34403e-07
4.84099e-07
1.02913e-06
2.19858e-06
4.42666e-06
6.52669e-06
6.93256e-06
6.21523e-06
5.10406e-06
3.9869e-06
3.03664e-06
2.21154e-06
1.55846e-06
1.06141e-06
6.99893e-07
4.48261e-07
2.79434e-07
1.70198e-07
1.01604e-07
5.95875e-08
3.43897e-08
1.95655e-08
1.09873e-08
6.09672e-09
3.34592e-09
1.81769e-09
9.79035e-10
5.2238e-10
2.76549e-10
1.45361e-10
7.59368e-11
3.94084e-11
2.0328e-11
1.04127e-11
5.28576e-12
2.64582e-12
1.29103e-12
5.9756e-13
2.43019e-13
5.61614e-14
2.49713e-16
9.5196e-16
1.98595e-15
3.54625e-15
5.88855e-15
9.37773e-15
1.45275e-14
2.204e-14
3.28345e-14
4.80526e-14
6.90519e-14
9.74489e-14
1.35191e-13
1.84487e-13
2.47552e-13
3.25839e-13
4.20485e-13
5.30293e-13
6.46407e-13
7.6862e-13
8.80146e-13
9.70716e-13
1.02803e-12
1.04521e-12
1.02073e-12
9.60309e-13
8.71135e-13
7.57974e-13
6.29991e-13
4.87524e-13
3.40674e-13
2.08264e-13
1.13055e-13
6.5102e-14
5.09435e-14
6.52422e-14
1.17607e-13
2.31897e-13
4.61724e-13
9.09488e-13
1.77263e-12
3.39748e-12
6.37778e-12
1.18037e-11
2.17226e-11
3.94228e-11
7.01096e-11
1.23598e-10
2.16774e-10
3.75443e-10
6.46597e-10
1.11856e-09
1.91582e-09
3.30388e-09
5.7541e-09
1.02759e-08
1.84281e-08
3.38449e-08
6.38196e-08
1.23854e-07
2.48097e-07
5.13683e-07
1.09233e-06
2.33143e-06
4.64371e-06
6.62848e-06
6.92194e-06
6.14909e-06
5.03222e-06
3.92446e-06
2.98685e-06
2.17323e-06
1.52896e-06
1.03992e-06
6.85173e-07
4.3873e-07
2.73519e-07
1.66664e-07
9.95574e-08
5.84373e-08
3.37549e-08
1.92216e-08
1.0804e-08
6.0004e-09
3.29591e-09
1.79216e-09
9.65305e-10
5.15454e-10
2.73067e-10
1.43614e-10
7.50652e-11
3.89692e-11
2.01043e-11
1.03003e-11
5.22998e-12
2.61854e-12
1.27802e-12
5.91656e-13
2.40656e-13
5.56211e-14
2.48827e-16
9.48583e-16
1.9789e-15
3.53365e-15
5.86764e-15
9.34456e-15
1.44766e-14
2.19638e-14
3.27232e-14
4.78932e-14
6.88277e-14
9.71409e-14
1.34782e-13
1.8397e-13
2.46933e-13
3.25164e-13
4.19836e-13
5.29821e-13
6.46303e-13
7.68865e-13
8.81335e-13
9.73051e-13
1.03183e-12
1.05058e-12
1.02726e-12
9.67283e-13
8.78215e-13
7.64874e-13
6.36513e-13
4.93537e-13
3.45943e-13
2.12266e-13
1.15545e-13
6.66804e-14
5.25052e-14
6.77006e-14
1.22453e-13
2.41824e-13
4.81946e-13
9.50307e-13
1.85344e-12
3.55256e-12
6.6665e-12
1.23359e-11
2.26955e-11
4.11589e-11
7.31711e-11
1.28992e-10
2.25925e-10
3.91361e-10
6.73878e-10
1.16453e-09
1.99673e-09
3.44546e-09
6.00553e-09
1.07103e-08
1.92483e-08
3.54192e-08
6.68792e-08
1.30003e-07
2.60843e-07
5.40896e-07
1.1526e-06
2.4593e-06
4.84811e-06
6.72321e-06
6.9093e-06
6.08868e-06
4.9608e-06
3.85644e-06
2.92964e-06
2.12968e-06
1.49741e-06
1.0182e-06
6.70824e-07
4.29651e-07
2.67958e-07
1.63361e-07
9.76447e-08
5.73551e-08
3.31531e-08
1.88924e-08
1.06264e-08
5.90578e-09
3.24605e-09
1.76633e-09
9.51915e-10
5.08563e-10
2.6954e-10
1.41817e-10
7.41582e-11
3.85096e-11
1.98719e-11
1.01832e-11
5.17141e-12
2.58957e-12
1.26402e-12
5.85225e-13
2.38054e-13
5.50212e-14
2.48037e-16
9.45569e-16
1.97261e-15
3.52243e-15
5.84906e-15
9.31515e-15
1.44316e-14
2.18967e-14
3.26257e-14
4.77547e-14
6.86343e-14
9.68778e-14
1.34436e-13
1.83535e-13
2.46419e-13
3.24613e-13
4.19326e-13
5.29494e-13
6.46332e-13
7.69237e-13
8.82579e-13
9.75474e-13
1.03544e-12
1.05506e-12
1.03253e-12
9.7314e-13
8.84318e-13
7.7073e-13
6.42091e-13
4.98772e-13
3.50283e-13
2.15423e-13
1.17375e-13
6.79626e-14
5.38485e-14
6.99274e-14
1.26911e-13
2.50969e-13
5.00642e-13
9.8723e-13
1.92592e-12
3.6921e-12
6.92778e-12
1.28217e-11
2.35868e-11
4.27876e-11
7.6103e-11
1.34156e-10
2.34571e-10
4.0658e-10
7.00542e-10
1.20309e-09
2.06489e-09
3.56383e-09
6.21115e-09
1.11006e-08
1.99472e-08
3.67255e-08
6.94326e-08
1.35191e-07
2.71797e-07
5.64135e-07
1.20125e-06
2.55383e-06
5.04601e-06
6.79897e-06
6.89381e-06
6.03679e-06
4.90303e-06
3.8072e-06
2.8875e-06
2.09597e-06
1.47235e-06
1.00055e-06
6.58947e-07
4.22003e-07
2.63194e-07
1.60485e-07
9.59508e-08
5.63826e-08
3.26048e-08
1.85884e-08
1.04604e-08
5.8163e-09
3.19836e-09
1.74136e-09
9.3886e-10
5.01792e-10
2.66051e-10
1.40029e-10
7.3244e-11
3.80444e-11
1.96362e-11
1.00644e-11
5.11191e-12
2.56011e-12
1.24977e-12
5.7867e-13
2.35399e-13
5.4409e-14
2.47351e-16
9.42956e-16
1.96716e-15
3.51272e-15
5.833e-15
9.28977e-15
1.43928e-14
2.18392e-14
3.25424e-14
4.76371e-14
6.84722e-14
9.66604e-14
1.34156e-13
1.83191e-13
2.46005e-13
3.24185e-13
4.18959e-13
5.29303e-13
6.46445e-13
7.69653e-13
8.83716e-13
9.77574e-13
1.03857e-12
1.05924e-12
1.0373e-12
9.78254e-13
8.89494e-13
7.7582e-13
6.46949e-13
5.03157e-13
3.53971e-13
2.1823e-13
1.1937e-13
6.92115e-14
5.50652e-14
7.18752e-14
1.30744e-13
2.58819e-13
5.16623e-13
1.01901e-12
1.9883e-12
3.81217e-12
7.15264e-12
1.32407e-11
2.43585e-11
4.41882e-11
7.85516e-11
1.38443e-10
2.41861e-10
4.19217e-10
7.2218e-10
1.23982e-09
2.12828e-09
3.6752e-09
6.41171e-09
1.14712e-08
2.06244e-08
3.80007e-08
7.1902e-08
1.40148e-07
2.82089e-07
5.86555e-07
1.25091e-06
2.65617e-06
5.18417e-06
6.85095e-06
6.87553e-06
5.98853e-06
4.85066e-06
3.76425e-06
2.85304e-06
2.06848e-06
1.45173e-06
9.85901e-07
6.48968e-07
4.15505e-07
2.59101e-07
1.5799e-07
9.44583e-08
5.55183e-08
3.21132e-08
1.83136e-08
1.03091e-08
5.73403e-09
3.15418e-09
1.71797e-09
9.26551e-10
4.9537e-10
2.62727e-10
1.38325e-10
7.23451e-11
3.75878e-11
1.94052e-11
9.94808e-12
5.05367e-12
2.53129e-12
1.23583e-12
5.72259e-13
2.32802e-13
5.38101e-14
2.4677e-16
9.40743e-16
1.96255e-15
3.50451e-15
5.81946e-15
9.26843e-15
1.43603e-14
2.17911e-14
3.24732e-14
4.754e-14
6.83395e-14
9.64842e-14
1.33931e-13
1.8292e-13
2.45684e-13
3.23871e-13
4.18709e-13
5.29213e-13
6.46643e-13
7.70114e-13
8.84844e-13
9.79473e-13
1.04127e-12
1.0627e-12
1.04135e-12
9.82607e-13
8.93942e-13
7.80103e-13
6.50944e-13
5.0676e-13
3.56992e-13
2.20459e-13
1.20771e-13
7.01574e-14
5.60583e-14
7.35297e-14
1.34021e-13
2.65538e-13
5.29956e-13
1.04507e-12
2.03845e-12
3.90614e-12
7.32267e-12
1.36402e-11
2.50493e-11
4.54082e-11
8.06811e-11
1.42127e-10
2.48237e-10
4.30257e-10
7.41331e-10
1.27248e-09
2.18463e-09
3.77288e-09
6.58238e-09
1.17821e-08
2.12059e-08
3.91179e-08
7.41125e-08
1.44645e-07
2.91526e-07
6.07055e-07
1.29505e-06
2.74512e-06
5.29241e-06
6.88685e-06
6.85665e-06
5.94769e-06
4.8071e-06
3.73108e-06
2.82615e-06
2.04801e-06
1.43546e-06
9.73918e-07
6.40625e-07
4.09987e-07
2.55584e-07
1.55824e-07
9.31583e-08
5.4759e-08
3.1678e-08
1.80685e-08
1.01732e-08
5.65972e-09
3.11405e-09
1.69657e-09
9.15233e-10
4.89437e-10
2.59642e-10
1.36736e-10
7.15159e-11
3.71646e-11
1.91903e-11
9.83946e-12
4.99917e-12
2.50428e-12
1.22274e-12
5.66234e-13
2.30359e-13
5.32467e-14
2.46288e-16
9.38907e-16
1.95873e-15
3.49772e-15
5.80826e-15
9.25083e-15
1.43336e-14
2.17517e-14
3.24168e-14
4.74613e-14
6.82324e-14
9.63434e-14
1.33754e-13
1.82711e-13
2.45445e-13
3.23644e-13
4.18537e-13
5.29183e-13
6.46859e-13
7.70562e-13
8.85831e-13
9.81117e-13
1.04368e-12
1.06584e-12
1.04507e-12
9.86637e-13
8.97992e-13
7.83986e-13
6.54478e-13
5.09845e-13
3.59489e-13
2.22232e-13
1.21794e-13
7.08984e-14
5.6906e-14
7.50042e-14
1.37016e-13
2.71606e-13
5.42132e-13
1.06909e-12
2.08524e-12
3.99551e-12
7.4904e-12
1.39549e-11
2.56168e-11
4.64188e-11
8.24443e-11
1.4517e-10
2.53368e-10
4.38704e-10
7.54885e-10
1.30504e-09
2.23657e-09
3.86172e-09
6.74082e-09
1.20676e-08
2.17323e-08
4.01127e-08
7.60664e-08
1.48594e-07
2.99797e-07
6.24656e-07
1.3332e-06
2.82168e-06
5.37987e-06
6.91243e-06
6.83793e-06
5.91163e-06
4.76883e-06
3.70158e-06
2.80043e-06
2.02751e-06
1.42038e-06
9.63209e-07
6.33303e-07
4.05185e-07
2.52529e-07
1.53941e-07
9.20276e-08
5.40962e-08
3.12967e-08
1.78528e-08
1.00531e-08
5.59377e-09
3.07828e-09
1.67742e-09
9.05065e-10
4.84088e-10
2.5685e-10
1.35292e-10
7.07715e-11
3.67832e-11
1.89959e-11
9.74099e-12
4.94966e-12
2.47969e-12
1.21082e-12
5.60735e-13
2.28127e-13
5.27315e-14
2.45894e-16
9.37409e-16
1.95562e-15
3.49218e-15
5.79916e-15
9.23653e-15
1.43119e-14
2.17198e-14
3.23712e-14
4.73978e-14
6.81462e-14
9.62299e-14
1.33611e-13
1.82543e-13
2.4525e-13
3.23456e-13
4.18411e-13
5.29198e-13
6.47101e-13
7.71002e-13
8.86711e-13
9.82574e-13
1.04573e-12
1.06844e-12
1.04802e-12
9.89816e-13
9.01174e-13
7.87036e-13
6.57282e-13
5.12335e-13
3.61515e-13
2.23725e-13
1.22825e-13
7.15849e-14
5.76548e-14
7.62964e-14
1.39613e-13
2.76915e-13
5.52854e-13
1.09036e-12
2.12705e-12
4.07648e-12
7.64364e-12
1.42411e-11
2.61396e-11
4.73607e-11
8.41067e-11
1.48083e-10
2.5844e-10
4.47559e-10
7.70407e-10
1.32715e-09
2.2773e-09
3.93421e-09
6.86931e-09
1.23007e-08
2.21647e-08
4.09396e-08
7.7686e-08
1.51905e-07
3.06742e-07
6.39738e-07
1.36599e-06
2.88717e-06
5.45142e-06
6.93253e-06
6.82201e-06
5.88221e-06
4.73818e-06
3.67804e-06
2.78048e-06
2.01157e-06
1.40827e-06
9.54416e-07
6.27205e-07
4.01148e-07
2.49944e-07
1.52339e-07
9.10622e-08
5.3528e-08
3.09684e-08
1.76665e-08
9.94895e-09
5.53638e-09
3.04706e-09
1.66064e-09
8.96133e-10
4.79376e-10
2.54385e-10
1.34014e-10
7.01122e-11
3.6445e-11
1.88234e-11
9.65353e-12
4.90566e-12
2.45782e-12
1.2002e-12
5.5584e-13
2.2614e-13
5.22727e-14
2.4558e-16
9.36215e-16
1.95313e-15
3.48778e-15
5.79191e-15
9.22518e-15
1.42947e-14
2.16946e-14
3.23353e-14
4.73478e-14
6.80785e-14
9.61411e-14
1.335e-13
1.82413e-13
2.45098e-13
3.23327e-13
4.18345e-13
5.29255e-13
6.47353e-13
7.71438e-13
8.87565e-13
9.83904e-13
1.04757e-12
1.07071e-12
1.05059e-12
9.92466e-13
9.03794e-13
7.89504e-13
6.5956e-13
5.1434e-13
3.63142e-13
2.24877e-13
1.23465e-13
7.20933e-14
5.82688e-14
7.73988e-14
1.41847e-13
2.81508e-13
5.62167e-13
1.10889e-12
2.16339e-12
4.14556e-12
7.7723e-12
1.44804e-11
2.65796e-11
4.81612e-11
8.55356e-11
1.50624e-10
2.6293e-10
4.55455e-10
7.84284e-10
1.34594e-09
2.31174e-09
3.99562e-09
6.9796e-09
1.25007e-08
2.25362e-08
4.16465e-08
7.90798e-08
1.5472e-07
3.12695e-07
6.52666e-07
1.39371e-06
2.94208e-06
5.50888e-06
6.94753e-06
6.80834e-06
5.85766e-06
4.71299e-06
3.65867e-06
2.76435e-06
1.99853e-06
1.39826e-06
9.47109e-07
6.22124e-07
3.97774e-07
2.47778e-07
1.50994e-07
9.02487e-08
5.30479e-08
3.06904e-08
1.75083e-08
9.8603e-09
5.4874e-09
3.02034e-09
1.64625e-09
8.88459e-10
4.75321e-10
2.5226e-10
1.3291e-10
6.95421e-11
3.61523e-11
1.8674e-11
9.57771e-12
4.86748e-12
2.43884e-12
1.19099e-12
5.51589e-13
2.24414e-13
5.18742e-14
2.45337e-16
9.3529e-16
1.95121e-15
3.48437e-15
5.78632e-15
9.21644e-15
1.42815e-14
2.16754e-14
3.2308e-14
4.731e-14
6.80276e-14
9.60752e-14
1.3342e-13
1.82323e-13
2.44999e-13
3.23251e-13
4.18323e-13
5.29342e-13
6.47611e-13
7.71838e-13
8.8826e-13
9.84969e-13
1.04902e-12
1.07252e-12
1.05262e-12
9.94574e-13
9.05894e-13
7.91503e-13
6.61388e-13
5.15946e-13
3.64437e-13
2.25803e-13
1.24153e-13
7.25666e-14
5.88095e-14
7.83684e-14
1.43811e-13
2.85522e-13
5.70248e-13
1.12484e-12
2.19443e-12
4.20485e-12
7.8829e-12
1.46846e-11
2.69508e-11
4.88261e-11
8.66988e-11
1.52639e-10
2.66411e-10
4.61425e-10
7.94498e-10
1.36302e-09
2.34127e-09
4.04706e-09
7.07082e-09
1.26659e-08
2.28442e-08
4.22363e-08
8.02389e-08
1.57084e-07
3.17657e-07
6.63338e-07
1.41676e-06
2.98766e-06
5.55477e-06
6.95863e-06
6.79626e-06
5.83712e-06
4.69171e-06
3.6425e-06
2.75063e-06
1.98756e-06
1.3899e-06
9.41048e-07
6.17931e-07
3.95001e-07
2.46e-07
1.49889e-07
8.9579e-08
5.26517e-08
3.04604e-08
1.73771e-08
9.78665e-09
5.44664e-09
2.99807e-09
1.63424e-09
8.82041e-10
4.71925e-10
2.50479e-10
1.31984e-10
6.90633e-11
3.59064e-11
1.85484e-11
9.51394e-12
4.83537e-12
2.42287e-12
1.18323e-12
5.48011e-13
2.22961e-13
5.15385e-14
2.45156e-16
9.346e-16
1.94978e-15
3.48184e-15
5.78217e-15
9.20997e-15
1.42718e-14
2.16613e-14
3.22882e-14
4.72832e-14
6.79921e-14
9.60302e-14
1.33366e-13
1.82264e-13
2.44934e-13
3.23206e-13
4.18326e-13
5.29438e-13
6.47846e-13
7.72201e-13
8.88891e-13
9.85911e-13
1.05026e-12
1.07401e-12
1.05428e-12
9.96328e-13
9.07628e-13
7.93121e-13
6.62846e-13
5.17203e-13
3.65432e-13
2.26492e-13
1.24582e-13
7.28955e-14
5.92234e-14
7.91277e-14
1.4536e-13
2.887e-13
5.76667e-13
1.13756e-12
2.21933e-12
4.2526e-12
7.97287e-12
1.48538e-11
2.72622e-11
4.93905e-11
8.76972e-11
1.54384e-10
2.69403e-10
4.66468e-10
8.02847e-10
1.37731e-09
2.36566e-09
4.08908e-09
7.14342e-09
1.27922e-08
2.30828e-08
4.26941e-08
8.11416e-08
1.58926e-07
3.2153e-07
6.71693e-07
1.43483e-06
3.02354e-06
5.58981e-06
6.96652e-06
6.78636e-06
5.82069e-06
4.67479e-06
3.62965e-06
2.73978e-06
1.97903e-06
1.38345e-06
9.36364e-07
6.14676e-07
3.92836e-07
2.44604e-07
1.49016e-07
8.90479e-08
5.23364e-08
3.02768e-08
1.72722e-08
9.72764e-09
5.41393e-09
2.98018e-09
1.62458e-09
8.76877e-10
4.69191e-10
2.49044e-10
1.31238e-10
6.86775e-11
3.57082e-11
1.84471e-11
9.46253e-12
4.80947e-12
2.40999e-12
1.17698e-12
5.45124e-13
2.21789e-13
5.12678e-14
2.45029e-16
9.34118e-16
1.94878e-15
3.48008e-15
5.77931e-15
9.20554e-15
1.42652e-14
2.16518e-14
3.2275e-14
4.72651e-14
6.79679e-14
9.59987e-14
1.33327e-13
1.82222e-13
2.44889e-13
3.23179e-13
4.18338e-13
5.29518e-13
6.48029e-13
7.72478e-13
8.89355e-13
9.86593e-13
1.05116e-12
1.0751e-12
1.05549e-12
9.97578e-13
9.08856e-13
7.94268e-13
6.63875e-13
5.18081e-13
3.66103e-13
2.2692e-13
1.24757e-13
7.30806e-14
5.95018e-14
7.96716e-14
1.46484e-13
2.91008e-13
5.81323e-13
1.14677e-12
2.23733e-12
4.28705e-12
8.03732e-12
1.4974e-11
2.74846e-11
4.97984e-11
8.8433e-11
1.55709e-10
2.71791e-10
4.70788e-10
8.10714e-10
1.39143e-09
2.39152e-09
4.13722e-09
7.23491e-09
1.28475e-08
2.32437e-08
4.30275e-08
8.18108e-08
1.60296e-07
3.24429e-07
6.78001e-07
1.44847e-06
3.05044e-06
5.61539e-06
6.97187e-06
6.77863e-06
5.80851e-06
4.66244e-06
3.62025e-06
2.73188e-06
1.97271e-06
1.37862e-06
9.32844e-07
6.12236e-07
3.91221e-07
2.43569e-07
1.48376e-07
8.86622e-08
5.21087e-08
3.01445e-08
1.71965e-08
9.68497e-09
5.39021e-09
2.96716e-09
1.61752e-09
8.73085e-10
4.67173e-10
2.4798e-10
1.30681e-10
6.83884e-11
3.55591e-11
1.83709e-11
9.42377e-12
4.78994e-12
2.40027e-12
1.17226e-12
5.42947e-13
2.20905e-13
5.10636e-14
2.44948e-16
9.33812e-16
1.94815e-15
3.47896e-15
5.77748e-15
9.20268e-15
1.42609e-14
2.16455e-14
3.22661e-14
4.72528e-14
6.79515e-14
9.59779e-14
1.33303e-13
1.82196e-13
2.44862e-13
3.23165e-13
4.1835e-13
5.29576e-13
6.48155e-13
7.72663e-13
8.89661e-13
9.87041e-13
1.05175e-12
1.07582e-12
1.05628e-12
9.98393e-13
9.09656e-13
7.95025e-13
6.64577e-13
5.18658e-13
3.66545e-13
2.27217e-13
1.24932e-13
7.32189e-14
5.96883e-14
8.00295e-14
1.47223e-13
2.92525e-13
5.84382e-13
1.15281e-12
2.24911e-12
4.30951e-12
8.07919e-12
1.50513e-11
2.76246e-11
5.00484e-11
8.88684e-11
1.5646e-10
2.73072e-10
4.7295e-10
8.14328e-10
1.39789e-09
2.40331e-09
4.15858e-09
7.27458e-09
1.29139e-08
2.33619e-08
4.32542e-08
8.22594e-08
1.61212e-07
3.26365e-07
6.82201e-07
1.45754e-06
3.06827e-06
5.6321e-06
6.97526e-06
6.77353e-06
5.80036e-06
4.65415e-06
3.614e-06
2.72659e-06
1.9685e-06
1.37541e-06
9.30503e-07
6.10596e-07
3.90129e-07
2.42873e-07
1.47944e-07
8.84005e-08
5.19542e-08
3.0055e-08
1.71456e-08
9.65648e-09
5.37446e-09
2.95856e-09
1.61289e-09
8.70608e-10
4.65861e-10
2.47291e-10
1.30322e-10
6.82022e-11
3.54629e-11
1.83213e-11
9.39846e-12
4.77711e-12
2.39386e-12
1.16913e-12
5.41501e-13
2.20317e-13
5.09276e-14
2.44908e-16
9.33661e-16
1.94783e-15
3.4784e-15
5.77657e-15
9.20128e-15
1.42588e-14
2.16425e-14
3.22619e-14
4.72471e-14
6.79439e-14
9.59683e-14
1.33292e-13
1.82184e-13
2.44851e-13
3.23161e-13
4.18359e-13
5.29609e-13
6.48222e-13
7.72762e-13
8.89822e-13
9.87273e-13
1.05206e-12
1.07619e-12
1.05668e-12
9.98809e-13
9.10061e-13
7.954e-13
6.64908e-13
5.18941e-13
3.66771e-13
2.27406e-13
1.2516e-13
7.33458e-14
5.98005e-14
8.02002e-14
1.47553e-13
2.93193e-13
5.85716e-13
1.15543e-12
2.25415e-12
4.31899e-12
8.09642e-12
1.50822e-11
2.76787e-11
5.01401e-11
8.90174e-11
1.56693e-10
2.73415e-10
4.73418e-10
8.14886e-10
1.39847e-09
2.40344e-09
4.15796e-09
7.2724e-09
1.2967e-08
2.34306e-08
4.33707e-08
8.24842e-08
1.61672e-07
3.27341e-07
6.84323e-07
1.46212e-06
3.07724e-06
5.64022e-06
6.97661e-06
6.77072e-06
5.79616e-06
4.64998e-06
3.61085e-06
2.72397e-06
1.96643e-06
1.37384e-06
9.29347e-07
6.0977e-07
3.89562e-07
2.42495e-07
1.47704e-07
8.82536e-08
5.18669e-08
3.00044e-08
1.71168e-08
9.64034e-09
5.36556e-09
2.95372e-09
1.61029e-09
8.69225e-10
4.65133e-10
2.46911e-10
1.30126e-10
6.81014e-11
3.54115e-11
1.82953e-11
9.38531e-12
4.77052e-12
2.39059e-12
1.16755e-12
5.40773e-13
2.20021e-13
5.08593e-14
2.44908e-16
9.33659e-16
1.94783e-15
3.47839e-15
5.77656e-15
9.20126e-15
1.42588e-14
2.16425e-14
3.22618e-14
4.7247e-14
6.79439e-14
9.59683e-14
1.33292e-13
1.82185e-13
2.44851e-13
3.23162e-13
4.18361e-13
5.29613e-13
6.48228e-13
7.7277e-13
8.89832e-13
9.87284e-13
1.05207e-12
1.0762e-12
1.05669e-12
9.98819e-13
9.10071e-13
7.9541e-13
6.64918e-13
5.18951e-13
3.66787e-13
2.27424e-13
1.25163e-13
7.33398e-14
5.97825e-14
8.01604e-14
1.47462e-13
2.92984e-13
5.85243e-13
1.15437e-12
2.25179e-12
4.31376e-12
8.08506e-12
1.50575e-11
2.76254e-11
5.0026e-11
8.87782e-11
1.56194e-10
2.72383e-10
4.713e-10
8.10573e-10
1.40149e-09
2.40227e-09
4.15041e-09
7.25074e-09
1.29851e-08
2.3438e-08
4.33746e-08
8.24883e-08
1.6168e-07
3.27358e-07
6.84359e-07
1.46219e-06
3.07729e-06
5.63995e-06
6.97607e-06
6.7702e-06
5.79578e-06
4.64975e-06
3.6107e-06
2.72389e-06
1.96638e-06
1.3738e-06
9.29315e-07
6.09742e-07
3.89537e-07
2.42476e-07
1.4769e-07
8.82446e-08
5.18612e-08
3.00009e-08
1.71148e-08
9.6392e-09
5.36493e-09
2.95338e-09
1.61011e-09
8.69132e-10
4.65086e-10
2.46888e-10
1.30115e-10
6.80961e-11
3.5409e-11
1.82942e-11
9.38482e-12
4.77031e-12
2.3905e-12
1.16751e-12
5.40756e-13
2.20015e-13
5.0858e-14
2.44947e-16
9.33807e-16
1.94814e-15
3.47893e-15
5.77744e-15
9.20262e-15
1.42609e-14
2.16454e-14
3.22659e-14
4.72526e-14
6.79513e-14
9.59779e-14
1.33303e-13
1.82197e-13
2.44864e-13
3.23169e-13
4.18357e-13
5.29587e-13
6.48171e-13
7.72684e-13
8.89688e-13
9.87073e-13
1.05179e-12
1.07586e-12
1.05631e-12
9.9842e-13
9.09674e-13
7.9503e-13
6.64557e-13
5.18664e-13
3.66571e-13
2.27276e-13
1.25052e-13
7.32652e-14
5.96886e-14
7.99828e-14
1.471e-13
2.9225e-13
5.8379e-13
1.15156e-12
2.2465e-12
4.30412e-12
8.06808e-12
1.50283e-11
2.75775e-11
4.99521e-11
8.86752e-11
1.56075e-10
2.72308e-10
4.71446e-10
8.11394e-10
1.39307e-09
2.39296e-09
4.13732e-09
7.23086e-09
1.29555e-08
2.33811e-08
4.32633e-08
8.22675e-08
1.6123e-07
3.26408e-07
6.82302e-07
1.45773e-06
3.06846e-06
5.63149e-06
6.97392e-06
6.77221e-06
5.7994e-06
4.65358e-06
3.61362e-06
2.72637e-06
1.96836e-06
1.37531e-06
9.30431e-07
6.10524e-07
3.90056e-07
2.4281e-07
1.47898e-07
8.83706e-08
5.19356e-08
3.0044e-08
1.71393e-08
9.65297e-09
5.37255e-09
2.95755e-09
1.61236e-09
8.70337e-10
4.65725e-10
2.47224e-10
1.3029e-10
6.81871e-11
3.5456e-11
1.83183e-11
9.39711e-12
4.77653e-12
2.39361e-12
1.16903e-12
5.41458e-13
2.20301e-13
5.09241e-14
2.45028e-16
9.34116e-16
1.94878e-15
3.48007e-15
5.77929e-15
9.2055e-15
1.42652e-14
2.16516e-14
3.22747e-14
4.72646e-14
6.79672e-14
9.59981e-14
1.33328e-13
1.82223e-13
2.44892e-13
3.23185e-13
4.18347e-13
5.29532e-13
6.48049e-13
7.72502e-13
8.89385e-13
9.86626e-13
1.0512e-12
1.07514e-12
1.05552e-12
9.976e-13
9.08867e-13
7.94275e-13
6.63881e-13
5.1809e-13
3.66123e-13
2.26964e-13
1.24849e-13
7.31094e-14
5.94909e-14
7.96142e-14
1.46344e-13
2.90698e-13
5.80652e-13
1.14533e-12
2.23425e-12
4.28047e-12
8.02336e-12
1.4944e-11
2.74205e-11
4.96627e-11
8.81514e-11
1.55131e-10
2.70615e-10
4.68418e-10
8.05995e-10
1.38842e-09
2.38234e-09
4.11766e-09
7.19552e-09
1.28914e-08
2.32624e-08
4.30361e-08
8.18192e-08
1.60316e-07
3.24483e-07
6.78128e-07
1.44874e-06
3.05075e-06
5.61461e-06
6.97008e-06
6.77682e-06
5.80713e-06
4.66152e-06
3.61968e-06
2.73151e-06
1.9725e-06
1.37852e-06
9.3275e-07
6.12137e-07
3.91145e-07
2.43516e-07
1.4834e-07
8.86384e-08
5.20942e-08
3.01361e-08
1.71918e-08
9.68245e-09
5.38887e-09
2.96646e-09
1.61717e-09
8.72908e-10
4.67086e-10
2.47939e-10
1.30662e-10
6.83794e-11
3.55549e-11
1.83688e-11
9.42277e-12
4.78945e-12
2.40004e-12
1.17215e-12
5.42899e-13
2.20886e-13
5.10593e-14
2.45156e-16
9.34603e-16
1.94979e-15
3.48185e-15
5.78221e-15
9.21004e-15
1.4272e-14
2.16615e-14
3.22885e-14
4.72836e-14
6.79926e-14
9.60306e-14
1.33366e-13
1.82265e-13
2.44937e-13
3.23213e-13
4.18339e-13
5.29455e-13
6.4787e-13
7.72231e-13
8.88927e-13
9.8595e-13
1.0503e-12
1.07406e-12
1.05432e-12
9.96355e-13
9.07648e-13
7.93127e-13
6.62846e-13
5.17197e-13
3.65424e-13
2.26489e-13
1.24584e-13
7.28894e-14
5.92026e-14
7.9077e-14
1.45249e-13
2.88465e-13
5.76174e-13
1.13652e-12
2.21713e-12
4.24788e-12
7.96279e-12
1.48315e-11
2.72141e-11
4.9287e-11
8.7478e-11
1.53918e-10
2.6843e-10
4.64454e-10
7.98687e-10
1.38091e-09
2.36741e-09
4.08996e-09
7.14398e-09
1.27925e-08
2.3083e-08
4.26949e-08
8.1145e-08
1.58937e-07
3.21566e-07
6.71818e-07
1.43509e-06
3.02388e-06
5.58885e-06
6.96433e-06
6.78425e-06
5.81923e-06
4.67403e-06
3.62922e-06
2.7396e-06
1.97894e-06
1.3833e-06
9.36215e-07
6.14579e-07
3.92777e-07
2.44571e-07
1.48999e-07
8.90391e-08
5.23318e-08
3.02743e-08
1.72708e-08
9.72686e-09
5.41348e-09
2.97993e-09
1.62444e-09
8.76797e-10
4.69146e-10
2.4902e-10
1.31224e-10
6.86702e-11
3.57043e-11
1.84451e-11
9.46151e-12
4.80896e-12
2.40974e-12
1.17686e-12
5.45071e-13
2.21768e-13
5.1263e-14
2.45337e-16
9.35292e-16
1.95122e-15
3.48438e-15
5.78635e-15
9.21651e-15
1.42817e-14
2.16756e-14
3.23085e-14
4.7311e-14
6.80293e-14
9.60779e-14
1.33424e-13
1.82329e-13
2.45007e-13
3.23262e-13
4.1834e-13
5.29367e-13
6.47644e-13
7.71877e-13
8.88306e-13
9.8502e-13
1.04907e-12
1.07257e-12
1.05266e-12
9.94613e-13
9.05928e-13
7.91528e-13
6.61403e-13
5.15945e-13
3.64436e-13
2.25799e-13
1.24148e-13
7.25605e-14
5.88008e-14
7.83493e-14
1.43781e-13
2.85492e-13
5.70259e-13
1.12502e-12
2.19517e-12
4.20712e-12
7.88875e-12
1.46988e-11
2.69821e-11
4.8892e-11
8.68318e-11
1.52901e-10
2.669e-10
4.62292e-10
7.95966e-10
1.36714e-09
2.34992e-09
4.06541e-09
7.11004e-09
1.26271e-08
2.28288e-08
4.22319e-08
8.02445e-08
1.57111e-07
3.17738e-07
6.63534e-07
1.41719e-06
2.98844e-06
5.55437e-06
6.95644e-06
6.79345e-06
5.83488e-06
4.68999e-06
3.64131e-06
2.74969e-06
1.98696e-06
1.38955e-06
9.4085e-07
6.17817e-07
3.94937e-07
2.45965e-07
1.49869e-07
8.95684e-08
5.26459e-08
3.04571e-08
1.73753e-08
9.78565e-09
5.44609e-09
2.99777e-09
1.63408e-09
8.81953e-10
4.71877e-10
2.50453e-10
1.3197e-10
6.90561e-11
3.59026e-11
1.85464e-11
9.51294e-12
4.83486e-12
2.42262e-12
1.18311e-12
5.47956e-13
2.22939e-13
5.15334e-14
2.4558e-16
9.36214e-16
1.95313e-15
3.48778e-15
5.79193e-15
9.22522e-15
1.42948e-14
2.16948e-14
3.23357e-14
4.73486e-14
6.80799e-14
9.61437e-14
1.33505e-13
1.8242e-13
2.45109e-13
3.23344e-13
4.18368e-13
5.2929e-13
6.47405e-13
7.71499e-13
8.8763e-13
9.83973e-13
1.04764e-12
1.07078e-12
1.05065e-12
9.92522e-13
9.03838e-13
7.89533e-13
6.59571e-13
5.14359e-13
3.63171e-13
2.24925e-13
1.23548e-13
7.21322e-14
5.82972e-14
7.74463e-14
1.4194e-13
2.81693e-13
5.62535e-13
1.1096e-12
2.16474e-12
4.14829e-12
7.77775e-12
1.44918e-11
2.66033e-11
4.82058e-11
8.56152e-11
1.50759e-10
2.6316e-10
4.55856e-10
7.84992e-10
1.34682e-09
2.31338e-09
3.99878e-09
6.98589e-09
1.25048e-08
2.25461e-08
4.16727e-08
7.91403e-08
1.54876e-07
3.13035e-07
6.53375e-07
1.39528e-06
2.94512e-06
5.51095e-06
6.9464e-06
6.80576e-06
5.85507e-06
4.71077e-06
3.65713e-06
2.76329e-06
1.99773e-06
1.39772e-06
9.46783e-07
6.21942e-07
3.97678e-07
2.47728e-07
1.50968e-07
9.02348e-08
5.30407e-08
3.06865e-08
1.75062e-08
9.85922e-09
5.48683e-09
3.02005e-09
1.6461e-09
8.88378e-10
4.75278e-10
2.52238e-10
1.32898e-10
6.95358e-11
3.6149e-11
1.86723e-11
9.57681e-12
4.86702e-12
2.43861e-12
1.19087e-12
5.51537e-13
2.24393e-13
5.18692e-14
2.45893e-16
9.37406e-16
1.95561e-15
3.49218e-15
5.79915e-15
9.23654e-15
1.43119e-14
2.17199e-14
3.23715e-14
4.73983e-14
6.81472e-14
9.62319e-14
1.33615e-13
1.82549e-13
2.45259e-13
3.23471e-13
4.18432e-13
5.29227e-13
6.47139e-13
7.71062e-13
8.86802e-13
9.82669e-13
1.04583e-12
1.06854e-12
1.0481e-12
9.89889e-13
9.01233e-13
7.87074e-13
6.57329e-13
5.12388e-13
3.61576e-13
2.23777e-13
1.2286e-13
7.16184e-14
5.76978e-14
7.63811e-14
1.3981e-13
2.77358e-13
5.53821e-13
1.0924e-12
2.1312e-12
4.08424e-12
7.65782e-12
1.42676e-11
2.61904e-11
4.74618e-11
8.43048e-11
1.48469e-10
2.59178e-10
4.48916e-10
7.72847e-10
1.326e-09
2.27747e-09
3.93576e-09
6.87288e-09
1.23054e-08
2.21717e-08
4.09542e-08
7.77202e-08
1.51972e-07
3.0695e-07
6.40248e-07
1.36691e-06
2.88902e-06
5.45292e-06
6.93205e-06
6.82058e-06
5.8807e-06
4.73692e-06
3.67715e-06
2.77995e-06
2.01106e-06
1.40785e-06
9.54117e-07
6.2702e-07
4.01042e-07
2.49887e-07
1.52309e-07
9.10468e-08
5.35203e-08
3.09646e-08
1.76646e-08
9.94801e-09
5.53591e-09
3.04682e-09
1.66053e-09
8.96075e-10
4.79346e-10
2.5437e-10
1.34006e-10
7.01078e-11
3.64427e-11
1.88222e-11
9.65284e-12
4.90529e-12
2.45763e-12
1.20011e-12
5.55795e-13
2.26122e-13
5.22683e-14
2.46286e-16
9.38901e-16
1.95872e-15
3.4977e-15
5.80824e-15
9.25081e-15
1.43336e-14
2.17517e-14
3.24169e-14
4.74616e-14
6.8233e-14
9.63444e-14
1.33756e-13
1.82714e-13
2.45448e-13
3.23653e-13
4.18551e-13
5.29204e-13
6.46888e-13
7.70601e-13
8.8589e-13
9.81219e-13
1.0438e-12
1.06594e-12
1.04517e-12
9.86726e-13
8.98073e-13
7.84047e-13
6.54542e-13
5.09898e-13
3.59543e-13
2.22302e-13
1.21938e-13
7.09674e-14
5.69545e-14
7.50687e-14
1.37142e-13
2.71892e-13
5.42793e-13
1.0706e-12
2.08867e-12
4.00313e-12
7.50661e-12
1.3988e-11
2.56843e-11
4.65483e-11
8.26888e-11
1.45633e-10
2.54267e-10
4.4049e-10
7.58467e-10
1.30162e-09
2.23452e-09
3.86041e-09
6.74049e-09
1.2069e-08
2.17358e-08
4.012e-08
7.60729e-08
1.48609e-07
2.99816e-07
6.24876e-07
1.33367e-06
2.82241e-06
5.38076e-06
6.91259e-06
6.83766e-06
5.9113e-06
4.76865e-06
3.70134e-06
2.80016e-06
2.02719e-06
1.42009e-06
9.62982e-07
6.3315e-07
4.05094e-07
2.52479e-07
1.53915e-07
9.20147e-08
5.409e-08
3.12937e-08
1.78515e-08
1.00525e-08
5.59349e-09
3.07816e-09
1.67736e-09
9.0504e-10
4.84075e-10
2.56843e-10
1.35288e-10
7.07694e-11
3.67819e-11
1.89952e-11
9.74055e-12
4.94941e-12
2.47955e-12
1.21074e-12
5.60699e-13
2.28112e-13
5.27279e-14
2.46768e-16
9.40737e-16
1.96254e-15
3.50449e-15
5.81944e-15
9.26841e-15
1.43603e-14
2.17911e-14
3.24734e-14
4.75403e-14
6.83401e-14
9.64852e-14
1.33933e-13
1.82923e-13
2.45687e-13
3.23875e-13
4.18717e-13
5.29225e-13
6.46658e-13
7.70134e-13
8.84857e-13
9.79482e-13
1.04128e-12
1.06275e-12
1.04142e-12
9.8271e-13
8.94105e-13
7.80261e-13
6.51092e-13
5.06846e-13
3.57044e-13
2.20484e-13
1.20761e-13
7.0169e-14
5.60907e-14
7.35989e-14
1.34161e-13
2.65811e-13
5.30469e-13
1.04601e-12
2.04014e-12
3.9091e-12
7.32797e-12
1.36494e-11
2.50605e-11
4.54191e-11
8.06812e-11
1.42078e-10
2.47995e-10
4.29469e-10
7.39118e-10
1.27787e-09
2.18858e-09
3.77619e-09
6.58457e-09
1.17797e-08
2.12064e-08
3.91174e-08
7.41109e-08
1.44641e-07
2.91517e-07
6.0682e-07
1.29456e-06
2.74417e-06
5.29128e-06
6.88641e-06
6.85637e-06
5.94716e-06
4.80625e-06
3.73019e-06
2.82472e-06
2.04737e-06
1.43516e-06
9.7378e-07
6.40552e-07
4.09946e-07
2.5556e-07
1.55811e-07
9.31515e-08
5.47556e-08
3.16765e-08
1.80678e-08
1.01729e-08
5.65963e-09
3.11403e-09
1.69657e-09
9.15235e-10
4.89439e-10
2.59643e-10
1.36736e-10
7.15155e-11
3.71642e-11
1.91899e-11
9.83919e-12
4.99899e-12
2.50417e-12
1.22268e-12
5.66201e-13
2.30344e-13
5.32432e-14
2.47349e-16
9.4295e-16
1.96715e-15
3.5127e-15
5.83299e-15
9.28977e-15
1.43928e-14
2.18393e-14
3.25427e-14
4.76376e-14
6.84731e-14
9.66618e-14
1.34158e-13
1.83196e-13
2.46012e-13
3.24196e-13
4.18972e-13
5.2932e-13
6.46468e-13
7.69678e-13
8.83742e-13
9.776e-13
1.0386e-12
1.05928e-12
1.03734e-12
9.78277e-13
8.89464e-13
7.75802e-13
6.46883e-13
5.03166e-13
3.54007e-13
2.18274e-13
1.19397e-13
6.92499e-14
5.51329e-14
7.20201e-14
1.31044e-13
2.59408e-13
5.17739e-13
1.02106e-12
1.99196e-12
3.81832e-12
7.16195e-12
1.32535e-11
2.43714e-11
4.4191e-11
7.85318e-11
1.38339e-10
2.41547e-10
4.18328e-10
7.19989e-10
1.24618e-09
2.13637e-09
3.69015e-09
6.44244e-09
1.1418e-08
2.05841e-08
3.79558e-08
7.18503e-08
1.4005e-07
2.81863e-07
5.86119e-07
1.24962e-06
2.65307e-06
5.17929e-06
6.84827e-06
6.87445e-06
5.98802e-06
4.85023e-06
3.76411e-06
2.8533e-06
2.06846e-06
1.45166e-06
9.85852e-07
6.48938e-07
4.15484e-07
2.59088e-07
1.57981e-07
9.44532e-08
5.55155e-08
3.21119e-08
1.8313e-08
1.03088e-08
5.73397e-09
3.15418e-09
1.71798e-09
9.26558e-10
4.95374e-10
2.62729e-10
1.38325e-10
7.23452e-11
3.75876e-11
1.94049e-11
9.9478e-12
5.05347e-12
2.53117e-12
1.23576e-12
5.72222e-13
2.32786e-13
5.38063e-14
2.48036e-16
9.45565e-16
1.9726e-15
3.52242e-15
5.84906e-15
9.31516e-15
1.44316e-14
2.18969e-14
3.26261e-14
4.77553e-14
6.86352e-14
9.68792e-14
1.34439e-13
1.8354e-13
2.46425e-13
3.24623e-13
4.19341e-13
5.29511e-13
6.46352e-13
7.69265e-13
8.82618e-13
9.75508e-13
1.03547e-12
1.05509e-12
1.03256e-12
9.73169e-13
8.84354e-13
7.70764e-13
6.4214e-13
4.98803e-13
3.50326e-13
2.15515e-13
1.17584e-13
6.80896e-14
5.39819e-14
7.01636e-14
1.27384e-13
2.51924e-13
5.02524e-13
9.90847e-13
1.93275e-12
3.70464e-12
6.94989e-12
1.28606e-11
2.36547e-11
4.28958e-11
7.62602e-11
1.34413e-10
2.3483e-10
4.07016e-10
7.00999e-10
1.20285e-09
2.06438e-09
3.56346e-09
6.21262e-09
1.11077e-08
1.99541e-08
3.67244e-08
6.93992e-08
1.35093e-07
2.71447e-07
5.63416e-07
1.20039e-06
2.55305e-06
5.04657e-06
6.79982e-06
6.89267e-06
6.03409e-06
4.90126e-06
3.80627e-06
2.88717e-06
2.09579e-06
1.47228e-06
1.00051e-06
6.58917e-07
4.21978e-07
2.63175e-07
1.60471e-07
9.59424e-08
5.63778e-08
3.26023e-08
1.85872e-08
1.04599e-08
5.81606e-09
3.19826e-09
1.74132e-09
9.38842e-10
5.01782e-10
2.66045e-10
1.40025e-10
7.32421e-11
3.80431e-11
1.96354e-11
1.00639e-11
5.11157e-12
2.55992e-12
1.24966e-12
5.78618e-13
2.35377e-13
5.44037e-14
2.48827e-16
9.48581e-16
1.97889e-15
3.53365e-15
5.86765e-15
9.3446e-15
1.44767e-14
2.1964e-14
3.27236e-14
4.7894e-14
6.88286e-14
9.71422e-14
1.34784e-13
1.83973e-13
2.46938e-13
3.25172e-13
4.19849e-13
5.29837e-13
6.46325e-13
7.68899e-13
8.81383e-13
9.7309e-13
1.03186e-12
1.05058e-12
1.02725e-12
9.67252e-13
8.78149e-13
7.64787e-13
6.3642e-13
4.93455e-13
3.4589e-13
2.12224e-13
1.15563e-13
6.67323e-14
5.26207e-14
6.79595e-14
1.22992e-13
2.4291e-13
4.84018e-13
9.54153e-13
1.86042e-12
3.56471e-12
6.68654e-12
1.23685e-11
2.27464e-11
4.12739e-11
7.34277e-11
1.29516e-10
2.26938e-10
3.93408e-10
6.77972e-10
1.16382e-09
1.998e-09
3.44886e-09
6.00972e-09
1.0738e-08
1.92791e-08
3.54572e-08
6.69442e-08
1.30145e-07
2.61297e-07
5.4219e-07
1.15565e-06
2.46464e-06
4.85563e-06
6.7248e-06
6.90811e-06
6.08718e-06
4.95867e-06
3.85487e-06
2.92848e-06
2.12875e-06
1.49699e-06
1.01801e-06
6.70729e-07
4.29594e-07
2.67922e-07
1.63338e-07
9.76308e-08
5.73472e-08
3.31488e-08
1.88901e-08
1.06253e-08
5.9052e-09
3.24576e-09
1.76619e-09
9.51842e-10
5.08524e-10
2.69519e-10
1.41806e-10
7.41519e-11
3.85061e-11
1.987e-11
1.01822e-11
5.17082e-12
2.58926e-12
1.26386e-12
5.85148e-13
2.38022e-13
5.50136e-14
2.49713e-16
9.5196e-16
1.98595e-15
3.54626e-15
5.88858e-15
9.37779e-15
1.45277e-14
2.20403e-14
3.2835e-14
4.80534e-14
6.90529e-14
9.74502e-14
1.35193e-13
1.84491e-13
2.47557e-13
3.25848e-13
4.20498e-13
5.3031e-13
6.46428e-13
7.6864e-13
8.80155e-13
9.70743e-13
1.02806e-12
1.04523e-12
1.02073e-12
9.60276e-13
8.71053e-13
7.5781e-13
6.29701e-13
4.87316e-13
3.40522e-13
2.08176e-13
1.12964e-13
6.51163e-14
5.10635e-14
6.55506e-14
1.18276e-13
2.3328e-13
4.64515e-13
9.14958e-13
1.7832e-12
3.41561e-12
6.40979e-12
1.186e-11
2.18242e-11
3.95905e-11
7.03889e-11
1.2404e-10
2.17549e-10
3.7675e-10
6.48962e-10
1.12309e-09
1.92461e-09
3.32125e-09
5.79019e-09
1.02385e-08
1.84161e-08
3.38563e-08
6.38571e-08
1.23988e-07
2.48525e-07
5.14459e-07
1.09397e-06
2.33527e-06
4.6488e-06
6.62991e-06
6.92059e-06
6.14729e-06
5.03097e-06
3.92355e-06
2.98632e-06
2.17311e-06
1.52872e-06
1.0397e-06
6.85014e-07
4.38624e-07
2.73453e-07
1.66624e-07
9.95344e-08
5.84244e-08
3.37478e-08
1.92178e-08
1.0802e-08
5.99934e-09
3.29536e-09
1.79187e-09
9.65153e-10
5.15374e-10
2.73024e-10
1.43591e-10
7.50534e-11
3.8963e-11
2.0101e-11
1.02986e-11
5.22911e-12
2.6181e-12
1.27779e-12
5.91552e-13
2.40613e-13
5.56111e-14
2.50672e-16
9.55621e-16
1.99361e-15
3.55997e-15
5.91139e-15
9.41412e-15
1.45837e-14
2.21245e-14
3.29588e-14
4.82321e-14
6.93064e-14
9.78017e-14
1.35663e-13
1.85094e-13
2.48288e-13
3.2666e-13
4.213e-13
5.30934e-13
6.46655e-13
7.68461e-13
8.78908e-13
9.68037e-13
1.02391e-12
1.03965e-12
1.01403e-12
9.52554e-13
8.62822e-13
7.49446e-13
6.21938e-13
4.80155e-13
3.34371e-13
2.03497e-13
1.10017e-13
6.32679e-14
4.93233e-14
6.28083e-14
1.12946e-13
2.22378e-13
4.42604e-13
8.71104e-13
1.69852e-12
3.25476e-12
6.11017e-12
1.12997e-11
2.07756e-11
3.76873e-11
6.70325e-11
1.1819e-10
2.07598e-10
3.595e-10
6.19149e-10
1.07205e-09
1.83739e-09
3.17035e-09
5.52575e-09
9.76408e-09
1.75451e-08
3.22073e-08
6.06346e-08
1.17457e-07
2.3491e-07
4.84869e-07
1.03049e-06
2.20138e-06
4.43046e-06
6.52779e-06
6.93149e-06
6.21382e-06
5.10277e-06
3.98593e-06
3.03596e-06
2.2111e-06
1.55815e-06
1.06116e-06
6.99706e-07
4.48132e-07
2.7935e-07
1.70146e-07
1.01573e-07
5.95698e-08
3.43798e-08
1.956e-08
1.09843e-08
6.0951e-09
3.34505e-09
1.81722e-09
9.7879e-10
5.22252e-10
2.76482e-10
1.45326e-10
7.5919e-11
3.93993e-11
2.03233e-11
1.04103e-11
5.28455e-12
2.64521e-12
1.29073e-12
5.97422e-13
2.42963e-13
5.61484e-14
2.51654e-16
9.59373e-16
2.00146e-15
3.57406e-15
5.9349e-15
9.45168e-15
1.46419e-14
2.22125e-14
3.30891e-14
4.84217e-14
6.95779e-14
9.81822e-14
1.36179e-13
1.85763e-13
2.49111e-13
3.27591e-13
4.22244e-13
5.31706e-13
6.47007e-13
7.68335e-13
8.77508e-13
9.64837e-13
1.01905e-12
1.03266e-12
1.00585e-12
9.4365e-13
8.53518e-13
7.40263e-13
6.12928e-13
4.7193e-13
3.2718e-13
1.97996e-13
1.06515e-13
6.11516e-14
4.74326e-14
5.9987e-14
1.07394e-13
2.10969e-13
4.19389e-13
8.2472e-13
1.60563e-12
3.07607e-12
5.77046e-12
1.0674e-11
1.96386e-11
3.56396e-11
6.34737e-11
1.11981e-10
1.96935e-10
3.41123e-10
5.87715e-10
1.00945e-09
1.73196e-09
2.98473e-09
5.18847e-09
9.24004e-09
1.6564e-08
3.02972e-08
5.69017e-08
1.09901e-07
2.21477e-07
4.55197e-07
9.64759e-07
2.06792e-06
4.21134e-06
6.4175e-06
6.94064e-06
6.27802e-06
5.17805e-06
4.05552e-06
3.09205e-06
2.2548e-06
1.59041e-06
1.08405e-06
7.1512e-07
4.5798e-07
2.85385e-07
1.73707e-07
1.03606e-07
6.0695e-08
3.49912e-08
1.98865e-08
1.11568e-08
6.18645e-09
3.39449e-09
1.843e-09
9.91875e-10
5.28791e-10
2.797e-10
1.46892e-10
7.66673e-11
3.97528e-11
2.04842e-11
1.04853e-11
5.32012e-12
2.66219e-12
1.29876e-12
6.01066e-13
2.44428e-13
5.64849e-14
2.52606e-16
9.63013e-16
2.0091e-15
3.58783e-15
5.958e-15
9.48886e-15
1.47001e-14
2.23015e-14
3.32226e-14
4.86186e-14
6.98642e-14
9.85895e-14
1.3674e-13
1.86502e-13
2.50034e-13
3.28655e-13
4.23353e-13
5.32662e-13
6.47546e-13
7.68388e-13
8.76315e-13
9.61963e-13
1.01415e-12
1.02552e-12
9.96537e-13
9.33489e-13
8.42782e-13
7.29413e-13
6.01954e-13
4.61897e-13
3.18754e-13
1.91668e-13
1.02745e-13
5.88728e-14
4.54341e-14
5.70614e-14
1.01729e-13
1.99543e-13
3.96311e-13
7.79157e-13
1.51589e-12
2.90262e-12
5.45121e-12
1.00805e-11
1.85383e-11
3.36304e-11
5.99224e-11
1.05684e-10
1.8481e-10
3.20609e-10
5.52816e-10
9.49484e-10
1.63e-09
2.81103e-09
4.89074e-09
8.6209e-09
1.55123e-08
2.83557e-08
5.31399e-08
1.02446e-07
2.06734e-07
4.23662e-07
8.97932e-07
1.92628e-06
3.96369e-06
6.27746e-06
6.94556e-06
6.37014e-06
5.28008e-06
4.14417e-06
3.1702e-06
2.31341e-06
1.63192e-06
1.11208e-06
7.33266e-07
4.69213e-07
2.92089e-07
1.77568e-07
1.05761e-07
6.18625e-08
3.56448e-08
2.02433e-08
1.13405e-08
6.2749e-09
3.43237e-09
1.8594e-09
9.98893e-10
5.31834e-10
2.81017e-10
1.47462e-10
7.69102e-11
3.98612e-11
2.0536e-11
1.05097e-11
5.33164e-12
2.66763e-12
1.30131e-12
6.02207e-13
2.44881e-13
5.65875e-14
2.5341e-16
9.66074e-16
2.01548e-15
3.59921e-15
5.97696e-15
9.51929e-15
1.47479e-14
2.23753e-14
3.33351e-14
4.87885e-14
7.0118e-14
9.89618e-14
1.37269e-13
1.87225e-13
2.50972e-13
3.29783e-13
4.24592e-13
5.33823e-13
6.48352e-13
7.68528e-13
8.74996e-13
9.58655e-13
1.00879e-12
1.01809e-12
9.87081e-13
9.22098e-13
8.30813e-13
7.17259e-13
5.90174e-13
4.50448e-13
3.08984e-13
1.84519e-13
9.8465e-14
5.63884e-14
4.33856e-14
5.41917e-14
9.62394e-14
1.88125e-13
3.73073e-13
7.32359e-13
1.42388e-12
2.72082e-12
5.10073e-12
9.42161e-12
1.73097e-11
3.13978e-11
5.59962e-11
9.87951e-11
1.72905e-10
3.00203e-10
5.17875e-10
8.8975e-10
1.52646e-09
2.63005e-09
4.56974e-09
8.03895e-09
1.44483e-08
2.63725e-08
4.93532e-08
9.49422e-08
1.91223e-07
3.908e-07
8.25212e-07
1.76965e-06
3.67954e-06
6.09121e-06
6.93676e-06
6.45044e-06
5.38595e-06
4.24359e-06
3.2508e-06
2.37981e-06
1.67853e-06
1.14299e-06
7.52602e-07
4.80664e-07
2.98599e-07
1.81156e-07
1.07719e-07
6.29551e-08
3.6188e-08
2.04708e-08
1.14335e-08
6.31146e-09
3.44672e-09
1.86405e-09
9.99749e-10
5.31602e-10
2.80599e-10
1.4712e-10
7.66787e-11
3.97258e-11
2.04622e-11
1.04712e-11
5.31223e-12
2.6581e-12
1.29675e-12
6.00135e-13
2.44046e-13
5.63956e-14
2.541e-16
9.68707e-16
2.02099e-15
3.60909e-15
5.99352e-15
9.54608e-15
1.47909e-14
2.24438e-14
3.34435e-14
4.89591e-14
7.03831e-14
9.9361e-14
1.37852e-13
1.88045e-13
2.52073e-13
3.31162e-13
4.26185e-13
5.35306e-13
6.49406e-13
7.68687e-13
8.73578e-13
9.54932e-13
1.00285e-12
1.00986e-12
9.77481e-13
9.11486e-13
8.19054e-13
7.05198e-13
5.78113e-13
4.39134e-13
2.98894e-13
1.76889e-13
9.40306e-14
5.38763e-14
4.13777e-14
5.14501e-14
9.10215e-14
1.77759e-13
3.51646e-13
6.89576e-13
1.3392e-12
2.55764e-12
4.79104e-12
8.84989e-12
1.62572e-11
2.94652e-11
5.24998e-11
9.24489e-11
1.61449e-10
2.7995e-10
4.82409e-10
8.34828e-10
1.42876e-09
2.4575e-09
4.26518e-09
7.49074e-09
1.3432e-08
2.44515e-08
4.56187e-08
8.74879e-08
1.75517e-07
3.575e-07
7.53875e-07
1.62087e-06
3.3949e-06
5.86331e-06
6.90537e-06
6.52426e-06
5.49124e-06
4.34438e-06
3.33304e-06
2.444e-06
1.73168e-06
1.18239e-06
7.79246e-07
4.97226e-07
3.08154e-07
1.86253e-07
1.10179e-07
6.39332e-08
3.65605e-08
2.06084e-08
1.14725e-08
6.31477e-09
3.44026e-09
1.85678e-09
9.94151e-10
5.28007e-10
2.78441e-10
1.45866e-10
7.59517e-11
3.93453e-11
2.02672e-11
1.03724e-11
5.26268e-12
2.63367e-12
1.28501e-12
5.94755e-13
2.41866e-13
5.58932e-14
2.54386e-16
9.69699e-16
2.02273e-15
3.61154e-15
5.99655e-15
9.54974e-15
1.47951e-14
2.24501e-14
3.3457e-14
4.8991e-14
7.04564e-14
9.95188e-14
1.38148e-13
1.88541e-13
2.5283e-13
3.322e-13
4.27384e-13
5.36595e-13
6.50502e-13
7.6901e-13
8.72493e-13
9.51949e-13
9.974e-13
1.00179e-12
9.67582e-13
9.00418e-13
8.07473e-13
6.93351e-13
5.66237e-13
4.27782e-13
2.88741e-13
1.69399e-13
8.96625e-14
5.14559e-14
3.9561e-14
4.90724e-14
8.65184e-14
1.69355e-13
3.34784e-13
6.54936e-13
1.27042e-12
2.42443e-12
4.53544e-12
8.35883e-12
1.53331e-11
2.77298e-11
4.9398e-11
8.69699e-11
1.51919e-10
2.63196e-10
4.52984e-10
7.82887e-10
1.33984e-09
2.30461e-09
3.99505e-09
7.0125e-09
1.25703e-08
2.28292e-08
4.25131e-08
8.14689e-08
1.61986e-07
3.30152e-07
6.94768e-07
1.49202e-06
3.14513e-06
5.64871e-06
6.8612e-06
6.58327e-06
5.58566e-06
4.43697e-06
3.40937e-06
2.50047e-06
1.76818e-06
1.20418e-06
7.92474e-07
5.04502e-07
3.11811e-07
1.87865e-07
1.10761e-07
6.4087e-08
3.6515e-08
2.05103e-08
1.13827e-08
6.24697e-09
3.39819e-09
1.83146e-09
9.79044e-10
5.19132e-10
2.73297e-10
1.42882e-10
7.44421e-11
3.85517e-11
1.98571e-11
1.01656e-11
5.16074e-12
2.58455e-12
1.26203e-12
5.84546e-13
2.37851e-13
5.49839e-14
2.55132e-16
9.72552e-16
2.02861e-15
3.62154e-15
6.01194e-15
9.57217e-15
1.48273e-14
2.24964e-14
3.35248e-14
4.90942e-14
7.06208e-14
9.97883e-14
1.38587e-13
1.89216e-13
2.53791e-13
3.33456e-13
4.29e-13
5.38526e-13
6.52384e-13
7.70067e-13
8.72235e-13
9.49628e-13
9.92757e-13
9.9486e-13
9.58769e-13
8.90604e-13
7.97174e-13
6.83842e-13
5.57197e-13
4.19511e-13
2.81776e-13
1.63934e-13
8.65013e-14
4.98215e-14
3.84024e-14
4.76614e-14
8.39526e-14
1.64185e-13
3.24131e-13
6.33602e-13
1.2283e-12
2.3427e-12
4.38436e-12
8.07747e-12
1.48157e-11
2.68145e-11
4.77677e-11
8.4053e-11
1.46731e-10
2.54206e-10
4.37607e-10
7.50663e-10
1.28719e-09
2.21077e-09
3.82735e-09
6.70505e-09
1.2015e-08
2.17809e-08
4.04674e-08
7.72777e-08
1.52361e-07
3.09833e-07
6.50622e-07
1.39647e-06
2.95328e-06
5.47078e-06
6.81594e-06
6.62517e-06
5.6635e-06
4.51863e-06
3.47969e-06
2.55098e-06
1.80256e-06
1.22741e-06
8.04669e-07
5.1034e-07
3.14103e-07
1.88453e-07
1.10654e-07
6.37785e-08
3.62004e-08
2.02588e-08
1.11995e-08
6.12706e-09
3.31718e-09
1.78136e-09
9.49746e-10
5.02955e-10
2.64851e-10
1.38842e-10
7.23102e-11
3.74809e-11
1.9334e-11
9.91555e-12
5.04368e-12
2.53092e-12
1.23812e-12
5.74372e-13
2.33979e-13
5.41275e-14
)
;

boundaryField
{
    fuel
    {
        type            fixedValue;
        value           uniform 0;
    }
    air
    {
        type            fixedValue;
        value           uniform 0;
    }
    outlet
    {
        type            inletOutlet;
        inletValue      uniform 0;
        value           nonuniform List<scalar> 
200
(
2.55128e-16
9.72536e-16
2.02857e-15
3.62147e-15
6.01182e-15
9.57195e-15
1.48269e-14
2.24957e-14
3.35238e-14
4.90927e-14
7.06184e-14
9.97846e-14
1.38581e-13
1.89206e-13
2.53775e-13
3.33432e-13
4.28965e-13
5.38476e-13
6.52317e-13
7.69981e-13
8.72134e-13
9.49515e-13
9.92636e-13
9.9474e-13
9.58655e-13
8.90501e-13
7.9709e-13
6.83769e-13
5.5714e-13
4.19466e-13
2.81738e-13
1.63886e-13
8.64133e-14
4.9781e-14
3.83731e-14
4.76225e-14
8.38831e-14
1.64053e-13
3.23864e-13
6.33097e-13
1.22733e-12
2.34087e-12
4.38096e-12
8.07173e-12
1.48063e-11
2.6804e-11
4.7778e-11
8.41357e-11
1.46958e-10
2.54706e-10
4.38662e-10
7.52222e-10
1.28849e-09
2.21441e-09
3.83504e-09
6.7202e-09
1.1964e-08
2.17106e-08
4.03632e-08
7.71177e-08
1.52155e-07
3.09394e-07
6.4992e-07
1.39499e-06
2.94989e-06
5.46686e-06
6.81473e-06
6.62614e-06
5.66485e-06
4.51975e-06
3.48041e-06
2.55151e-06
1.80297e-06
1.22776e-06
8.049e-07
5.10506e-07
3.14213e-07
1.88525e-07
1.10699e-07
6.38065e-08
3.62172e-08
2.02686e-08
1.12051e-08
6.13024e-09
3.31896e-09
1.78233e-09
9.50266e-10
5.03232e-10
2.64996e-10
1.38917e-10
7.23486e-11
3.75003e-11
1.93437e-11
9.92036e-12
5.04603e-12
2.53206e-12
1.23866e-12
5.74613e-13
2.34074e-13
5.41493e-14
2.55132e-16
9.72552e-16
2.02861e-15
3.62154e-15
6.01194e-15
9.57217e-15
1.48273e-14
2.24964e-14
3.35248e-14
4.90942e-14
7.06208e-14
9.97883e-14
1.38587e-13
1.89216e-13
2.53791e-13
3.33456e-13
4.29e-13
5.38526e-13
6.52384e-13
7.70067e-13
8.72235e-13
9.49628e-13
9.92757e-13
9.9486e-13
9.58769e-13
8.90604e-13
7.97174e-13
6.83842e-13
5.57197e-13
4.19511e-13
2.81776e-13
1.63934e-13
8.65013e-14
4.98215e-14
3.84024e-14
4.76614e-14
8.39526e-14
1.64185e-13
3.24131e-13
6.33602e-13
1.2283e-12
2.3427e-12
4.38436e-12
8.07747e-12
1.48157e-11
2.68145e-11
4.77677e-11
8.4053e-11
1.46731e-10
2.54206e-10
4.37607e-10
7.50663e-10
1.28719e-09
2.21077e-09
3.82735e-09
6.70505e-09
1.2015e-08
2.17809e-08
4.04674e-08
7.72777e-08
1.52361e-07
3.09833e-07
6.50622e-07
1.39647e-06
2.95328e-06
5.47078e-06
6.81594e-06
6.62517e-06
5.6635e-06
4.51863e-06
3.47969e-06
2.55098e-06
1.80256e-06
1.22741e-06
8.04669e-07
5.1034e-07
3.14103e-07
1.88453e-07
1.10654e-07
6.37785e-08
3.62004e-08
2.02588e-08
1.11995e-08
6.12706e-09
3.31718e-09
1.78136e-09
9.49746e-10
5.02955e-10
2.64851e-10
1.38842e-10
7.23102e-11
3.74809e-11
1.9334e-11
9.91555e-12
5.04368e-12
2.53092e-12
1.23812e-12
5.74372e-13
2.33979e-13
5.41275e-14
)
;
    }
    frontAndBack
    {
        type            empty;
    }
    internal
    {
        type            internal;
    }
}


// ************************************************************************* //
