/*--------------------------------*- C++ -*----------------------------------*\
  =========                 |
  \\      /  F ield         | OpenFOAM: The Open Source CFD Toolbox
   \\    /   O peration     | Website:  https://openfoam.org
    \\  /    A nd           | Version:  10
     \\/     M anipulation  |
\*---------------------------------------------------------------------------*/
FoamFile
{
    format      ascii;
    class       volScalarField;
    location    "1";
    object      HRR;
}
// * * * * * * * * * * * * * * * * * * * * * * * * * * * * * * * * * * * * * //

dimensions      [1 -1 -3 0 0 0 0];

internalField   nonuniform List<scalar> 
4000
(
2.36971e-05
0.000258036
0.00105193
0.00325891
0.00886473
0.022348
0.0536357
0.124175
0.279124
0.610861
1.30394
2.7237
5.5915
11.3233
22.6541
44.6289
86.7944
165.806
303.286
549.353
942.953
1554.06
2457.5
3641.33
5143.71
7001.54
9323.19
12322.5
16219.6
21500.9
28665.2
38422.7
51664.6
69465.4
92956.6
123521
163150
216102
290918
401359
565852
807069
1.15854e+06
1.67946e+06
2.48755e+06
3.76209e+06
5.81886e+06
9.24886e+06
1.51965e+07
2.5864e+07
4.56772e+07
8.27485e+07
8.97744e+07
6.72957e+07
5.30286e+07
4.06786e+07
2.95561e+07
2.05475e+07
1.37557e+07
8.9217e+06
5.5878e+06
3.36528e+06
1.92907e+06
1.06014e+06
593320
314431
143861
56604.7
18574.3
5117.57
1230.51
249.795
42.8202
6.33602
0.873779
0.128189
0.0214441
0.00448623
0.00113992
0.000322849
9.56685e-05
2.86355e-05
8.53262e-06
2.51539e-06
7.30658e-07
2.0927e-07
5.92394e-08
1.65453e-08
4.57379e-09
1.23894e-09
3.43558e-10
7.91151e-11
3.25107e-11
-1.016e-12
1.55956e-11
9.22391e-12
-1.65983e-12
1.18548e-11
1.0141e-11
-8.7705e-12
2.35205e-05
0.000255699
0.00103935
0.0032222
0.00876231
0.0220853
0.0529843
0.122593
0.275307
0.601694
1.28212
2.67276
5.47236
11.0565
22.0846
43.4572
84.3124
160.779
294.306
534.924
919.857
1516.89
2405.44
3581.53
5076.6
6930.13
9243.15
12240.5
16122.2
21388.3
28535.7
38275.8
51512.5
69352.1
92949.6
123701
163639
217149
292415
403877
570099
814228
1.17015e+06
1.69873e+06
2.51978e+06
3.81669e+06
5.91058e+06
9.40737e+06
1.54785e+07
2.63858e+07
4.67073e+07
8.4744e+07
8.89576e+07
6.69554e+07
5.27377e+07
4.03434e+07
2.92928e+07
2.03178e+07
1.35686e+07
8.78334e+06
5.46477e+06
3.276e+06
1.86838e+06
1.02409e+06
571547
300465
135734
52727
17034.8
4617.85
1093.37
219.954
37.3483
5.4735
0.760423
0.113318
0.0195266
0.00422496
0.00110326
0.000318438
9.56761e-05
2.89508e-05
8.70849e-06
2.58715e-06
7.58938e-07
2.19052e-07
6.23222e-08
1.74667e-08
4.82928e-09
1.32322e-09
3.5649e-10
8.77485e-11
3.63382e-11
1.49535e-11
-1.06178e-11
5.48483e-12
9.92169e-12
8.15631e-13
-1.29405e-11
4.03801e-12
2.35723e-05
0.00025295
0.00102741
0.00318671
0.00866585
0.0218475
0.0524004
0.121146
0.271697
0.59263
1.25922
2.61441
5.33766
10.7589
21.4467
42.1462
81.7936
155.647
284.653
517.762
892.291
1477.86
2344.24
3529.25
5011.36
6856.29
9156.73
12142.3
16003.7
21250.3
28375.7
38095.4
51347.1
69257.2
93028.7
124079
164475
218586
294881
408126
577242
825891
1.18911e+06
1.73026e+06
2.57184e+06
3.90254e+06
6.05233e+06
9.64857e+06
1.59047e+07
2.71669e+07
4.81512e+07
8.80129e+07
8.76603e+07
6.63997e+07
5.22814e+07
3.98684e+07
2.8784e+07
1.989e+07
1.32467e+07
8.56568e+06
5.27767e+06
3.14773e+06
1.78438e+06
976135
543162
282107
125248
47876.4
15178
4043.19
944.07
187.971
31.6827
4.65743
0.653541
0.0993096
0.0176465
0.00394599
0.00105669
0.000309655
9.42295e-05
2.88081e-05
8.73969e-06
2.61566e-06
7.70693e-07
2.234e-07
6.38277e-08
1.7964e-08
4.98057e-09
1.37118e-09
3.54725e-10
9.66011e-11
2.69319e-11
1.14287e-11
-2.38911e-12
1.36465e-11
5.3713e-12
3.96118e-12
1.37801e-12
-7.66873e-12
2.28463e-05
0.000248689
0.00101167
0.0031347
0.00851765
0.0214534
0.0514024
0.118715
0.265944
0.579412
1.22986
2.55193
5.20319
10.4712
20.8414
40.9077
79.3262
151.235
276.909
503.203
868.553
1441.92
2294.4
3472.09
4949.52
6788.74
9079.19
12057.1
15905.8
21142.4
28262.4
37977.7
51267.1
69261.4
93256
124689
165672
220575
298319
413711
586306
840984
1.21399e+06
1.77092e+06
2.63918e+06
4.0155e+06
6.23966e+06
9.98108e+06
1.64985e+07
2.82533e+07
5.02536e+07
9.14013e+07
8.64172e+07
6.58411e+07
5.17672e+07
3.92925e+07
2.82217e+07
1.94046e+07
1.28679e+07
8.28149e+06
5.07353e+06
3.00348e+06
1.68824e+06
923331
512309
261205
113822
42667.2
13306.8
3479.5
802.537
158.469
26.2515
3.81478
0.535832
0.0824731
0.0151143
0.00350698
0.000969499
0.000292609
9.06774e-05
2.80224e-05
8.57783e-06
2.58638e-06
7.66695e-07
2.23336e-07
6.4063e-08
1.8082e-08
5.02148e-09
1.36918e-09
3.80886e-10
1.08675e-10
1.88183e-11
1.06237e-11
1.04774e-11
1.28475e-11
7.07729e-12
-1.80812e-12
-2.94691e-12
-1.9577e-12
2.26771e-05
0.000244951
0.000996502
0.00308564
0.00838398
0.0211106
0.0505638
0.116724
0.261336
0.568954
1.20653
2.50076
5.09275
10.2369
20.3534
39.9188
77.3677
147.473
270.014
491.218
849.667
1413.83
2253.09
3423.31
4892.95
6725.05
9013.58
11989
15831.8
21067.1
28197.8
37922.1
51269.8
69377.3
93625.3
125483
167105
223014
302143
419813
596355
857450
1.24096e+06
1.81494e+06
2.71179e+06
4.13683e+06
6.43365e+06
1.03121e+07
1.70869e+07
2.93406e+07
5.22943e+07
9.52423e+07
8.48586e+07
6.5076e+07
5.11077e+07
3.8613e+07
2.75978e+07
1.88828e+07
1.24711e+07
7.99581e+06
4.876e+06
2.86947e+06
1.60152e+06
874750
482879
242039
103750
38320
11730.6
3010.03
687.143
133.276
21.8053
3.15563
0.447155
0.0702493
0.013327
0.00320032
0.00090544
0.000276272
8.64898e-05
2.70632e-05
8.35572e-06
2.53522e-06
7.54523e-07
2.20636e-07
6.3543e-08
1.80043e-08
5.0174e-09
1.3747e-09
3.67277e-10
1.13262e-10
2.87786e-11
7.75736e-12
6.53341e-12
-1.13458e-11
1.09606e-11
-2.80294e-12
-7.32977e-13
5.38799e-12
2.23299e-05
0.000241548
0.000981431
0.00303852
0.00825424
0.0207796
0.0497571
0.114824
0.256974
0.55916
1.18497
2.45418
4.99415
10.0323
19.9381
39.1003
75.7977
144.572
264.947
482.062
835.094
1391.77
2219.06
3382.08
4845.34
6677.93
8965.7
11942.2
15784.9
21029.5
28177.6
37944
51359.8
69596.3
94109
126422
168738
225617
306245
426440
607117
875102
1.26881e+06
1.85944e+06
2.78398e+06
4.25535e+06
6.63353e+06
1.06536e+07
1.77079e+07
3.05051e+07
5.45498e+07
9.84343e+07
8.36514e+07
6.44472e+07
5.05144e+07
3.79597e+07
2.70041e+07
1.83856e+07
1.20783e+07
7.69786e+06
4.67865e+06
2.73932e+06
1.52219e+06
831966
457081
225854
95773.8
34211.2
10298.4
2610.79
587.866
112.297
18.1956
2.62916
0.376507
0.0604361
0.0118513
0.00293438
0.000847209
0.000261705
8.2389e-05
2.586e-05
8.01549e-06
2.44457e-06
7.32974e-07
2.15523e-07
6.2328e-08
1.77029e-08
4.93899e-09
1.36509e-09
3.57653e-10
1.02117e-10
1.36182e-11
8.13312e-13
1.54822e-11
-5.2563e-12
3.2916e-13
7.4881e-12
1.49396e-12
-6.2817e-12
2.27868e-05
0.000238107
0.00096745
0.00299589
0.00813555
0.0204768
0.0490222
0.113103
0.253053
0.55042
1.16586
2.4132
4.90794
9.85444
19.5781
38.3917
74.4337
142.023
260.404
473.665
821.69
1372.99
2190.53
3347.32
4809.76
6643.56
8933.8
11915.4
15763.9
21022
28194.2
38001.6
51514.1
69884.2
94658.9
127408
170398
228437
310383
432988
617858
892416
1.29639e+06
1.90367e+06
2.8558e+06
4.37318e+06
6.82397e+06
1.09794e+07
1.83413e+07
3.16311e+07
5.66802e+07
1.01601e+08
8.22855e+07
6.36783e+07
4.98533e+07
3.71608e+07
2.63426e+07
1.78735e+07
1.17051e+07
7.42155e+06
4.52874e+06
2.6386e+06
1.45653e+06
796152
435135
212318
89019.8
31391.6
9332.03
2333.55
521.595
98.4995
15.8383
2.28385
0.329518
0.0537441
0.0107986
0.00273245
0.00080006
0.000249267
7.88986e-05
2.48589e-05
7.72763e-06
2.36122e-06
7.08194e-07
2.08442e-07
6.04194e-08
1.71585e-08
4.79603e-09
1.31544e-09
3.52226e-10
8.7679e-11
2.36601e-11
-5.16954e-12
-5.13349e-12
3.54911e-12
-1.18165e-11
1.17204e-11
-5.06545e-12
-3.14165e-12
2.12539e-05
0.000235051
0.000955779
0.00295604
0.00802756
0.0202028
0.0483593
0.111557
0.249548
0.54266
1.14901
2.3773
4.83298
9.70078
19.2691
37.7865
73.2746
139.872
256.606
466.597
811.01
1357.04
2168.73
3323.05
4784.62
6619.2
8913.34
11902.4
15761
21035.9
28236.1
38091.1
51685.7
70216.9
95253.2
128450
172064
230941
314387
439258
627557
907698
1.32045e+06
1.94237e+06
2.91951e+06
4.48004e+06
7.00436e+06
1.12914e+07
1.8896e+07
3.26608e+07
5.86329e+07
1.04039e+08
8.1186e+07
6.30265e+07
4.92085e+07
3.66096e+07
2.58665e+07
1.74881e+07
1.14148e+07
7.21108e+06
4.38311e+06
2.53985e+06
1.39725e+06
764547
415161
200193
83070.1
28791
8454.76
2092.22
465.091
87.1179
13.9105
2.00179
0.290836
0.0481471
0.00989134
0.00255144
0.000756183
0.000237336
7.5473e-05
2.38625e-05
7.4381e-06
2.27836e-06
6.84923e-07
2.02036e-07
5.85562e-08
1.66943e-08
4.68556e-09
1.29651e-09
3.49375e-10
8.27407e-11
3.56919e-11
6.89023e-12
-3.98873e-12
1.45495e-11
-5.57391e-13
-8.91507e-12
-5.91447e-12
-1.23557e-11
2.17936e-05
0.000232355
0.000944062
0.0029219
0.00793279
0.0199618
0.0477781
0.110209
0.246506
0.535955
1.13453
2.34665
4.76935
9.57125
19.0107
37.2861
72.3312
138.159
253.695
461.123
802.382
1344.78
2151.97
3303.34
4764.81
6603.04
8902.74
11900.5
15771.4
21063.7
28297.6
38206.6
51892.2
70573.8
95875
129477
173684
233358
318273
445464
637584
923704
1.34561e+06
1.98247e+06
2.98451e+06
4.5859e+06
7.17994e+06
1.15958e+07
1.94274e+07
3.36804e+07
6.06597e+07
1.05737e+08
8.04371e+07
6.25524e+07
4.87666e+07
3.59926e+07
2.53454e+07
1.70905e+07
1.11277e+07
7.01057e+06
4.2493e+06
2.45537e+06
1.3471e+06
737985
398039
189308
77542.8
26542.4
7699.53
1878.44
413.374
76.5018
12.1225
1.74333
0.255673
0.0430901
0.00907203
0.00238763
0.000716366
0.000226452
7.23314e-05
2.29411e-05
7.16805e-06
2.2e-06
6.62549e-07
1.95714e-07
5.6811e-08
1.62029e-08
4.55302e-09
1.26721e-09
3.31088e-10
1.00095e-10
2.45075e-11
-6.49147e-13
1.40879e-11
-7.53791e-12
8.31146e-12
-1.05426e-11
-6.21898e-12
2.46527e-12
2.12787e-05
0.000229767
0.000934226
0.0028919
0.00785066
0.0197539
0.0472784
0.109051
0.243903
0.53025
1.12227
2.32078
4.71574
9.46196
18.7915
36.8574
71.5083
136.631
250.975
456.041
794.807
1333.94
2138.53
3289.57
4751.92
6593.26
8898.75
11905.5
15787.3
21100.7
28367.6
38328.8
52063.4
70937.1
96473.7
130453
175216
235220
321940
451156
646628
938107
1.36828e+06
2.01879e+06
3.04302e+06
4.68246e+06
7.34199e+06
1.18696e+07
1.98743e+07
3.44865e+07
6.21127e+07
1.07013e+08
7.94831e+07
6.19814e+07
4.82607e+07
3.55395e+07
2.49658e+07
1.6798e+07
1.0915e+07
6.86049e+06
4.14428e+06
2.38442e+06
1.30454e+06
717413
380577
179313
72722.9
24690.9
7090.46
1717.74
375.76
68.8975
10.8524
1.5597
0.230466
0.039405
0.00845704
0.00226
0.000684191
0.000217387
6.96501e-05
2.21378e-05
6.92972e-06
2.12934e-06
6.42068e-07
1.8998e-07
5.51721e-08
1.57413e-08
4.43399e-09
1.22831e-09
3.37314e-10
8.53791e-11
2.33324e-11
6.09954e-12
-9.41356e-12
4.58546e-12
1.00092e-11
6.96499e-12
9.339e-12
1.29468e-11
2.16222e-05
0.000228785
0.000926698
0.00286609
0.00778058
0.0195764
0.0468541
0.108073
0.241719
0.525492
1.11214
2.29967
4.67256
9.37522
18.6173
36.5248
70.8936
135.532
249.044
452.366
789.212
1325.95
2128.5
3278.74
4742.74
6587.87
8899.33
11915.2
15809.6
21141.9
28440.7
38452.8
52317.7
71274.1
97016.9
131318
176542
237250
325098
456116
654536
950768
1.38843e+06
2.05178e+06
3.09748e+06
4.77382e+06
7.49432e+06
1.21325e+07
2.03208e+07
3.53095e+07
6.36575e+07
1.07613e+08
7.87922e+07
6.15296e+07
4.77797e+07
3.51965e+07
2.46605e+07
1.65524e+07
1.07301e+07
6.72706e+06
4.05229e+06
2.32394e+06
1.26866e+06
697969
368640
171865
69195.6
23270.2
6620.82
1594.99
347.408
63.2226
9.90869
1.42372
0.21175
0.0366422
0.00798583
0.00215935
0.000657957
0.000209833
6.73788e-05
2.14469e-05
6.7198e-06
2.06718e-06
6.23611e-07
1.84806e-07
5.36896e-08
1.53398e-08
4.30334e-09
1.19643e-09
3.12924e-10
8.10546e-11
1.77588e-11
-6.31773e-12
7.6907e-12
-1.73517e-12
3.88019e-12
-2.95709e-12
1.03651e-11
-5.28972e-12
2.10603e-05
0.000226535
0.000920146
0.00284454
0.00772193
0.0194284
0.0465008
0.107259
0.239907
0.521567
1.10384
2.28246
4.63757
9.30527
18.4769
36.2594
70.3934
134.591
247.386
449.344
784.578
1319.73
2121
3271.18
4736.68
6585.49
8902.79
11927.4
15833.6
21183.2
28511.7
38569.2
52506.3
71580.8
97505.3
132087
177707
239040
327812
460290
661017
960739
1.40344e+06
2.0855e+06
3.1494e+06
4.85818e+06
7.63556e+06
1.23782e+07
2.07712e+07
3.61817e+07
6.54137e+07
1.08005e+08
7.84952e+07
6.13023e+07
4.75153e+07
3.48704e+07
2.43734e+07
1.63275e+07
1.05662e+07
6.61172e+06
3.97363e+06
2.27218e+06
1.23803e+06
681174
358588
166121
66428.3
22162
6256.94
1504.27
326.486
59.1714
9.237
1.32652
0.198232
0.0346078
0.00762738
0.00207977
0.000636644
0.000203547
6.5451e-05
2.08539e-05
6.53918e-06
2.01284e-06
6.07524e-07
1.80112e-07
5.23484e-08
1.49726e-08
4.20231e-09
1.17183e-09
3.24992e-10
7.08937e-11
1.9701e-11
1.02984e-11
6.73627e-12
8.97894e-12
-1.31547e-11
-2.69144e-12
-9.76798e-13
-3.05133e-12
2.16983e-05
0.000225515
0.000913451
0.00282712
0.0076726
0.019306
0.0462074
0.106587
0.238414
0.518347
1.09706
2.26852
4.60952
9.2501
18.3685
36.0539
70.0009
133.881
246.17
447.051
781.161
1315.07
2115.24
3265.49
4732.68
6585.32
8908.48
11941.6
15858.9
21223.9
28579.3
38677.6
52662
71859.7
97949.9
132781
178775
240651
330286
464148
667133
970465
1.41903e+06
2.11119e+06
3.191e+06
4.92656e+06
7.74923e+06
1.25714e+07
2.11022e+07
3.67551e+07
6.63938e+07
1.0765e+08
7.7816e+07
6.08742e+07
4.71638e+07
3.44948e+07
2.40853e+07
1.61202e+07
1.04225e+07
6.5149e+06
3.90893e+06
2.23066e+06
1.21385e+06
667721
350505
161358
64195
21284.4
5968.39
1432.79
309.626
55.783
8.678
1.24582
0.187016
0.0329194
0.00732891
0.00201313
0.000618719
0.000198229
6.38125e-05
2.03457e-05
6.38318e-06
1.96542e-06
5.93648e-07
1.7599e-07
5.11937e-08
1.46526e-08
4.10677e-09
1.13126e-09
3.26645e-10
9.46191e-11
2.37969e-11
1.57187e-11
1.12649e-11
-9.65367e-12
4.36366e-12
-9.07718e-12
3.41363e-14
-6.49257e-12
2.1039e-05
0.000224147
0.00090944
0.00281165
0.00763289
0.0192037
0.0459654
0.106033
0.237182
0.515677
1.09141
2.2568
4.58569
9.20253
18.2731
35.8676
69.6601
133.282
245.187
445.227
778.555
1311.5
2111.06
3261.72
4730.68
6586.7
8914.98
11955.6
15883.3
21264
28645.1
38771.6
52845.6
72108.3
98339.8
133391
179699
242052
332442
467521
672501
979067
1.43299e+06
2.1343e+06
3.22925e+06
4.99073e+06
7.85765e+06
1.27591e+07
2.14401e+07
3.7387e+07
6.75978e+07
1.07456e+08
7.75045e+07
6.06348e+07
4.68985e+07
3.42385e+07
2.38708e+07
1.59604e+07
1.031e+07
6.43718e+06
3.85668e+06
2.19696e+06
1.19412e+06
656698
343823
157471
62314.2
20577.1
5740.43
1376.57
296.65
53.2275
8.25783
1.18511
0.178524
0.0316238
0.00709455
0.00195945
0.000603968
0.000193788
6.24323e-05
1.99156e-05
6.25055e-06
1.92507e-06
5.81561e-07
1.72549e-07
5.02001e-08
1.43482e-08
4.04881e-09
1.12933e-09
2.98077e-10
7.57404e-11
2.88053e-11
9.87336e-12
-1.27885e-11
-3.67793e-12
-1.09154e-11
8.99514e-13
-1.67009e-12
-5.85354e-13
2.13124e-05
0.00022284
0.000905516
0.00280001
0.00760023
0.0191225
0.0457707
0.105586
0.236188
0.513525
1.08685
2.24736
4.56651
9.16431
18.1965
35.7283
69.4101
132.839
244.432
443.803
776.426
1308.72
2107.9
3259.17
4729.84
6588.96
8921.71
11968.9
15905.8
21299.6
28702.6
38878.7
52963.8
72326.8
98675.4
133904
180464
243213
334244
470371
677089
986472
1.4448e+06
2.15353e+06
3.26105e+06
5.04427e+06
7.94871e+06
1.29183e+07
2.17259e+07
3.79169e+07
6.85927e+07
1.07156e+08
7.72588e+07
6.04482e+07
4.67055e+07
3.40532e+07
2.37032e+07
1.58279e+07
1.0214e+07
6.37063e+06
3.81192e+06
2.16781e+06
1.17734e+06
647400
338281
154318
60853.4
20014
5560.44
1332.06
286.457
51.2288
7.92954
1.13761
0.171856
0.0306
0.00690716
0.00191589
0.000591852
0.000190111
6.12836e-05
1.95556e-05
6.13913e-06
1.89129e-06
5.7142e-07
1.69567e-07
4.93313e-08
1.41178e-08
3.97375e-09
1.1132e-09
3.04338e-10
8.37093e-11
2.0526e-11
-3.53459e-13
7.68693e-12
-1.27339e-11
1.3723e-11
5.42261e-12
-2.12967e-12
1.0135e-11
2.10195e-05
0.000222682
0.000902339
0.00279067
0.00757422
0.0190584
0.0456183
0.105236
0.235413
0.511851
1.08332
2.24008
4.5519
9.13569
18.1399
35.6226
69.2129
132.487
243.837
442.71
774.924
1306.77
2105.8
3257.59
4729.76
6591.48
8928.07
11980.9
15925.4
21330.4
28749.6
38941
53096.8
72512.1
98964.5
134353
181136
244229
335807
472812
680949
992557
1.45452e+06
2.16936e+06
3.28739e+06
5.08918e+06
8.02668e+06
1.30589e+07
2.19908e+07
3.84429e+07
6.96863e+07
1.07175e+08
7.72708e+07
6.04268e+07
4.66191e+07
3.39402e+07
2.35897e+07
1.57326e+07
1.01412e+07
6.31811e+06
3.7759e+06
2.14431e+06
1.16379e+06
639893
333821
151787
59663.4
19555.7
5412.35
1295.71
278.125
49.6025
7.66365
1.09929
0.166487
0.0297754
0.00675578
0.0018806
0.000582016
0.00018712
6.03443e-05
1.92609e-05
6.047e-06
1.86325e-06
5.63112e-07
1.6714e-07
4.86343e-08
1.39097e-08
3.90007e-09
1.08683e-09
2.91089e-10
7.62013e-11
3.18158e-11
1.60505e-11
-8.82398e-12
-3.36495e-12
1.19601e-11
6.64149e-12
-2.4452e-12
-2.53455e-12
2.12036e-05
0.000222183
0.000899987
0.00278355
0.00755539
0.0190098
0.0455033
0.104975
0.234838
0.510622
1.08076
2.23485
4.54142
9.11478
18.0973
35.5409
69.061
132.219
243.394
441.883
773.743
1305.28
2104.26
3256.61
4730.08
6594.06
8933.92
11991.3
15942.3
21356.4
28790.5
39003.7
53193.5
72663.5
99199.5
134710
181666
245029
337036
474730
683984
997357
1.46215e+06
2.18174e+06
3.30764e+06
5.12265e+06
8.08205e+06
1.31517e+07
2.21489e+07
3.87129e+07
7.0129e+07
1.06681e+08
7.703e+07
6.0289e+07
4.6487e+07
3.38457e+07
2.35063e+07
1.56649e+07
1.00902e+07
6.28112e+06
3.74998e+06
2.12713e+06
1.15373e+06
634186
330397
149840
58785.5
19205.5
5300.3
1268.36
271.804
48.3706
7.4628
1.0704
0.162435
0.0291506
0.00664017
0.00185332
0.000574334
0.00018477
5.96029e-05
1.90273e-05
5.97523e-06
1.84131e-06
5.56377e-07
1.65181e-07
4.80813e-08
1.37672e-08
3.86294e-09
1.06267e-09
2.81498e-10
8.87886e-11
1.65255e-11
2.3012e-12
-9.77069e-12
2.83782e-12
-7.86235e-12
-8.06388e-12
-5.28646e-12
-1.02542e-11
2.13516e-05
0.000221886
0.000898978
0.00277827
0.00754129
0.0189762
0.0454234
0.104793
0.234439
0.509759
1.07892
2.23099
4.53345
9.09888
18.0657
35.4835
68.9576
132.038
243.094
441.324
772.963
1304.31
2103.28
3256.07
4730.53
6596.16
8938.43
11999.3
15954.9
21376.2
28821.3
39051.6
53249.5
72776.5
99372.2
134972
182054
245613
337932
476128
686192
1.00085e+06
1.4677e+06
2.19071e+06
3.32246e+06
5.14785e+06
8.12578e+06
1.32305e+07
2.22966e+07
3.90035e+07
7.07178e+07
1.06575e+08
7.6984e+07
6.0255e+07
4.64371e+07
3.37597e+07
2.34412e+07
1.56174e+07
1.00556e+07
6.25609e+06
3.73219e+06
2.11505e+06
1.14655e+06
630027
327884
148422
58045.9
18953.6
5219.61
1248.63
267.281
47.4892
7.31874
1.0496
0.159505
0.0286968
0.0065557
0.00183347
0.000568789
0.000183077
5.90714e-05
1.88591e-05
5.9231e-06
1.82544e-06
5.51673e-07
1.63694e-07
4.7651e-08
1.36374e-08
3.8439e-09
1.06533e-09
2.78557e-10
8.37786e-11
2.68122e-11
1.40487e-11
-3.39335e-12
1.07491e-11
-3.40898e-13
-4.50914e-12
-2.38964e-12
3.56292e-13
2.07409e-05
0.00022197
0.000896776
0.00277494
0.00753239
0.0189537
0.0453698
0.10467
0.234163
0.509158
1.07764
2.22837
4.52825
9.08877
18.0457
35.4464
68.8914
131.924
242.91
440.981
772.489
1303.72
2102.71
3255.81
4730.94
6597.69
8941.55
12004.7
15964.7
21389.4
28841.9
39083.3
53296.1
72850.7
99484.7
135141
182304
245989
338507
477019
687595
1.00305e+06
1.47116e+06
2.19627e+06
3.33151e+06
5.16292e+06
8.15131e+06
1.32754e+07
2.23785e+07
3.91587e+07
7.10144e+07
1.06385e+08
7.6909e+07
6.02136e+07
4.63887e+07
3.37228e+07
2.34051e+07
1.55876e+07
1.00327e+07
6.23928e+06
3.7203e+06
2.10708e+06
1.14187e+06
627313
326233
147485
57613.6
18787.9
5166.57
1235.74
264.32
46.9124
7.22451
1.03599
0.157581
0.0283976
0.00650021
0.00182036
0.000565097
0.000181949
5.87167e-05
1.87481e-05
5.88836e-06
1.8146e-06
5.48347e-07
1.62854e-07
4.74281e-08
1.35651e-08
3.82735e-09
1.04498e-09
2.99878e-10
7.86863e-11
1.08649e-11
1.69488e-11
-2.66198e-12
-1.01557e-11
-1.82942e-12
1.23082e-11
2.93115e-12
-4.24504e-12
2.05166e-05
0.000221517
0.000896377
0.00277339
0.0075286
0.0189425
0.0453433
0.10461
0.23403
0.508871
1.07704
2.22714
4.52578
9.08396
18.0362
35.4289
68.8599
131.87
242.822
440.816
772.261
1303.45
2102.45
3255.72
4731.2
6598.53
8943.21
12007.5
15968.9
21396.3
28852.6
39099.9
53345.8
72887.9
99540.1
135224
182426
246171
338784
477446
688258
1.00407e+06
1.4727e+06
2.19859e+06
3.33493e+06
5.16772e+06
8.15734e+06
1.32809e+07
2.23755e+07
3.91176e+07
7.08331e+07
1.05949e+08
7.6683e+07
6.00844e+07
4.62637e+07
3.37947e+07
2.34397e+07
1.5596e+07
1.00299e+07
6.23331e+06
3.71447e+06
2.10262e+06
1.13914e+06
625758
325327
146988
57386.7
18701.8
5139.34
1229.09
262.805
46.6194
7.177
1.02917
0.156622
0.0282475
0.00647143
0.00181334
0.00056307
0.000181322
5.85196e-05
1.86855e-05
5.8688e-06
1.80878e-06
5.46724e-07
1.62241e-07
4.72887e-08
1.35339e-08
3.79632e-09
1.03929e-09
3.02646e-10
8.30984e-11
2.72155e-11
-5.77618e-12
-1.2523e-11
-1.02169e-11
-1.34197e-12
-9.21213e-12
-5.59292e-12
4.16441e-12
2.02583e-05
0.000221868
0.000896293
0.00277334
0.00752859
0.0189423
0.0453425
0.104609
0.234027
0.508868
1.07704
2.22713
4.52577
9.08395
18.0362
35.429
68.8601
131.87
242.823
440.818
772.266
1303.46
2102.47
3255.74
4731.24
6598.58
8943.27
12007.6
15968.4
21396.3
28852.4
39099
53340.4
72886.6
99538.9
135223
182424
246168
338781
477443
688258
1.00408e+06
1.47276e+06
2.19877e+06
3.33544e+06
5.16915e+06
8.1613e+06
1.32919e+07
2.24068e+07
3.92078e+07
7.10949e+07
1.06335e+08
7.68734e+07
6.01956e+07
4.63856e+07
3.37046e+07
2.33796e+07
1.5563e+07
1.00132e+07
6.22518e+06
3.71075e+06
2.10104e+06
1.1385e+06
625503
325219
146943
57369.5
18696.1
5137.75
1228.69
262.719
46.6038
7.17456
1.02883
0.156576
0.0282405
0.0064701
0.00181301
0.000562968
0.000181288
5.85073e-05
1.86821e-05
5.86758e-06
1.80833e-06
5.46574e-07
1.62282e-07
4.72537e-08
1.35348e-08
3.79484e-09
1.05801e-09
2.73563e-10
8.45154e-11
1.80892e-11
6.2066e-12
4.54648e-12
1.25107e-11
5.9097e-12
1.04401e-11
1.30715e-11
1.27737e-11
2.02434e-05
0.000221378
0.00089725
0.00277487
0.00753217
0.018953
0.0453681
0.104667
0.234154
0.509142
1.07762
2.22832
4.52818
9.08871
18.0456
35.4465
68.8919
131.925
242.913
440.985
772.498
1303.74
2102.75
3255.87
4731.04
6597.81
8941.69
12004.9
15963.7
21389.4
28841.5
39082.1
53308.9
72847.9
99480.9
135136
182297
245977
338489
476991
687551
1.00299e+06
1.47106e+06
2.19608e+06
3.33111e+06
5.16196e+06
8.14902e+06
1.327e+07
2.23657e+07
3.91268e+07
7.09292e+07
1.06382e+08
7.68871e+07
6.02125e+07
4.64163e+07
3.37395e+07
2.34079e+07
1.55831e+07
1.00268e+07
6.23426e+06
3.71675e+06
2.10489e+06
1.14071e+06
626761
325977
147374
57570
18773.2
5162.57
1234.72
264.103
46.8726
7.21829
1.03515
0.15747
0.0283798
0.00649633
0.00181927
0.000564749
0.000181833
5.86795e-05
1.87362e-05
5.8845e-06
1.81355e-06
5.48044e-07
1.62717e-07
4.73882e-08
1.35556e-08
3.81285e-09
1.06562e-09
2.85062e-10
8.36022e-11
8.6054e-12
6.60956e-12
1.11194e-11
5.65873e-12
-9.79718e-12
1.36805e-11
-4.48853e-12
8.32709e-12
2.10941e-05
0.000222048
0.00089846
0.00277871
0.00754096
0.0189759
0.0454211
0.104787
0.234422
0.509718
1.07883
2.23083
4.53325
9.09871
18.0657
35.4839
68.9593
132.042
243.103
441.339
772.99
1304.35
2103.35
3256.17
4730.66
6596.3
8938.54
11999.4
15955
21376
28820.6
39050
53258.6
72772
99365.3
134961
182038
245587
337892
476063
686088
1.00069e+06
1.46744e+06
2.19026e+06
3.32163e+06
5.14617e+06
8.12234e+06
1.32235e+07
2.22826e+07
3.89738e+07
7.0646e+07
1.06566e+08
7.69658e+07
6.0259e+07
4.64652e+07
3.37886e+07
2.34521e+07
1.56179e+07
1.00522e+07
6.25213e+06
3.72896e+06
2.11288e+06
1.14533e+06
629397
327574
148284
57992.2
18935
5214.18
1247.27
266.978
47.4335
7.31058
1.04848
0.159347
0.0286733
0.00655163
0.00183251
0.000568509
0.000182987
5.9043e-05
1.88511e-05
5.9206e-06
1.82424e-06
5.51316e-07
1.63652e-07
4.76326e-08
1.36308e-08
3.83755e-09
1.05399e-09
2.96308e-10
8.07059e-11
2.74506e-11
1.81863e-11
-1.24483e-11
-8.11552e-12
8.33828e-12
6.22384e-12
-1.87333e-12
8.61349e-12
2.13951e-05
0.000222012
0.000900272
0.00278371
0.00755562
0.0190104
0.0455031
0.104976
0.234839
0.510615
1.08072
2.23473
4.54109
9.11415
18.0965
35.541
69.0637
132.225
243.404
441.9
773.774
1305.33
2104.34
3256.72
4730.22
6594.2
8934.05
11991.4
15942.2
21356
28789.6
39001.7
53190.4
72657.7
99189.9
134694
181642
244991
336976
474633
683822
997089
1.46173e+06
2.18101e+06
3.3064e+06
5.12068e+06
8.07926e+06
1.31493e+07
2.21518e+07
3.87406e+07
7.02422e+07
1.06829e+08
7.71188e+07
6.03592e+07
4.65535e+07
3.3867e+07
2.35266e+07
1.56775e+07
1.00957e+07
6.28241e+06
3.74923e+06
2.12588e+06
1.15273e+06
633546
330056
149687
58725.4
19186.2
5295.24
1267.11
271.553
48.3297
7.45597
1.06931
0.16228
0.0291277
0.00663631
0.00185259
0.000574178
0.000184732
5.95934e-05
1.90254e-05
5.97417e-06
1.84117e-06
5.56271e-07
1.65134e-07
4.80528e-08
1.3766e-08
3.86705e-09
1.07936e-09
3.0774e-10
7.90978e-11
3.13217e-11
-3.44671e-12
1.11011e-11
1.29179e-11
1.10983e-11
2.93297e-12
3.24531e-12
-9.25554e-12
2.11357e-05
0.000222369
0.000902284
0.00279088
0.00757499
0.0190588
0.0456189
0.105239
0.235421
0.511871
1.08337
2.24019
4.55207
9.1358
18.1396
35.6212
69.2107
132.485
243.839
442.717
774.947
1306.82
2105.88
3257.71
4729.91
6591.65
8928.27
11981
15925.4
21330.1
28749
38939.6
53093.4
72505.9
98954.3
134334
181107
244184
335736
472699
680766
992260
1.454e+06
2.16842e+06
3.28557e+06
5.08537e+06
8.01799e+06
1.30378e+07
2.19375e+07
3.83013e+07
6.92997e+07
1.06725e+08
7.70405e+07
6.03333e+07
4.6583e+07
3.39277e+07
2.36028e+07
1.57469e+07
1.01499e+07
6.32179e+06
3.77647e+06
2.14362e+06
1.16294e+06
639258
333436
151591
59527.2
19524.4
5403.26
1293.43
277.554
49.4899
7.64559
1.09682
0.166161
0.0297306
0.00674884
0.00187928
0.000581721
0.000187052
6.03278e-05
1.92561e-05
6.04597e-06
1.86313e-06
5.62959e-07
1.67042e-07
4.86374e-08
1.39306e-08
3.89976e-09
1.08228e-09
2.85774e-10
6.8709e-11
1.35014e-11
4.53576e-12
6.24991e-12
1.14605e-11
7.88288e-12
-1.15319e-11
-1.07139e-11
1.22817e-11
2.14878e-05
0.000222982
0.000905382
0.00279988
0.00759994
0.0191221
0.0457714
0.105587
0.236193
0.513539
1.08689
2.24745
4.56671
9.16468
18.197
35.7279
69.4056
132.826
244.403
443.761
776.419
1308.74
2107.98
3259.29
4730.02
6589.2
8922.01
11969.2
15906.1
21300.1
28702.8
38878.3
52972.8
72327.9
98678.1
133912
180475
243226
334258
470381
677077
986393
1.44468e+06
2.15341e+06
3.26116e+06
5.04521e+06
7.95289e+06
1.29318e+07
2.17658e+07
3.8027e+07
6.88926e+07
1.07502e+08
7.74942e+07
6.05951e+07
4.679e+07
3.40988e+07
2.37317e+07
1.5842e+07
1.02183e+07
6.3697e+06
3.80925e+06
2.16518e+06
1.17545e+06
646291
337665
154011
60712.4
19960.7
5543.27
1327.84
285.558
51.0616
7.90342
1.13402
0.171381
0.0305339
0.00689674
0.0019139
0.000591412
0.000190004
6.12554e-05
1.95483e-05
6.13725e-06
1.89059e-06
5.7127e-07
1.69544e-07
4.93599e-08
1.41268e-08
3.98024e-09
1.08931e-09
2.99662e-10
8.7778e-11
2.29106e-11
1.95105e-11
7.02863e-13
7.87335e-12
-9.77487e-12
8.83127e-12
2.5985e-12
-6.67505e-12
2.15405e-05
0.000223986
0.000909109
0.00281127
0.00763302
0.0192041
0.0459658
0.106034
0.237185
0.515688
1.09144
2.25688
4.5859
9.20298
18.274
35.8688
69.6611
133.28
245.184
445.197
778.488
1311.49
2111.1
3261.84
4730.89
6587.02
8915.42
11956.2
15884.1
21264.7
28645
38780.9
52839.1
72111.6
98343.5
133393
179704
242061
332462
467562
672581
979215
1.43318e+06
2.13456e+06
3.22995e+06
4.99304e+06
7.86438e+06
1.2778e+07
2.14896e+07
3.75189e+07
6.79509e+07
1.07793e+08
7.776e+07
6.07871e+07
4.69975e+07
3.43045e+07
2.38952e+07
1.59633e+07
1.03052e+07
6.43131e+06
3.85165e+06
2.19305e+06
1.19181e+06
655545
343260
157192
62159.6
20535.7
5727.3
1373.19
295.945
53.0974
8.2373
1.18226
0.178154
0.031574
0.00708661
0.00195777
0.000603535
0.000193673
6.24011e-05
1.99074e-05
6.24773e-06
1.9248e-06
5.81426e-07
1.725e-07
5.01906e-08
1.43452e-08
4.04606e-09
1.12668e-09
2.9189e-10
6.89279e-11
3.39811e-11
1.40423e-11
6.70974e-12
-1.89804e-12
1.19311e-11
-1.32905e-11
-1.61249e-12
-8.8938e-12
2.13115e-05
0.000225592
0.000913088
0.002827
0.00767281
0.0193057
0.0462074
0.106587
0.238416
0.518351
1.09707
2.26852
4.60951
9.25002
18.3682
36.0548
70.0039
133.89
246.189
447.086
781.174
1315.02
2115.22
3265.61
4732.91
6585.69
8909.05
11942.4
15860.2
21225.7
28582.1
38681.2
52686.8
71862.8
97953.1
132787
178783
240664
330308
464192
667228
970695
1.41957e+06
2.11242e+06
3.19373e+06
4.93186e+06
7.75921e+06
1.25908e+07
2.11458e+07
3.68577e+07
6.66462e+07
1.07861e+08
7.799e+07
6.09758e+07
4.71725e+07
3.4618e+07
2.41437e+07
1.61411e+07
1.04267e+07
6.5128e+06
3.90598e+06
2.22826e+06
1.21238e+06
667026
350163
161154
64116.7
21257.4
5961.48
1431.21
309.281
55.7183
8.66785
1.24445
0.186845
0.0328963
0.00732478
0.00201208
0.000618404
0.000198138
6.37855e-05
2.03391e-05
6.38127e-06
1.9651e-06
5.93387e-07
1.75968e-07
5.11861e-08
1.46486e-08
4.11643e-09
1.13196e-09
3.23675e-10
8.85338e-11
3.25979e-11
5.53417e-13
-7.40404e-12
1.13701e-11
4.63536e-12
-7.47087e-12
-9.52651e-13
1.3074e-11
2.15125e-05
0.000226305
0.00091966
0.00284397
0.00772178
0.0194284
0.0465007
0.10726
0.23991
0.521576
1.10386
2.28251
4.63768
9.30552
18.4774
36.2595
70.3971
134.612
247.441
449.419
784.705
1319.9
2121.2
3271.36
4736.92
6585.86
8903.44
11928.5
15835.2
21184.7
28513.4
38571.1
52501.7
71584.6
97514.8
132104
177738
239090
327896
460426
661237
961097
1.40405e+06
2.08658e+06
3.1511e+06
4.86116e+06
7.6412e+06
1.23884e+07
2.07876e+07
3.62008e+07
6.5424e+07
1.07919e+08
7.84724e+07
6.13002e+07
4.75365e+07
3.48184e+07
2.4343e+07
1.63113e+07
1.05578e+07
6.60775e+06
3.97228e+06
2.27183e+06
1.23797e+06
681174
358648
166178
66465.4
22171
6258.02
1504.52
326.269
59.1159
9.22733
1.32513
0.19805
0.0345844
0.00762427
0.00207923
0.000636512
0.000203506
6.54399e-05
2.08501e-05
6.53805e-06
2.01248e-06
6.0759e-07
1.80023e-07
5.23896e-08
1.49698e-08
4.21145e-09
1.18013e-09
3.30867e-10
8.83323e-11
3.23362e-11
-4.94216e-12
3.46877e-12
-7.49986e-12
-1.0662e-11
1.25468e-11
1.0469e-11
-1.1951e-11
2.16933e-05
0.000228494
0.000926754
0.00286614
0.00778055
0.0195768
0.0468543
0.108075
0.241724
0.525511
1.1122
2.29981
4.67293
9.3762
18.6196
36.5296
70.8995
135.534
249.032
452.368
789.277
1326.07
2128.66
3278.97
4743.1
6588.39
8900.03
11916.1
15810.6
21143.6
28443.1
38456.1
52317.9
71284.7
97037
131355
176607
237360
325287
456438
655082
951667
1.38983e+06
2.05393e+06
3.10054e+06
4.77828e+06
7.50424e+06
1.21556e+07
2.03754e+07
3.54436e+07
6.39856e+07
1.07671e+08
7.90259e+07
6.16667e+07
4.78928e+07
3.51519e+07
2.46295e+07
1.65367e+07
1.07238e+07
6.72522e+06
4.05228e+06
2.3243e+06
1.26902e+06
698290
369049
172199
69286.5
23297.6
6627.33
1596.56
347.864
63.305
9.92077
1.42526
0.211936
0.0366638
0.00798819
0.00215958
0.000657974
0.000209833
6.73751e-05
2.14452e-05
6.71933e-06
2.06729e-06
6.23648e-07
1.84751e-07
5.36709e-08
1.53622e-08
4.32657e-09
1.18377e-09
3.13613e-10
9.11439e-11
2.99579e-11
1.64673e-11
-8.78707e-12
-7.21387e-12
-4.92832e-12
2.28051e-12
-1.19087e-11
9.8265e-12
2.14441e-05
0.000229897
0.000934091
0.00289194
0.00785042
0.0197536
0.0472784
0.109053
0.243912
0.530275
1.12234
2.32096
4.7162
9.4631
18.794
36.8629
71.5194
136.648
251.002
456.088
794.839
1334.07
2138.75
3289.91
4752.4
6593.91
8899.62
11906.8
15789.1
21103.2
28371.3
38334.7
52106.7
70955.5
96507
130512
175322
235407
322270
451742
647666
939890
1.37111e+06
2.02318e+06
3.04907e+06
4.67853e+06
7.34191e+06
1.18747e+07
1.98814e+07
3.44952e+07
6.20989e+07
1.06992e+08
7.94968e+07
6.1991e+07
4.82535e+07
3.55245e+07
2.49689e+07
1.68068e+07
1.09224e+07
6.86509e+06
4.14749e+06
2.38691e+06
1.3062e+06
718307
380850
179291
72693.8
24655.7
7079.14
1714.96
375.238
68.8083
10.8396
1.55807
0.230265
0.0393801
0.00845395
0.00225964
0.000684159
0.000217386
6.96501e-05
2.21371e-05
6.92904e-06
2.12956e-06
6.42033e-07
1.89935e-07
5.51738e-08
1.57571e-08
4.42281e-09
1.22903e-09
3.39133e-10
1.00029e-10
3.11494e-11
1.55027e-11
-9.74264e-12
1.09693e-11
-4.56568e-12
8.77257e-12
-7.66649e-13
3.56031e-12
2.12388e-05
0.00023211
0.000943623
0.00292186
0.00793223
0.0199615
0.0477784
0.110211
0.246515
0.535985
1.13461
2.34686
4.76987
9.5725
19.0136
37.2923
72.343
138.178
253.717
461.134
802.283
1344.9
2152.28
3303.84
4765.5
6603.97
8903.98
11902
15772.4
21066.1
28301.8
38213.1
51906.2
70596.9
95917.7
129556
173828
233586
318688
446180
638865
925989
1.3496e+06
1.98964e+06
2.99183e+06
4.57707e+06
7.17869e+06
1.16034e+07
1.94448e+07
3.3716e+07
6.07122e+07
1.05779e+08
8.04791e+07
6.25861e+07
4.8781e+07
3.60087e+07
2.53775e+07
1.71242e+07
1.11535e+07
7.02856e+06
4.25779e+06
2.4573e+06
1.34661e+06
737374
397459
188970
77359.4
26505.4
7685.62
1874.74
412.492
76.3008
12.0896
1.73869
0.25504
0.0430021
0.00905934
0.00238569
0.000716061
0.000226398
7.23199e-05
2.29377e-05
7.16761e-06
2.19935e-06
6.62461e-07
1.95745e-07
5.67707e-08
1.62048e-08
4.55351e-09
1.24391e-09
3.49405e-10
8.94739e-11
3.51806e-11
1.7848e-11
1.3387e-11
-3.46948e-12
8.43472e-12
-1.21063e-11
2.50787e-13
-1.39369e-11
2.155e-05
0.000235115
0.000955284
0.00295591
0.00802697
0.0202029
0.0483596
0.111559
0.249557
0.542686
1.14908
2.37748
4.83343
9.70191
19.2718
37.7933
73.2908
139.91
256.694
466.808
811.38
1357.3
2169.08
3323.6
4785.43
6620.33
8914.82
11904.3
15763.3
21038.7
28240.3
38099.1
51689
70238.7
95291.7
128519
172183
231137
314749
439905
628735
909576
1.32346e+06
1.94711e+06
2.92502e+06
4.48367e+06
7.0107e+06
1.13052e+07
1.89272e+07
3.27297e+07
5.87886e+07
1.04111e+08
8.13363e+07
6.31401e+07
4.92604e+07
3.66973e+07
2.59379e+07
1.75376e+07
1.14455e+07
7.22676e+06
4.39056e+06
2.54391e+06
1.39894e+06
764877
414977
199969
82954.6
28749.4
8444.35
2089.6
464.502
87.0296
13.895
1.99936
0.290459
0.0480842
0.00987973
0.00254903
0.000755645
0.000237207
7.54404e-05
2.38539e-05
7.436e-06
2.27725e-06
6.84661e-07
2.01938e-07
5.85252e-08
1.66632e-08
4.67469e-09
1.29915e-09
3.54986e-10
8.83114e-11
3.51242e-11
1.43878e-11
1.55105e-11
-9.15603e-12
6.20114e-13
1.04929e-11
-1.30261e-11
3.21858e-12
2.25407e-05
0.000238051
0.000967791
0.00299599
0.00813553
0.0204764
0.0490213
0.113103
0.253057
0.550437
1.16591
2.41331
4.90821
9.85507
19.5795
38.3948
74.4404
142.039
260.446
473.767
822.017
1372.79
2190.7
3347.79
4810.51
6644.58
8935.2
11917.3
15766.5
21025.2
28197.9
38007.3
51506.2
69899.9
94685
127451
170466
228494
310559
433179
618017
892685
1.29692e+06
1.90422e+06
2.85632e+06
4.37476e+06
6.82879e+06
1.09906e+07
1.83924e+07
3.17408e+07
5.69346e+07
1.01564e+08
8.25007e+07
6.3811e+07
4.98785e+07
3.72874e+07
2.64441e+07
1.79325e+07
1.1735e+07
7.43415e+06
4.53476e+06
2.641e+06
1.45739e+06
796253
434978
212147
88922.2
31359.8
9322.11
2330.91
520.971
98.3719
15.8167
2.28061
0.329045
0.0536689
0.010785
0.00272954
0.000799359
0.000249086
7.885e-05
2.48452e-05
7.72329e-06
2.35986e-06
7.07892e-07
2.08377e-07
6.03406e-08
1.7141e-08
4.79308e-09
1.31447e-09
3.45188e-10
1.08041e-10
2.01991e-11
1.18943e-11
1.18407e-11
8.14832e-12
-4.89747e-12
1.0662e-11
-1.33859e-11
1.09582e-12
2.28749e-05
0.000241291
0.000981384
0.00303828
0.00825374
0.0207787
0.0497549
0.114821
0.256972
0.559162
1.18498
2.45423
4.99432
10.0329
19.9398
39.1052
75.8101
144.6
265.002
482.161
835.302
1392.71
2219.86
3382.53
4845.73
6678.44
8966.65
11943.7
15787.1
21033
28182.4
37950.4
51341.7
69610.3
94130.5
126455
168790
225835
306381
426597
607281
875106
1.26835e+06
1.85843e+06
2.78205e+06
4.25134e+06
6.62684e+06
1.06421e+07
1.77824e+07
3.06087e+07
5.47444e+07
9.83285e+07
8.37328e+07
6.45011e+07
5.06068e+07
3.78273e+07
2.69299e+07
1.83543e+07
1.20683e+07
7.69637e+06
4.6785e+06
2.7387e+06
1.52171e+06
831647
456810
225637
95660.9
34171
10284.6
2606.98
586.976
112.112
18.1641
2.62445
0.375845
0.0603383
0.0118352
0.00293112
0.000846418
0.000261493
8.23295e-05
2.58417e-05
8.00986e-06
2.44268e-06
7.32613e-07
2.1538e-07
6.22908e-08
1.76981e-08
4.93067e-09
1.36167e-09
3.60267e-10
9.50338e-11
1.44637e-11
-2.76847e-12
6.10023e-12
1.14504e-11
9.07345e-12
5.64056e-12
6.63368e-12
-5.89997e-12
2.22699e-05
0.000244774
0.000996646
0.00308574
0.00838342
0.0211089
0.0505609
0.116719
0.261326
0.56893
1.20648
2.50063
5.09245
10.2362
20.352
39.916
77.3628
147.467
270.013
491.233
849.671
1413.96
2253.28
3423.89
4893.48
6725.72
9014.32
11990
15833.6
21070
28202.7
37929.1
51286.9
69392.3
93649.3
125522
167171
223327
302331
420220
596963
858501
1.2425e+06
1.81697e+06
2.71433e+06
4.14025e+06
6.44755e+06
1.034e+07
1.71464e+07
2.94681e+07
5.25776e+07
9.49257e+07
8.5145e+07
6.524e+07
5.12023e+07
3.86483e+07
2.76184e+07
1.88945e+07
1.24728e+07
7.99263e+06
4.87085e+06
2.86622e+06
1.59981e+06
873885
482487
241847
103656
38271.3
11714.3
3005.38
686.037
133.039
21.764
3.1495
0.446329
0.0701363
0.0133103
0.00319712
0.000904645
0.000276044
8.64187e-05
2.70413e-05
8.34882e-06
2.53294e-06
7.53821e-07
2.20481e-07
6.35126e-08
1.7969e-08
5.00709e-09
1.3719e-09
3.75577e-10
9.98166e-11
2.7142e-11
-4.57844e-13
1.36832e-12
6.72567e-12
-9.35545e-12
1.24727e-11
3.06472e-12
4.41937e-12
2.24479e-05
0.000248523
0.00101169
0.00313452
0.00851706
0.0214519
0.0514002
0.118709
0.265931
0.579383
1.22979
2.55177
5.20287
10.4706
20.8403
40.9059
79.3235
151.231
276.895
503.153
868.45
1441.82
2294.35
3472.28
4950.05
6789.57
9080.26
12058.5
15907.7
21145.7
28267.6
37985.7
51284.1
69278.1
93280.9
124727
165730
220660
298449
413967
586930
841989
1.21569e+06
1.77368e+06
2.6435e+06
4.02169e+06
6.24982e+06
9.9932e+06
1.65276e+07
2.8322e+07
5.04042e+07
9.1272e+07
8.65524e+07
6.59221e+07
5.18164e+07
3.9318e+07
2.8241e+07
1.9423e+07
1.28809e+07
8.29148e+06
5.07802e+06
3.00476e+06
1.68799e+06
923119
512148
261126
113789
42658.1
13302.9
3478.04
802.062
158.35
26.2273
3.81088
0.535292
0.0823932
0.0151007
0.003504
0.00096867
0.000292353
9.05962e-05
2.79976e-05
8.57014e-06
2.58382e-06
7.66003e-07
2.23043e-07
6.40382e-08
1.80658e-08
5.02801e-09
1.36723e-09
3.73363e-10
1.10955e-10
2.9368e-11
5.54185e-12
-4.56237e-12
1.06426e-11
-8.53994e-12
1.28786e-11
7.45956e-12
-7.56659e-12
2.39621e-05
0.000252996
0.00102762
0.00318668
0.00866518
0.0218469
0.0523984
0.121143
0.27169
0.592616
1.25919
2.61434
5.33755
10.7588
21.4468
42.1469
81.796
155.652
284.662
517.777
892.351
1477.95
2344.4
3529.46
5011.83
6857.31
9158.06
12144.2
16006.3
21254.1
28381.4
38104.6
51372
69276.1
93055
124116
164527
218616
294985
408275
577473
826442
1.19019e+06
1.73241e+06
2.57605e+06
3.91111e+06
6.06878e+06
9.67977e+06
1.59573e+07
2.72559e+07
4.83326e+07
8.77267e+07
8.78545e+07
6.6502e+07
5.23477e+07
3.99165e+07
2.88035e+07
1.98963e+07
1.32529e+07
8.5672e+06
5.27885e+06
3.1492e+06
1.78546e+06
976573
543327
282143
125240
47822
15171.4
4040.8
943.163
187.756
31.6403
4.6506
0.65258
0.0991676
0.0176239
0.00394161
0.00105565
0.000309367
9.41408e-05
2.87795e-05
8.73132e-06
2.61292e-06
7.70086e-07
2.23104e-07
6.37283e-08
1.79393e-08
4.97599e-09
1.34376e-09
3.77332e-10
1.0811e-10
2.04982e-11
1.47454e-11
1.02197e-11
1.23776e-11
-9.29096e-12
-1.34663e-12
4.78865e-12
1.10886e-11
2.39641e-05
0.00025546
0.00103921
0.00322283
0.00876284
0.0220849
0.0529843
0.122593
0.275308
0.601699
1.28214
2.67281
5.47252
11.0569
22.0858
43.4603
84.3196
160.795
294.337
534.983
919.943
1517.01
2405.7
3582.04
5077.49
6931.18
9244.65
12242.7
16125.2
21392.8
28541.6
38283.9
51514.7
69370.8
92976.2
123737
163685
217175
292501
404007
570292
814531
1.17054e+06
1.6993e+06
2.52071e+06
3.81811e+06
5.91036e+06
9.40736e+06
1.54787e+07
2.63856e+07
4.66904e+07
8.46721e+07
8.90369e+07
6.70075e+07
5.27873e+07
4.04057e+07
2.9289e+07
2.03069e+07
1.35634e+07
8.78721e+06
5.47205e+06
3.28011e+06
1.86988e+06
1.02463e+06
571617
300407
135673
52693.2
17020.6
4613.12
1092.19
219.685
37.2954
5.46584
0.759289
0.113151
0.0194987
0.00421967
0.00110208
0.000318132
9.55892e-05
2.89245e-05
8.70056e-06
2.58487e-06
7.58075e-07
2.18881e-07
6.23018e-08
1.74788e-08
4.83141e-09
1.31558e-09
3.64469e-10
1.06358e-10
3.43052e-11
1.52998e-11
3.60722e-12
-7.47851e-12
-5.7046e-12
-6.48913e-12
1.11227e-11
1.72024e-12
2.36999e-05
0.000258443
0.00105214
0.00325889
0.00886417
0.0223483
0.0536359
0.124177
0.27913
0.610879
1.30399
2.72384
5.59184
11.3241
22.6561
44.6335
86.8044
165.828
303.33
549.441
943.107
1554.34
2457.94
3642.01
5144.7
7002.95
9325.15
12325.1
16223.2
21505.9
28672
38432.1
51686.1
69484.6
92983.4
123557
163197
216161
290995
401451
565951
807149
1.15854e+06
1.67927e+06
2.48697e+06
3.7607e+06
5.81545e+06
9.23797e+06
1.51689e+07
2.57903e+07
4.54912e+07
8.30607e+07
8.95197e+07
6.71807e+07
5.29723e+07
4.06205e+07
2.96187e+07
2.05949e+07
1.37829e+07
8.93487e+06
5.59516e+06
3.36998e+06
1.93187e+06
1.06132e+06
593727
314492
143822
56513.2
18556.2
5111.47
1228.89
249.432
42.7497
6.32351
0.871999
0.127923
0.0214046
0.00447965
0.00113863
0.000322549
9.55881e-05
2.86128e-05
8.52536e-06
2.5131e-06
7.29924e-07
2.09108e-07
5.91565e-08
1.65301e-08
4.55698e-09
1.2481e-09
3.47045e-10
8.50926e-11
1.06663e-11
-6.04819e-12
1.44121e-11
3.73486e-12
-1.17768e-11
-7.38085e-12
-5.57559e-12
3.99776e-12
)
;

boundaryField
{
    fuel
    {
        type            calculated;
        value           uniform 0;
    }
    air
    {
        type            calculated;
        value           uniform 0;
    }
    outlet
    {
        type            calculated;
        value           uniform 0;
    }
    frontAndBack
    {
        type            empty;
    }
    internal
    {
        type            internal;
    }
}


// ************************************************************************* //
