/*--------------------------------*- C++ -*----------------------------------*\
  =========                 |
  \\      /  F ield         | OpenFOAM: The Open Source CFD Toolbox
   \\    /   O peration     | Website:  https://openfoam.org
    \\  /    A nd           | Version:  10
     \\/     M anipulation  |
\*---------------------------------------------------------------------------*/
FoamFile
{
    format      ascii;
    class       volScalarField;
    location    "1";
    object      N2H3;
}
// * * * * * * * * * * * * * * * * * * * * * * * * * * * * * * * * * * * * * //

dimensions      [0 0 0 0 0 0 0];

internalField   nonuniform List<scalar> 
4000
(
1.79852e-13
6.85677e-13
1.43061e-12
2.55502e-12
4.24375e-12
6.76128e-12
1.04809e-11
1.59136e-11
2.37297e-11
3.47614e-11
4.99894e-11
7.05362e-11
9.76049e-11
1.32217e-10
1.74504e-10
2.21917e-10
2.66932e-10
2.91195e-10
2.67728e-10
1.90779e-10
1.16785e-10
6.82497e-11
3.85513e-11
2.27328e-11
1.6026e-11
1.85737e-11
3.05014e-11
5.55459e-11
1.03452e-10
1.9612e-10
3.72627e-10
7.02775e-10
1.30754e-09
2.37934e-09
4.20908e-09
7.21875e-09
1.19531e-08
1.90941e-08
2.94049e-08
4.36255e-08
6.25745e-08
8.63388e-08
1.14319e-07
1.45259e-07
1.77295e-07
2.05808e-07
2.25051e-07
2.29231e-07
2.13639e-07
1.77156e-07
1.25599e-07
7.40062e-08
4.07778e-08
2.22769e-08
1.20089e-08
6.36002e-09
3.29295e-09
1.66166e-09
8.1362e-10
3.8517e-10
1.75427e-10
7.8052e-11
3.48186e-11
1.56902e-11
6.97424e-12
3.06884e-12
1.45297e-12
7.50385e-13
4.17243e-13
2.87668e-13
2.19588e-13
1.61882e-13
1.15084e-13
7.8788e-14
5.19415e-14
3.31118e-14
2.04797e-14
1.23449e-14
7.28137e-15
4.21527e-15
2.40269e-15
1.35003e-15
7.4911e-16
4.11301e-16
2.23367e-16
1.20305e-16
6.43188e-17
3.41488e-17
1.80262e-17
9.4727e-18
4.94271e-18
2.5663e-18
1.32579e-18
6.80846e-19
3.46722e-19
1.74154e-19
8.52627e-20
3.95768e-20
1.61284e-20
3.73178e-21
1.78964e-13
6.82267e-13
1.42348e-12
2.54243e-12
4.22316e-12
6.72844e-12
1.04296e-11
1.58338e-11
2.3605e-11
3.45647e-11
4.96782e-11
7.00499e-11
9.6845e-11
1.31097e-10
1.72998e-10
2.20135e-10
2.65136e-10
2.90422e-10
2.69517e-10
1.94278e-10
1.1952e-10
7.02607e-11
3.98767e-11
2.3457e-11
1.63064e-11
1.83377e-11
2.98402e-11
5.43979e-11
1.01386e-10
1.92511e-10
3.66373e-10
6.91377e-10
1.28897e-09
2.35288e-09
4.17271e-09
7.17193e-09
1.19001e-08
1.90459e-08
2.93801e-08
4.3653e-08
6.26856e-08
8.65725e-08
1.14696e-07
1.45803e-07
1.77977e-07
2.06543e-07
2.25669e-07
2.29537e-07
2.13438e-07
1.76351e-07
1.24335e-07
7.28077e-08
4.00718e-08
2.18825e-08
1.17933e-08
6.24826e-09
3.21123e-09
1.61808e-09
7.90953e-10
3.7399e-10
1.69009e-10
7.51063e-11
3.35678e-11
1.51476e-11
6.71605e-12
2.97249e-12
1.41426e-12
7.32156e-13
4.08988e-13
2.8657e-13
2.18182e-13
1.60416e-13
1.13899e-13
7.79319e-14
5.15004e-14
3.29294e-14
2.04415e-14
1.23705e-14
7.32593e-15
4.25785e-15
2.43652e-15
1.37427e-15
7.65754e-16
4.21795e-16
2.30293e-16
1.24528e-16
6.6764e-17
3.54916e-17
1.87256e-17
9.80746e-18
5.11992e-18
2.65562e-18
1.36966e-18
7.01967e-19
3.56696e-19
1.78767e-19
8.7339e-20
4.04686e-20
1.64701e-20
3.8077e-21
1.78151e-13
6.79206e-13
1.41722e-12
2.53152e-12
4.20557e-12
6.70153e-12
1.03877e-11
1.57667e-11
2.34947e-11
3.43799e-11
4.93626e-11
6.95005e-11
9.59809e-11
1.29822e-10
1.71237e-10
2.17964e-10
2.63106e-10
2.8938e-10
2.71046e-10
1.9822e-10
1.22887e-10
7.24126e-11
4.14018e-11
2.41102e-11
1.65625e-11
1.80786e-11
2.91175e-11
5.30084e-11
9.88e-11
1.87849e-10
3.58084e-10
6.77273e-10
1.26649e-09
2.31778e-09
4.1252e-09
7.1121e-09
1.18347e-08
1.8995e-08
2.93727e-08
4.37337e-08
6.29017e-08
8.69786e-08
1.15334e-07
1.46711e-07
1.79098e-07
2.07725e-07
2.26638e-07
2.29978e-07
2.13029e-07
1.7497e-07
1.22267e-07
7.08037e-08
3.89703e-08
2.12571e-08
1.14364e-08
6.05129e-09
3.10489e-09
1.5609e-09
7.61146e-10
3.59548e-10
1.60536e-10
7.13686e-11
3.19931e-11
1.44466e-11
6.39347e-12
2.84794e-12
1.36329e-12
7.07877e-13
3.97561e-13
2.83308e-13
2.15468e-13
1.58198e-13
1.12387e-13
7.70058e-14
5.09524e-14
3.26516e-14
2.03261e-14
1.23413e-14
7.33444e-15
4.27738e-15
2.45706e-15
1.39082e-15
7.77275e-16
4.29365e-16
2.34694e-16
1.27058e-16
6.82222e-17
3.63285e-17
1.92021e-17
1.00795e-17
5.25706e-18
2.72768e-18
1.40697e-18
7.20862e-19
3.6607e-19
1.83318e-19
8.94851e-20
4.14291e-20
1.685e-20
3.894e-21
1.76979e-13
6.74709e-13
1.4077e-12
2.51414e-12
4.17572e-12
6.6517e-12
1.03067e-11
1.56376e-11
2.32925e-11
3.40691e-11
4.88977e-11
6.88346e-11
9.50292e-11
1.28492e-10
1.69461e-10
2.15797e-10
2.60893e-10
2.8831e-10
2.72322e-10
2.0179e-10
1.26005e-10
7.46392e-11
4.28612e-11
2.49e-11
1.68645e-11
1.78602e-11
2.84575e-11
5.17429e-11
9.64716e-11
1.83703e-10
3.50701e-10
6.64442e-10
1.24583e-09
2.28649e-09
4.08352e-09
7.06219e-09
1.1787e-08
1.89711e-08
2.94088e-08
4.38805e-08
6.3227e-08
8.75571e-08
1.16213e-07
1.47901e-07
1.80534e-07
2.09214e-07
2.27823e-07
2.3048e-07
2.12444e-07
1.73159e-07
1.19692e-07
6.84542e-08
3.76676e-08
2.05265e-08
1.10268e-08
5.8165e-09
2.97728e-09
1.49137e-09
7.24332e-10
3.40685e-10
1.5134e-10
6.72313e-11
3.02332e-11
1.36857e-11
6.05418e-12
2.70746e-12
1.30599e-12
6.80083e-13
3.84216e-13
2.78128e-13
2.11517e-13
1.55067e-13
1.09774e-13
7.50754e-14
4.96704e-14
3.18826e-14
1.99066e-14
1.21362e-14
7.24832e-15
4.25101e-15
2.4528e-15
1.39334e-15
7.81116e-16
4.32654e-16
2.37023e-16
1.28555e-16
6.91267e-17
3.6842e-17
1.94864e-17
1.02353e-17
5.34308e-18
2.77196e-18
1.42949e-18
7.32248e-19
3.71779e-19
1.86142e-19
9.08489e-20
4.20563e-20
1.71047e-20
3.95281e-21
1.75802e-13
6.70218e-13
1.39831e-12
2.49728e-12
4.14745e-12
6.60605e-12
1.02347e-11
1.55259e-11
2.31217e-11
3.38111e-11
4.85133e-11
6.82721e-11
9.42263e-11
1.27386e-10
1.68019e-10
2.14094e-10
2.59261e-10
2.87599e-10
2.73685e-10
2.0511e-10
1.28749e-10
7.64773e-11
4.4087e-11
2.55568e-11
1.71273e-11
1.76504e-11
2.78756e-11
5.06398e-11
9.44917e-11
1.80169e-10
3.44805e-10
6.54635e-10
1.22995e-09
2.26215e-09
4.05259e-09
7.02872e-09
1.17637e-08
1.89819e-08
2.94939e-08
4.41004e-08
6.36403e-08
8.82348e-08
1.17205e-07
1.49216e-07
1.82091e-07
2.10795e-07
2.29035e-07
2.30916e-07
2.11714e-07
1.71148e-07
1.16863e-07
6.6252e-08
3.64165e-08
1.98159e-08
1.06262e-08
5.5948e-09
2.86085e-09
1.42912e-09
6.91835e-10
3.24136e-10
1.4368e-10
6.38599e-11
2.87676e-11
1.29987e-11
5.73845e-12
2.57905e-12
1.25282e-12
6.54044e-13
3.71146e-13
2.72113e-13
2.07114e-13
1.51547e-13
1.07359e-13
7.35239e-14
4.8741e-14
3.13635e-14
1.96332e-14
1.20002e-14
7.18396e-15
4.22172e-15
2.4423e-15
1.39118e-15
7.8172e-16
4.3385e-16
2.38087e-16
1.29328e-16
6.96391e-17
3.71532e-17
1.96667e-17
1.03363e-17
5.39849e-18
2.80136e-18
1.44477e-18
7.40046e-19
3.75696e-19
1.88077e-19
9.17805e-20
4.24829e-20
1.72771e-20
3.99253e-21
1.74616e-13
6.65689e-13
1.38883e-12
2.48022e-12
4.11886e-12
6.55994e-12
1.01622e-11
1.54143e-11
2.29524e-11
3.35583e-11
4.81412e-11
6.77354e-11
9.3474e-11
1.26372e-10
1.66727e-10
2.12609e-10
2.5788e-10
2.87017e-10
2.74762e-10
2.07824e-10
1.31038e-10
7.79995e-11
4.51426e-11
2.61515e-11
1.73964e-11
1.75091e-11
2.74213e-11
4.97711e-11
9.29019e-11
1.77478e-10
3.40316e-10
6.47186e-10
1.21844e-09
2.24572e-09
4.03315e-09
7.01274e-09
1.17657e-08
1.90287e-08
2.96271e-08
4.4372e-08
6.41217e-08
8.89995e-08
1.18263e-07
1.50571e-07
1.83653e-07
2.12343e-07
2.30191e-07
2.31267e-07
2.10855e-07
1.69012e-07
1.1406e-07
6.41447e-08
3.52246e-08
1.9141e-08
1.02455e-08
5.37382e-09
2.74198e-09
1.36431e-09
6.57565e-10
3.06728e-10
1.36021e-10
6.04951e-11
2.73641e-11
1.23669e-11
5.46093e-12
2.46935e-12
1.21017e-12
6.25088e-13
3.57592e-13
2.65914e-13
2.02624e-13
1.48506e-13
1.05363e-13
7.22599e-14
4.79696e-14
3.09129e-14
1.93788e-14
1.1862e-14
7.11179e-15
4.18596e-15
2.42351e-15
1.38254e-15
7.78172e-16
4.32643e-16
2.37816e-16
1.29354e-16
6.97372e-17
3.72389e-17
1.97265e-17
1.03738e-17
5.42095e-18
2.81394e-18
1.45161e-18
7.43663e-19
3.77561e-19
1.89016e-19
9.22392e-20
4.26954e-20
1.73637e-20
4.0126e-21
1.73488e-13
6.61387e-13
1.37983e-12
2.46409e-12
4.0919e-12
6.51669e-12
1.00947e-11
1.53109e-11
2.27969e-11
3.3328e-11
4.78053e-11
6.72553e-11
9.28073e-11
1.25482e-10
1.65604e-10
2.11332e-10
2.56713e-10
2.86575e-10
2.75835e-10
2.10492e-10
1.33356e-10
7.94698e-11
4.61395e-11
2.67413e-11
1.76561e-11
1.74158e-11
2.70853e-11
4.91413e-11
9.17814e-11
1.75584e-10
3.37208e-10
6.42148e-10
1.21104e-09
2.23612e-09
4.02404e-09
7.01179e-09
1.1788e-08
1.90992e-08
2.9784e-08
4.46699e-08
6.46325e-08
8.97754e-08
1.19324e-07
1.51915e-07
1.8518e-07
2.13826e-07
2.31261e-07
2.31587e-07
2.09877e-07
1.66945e-07
1.11449e-07
6.21571e-08
3.41071e-08
1.85162e-08
9.90233e-09
5.15897e-09
2.63204e-09
1.30656e-09
6.27811e-10
2.9103e-10
1.30448e-10
5.8035e-11
2.6247e-11
1.18481e-11
5.23209e-12
2.37893e-12
1.17238e-12
6.06661e-13
3.49527e-13
2.62438e-13
2.00469e-13
1.47038e-13
1.0434e-13
7.15548e-14
4.75018e-14
3.06177e-14
1.91991e-14
1.17568e-14
7.05244e-15
4.15387e-15
2.40648e-15
1.37375e-15
7.73742e-16
4.30458e-16
2.36775e-16
1.28883e-16
6.95371e-17
3.71574e-17
1.9696e-17
1.03637e-17
5.41864e-18
2.81385e-18
1.45191e-18
7.43945e-19
3.7775e-19
1.89126e-19
9.22981e-20
4.27245e-20
1.73761e-20
4.01562e-21
1.72444e-13
6.57403e-13
1.3715e-12
2.44916e-12
4.06701e-12
6.47684e-12
1.00326e-11
1.52164e-11
2.26556e-11
3.312e-11
4.75043e-11
6.68286e-11
9.222e-11
1.24705e-10
1.64634e-10
2.10242e-10
2.55735e-10
2.86243e-10
2.76842e-10
2.12969e-10
1.35406e-10
8.08786e-11
4.70397e-11
2.72286e-11
1.78688e-11
1.73493e-11
2.68295e-11
4.86582e-11
9.09762e-11
1.74283e-10
3.35121e-10
6.38972e-10
1.20678e-09
2.23179e-09
4.02305e-09
7.02242e-09
1.18253e-08
1.91874e-08
2.99575e-08
4.49744e-08
6.51098e-08
9.04727e-08
1.20252e-07
1.5307e-07
1.86478e-07
2.15072e-07
2.32141e-07
2.31741e-07
2.09077e-07
1.65214e-07
1.09465e-07
6.02557e-08
3.30733e-08
1.79563e-08
9.61366e-09
4.96244e-09
2.53192e-09
1.25464e-09
6.01138e-10
2.7783e-10
1.24458e-10
5.54485e-11
2.51612e-11
1.13554e-11
5.01449e-12
2.29412e-12
1.13784e-12
5.90673e-13
3.47988e-13
2.62282e-13
2.00159e-13
1.46622e-13
1.03899e-13
7.11566e-14
4.71828e-14
3.03873e-14
1.90433e-14
1.16575e-14
6.99211e-15
4.11891e-15
2.38669e-15
1.36286e-15
7.6789e-16
4.27381e-16
2.3519e-16
1.28094e-16
6.90929e-17
3.69398e-17
1.959e-17
1.03123e-17
5.39418e-18
2.80204e-18
1.44626e-18
7.41241e-19
3.76458e-19
1.88512e-19
9.20121e-20
4.25971e-20
1.73258e-20
4.00421e-21
1.71507e-13
6.53831e-13
1.36404e-12
2.43582e-12
4.04479e-12
6.44138e-12
9.97764e-12
1.5133e-11
2.25315e-11
3.29384e-11
4.72431e-11
6.64609e-11
9.17173e-11
1.24045e-10
1.63817e-10
2.09334e-10
2.54935e-10
2.85993e-10
2.77675e-10
2.1499e-10
1.37221e-10
8.20362e-11
4.77751e-11
2.76581e-11
1.80751e-11
1.7315e-11
2.66535e-11
4.83353e-11
9.04366e-11
1.73409e-10
3.33802e-10
6.37195e-10
1.20498e-09
2.23147e-09
4.02817e-09
7.04151e-09
1.18733e-08
1.92879e-08
3.01446e-08
4.52973e-08
6.56239e-08
9.12176e-08
1.21227e-07
1.54258e-07
1.87771e-07
2.1624e-07
2.32896e-07
2.31768e-07
2.08212e-07
1.63424e-07
1.07299e-07
5.89709e-08
3.23382e-08
1.75354e-08
9.36815e-09
4.84056e-09
2.46251e-09
1.21624e-09
5.80939e-10
2.67681e-10
1.19696e-10
5.34132e-11
2.42777e-11
1.09458e-11
4.82811e-12
2.21639e-12
1.10424e-12
5.77696e-13
3.50408e-13
2.64254e-13
2.00984e-13
1.46743e-13
1.03716e-13
7.08818e-14
4.69223e-14
3.01843e-14
1.88995e-14
1.15628e-14
6.93308e-15
4.08367e-15
2.36625e-15
1.35131e-15
7.61508e-16
4.23919e-16
2.33341e-16
1.27135e-16
6.85919e-17
3.6681e-17
1.94574e-17
1.02447e-17
5.36038e-18
2.78499e-18
1.4377e-18
7.36967e-19
3.74339e-19
1.87475e-19
9.15158e-20
4.23712e-20
1.72351e-20
3.9834e-21
1.70684e-13
6.50697e-13
1.3575e-12
2.42413e-12
4.02537e-12
6.41045e-12
9.92979e-12
1.50607e-11
2.24243e-11
3.27826e-11
4.70204e-11
6.61493e-11
9.12941e-11
1.23492e-10
1.63136e-10
2.08584e-10
2.5429e-10
2.85854e-10
2.78563e-10
2.17042e-10
1.38941e-10
8.3197e-11
4.84899e-11
2.80348e-11
1.82477e-11
1.72973e-11
2.65279e-11
4.81107e-11
9.00723e-11
1.72847e-10
3.33101e-10
6.36503e-10
1.20494e-09
2.23384e-09
4.03709e-09
7.06524e-09
1.19261e-08
1.93917e-08
3.03306e-08
4.56022e-08
6.60947e-08
9.18903e-08
1.22099e-07
1.55313e-07
1.88894e-07
2.17241e-07
2.33507e-07
2.31678e-07
2.07311e-07
1.61715e-07
1.05255e-07
5.80905e-08
3.1809e-08
1.72234e-08
9.1934e-09
4.72945e-09
2.40243e-09
1.18472e-09
5.64847e-10
2.59748e-10
1.15941e-10
5.17607e-11
2.35572e-11
1.06502e-11
4.63006e-12
2.14085e-12
1.07287e-12
5.65965e-13
3.51514e-13
2.65338e-13
2.01466e-13
1.46787e-13
1.03527e-13
7.0626e-14
4.66827e-14
2.99965e-14
1.87648e-14
1.14729e-14
6.8759e-15
4.04898e-15
2.34581e-15
1.33958e-15
7.54924e-16
4.20293e-16
2.31376e-16
1.26097e-16
6.80438e-17
3.63944e-17
1.93088e-17
1.01683e-17
5.32116e-18
2.76498e-18
1.42756e-18
7.31864e-19
3.7179e-19
1.86218e-19
9.09104e-20
4.2094e-20
1.71233e-20
3.95769e-21
1.69977e-13
6.48004e-13
1.35189e-12
2.4141e-12
4.00873e-12
6.38399e-12
9.88895e-12
1.49991e-11
2.23336e-11
3.26514e-11
4.68344e-11
6.58918e-11
9.09484e-11
1.23046e-10
1.62584e-10
2.07986e-10
2.53794e-10
2.8576e-10
2.79233e-10
2.18599e-10
1.4029e-10
8.41029e-11
4.90508e-11
2.83583e-11
1.84011e-11
1.72932e-11
2.64435e-11
4.7958e-11
8.98411e-11
1.72529e-10
3.3279e-10
6.36444e-10
1.20585e-09
2.23754e-09
4.04737e-09
7.08931e-09
1.19758e-08
1.94856e-08
3.04955e-08
4.58701e-08
6.65037e-08
9.24709e-08
1.22853e-07
1.56244e-07
1.8989e-07
2.18116e-07
2.33995e-07
2.31527e-07
2.06414e-07
1.60139e-07
1.03546e-07
5.70941e-08
3.12531e-08
1.69109e-08
9.0158e-09
4.63138e-09
2.34879e-09
1.15607e-09
5.5009e-10
2.52482e-10
1.12643e-10
5.03584e-11
2.29374e-11
1.03565e-11
4.50873e-12
2.09057e-12
1.05103e-12
5.57563e-13
3.52875e-13
2.66699e-13
2.02052e-13
1.46906e-13
1.03391e-13
7.04134e-14
4.64744e-14
2.98292e-14
1.86428e-14
1.13905e-14
6.82225e-15
4.01614e-15
2.32627e-15
1.32826e-15
7.4851e-16
4.16727e-16
2.29425e-16
1.25051e-16
6.7487e-17
3.61012e-17
1.91561e-17
1.00898e-17
5.27886e-18
2.74349e-18
1.41669e-18
7.26391e-19
3.69056e-19
1.84868e-19
9.02593e-20
4.17954e-20
1.70026e-20
3.92992e-21
1.6938e-13
6.45727e-13
1.34714e-12
2.40564e-12
3.99471e-12
6.36175e-12
9.85472e-12
1.49477e-11
2.22581e-11
3.25429e-11
4.66816e-11
6.56821e-11
9.06695e-11
1.22691e-10
1.62148e-10
2.0753e-10
2.53433e-10
2.85735e-10
2.7988e-10
2.19968e-10
1.41523e-10
8.48978e-11
4.95269e-11
2.8619e-11
1.85273e-11
1.72956e-11
2.63869e-11
4.7861e-11
8.97102e-11
1.72379e-10
3.32754e-10
6.36821e-10
1.20741e-09
2.24205e-09
4.05828e-09
7.11294e-09
1.20222e-08
1.95708e-08
3.06375e-08
4.60911e-08
6.68241e-08
9.28934e-08
1.23344e-07
1.57255e-07
1.90855e-07
2.18897e-07
2.34398e-07
2.31353e-07
2.05549e-07
1.58676e-07
1.01952e-07
5.61729e-08
3.07316e-08
1.6618e-08
8.85373e-09
4.5456e-09
2.30275e-09
1.13187e-09
5.37701e-10
2.46396e-10
1.0986e-10
4.91572e-11
2.24084e-11
1.01055e-11
4.40928e-12
2.0509e-12
1.03387e-12
5.50986e-13
3.53794e-13
2.67753e-13
2.02503e-13
1.4697e-13
1.03255e-13
7.02134e-14
4.6281e-14
2.96742e-14
1.85296e-14
1.13138e-14
6.77271e-15
3.98562e-15
2.30801e-15
1.31761e-15
7.42441e-16
4.13332e-16
2.27558e-16
1.24042e-16
6.69469e-17
3.58155e-17
1.90064e-17
1.00124e-17
5.23797e-18
2.72257e-18
1.40605e-18
7.21012e-19
3.66358e-19
1.83531e-19
8.9613e-20
4.14982e-20
1.68823e-20
3.90222e-21
1.68882e-13
6.4383e-13
1.34319e-12
2.3986e-12
3.98306e-12
6.3433e-12
9.82639e-12
1.49053e-11
2.2196e-11
3.24539e-11
4.6557e-11
6.55122e-11
9.04462e-11
1.22412e-10
1.61814e-10
2.07188e-10
2.53161e-10
2.85738e-10
2.80408e-10
2.21085e-10
1.42492e-10
8.55229e-11
4.99153e-11
2.8839e-11
1.86375e-11
1.73026e-11
2.63491e-11
4.78001e-11
8.96449e-11
1.72345e-10
3.32911e-10
6.37506e-10
1.20941e-09
2.24715e-09
4.0698e-09
7.13672e-09
1.20683e-08
1.96525e-08
3.07735e-08
4.6304e-08
6.71391e-08
9.33277e-08
1.23905e-07
1.5794e-07
1.9155e-07
2.19453e-07
2.34643e-07
2.31122e-07
2.04782e-07
1.5755e-07
1.00988e-07
5.51603e-08
3.01955e-08
1.63322e-08
8.69868e-09
4.46494e-09
2.26014e-09
1.10999e-09
5.26703e-10
2.41086e-10
1.0743e-10
4.81266e-11
2.19557e-11
9.89344e-12
4.32709e-12
2.01854e-12
1.01965e-12
5.45579e-13
3.54455e-13
2.68545e-13
2.02804e-13
1.46948e-13
1.03082e-13
7.00019e-14
4.60895e-14
2.95257e-14
1.84232e-14
1.12424e-14
6.72705e-15
3.95754e-15
2.29121e-15
1.30781e-15
7.36838e-16
4.1019e-16
2.25825e-16
1.23101e-16
6.64418e-17
3.55473e-17
1.88654e-17
9.93906e-18
5.20002e-18
2.70305e-18
1.39608e-18
7.15958e-19
3.63816e-19
1.82269e-19
8.90013e-20
4.12165e-20
1.67681e-20
3.87587e-21
1.68472e-13
6.42271e-13
1.33994e-12
2.39282e-12
3.97349e-12
6.32816e-12
9.80314e-12
1.48705e-11
2.2145e-11
3.23808e-11
4.64544e-11
6.53717e-11
9.02601e-11
1.22177e-10
1.61529e-10
2.0688e-10
2.5293e-10
2.85767e-10
2.80898e-10
2.22069e-10
1.43305e-10
8.60535e-11
5.02387e-11
2.90208e-11
1.87266e-11
1.73134e-11
2.63297e-11
4.77722e-11
8.9632e-11
1.72397e-10
3.33196e-10
6.38371e-10
1.21162e-09
2.25223e-09
4.08086e-09
7.15913e-09
1.21105e-08
1.97269e-08
3.08967e-08
4.6496e-08
6.74229e-08
9.37208e-08
1.24411e-07
1.58533e-07
1.92149e-07
2.1993e-07
2.34836e-07
2.30881e-07
2.04032e-07
1.56383e-07
9.97251e-08
5.4675e-08
2.99e-08
1.61558e-08
8.59739e-09
4.40987e-09
2.23016e-09
1.09404e-09
5.18576e-10
2.37087e-10
1.05601e-10
4.73333e-11
2.15989e-11
9.72403e-12
4.26154e-12
1.99235e-12
1.00815e-12
5.41112e-13
3.54762e-13
2.6904e-13
2.02943e-13
1.46862e-13
1.02895e-13
6.97973e-14
4.59108e-14
2.93894e-14
1.83265e-14
1.1178e-14
6.68597e-15
3.93231e-15
2.27612e-15
1.299e-15
7.31801e-16
4.07361e-16
2.24261e-16
1.22251e-16
6.59843e-17
3.53039e-17
1.87372e-17
9.87227e-18
5.16542e-18
2.68526e-18
1.38699e-18
7.11342e-19
3.61492e-19
1.81115e-19
8.84414e-20
4.09585e-20
1.66634e-20
3.85172e-21
1.68141e-13
6.41012e-13
1.33732e-12
2.38815e-12
3.96578e-12
6.31595e-12
9.78441e-12
1.48425e-11
2.2104e-11
3.2322e-11
4.63717e-11
6.52583e-11
9.01096e-11
1.21986e-10
1.61294e-10
2.06647e-10
2.52768e-10
2.85807e-10
2.81296e-10
2.22859e-10
1.44008e-10
8.65083e-11
5.05188e-11
2.91754e-11
1.88047e-11
1.73268e-11
2.63214e-11
4.77639e-11
8.96491e-11
1.72494e-10
3.33531e-10
6.39265e-10
1.21377e-09
2.25713e-09
4.09107e-09
7.17914e-09
1.21475e-08
1.97915e-08
3.10034e-08
4.66621e-08
6.76676e-08
9.40518e-08
1.24824e-07
1.59003e-07
1.92616e-07
2.20291e-07
2.34962e-07
2.30643e-07
2.0336e-07
1.55344e-07
9.86023e-08
5.42742e-08
2.96627e-08
1.60174e-08
8.51715e-09
4.36605e-09
2.20605e-09
1.08124e-09
5.11979e-10
2.33878e-10
1.04134e-10
4.6693e-11
2.13089e-11
9.58511e-12
4.2076e-12
1.97076e-12
9.98649e-13
5.37319e-13
3.54829e-13
2.6932e-13
2.02982e-13
1.46746e-13
1.02713e-13
6.96102e-14
4.57512e-14
2.9269e-14
1.82416e-14
1.11215e-14
6.65002e-15
3.91025e-15
2.26293e-15
1.29129e-15
7.27392e-16
4.04882e-16
2.22889e-16
1.21504e-16
6.55819e-17
3.50895e-17
1.86241e-17
9.81329e-18
5.13484e-18
2.66952e-18
1.37894e-18
7.07252e-19
3.59433e-19
1.80091e-19
8.79447e-20
4.07295e-20
1.65705e-20
3.83028e-21
1.67882e-13
6.40023e-13
1.33526e-12
2.38449e-12
3.95973e-12
6.30639e-12
9.76977e-12
1.48206e-11
2.20721e-11
3.22763e-11
4.63078e-11
6.51714e-11
8.99964e-11
1.21846e-10
1.61128e-10
2.06485e-10
2.52661e-10
2.85867e-10
2.81658e-10
2.23537e-10
1.44562e-10
8.68626e-11
5.07311e-11
2.92947e-11
1.88651e-11
1.73393e-11
2.63197e-11
4.77675e-11
8.96837e-11
1.72614e-10
3.33885e-10
6.40157e-10
1.21589e-09
2.26172e-09
4.1005e-09
7.19754e-09
1.21811e-08
1.98494e-08
3.10973e-08
4.68057e-08
6.78749e-08
9.43305e-08
1.25171e-07
1.59397e-07
1.93005e-07
2.20592e-07
2.3507e-07
2.30451e-07
2.02802e-07
1.54469e-07
9.76768e-08
5.37859e-08
2.93999e-08
1.58744e-08
8.43905e-09
4.32537e-09
2.18453e-09
1.07007e-09
5.06378e-10
2.31169e-10
1.02913e-10
4.61778e-11
2.10788e-11
9.47433e-12
4.16461e-12
1.95338e-12
9.90863e-13
5.34196e-13
3.54815e-13
2.69492e-13
2.0297e-13
1.46618e-13
1.02542e-13
6.94429e-14
4.56122e-14
2.91655e-14
1.81691e-14
1.10735e-14
6.61952e-15
3.89153e-15
2.25173e-15
1.28475e-15
7.23648e-16
4.02776e-16
2.21723e-16
1.20869e-16
6.52391e-17
3.49068e-17
1.85277e-17
9.76295e-18
5.10872e-18
2.65606e-18
1.37206e-18
7.03756e-19
3.57671e-19
1.79215e-19
8.75195e-20
4.05335e-20
1.6491e-20
3.81191e-21
1.67685e-13
6.39275e-13
1.33371e-12
2.38172e-12
3.95516e-12
6.29919e-12
9.75879e-12
1.48043e-11
2.20485e-11
3.22431e-11
4.62619e-11
6.511e-11
8.99172e-11
1.21748e-10
1.61009e-10
2.06366e-10
2.52584e-10
2.85919e-10
2.81938e-10
2.24063e-10
1.45015e-10
8.71561e-11
5.09078e-11
2.93916e-11
1.8914e-11
1.7351e-11
2.63217e-11
4.77771e-11
8.9725e-11
1.72737e-10
3.34217e-10
6.4095e-10
1.21768e-09
2.26558e-09
4.10837e-09
7.21249e-09
1.22082e-08
1.98955e-08
3.11716e-08
4.69186e-08
6.80372e-08
9.45468e-08
1.25438e-07
1.59701e-07
1.93303e-07
2.20816e-07
2.35138e-07
2.30286e-07
2.02377e-07
1.53862e-07
9.70987e-08
5.3448e-08
2.92051e-08
1.57629e-08
8.37594e-09
4.29436e-09
2.16892e-09
1.0622e-09
5.02471e-10
2.29287e-10
1.02071e-10
4.58262e-11
2.09231e-11
9.39775e-12
4.13468e-12
1.9409e-12
9.85063e-13
5.31792e-13
3.54771e-13
2.69592e-13
2.0293e-13
1.46497e-13
1.02394e-13
6.93042e-14
4.54988e-14
2.90816e-14
1.81105e-14
1.10346e-14
6.59474e-15
3.8763e-15
2.24261e-15
1.27942e-15
7.20591e-16
4.01056e-16
2.20771e-16
1.20349e-16
6.49592e-17
3.47576e-17
1.8449e-17
9.72184e-18
5.0874e-18
2.64508e-18
1.36644e-18
7.009e-19
3.56232e-19
1.785e-19
8.71722e-20
4.03733e-20
1.64259e-20
3.7969e-21
1.67545e-13
6.38744e-13
1.33261e-12
2.37977e-12
3.95196e-12
6.29418e-12
9.7512e-12
1.47931e-11
2.20323e-11
3.222e-11
4.62294e-11
6.50651e-11
8.9857e-11
1.21673e-10
1.60919e-10
2.0628e-10
2.52532e-10
2.85961e-10
2.82142e-10
2.24436e-10
1.45332e-10
8.73599e-11
5.10306e-11
2.94599e-11
1.89489e-11
1.73601e-11
2.6325e-11
4.77877e-11
8.97613e-11
1.72839e-10
3.3448e-10
6.41569e-10
1.21905e-09
2.26852e-09
4.1143e-09
7.22371e-09
1.22283e-08
1.99297e-08
3.12263e-08
4.70014e-08
6.8156e-08
9.47052e-08
1.25634e-07
1.59921e-07
1.93521e-07
2.20984e-07
2.35194e-07
2.30164e-07
2.02031e-07
1.5332e-07
9.65317e-08
5.31424e-08
2.90345e-08
1.56602e-08
8.29938e-09
4.29796e-09
2.16786e-09
1.06048e-09
5.01151e-10
2.28491e-10
1.01668e-10
4.56454e-11
2.08365e-11
9.35137e-12
4.11589e-12
1.93271e-12
9.80992e-13
5.30074e-13
3.54706e-13
2.69638e-13
2.02884e-13
1.46398e-13
1.02279e-13
6.91973e-14
4.54122e-14
2.9018e-14
1.80663e-14
1.10056e-14
6.5764e-15
3.86509e-15
2.23591e-15
1.2755e-15
7.18344e-16
3.99789e-16
2.20067e-16
1.19965e-16
6.47511e-17
3.46461e-17
1.83899e-17
9.69084e-18
5.07125e-18
2.63674e-18
1.36216e-18
6.98726e-19
3.55136e-19
1.77955e-19
8.69076e-20
4.02513e-20
1.63764e-20
3.78546e-21
1.67456e-13
6.38405e-13
1.3319e-12
2.37852e-12
3.94989e-12
6.29091e-12
9.74617e-12
1.47855e-11
2.20211e-11
3.22039e-11
4.62068e-11
6.50345e-11
8.98176e-11
1.21625e-10
1.60862e-10
2.06225e-10
2.52501e-10
2.85992e-10
2.82276e-10
2.24676e-10
1.45534e-10
8.74897e-11
5.11088e-11
2.95036e-11
1.89713e-11
1.73663e-11
2.6328e-11
4.77957e-11
8.97864e-11
1.72911e-10
3.34666e-10
6.42002e-10
1.22e-09
2.2705e-09
4.11822e-09
7.23108e-09
1.22414e-08
1.99518e-08
3.12617e-08
4.70546e-08
6.82321e-08
9.48062e-08
1.25758e-07
1.60061e-07
1.93657e-07
2.21087e-07
2.35224e-07
2.30084e-07
2.01822e-07
1.53011e-07
9.62269e-08
5.29701e-08
2.89356e-08
1.56032e-08
8.26695e-09
4.28136e-09
2.15932e-09
1.05612e-09
4.98971e-10
2.27441e-10
1.01195e-10
4.54451e-11
2.07491e-11
9.31071e-12
4.10059e-12
1.92652e-12
9.78176e-13
5.28912e-13
3.54658e-13
2.69668e-13
2.02855e-13
1.46335e-13
1.02205e-13
6.91275e-14
4.53541e-14
2.89747e-14
1.80363e-14
1.09858e-14
6.56383e-15
3.85741e-15
2.23134e-15
1.27284e-15
7.1683e-16
3.98941e-16
2.19599e-16
1.1971e-16
6.46141e-17
3.45732e-17
1.83514e-17
9.67072e-18
5.06078e-18
2.63132e-18
1.35937e-18
6.97296e-19
3.54412e-19
1.77592e-19
8.67311e-20
4.01697e-20
1.63432e-20
3.77779e-21
1.67411e-13
6.38235e-13
1.33155e-12
2.37789e-12
3.94885e-12
6.28926e-12
9.74365e-12
1.47818e-11
2.20157e-11
3.21962e-11
4.61961e-11
6.502e-11
8.97989e-11
1.21602e-10
1.60835e-10
2.062e-10
2.52488e-10
2.86009e-10
2.82344e-10
2.24797e-10
1.45636e-10
8.75544e-11
5.11479e-11
2.95254e-11
1.89826e-11
1.73697e-11
2.63299e-11
4.78009e-11
8.98016e-11
1.72952e-10
3.34769e-10
6.42239e-10
1.22052e-09
2.2715e-09
4.12016e-09
7.23468e-09
1.22478e-08
1.99625e-08
3.12786e-08
4.708e-08
6.82681e-08
9.48536e-08
1.25815e-07
1.60124e-07
1.93715e-07
2.21124e-07
2.35226e-07
2.30043e-07
2.01752e-07
1.52959e-07
9.62294e-08
5.29256e-08
2.88967e-08
1.55807e-08
8.26237e-09
4.25611e-09
2.14711e-09
1.05032e-09
4.96289e-10
2.26245e-10
1.00692e-10
4.5247e-11
2.06694e-11
9.27672e-12
4.08806e-12
1.92178e-12
9.76218e-13
5.28147e-13
3.54565e-13
2.69658e-13
2.02834e-13
1.46304e-13
1.02171e-13
6.90952e-14
4.53262e-14
2.89528e-14
1.80202e-14
1.09749e-14
6.55682e-15
3.85308e-15
2.22876e-15
1.27134e-15
7.15974e-16
3.98462e-16
2.19336e-16
1.19568e-16
6.45378e-17
3.45328e-17
1.83302e-17
9.65972e-18
5.05511e-18
2.62842e-18
1.3579e-18
6.96553e-19
3.54039e-19
1.77408e-19
8.66415e-20
4.01284e-20
1.63265e-20
3.77392e-21
1.67411e-13
6.38232e-13
1.33154e-12
2.37788e-12
3.94883e-12
6.28922e-12
9.74359e-12
1.47817e-11
2.20156e-11
3.2196e-11
4.6196e-11
6.50199e-11
8.97988e-11
1.21602e-10
1.60835e-10
2.06201e-10
2.52489e-10
2.86012e-10
2.82347e-10
2.248e-10
1.45638e-10
8.75557e-11
5.11486e-11
2.95257e-11
1.89827e-11
1.73698e-11
2.63299e-11
4.78004e-11
8.97995e-11
1.72952e-10
3.34766e-10
6.4223e-10
1.22049e-09
2.27147e-09
4.1201e-09
7.23457e-09
1.22476e-08
1.99622e-08
3.12782e-08
4.70794e-08
6.82675e-08
9.48534e-08
1.25816e-07
1.60126e-07
1.93719e-07
2.21131e-07
2.35235e-07
2.30053e-07
2.01764e-07
1.52986e-07
9.63652e-08
5.25969e-08
2.87614e-08
1.55293e-08
8.25236e-09
4.22981e-09
2.1351e-09
1.04496e-09
4.93962e-10
2.25266e-10
1.00292e-10
4.50864e-11
2.06065e-11
9.25355e-12
4.08023e-12
1.91922e-12
9.75383e-13
5.27876e-13
3.54468e-13
2.69618e-13
2.02819e-13
1.463e-13
1.02172e-13
6.90971e-14
4.53274e-14
2.89532e-14
1.80202e-14
1.09746e-14
6.55656e-15
3.85288e-15
2.22862e-15
1.27125e-15
7.15923e-16
3.98433e-16
2.1932e-16
1.19559e-16
6.45334e-17
3.45305e-17
1.83291e-17
9.65918e-18
5.05485e-18
2.6283e-18
1.35784e-18
6.96527e-19
3.54028e-19
1.77403e-19
8.66394e-20
4.01275e-20
1.63262e-20
3.77385e-21
1.67454e-13
6.38396e-13
1.33188e-12
2.37848e-12
3.94982e-12
6.29079e-12
9.74597e-12
1.47852e-11
2.20207e-11
3.22034e-11
4.62062e-11
6.50338e-11
8.9817e-11
1.21624e-10
1.60862e-10
2.06227e-10
2.52505e-10
2.85999e-10
2.82285e-10
2.24686e-10
1.45541e-10
8.74936e-11
5.1111e-11
2.95046e-11
1.89718e-11
1.73668e-11
2.63286e-11
4.7797e-11
8.97892e-11
1.72912e-10
3.34663e-10
6.41991e-10
1.21997e-09
2.27042e-09
4.11804e-09
7.23071e-09
1.22407e-08
1.99506e-08
3.12597e-08
4.70518e-08
6.82284e-08
9.48021e-08
1.25754e-07
1.60056e-07
1.93651e-07
2.21076e-07
2.35206e-07
2.30058e-07
2.01794e-07
1.52994e-07
9.62242e-08
5.29267e-08
2.89023e-08
1.55915e-08
8.2806e-09
4.24097e-09
2.13962e-09
1.04683e-09
4.94743e-10
2.25594e-10
1.00424e-10
4.51366e-11
2.06287e-11
9.26567e-12
4.08509e-12
1.92142e-12
9.76496e-13
5.28356e-13
3.54457e-13
2.69582e-13
2.02822e-13
1.46327e-13
1.02207e-13
6.91318e-14
4.53568e-14
2.89751e-14
1.80354e-14
1.09846e-14
6.56284e-15
3.85669e-15
2.23087e-15
1.27256e-15
7.16667e-16
3.9885e-16
2.1955e-16
1.19685e-16
6.46009e-17
3.45665e-17
1.83481e-17
9.66913e-18
5.06003e-18
2.63097e-18
1.35921e-18
6.97228e-19
3.54382e-19
1.77579e-19
8.67255e-20
4.01673e-20
1.63424e-20
3.77759e-21
1.67544e-13
6.3874e-13
1.3326e-12
2.37975e-12
3.95191e-12
6.29408e-12
9.75099e-12
1.47927e-11
2.20316e-11
3.22188e-11
4.62278e-11
6.50631e-11
8.98553e-11
1.21672e-10
1.6092e-10
2.06283e-10
2.52538e-10
2.85971e-10
2.82153e-10
2.24445e-10
1.45337e-10
8.73625e-11
5.10316e-11
2.94601e-11
1.8949e-11
1.73605e-11
2.63256e-11
4.77883e-11
8.97615e-11
1.72836e-10
3.34471e-10
6.41545e-10
1.21899e-09
2.26837e-09
4.11396e-09
7.22303e-09
1.2227e-08
1.99274e-08
3.12227e-08
4.6996e-08
6.81488e-08
9.46966e-08
1.25624e-07
1.59912e-07
1.93511e-07
2.20972e-07
2.35178e-07
2.30147e-07
2.02027e-07
1.53361e-07
9.66619e-08
5.29621e-08
2.8942e-08
1.56218e-08
8.30077e-09
4.25297e-09
2.14656e-09
1.05064e-09
4.96735e-10
2.26577e-10
1.00871e-10
4.53263e-11
2.0712e-11
9.30498e-12
4.10003e-12
1.9275e-12
9.79264e-13
5.29497e-13
3.54495e-13
2.69539e-13
2.02839e-13
1.46383e-13
1.02279e-13
6.92005e-14
4.54146e-14
2.90191e-14
1.80664e-14
1.10051e-14
6.57582e-15
3.86461e-15
2.23559e-15
1.2753e-15
7.18232e-16
3.99728e-16
2.20036e-16
1.19949e-16
6.47432e-17
3.46424e-17
1.83881e-17
9.69002e-18
5.07087e-18
2.63655e-18
1.36207e-18
6.98678e-19
3.55112e-19
1.77943e-19
8.69019e-20
4.02487e-20
1.63754e-20
3.78522e-21
1.67685e-13
6.39275e-13
1.33371e-12
2.38173e-12
3.95518e-12
6.29922e-12
9.75883e-12
1.48044e-11
2.20485e-11
3.2243e-11
4.62615e-11
6.51089e-11
8.99151e-11
1.21746e-10
1.61008e-10
2.06368e-10
2.52591e-10
2.85931e-10
2.81952e-10
2.24074e-10
1.45022e-10
8.71592e-11
5.0909e-11
2.9392e-11
1.89142e-11
1.73513e-11
2.63223e-11
4.77776e-11
8.97245e-11
1.72733e-10
3.34202e-10
6.40914e-10
1.21759e-09
2.26537e-09
4.10791e-09
7.21155e-09
1.22064e-08
1.98923e-08
3.11663e-08
4.69106e-08
6.8026e-08
9.45325e-08
1.25423e-07
1.59684e-07
1.93289e-07
2.20806e-07
2.35132e-07
2.30289e-07
2.02396e-07
1.53927e-07
9.7296e-08
5.31007e-08
2.904e-08
1.5684e-08
8.33807e-09
4.27645e-09
2.16022e-09
1.05803e-09
5.00528e-10
2.28421e-10
1.0171e-10
4.56867e-11
2.08706e-11
9.37668e-12
4.12648e-12
1.93776e-12
9.83819e-13
5.31284e-13
3.5453e-13
2.69456e-13
2.02859e-13
1.46465e-13
1.02382e-13
6.93007e-14
4.54991e-14
2.90825e-14
1.8111e-14
1.10347e-14
6.59468e-15
3.87619e-15
2.24251e-15
1.27935e-15
7.20551e-16
4.01033e-16
2.20758e-16
1.20343e-16
6.49558e-17
3.47557e-17
1.8448e-17
9.72127e-18
5.08708e-18
2.6449e-18
1.36634e-18
7.00849e-19
3.56206e-19
1.78486e-19
8.71657e-20
4.03703e-20
1.64247e-20
3.79662e-21
1.67881e-13
6.40023e-13
1.33526e-12
2.38449e-12
3.95973e-12
6.30641e-12
9.76982e-12
1.48207e-11
2.20724e-11
3.22769e-11
4.6309e-11
6.51734e-11
8.99993e-11
1.2185e-10
1.61133e-10
2.0649e-10
2.52669e-10
2.85882e-10
2.8168e-10
2.23561e-10
1.44577e-10
8.68702e-11
5.07343e-11
2.92958e-11
1.88656e-11
1.73399e-11
2.63204e-11
4.77684e-11
8.96844e-11
1.72613e-10
3.33875e-10
6.40121e-10
1.21579e-09
2.26148e-09
4.09999e-09
7.19641e-09
1.2179e-08
1.98456e-08
3.10909e-08
4.67959e-08
6.78611e-08
9.43129e-08
1.2515e-07
1.59375e-07
1.92982e-07
2.20568e-07
2.35042e-07
2.30422e-07
2.02786e-07
1.54497e-07
9.77568e-08
5.37791e-08
2.93737e-08
1.58437e-08
8.39894e-09
4.34827e-09
2.19344e-09
1.07345e-09
5.07604e-10
2.31595e-10
1.03059e-10
4.62336e-11
2.10998e-11
9.4791e-12
4.1645e-12
1.95233e-12
9.89924e-13
5.33694e-13
3.54583e-13
2.69352e-13
2.02884e-13
1.46568e-13
1.02516e-13
6.94323e-14
4.56082e-14
2.9164e-14
1.81683e-14
1.10728e-14
6.61897e-15
3.89115e-15
2.25148e-15
1.28461e-15
7.23566e-16
4.02733e-16
2.21701e-16
1.20858e-16
6.52338e-17
3.49041e-17
1.85263e-17
9.76222e-18
5.10834e-18
2.65586e-18
1.37195e-18
7.03698e-19
3.57642e-19
1.792e-19
8.75122e-20
4.05301e-20
1.64896e-20
3.81159e-21
1.6814e-13
6.41009e-13
1.33732e-12
2.38814e-12
3.96576e-12
6.31593e-12
9.78439e-12
1.48425e-11
2.21041e-11
3.23223e-11
4.63724e-11
6.52597e-11
9.01125e-11
1.21991e-10
1.61302e-10
2.06657e-10
2.5278e-10
2.85827e-10
2.81338e-10
2.22919e-10
1.44043e-10
8.6525e-11
5.05259e-11
2.91783e-11
1.88059e-11
1.73277e-11
2.63225e-11
4.77658e-11
8.9652e-11
1.72499e-10
3.33537e-10
6.39276e-10
1.21379e-09
2.25715e-09
4.09109e-09
7.1792e-09
1.21474e-08
1.97911e-08
3.1002e-08
4.66591e-08
6.76617e-08
9.40427e-08
1.24812e-07
1.58992e-07
1.92609e-07
2.20288e-07
2.34962e-07
2.30635e-07
2.03317e-07
1.55234e-07
9.8435e-08
5.4204e-08
2.96304e-08
1.60008e-08
8.50835e-09
4.36457e-09
2.20625e-09
1.08157e-09
5.12211e-10
2.33976e-10
1.04182e-10
4.67247e-11
2.13213e-11
9.5847e-12
4.20513e-12
1.96883e-12
9.97368e-13
5.36658e-13
3.54577e-13
2.69184e-13
2.02901e-13
1.46695e-13
1.02682e-13
6.95927e-14
4.57419e-14
2.92639e-14
1.82386e-14
1.11196e-14
6.6488e-15
3.90951e-15
2.2625e-15
1.29106e-15
7.27269e-16
4.0482e-16
2.22859e-16
1.21489e-16
6.55747e-17
3.50859e-17
1.86223e-17
9.8124e-18
5.13438e-18
2.66928e-18
1.37881e-18
7.07188e-19
3.59399e-19
1.80074e-19
8.79364e-20
4.07257e-20
1.6569e-20
3.82991e-21
1.6847e-13
6.42264e-13
1.33993e-12
2.3928e-12
3.97345e-12
6.32809e-12
9.80304e-12
1.48704e-11
2.21449e-11
3.23807e-11
4.64543e-11
6.53719e-11
9.0261e-11
1.22179e-10
1.61532e-10
2.06884e-10
2.52934e-10
2.85768e-10
2.80898e-10
2.22086e-10
1.43338e-10
8.60712e-11
5.02476e-11
2.90248e-11
1.87285e-11
1.73145e-11
2.63312e-11
4.77747e-11
8.9636e-11
1.72403e-10
3.33205e-10
6.38383e-10
1.21165e-09
2.2523e-09
4.0809e-09
7.15904e-09
1.21104e-08
1.97267e-08
3.08965e-08
4.64959e-08
6.7423e-08
9.37185e-08
1.24404e-07
1.5852e-07
1.92132e-07
2.19913e-07
2.34818e-07
2.30846e-07
2.03942e-07
1.56178e-07
9.93788e-08
5.47346e-08
2.99289e-08
1.61687e-08
8.60255e-09
4.41208e-09
2.23102e-09
1.09439e-09
5.18716e-10
2.37179e-10
1.05649e-10
4.73557e-11
2.16046e-11
9.72035e-12
4.25773e-12
1.98998e-12
1.00689e-12
5.40489e-13
3.54527e-13
2.68929e-13
2.02888e-13
1.46828e-13
1.0287e-13
6.97797e-14
4.58989e-14
2.93818e-14
1.83217e-14
1.1175e-14
6.68416e-15
3.93127e-15
2.27554e-15
1.29869e-15
7.31645e-16
4.07283e-16
2.24223e-16
1.22233e-16
6.59754e-17
3.52995e-17
1.8735e-17
9.87119e-18
5.16487e-18
2.68498e-18
1.38684e-18
7.11267e-19
3.61454e-19
1.81096e-19
8.84321e-20
4.09542e-20
1.66617e-20
3.85131e-21
1.68879e-13
6.4382e-13
1.34317e-12
2.39857e-12
3.983e-12
6.34321e-12
9.82624e-12
1.49051e-11
2.21956e-11
3.24534e-11
4.65562e-11
6.5511e-11
9.04442e-11
1.22409e-10
1.61809e-10
2.07183e-10
2.53155e-10
2.8573e-10
2.8039e-10
2.21052e-10
1.42474e-10
8.5526e-11
4.99215e-11
2.88417e-11
1.86389e-11
1.73036e-11
2.63508e-11
4.78035e-11
8.96508e-11
1.72356e-10
3.32933e-10
6.37549e-10
1.20949e-09
2.2472e-09
4.06984e-09
7.13674e-09
1.20681e-08
1.96522e-08
3.0773e-08
4.63038e-08
6.71404e-08
9.33327e-08
1.23916e-07
1.57957e-07
1.91572e-07
2.1947e-07
2.3464e-07
2.31083e-07
2.04676e-07
1.57326e-07
1.00573e-07
5.5371e-08
3.02755e-08
1.63604e-08
8.70813e-09
4.46743e-09
2.26082e-09
1.11003e-09
5.26673e-10
2.41061e-10
1.07441e-10
4.81305e-11
2.1953e-11
9.88873e-12
4.32373e-12
2.01664e-12
1.01886e-12
5.45238e-13
3.54355e-13
2.68541e-13
2.02809e-13
1.46941e-13
1.03065e-13
6.9984e-14
4.60751e-14
2.95158e-14
1.84169e-14
1.12386e-14
6.72483e-15
3.9563e-15
2.29053e-15
1.30745e-15
7.36659e-16
4.101e-16
2.2578e-16
1.2308e-16
6.64311e-17
3.5542e-17
1.88627e-17
9.93774e-18
5.19935e-18
2.70271e-18
1.39591e-18
7.15869e-19
3.63771e-19
1.82247e-19
8.89904e-20
4.12116e-20
1.67661e-20
3.8754e-21
1.69376e-13
6.45715e-13
1.34712e-12
2.4056e-12
3.99464e-12
6.36164e-12
9.85456e-12
1.49475e-11
2.22578e-11
3.25424e-11
4.66809e-11
6.5681e-11
9.06679e-11
1.22689e-10
1.62144e-10
2.07523e-10
2.53426e-10
2.85727e-10
2.79857e-10
2.19935e-10
1.41489e-10
8.48749e-11
4.9514e-11
2.86144e-11
1.85259e-11
1.72956e-11
2.63875e-11
4.78635e-11
8.97162e-11
1.72394e-10
3.32786e-10
6.36885e-10
1.20753e-09
2.2423e-09
4.05877e-09
7.11379e-09
1.20236e-08
1.9573e-08
3.06408e-08
4.60958e-08
6.68307e-08
9.29023e-08
1.23356e-07
1.57273e-07
1.90871e-07
2.18911e-07
2.34408e-07
2.31352e-07
2.05539e-07
1.58693e-07
1.02115e-07
5.57859e-08
3.05472e-08
1.65305e-08
8.8116e-09
4.52955e-09
2.29632e-09
1.12941e-09
5.36787e-10
2.46065e-10
1.09727e-10
4.91179e-11
2.2396e-11
1.01014e-11
4.40792e-12
2.05061e-12
1.03383e-12
5.511e-13
3.53989e-13
2.67895e-13
2.02575e-13
1.46979e-13
1.03237e-13
7.0192e-14
4.62639e-14
2.96627e-14
1.85225e-14
1.13096e-14
6.77036e-15
3.98432e-15
2.3073e-15
1.31724e-15
7.42246e-16
4.13232e-16
2.27507e-16
1.24016e-16
6.69338e-17
3.58089e-17
1.9003e-17
1.00107e-17
5.23712e-18
2.72213e-18
1.40583e-18
7.20901e-19
3.66302e-19
1.83504e-19
8.95997e-20
4.14922e-20
1.68798e-20
3.90165e-21
1.69973e-13
6.47989e-13
1.35186e-12
2.41405e-12
4.00865e-12
6.38388e-12
9.88879e-12
1.49989e-11
2.23333e-11
3.26511e-11
4.68341e-11
6.58917e-11
9.09489e-11
1.23048e-10
1.62588e-10
2.07994e-10
2.53802e-10
2.85769e-10
2.79249e-10
2.18612e-10
1.40289e-10
8.40966e-11
4.9046e-11
2.83559e-11
1.84005e-11
1.72948e-11
2.64481e-11
4.79667e-11
8.98594e-11
1.72559e-10
3.32852e-10
6.36572e-10
1.20612e-09
2.23814e-09
4.04857e-09
7.09156e-09
1.19799e-08
1.94928e-08
3.05074e-08
4.58892e-08
6.65329e-08
9.25117e-08
1.22902e-07
1.563e-07
1.89943e-07
2.18167e-07
2.34052e-07
2.31585e-07
2.06458e-07
1.6017e-07
1.03667e-07
5.66803e-08
3.1048e-08
1.68007e-08
8.93915e-09
4.6465e-09
2.35509e-09
1.15878e-09
5.51142e-10
2.52885e-10
1.12809e-10
5.04178e-11
2.29633e-11
1.03688e-11
4.51442e-12
2.09373e-12
1.05223e-12
5.5814e-13
3.53176e-13
2.66853e-13
2.02102e-13
1.46908e-13
1.03373e-13
7.03927e-14
4.64582e-14
2.98183e-14
1.86361e-14
1.13866e-14
6.82e-15
4.01487e-15
2.32557e-15
1.32787e-15
7.483e-16
4.16615e-16
2.29366e-16
1.2502e-16
6.74709e-17
3.6093e-17
1.91518e-17
1.00876e-17
5.27779e-18
2.74294e-18
1.41641e-18
7.26252e-19
3.68986e-19
1.84833e-19
9.02426e-20
4.17878e-20
1.69995e-20
3.92922e-21
1.7068e-13
6.5068e-13
1.35747e-12
2.42407e-12
4.02528e-12
6.41033e-12
9.92963e-12
1.50605e-11
2.24242e-11
3.27825e-11
4.70203e-11
6.61495e-11
9.12952e-11
1.23495e-10
1.63141e-10
2.08593e-10
2.54302e-10
2.85862e-10
2.78564e-10
2.17037e-10
1.38949e-10
8.31965e-11
4.84875e-11
2.80332e-11
1.82475e-11
1.72993e-11
2.65326e-11
4.81209e-11
9.00934e-11
1.72894e-10
3.33201e-10
6.36712e-10
1.20536e-09
2.23482e-09
4.0391e-09
7.06911e-09
1.19333e-08
1.94048e-08
3.03532e-08
4.56396e-08
6.6153e-08
9.19732e-08
1.22201e-07
1.55424e-07
1.88986e-07
2.17279e-07
2.33546e-07
2.31723e-07
2.07374e-07
1.61729e-07
1.0524e-07
5.80567e-08
3.17818e-08
1.72045e-08
9.18062e-09
4.72516e-09
2.40108e-09
1.18434e-09
5.64822e-10
2.59758e-10
1.16022e-10
5.1837e-11
2.36047e-11
1.06768e-11
4.64269e-12
2.14536e-12
1.07477e-12
5.66572e-13
3.51806e-13
2.65419e-13
2.01461e-13
1.46756e-13
1.03497e-13
7.06039e-14
4.66679e-14
2.99871e-14
1.8759e-14
1.14694e-14
6.87383e-15
4.04777e-15
2.3451e-15
1.33917e-15
7.54697e-16
4.20168e-16
2.31308e-16
1.2606e-16
6.80244e-17
3.63842e-17
1.93036e-17
1.01656e-17
5.3198e-18
2.76429e-18
1.42721e-18
7.31687e-19
3.71702e-19
1.86174e-19
9.08896e-20
4.20845e-20
1.71195e-20
3.95682e-21
1.71502e-13
6.53812e-13
1.364e-12
2.43575e-12
4.04469e-12
6.44125e-12
9.97747e-12
1.51328e-11
2.25313e-11
3.29383e-11
4.72431e-11
6.64611e-11
9.17184e-11
1.24047e-10
1.63822e-10
2.09343e-10
2.54946e-10
2.86001e-10
2.77674e-10
2.14983e-10
1.37241e-10
8.20439e-11
4.77761e-11
2.76572e-11
1.80752e-11
1.73185e-11
2.6662e-11
4.83525e-11
9.04704e-11
1.7348e-10
3.33951e-10
6.37515e-10
1.20563e-09
2.2328e-09
4.03084e-09
7.04662e-09
1.18829e-08
1.93052e-08
3.01742e-08
4.5346e-08
6.57003e-08
9.1327e-08
1.21363e-07
1.54401e-07
1.87855e-07
2.16252e-07
2.32935e-07
2.31822e-07
2.08219e-07
1.63304e-07
1.06996e-07
5.91999e-08
3.24317e-08
1.75709e-08
9.38671e-09
4.83618e-09
2.46147e-09
1.21641e-09
5.81302e-10
2.68003e-10
1.19878e-10
5.35028e-11
2.43209e-11
1.09676e-11
4.83682e-12
2.22089e-12
1.10638e-12
5.78712e-13
3.50858e-13
2.64366e-13
2.0097e-13
1.46701e-13
1.03681e-13
7.08596e-14
4.69091e-14
3.01764e-14
1.88946e-14
1.15598e-14
6.93119e-15
4.08251e-15
2.36555e-15
1.35089e-15
7.61266e-16
4.23782e-16
2.33265e-16
1.27093e-16
6.85695e-17
3.6669e-17
1.94511e-17
1.02415e-17
5.35871e-18
2.78413e-18
1.43727e-18
7.3675e-19
3.74231e-19
1.87422e-19
9.14905e-20
4.23597e-20
1.72305e-20
3.98233e-21
1.72438e-13
6.57382e-13
1.37146e-12
2.44909e-12
4.0669e-12
6.47669e-12
1.00324e-11
1.52162e-11
2.26554e-11
3.31199e-11
4.75042e-11
6.68289e-11
9.2221e-11
1.24707e-10
1.64639e-10
2.10252e-10
2.55749e-10
2.86256e-10
2.76836e-10
2.12913e-10
1.35345e-10
8.08584e-11
4.70338e-11
2.72276e-11
1.78698e-11
1.73541e-11
2.68408e-11
4.86844e-11
9.10329e-11
1.74373e-10
3.35289e-10
6.39295e-10
1.20743e-09
2.23313e-09
4.02565e-09
7.02731e-09
1.18343e-08
1.92033e-08
2.99848e-08
4.50193e-08
6.5181e-08
9.05662e-08
1.20368e-07
1.53203e-07
1.86612e-07
2.15171e-07
2.32231e-07
2.31826e-07
2.09138e-07
1.65224e-07
1.09412e-07
6.02219e-08
3.3047e-08
1.79296e-08
9.57222e-09
5.00128e-09
2.54915e-09
1.2621e-09
6.04463e-10
2.79255e-10
1.24985e-10
5.56678e-11
2.52608e-11
1.13976e-11
5.03146e-12
2.30071e-12
1.14056e-12
5.91667e-13
3.48274e-13
2.62304e-13
2.00106e-13
1.46571e-13
1.03869e-13
7.11417e-14
4.71751e-14
3.03826e-14
1.904e-14
1.16551e-14
6.9905e-15
4.11784e-15
2.38601e-15
1.36243e-15
7.67637e-16
4.27235e-16
2.35108e-16
1.28048e-16
6.90679e-17
3.69264e-17
1.95829e-17
1.03086e-17
5.39226e-18
2.80105e-18
1.44576e-18
7.4099e-19
3.76332e-19
1.88451e-19
9.19827e-20
4.25837e-20
1.73204e-20
4.00299e-21
1.73482e-13
6.61363e-13
1.37978e-12
2.464e-12
4.09177e-12
6.51651e-12
1.00944e-11
1.53106e-11
2.27966e-11
3.33277e-11
4.78051e-11
6.72553e-11
9.28079e-11
1.25484e-10
1.65609e-10
2.11341e-10
2.56728e-10
2.86595e-10
2.75858e-10
2.10507e-10
1.33316e-10
7.94963e-11
4.61513e-11
2.67455e-11
1.76584e-11
1.742e-11
2.7094e-11
4.91597e-11
9.18223e-11
1.75689e-10
3.37371e-10
6.42438e-10
1.21157e-09
2.23719e-09
4.02603e-09
7.01526e-09
1.1794e-08
1.91089e-08
2.97991e-08
4.46889e-08
6.46551e-08
8.98017e-08
1.19358e-07
1.51944e-07
1.85192e-07
2.1384e-07
2.31299e-07
2.3165e-07
2.09942e-07
1.67028e-07
1.11654e-07
6.17935e-08
3.39375e-08
1.84342e-08
9.85462e-09
5.15734e-09
2.6336e-09
1.30687e-09
6.27556e-10
2.90799e-10
1.30329e-10
5.80056e-11
2.62577e-11
1.18605e-11
5.23954e-12
2.38286e-12
1.17428e-12
6.07461e-13
3.49774e-13
2.62451e-13
2.00413e-13
1.46991e-13
1.04317e-13
7.1547e-14
4.74994e-14
3.06162e-14
1.91975e-14
1.17552e-14
7.05113e-15
4.1529e-15
2.40582e-15
1.37333e-15
7.73483e-16
4.30306e-16
2.36687e-16
1.28834e-16
6.95103e-17
3.71429e-17
1.96883e-17
1.03596e-17
5.41653e-18
2.81276e-18
1.45135e-18
7.43662e-19
3.77608e-19
1.89056e-19
9.22649e-20
4.27094e-20
1.73701e-20
4.01424e-21
1.74608e-13
6.65662e-13
1.38877e-12
2.48013e-12
4.11871e-12
6.55972e-12
1.01619e-11
1.54139e-11
2.29519e-11
3.35577e-11
4.81406e-11
6.77348e-11
9.34741e-11
1.26374e-10
1.66733e-10
2.12622e-10
2.57904e-10
2.87052e-10
2.748e-10
2.07853e-10
1.31045e-10
7.7946e-11
4.51134e-11
2.6143e-11
1.73949e-11
1.75101e-11
2.74256e-11
4.97816e-11
9.29258e-11
1.77546e-10
3.40491e-10
6.47469e-10
1.21897e-09
2.24661e-09
4.03467e-09
7.01522e-09
1.17695e-08
1.9034e-08
2.96341e-08
4.43809e-08
6.41289e-08
8.90024e-08
1.18246e-07
1.50537e-07
1.83604e-07
2.12291e-07
2.30167e-07
2.31309e-07
2.10681e-07
1.6885e-07
1.13886e-07
6.40325e-08
3.51618e-08
1.91181e-08
1.0261e-08
5.32213e-09
2.72074e-09
1.35618e-09
6.54211e-10
3.05169e-10
1.35455e-10
6.02913e-11
2.72968e-11
1.23479e-11
5.45669e-12
2.46894e-12
1.2105e-12
6.25347e-13
3.57649e-13
2.65872e-13
2.02559e-13
1.48464e-13
1.05347e-13
7.22586e-14
4.79717e-14
3.0914e-14
1.93786e-14
1.1861e-14
7.11069e-15
4.18505e-15
2.42286e-15
1.38212e-15
7.77907e-16
4.32485e-16
2.37726e-16
1.29303e-16
6.97091e-17
3.72236e-17
1.97183e-17
1.03695e-17
5.41868e-18
2.81276e-18
1.45101e-18
7.43359e-19
3.77409e-19
1.88941e-19
9.22036e-20
4.26792e-20
1.73572e-20
4.01112e-21
1.75794e-13
6.70189e-13
1.39825e-12
2.49717e-12
4.14728e-12
6.60578e-12
1.02343e-11
1.55254e-11
2.3121e-11
3.38102e-11
4.85121e-11
6.82705e-11
9.42247e-11
1.27385e-10
1.6802e-10
2.14101e-10
2.59279e-10
2.87633e-10
2.73741e-10
2.0518e-10
1.28815e-10
7.65039e-11
4.40987e-11
2.55595e-11
1.71288e-11
1.76523e-11
2.78778e-11
5.06426e-11
9.44988e-11
1.80184e-10
3.44872e-10
6.54863e-10
1.23043e-09
2.26304e-09
4.05419e-09
7.03155e-09
1.17687e-08
1.89902e-08
2.95086e-08
4.41229e-08
6.36748e-08
8.82883e-08
1.17273e-07
1.49291e-07
1.82163e-07
2.10859e-07
2.29091e-07
2.30938e-07
2.11649e-07
1.70989e-07
1.1666e-07
6.62223e-08
3.63976e-08
1.98052e-08
1.06204e-08
5.5868e-09
2.85405e-09
1.4245e-09
6.89253e-10
3.22885e-10
1.43104e-10
6.36389e-11
2.86943e-11
1.29766e-11
5.73302e-12
2.57793e-12
1.25267e-12
6.53939e-13
3.7108e-13
2.72046e-13
2.07059e-13
1.5152e-13
1.07355e-13
7.35299e-14
4.87471e-14
3.13666e-14
1.96339e-14
1.19996e-14
7.18297e-15
4.22084e-15
2.44165e-15
1.39075e-15
7.81449e-16
4.33689e-16
2.37994e-16
1.29276e-16
6.96102e-17
3.71374e-17
1.96582e-17
1.03318e-17
5.39612e-18
2.80013e-18
1.44414e-18
7.39728e-19
3.75538e-19
1.87999e-19
9.17433e-20
4.24661e-20
1.72703e-20
3.99099e-21
1.76971e-13
6.74678e-13
1.40764e-12
2.51403e-12
4.17554e-12
6.65143e-12
1.03063e-11
1.56371e-11
2.32917e-11
3.40681e-11
4.88963e-11
6.88328e-11
9.50272e-11
1.28491e-10
1.69462e-10
2.15802e-10
2.60906e-10
2.88335e-10
2.72363e-10
2.01841e-10
1.26054e-10
7.46742e-11
4.28826e-11
2.49092e-11
1.68687e-11
1.78634e-11
2.84617e-11
5.17506e-11
9.64847e-11
1.8375e-10
3.50823e-10
6.6475e-10
1.24654e-09
2.28748e-09
4.0852e-09
7.06514e-09
1.17922e-08
1.89799e-08
2.94233e-08
4.39063e-08
6.32656e-08
8.76066e-08
1.16273e-07
1.47966e-07
1.80588e-07
2.09261e-07
2.2786e-07
2.30491e-07
2.12411e-07
1.73046e-07
1.19485e-07
6.85071e-08
3.7673e-08
2.05211e-08
1.10219e-08
5.81556e-09
2.9787e-09
1.49252e-09
7.24972e-10
3.41047e-10
1.51522e-10
6.72883e-11
3.02527e-11
1.36932e-11
6.05623e-12
2.70849e-12
1.30649e-12
6.80348e-13
3.84318e-13
2.78178e-13
2.11527e-13
1.55075e-13
1.09786e-13
7.5088e-14
4.9679e-14
3.18866e-14
1.99075e-14
1.21356e-14
7.24729e-15
4.25009e-15
2.45212e-15
1.3929e-15
7.80841e-16
4.32491e-16
2.36929e-16
1.28502e-16
6.90973e-17
3.6826e-17
1.94778e-17
1.02307e-17
5.34065e-18
2.77071e-18
1.42885e-18
7.31923e-19
3.71618e-19
1.86063e-19
9.08115e-20
4.20393e-20
1.70979e-20
3.95125e-21
1.78143e-13
6.79174e-13
1.41715e-12
2.53141e-12
4.2054e-12
6.70128e-12
1.03873e-11
1.57662e-11
2.34941e-11
3.43792e-11
4.93617e-11
6.94995e-11
9.59802e-11
1.29823e-10
1.7124e-10
2.17973e-10
2.63122e-10
2.89406e-10
2.7108e-10
1.98258e-10
1.22911e-10
7.24286e-11
4.14123e-11
2.41172e-11
1.65671e-11
1.80822e-11
2.91227e-11
5.30182e-11
9.88204e-11
1.87894e-10
3.58181e-10
6.77479e-10
1.26672e-09
2.3185e-09
4.12667e-09
7.11467e-09
1.1839e-08
1.9002e-08
2.9383e-08
4.37482e-08
6.29244e-08
8.70154e-08
1.15385e-07
1.46782e-07
1.79194e-07
2.07846e-07
2.26753e-07
2.30066e-07
2.1308e-07
1.75016e-07
1.22444e-07
7.04246e-08
3.87857e-08
2.11689e-08
1.13928e-08
6.02571e-09
3.09615e-09
1.55634e-09
7.58956e-10
3.5853e-10
1.60074e-10
7.12014e-11
3.19441e-11
1.44356e-11
6.39199e-12
2.8483e-12
1.36381e-12
7.08153e-13
3.97733e-13
2.83417e-13
2.15505e-13
1.58217e-13
1.12404e-13
7.70203e-14
5.09614e-14
3.26556e-14
2.03269e-14
1.23407e-14
7.33341e-15
4.27646e-15
2.45638e-15
1.39038e-15
7.76998e-16
4.292e-16
2.34599e-16
1.27004e-16
6.81921e-17
3.63121e-17
1.91933e-17
1.00749e-17
5.25461e-18
2.72641e-18
1.40632e-18
7.20531e-19
3.65904e-19
1.83237e-19
8.94461e-20
4.14114e-20
1.6843e-20
3.8924e-21
1.78958e-13
6.82246e-13
1.42343e-12
2.54236e-12
4.22305e-12
6.72828e-12
1.04294e-11
1.58336e-11
2.36047e-11
3.45645e-11
4.96781e-11
7.00503e-11
9.68464e-11
1.31101e-10
1.73005e-10
2.20148e-10
2.65155e-10
2.90447e-10
2.69543e-10
1.94296e-10
1.19534e-10
7.02725e-11
3.98842e-11
2.34612e-11
1.63086e-11
1.83405e-11
2.98449e-11
5.4408e-11
1.01406e-10
1.92546e-10
3.66433e-10
6.91467e-10
1.28926e-09
2.35357e-09
4.17401e-09
7.17418e-09
1.19039e-08
1.90518e-08
2.93889e-08
4.36654e-08
6.27026e-08
8.65968e-08
1.14727e-07
1.45842e-07
1.78029e-07
2.06582e-07
2.25704e-07
2.29579e-07
2.13499e-07
1.76474e-07
1.24622e-07
7.24354e-08
3.99196e-08
2.18013e-08
1.17505e-08
6.22525e-09
3.19918e-09
1.61241e-09
7.88717e-10
3.73157e-10
1.68771e-10
7.50104e-11
3.3532e-11
1.51373e-11
6.7139e-12
2.97263e-12
1.41476e-12
7.32514e-13
4.09177e-13
2.86694e-13
2.18238e-13
1.60443e-13
1.13918e-13
7.79481e-14
5.15092e-14
3.29333e-14
2.04423e-14
1.23699e-14
7.32496e-15
4.25697e-15
2.43587e-15
1.37383e-15
7.65468e-16
4.21629e-16
2.30197e-16
1.24474e-16
6.67343e-17
3.54754e-17
1.87169e-17
9.8028e-18
5.11746e-18
2.65434e-18
1.369e-18
7.01634e-19
3.56529e-19
1.78686e-19
8.73002e-20
4.0451e-20
1.64631e-20
3.80611e-21
1.79847e-13
6.85657e-13
1.43057e-12
2.55495e-12
4.24365e-12
6.76115e-12
1.04807e-11
1.59135e-11
2.37296e-11
3.47615e-11
4.99898e-11
7.05376e-11
9.76078e-11
1.32222e-10
1.74514e-10
2.21933e-10
2.66954e-10
2.91221e-10
2.67752e-10
1.90793e-10
1.16794e-10
6.82538e-11
3.85542e-11
2.27347e-11
1.6028e-11
1.85775e-11
3.05087e-11
5.55594e-11
1.03478e-10
1.9617e-10
3.72724e-10
7.02967e-10
1.30791e-09
2.38005e-09
4.21035e-09
7.2209e-09
1.19565e-08
1.90994e-08
2.94125e-08
4.36358e-08
6.25875e-08
8.63541e-08
1.14337e-07
1.45278e-07
1.77319e-07
2.05839e-07
2.25078e-07
2.2925e-07
2.13666e-07
1.77219e-07
1.25688e-07
7.39298e-08
4.06608e-08
2.22133e-08
1.1979e-08
6.35524e-09
3.26849e-09
1.64961e-09
8.0785e-10
3.82511e-10
1.74329e-10
7.76024e-11
3.46565e-11
1.56399e-11
6.96025e-12
3.06593e-12
1.45277e-12
7.50563e-13
4.17417e-13
2.87789e-13
2.19633e-13
1.61902e-13
1.15098e-13
7.87982e-14
5.19489e-14
3.31153e-14
2.04805e-14
1.23445e-14
7.28051e-15
4.21447e-15
2.40208e-15
1.34962e-15
7.48863e-16
4.11147e-16
2.23278e-16
1.20254e-16
6.42905e-17
3.41332e-17
1.80177e-17
9.46818e-18
4.94033e-18
2.56506e-18
1.32515e-18
6.80524e-19
3.46561e-19
1.74076e-19
8.52252e-20
3.95599e-20
1.61216e-20
3.73024e-21
)
;

boundaryField
{
    fuel
    {
        type            fixedValue;
        value           uniform 0;
    }
    air
    {
        type            fixedValue;
        value           uniform 0;
    }
    outlet
    {
        type            inletOutlet;
        inletValue      uniform 0;
        value           nonuniform List<scalar> 
200
(
1.79852e-13
6.85677e-13
1.43061e-12
2.55502e-12
4.24375e-12
6.76128e-12
1.04809e-11
1.59136e-11
2.37297e-11
3.47614e-11
4.99894e-11
7.05362e-11
9.76049e-11
1.32217e-10
1.74504e-10
2.21917e-10
2.66932e-10
2.91195e-10
2.67728e-10
1.90779e-10
1.16785e-10
6.82497e-11
3.85513e-11
2.27328e-11
1.6026e-11
1.85737e-11
3.05014e-11
5.55459e-11
1.03452e-10
1.9612e-10
3.72627e-10
7.02775e-10
1.30754e-09
2.37934e-09
4.20908e-09
7.21875e-09
1.19531e-08
1.90941e-08
2.94049e-08
4.36255e-08
6.25745e-08
8.63388e-08
1.14319e-07
1.45259e-07
1.77295e-07
2.05808e-07
2.25051e-07
2.29231e-07
2.13639e-07
1.77156e-07
1.25599e-07
7.40062e-08
4.07778e-08
2.22769e-08
1.20089e-08
6.36002e-09
3.29295e-09
1.66166e-09
8.1362e-10
3.8517e-10
1.75427e-10
7.8052e-11
3.48186e-11
1.56902e-11
6.97424e-12
3.06884e-12
1.45297e-12
7.50385e-13
4.17243e-13
2.87668e-13
2.19588e-13
1.61882e-13
1.15084e-13
7.8788e-14
5.19415e-14
3.31118e-14
2.04797e-14
1.23449e-14
7.28137e-15
4.21527e-15
2.40269e-15
1.35003e-15
7.4911e-16
4.11301e-16
2.23367e-16
1.20305e-16
6.43188e-17
3.41488e-17
1.80262e-17
9.4727e-18
4.94271e-18
2.5663e-18
1.32579e-18
6.80846e-19
3.46722e-19
1.74154e-19
8.52627e-20
3.95768e-20
1.61284e-20
3.73178e-21
1.79847e-13
6.85657e-13
1.43057e-12
2.55495e-12
4.24365e-12
6.76115e-12
1.04807e-11
1.59135e-11
2.37296e-11
3.47615e-11
4.99898e-11
7.05376e-11
9.76078e-11
1.32222e-10
1.74514e-10
2.21933e-10
2.66954e-10
2.91221e-10
2.67752e-10
1.90793e-10
1.16794e-10
6.82538e-11
3.85542e-11
2.27347e-11
1.6028e-11
1.85775e-11
3.05087e-11
5.55594e-11
1.03478e-10
1.9617e-10
3.72724e-10
7.02967e-10
1.30791e-09
2.38005e-09
4.21035e-09
7.2209e-09
1.19565e-08
1.90994e-08
2.94125e-08
4.36358e-08
6.25875e-08
8.63541e-08
1.14337e-07
1.45278e-07
1.77319e-07
2.05839e-07
2.25078e-07
2.2925e-07
2.13666e-07
1.77219e-07
1.25688e-07
7.39298e-08
4.06608e-08
2.22133e-08
1.1979e-08
6.35524e-09
3.26849e-09
1.64961e-09
8.0785e-10
3.82511e-10
1.74329e-10
7.76024e-11
3.46565e-11
1.56399e-11
6.96025e-12
3.06593e-12
1.45277e-12
7.50563e-13
4.17417e-13
2.87789e-13
2.19633e-13
1.61902e-13
1.15098e-13
7.87982e-14
5.19489e-14
3.31153e-14
2.04805e-14
1.23445e-14
7.28051e-15
4.21447e-15
2.40208e-15
1.34962e-15
7.48863e-16
4.11147e-16
2.23278e-16
1.20254e-16
6.42905e-17
3.41332e-17
1.80177e-17
9.46818e-18
4.94033e-18
2.56506e-18
1.32515e-18
6.80524e-19
3.46561e-19
1.74076e-19
8.52252e-20
3.95599e-20
1.61216e-20
3.73024e-21
)
;
    }
    frontAndBack
    {
        type            empty;
    }
    internal
    {
        type            internal;
    }
}


// ************************************************************************* //
