/*--------------------------------*- C++ -*----------------------------------*\
  =========                 |
  \\      /  F ield         | OpenFOAM: The Open Source CFD Toolbox
   \\    /   O peration     | Website:  https://openfoam.org
    \\  /    A nd           | Version:  10
     \\/     M anipulation  |
\*---------------------------------------------------------------------------*/
FoamFile
{
    format      ascii;
    class       volScalarField;
    location    "1";
    object      N2O;
}
// * * * * * * * * * * * * * * * * * * * * * * * * * * * * * * * * * * * * * //

dimensions      [0 0 0 0 0 0 0];

internalField   nonuniform List<scalar> 
4000
(
2.72998e-09
1.0407e-08
2.17095e-08
3.87624e-08
6.43618e-08
1.02507e-07
1.58848e-07
2.41135e-07
3.59589e-07
5.27042e-07
7.59001e-07
1.07416e-06
1.49507e-06
2.04784e-06
2.76031e-06
3.65498e-06
4.76091e-06
6.09504e-06
7.60207e-06
9.38559e-06
1.13216e-05
1.34485e-05
1.57968e-05
1.8222e-05
2.07484e-05
2.33446e-05
2.59923e-05
2.86753e-05
3.1314e-05
3.39364e-05
3.64943e-05
3.89629e-05
4.13421e-05
4.36156e-05
4.5774e-05
4.78293e-05
4.97968e-05
5.17215e-05
5.36672e-05
5.57365e-05
5.80977e-05
6.09124e-05
6.43898e-05
6.88109e-05
7.46135e-05
8.20199e-05
9.10116e-05
0.00010106
0.00011053
0.000115869
0.00011124
8.93914e-05
5.09896e-05
3.07545e-05
2.15736e-05
2.02191e-05
2.59109e-05
3.62873e-05
4.56002e-05
5.017e-05
4.99152e-05
4.65759e-05
4.19333e-05
3.6993e-05
3.21494e-05
2.74913e-05
2.31754e-05
1.91936e-05
1.54266e-05
1.2072e-05
9.26053e-06
6.79606e-06
4.81306e-06
3.28523e-06
2.15926e-06
1.37275e-06
8.46825e-07
5.09152e-07
2.99547e-07
1.72967e-07
9.83394e-08
5.51163e-08
3.05098e-08
1.67118e-08
9.0568e-09
4.86805e-09
2.59757e-09
1.37661e-09
7.25404e-10
3.80528e-10
1.9828e-10
1.0282e-10
5.30584e-11
2.72202e-11
1.38498e-11
6.95143e-12
3.40126e-12
1.57807e-12
6.42907e-13
1.48733e-13
2.71985e-09
1.03682e-08
2.1629e-08
3.86228e-08
6.41398e-08
1.02167e-07
1.58336e-07
2.40364e-07
3.58411e-07
5.25207e-07
7.56079e-07
1.06947e-06
1.48752e-06
2.03621e-06
2.74346e-06
3.63177e-06
4.72789e-06
6.04894e-06
7.54407e-06
9.32197e-06
1.12502e-05
1.33628e-05
1.56995e-05
1.81299e-05
2.06608e-05
2.32662e-05
2.59221e-05
2.86273e-05
3.12835e-05
3.39278e-05
3.65086e-05
3.90001e-05
4.14058e-05
4.37046e-05
4.58924e-05
4.79778e-05
4.99772e-05
5.19335e-05
5.39156e-05
5.60187e-05
5.84165e-05
6.12695e-05
6.478e-05
6.92506e-05
7.51121e-05
8.25833e-05
9.16282e-05
0.000101701
0.000111135
0.000116302
0.000111294
8.88831e-05
5.06711e-05
3.06385e-05
2.16421e-05
2.05107e-05
2.65513e-05
3.70764e-05
4.62766e-05
5.05908e-05
5.0073e-05
4.65583e-05
4.1819e-05
3.68243e-05
3.19428e-05
2.7295e-05
2.29672e-05
1.89776e-05
1.5214e-05
1.1879e-05
9.10066e-06
6.68219e-06
4.73596e-06
3.23358e-06
2.13291e-06
1.36088e-06
8.42867e-07
5.08831e-07
3.00554e-07
1.74208e-07
9.94166e-08
5.59219e-08
3.10763e-08
1.70742e-08
9.29808e-09
5.01591e-09
2.68348e-09
1.42385e-09
7.49997e-10
3.92271e-10
2.04473e-10
1.0593e-10
5.45784e-11
2.79477e-11
1.4191e-11
7.10806e-12
3.47123e-12
1.60792e-12
6.54286e-13
1.51253e-13
2.71316e-09
1.03435e-08
2.15804e-08
3.8542e-08
6.40157e-08
1.01984e-07
1.58062e-07
2.39927e-07
3.57674e-07
5.23908e-07
7.5373e-07
1.06515e-06
1.48031e-06
2.02491e-06
2.7265e-06
3.60778e-06
4.69704e-06
6.00682e-06
7.48895e-06
9.25322e-06
1.11695e-05
1.3278e-05
1.55909e-05
1.80665e-05
2.05939e-05
2.3204e-05
2.58665e-05
2.85903e-05
3.12668e-05
3.39398e-05
3.65536e-05
3.90774e-05
4.15186e-05
4.386e-05
4.60898e-05
4.82185e-05
5.02629e-05
5.22662e-05
5.42958e-05
5.64659e-05
5.89187e-05
6.18221e-05
6.53955e-05
6.99562e-05
7.59153e-05
8.34889e-05
9.26177e-05
0.000102727
0.000112048
0.000116871
0.000111162
8.77192e-05
5.01017e-05
3.04347e-05
2.17673e-05
2.10242e-05
2.75503e-05
3.82644e-05
4.72501e-05
5.11789e-05
5.02862e-05
4.65476e-05
4.16894e-05
3.66267e-05
3.1706e-05
2.70551e-05
2.2713e-05
1.87252e-05
1.49774e-05
1.1673e-05
8.93474e-06
6.55879e-06
4.6558e-06
3.18592e-06
2.10432e-06
1.34561e-06
8.35619e-07
5.06009e-07
2.99858e-07
1.74309e-07
9.98254e-08
5.63405e-08
3.13988e-08
1.72993e-08
9.43262e-09
5.09486e-09
2.72974e-09
1.45069e-09
7.65419e-10
4.01157e-10
2.08955e-10
1.08282e-10
5.57933e-11
2.85604e-11
1.44934e-11
7.25404e-12
3.53965e-12
1.63837e-12
6.66282e-13
1.53972e-13
2.70164e-09
1.02994e-08
2.14875e-08
3.83736e-08
6.37294e-08
1.01512e-07
1.57298e-07
2.38711e-07
3.55761e-07
5.20939e-07
7.49208e-07
1.0585e-06
1.47062e-06
2.01099e-06
2.70703e-06
3.58145e-06
4.66239e-06
5.96634e-06
7.4427e-06
9.19523e-06
1.11028e-05
1.32037e-05
1.55085e-05
1.79928e-05
2.05316e-05
2.31536e-05
2.58283e-05
2.85731e-05
3.12727e-05
3.39766e-05
3.66286e-05
3.91915e-05
4.16749e-05
4.4057e-05
4.63379e-05
4.85193e-05
5.0618e-05
5.26776e-05
5.47785e-05
5.69935e-05
5.95148e-05
6.25004e-05
6.61688e-05
7.08255e-05
7.6898e-05
8.4592e-05
9.38074e-05
0.000103957
0.000113159
0.000117548
0.000110965
8.6199e-05
4.93019e-05
3.01388e-05
2.19153e-05
2.17014e-05
2.88384e-05
3.97723e-05
4.84727e-05
5.19156e-05
5.05764e-05
4.65665e-05
4.15674e-05
3.64352e-05
3.14716e-05
2.67907e-05
2.24446e-05
1.84611e-05
1.47305e-05
1.1455e-05
8.75698e-06
6.41756e-06
4.53708e-06
3.09697e-06
2.04387e-06
1.30808e-06
8.14109e-07
4.94693e-07
2.94525e-07
1.72273e-07
9.91145e-08
5.61232e-08
3.1373e-08
1.73315e-08
9.47134e-09
5.12541e-09
2.75042e-09
1.46319e-09
7.72652e-10
4.05255e-10
2.11285e-10
1.09493e-10
5.64111e-11
2.8873e-11
1.46499e-11
7.33122e-12
3.5768e-12
1.65541e-12
6.73189e-13
1.55565e-13
2.68928e-09
1.02523e-08
2.13892e-08
3.81975e-08
6.34349e-08
1.01038e-07
1.56551e-07
2.37554e-07
3.53992e-07
5.18263e-07
7.45203e-07
1.0526e-06
1.46209e-06
1.999e-06
2.69064e-06
3.55988e-06
4.63481e-06
5.93217e-06
7.40126e-06
9.14655e-06
1.10514e-05
1.31509e-05
1.54479e-05
1.79398e-05
2.04849e-05
2.31163e-05
2.58076e-05
2.85757e-05
3.13004e-05
3.40384e-05
3.67265e-05
3.93255e-05
4.18521e-05
4.4282e-05
4.66163e-05
4.88519e-05
5.10056e-05
5.31314e-05
5.52835e-05
5.75754e-05
6.01572e-05
6.32137e-05
6.69755e-05
7.17353e-05
7.79233e-05
8.57351e-05
9.5023e-05
0.00010516
0.000114166
0.000117985
0.000110283
8.40487e-05
4.81887e-05
2.96928e-05
2.19977e-05
2.23458e-05
3.007e-05
4.11674e-05
4.95581e-05
5.25421e-05
5.08113e-05
4.6576e-05
4.14575e-05
3.62556e-05
3.12547e-05
2.65556e-05
2.22039e-05
1.82181e-05
1.4496e-05
1.12456e-05
8.58495e-06
6.27237e-06
4.43295e-06
3.02667e-06
1.99931e-06
1.28148e-06
7.98932e-07
4.86342e-07
2.90013e-07
1.6981e-07
9.79242e-08
5.56433e-08
3.11898e-08
1.72677e-08
9.45134e-09
5.1227e-09
2.7532e-09
1.46644e-09
7.75117e-10
4.06858e-10
2.12257e-10
1.10034e-10
5.66995e-11
2.90219e-11
1.47248e-11
7.3681e-12
3.59448e-12
1.66347e-12
6.76442e-13
1.56314e-13
2.67585e-09
1.0201e-08
2.12816e-08
3.80038e-08
6.311e-08
1.00514e-07
1.5573e-07
2.36292e-07
3.52086e-07
5.15426e-07
7.41036e-07
1.04659e-06
1.45363e-06
1.98744e-06
2.67536e-06
3.54049e-06
4.61113e-06
5.90457e-06
7.37054e-06
9.10928e-06
1.10125e-05
1.31122e-05
1.54021e-05
1.78998e-05
2.04518e-05
2.30971e-05
2.58054e-05
2.85973e-05
3.13489e-05
3.41192e-05
3.68425e-05
3.94785e-05
4.20474e-05
4.45237e-05
4.69098e-05
4.92021e-05
5.14185e-05
5.36001e-05
5.5816e-05
5.81588e-05
6.08099e-05
6.39524e-05
6.77885e-05
7.26375e-05
7.89298e-05
8.68516e-05
9.62119e-05
0.000106344
0.000115115
0.000118319
0.000109436
8.16123e-05
4.68906e-05
2.915e-05
2.20569e-05
2.30492e-05
3.13903e-05
4.26264e-05
5.06698e-05
5.31549e-05
5.10493e-05
4.65967e-05
4.13707e-05
3.61114e-05
3.10815e-05
2.63713e-05
2.20263e-05
1.79514e-05
1.42695e-05
1.10574e-05
8.41693e-06
6.14294e-06
4.3389e-06
2.96182e-06
1.95663e-06
1.25475e-06
7.82845e-07
4.77028e-07
2.84805e-07
1.66994e-07
9.63499e-08
5.47964e-08
3.07605e-08
1.70648e-08
9.36626e-09
5.08693e-09
2.73856e-09
1.46041e-09
7.72685e-10
4.05896e-10
2.11897e-10
1.09894e-10
5.66387e-11
2.89962e-11
1.4714e-11
7.36347e-12
3.59248e-12
1.66264e-12
6.76131e-13
1.56247e-13
2.66252e-09
1.01501e-08
2.11751e-08
3.78128e-08
6.27911e-08
1.00004e-07
1.54935e-07
2.35082e-07
3.50276e-07
5.12761e-07
7.37166e-07
1.04106e-06
1.44595e-06
1.97706e-06
2.66177e-06
3.52343e-06
4.59044e-06
5.88051e-06
7.34351e-06
9.07571e-06
1.09778e-05
1.30805e-05
1.53659e-05
1.78697e-05
2.04326e-05
2.30916e-05
2.5817e-05
2.86312e-05
3.14088e-05
3.42095e-05
3.69655e-05
3.96382e-05
4.22473e-05
4.47665e-05
4.71984e-05
4.9538e-05
5.18095e-05
5.40439e-05
5.63086e-05
5.87099e-05
6.14367e-05
6.46501e-05
6.85635e-05
7.34993e-05
7.98851e-05
8.78926e-05
9.72767e-05
0.000107342
0.000115922
0.000118394
0.000108144
7.8335e-05
4.51922e-05
2.84061e-05
2.19938e-05
2.36525e-05
3.25275e-05
4.38205e-05
5.15237e-05
5.35968e-05
5.1235e-05
4.66039e-05
4.12837e-05
3.59772e-05
3.09241e-05
2.62031e-05
2.18558e-05
1.77742e-05
1.41042e-05
1.09089e-05
8.29483e-06
6.04486e-06
4.26463e-06
2.90805e-06
1.91988e-06
1.23101e-06
7.68181e-07
4.68331e-07
2.79821e-07
1.64233e-07
9.48492e-08
5.3996e-08
3.03388e-08
1.68428e-08
9.24732e-09
5.02551e-09
2.70769e-09
1.44514e-09
7.65243e-10
4.02313e-10
2.10203e-10
1.09101e-10
5.62807e-11
2.88305e-11
1.46359e-11
7.32641e-12
3.57504e-12
1.65475e-12
6.72968e-13
1.55522e-13
2.64981e-09
1.01016e-08
2.10737e-08
3.76311e-08
6.24883e-08
9.952e-08
1.54185e-07
2.33945e-07
3.48587e-07
5.10291e-07
7.3361e-07
1.03604e-06
1.43902e-06
1.9678e-06
2.64978e-06
3.50854e-06
4.57263e-06
5.86012e-06
7.32103e-06
9.0473e-06
1.09504e-05
1.30542e-05
1.534e-05
1.78528e-05
2.04259e-05
2.3098e-05
2.58404e-05
2.86774e-05
3.14777e-05
3.43046e-05
3.70926e-05
3.97997e-05
4.24471e-05
4.50066e-05
4.74814e-05
4.98737e-05
5.21898e-05
5.44713e-05
5.6782e-05
5.92323e-05
6.19946e-05
6.52548e-05
6.9225e-05
7.42327e-05
8.07051e-05
8.8805e-05
9.82465e-05
0.000108275
0.000116564
0.000118378
0.000106901
7.47837e-05
4.33499e-05
2.75721e-05
2.18474e-05
2.41565e-05
3.35048e-05
4.48495e-05
5.22706e-05
5.39831e-05
5.1353e-05
4.65759e-05
4.11846e-05
3.58372e-05
3.07598e-05
2.60332e-05
2.16871e-05
1.75864e-05
1.39413e-05
1.07724e-05
8.18443e-06
5.9577e-06
4.19591e-06
2.85706e-06
1.88445e-06
1.20784e-06
7.53688e-07
4.59621e-07
2.74758e-07
1.61381e-07
9.32722e-08
5.31414e-08
2.98834e-08
1.66036e-08
9.12341e-09
4.9625e-09
2.67369e-09
1.42805e-09
7.56688e-10
3.98038e-10
2.08082e-10
1.08037e-10
5.57421e-11
2.85612e-11
1.45028e-11
7.26148e-12
3.54412e-12
1.64075e-12
6.67371e-13
1.54244e-13
2.6382e-09
1.00574e-08
2.09813e-08
3.74658e-08
6.22134e-08
9.90823e-08
1.53508e-07
2.32925e-07
3.4708e-07
5.08102e-07
7.30478e-07
1.03164e-06
1.43301e-06
1.95982e-06
2.63955e-06
3.49599e-06
4.55786e-06
5.84366e-06
7.30394e-06
9.02576e-06
1.09286e-05
1.30353e-05
1.53246e-05
1.78446e-05
2.04274e-05
2.31122e-05
2.58701e-05
2.87272e-05
3.15489e-05
3.44028e-05
3.72235e-05
3.99632e-05
4.2643e-05
4.52383e-05
4.77577e-05
5.01889e-05
5.25459e-05
5.4869e-05
5.72251e-05
5.97313e-05
6.25556e-05
6.58763e-05
6.99077e-05
7.49831e-05
8.1526e-05
8.96756e-05
9.91325e-05
0.000109083
0.000117052
0.000118181
0.000105426
7.16428e-05
4.16572e-05
2.67902e-05
2.17148e-05
2.4619e-05
3.44138e-05
4.57694e-05
5.29006e-05
5.42885e-05
5.14309e-05
4.65355e-05
4.10855e-05
3.57011e-05
3.05921e-05
2.5851e-05
2.1507e-05
1.74099e-05
1.37759e-05
1.06208e-05
8.05571e-06
5.85767e-06
4.12199e-06
2.80528e-06
1.84978e-06
1.18568e-06
7.40005e-07
4.51443e-07
2.70001e-07
1.58681e-07
9.1767e-08
5.23164e-08
2.9438e-08
1.63662e-08
8.99826e-09
4.89773e-09
2.64012e-09
1.41079e-09
7.4786e-10
3.93545e-10
2.05818e-10
1.06891e-10
5.51636e-11
2.82703e-11
1.43574e-11
7.18966e-12
3.50947e-12
1.62485e-12
6.60946e-13
1.52763e-13
2.62789e-09
1.0018e-08
2.08992e-08
3.73192e-08
6.19702e-08
9.86959e-08
1.52913e-07
2.3203e-07
3.45763e-07
5.06201e-07
7.27777e-07
1.02788e-06
1.42789e-06
1.95307e-06
2.63091e-06
3.48541e-06
4.54537e-06
5.82964e-06
7.2887e-06
9.00638e-06
1.09109e-05
1.30198e-05
1.5314e-05
1.78423e-05
2.04347e-05
2.31317e-05
2.59048e-05
2.878e-05
3.16228e-05
3.45025e-05
3.73482e-05
4.01156e-05
4.28269e-05
4.54599e-05
4.80126e-05
5.04798e-05
5.28749e-05
5.52365e-05
5.76392e-05
6.01869e-05
6.30584e-05
6.64314e-05
7.05187e-05
7.56574e-05
8.22578e-05
9.0458e-05
9.99232e-05
0.000109745
0.000117295
0.000117606
0.000103372
6.79604e-05
3.9759e-05
2.591e-05
2.14951e-05
2.49673e-05
3.5136e-05
4.64935e-05
5.3396e-05
5.45264e-05
5.14896e-05
4.6502e-05
4.10156e-05
3.56275e-05
3.03992e-05
2.56806e-05
2.13491e-05
1.72634e-05
1.36437e-05
1.05117e-05
7.96129e-06
5.7804e-06
4.06324e-06
2.7632e-06
1.82104e-06
1.16699e-06
7.2826e-07
4.44306e-07
2.65775e-07
1.56245e-07
9.03895e-08
5.1551e-08
2.90192e-08
1.61401e-08
8.87768e-09
4.83458e-09
2.6071e-09
1.39366e-09
7.39032e-10
3.89021e-10
2.03505e-10
1.05714e-10
5.45677e-11
2.797e-11
1.42071e-11
7.1153e-12
3.47352e-12
1.60833e-12
6.54256e-13
1.51221e-13
2.61894e-09
9.98395e-09
2.08281e-08
3.71924e-08
6.17599e-08
9.83624e-08
1.524e-07
2.31261e-07
3.44638e-07
5.04586e-07
7.25505e-07
1.02475e-06
1.4237e-06
1.94763e-06
2.62389e-06
3.47705e-06
4.53597e-06
5.81975e-06
7.27849e-06
8.99335e-06
1.08992e-05
1.3011e-05
1.53098e-05
1.78454e-05
2.04465e-05
2.31546e-05
2.59412e-05
2.88339e-05
3.16963e-05
3.45965e-05
3.74665e-05
4.02608e-05
4.30026e-05
4.56616e-05
4.8243e-05
5.07407e-05
5.3166e-05
5.55606e-05
5.80016e-05
6.05881e-05
6.35015e-05
6.69206e-05
7.1058e-05
7.62551e-05
8.29219e-05
9.11838e-05
0.000100655
0.000110381
0.000117609
0.000117251
0.000101837
6.4824e-05
3.81185e-05
2.51438e-05
2.13028e-05
2.52645e-05
3.5765e-05
4.71346e-05
5.3836e-05
5.47343e-05
5.15329e-05
4.646e-05
4.09299e-05
3.55148e-05
3.02792e-05
2.55493e-05
2.12187e-05
1.71351e-05
1.35258e-05
1.04196e-05
7.88579e-06
5.71842e-06
4.0154e-06
2.72851e-06
1.79704e-06
1.15117e-06
7.18202e-07
4.38129e-07
2.62054e-07
1.5408e-07
8.91536e-08
5.08578e-08
2.86364e-08
1.59317e-08
8.76555e-09
4.77516e-09
2.5758e-09
1.37731e-09
7.30569e-10
3.84684e-10
2.0121e-10
1.04549e-10
5.39782e-11
2.76732e-11
1.40586e-11
7.04185e-12
3.43801e-12
1.592e-12
6.47644e-13
1.49697e-13
2.61133e-09
9.95497e-09
2.07677e-08
3.70847e-08
6.15818e-08
9.80805e-08
1.51968e-07
2.30616e-07
3.43696e-07
5.03242e-07
7.23627e-07
1.02219e-06
1.4203e-06
1.94326e-06
2.6183e-06
3.47054e-06
4.52868e-06
5.8118e-06
7.27037e-06
8.98348e-06
1.08908e-05
1.30058e-05
1.53093e-05
1.78517e-05
2.0461e-05
2.31792e-05
2.59781e-05
2.88854e-05
3.17639e-05
3.46823e-05
3.75739e-05
4.03905e-05
4.31552e-05
4.58407e-05
4.84486e-05
5.09735e-05
5.3426e-05
5.58546e-05
5.83245e-05
6.09418e-05
6.38883e-05
6.73415e-05
7.15109e-05
7.68205e-05
8.3538e-05
9.18496e-05
0.000101343
0.000111009
0.000118013
0.000117131
0.000100761
6.25592e-05
3.68817e-05
2.45628e-05
2.11909e-05
2.5578e-05
3.63576e-05
4.77059e-05
5.42114e-05
5.49021e-05
5.15606e-05
4.64164e-05
4.08522e-05
3.54179e-05
3.0185e-05
2.54481e-05
2.11153e-05
1.70334e-05
1.34309e-05
1.03511e-05
7.82834e-06
5.67306e-06
3.97811e-06
2.7004e-06
1.77711e-06
1.13782e-06
7.09593e-07
4.32781e-07
2.58821e-07
1.52181e-07
8.80601e-08
5.02396e-08
2.82925e-08
1.57431e-08
8.66349e-09
4.72064e-09
2.54693e-09
1.36217e-09
7.22685e-10
3.80621e-10
1.99086e-10
1.03465e-10
5.34274e-11
2.73948e-11
1.39189e-11
6.97264e-12
3.4045e-12
1.57657e-12
6.41389e-13
1.48255e-13
2.60497e-09
9.93075e-09
2.07173e-08
3.69949e-08
6.14334e-08
9.78461e-08
1.51609e-07
2.30082e-07
3.42919e-07
5.02138e-07
7.2209e-07
1.0201e-06
1.41756e-06
1.93981e-06
2.61399e-06
3.46559e-06
4.52305e-06
5.80595e-06
7.26481e-06
8.97662e-06
1.08857e-05
1.30038e-05
1.53117e-05
1.78607e-05
2.04781e-05
2.32062e-05
2.60164e-05
2.89372e-05
3.18294e-05
3.47626e-05
3.76717e-05
4.05068e-05
4.32915e-05
4.59998e-05
4.86316e-05
5.11803e-05
5.36616e-05
5.61149e-05
5.86103e-05
6.12544e-05
6.423e-05
6.77157e-05
7.19239e-05
7.72827e-05
8.40469e-05
9.23996e-05
0.000101906
0.000111513
0.000118299
0.000116954
9.98179e-05
5.99049e-05
3.5553e-05
2.39705e-05
2.10613e-05
2.58324e-05
3.68321e-05
4.81468e-05
5.44936e-05
5.5024e-05
5.15777e-05
4.63806e-05
4.07895e-05
3.53393e-05
3.01097e-05
2.53664e-05
2.10294e-05
1.69484e-05
1.33499e-05
1.02917e-05
7.77433e-06
5.62821e-06
3.94402e-06
2.67552e-06
1.75975e-06
1.12626e-06
7.02147e-07
4.28146e-07
2.56016e-07
1.50527e-07
8.71028e-08
4.96957e-08
2.79885e-08
1.55756e-08
8.57242e-09
4.67178e-09
2.52094e-09
1.34847e-09
7.1553e-10
3.76917e-10
1.97176e-10
1.02485e-10
5.29281e-11
2.71418e-11
1.37917e-11
6.90945e-12
3.37385e-12
1.56245e-12
6.35657e-13
1.46931e-13
2.59974e-09
9.91081e-09
2.06758e-08
3.69211e-08
6.13114e-08
9.76534e-08
1.51315e-07
2.29643e-07
3.42282e-07
5.0123e-07
7.20825e-07
1.01838e-06
1.41528e-06
1.9369e-06
2.61028e-06
3.46112e-06
4.51817e-06
5.80108e-06
7.26056e-06
8.97153e-06
1.08826e-05
1.30034e-05
1.53153e-05
1.78699e-05
2.0494e-05
2.32306e-05
2.60504e-05
2.8983e-05
3.18878e-05
3.48353e-05
3.77602e-05
4.06114e-05
4.34126e-05
4.6137e-05
4.87884e-05
5.13586e-05
5.38612e-05
5.63362e-05
5.8854e-05
6.15221e-05
6.45255e-05
6.80461e-05
7.22969e-05
7.77047e-05
8.45191e-05
9.29167e-05
0.000102442
0.000112001
0.000118604
0.000116847
9.89788e-05
5.8512e-05
3.48073e-05
2.36328e-05
2.10227e-05
2.60658e-05
3.72236e-05
4.85056e-05
5.47202e-05
5.51232e-05
5.15931e-05
4.63535e-05
4.07402e-05
3.52767e-05
3.00498e-05
2.53007e-05
2.09619e-05
1.68814e-05
1.32865e-05
1.02452e-05
7.73313e-06
5.59377e-06
3.91687e-06
2.65524e-06
1.74537e-06
1.11658e-06
6.95869e-07
4.24215e-07
2.53625e-07
1.4911e-07
8.62793e-08
4.9226e-08
2.77249e-08
1.54298e-08
8.49285e-09
4.62893e-09
2.49808e-09
1.33639e-09
7.09202e-10
3.73633e-10
1.9548e-10
1.01615e-10
5.2484e-11
2.69166e-11
1.36784e-11
6.85311e-12
3.34651e-12
1.54984e-12
6.30539e-13
1.4575e-13
2.59551e-09
9.89474e-09
2.06423e-08
3.68616e-08
6.12132e-08
9.74985e-08
1.51078e-07
2.29291e-07
3.41771e-07
5.00504e-07
7.19811e-07
1.017e-06
1.41345e-06
1.93457e-06
2.60727e-06
3.4578e-06
4.51473e-06
5.79782e-06
7.25782e-06
8.96826e-06
1.08809e-05
1.30043e-05
1.53199e-05
1.78795e-05
2.05095e-05
2.32529e-05
2.60808e-05
2.9023e-05
3.19388e-05
3.4898e-05
3.78361e-05
4.07013e-05
4.35171e-05
4.62575e-05
4.89233e-05
5.15085e-05
5.4027e-05
5.65198e-05
5.90576e-05
6.17484e-05
6.47784e-05
6.83266e-05
7.26079e-05
7.8053e-05
8.49108e-05
9.33525e-05
0.000102905
0.000112444
0.000118918
0.00011685
9.84341e-05
5.77239e-05
3.43952e-05
2.34709e-05
2.10609e-05
2.63152e-05
3.7607e-05
4.88498e-05
5.49377e-05
5.52172e-05
5.16098e-05
4.63323e-05
4.07007e-05
3.52266e-05
3.00025e-05
2.52489e-05
2.09083e-05
1.68274e-05
1.32356e-05
1.02078e-05
7.70029e-06
5.56588e-06
3.89461e-06
2.63849e-06
1.73346e-06
1.10853e-06
6.90624e-07
4.20919e-07
2.51613e-07
1.47914e-07
8.55822e-08
4.88271e-08
2.75004e-08
1.53053e-08
8.42473e-09
4.59216e-09
2.47841e-09
1.32598e-09
7.03739e-10
3.70792e-10
1.94011e-10
1.00861e-10
5.20986e-11
2.6721e-11
1.35799e-11
6.80414e-12
3.32273e-12
1.53887e-12
6.26086e-13
1.44721e-13
2.5922e-09
9.88214e-09
2.06161e-08
3.6815e-08
6.11365e-08
9.73777e-08
1.50894e-07
2.29018e-07
3.41375e-07
4.99943e-07
7.19032e-07
1.01594e-06
1.41209e-06
1.93287e-06
2.60515e-06
3.45545e-06
4.51225e-06
5.79549e-06
7.25596e-06
8.96604e-06
1.08802e-05
1.30059e-05
1.53244e-05
1.78883e-05
2.05232e-05
2.32723e-05
2.61072e-05
2.90578e-05
3.19826e-05
3.49516e-05
3.79003e-05
4.07773e-05
4.36058e-05
4.63587e-05
4.90381e-05
5.16389e-05
5.41727e-05
5.66811e-05
5.92354e-05
6.19441e-05
6.4994e-05
6.85661e-05
7.28759e-05
7.83549e-05
8.5253e-05
9.37381e-05
0.000103325
0.000112864
0.000119269
0.000117005
9.82446e-05
5.73079e-05
3.41742e-05
2.33997e-05
2.11284e-05
2.65457e-05
3.79485e-05
4.91642e-05
5.51426e-05
5.5313e-05
5.1634e-05
4.63204e-05
4.06711e-05
3.51871e-05
2.99652e-05
2.52072e-05
2.08645e-05
1.67834e-05
1.31931e-05
1.01769e-05
7.67267e-06
5.54265e-06
3.87617e-06
2.62468e-06
1.72366e-06
1.10193e-06
6.86325e-07
4.18214e-07
2.49959e-07
1.46927e-07
8.50056e-08
4.84964e-08
2.73138e-08
1.52017e-08
8.3679e-09
4.56142e-09
2.46196e-09
1.31726e-09
6.99154e-10
3.68406e-10
1.92777e-10
1.00226e-10
5.17742e-11
2.65562e-11
1.34969e-11
6.76286e-12
3.30269e-12
1.52962e-12
6.22331e-13
1.43854e-13
2.58971e-09
9.87264e-09
2.05964e-08
3.678e-08
6.10789e-08
9.72872e-08
1.50757e-07
2.28816e-07
3.41085e-07
4.99537e-07
7.18476e-07
1.0152e-06
1.41114e-06
1.93168e-06
2.60364e-06
3.45374e-06
4.51047e-06
5.79392e-06
7.25489e-06
8.96482e-06
1.08803e-05
1.30079e-05
1.5329e-05
1.78963e-05
2.05354e-05
2.32895e-05
2.61302e-05
2.90873e-05
3.20192e-05
3.4996e-05
3.79535e-05
4.08389e-05
4.36767e-05
4.64401e-05
4.9131e-05
5.17426e-05
5.42878e-05
5.68083e-05
5.93755e-05
6.20981e-05
6.5164e-05
6.87543e-05
7.30863e-05
7.85935e-05
8.55226e-05
9.40372e-05
0.000103641
0.000113165
0.00011949
0.000117055
9.80296e-05
5.68232e-05
3.39486e-05
2.33295e-05
2.1178e-05
2.67178e-05
3.82046e-05
4.94055e-05
5.53069e-05
5.53957e-05
5.16599e-05
4.63159e-05
4.0651e-05
3.5158e-05
2.99375e-05
2.51757e-05
2.08309e-05
1.67492e-05
1.316e-05
1.01528e-05
7.65103e-06
5.52469e-06
3.86197e-06
2.61402e-06
1.71606e-06
1.09678e-06
6.82952e-07
4.16079e-07
2.48646e-07
1.46141e-07
8.45451e-08
4.82317e-08
2.71642e-08
1.51184e-08
8.3222e-09
4.53668e-09
2.4487e-09
1.31022e-09
6.95457e-10
3.66481e-10
1.9178e-10
9.97135e-11
5.15124e-11
2.64233e-11
1.34299e-11
6.72954e-12
3.2865e-12
1.52215e-12
6.19299e-13
1.43154e-13
2.58794e-09
9.86594e-09
2.05825e-08
3.67554e-08
6.10386e-08
9.72245e-08
1.50662e-07
2.28678e-07
3.40887e-07
4.99257e-07
7.18086e-07
1.01467e-06
1.41042e-06
1.93079e-06
2.60251e-06
3.45255e-06
4.5093e-06
5.79294e-06
7.25432e-06
8.96419e-06
1.08807e-05
1.30097e-05
1.53327e-05
1.79026e-05
2.05447e-05
2.33024e-05
2.61472e-05
2.91091e-05
3.20462e-05
3.50289e-05
3.79927e-05
4.08849e-05
4.37298e-05
4.65007e-05
4.91996e-05
5.18194e-05
5.4373e-05
5.69023e-05
5.94789e-05
6.2212e-05
6.52899e-05
6.88943e-05
7.32426e-05
7.87694e-05
8.57216e-05
9.42603e-05
0.000103881
0.000113401
0.00011968
0.00011713
9.79181e-05
5.66362e-05
3.38561e-05
2.33203e-05
2.12616e-05
2.68114e-05
3.83788e-05
4.95793e-05
5.54326e-05
5.54645e-05
5.1686e-05
4.63172e-05
4.06387e-05
3.5138e-05
2.99179e-05
2.51533e-05
2.08068e-05
1.67245e-05
1.31361e-05
1.01353e-05
7.63539e-06
5.51144e-06
3.85136e-06
2.60601e-06
1.71036e-06
1.09293e-06
6.80446e-07
4.14511e-07
2.47691e-07
1.45573e-07
8.42124e-08
4.80402e-08
2.70558e-08
1.50579e-08
8.28887e-09
4.51857e-09
2.43895e-09
1.30502e-09
6.92712e-10
3.65044e-10
1.91033e-10
9.9328e-11
5.1315e-11
2.63229e-11
1.33793e-11
6.70438e-12
3.27429e-12
1.51652e-12
6.1701e-13
1.42625e-13
2.58682e-09
9.86167e-09
2.05736e-08
3.67396e-08
6.10127e-08
9.71837e-08
1.506e-07
2.28585e-07
3.40751e-07
4.99064e-07
7.17817e-07
1.01431e-06
1.40996e-06
1.93022e-06
2.6018e-06
3.45178e-06
4.50856e-06
5.79236e-06
7.25404e-06
8.96391e-06
1.08811e-05
1.3011e-05
1.53354e-05
1.7907e-05
2.0551e-05
2.33111e-05
2.61586e-05
2.91238e-05
3.20644e-05
3.50507e-05
3.80188e-05
4.09155e-05
4.37651e-05
4.65408e-05
4.92447e-05
5.18697e-05
5.44288e-05
5.69638e-05
5.95465e-05
6.22863e-05
6.5372e-05
6.89854e-05
7.33442e-05
7.88828e-05
8.58473e-05
9.43964e-05
0.000104021
0.000113529
0.000119771
0.000117145
9.78167e-05
5.64495e-05
3.37625e-05
2.32883e-05
2.12799e-05
2.68799e-05
3.84839e-05
4.96843e-05
5.55105e-05
5.55085e-05
5.17038e-05
4.63192e-05
4.06316e-05
3.51256e-05
2.99057e-05
2.51388e-05
2.07911e-05
1.67083e-05
1.31203e-05
1.01238e-05
7.62498e-06
5.50265e-06
3.84434e-06
2.6007e-06
1.70653e-06
1.09032e-06
6.78757e-07
4.13449e-07
2.47041e-07
1.45186e-07
8.39871e-08
4.79114e-08
2.69833e-08
1.50177e-08
8.26685e-09
4.50667e-09
2.43257e-09
1.30164e-09
6.90933e-10
3.64116e-10
1.90551e-10
9.90789e-11
5.11868e-11
2.62573e-11
1.33461e-11
6.68776e-12
3.26619e-12
1.51277e-12
6.15486e-13
1.42273e-13
2.58626e-09
9.85954e-09
2.05692e-08
3.67318e-08
6.09997e-08
9.71633e-08
1.50569e-07
2.28539e-07
3.40686e-07
4.98972e-07
7.17691e-07
1.01414e-06
1.40974e-06
1.92995e-06
2.60147e-06
3.45143e-06
4.50823e-06
5.79211e-06
7.25395e-06
8.96384e-06
1.08814e-05
1.30118e-05
1.53368e-05
1.79094e-05
2.05544e-05
2.33157e-05
2.61646e-05
2.91314e-05
3.20738e-05
3.5062e-05
3.80321e-05
4.09311e-05
4.37829e-05
4.6561e-05
4.92672e-05
5.18948e-05
5.44564e-05
5.69942e-05
5.95798e-05
6.23228e-05
6.5412e-05
6.90292e-05
7.33917e-05
7.8934e-05
8.5901e-05
9.44495e-05
0.000104067
0.000113559
0.000119772
0.000117109
9.77406e-05
5.6246e-05
3.36581e-05
2.32355e-05
2.12522e-05
2.69136e-05
3.8543e-05
4.97524e-05
5.55609e-05
5.55346e-05
5.17125e-05
4.6319e-05
4.06273e-05
3.51191e-05
2.98996e-05
2.51317e-05
2.07833e-05
1.67003e-05
1.31125e-05
1.01181e-05
7.61988e-06
5.49834e-06
3.8409e-06
2.59807e-06
1.70459e-06
1.08896e-06
6.77837e-07
4.12857e-07
2.46676e-07
1.44967e-07
8.38594e-08
4.78383e-08
2.69423e-08
1.4995e-08
8.25445e-09
4.5e-09
2.42902e-09
1.29977e-09
6.89954e-10
3.63609e-10
1.90291e-10
9.89459e-11
5.11194e-11
2.62233e-11
1.3329e-11
6.67931e-12
3.26209e-12
1.51088e-12
6.1472e-13
1.42096e-13
2.58625e-09
9.85951e-09
2.05691e-08
3.67317e-08
6.09996e-08
9.7163e-08
1.50569e-07
2.28539e-07
3.40685e-07
4.98971e-07
7.1769e-07
1.01414e-06
1.40974e-06
1.92996e-06
2.60147e-06
3.45144e-06
4.50824e-06
5.79213e-06
7.25399e-06
8.96388e-06
1.08814e-05
1.30119e-05
1.53369e-05
1.79095e-05
2.05546e-05
2.33159e-05
2.61648e-05
2.91316e-05
3.20739e-05
3.50622e-05
3.80323e-05
4.09312e-05
4.37831e-05
4.65611e-05
4.92674e-05
5.1895e-05
5.44567e-05
5.69946e-05
5.95803e-05
6.23232e-05
6.54124e-05
6.90294e-05
7.33916e-05
7.8934e-05
8.59023e-05
9.44559e-05
0.000104086
0.000113603
0.00011986
0.000117273
9.80504e-05
5.6118e-05
3.3604e-05
2.32108e-05
2.12382e-05
2.69722e-05
3.85873e-05
4.97706e-05
5.55633e-05
5.55321e-05
5.17105e-05
4.63182e-05
4.06273e-05
3.51192e-05
2.98997e-05
2.51317e-05
2.07833e-05
1.67002e-05
1.31124e-05
1.0118e-05
7.61976e-06
5.49823e-06
3.84079e-06
2.59798e-06
1.70451e-06
1.0889e-06
6.77787e-07
4.12822e-07
2.46652e-07
1.44953e-07
8.38506e-08
4.78332e-08
2.69394e-08
1.49934e-08
8.2536e-09
4.49955e-09
2.42878e-09
1.29965e-09
6.89896e-10
3.63581e-10
1.90278e-10
9.89398e-11
5.11166e-11
2.62221e-11
1.33285e-11
6.67909e-12
3.262e-12
1.51084e-12
6.14706e-13
1.42093e-13
2.5868e-09
9.8616e-09
2.05735e-08
3.67393e-08
6.10121e-08
9.71827e-08
1.50598e-07
2.28582e-07
3.40748e-07
4.9906e-07
7.17812e-07
1.0143e-06
1.40996e-06
1.93022e-06
2.60181e-06
3.4518e-06
4.5086e-06
5.79242e-06
7.25414e-06
8.96404e-06
1.08813e-05
1.30113e-05
1.53357e-05
1.79074e-05
2.05515e-05
2.33116e-05
2.61591e-05
2.91243e-05
3.20649e-05
3.50512e-05
3.80192e-05
4.0916e-05
4.37655e-05
4.65412e-05
4.92451e-05
5.18703e-05
5.44295e-05
5.69647e-05
5.95474e-05
6.22871e-05
6.53724e-05
6.89847e-05
7.33411e-05
7.88761e-05
8.58356e-05
9.43797e-05
0.000104
0.00011351
0.000119758
0.000117146
9.78379e-05
5.64619e-05
3.37503e-05
2.32645e-05
2.12407e-05
2.69363e-05
3.85281e-05
4.97152e-05
5.55268e-05
5.55151e-05
5.17065e-05
4.63209e-05
4.06331e-05
3.51267e-05
2.99064e-05
2.5139e-05
2.0791e-05
1.67081e-05
1.31201e-05
1.01234e-05
7.62468e-06
5.50235e-06
3.84408e-06
2.60049e-06
1.70632e-06
1.09013e-06
6.78595e-07
4.13332e-07
2.46965e-07
1.45139e-07
8.39593e-08
4.78955e-08
2.69745e-08
1.50129e-08
8.2643e-09
4.50534e-09
2.43189e-09
1.3013e-09
6.90766e-10
3.64036e-10
1.90514e-10
9.90618e-11
5.11792e-11
2.62541e-11
1.33447e-11
6.68716e-12
3.26594e-12
1.51267e-12
6.15448e-13
1.42264e-13
2.58795e-09
9.86595e-09
2.05825e-08
3.67553e-08
6.10385e-08
9.72239e-08
1.50661e-07
2.28675e-07
3.40881e-07
4.99247e-07
7.18071e-07
1.01465e-06
1.41041e-06
1.93078e-06
2.60252e-06
3.45257e-06
4.50936e-06
5.79304e-06
7.25447e-06
8.96439e-06
1.08809e-05
1.301e-05
1.53331e-05
1.79031e-05
2.05452e-05
2.33029e-05
2.61477e-05
2.91096e-05
3.20468e-05
3.50294e-05
3.79931e-05
4.08854e-05
4.37303e-05
4.65011e-05
4.92e-05
5.18199e-05
5.43737e-05
5.69033e-05
5.94801e-05
6.22132e-05
6.52907e-05
6.88938e-05
7.32393e-05
7.8761e-05
8.57058e-05
9.42357e-05
0.000103849
0.00011337
0.000119665
0.00011716
9.80405e-05
5.64946e-05
3.37753e-05
2.32637e-05
2.12022e-05
2.6844e-05
3.83996e-05
4.95978e-05
5.54477e-05
5.54751e-05
5.16933e-05
4.63222e-05
4.0642e-05
3.514e-05
2.99191e-05
2.51536e-05
2.08066e-05
1.67241e-05
1.31356e-05
1.01347e-05
7.63485e-06
5.51102e-06
3.8511e-06
2.60575e-06
1.71009e-06
1.09272e-06
6.80305e-07
4.14415e-07
2.47629e-07
1.45536e-07
8.41911e-08
4.80285e-08
2.70495e-08
1.50546e-08
8.28714e-09
4.5177e-09
2.43851e-09
1.30482e-09
6.92613e-10
3.64998e-10
1.91012e-10
9.93181e-11
5.13103e-11
2.63206e-11
1.33782e-11
6.70385e-12
3.27404e-12
1.51641e-12
6.16967e-13
1.42615e-13
2.58973e-09
9.87273e-09
2.05966e-08
3.67804e-08
6.10796e-08
9.72885e-08
1.50759e-07
2.28819e-07
3.4109e-07
4.99541e-07
7.18479e-07
1.0152e-06
1.41112e-06
1.93166e-06
2.60362e-06
3.45377e-06
4.51056e-06
5.79405e-06
7.25508e-06
8.96506e-06
1.08806e-05
1.30083e-05
1.53295e-05
1.78969e-05
2.0536e-05
2.32902e-05
2.61309e-05
2.90879e-05
3.20198e-05
3.49965e-05
3.79538e-05
4.08393e-05
4.3677e-05
4.64404e-05
4.91314e-05
5.17431e-05
5.42884e-05
5.68091e-05
5.93765e-05
6.20992e-05
6.51647e-05
6.87538e-05
7.30837e-05
7.85862e-05
8.55093e-05
9.4018e-05
0.00010362
0.000113153
0.000119513
0.000117158
9.82912e-05
5.66047e-05
3.384e-05
2.32775e-05
2.11559e-05
2.6716e-05
3.82208e-05
4.94369e-05
5.5341e-05
5.54217e-05
5.16753e-05
4.63235e-05
4.06544e-05
3.51594e-05
2.9938e-05
2.51758e-05
2.08307e-05
1.67489e-05
1.31599e-05
1.01526e-05
7.65093e-06
5.52456e-06
3.86161e-06
2.61363e-06
1.71579e-06
1.09661e-06
6.82858e-07
4.1603e-07
2.48621e-07
1.46129e-07
8.45384e-08
4.8228e-08
2.71622e-08
1.51173e-08
8.3216e-09
4.53636e-09
2.44852e-09
1.31012e-09
6.95403e-10
3.66451e-10
1.91764e-10
9.97049e-11
5.1508e-11
2.6421e-11
1.34288e-11
6.72899e-12
3.28625e-12
1.52204e-12
6.19253e-13
1.43143e-13
2.59223e-09
9.88223e-09
2.06163e-08
3.68154e-08
6.11373e-08
9.73792e-08
1.50897e-07
2.29023e-07
3.41384e-07
4.99957e-07
7.19056e-07
1.01598e-06
1.41213e-06
1.93292e-06
2.60521e-06
3.45551e-06
4.51233e-06
5.79562e-06
7.25616e-06
8.96628e-06
1.08806e-05
1.30063e-05
1.5325e-05
1.7889e-05
2.0524e-05
2.32732e-05
2.61083e-05
2.9059e-05
3.19838e-05
3.49527e-05
3.79016e-05
4.07783e-05
4.36064e-05
4.63591e-05
4.90388e-05
5.16391e-05
5.41727e-05
5.66813e-05
5.92358e-05
6.19446e-05
6.49948e-05
6.85671e-05
7.28761e-05
7.83535e-05
8.52473e-05
9.37242e-05
0.000103297
0.000112818
0.000119199
0.000116918
9.81606e-05
5.71465e-05
3.41144e-05
2.33908e-05
2.11573e-05
2.65045e-05
3.79376e-05
4.91831e-05
5.51759e-05
5.53413e-05
5.16497e-05
4.6326e-05
4.06715e-05
3.51857e-05
2.99637e-05
2.52055e-05
2.08626e-05
1.67814e-05
1.31911e-05
1.01753e-05
7.67106e-06
5.54149e-06
3.87541e-06
2.62421e-06
1.72337e-06
1.10176e-06
6.8623e-07
4.18162e-07
2.4993e-07
1.46912e-07
8.49972e-08
4.84918e-08
2.73114e-08
1.52003e-08
8.36719e-09
4.56105e-09
2.46176e-09
1.31715e-09
6.99099e-10
3.68376e-10
1.92761e-10
1.00218e-10
5.177e-11
2.65541e-11
1.34958e-11
6.76233e-12
3.30243e-12
1.5295e-12
6.22284e-13
1.43843e-13
2.59553e-09
9.8948e-09
2.06425e-08
3.68619e-08
6.12139e-08
9.74998e-08
1.51081e-07
2.29296e-07
3.41778e-07
5.00517e-07
7.19833e-07
1.01703e-06
1.41351e-06
1.93466e-06
2.6074e-06
3.45795e-06
4.51488e-06
5.79797e-06
7.25797e-06
8.9684e-06
1.08812e-05
1.30048e-05
1.53205e-05
1.78803e-05
2.05105e-05
2.32541e-05
2.60822e-05
2.90245e-05
3.19404e-05
3.49e-05
3.78384e-05
4.0704e-05
4.35209e-05
4.62621e-05
4.8929e-05
5.15164e-05
5.40361e-05
5.65297e-05
5.90681e-05
6.17591e-05
6.47887e-05
6.83371e-05
7.2619e-05
7.80667e-05
8.49309e-05
9.33823e-05
0.000102951
0.000112512
0.000119017
0.000116981
9.85988e-05
5.80358e-05
3.45576e-05
2.35615e-05
2.11208e-05
2.63667e-05
3.7673e-05
4.89272e-05
5.50019e-05
5.52554e-05
5.16238e-05
4.63323e-05
4.06953e-05
3.52202e-05
2.99974e-05
2.52445e-05
2.09039e-05
1.68234e-05
1.32318e-05
1.02051e-05
7.69833e-06
5.56429e-06
3.89346e-06
2.63776e-06
1.73303e-06
1.1083e-06
6.905e-07
4.20854e-07
2.51579e-07
1.47896e-07
8.55728e-08
4.88222e-08
2.74979e-08
1.5304e-08
8.42406e-09
4.59182e-09
2.47824e-09
1.32589e-09
7.03692e-10
3.70768e-10
1.93999e-10
1.00854e-10
5.20952e-11
2.67192e-11
1.35789e-11
6.80367e-12
3.3225e-12
1.53876e-12
6.26043e-13
1.44711e-13
2.59974e-09
9.91084e-09
2.06759e-08
3.69213e-08
6.13119e-08
9.76544e-08
1.51317e-07
2.29647e-07
3.42288e-07
5.01241e-07
7.20844e-07
1.01841e-06
1.41533e-06
1.93698e-06
2.6104e-06
3.46129e-06
4.51838e-06
5.80133e-06
7.26089e-06
8.97188e-06
1.0883e-05
1.3004e-05
1.53161e-05
1.7871e-05
2.04953e-05
2.32322e-05
2.60523e-05
2.89851e-05
3.18905e-05
3.48385e-05
3.77636e-05
4.06155e-05
4.34177e-05
4.61438e-05
4.8795e-05
5.13645e-05
5.38681e-05
5.63443e-05
5.88638e-05
6.15341e-05
6.45401e-05
6.80615e-05
7.2312e-05
7.77208e-05
8.45408e-05
9.29534e-05
0.000102504
0.000112099
0.000118741
0.000117003
9.91188e-05
5.90893e-05
3.5105e-05
2.37934e-05
2.11237e-05
2.61569e-05
3.7334e-05
4.86101e-05
5.47899e-05
5.51528e-05
5.15974e-05
4.63469e-05
4.0732e-05
3.52699e-05
3.00451e-05
2.52973e-05
2.09597e-05
1.68788e-05
1.32842e-05
1.02435e-05
7.7321e-06
5.59273e-06
3.91598e-06
2.65459e-06
1.74497e-06
1.11635e-06
6.95739e-07
4.24147e-07
2.5359e-07
1.49092e-07
8.62708e-08
4.92218e-08
2.77229e-08
1.54289e-08
8.49239e-09
4.62872e-09
2.49797e-09
1.33634e-09
7.09176e-10
3.73619e-10
1.95473e-10
1.01611e-10
5.24818e-11
2.69154e-11
1.36777e-11
6.85277e-12
3.34633e-12
1.54975e-12
6.30504e-13
1.45741e-13
2.60497e-09
9.93075e-09
2.07173e-08
3.6995e-08
6.14337e-08
9.78467e-08
1.51611e-07
2.30084e-07
3.42924e-07
5.02146e-07
7.22103e-07
1.02012e-06
1.41759e-06
1.93984e-06
2.61402e-06
3.46568e-06
4.52321e-06
5.80622e-06
7.26521e-06
8.97721e-06
1.08864e-05
1.30046e-05
1.53127e-05
1.7862e-05
2.04798e-05
2.32083e-05
2.60189e-05
2.89402e-05
3.18332e-05
3.47669e-05
3.76765e-05
4.05119e-05
4.32966e-05
4.60041e-05
4.86359e-05
5.1185e-05
5.3666e-05
5.61196e-05
5.86159e-05
6.12618e-05
6.42409e-05
6.77325e-05
7.1949e-05
7.73183e-05
8.40981e-05
9.24671e-05
0.000101991
0.000111614
0.000118406
0.000117031
9.97808e-05
6.04218e-05
3.58154e-05
2.41064e-05
2.11382e-05
2.58826e-05
3.68961e-05
4.82184e-05
5.45443e-05
5.50477e-05
5.15826e-05
4.63777e-05
4.07855e-05
3.53366e-05
3.01079e-05
2.53648e-05
2.10288e-05
1.69477e-05
1.33494e-05
1.02912e-05
7.77379e-06
5.62757e-06
3.94344e-06
2.67507e-06
1.75945e-06
1.12607e-06
7.02047e-07
4.28095e-07
2.55991e-07
1.50515e-07
8.70976e-08
4.96935e-08
2.79876e-08
1.55753e-08
8.57231e-09
4.67175e-09
2.52093e-09
1.34847e-09
7.15529e-10
3.76916e-10
1.97175e-10
1.02484e-10
5.29274e-11
2.71413e-11
1.37914e-11
6.90925e-12
3.37373e-12
1.56239e-12
6.35632e-13
1.46925e-13
2.61132e-09
9.95494e-09
2.07677e-08
3.70848e-08
6.1582e-08
9.80811e-08
1.51969e-07
2.30619e-07
3.43701e-07
5.03251e-07
7.23641e-07
1.02221e-06
1.42033e-06
1.94331e-06
2.61835e-06
3.47059e-06
4.5288e-06
5.81209e-06
7.27088e-06
8.98411e-06
1.08916e-05
1.30067e-05
1.53105e-05
1.78532e-05
2.0463e-05
2.31819e-05
2.59818e-05
2.88898e-05
3.1769e-05
3.4687e-05
3.75784e-05
4.03948e-05
4.31591e-05
4.58446e-05
4.84533e-05
5.09789e-05
5.34319e-05
5.58612e-05
5.83318e-05
6.09502e-05
6.38986e-05
6.73555e-05
7.1532e-05
7.68534e-05
8.35843e-05
9.19164e-05
0.000101437
0.000111138
0.000118181
0.000117358
0.000101113
6.24394e-05
3.68637e-05
2.45833e-05
2.12249e-05
2.5623e-05
3.6406e-05
4.7742e-05
5.42328e-05
5.49131e-05
5.15666e-05
4.64207e-05
4.08562e-05
3.5422e-05
3.01887e-05
2.54508e-05
2.1116e-05
1.70329e-05
1.34294e-05
1.03495e-05
7.82555e-06
5.67184e-06
3.9776e-06
2.70018e-06
1.77701e-06
1.13777e-06
7.09567e-07
4.32768e-07
2.58815e-07
1.52179e-07
8.80596e-08
5.02398e-08
2.82928e-08
1.57434e-08
8.66371e-09
4.72078e-09
2.54701e-09
1.36221e-09
7.22707e-10
3.80631e-10
1.99091e-10
1.03466e-10
5.34279e-11
2.73949e-11
1.39188e-11
6.97254e-12
3.40442e-12
1.57653e-12
6.4137e-13
1.4825e-13
2.61893e-09
9.9839e-09
2.0828e-08
3.71923e-08
6.176e-08
9.83628e-08
1.52401e-07
2.31264e-07
3.44644e-07
5.04597e-07
7.25522e-07
1.02478e-06
1.42375e-06
1.94771e-06
2.62402e-06
3.47724e-06
4.53617e-06
5.81996e-06
7.27869e-06
8.9937e-06
1.08999e-05
1.30119e-05
1.5311e-05
1.78469e-05
2.04483e-05
2.31567e-05
2.59433e-05
2.88363e-05
3.16982e-05
3.45999e-05
3.74704e-05
4.02651e-05
4.30073e-05
4.56664e-05
4.82484e-05
5.07469e-05
5.31735e-05
5.55697e-05
5.80129e-05
6.06028e-05
6.35211e-05
6.69471e-05
7.10934e-05
7.63031e-05
8.29889e-05
9.12803e-05
0.000100793
0.000110574
0.00011788
0.000117634
0.000102415
6.513e-05
3.82779e-05
2.52409e-05
2.13903e-05
2.5291e-05
3.58024e-05
4.71607e-05
5.38561e-05
5.47509e-05
5.15479e-05
4.6474e-05
4.0943e-05
3.55268e-05
3.02895e-05
2.55578e-05
2.12217e-05
1.71367e-05
1.35265e-05
1.04204e-05
7.88702e-06
5.71878e-06
4.0155e-06
2.72856e-06
1.79708e-06
1.15119e-06
7.18212e-07
4.38134e-07
2.62056e-07
1.54082e-07
8.9155e-08
5.08589e-08
2.86372e-08
1.59322e-08
8.7659e-09
4.77536e-09
2.57591e-09
1.37738e-09
7.30599e-10
3.84697e-10
2.01217e-10
1.04552e-10
5.39791e-11
2.76733e-11
1.40585e-11
7.04175e-12
3.43793e-12
1.59196e-12
6.47622e-13
1.49692e-13
2.62787e-09
1.0018e-08
2.08991e-08
3.73191e-08
6.19702e-08
9.86962e-08
1.52914e-07
2.32033e-07
3.4577e-07
5.06212e-07
7.27794e-07
1.02791e-06
1.42794e-06
1.95315e-06
2.63102e-06
3.48559e-06
4.54564e-06
5.82996e-06
7.28908e-06
9.00685e-06
1.09114e-05
1.30207e-05
1.53151e-05
1.78437e-05
2.04364e-05
2.31337e-05
2.59072e-05
2.87828e-05
3.16262e-05
3.45059e-05
3.73519e-05
4.01198e-05
4.28315e-05
4.54649e-05
4.80183e-05
5.04865e-05
5.28833e-05
5.52476e-05
5.76543e-05
6.02075e-05
6.30864e-05
6.64684e-05
7.0566e-05
7.57177e-05
8.23344e-05
9.05474e-05
0.000100028
0.000109866
0.000117413
0.000117725
0.000103488
6.80637e-05
3.98308e-05
2.59575e-05
2.15253e-05
2.49867e-05
3.51499e-05
4.65118e-05
5.3422e-05
5.45587e-05
5.15198e-05
4.65285e-05
4.10365e-05
3.56426e-05
3.04094e-05
2.56842e-05
2.13505e-05
1.72613e-05
1.3643e-05
1.05118e-05
7.9618e-06
5.78067e-06
4.06343e-06
2.76332e-06
1.82111e-06
1.16701e-06
7.28266e-07
4.44305e-07
2.65773e-07
1.56244e-07
9.03892e-08
5.15511e-08
2.90195e-08
1.61404e-08
8.87788e-09
4.83471e-09
2.60717e-09
1.39369e-09
7.39049e-10
3.89027e-10
2.03509e-10
1.05715e-10
5.45675e-11
2.79696e-11
1.42067e-11
7.11505e-12
3.47337e-12
1.60825e-12
6.54221e-13
1.51213e-13
2.63818e-09
1.00573e-08
2.09811e-08
3.74656e-08
6.22134e-08
9.90826e-08
1.53509e-07
2.32928e-07
3.47086e-07
5.08113e-07
7.30494e-07
1.03167e-06
1.43305e-06
1.95989e-06
2.63965e-06
3.49615e-06
4.5581e-06
5.84396e-06
7.3043e-06
9.02619e-06
1.09289e-05
1.30359e-05
1.53255e-05
1.78458e-05
2.04287e-05
2.31136e-05
2.58716e-05
2.87288e-05
3.15507e-05
3.44048e-05
3.72259e-05
3.99651e-05
4.26461e-05
4.52423e-05
4.77627e-05
5.01954e-05
5.25547e-05
5.48818e-05
5.72424e-05
5.97551e-05
6.25876e-05
6.59175e-05
6.99579e-05
7.50409e-05
8.15833e-05
8.97397e-05
9.92187e-05
0.000109176
0.000117116
0.000118171
0.000105275
7.18341e-05
4.17519e-05
2.68308e-05
2.17302e-05
2.46319e-05
3.44162e-05
4.57829e-05
5.29372e-05
5.43346e-05
5.14735e-05
4.65667e-05
4.1105e-05
3.57127e-05
3.05974e-05
2.5855e-05
2.15099e-05
1.74124e-05
1.37754e-05
1.062e-05
8.05465e-06
5.85636e-06
4.12144e-06
2.80508e-06
1.8497e-06
1.18564e-06
7.39974e-07
4.51421e-07
2.69987e-07
1.58673e-07
9.17631e-08
5.23145e-08
2.94371e-08
1.63658e-08
8.9981e-09
4.89766e-09
2.64009e-09
1.41077e-09
7.47846e-10
3.93535e-10
2.05812e-10
1.06887e-10
5.5161e-11
2.82687e-11
1.43565e-11
7.18915e-12
3.50919e-12
1.62472e-12
6.60889e-13
1.52749e-13
2.64979e-09
1.01016e-08
2.10736e-08
3.7631e-08
6.24883e-08
9.95203e-08
1.54186e-07
2.33948e-07
3.48593e-07
5.10301e-07
7.33624e-07
1.03606e-06
1.43905e-06
1.96785e-06
2.64987e-06
3.50869e-06
4.57287e-06
5.86049e-06
7.32162e-06
9.04834e-06
1.09516e-05
1.30551e-05
1.53409e-05
1.78537e-05
2.04269e-05
2.30991e-05
2.58413e-05
2.8678e-05
3.14774e-05
3.43052e-05
3.7094e-05
3.98024e-05
4.24498e-05
4.50098e-05
4.74855e-05
4.98793e-05
5.21979e-05
5.4483e-05
5.67997e-05
5.92583e-05
6.20328e-05
6.52975e-05
6.92773e-05
7.42993e-05
8.07923e-05
8.88996e-05
9.83544e-05
0.000108391
0.000116693
0.00011851
0.000107019
7.49124e-05
4.34249e-05
2.76196e-05
2.18804e-05
2.41288e-05
3.3483e-05
4.48633e-05
5.23137e-05
5.40392e-05
5.14055e-05
4.6615e-05
4.12102e-05
3.58516e-05
3.07673e-05
2.60366e-05
2.16894e-05
1.7588e-05
1.39428e-05
1.0773e-05
8.18481e-06
5.95825e-06
4.19579e-06
2.85679e-06
1.88421e-06
1.20767e-06
7.53583e-07
4.5956e-07
2.74723e-07
1.61362e-07
9.32621e-08
5.31361e-08
2.98807e-08
1.66022e-08
9.12268e-09
4.96211e-09
2.67348e-09
1.42794e-09
7.56626e-10
3.98004e-10
2.08064e-10
1.08027e-10
5.57366e-11
2.85583e-11
1.45012e-11
7.26065e-12
3.54371e-12
1.64055e-12
6.67289e-13
1.54224e-13
2.6625e-09
1.015e-08
2.1175e-08
3.78126e-08
6.2791e-08
1.00004e-07
1.54935e-07
2.35084e-07
3.50281e-07
5.12769e-07
7.37177e-07
1.04108e-06
1.44597e-06
1.9771e-06
2.66183e-06
3.52353e-06
4.59059e-06
5.88072e-06
7.34382e-06
9.07614e-06
1.09789e-05
1.30805e-05
1.53661e-05
1.78703e-05
2.04334e-05
2.30925e-05
2.5818e-05
2.86324e-05
3.14101e-05
3.42092e-05
3.6966e-05
3.96394e-05
4.22489e-05
4.47685e-05
4.7201e-05
4.95415e-05
5.18145e-05
5.40512e-05
5.63195e-05
5.87171e-05
6.14397e-05
6.46517e-05
6.8572e-05
7.35114e-05
7.99004e-05
8.79272e-05
9.73499e-05
0.000107473
0.000116127
0.000118686
0.000108568
7.8448e-05
4.5262e-05
2.84517e-05
2.20251e-05
2.36641e-05
3.25387e-05
4.38772e-05
5.16096e-05
5.36765e-05
5.12954e-05
4.66437e-05
4.13081e-05
3.59907e-05
3.0931e-05
2.62062e-05
2.18574e-05
1.77755e-05
1.41048e-05
1.0909e-05
8.29465e-06
6.04459e-06
4.26429e-06
2.90768e-06
1.91957e-06
1.23079e-06
7.68033e-07
4.6824e-07
2.79768e-07
1.64203e-07
9.48325e-08
5.39869e-08
3.03339e-08
1.68401e-08
9.24587e-09
5.02473e-09
2.70727e-09
1.44491e-09
7.65124e-10
4.0225e-10
2.1017e-10
1.09084e-10
5.62717e-11
2.88259e-11
1.46336e-11
7.3252e-12
3.57444e-12
1.65447e-12
6.72854e-13
1.55496e-13
2.67583e-09
1.02009e-08
2.12814e-08
3.80036e-08
6.31098e-08
1.00514e-07
1.5573e-07
2.36294e-07
3.5209e-07
5.15432e-07
7.41045e-07
1.0466e-06
1.45364e-06
1.98747e-06
2.6754e-06
3.54057e-06
4.61126e-06
5.90477e-06
7.37083e-06
9.10968e-06
1.10132e-05
1.31142e-05
1.54039e-05
1.79011e-05
2.04528e-05
2.30982e-05
2.58068e-05
2.8599e-05
3.1351e-05
3.41211e-05
3.68429e-05
3.94794e-05
4.20486e-05
4.45252e-05
4.69118e-05
4.92048e-05
5.1422e-05
5.36043e-05
5.58185e-05
5.81613e-05
6.08078e-05
6.39458e-05
6.77695e-05
7.26135e-05
7.89064e-05
8.68368e-05
9.62167e-05
0.000106387
0.000115323
0.000118537
0.000109645
8.18108e-05
4.7004e-05
2.92167e-05
2.21e-05
2.31099e-05
3.14433e-05
4.26575e-05
5.07068e-05
5.32005e-05
5.1086e-05
4.66234e-05
4.13877e-05
3.61208e-05
3.10859e-05
2.63725e-05
2.20263e-05
1.79514e-05
1.42689e-05
1.10568e-05
8.41632e-06
6.14238e-06
4.33841e-06
2.96137e-06
1.95627e-06
1.25449e-06
7.82669e-07
4.76916e-07
2.84736e-07
1.66954e-07
9.63267e-08
5.47833e-08
3.07532e-08
1.70607e-08
9.36396e-09
5.08566e-09
2.73787e-09
1.46004e-09
7.72486e-10
4.05791e-10
2.11842e-10
1.09865e-10
5.66242e-11
2.89889e-11
1.47104e-11
7.36168e-12
3.59162e-12
1.66225e-12
6.75975e-13
1.56211e-13
2.68926e-09
1.02523e-08
2.13891e-08
3.81973e-08
6.34346e-08
1.01038e-07
1.56551e-07
2.37555e-07
3.53994e-07
5.18267e-07
7.45207e-07
1.0526e-06
1.46209e-06
1.999e-06
2.69064e-06
3.55988e-06
4.6348e-06
5.93216e-06
7.40126e-06
9.14643e-06
1.10511e-05
1.31511e-05
1.54484e-05
1.79407e-05
2.04861e-05
2.31177e-05
2.58093e-05
2.85778e-05
3.1303e-05
3.40417e-05
3.67299e-05
3.93277e-05
4.18538e-05
4.42839e-05
4.66189e-05
4.8856e-05
5.10123e-05
5.31432e-05
5.53045e-05
5.75991e-05
6.0186e-05
6.32534e-05
6.70225e-05
7.17877e-05
7.79847e-05
8.58166e-05
9.51419e-05
0.000105331
0.000114377
0.000118228
0.000110549
8.44158e-05
4.8376e-05
2.97933e-05
2.20611e-05
2.24058e-05
3.01539e-05
4.12718e-05
4.96558e-05
5.26125e-05
5.08584e-05
4.66031e-05
4.14726e-05
3.62637e-05
3.12589e-05
2.6557e-05
2.22035e-05
1.82165e-05
1.4495e-05
1.12448e-05
8.58425e-06
6.27177e-06
4.43243e-06
3.02621e-06
1.99893e-06
1.28119e-06
7.98733e-07
4.86211e-07
2.8993e-07
1.6976e-07
9.78946e-08
5.5626e-08
3.11799e-08
1.72622e-08
9.44832e-09
5.12106e-09
2.75232e-09
1.46596e-09
7.74867e-10
4.06727e-10
2.12188e-10
1.09999e-10
5.66815e-11
2.90128e-11
1.47203e-11
7.36593e-12
3.59345e-12
1.66301e-12
6.76257e-13
1.56271e-13
2.70162e-09
1.02994e-08
2.14874e-08
3.83735e-08
6.37292e-08
1.01512e-07
1.57298e-07
2.38712e-07
3.55763e-07
5.20942e-07
7.49213e-07
1.05851e-06
1.47062e-06
2.011e-06
2.70704e-06
3.58148e-06
4.66243e-06
5.96639e-06
7.44274e-06
9.19526e-06
1.11027e-05
1.32037e-05
1.55086e-05
1.79935e-05
2.05327e-05
2.31552e-05
2.58303e-05
2.85754e-05
3.12754e-05
3.39796e-05
3.66315e-05
3.91938e-05
4.16757e-05
4.40592e-05
4.63409e-05
4.8523e-05
5.06226e-05
5.26831e-05
5.47853e-05
5.7017e-05
5.95476e-05
6.25344e-05
6.62065e-05
7.0866e-05
7.69367e-05
8.46417e-05
9.3879e-05
0.000104052
0.00011329
0.000117698
0.000111098
8.64416e-05
4.94298e-05
3.02049e-05
2.19454e-05
2.17026e-05
2.88117e-05
3.97498e-05
4.84717e-05
5.19281e-05
5.05944e-05
4.65828e-05
4.15782e-05
3.64413e-05
3.14742e-05
2.6792e-05
2.24451e-05
1.84615e-05
1.47302e-05
1.14545e-05
8.7563e-06
6.41688e-06
4.53647e-06
3.09644e-06
2.04343e-06
1.30775e-06
8.13876e-07
4.94539e-07
2.94427e-07
1.72213e-07
9.9079e-08
5.61029e-08
3.13615e-08
1.73251e-08
9.4678e-09
5.12348e-09
2.74938e-09
1.46264e-09
7.72361e-10
4.05103e-10
2.11207e-10
1.09453e-10
5.6391e-11
2.8863e-11
1.4645e-11
7.32886e-12
3.57569e-12
1.65491e-12
6.72991e-13
1.5552e-13
2.71315e-09
1.03435e-08
2.15804e-08
3.8542e-08
6.40158e-08
1.01985e-07
1.58062e-07
2.39929e-07
3.57677e-07
5.23914e-07
7.53738e-07
1.06516e-06
1.48033e-06
2.02493e-06
2.72654e-06
3.60786e-06
4.69716e-06
6.007e-06
7.48919e-06
9.25349e-06
1.117e-05
1.32786e-05
1.55917e-05
1.80674e-05
2.05952e-05
2.32059e-05
2.58688e-05
2.85931e-05
3.12701e-05
3.39434e-05
3.65576e-05
3.90817e-05
4.15244e-05
4.38649e-05
4.60944e-05
4.82231e-05
5.02673e-05
5.22701e-05
5.42982e-05
5.64645e-05
5.89233e-05
6.18387e-05
6.54239e-05
6.99997e-05
7.59803e-05
8.35847e-05
9.27358e-05
0.000102867
0.000112215
0.000117076
0.000111444
8.77358e-05
5.01199e-05
3.04534e-05
2.17893e-05
2.10597e-05
2.75902e-05
3.83167e-05
4.72978e-05
5.12198e-05
5.03164e-05
4.65677e-05
4.17026e-05
3.66348e-05
3.17108e-05
2.70578e-05
2.27142e-05
1.87255e-05
1.4977e-05
1.16721e-05
8.93354e-06
6.55783e-06
4.65505e-06
3.18531e-06
2.10383e-06
1.34525e-06
8.35367e-07
5.05842e-07
2.99752e-07
1.74245e-07
9.97872e-08
5.63183e-08
3.13862e-08
1.72922e-08
9.42869e-09
5.09272e-09
2.72858e-09
1.45008e-09
7.65099e-10
4.00992e-10
2.0887e-10
1.08239e-10
5.5772e-11
2.85498e-11
1.44882e-11
7.25153e-12
3.53847e-12
1.63785e-12
6.66073e-13
1.53924e-13
2.71987e-09
1.03683e-08
2.16291e-08
3.8623e-08
6.41403e-08
1.02168e-07
1.58338e-07
2.40367e-07
3.58417e-07
5.25215e-07
7.56091e-07
1.06949e-06
1.48755e-06
2.03626e-06
2.74354e-06
3.63191e-06
4.7281e-06
6.04926e-06
7.54451e-06
9.32259e-06
1.12509e-05
1.33636e-05
1.57006e-05
1.81314e-05
2.06628e-05
2.32685e-05
2.59248e-05
2.86306e-05
3.12873e-05
3.39322e-05
3.65137e-05
3.9006e-05
4.1412e-05
4.37106e-05
4.58983e-05
4.79835e-05
4.99825e-05
5.19386e-05
5.39202e-05
5.60235e-05
5.84224e-05
6.12813e-05
6.47972e-05
6.92755e-05
7.51476e-05
8.26113e-05
9.16536e-05
0.000101732
0.000111177
0.000116368
0.000111419
8.87123e-05
5.06292e-05
3.0617e-05
2.16346e-05
2.05152e-05
2.65691e-05
3.70928e-05
4.62786e-05
5.05943e-05
5.00862e-05
4.65738e-05
4.18313e-05
3.68326e-05
3.19477e-05
2.7298e-05
2.29686e-05
1.89781e-05
1.52139e-05
1.18786e-05
9.10015e-06
6.68157e-06
4.73533e-06
3.23309e-06
2.13244e-06
1.36053e-06
8.4262e-07
5.08666e-07
3.00449e-07
1.74143e-07
9.93775e-08
5.58989e-08
3.10627e-08
1.70666e-08
9.29393e-09
5.01366e-09
2.68228e-09
1.42321e-09
7.49664e-10
3.92099e-10
2.04385e-10
1.05886e-10
5.45562e-11
2.79367e-11
1.41856e-11
7.10549e-12
3.47003e-12
1.60738e-12
6.54075e-13
1.51205e-13
2.73001e-09
1.04071e-08
2.17097e-08
3.87627e-08
6.43624e-08
1.02509e-07
1.5885e-07
2.41139e-07
3.59595e-07
5.27052e-07
7.59016e-07
1.07418e-06
1.49511e-06
2.04791e-06
2.76042e-06
3.65516e-06
4.76118e-06
6.09544e-06
7.60263e-06
9.38637e-06
1.13226e-05
1.34498e-05
1.57984e-05
1.8224e-05
2.07507e-05
2.33474e-05
2.59956e-05
2.86791e-05
3.13183e-05
3.39413e-05
3.64998e-05
3.89688e-05
4.13483e-05
4.3622e-05
4.57804e-05
4.78357e-05
4.98031e-05
5.17273e-05
5.36729e-05
5.57417e-05
5.81029e-05
6.09187e-05
6.43986e-05
6.88225e-05
7.46283e-05
8.20341e-05
9.10098e-05
0.000101023
0.000110453
0.000115755
0.000111105
8.92154e-05
5.08249e-05
3.06654e-05
2.15141e-05
2.01577e-05
2.58966e-05
3.62819e-05
4.56209e-05
5.02044e-05
4.99471e-05
4.66014e-05
4.19513e-05
3.70044e-05
3.21559e-05
2.74951e-05
2.31771e-05
1.91942e-05
1.54265e-05
1.20717e-05
9.2603e-06
6.79559e-06
4.8125e-06
3.28462e-06
2.15882e-06
1.37242e-06
8.46594e-07
5.08996e-07
2.99446e-07
1.72904e-07
9.83012e-08
5.50939e-08
3.04971e-08
1.67045e-08
9.05272e-09
4.86583e-09
2.59638e-09
1.37598e-09
7.25072e-10
3.80356e-10
1.98193e-10
1.02776e-10
5.30366e-11
2.72094e-11
1.38446e-11
6.94893e-12
3.40009e-12
1.57755e-12
6.42701e-13
1.48687e-13
)
;

boundaryField
{
    fuel
    {
        type            fixedValue;
        value           uniform 0;
    }
    air
    {
        type            fixedValue;
        value           uniform 0;
    }
    outlet
    {
        type            inletOutlet;
        inletValue      uniform 0;
        value           nonuniform List<scalar> 
200
(
2.72998e-09
1.0407e-08
2.17095e-08
3.87624e-08
6.43618e-08
1.02507e-07
1.58848e-07
2.41135e-07
3.59589e-07
5.27042e-07
7.59001e-07
1.07416e-06
1.49507e-06
2.04784e-06
2.76031e-06
3.65498e-06
4.76091e-06
6.09504e-06
7.60207e-06
9.38559e-06
1.13216e-05
1.34485e-05
1.57968e-05
1.8222e-05
2.07484e-05
2.33446e-05
2.59923e-05
2.86753e-05
3.1314e-05
3.39364e-05
3.64943e-05
3.89629e-05
4.13421e-05
4.36156e-05
4.5774e-05
4.78293e-05
4.97968e-05
5.17215e-05
5.36672e-05
5.57365e-05
5.80977e-05
6.09124e-05
6.43898e-05
6.88109e-05
7.46135e-05
8.20199e-05
9.10116e-05
0.00010106
0.00011053
0.000115869
0.00011124
8.93914e-05
5.09896e-05
3.07545e-05
2.15736e-05
2.02191e-05
2.59109e-05
3.62873e-05
4.56002e-05
5.017e-05
4.99152e-05
4.65759e-05
4.19333e-05
3.6993e-05
3.21494e-05
2.74913e-05
2.31754e-05
1.91936e-05
1.54266e-05
1.2072e-05
9.26053e-06
6.79606e-06
4.81306e-06
3.28523e-06
2.15926e-06
1.37275e-06
8.46825e-07
5.09152e-07
2.99547e-07
1.72967e-07
9.83394e-08
5.51163e-08
3.05098e-08
1.67118e-08
9.0568e-09
4.86805e-09
2.59757e-09
1.37661e-09
7.25404e-10
3.80528e-10
1.9828e-10
1.0282e-10
5.30584e-11
2.72202e-11
1.38498e-11
6.95143e-12
3.40126e-12
1.57807e-12
6.42907e-13
1.48733e-13
2.73001e-09
1.04071e-08
2.17097e-08
3.87627e-08
6.43624e-08
1.02509e-07
1.5885e-07
2.41139e-07
3.59595e-07
5.27052e-07
7.59016e-07
1.07418e-06
1.49511e-06
2.04791e-06
2.76042e-06
3.65516e-06
4.76118e-06
6.09544e-06
7.60263e-06
9.38637e-06
1.13226e-05
1.34498e-05
1.57984e-05
1.8224e-05
2.07507e-05
2.33474e-05
2.59956e-05
2.86791e-05
3.13183e-05
3.39413e-05
3.64998e-05
3.89688e-05
4.13483e-05
4.3622e-05
4.57804e-05
4.78357e-05
4.98031e-05
5.17273e-05
5.36729e-05
5.57417e-05
5.81029e-05
6.09187e-05
6.43986e-05
6.88225e-05
7.46283e-05
8.20341e-05
9.10098e-05
0.000101023
0.000110453
0.000115755
0.000111105
8.92154e-05
5.08249e-05
3.06654e-05
2.15141e-05
2.01577e-05
2.58966e-05
3.62819e-05
4.56209e-05
5.02044e-05
4.99471e-05
4.66014e-05
4.19513e-05
3.70044e-05
3.21559e-05
2.74951e-05
2.31771e-05
1.91942e-05
1.54265e-05
1.20717e-05
9.2603e-06
6.79559e-06
4.8125e-06
3.28462e-06
2.15882e-06
1.37242e-06
8.46594e-07
5.08996e-07
2.99446e-07
1.72904e-07
9.83012e-08
5.50939e-08
3.04971e-08
1.67045e-08
9.05272e-09
4.86583e-09
2.59638e-09
1.37598e-09
7.25072e-10
3.80356e-10
1.98193e-10
1.02776e-10
5.30366e-11
2.72094e-11
1.38446e-11
6.94893e-12
3.40009e-12
1.57755e-12
6.42701e-13
1.48687e-13
)
;
    }
    frontAndBack
    {
        type            empty;
    }
    internal
    {
        type            internal;
    }
}


// ************************************************************************* //
