/*--------------------------------*- C++ -*----------------------------------*\
  =========                 |
  \\      /  F ield         | OpenFOAM: The Open Source CFD Toolbox
   \\    /   O peration     | Website:  https://openfoam.org
    \\  /    A nd           | Version:  10
     \\/     M anipulation  |
\*---------------------------------------------------------------------------*/
FoamFile
{
    format      ascii;
    class       volScalarField;
    location    "1";
    object      C12OOH;
}
// * * * * * * * * * * * * * * * * * * * * * * * * * * * * * * * * * * * * * //

dimensions      [0 0 0 0 0 0 0];

internalField   nonuniform List<scalar> 
4000
(
4.55123e-37
2.99581e-36
1.39412e-35
5.65233e-35
2.13938e-34
7.58144e-34
2.55511e-33
8.30587e-33
2.63318e-32
8.24788e-32
2.59468e-31
7.70322e-31
2.27512e-30
6.78397e-30
2.05021e-29
6.26884e-29
1.93606e-28
6.26758e-28
2.00657e-27
6.52104e-27
2.13659e-26
6.96338e-26
2.46024e-25
8.3377e-25
2.87739e-24
9.92635e-24
3.3935e-23
1.20628e-22
4.17308e-22
1.4489e-21
5.04696e-21
1.76094e-20
6.09457e-20
2.10252e-19
7.23727e-19
2.40726e-18
8.19521e-18
2.85974e-17
9.72975e-17
3.28349e-16
1.06987e-15
3.4379e-15
1.08401e-14
3.33993e-14
1.00455e-13
3.22633e-13
1.05528e-12
3.3715e-12
1.0343e-11
2.99136e-11
8.02671e-11
2.0205e-10
4.38099e-10
9.73612e-10
2.07178e-09
4.18839e-09
7.99982e-09
1.52208e-08
2.80503e-08
4.92671e-08
7.81849e-08
9.8465e-08
7.68369e-08
2.93284e-08
9.01452e-09
2.63145e-09
7.92303e-10
2.70555e-10
1.10396e-10
5.44472e-11
3.20743e-11
2.22662e-11
1.60139e-11
9.99249e-12
4.87504e-12
2.14349e-12
9.79323e-13
4.63593e-13
2.26465e-13
1.13527e-13
5.85132e-14
3.09157e-14
1.67599e-14
9.40744e-15
5.62934e-15
3.86135e-15
3.39636e-15
4.02512e-15
5.94374e-15
9.87449e-15
1.74766e-14
3.2881e-14
6.36533e-14
1.30176e-13
2.82821e-13
6.58932e-13
1.62332e-12
3.63655e-12
1.51732e-12
2.66151e-13
3.23554e-37
1.98536e-36
7.85942e-36
2.88877e-35
1.02408e-34
3.53243e-34
1.19021e-33
3.92557e-33
1.23205e-32
3.78375e-32
1.15316e-31
3.52841e-31
1.09286e-30
3.44705e-30
1.11006e-29
3.65778e-29
1.22622e-28
4.19168e-28
1.45442e-27
5.09329e-27
1.80253e-26
6.44389e-26
2.30685e-25
8.28047e-25
2.98121e-24
1.0688e-23
3.83205e-23
1.37198e-22
4.87685e-22
1.72043e-21
6.05822e-21
2.25474e-20
7.91401e-20
2.73775e-19
9.44933e-19
3.21501e-18
1.12022e-17
3.77558e-17
1.27972e-16
4.24336e-16
1.39699e-15
4.45974e-15
1.41607e-14
4.3703e-14
1.38311e-13
4.49744e-13
1.45097e-12
4.55096e-12
1.37613e-11
3.95608e-11
9.68846e-11
2.16515e-10
5.00474e-10
1.08639e-09
2.28193e-09
4.6302e-09
8.61817e-09
1.60789e-08
2.92191e-08
5.03236e-08
7.89804e-08
9.89286e-08
7.7781e-08
3.02589e-08
9.43869e-09
2.78495e-09
8.42284e-10
2.85294e-10
1.15652e-10
5.67239e-11
3.31648e-11
2.29081e-11
1.65563e-11
1.04214e-11
5.11062e-12
2.23914e-12
1.01994e-12
4.81454e-13
2.34601e-13
1.17349e-13
6.03097e-14
3.18078e-14
1.72235e-14
9.64973e-15
5.76257e-15
3.95073e-15
3.48238e-15
4.14268e-15
6.14284e-15
1.02266e-14
1.81339e-14
3.41767e-14
6.63134e-14
1.35898e-13
2.96189e-13
6.92232e-13
1.69876e-12
3.64518e-12
1.47778e-12
2.57946e-13
1.33626e-37
7.3471e-37
2.6592e-36
8.68097e-36
2.72782e-35
8.39663e-35
2.54557e-34
7.73949e-34
2.43843e-33
8.16792e-33
2.84077e-32
1.02042e-31
3.75748e-31
1.40446e-30
5.30263e-30
2.01499e-29
7.67229e-29
2.87616e-28
1.14115e-27
4.33764e-27
1.65417e-26
6.27342e-26
2.36317e-25
8.82952e-25
3.27375e-24
1.20755e-23
4.44338e-23
1.63987e-22
5.91536e-22
2.12607e-21
7.83881e-21
2.78092e-20
9.6671e-20
3.41227e-19
1.20043e-18
4.12652e-18
1.39876e-17
4.72617e-17
1.58601e-16
5.1991e-16
1.68859e-15
5.17186e-15
1.73337e-14
5.27895e-14
1.74549e-13
5.554e-13
1.79516e-12
5.56761e-12
1.62312e-11
4.5552e-11
1.10452e-10
2.47796e-10
5.67269e-10
1.24671e-09
2.53368e-09
4.86358e-09
8.92126e-09
1.65286e-08
2.98366e-08
5.1188e-08
7.97783e-08
9.94318e-08
7.84753e-08
3.10783e-08
9.80685e-09
2.91987e-09
8.87409e-10
3.01171e-10
1.21382e-10
5.91902e-11
3.42928e-11
2.35988e-11
1.71188e-11
1.08893e-11
5.38491e-12
2.35324e-12
1.06899e-12
5.03227e-13
2.44637e-13
1.22139e-13
6.27393e-14
3.30371e-14
1.78516e-14
9.9708e-15
5.94253e-15
4.0735e-15
3.6004e-15
4.3014e-15
6.39271e-15
1.06713e-14
1.89354e-14
3.56914e-14
6.93168e-14
1.42375e-13
3.11055e-13
7.29338e-13
1.78042e-12
3.61503e-12
1.42763e-12
2.48309e-13
4.46127e-38
2.39214e-37
8.76503e-37
2.94378e-36
9.72106e-36
3.25667e-35
1.12822e-34
4.18042e-34
1.57251e-33
6.02809e-33
2.37803e-32
9.37144e-32
3.75184e-31
1.47982e-30
5.83295e-30
2.29175e-29
8.96895e-29
3.49387e-28
1.35329e-27
5.21368e-27
1.99637e-26
7.61794e-26
2.88344e-25
1.08447e-24
4.1035e-24
1.52167e-23
5.61205e-23
2.04707e-22
7.22815e-22
2.73447e-21
9.74624e-21
3.4683e-20
1.21921e-19
4.28773e-19
1.50015e-18
5.1429e-18
1.73193e-17
5.86554e-17
1.91881e-16
6.44536e-16
2.08527e-15
6.59003e-15
2.12798e-14
6.50491e-14
2.0476e-13
6.71354e-13
2.14528e-12
6.52564e-12
1.93201e-11
4.89505e-11
1.17075e-10
2.86509e-10
6.54399e-10
1.38885e-09
2.77444e-09
5.03e-09
9.23712e-09
1.70114e-08
3.0566e-08
5.19397e-08
8.04003e-08
9.98465e-08
7.92256e-08
3.1801e-08
1.01332e-08
3.04321e-09
9.30982e-10
3.15707e-10
1.2678e-10
6.15726e-11
3.55417e-11
2.43763e-11
1.77039e-11
1.13313e-11
5.66393e-12
2.44791e-12
1.11306e-12
5.24418e-13
2.55091e-13
1.27381e-13
6.53659e-14
3.43875e-14
1.86039e-14
1.02438e-14
6.10983e-15
4.19387e-15
3.71577e-15
4.44835e-15
6.61804e-15
1.11493e-14
1.97666e-14
3.72429e-14
7.2506e-14
1.49289e-13
3.27141e-13
7.68513e-13
1.86536e-12
3.53593e-12
1.37086e-12
2.37864e-13
3.1824e-38
1.76e-37
6.90982e-37
2.55831e-36
9.43461e-36
3.5181e-35
1.3296e-34
5.07734e-34
1.95033e-33
7.72169e-33
3.02326e-32
1.19359e-31
4.75633e-31
1.87036e-30
7.4603e-30
2.92007e-29
1.14005e-28
4.50989e-28
1.75198e-27
6.76323e-27
2.59689e-26
9.86586e-26
3.72525e-25
1.39784e-24
5.21512e-24
1.93067e-23
7.10892e-23
2.62913e-22
9.52278e-22
3.42292e-21
1.2236e-20
4.45079e-20
1.55565e-19
5.4443e-19
1.87589e-18
6.37661e-18
2.1325e-17
6.99884e-17
2.36205e-16
7.74377e-16
2.47875e-15
7.85283e-15
2.43926e-14
7.73078e-14
2.41554e-13
7.85507e-13
2.46304e-12
7.55425e-12
2.03605e-11
5.09232e-11
1.31658e-10
3.16784e-10
7.23518e-10
1.55159e-09
2.87677e-09
5.21139e-09
9.54651e-09
1.74344e-08
3.10791e-08
5.26095e-08
8.10128e-08
1.00261e-07
7.97423e-08
3.23477e-08
1.03973e-08
3.15453e-09
9.68506e-10
3.28089e-10
1.31155e-10
6.35502e-11
3.65689e-11
2.50008e-11
1.821e-11
1.17569e-11
5.91936e-12
2.55229e-12
1.1579e-12
5.45013e-13
2.64759e-13
1.3198e-13
6.76614e-14
3.55705e-14
1.92329e-14
1.05824e-14
6.30443e-15
4.32908e-15
3.84531e-15
4.61905e-15
6.89037e-15
1.16223e-14
2.0637e-14
3.89116e-14
7.59441e-14
1.56803e-13
3.44738e-13
8.11847e-13
1.96026e-12
3.46945e-12
1.32553e-12
2.29645e-13
4.59244e-38
2.65257e-37
1.08072e-36
4.17348e-36
1.59788e-35
6.12242e-35
2.34952e-34
9.03267e-34
3.47572e-33
1.33958e-32
5.14819e-32
1.97392e-31
7.73373e-31
2.97526e-30
1.14304e-29
4.44106e-29
1.70543e-28
6.54768e-28
2.51148e-27
9.51716e-27
3.64956e-26
1.3642e-25
5.06047e-25
1.87024e-24
6.94077e-24
2.58363e-23
9.38259e-23
3.36924e-22
1.2291e-21
4.35278e-21
1.52029e-20
5.61613e-20
1.93802e-19
6.66166e-19
2.23802e-18
7.67892e-18
2.52689e-17
8.13966e-17
2.80935e-16
9.46122e-16
2.9527e-15
9.12151e-15
2.83984e-14
8.87112e-14
2.82232e-13
8.91808e-13
2.86581e-12
8.01707e-12
2.13544e-11
5.67477e-11
1.44895e-10
3.46834e-10
7.74197e-10
1.64134e-09
3.02372e-09
5.41665e-09
9.80136e-09
1.7853e-08
3.15816e-08
5.31615e-08
8.1504e-08
1.00621e-07
8.0329e-08
3.29064e-08
1.06383e-08
3.23916e-09
9.97937e-10
3.38835e-10
1.35356e-10
6.53603e-11
3.7438e-11
2.5535e-11
1.86415e-11
1.20787e-11
6.10772e-12
2.63294e-12
1.19365e-12
5.61291e-13
2.72497e-13
1.35824e-13
6.9603e-14
3.65831e-14
1.97691e-14
1.08846e-14
6.48567e-15
4.45992e-15
3.97424e-15
4.79112e-15
7.16561e-15
1.2098e-14
2.15185e-14
4.0586e-14
7.93965e-14
1.64331e-13
3.62304e-13
8.55469e-13
2.05698e-12
3.42894e-12
1.29748e-12
2.24485e-13
7.04782e-38
3.98045e-37
1.6417e-36
6.30226e-36
2.38786e-35
9.23174e-35
3.51626e-34
1.34428e-33
5.14555e-33
1.96931e-32
7.54049e-32
2.88725e-31
1.10482e-30
4.22389e-30
1.61732e-29
6.20214e-29
2.37464e-28
9.00952e-28
3.41607e-27
1.30031e-26
4.87748e-26
1.81354e-25
6.60255e-25
2.4865e-24
9.02137e-24
3.26174e-23
1.17571e-22
4.08905e-22
1.52546e-21
5.44921e-21
1.91536e-20
6.68461e-20
2.3282e-19
8.00098e-19
2.69361e-18
9.16156e-18
3.09451e-17
9.89158e-17
3.39757e-16
1.09562e-15
3.44564e-15
1.07299e-14
3.27504e-14
1.01502e-13
3.14343e-13
9.96764e-13
3.04089e-12
8.09789e-12
2.31203e-11
6.19593e-11
1.5538e-10
3.66608e-10
8.10579e-10
1.70411e-09
3.12352e-09
5.57623e-09
1.00146e-08
1.81348e-08
3.19644e-08
5.3583e-08
8.18471e-08
1.00931e-07
8.09587e-08
3.34702e-08
1.0878e-08
3.32344e-09
1.02537e-09
3.48484e-10
1.389e-10
6.69131e-11
3.82056e-11
2.6003e-11
1.90049e-11
1.23731e-11
6.28653e-12
2.70698e-12
1.22713e-12
5.76735e-13
2.79893e-13
1.39452e-13
7.14428e-14
3.75401e-14
2.02793e-14
1.11719e-14
6.65888e-15
4.58567e-15
4.09827e-15
4.95623e-15
7.42902e-15
1.25534e-14
2.23616e-14
4.21868e-14
8.26906e-14
1.71496e-13
3.78969e-13
8.96431e-13
2.14853e-12
3.41407e-12
1.28307e-12
2.21782e-13
1.00281e-37
5.69125e-37
2.3327e-36
9.0372e-36
3.4604e-35
1.32213e-34
5.04779e-34
1.92663e-33
7.35e-33
2.80209e-32
1.06708e-31
4.06449e-31
1.54919e-30
5.90143e-30
2.23864e-29
8.49121e-29
3.21667e-28
1.21268e-27
4.5582e-27
1.70911e-26
6.37581e-26
2.35848e-25
8.67286e-25
3.1679e-24
1.15048e-23
4.15458e-23
1.48654e-22
5.24057e-22
1.82628e-21
6.40077e-21
2.28357e-20
8.08546e-20
2.7858e-19
9.47678e-19
3.15347e-18
1.06021e-17
3.55406e-17
1.12507e-16
3.79683e-16
1.25134e-15
3.92951e-15
1.20896e-14
3.76377e-14
1.15172e-13
3.58677e-13
1.12815e-12
3.19115e-12
8.9157e-12
2.51995e-11
6.68549e-11
1.66996e-10
3.87847e-10
8.47245e-10
1.76451e-09
3.21437e-09
5.70431e-09
1.01917e-08
1.83728e-08
3.22473e-08
5.38601e-08
8.20503e-08
1.01193e-07
8.17251e-08
3.40968e-08
1.11377e-08
3.42557e-09
1.05701e-09
3.59031e-10
1.42545e-10
6.84779e-11
3.89674e-11
2.64488e-11
1.936e-11
1.26653e-11
6.46943e-12
2.78316e-12
1.26052e-12
5.92118e-13
2.87258e-13
1.43032e-13
7.32562e-14
3.8483e-14
2.07827e-14
1.1453e-14
6.82775e-15
4.70679e-15
4.21529e-15
5.10924e-15
7.67064e-15
1.29699e-14
2.31287e-14
4.36437e-14
8.56689e-14
1.77934e-13
3.93848e-13
9.32758e-13
2.23052e-12
3.42083e-12
1.27957e-12
2.21031e-13
1.30741e-37
7.45161e-37
3.0651e-36
1.1887e-35
4.55448e-35
1.73768e-34
6.61674e-34
2.51842e-33
9.58755e-33
3.66124e-32
1.38893e-31
5.25853e-31
1.99073e-30
7.56462e-30
2.85327e-29
1.07479e-28
4.04675e-28
1.51612e-27
5.65295e-27
2.13552e-26
7.90447e-26
2.87702e-25
1.06958e-24
3.87088e-24
1.40216e-23
5.08425e-23
1.8178e-22
6.44694e-22
2.26194e-21
7.80985e-21
2.712e-20
9.46238e-20
3.24089e-19
1.1014e-18
3.70024e-18
1.22388e-17
4.03335e-17
1.26841e-16
4.25998e-16
1.38218e-15
4.37734e-15
1.36441e-14
4.20263e-14
1.29444e-13
3.79865e-13
1.09377e-12
3.35557e-12
9.80177e-12
2.7289e-11
7.20304e-11
1.76693e-10
4.0546e-10
8.77698e-10
1.81426e-09
3.28354e-09
5.80061e-09
1.03246e-08
1.85427e-08
3.24321e-08
5.39935e-08
8.21046e-08
1.01434e-07
8.27678e-08
3.50975e-08
1.15319e-08
3.54774e-09
1.09744e-09
3.71224e-10
1.46954e-10
7.02669e-11
3.98719e-11
2.69666e-11
1.97367e-11
1.29696e-11
6.66057e-12
2.86193e-12
1.29487e-12
6.07865e-13
2.94831e-13
1.46685e-13
7.51038e-14
3.94413e-14
2.12933e-14
1.17339e-14
6.99461e-15
4.82358e-15
4.32418e-15
5.24741e-15
7.88524e-15
1.33382e-14
2.38019e-14
4.4921e-14
8.82596e-14
1.83495e-13
4.06607e-13
9.63704e-13
2.30087e-12
3.44537e-12
1.2848e-12
2.21835e-13
1.55217e-37
9.36123e-37
3.79473e-36
1.46457e-35
5.6719e-35
2.16368e-34
8.26427e-34
3.14627e-33
1.19537e-32
4.53368e-32
1.71954e-31
6.53401e-31
2.46635e-30
9.31298e-30
3.50988e-29
1.30757e-28
5.04506e-28
1.8789e-27
6.98472e-27
2.58102e-26
9.45342e-26
3.51883e-25
1.28023e-24
4.63578e-24
1.66877e-23
5.98702e-23
2.13554e-22
7.54581e-22
2.68785e-21
9.38599e-21
3.23367e-20
1.09981e-19
3.71106e-19
1.24634e-18
4.12226e-18
1.35015e-17
4.39432e-17
1.39761e-16
4.77605e-16
1.51888e-15
4.7019e-15
1.4599e-14
4.48072e-14
1.3291e-13
3.86477e-13
1.21284e-12
3.65857e-12
1.06163e-11
2.95155e-11
7.67419e-11
1.8622e-10
4.23116e-10
9.06469e-10
1.84726e-09
3.33274e-09
5.87877e-09
1.04207e-08
1.86493e-08
3.25138e-08
5.40026e-08
8.20404e-08
1.01598e-07
8.39191e-08
3.61254e-08
1.19402e-08
3.69217e-09
1.14232e-09
3.84777e-10
1.51465e-10
7.21326e-11
4.07635e-11
2.74364e-11
2.00821e-11
1.3266e-11
6.86883e-12
2.9499e-12
1.33376e-12
6.25658e-13
3.03157e-13
1.50594e-13
7.70476e-14
4.04363e-14
2.18184e-14
1.20169e-14
7.15906e-15
4.93557e-15
4.42427e-15
5.36979e-15
8.07126e-15
1.36553e-14
2.43755e-14
4.60062e-14
9.04372e-14
1.88121e-13
4.1711e-13
9.89004e-13
2.3593e-12
3.48355e-12
1.29668e-12
2.23826e-13
1.86059e-37
1.11392e-36
4.53924e-36
1.75947e-35
6.73885e-35
2.57097e-34
9.79346e-34
3.72352e-33
1.41186e-32
5.36429e-32
2.06045e-31
7.78632e-31
2.93861e-30
1.11346e-29
4.20333e-29
1.57316e-28
5.96061e-28
2.21177e-27
8.17707e-27
3.0248e-26
1.09855e-25
4.09007e-25
1.48271e-24
5.34027e-24
1.89421e-23
6.85882e-23
2.42097e-22
8.55632e-22
3.03402e-21
1.05929e-20
3.64487e-20
1.23752e-19
4.146e-19
1.39692e-18
4.58498e-18
1.49682e-17
4.8579e-17
1.54826e-16
5.2117e-16
1.63623e-15
5.04224e-15
1.53969e-14
4.62633e-14
1.3661e-13
4.26847e-13
1.323e-12
3.98187e-12
1.15584e-11
3.17987e-11
8.21484e-11
1.98373e-10
4.49344e-10
9.67367e-10
1.85766e-09
3.37066e-09
5.93641e-09
1.04817e-08
1.86992e-08
3.25094e-08
5.3867e-08
8.17882e-08
1.01677e-07
8.50085e-08
3.71865e-08
1.23593e-08
3.83509e-09
1.1872e-09
3.99353e-10
1.56236e-10
7.3958e-11
4.1605e-11
2.78793e-11
2.04269e-11
1.35745e-11
7.07576e-12
3.03357e-12
1.37021e-12
6.42052e-13
3.1096e-13
1.54285e-13
7.88979e-14
4.13894e-14
2.23244e-14
1.22892e-14
7.31869e-15
5.04101e-15
4.51471e-15
5.47658e-15
8.23075e-15
1.39256e-14
2.48588e-14
4.69172e-14
9.22465e-14
1.91933e-13
4.25671e-13
1.0095e-12
2.40729e-12
3.53141e-12
1.31333e-12
2.26668e-13
2.22348e-37
1.27348e-36
5.2168e-36
2.01996e-35
7.72566e-35
2.94622e-34
1.12372e-33
4.28744e-33
1.63164e-32
6.25135e-32
2.37834e-31
9.00982e-31
3.40124e-30
1.28884e-29
4.87488e-29
1.82682e-28
6.82276e-28
2.54147e-27
9.41373e-27
3.46967e-26
1.2708e-25
4.62005e-25
1.68287e-24
6.04742e-24
2.15973e-23
7.65798e-23
2.70351e-22
9.39215e-22
3.35052e-21
1.15583e-20
3.86368e-20
1.35924e-19
4.59104e-19
1.51367e-18
5.13351e-18
1.6535e-17
5.27521e-17
1.67833e-16
5.49356e-16
1.77058e-15
5.40423e-15
1.63911e-14
4.91304e-14
1.47747e-13
4.61357e-13
1.42416e-12
4.27343e-12
1.23415e-11
3.37426e-11
8.65733e-11
2.07732e-10
4.67889e-10
9.99142e-10
1.85922e-09
3.4044e-09
5.98528e-09
1.05213e-08
1.87107e-08
3.24519e-08
5.37023e-08
8.15289e-08
1.01743e-07
8.62737e-08
3.83444e-08
1.28052e-08
3.98467e-09
1.23287e-09
4.13965e-10
1.61226e-10
7.58023e-11
4.25398e-11
2.83503e-11
2.07588e-11
1.38602e-11
7.27375e-12
3.11738e-12
1.40612e-12
6.58538e-13
3.1876e-13
1.57948e-13
8.07117e-14
4.23159e-14
2.28145e-14
1.25514e-14
7.47151e-15
5.14248e-15
4.59976e-15
5.57286e-15
8.36851e-15
1.4157e-14
2.527e-14
4.76968e-14
9.37679e-14
1.95069e-13
4.32606e-13
1.02592e-12
2.44644e-12
3.58515e-12
1.33303e-12
2.30057e-13
2.42388e-37
1.42129e-36
5.84736e-36
2.25974e-35
8.63973e-35
3.29744e-34
1.25944e-33
4.81375e-33
1.84296e-32
7.03581e-32
2.67602e-31
1.01374e-30
3.82185e-30
1.45131e-29
5.43529e-29
2.02301e-28
7.3727e-28
2.86075e-27
1.05305e-26
3.88562e-26
1.42286e-25
5.1782e-25
1.8714e-24
6.61381e-24
2.40678e-23
8.44268e-23
2.94546e-22
1.02462e-21
3.59079e-21
1.28111e-20
4.32954e-20
1.49356e-19
5.00282e-19
1.67854e-18
5.48197e-18
1.7623e-17
5.59195e-17
1.77823e-16
5.82676e-16
1.8911e-15
5.80175e-15
1.76719e-14
5.22359e-14
1.61044e-13
4.89651e-13
1.5084e-12
4.5097e-12
1.29034e-11
3.50029e-11
8.91319e-11
2.12322e-10
4.75077e-10
1.00759e-09
1.85969e-09
3.4419e-09
6.02297e-09
1.05391e-08
1.86884e-08
3.2341e-08
5.34494e-08
8.12283e-08
1.0175e-07
8.73681e-08
3.94925e-08
1.32601e-08
4.1394e-09
1.28011e-09
4.2892e-10
1.66178e-10
7.77061e-11
4.34039e-11
2.87671e-11
2.10547e-11
1.41296e-11
7.47521e-12
3.20178e-12
1.44292e-12
6.74983e-13
3.26426e-13
1.61515e-13
8.25104e-14
4.32454e-14
2.33077e-14
1.28094e-14
7.61945e-15
5.23786e-15
4.67716e-15
5.65857e-15
8.49083e-15
1.43606e-14
2.56231e-14
4.8352e-14
9.50429e-14
1.97716e-13
4.38457e-13
1.03985e-12
2.48019e-12
3.64514e-12
1.3557e-12
2.33969e-13
2.58941e-37
1.5975e-36
6.52347e-36
2.52219e-35
9.66271e-35
3.69759e-34
1.4138e-33
5.38807e-33
2.05015e-32
7.78974e-32
2.95217e-31
1.11435e-30
4.25883e-30
1.5767e-29
5.92078e-29
2.23244e-28
8.4235e-28
3.11812e-27
1.14968e-26
4.20503e-26
1.52495e-25
5.43928e-25
2.03321e-24
7.24337e-24
2.57621e-23
9.09094e-23
3.23101e-22
1.1244e-21
3.92216e-21
1.35252e-20
4.57075e-20
1.59623e-19
5.25476e-19
1.77543e-18
5.76784e-18
1.85992e-17
5.91978e-17
1.8365e-16
6.13996e-16
2.00175e-15
6.043e-15
1.82846e-14
5.51944e-14
1.70711e-13
5.13055e-13
1.57681e-12
4.67682e-12
1.33024e-11
3.58817e-11
9.08578e-11
2.15261e-10
4.79624e-10
1.01177e-09
1.85906e-09
3.46939e-09
6.05076e-09
1.05437e-08
1.86512e-08
3.22269e-08
5.31901e-08
8.08453e-08
1.01687e-07
8.83568e-08
4.06016e-08
1.36997e-08
4.28945e-09
1.32754e-09
4.43119e-10
1.70995e-10
7.95343e-11
4.42094e-11
2.91709e-11
2.13342e-11
1.43791e-11
7.65973e-12
3.28248e-12
1.47771e-12
6.90586e-13
3.33849e-13
1.64999e-13
8.42371e-14
4.41276e-14
2.37733e-14
1.30544e-14
7.7586e-15
5.32585e-15
4.74634e-15
5.73267e-15
8.59422e-15
1.45328e-14
2.59228e-14
4.89216e-14
9.61332e-14
1.9992e-13
4.43191e-13
1.05088e-12
2.50745e-12
3.70462e-12
1.37855e-12
2.37923e-13
3.04885e-37
1.73389e-36
7.10407e-36
2.75109e-35
1.05212e-34
4.01856e-34
1.5412e-33
5.84662e-33
2.20826e-32
8.27645e-32
3.18032e-31
1.22392e-30
4.58485e-30
1.69864e-29
6.52822e-29
2.41743e-28
8.9318e-28
3.3561e-27
1.23097e-26
4.45004e-26
1.6684e-25
6.03044e-25
2.17478e-24
7.72357e-24
2.77035e-23
9.70358e-23
3.40994e-22
1.18488e-21
4.11379e-21
1.44207e-20
4.94641e-20
1.67738e-19
5.51293e-19
1.85109e-18
5.93128e-18
1.89235e-17
6.20501e-17
1.91742e-16
6.35036e-16
2.03241e-15
6.45013e-15
1.94738e-14
5.89009e-14
1.74629e-13
5.31868e-13
1.6258e-12
4.80322e-12
1.36084e-11
3.65604e-11
9.22095e-11
2.17595e-10
4.82532e-10
1.0142e-09
1.85809e-09
3.48737e-09
6.06677e-09
1.05324e-08
1.85925e-08
3.20742e-08
5.29225e-08
8.0489e-08
1.01627e-07
8.93549e-08
4.16603e-08
1.41216e-08
4.43387e-09
1.37266e-09
4.5744e-10
1.75986e-10
8.13648e-11
4.49882e-11
2.95412e-11
2.1587e-11
1.46126e-11
7.83218e-12
3.35823e-12
1.51024e-12
7.05287e-13
3.40715e-13
1.68184e-13
8.58111e-14
4.49286e-14
2.41942e-14
1.32735e-14
7.88261e-15
5.40345e-15
4.80604e-15
5.79492e-15
8.67921e-15
1.46728e-14
2.6163e-14
4.93753e-14
9.6993e-14
2.0165e-13
4.46894e-13
1.05945e-12
2.52902e-12
3.75964e-12
1.39997e-12
2.41636e-13
3.27024e-37
1.86133e-36
7.63038e-36
2.95734e-35
1.13424e-34
4.32677e-34
1.64863e-33
6.2724e-33
2.38028e-32
9.00629e-32
3.41269e-31
1.29637e-30
4.89294e-30
1.84347e-29
6.92455e-29
2.58021e-28
9.53046e-28
3.55422e-27
1.30227e-26
4.77024e-26
1.75293e-25
6.3602e-25
2.2955e-24
8.20707e-24
2.90069e-23
1.0169e-22
3.57807e-22
1.23713e-21
4.23961e-21
1.48942e-20
5.05577e-20
1.72617e-19
5.80532e-19
1.91735e-18
6.26161e-18
2.03121e-17
6.51156e-17
2.10871e-16
6.73313e-16
2.18122e-15
6.63246e-15
1.96753e-14
5.98339e-14
1.78194e-13
5.46287e-13
1.66335e-12
4.89807e-12
1.38315e-11
3.70345e-11
9.30894e-11
2.19053e-10
4.84459e-10
1.01576e-09
1.85672e-09
3.49912e-09
6.07546e-09
1.05143e-08
1.85249e-08
3.19219e-08
5.26378e-08
8.01302e-08
1.01528e-07
9.01322e-08
4.25349e-08
1.44802e-08
4.55842e-09
1.41174e-09
4.69558e-10
1.80129e-10
8.2908e-11
4.56479e-11
2.98543e-11
2.18018e-11
1.48076e-11
7.97894e-12
3.42337e-12
1.53816e-12
7.17789e-13
3.4656e-13
1.70895e-13
8.71502e-14
4.56084e-14
2.45521e-14
1.34594e-14
7.98754e-15
5.46862e-15
4.85548e-15
5.84559e-15
8.74765e-15
1.47855e-14
2.63558e-14
4.97372e-14
9.76741e-14
2.03011e-13
4.49784e-13
1.06612e-12
2.54606e-12
3.80788e-12
1.41887e-12
2.44916e-13
3.18917e-37
1.95263e-36
7.98668e-36
3.09598e-35
1.18646e-34
4.53785e-34
1.73416e-33
6.6092e-33
2.50626e-32
9.47316e-32
3.60468e-31
1.35993e-30
5.12525e-30
1.9286e-29
7.2347e-29
2.7059e-28
1.0135e-27
3.74334e-27
1.37393e-26
5.02529e-26
1.84073e-25
6.6269e-25
2.40396e-24
8.56782e-24
3.0359e-23
1.06723e-22
3.71798e-22
1.28071e-21
4.42418e-21
1.54719e-20
5.28436e-20
1.81861e-19
6.05326e-19
1.99517e-18
6.51493e-18
2.12045e-17
6.81052e-17
2.163e-16
6.84162e-16
2.17997e-15
6.67916e-15
2.01631e-14
5.96143e-14
1.8021e-13
5.57681e-13
1.69204e-12
4.9699e-12
1.40009e-11
3.73958e-11
9.37635e-11
2.20138e-10
4.85822e-10
1.0167e-09
1.85557e-09
3.50613e-09
6.0788e-09
1.04954e-08
1.84698e-08
3.1805e-08
5.24321e-08
7.98729e-08
1.0145e-07
9.0767e-08
4.33296e-08
1.47952e-08
4.66534e-09
1.44482e-09
4.79873e-10
1.83575e-10
8.41774e-11
4.61793e-11
3.01024e-11
2.19653e-11
1.49574e-11
8.09382e-12
3.4749e-12
1.56023e-12
7.27667e-13
3.51174e-13
1.73035e-13
8.82061e-14
4.61432e-14
2.48324e-14
1.36048e-14
8.06949e-15
5.51934e-15
4.8936e-15
5.8842e-15
8.79923e-15
1.487e-14
2.64995e-14
5.00085e-14
9.81815e-14
2.04018e-13
4.51906e-13
1.07103e-12
2.55875e-12
3.84679e-12
1.4342e-12
2.47577e-13
3.47846e-37
1.98722e-36
8.14972e-36
3.19652e-35
1.22298e-34
4.67127e-34
1.78333e-33
6.80611e-33
2.59267e-32
9.84051e-32
3.72715e-31
1.40939e-30
5.32559e-30
2.01153e-29
7.57485e-29
2.82941e-28
1.05174e-27
3.88956e-27
1.43032e-26
5.22853e-26
1.89979e-25
6.85522e-25
2.45698e-24
8.71537e-24
3.13175e-23
1.10308e-22
3.86969e-22
1.34066e-21
4.69085e-21
1.60021e-20
5.42294e-20
1.81812e-19
6.16883e-19
2.03304e-18
6.72663e-18
2.18366e-17
6.92073e-17
2.15414e-16
6.87578e-16
2.175e-15
6.65363e-15
2.00378e-14
6.01503e-14
1.82172e-13
5.65761e-13
1.71253e-12
5.02074e-12
1.41205e-11
3.76531e-11
9.42591e-11
2.20905e-10
4.86829e-10
1.01739e-09
1.85478e-09
3.51037e-09
6.08023e-09
1.04808e-08
1.84281e-08
3.17163e-08
5.22757e-08
7.96729e-08
1.01379e-07
9.11837e-08
4.38544e-08
1.50064e-08
4.73817e-09
1.46754e-09
4.86863e-10
1.85958e-10
8.50558e-11
4.65493e-11
3.02747e-11
2.20812e-11
1.50629e-11
8.17478e-12
3.51141e-12
1.57584e-12
7.34641e-13
3.54427e-13
1.74542e-13
8.89499e-14
4.65221e-14
2.50308e-14
1.37073e-14
8.12708e-15
5.55477e-15
4.91996e-15
5.91058e-15
8.83424e-15
1.49272e-14
2.65966e-14
5.01926e-14
9.85253e-14
2.047e-13
4.53336e-13
1.07432e-12
2.56733e-12
3.87445e-12
1.44513e-12
2.49475e-13
3.52745e-37
2.04909e-36
8.37681e-36
3.24899e-35
1.24818e-34
4.7882e-34
1.83005e-33
6.98633e-33
2.66414e-32
1.01376e-31
3.84515e-31
1.45424e-30
5.48447e-30
2.06389e-29
7.75434e-29
2.8926e-28
1.07337e-27
3.96186e-27
1.44919e-26
5.27399e-26
1.91703e-25
6.92687e-25
2.50712e-24
8.89463e-24
3.18758e-23
1.1203e-22
3.93895e-22
1.38055e-21
4.76607e-21
1.63171e-20
5.53615e-20
1.89627e-19
6.26124e-19
2.05915e-18
6.78962e-18
2.17545e-17
6.99725e-17
2.19263e-16
7.21984e-16
2.25794e-15
6.76619e-15
2.04044e-14
6.00563e-14
1.85632e-13
5.701e-13
1.72511e-12
5.0541e-12
1.41994e-11
3.78201e-11
9.45694e-11
2.21395e-10
4.87469e-10
1.01794e-09
1.85458e-09
3.51336e-09
6.08191e-09
1.04743e-08
1.84078e-08
3.16711e-08
5.21928e-08
7.95604e-08
1.01333e-07
9.13886e-08
4.41229e-08
1.51167e-08
4.77624e-09
1.4794e-09
4.90563e-10
1.87204e-10
8.55117e-11
4.67407e-11
3.03636e-11
2.21401e-11
1.51177e-11
8.21732e-12
3.53071e-12
1.58408e-12
7.38318e-13
3.56141e-13
1.75336e-13
8.93421e-14
4.67218e-14
2.51359e-14
1.37617e-14
8.15766e-15
5.57354e-15
4.93388e-15
5.92445e-15
8.85259e-15
1.49572e-14
2.66474e-14
5.02891e-14
9.87054e-14
2.05056e-13
4.54085e-13
1.07602e-12
2.5718e-12
3.88923e-12
1.45098e-12
2.50493e-13
3.48394e-37
2.04426e-36
8.5486e-36
3.30189e-35
1.26547e-34
4.83562e-34
1.84567e-33
7.04486e-33
2.68897e-32
1.02915e-31
3.90239e-31
1.47405e-30
5.52589e-30
2.04464e-29
7.90773e-29
2.93533e-28
1.0884e-27
4.01989e-27
1.47819e-26
5.38846e-26
1.97373e-25
7.12718e-25
2.55908e-24
9.10528e-24
3.20638e-23
1.1454e-22
4.00723e-22
1.40223e-21
4.89893e-21
1.6849e-20
5.69619e-20
1.8957e-19
6.40672e-19
2.13336e-18
6.90327e-18
2.20591e-17
7.08817e-17
2.19298e-16
7.25575e-16
2.23832e-15
6.91212e-15
2.06582e-14
6.15998e-14
1.85869e-13
5.72692e-13
1.73278e-12
5.07392e-12
1.42469e-11
3.7924e-11
9.47732e-11
2.21751e-10
4.87991e-10
1.01856e-09
1.85502e-09
3.51634e-09
6.085e-09
1.04756e-08
1.84057e-08
3.16625e-08
5.21738e-08
7.95318e-08
1.01314e-07
9.14236e-08
4.41748e-08
1.51381e-08
4.7836e-09
1.48164e-09
4.91241e-10
1.87428e-10
8.55895e-11
4.67717e-11
3.0377e-11
2.21488e-11
1.51258e-11
8.22369e-12
3.53359e-12
1.58528e-12
7.38843e-13
3.5638e-13
1.75445e-13
8.93948e-14
4.67482e-14
2.51496e-14
1.37687e-14
8.16155e-15
5.5759e-15
4.93561e-15
5.92619e-15
8.85494e-15
1.49612e-14
2.66545e-14
5.03027e-14
9.87319e-14
2.05111e-13
4.54205e-13
1.07632e-12
2.57255e-12
3.89116e-12
1.45172e-12
2.5062e-13
3.49175e-37
2.09291e-36
8.59574e-36
3.33629e-35
1.28135e-34
4.90654e-34
1.87546e-33
7.15598e-33
2.72519e-32
1.03566e-31
3.92738e-31
1.48545e-30
5.59209e-30
2.0917e-29
7.95785e-29
2.95981e-28
1.09488e-27
4.00484e-27
1.49967e-26
5.46818e-26
1.99877e-25
7.23448e-25
2.60457e-24
9.31316e-24
3.29701e-23
1.15635e-22
3.98375e-22
1.43051e-21
4.92698e-21
1.69174e-20
5.76127e-20
1.93465e-19
6.49384e-19
2.13016e-18
6.97442e-18
2.2256e-17
7.16318e-17
2.22827e-16
7.3109e-16
2.25365e-15
6.94859e-15
2.0388e-14
6.24487e-14
1.86682e-13
5.72659e-13
1.73595e-12
5.08222e-12
1.4268e-11
3.79752e-11
9.4889e-11
2.21995e-10
4.88474e-10
1.01946e-09
1.85652e-09
3.52004e-09
6.09116e-09
1.04892e-08
1.84306e-08
3.17051e-08
5.224e-08
7.96091e-08
1.01331e-07
9.12445e-08
4.39595e-08
1.50516e-08
4.75398e-09
1.47242e-09
4.88392e-10
1.86472e-10
8.5237e-11
4.66244e-11
3.03075e-11
2.21026e-11
1.50839e-11
8.19151e-12
3.51904e-12
1.57905e-12
7.36051e-13
3.55075e-13
1.7484e-13
8.90955e-14
4.65958e-14
2.50695e-14
1.37272e-14
8.13823e-15
5.56157e-15
4.925e-15
5.91569e-15
8.8412e-15
1.49389e-14
2.66171e-14
5.02322e-14
9.86021e-14
2.04858e-13
4.53684e-13
1.07513e-12
2.56941e-12
3.87958e-12
1.44711e-12
2.49817e-13
3.53179e-37
2.07807e-36
8.49543e-36
3.30473e-35
1.27208e-34
4.87959e-34
1.8663e-33
7.11558e-33
2.70393e-32
1.02405e-31
3.86621e-31
1.45643e-30
5.48298e-30
2.06447e-29
7.75529e-29
2.88734e-28
1.06567e-27
3.95786e-27
1.47124e-26
5.3786e-26
1.94499e-25
7.13713e-25
2.55819e-24
9.23112e-24
3.25541e-23
1.13836e-22
3.97016e-22
1.40161e-21
4.8235e-21
1.65858e-20
5.63372e-20
1.88917e-19
6.47316e-19
2.09956e-18
6.63228e-18
2.15489e-17
6.9525e-17
2.13633e-16
6.9675e-16
2.27228e-15
6.71261e-15
2.05798e-14
6.04004e-14
1.87181e-13
5.72475e-13
1.73347e-12
5.07669e-12
1.42583e-11
3.79653e-11
9.49019e-11
2.22107e-10
4.88873e-10
1.02058e-09
1.85908e-09
3.52467e-09
6.10078e-09
1.05156e-08
1.84831e-08
3.17987e-08
5.23887e-08
7.9788e-08
1.0138e-07
9.08589e-08
4.34912e-08
1.48635e-08
4.68981e-09
1.45255e-09
4.82253e-10
1.84421e-10
8.44827e-11
4.63057e-11
3.01591e-11
2.20046e-11
1.49941e-11
8.12243e-12
3.48786e-12
1.56569e-12
7.30076e-13
3.52284e-13
1.73546e-13
8.84565e-14
4.6271e-14
2.48989e-14
1.36391e-14
8.08867e-15
5.53114e-15
4.9025e-15
5.89341e-15
8.81199e-15
1.48915e-14
2.65376e-14
5.00824e-14
9.83262e-14
2.0432e-13
4.52573e-13
1.07259e-12
2.56266e-12
3.85519e-12
1.43739e-12
2.48128e-13
3.58871e-37
2.03914e-36
8.34951e-36
3.19085e-35
1.25313e-34
4.77224e-34
1.82171e-33
6.94164e-33
2.63865e-32
1.00093e-31
3.78924e-31
1.43127e-30
5.39335e-30
2.02759e-29
7.58745e-29
2.82054e-28
1.06056e-27
3.91633e-27
1.44207e-26
5.28732e-26
1.93312e-25
7.04728e-25
2.53562e-24
9.04985e-24
3.20608e-23
1.12786e-22
3.94143e-22
1.37133e-21
4.79562e-21
1.6428e-20
5.58243e-20
1.8738e-19
6.31868e-19
2.07889e-18
6.79578e-18
2.19553e-17
6.95707e-17
2.15399e-16
7.05341e-16
2.2575e-15
6.78872e-15
2.01671e-14
6.00829e-14
1.87083e-13
5.69616e-13
1.72561e-12
5.0589e-12
1.42219e-11
3.79043e-11
9.48343e-11
2.22136e-10
4.89297e-10
1.02214e-09
1.863e-09
3.53085e-09
6.11487e-09
1.05568e-08
1.85671e-08
3.19511e-08
5.26331e-08
8.00798e-08
1.01457e-07
9.02305e-08
4.27536e-08
1.45705e-08
4.59039e-09
1.42184e-09
4.7279e-10
1.81242e-10
8.33152e-11
4.58125e-11
2.99285e-11
2.18513e-11
1.4856e-11
8.01747e-12
3.44086e-12
1.54559e-12
7.2109e-13
3.4809e-13
1.71603e-13
8.74965e-14
4.57815e-14
2.46423e-14
1.35065e-14
8.01419e-15
5.48543e-15
4.86871e-15
5.85993e-15
8.76802e-15
1.482e-14
2.64173e-14
4.98553e-14
9.79065e-14
2.03498e-13
4.50869e-13
1.06872e-12
2.55243e-12
3.81896e-12
1.42299e-12
2.45625e-13
3.35796e-37
1.9724e-36
8.08513e-36
3.14471e-35
1.20188e-34
4.58392e-34
1.75298e-33
6.71173e-33
2.551e-32
9.6705e-32
3.65646e-31
1.37971e-30
5.20358e-30
1.96697e-29
7.34564e-29
2.73252e-28
1.01342e-27
3.74489e-27
1.38127e-26
5.09387e-26
1.86801e-25
6.6724e-25
2.45543e-24
8.67452e-24
3.1368e-23
1.10046e-22
3.84172e-22
1.33279e-21
4.66301e-21
1.60622e-20
5.34191e-20
1.86145e-19
6.16796e-19
2.03433e-18
6.66332e-18
2.14345e-17
6.87446e-17
2.14601e-16
6.80549e-16
2.1592e-15
6.72702e-15
2.0003e-14
5.89008e-14
1.84335e-13
5.65187e-13
1.71285e-12
5.02682e-12
1.41501e-11
3.77679e-11
9.46366e-11
2.21987e-10
4.89584e-10
1.02389e-09
1.86802e-09
3.53745e-09
6.13132e-09
1.06085e-08
1.8675e-08
3.21495e-08
5.29529e-08
8.04599e-08
1.01536e-07
8.9329e-08
4.1764e-08
1.41852e-08
4.46094e-09
1.38201e-09
4.60474e-10
1.77128e-10
8.17858e-11
4.51719e-11
2.9631e-11
2.16553e-11
1.46791e-11
7.88329e-12
3.38103e-12
1.51993e-12
7.09598e-13
3.42716e-13
1.6911e-13
8.62597e-14
4.51545e-14
2.43131e-14
1.33361e-14
7.91836e-15
5.42647e-15
4.82489e-15
5.81623e-15
8.7104e-15
1.47262e-14
2.62592e-14
4.95577e-14
9.73559e-14
2.02413e-13
4.48611e-13
1.06358e-12
2.53893e-12
3.77262e-12
1.40461e-12
2.42431e-13
3.30552e-37
1.88365e-36
7.74634e-36
2.99757e-35
1.14268e-34
4.34979e-34
1.66899e-33
6.33139e-33
2.4009e-32
9.19473e-32
3.46847e-31
1.30724e-30
4.92397e-30
1.85798e-29
7.03847e-29
2.6225e-28
9.73046e-28
3.60273e-27
1.33362e-26
4.81548e-26
1.79634e-25
6.48591e-25
2.34294e-24
8.39893e-24
2.99373e-23
1.05459e-22
3.71014e-22
1.28661e-21
4.50133e-21
1.53252e-20
5.17487e-20
1.77042e-19
5.92504e-19
1.95622e-18
6.23979e-18
2.05975e-17
6.59434e-17
2.07914e-16
6.71317e-16
2.16939e-15
6.47817e-15
2.01783e-14
5.95935e-14
1.81584e-13
5.56263e-13
1.6921e-12
4.9778e-12
1.40394e-11
3.75509e-11
9.42798e-11
2.21594e-10
4.89616e-10
1.0257e-09
1.87393e-09
3.54235e-09
6.14835e-09
1.06677e-08
1.88008e-08
3.23827e-08
5.33294e-08
8.09032e-08
1.01621e-07
8.83309e-08
4.06703e-08
1.37507e-08
4.31312e-09
1.33584e-09
4.46122e-10
1.72141e-10
7.99855e-11
4.44184e-11
2.92808e-11
2.14213e-11
1.44671e-11
7.72401e-12
3.3106e-12
1.48969e-12
6.96032e-13
3.36365e-13
1.66167e-13
8.48112e-14
4.44176e-14
2.39245e-14
1.31341e-14
7.80392e-15
5.35579e-15
4.77198e-15
5.76298e-15
8.63965e-15
1.46105e-14
2.60633e-14
4.9189e-14
9.66681e-14
2.0106e-13
4.45789e-13
1.05712e-12
2.52212e-12
3.7181e-12
1.38309e-12
2.38691e-13
3.13295e-37
1.78194e-36
7.31412e-36
2.82879e-35
1.07595e-34
4.06532e-34
1.57911e-33
5.97411e-33
2.26011e-32
8.53681e-32
3.21828e-31
1.21281e-30
4.59097e-30
1.72593e-29
6.47658e-29
2.44089e-28
9.04502e-28
3.34891e-27
1.24236e-26
4.55654e-26
1.66947e-25
6.0539e-25
2.22923e-24
7.98849e-24
2.84666e-23
1.00017e-22
3.58024e-22
1.24902e-21
4.32292e-21
1.47545e-20
5.11963e-20
1.71593e-19
5.69481e-19
1.88665e-18
6.18405e-18
2.0077e-17
6.49649e-17
2.04212e-16
6.62351e-16
2.14194e-15
6.46951e-15
1.97557e-14
5.91732e-14
1.77599e-13
5.45435e-13
1.66286e-12
4.9055e-12
1.38765e-11
3.72033e-11
9.37012e-11
2.20777e-10
4.8897e-10
1.02659e-09
1.8791e-09
3.54337e-09
6.16022e-09
1.07236e-08
1.89293e-08
3.2629e-08
5.37336e-08
8.13792e-08
1.01696e-07
8.72218e-08
3.94869e-08
1.3289e-08
4.15862e-09
1.28927e-09
4.31854e-10
1.67348e-10
7.81755e-11
4.36345e-11
2.89014e-11
2.11568e-11
1.42229e-11
7.54363e-12
3.23179e-12
1.45584e-12
6.80849e-13
3.29252e-13
1.62867e-13
8.31793e-14
4.35858e-14
2.34839e-14
1.29048e-14
7.67539e-15
5.27576e-15
4.71132e-15
5.70111e-15
8.55672e-15
1.44749e-14
2.58334e-14
4.87587e-14
9.5865e-14
1.99462e-13
4.4241e-13
1.04935e-12
2.50211e-12
3.65779e-12
1.35938e-12
2.34575e-13
2.91052e-37
1.65028e-36
6.74747e-36
2.60358e-35
9.92424e-35
3.82827e-34
1.4586e-33
5.54714e-33
2.10427e-32
7.96411e-32
3.00424e-31
1.12744e-30
4.2972e-30
1.60352e-29
6.05585e-29
2.23978e-28
8.47107e-28
3.13348e-27
1.16306e-26
4.27313e-26
1.56962e-25
5.76746e-25
2.09038e-24
7.51926e-24
2.69046e-23
9.55764e-23
3.36876e-22
1.17226e-21
4.15124e-21
1.41732e-20
4.81203e-20
1.61742e-19
5.47069e-19
1.81056e-18
5.95863e-18
1.92275e-17
6.07797e-17
1.88353e-16
6.28173e-16
2.01545e-15
6.27683e-15
1.89853e-14
5.58842e-14
1.7239e-13
5.30493e-13
1.62338e-12
4.8045e-12
1.36391e-11
3.67127e-11
9.27409e-11
2.19453e-10
4.87581e-10
1.02674e-09
1.88405e-09
3.5394e-09
6.16667e-09
1.07783e-08
1.90586e-08
3.28824e-08
5.41579e-08
8.18811e-08
1.01736e-07
8.59157e-08
3.82086e-08
1.27961e-08
3.99315e-09
1.2372e-09
4.16118e-10
1.62036e-10
7.62041e-11
4.27817e-11
2.84883e-11
2.087e-11
1.39678e-11
7.35119e-12
3.14968e-12
1.42032e-12
6.648e-13
3.21685e-13
1.59337e-13
8.14223e-14
4.26875e-14
2.30141e-14
1.26595e-14
7.53515e-15
5.18734e-15
4.64333e-15
5.63029e-15
8.46012e-15
1.43154e-14
2.55599e-14
4.82495e-14
9.4905e-14
1.97546e-13
4.38347e-13
1.03996e-12
2.47834e-12
3.59399e-12
1.3345e-12
2.30259e-13
2.63272e-37
1.49586e-36
6.14838e-36
2.39068e-35
9.14748e-35
3.49261e-34
1.33215e-33
5.07309e-33
1.92765e-32
7.30763e-32
2.76388e-31
1.04237e-30
3.91276e-30
1.463e-29
5.47528e-29
2.0683e-28
7.73635e-28
2.86889e-27
1.05852e-26
3.88415e-26
1.42563e-25
5.206e-25
1.8975e-24
6.81508e-24
2.47835e-23
8.78318e-23
3.09559e-22
1.08469e-21
3.73162e-21
1.27472e-20
4.41834e-20
1.53509e-19
5.07284e-19
1.73637e-18
5.66265e-18
1.83786e-17
5.91308e-17
1.81035e-16
6.02294e-16
1.94554e-15
5.90675e-15
1.80537e-14
5.3156e-14
1.655e-13
5.09887e-13
1.56464e-12
4.66363e-12
1.33102e-11
3.60095e-11
9.14117e-11
2.17186e-10
4.85033e-10
1.026e-09
1.89013e-09
3.52495e-09
6.16206e-09
1.08234e-08
1.92023e-08
3.31917e-08
5.46828e-08
8.24827e-08
1.01743e-07
8.43996e-08
3.68588e-08
1.22926e-08
3.82867e-09
1.18818e-09
4.00761e-10
1.56999e-10
7.43879e-11
4.18301e-11
2.80191e-11
2.05413e-11
1.36683e-11
7.14098e-12
3.06264e-12
1.38272e-12
6.47689e-13
3.13585e-13
1.55556e-13
7.95522e-14
4.17349e-14
2.25127e-14
1.2398e-14
7.38714e-15
5.09415e-15
4.56969e-15
5.55132e-15
8.35024e-15
1.41329e-14
2.52442e-14
4.76505e-14
9.37613e-14
1.95241e-13
4.33416e-13
1.02855e-12
2.45004e-12
3.52958e-12
1.30967e-12
2.2596e-13
2.26798e-37
1.33535e-36
5.46878e-36
2.1165e-35
8.08157e-35
3.08361e-34
1.18033e-33
4.49536e-33
1.70724e-32
6.4691e-32
2.4422e-31
9.16718e-31
3.43051e-30
1.31648e-29
4.93024e-29
1.84341e-28
6.85404e-28
2.56522e-27
9.53153e-27
3.53055e-26
1.29404e-25
4.69934e-25
1.69586e-24
6.12754e-24
2.17599e-23
7.8589e-23
2.7964e-22
9.7893e-22
3.41552e-21
1.16415e-20
4.10942e-20
1.40905e-19
4.85642e-19
1.61374e-18
5.28902e-18
1.76673e-17
5.60585e-17
1.77455e-16
5.77958e-16
1.85567e-15
5.6839e-15
1.73862e-14
5.17971e-14
1.56068e-13
4.83347e-13
1.49081e-12
4.45992e-12
1.28497e-11
3.5018e-11
8.95161e-11
2.13935e-10
4.80424e-10
1.02257e-09
1.89461e-09
3.4965e-09
6.13651e-09
1.08283e-08
1.92559e-08
3.33342e-08
5.49582e-08
8.28073e-08
1.01664e-07
8.30769e-08
3.5667e-08
1.18325e-08
3.67477e-09
1.14066e-09
3.85943e-10
1.52172e-10
7.24512e-11
4.0986e-11
2.75992e-11
2.0238e-11
1.33932e-11
6.93626e-12
2.97695e-12
1.34543e-12
6.31132e-13
3.05843e-13
1.51948e-13
7.77303e-14
4.07933e-14
2.20143e-14
1.2136e-14
7.23616e-15
4.9967e-15
4.49049e-15
5.46363e-15
8.22526e-15
1.39251e-14
2.4884e-14
4.69837e-14
9.2467e-14
1.92565e-13
4.27515e-13
1.01453e-12
2.41603e-12
3.46786e-12
1.2863e-12
2.21926e-13
1.9748e-37
1.17254e-36
4.78206e-36
1.8489e-35
7.05819e-35
2.68593e-34
1.02047e-33
3.87318e-33
1.46942e-32
5.57451e-32
2.11271e-31
7.99167e-31
3.02382e-30
1.1478e-29
4.32252e-29
1.62357e-28
6.10558e-28
2.24063e-27
8.51133e-27
3.12822e-26
1.14817e-25
4.1999e-25
1.53197e-24
5.53195e-24
1.98357e-23
7.08697e-23
2.5241e-22
8.92526e-22
3.14447e-21
1.07582e-20
3.77666e-20
1.30288e-19
4.3991e-19
1.48802e-18
4.8165e-18
1.61057e-17
5.22329e-17
1.65062e-16
5.45344e-16
1.73685e-15
5.37222e-15
1.64052e-14
4.90509e-14
1.44164e-13
4.51141e-13
1.39977e-12
4.21749e-12
1.22263e-11
3.35759e-11
8.65258e-11
2.08483e-10
4.71455e-10
1.01151e-09
1.89571e-09
3.45423e-09
6.09308e-09
1.08046e-08
1.92691e-08
3.34305e-08
5.51802e-08
8.30938e-08
1.01494e-07
8.15651e-08
3.44716e-08
1.13891e-08
3.52955e-09
1.09724e-09
3.71778e-10
1.47291e-10
7.06132e-11
4.01149e-11
2.7165e-11
1.99229e-11
1.31251e-11
6.75344e-12
2.90149e-12
1.31268e-12
6.15914e-13
2.98567e-13
1.48512e-13
7.60146e-14
3.99073e-14
2.1535e-14
1.18766e-14
7.08402e-15
4.89569e-15
4.40593e-15
5.36787e-15
8.08827e-15
1.36952e-14
2.44762e-14
4.62143e-14
9.09643e-14
1.89463e-13
4.20659e-13
9.983e-13
2.3774e-12
3.41523e-12
1.26701e-12
2.18604e-13
1.71719e-37
9.80737e-37
4.00153e-36
1.53796e-35
5.79472e-35
2.2688e-34
8.61519e-34
3.28166e-33
1.24737e-32
4.73323e-32
1.79348e-31
6.83461e-31
2.59019e-30
9.80216e-30
3.68793e-29
1.37319e-28
5.24831e-28
1.95206e-27
7.24922e-27
2.66456e-26
9.76974e-26
3.6399e-25
1.31724e-24
4.82666e-24
1.71464e-23
6.23797e-23
2.20948e-22
7.71506e-22
2.77679e-21
9.68347e-21
3.37606e-20
1.15792e-19
3.97126e-19
1.32973e-18
4.40252e-18
1.45255e-17
4.718e-17
1.53083e-16
4.93058e-16
1.58981e-15
4.97158e-15
1.52925e-14
4.7738e-14
1.40767e-13
4.09772e-13
1.28454e-12
3.87369e-12
1.12322e-11
3.11997e-11
8.10206e-11
1.9632e-10
4.44891e-10
9.47183e-10
1.90238e-09
3.42449e-09
6.03907e-09
1.07475e-08
1.92292e-08
3.34486e-08
5.53207e-08
8.33277e-08
1.013e-07
8.03235e-08
3.34175e-08
1.09785e-08
3.38707e-09
1.05276e-09
3.5849e-10
1.42934e-10
6.88751e-11
3.93356e-11
2.67422e-11
1.9589e-11
1.28308e-11
6.5609e-12
2.82311e-12
1.27851e-12
6.00422e-13
2.91214e-13
1.45039e-13
7.42754e-14
3.90129e-14
2.10634e-14
1.16231e-14
6.93622e-15
4.79631e-15
4.31906e-15
5.26394e-15
7.93213e-15
1.34304e-14
2.40022e-14
4.5322e-14
8.91919e-14
1.8573e-13
4.12272e-13
9.78227e-13
2.33052e-12
3.37058e-12
1.25155e-12
2.15968e-13
1.37991e-37
7.91294e-37
3.24217e-36
1.25348e-35
4.78817e-35
1.82516e-34
6.94633e-34
2.64143e-33
1.00253e-32
3.7993e-32
1.43232e-31
5.55039e-31
2.0821e-30
7.87484e-30
2.98718e-29
1.11488e-28
4.20332e-28
1.59584e-27
5.9427e-27
2.19536e-26
8.18054e-26
3.02626e-25
1.11933e-24
4.08696e-24
1.48188e-23
5.33053e-23
1.90042e-22
6.71493e-22
2.35379e-21
8.12212e-21
2.94284e-20
1.01058e-19
3.42266e-19
1.17015e-18
3.92077e-18
1.29498e-17
4.25994e-17
1.40022e-16
4.5765e-16
1.47456e-15
4.64669e-15
1.42519e-14
4.39836e-14
1.3751e-13
4.01621e-13
1.15526e-12
3.54241e-12
1.03299e-11
2.86851e-11
7.54965e-11
1.84568e-10
4.2182e-10
9.0897e-10
1.86949e-09
3.37692e-09
5.96188e-09
1.065e-08
1.91157e-08
3.33493e-08
5.52833e-08
8.33364e-08
1.01079e-07
7.93276e-08
3.25603e-08
1.06289e-08
3.27505e-09
1.01565e-09
3.4729e-10
1.39007e-10
6.72831e-11
3.85772e-11
2.63206e-11
1.92788e-11
1.25627e-11
6.37544e-12
2.74469e-12
1.24376e-12
5.84725e-13
2.83811e-13
1.41541e-13
7.25266e-14
3.81138e-14
2.05874e-14
1.13644e-14
6.78388e-15
4.69145e-15
4.22375e-15
5.14576e-15
7.75128e-15
1.31219e-14
2.34434e-14
4.4265e-14
8.70693e-14
1.81218e-13
4.02019e-13
9.5354e-13
2.27366e-12
3.33711e-12
1.24141e-12
2.14277e-13
1.04304e-37
6.00196e-37
2.45474e-36
9.5199e-36
3.65398e-35
1.39629e-34
5.32482e-34
2.02831e-33
7.71787e-33
2.93571e-32
1.11721e-31
4.23975e-31
1.61278e-30
6.12179e-30
2.33345e-29
8.79356e-29
3.29149e-28
1.27089e-27
4.74678e-27
1.78681e-26
6.64615e-26
2.43568e-25
9.00946e-25
3.2944e-24
1.22131e-23
4.3357e-23
1.58663e-22
5.60102e-22
1.97938e-21
7.10417e-21
2.50382e-20
8.64676e-20
2.89937e-19
1.0104e-18
3.38456e-18
1.14657e-17
3.75125e-17
1.26662e-16
4.13597e-16
1.3141e-15
4.14898e-15
1.293e-14
3.9533e-14
1.22672e-13
3.85221e-13
1.17053e-12
3.3209e-12
9.37757e-12
2.64308e-11
6.98561e-11
1.73761e-10
4.02334e-10
8.76673e-10
1.82191e-09
3.31197e-09
5.86637e-09
1.05097e-08
1.89279e-08
3.31335e-08
5.50862e-08
8.31887e-08
1.00775e-07
7.83329e-08
3.18023e-08
1.0358e-08
3.17999e-09
9.86769e-10
3.37894e-10
1.35636e-10
6.58219e-11
3.78134e-11
2.58638e-11
1.89265e-11
1.22849e-11
6.20636e-12
2.67515e-12
1.21333e-12
5.70619e-13
2.7703e-13
1.38261e-13
7.08656e-14
3.72506e-14
2.01264e-14
1.11088e-14
6.63079e-15
4.58265e-15
4.12025e-15
5.01235e-15
7.54245e-15
1.27631e-14
2.27858e-14
4.30154e-14
8.45287e-14
1.75751e-13
3.8944e-13
9.22957e-13
2.20456e-12
3.31789e-12
1.23813e-12
2.13808e-13
7.20582e-38
4.19079e-37
1.73383e-36
6.60525e-36
2.56786e-35
9.75995e-35
3.72319e-34
1.4213e-33
5.43484e-33
2.07852e-32
7.94875e-32
3.03864e-31
1.16543e-30
4.49637e-30
1.72493e-29
6.59834e-29
2.51453e-28
9.54222e-28
3.60448e-27
1.35578e-26
5.0051e-26
1.90998e-25
6.92043e-25
2.61528e-24
9.72415e-24
3.53572e-23
1.2782e-22
4.58644e-22
1.63449e-21
5.79446e-21
2.05668e-20
7.21424e-20
2.47888e-19
8.59218e-19
2.90409e-18
9.71457e-18
3.25632e-17
1.0715e-16
3.66765e-16
1.17347e-15
3.6809e-15
1.12401e-14
3.50633e-14
1.04269e-13
3.31701e-13
1.04583e-12
3.19314e-12
8.5247e-12
2.43272e-11
6.51725e-11
1.6354e-10
3.82274e-10
8.40644e-10
1.76163e-09
3.22049e-09
5.73279e-09
1.03193e-08
1.86631e-08
3.27994e-08
5.47253e-08
8.28802e-08
1.0047e-07
7.77768e-08
3.13653e-08
1.01658e-08
3.11099e-09
9.64028e-10
3.29471e-10
1.32644e-10
6.44959e-11
3.71645e-11
2.54722e-11
1.86123e-11
1.20279e-11
6.04934e-12
2.60963e-12
1.1842e-12
5.57116e-13
2.70534e-13
1.35078e-13
6.92455e-14
3.6405e-14
1.96736e-14
1.08534e-14
6.47597e-15
4.46973e-15
4.00876e-15
4.86423e-15
7.30675e-15
1.23563e-14
2.20348e-14
4.15877e-14
8.16049e-14
1.69419e-13
3.74784e-13
8.87232e-13
2.12418e-12
3.3166e-12
1.24353e-12
2.14882e-13
4.88185e-38
2.81295e-37
1.14536e-36
4.42097e-36
1.69153e-35
6.45685e-35
2.46535e-34
9.44876e-34
3.6692e-33
1.41302e-32
5.46898e-32
2.11261e-31
8.16447e-31
3.11888e-30
1.22526e-29
4.67625e-29
1.7788e-28
6.89642e-28
2.63277e-27
9.99036e-27
3.82243e-26
1.44292e-25
5.39719e-25
2.01488e-24
7.5121e-24
2.74664e-23
9.98747e-23
3.67293e-22
1.31806e-21
4.64007e-21
1.68135e-20
5.86121e-20
2.02983e-19
7.0793e-19
2.43751e-18
8.07172e-18
2.75323e-17
9.17404e-17
3.04553e-16
1.00695e-15
3.1727e-15
9.92217e-15
3.06419e-14
9.60169e-14
2.94313e-13
9.49432e-13
3.03769e-12
8.34589e-12
2.21267e-11
5.90533e-11
1.49615e-10
3.5787e-10
7.96564e-10
1.68225e-09
3.08539e-09
5.5586e-09
1.01247e-08
1.83885e-08
3.24159e-08
5.42432e-08
8.24361e-08
1.00143e-07
7.73731e-08
3.10037e-08
1.00024e-08
3.04949e-09
9.40711e-10
3.21841e-10
1.29464e-10
6.30895e-11
3.64829e-11
2.50437e-11
1.82722e-11
1.17657e-11
5.8963e-12
2.54505e-12
1.15501e-12
5.43446e-13
2.63937e-13
1.318e-13
6.75739e-14
3.55321e-14
1.92073e-14
1.05883e-14
6.31512e-15
4.35126e-15
3.88961e-15
4.70334e-15
7.04831e-15
1.19093e-14
2.12056e-14
4.00121e-14
7.83597e-14
1.62357e-13
3.58352e-13
8.46724e-13
2.03377e-12
3.33666e-12
1.2596e-12
2.17866e-13
3.26017e-38
1.85192e-37
7.27507e-37
2.69786e-36
9.98674e-36
3.74126e-35
1.41569e-34
5.42735e-34
2.10423e-33
8.22273e-33
3.23207e-32
1.27528e-31
5.03059e-31
1.97121e-30
7.85748e-30
3.0798e-29
1.21317e-28
4.71978e-28
1.84353e-27
7.10028e-27
2.72974e-26
1.04364e-25
3.96332e-25
1.49672e-24
5.62002e-24
2.09323e-23
7.7343e-23
2.84132e-22
1.02815e-21
3.67927e-21
1.30597e-20
4.61703e-20
1.61364e-19
5.76207e-19
1.9947e-18
6.56953e-18
2.34505e-17
7.81715e-17
2.58749e-16
8.25363e-16
2.6897e-15
8.3704e-15
2.59625e-14
8.25484e-14
2.54623e-13
8.34234e-13
2.61154e-12
8.00501e-12
2.10527e-11
5.28583e-11
1.36386e-10
3.27719e-10
7.46159e-10
1.5978e-09
2.96337e-09
5.35113e-09
9.81886e-09
1.79844e-08
3.19041e-08
5.36407e-08
8.18918e-08
9.97951e-08
7.70222e-08
3.06462e-08
9.83763e-09
2.98138e-09
9.1745e-10
3.13032e-10
1.26211e-10
6.15759e-11
3.56701e-11
2.45296e-11
1.78592e-11
1.14331e-11
5.69942e-12
2.46249e-12
1.11944e-12
5.27361e-13
2.56347e-13
1.28092e-13
6.57144e-14
3.45747e-14
1.87025e-14
1.03044e-14
6.14493e-15
4.227e-15
3.76478e-15
4.53416e-15
6.77552e-15
1.14367e-14
2.03267e-14
3.83407e-14
7.48991e-14
1.54783e-13
3.40619e-13
8.02832e-13
1.93696e-12
3.38155e-12
1.28886e-12
2.23222e-13
4.42413e-38
2.50584e-37
9.2133e-37
3.09232e-36
1.02559e-35
3.46732e-35
1.21246e-34
4.40842e-34
1.66148e-33
6.37819e-33
2.44079e-32
9.94427e-32
3.89022e-31
1.56945e-30
6.16558e-30
2.42206e-29
9.45436e-29
3.66666e-28
1.41616e-27
5.45718e-27
2.10345e-26
8.04984e-26
3.06329e-25
1.13714e-24
4.38381e-24
1.62251e-23
5.97889e-23
2.16848e-22
7.92707e-22
2.83608e-21
1.01206e-20
3.70605e-20
1.30307e-19
4.61867e-19
1.59991e-18
5.49125e-18
1.86924e-17
6.25087e-17
2.09591e-16
6.92138e-16
2.21646e-15
7.02781e-15
2.18418e-14
6.88032e-14
2.19578e-13
7.12925e-13
2.26498e-12
6.84944e-12
2.00446e-11
5.09908e-11
1.22684e-10
2.97952e-10
6.79552e-10
1.44214e-09
2.86725e-09
5.15583e-09
9.48159e-09
1.74691e-08
3.12099e-08
5.28272e-08
8.1157e-08
9.93621e-08
7.6654e-08
3.02254e-08
9.60339e-09
2.88808e-09
8.87521e-10
3.02337e-10
1.22259e-10
5.98048e-11
3.47753e-11
2.39584e-11
1.73998e-11
1.10735e-11
5.47964e-12
2.39421e-12
1.08731e-12
5.11938e-13
2.48807e-13
1.24279e-13
6.37674e-14
3.35621e-14
1.81674e-14
1.00072e-14
5.96829e-15
4.10009e-15
3.63952e-15
4.36611e-15
6.50532e-15
1.09668e-14
1.94588e-14
3.66802e-14
7.14719e-14
1.47288e-13
3.23045e-13
7.59549e-13
1.8423e-12
3.45155e-12
1.33462e-12
2.31498e-13
1.39883e-37
7.80149e-37
2.80365e-36
9.08614e-36
2.82719e-35
8.75219e-35
2.67689e-34
8.09235e-34
2.54857e-33
8.55168e-33
2.97761e-32
1.06912e-31
3.92869e-31
1.49293e-30
5.64314e-30
2.14818e-29
8.21367e-29
3.1484e-28
1.20906e-27
4.61324e-27
1.754e-26
6.64562e-26
2.50964e-25
9.42278e-25
3.5189e-24
1.3012e-23
4.77187e-23
1.73659e-22
6.28188e-22
2.26222e-21
8.08461e-21
2.91974e-20
1.03408e-19
3.64102e-19
1.27517e-18
4.38404e-18
1.49821e-17
4.94441e-17
1.70666e-16
5.73168e-16
1.83623e-15
5.85671e-15
1.83533e-14
5.79037e-14
1.81122e-13
5.90942e-13
1.90035e-12
5.86745e-12
1.70534e-11
4.6265e-11
1.05698e-10
2.59353e-10
5.8901e-10
1.28521e-09
2.61676e-09
4.99437e-09
9.17052e-09
1.69476e-08
3.04937e-08
5.20042e-08
8.044e-08
9.89358e-08
7.61196e-08
2.97082e-08
9.36189e-09
2.79341e-09
8.54664e-10
2.91096e-10
1.17949e-10
5.78105e-11
3.3693e-11
2.32927e-11
1.687e-11
1.06584e-11
5.23502e-12
2.2956e-12
1.04441e-12
4.92452e-13
2.39645e-13
1.19807e-13
6.15409e-14
3.24262e-14
1.75743e-14
9.68569e-15
5.78607e-15
3.97592e-15
3.52321e-15
4.21759e-15
6.27915e-15
1.04917e-14
1.86315e-14
3.51397e-14
6.83087e-14
1.40449e-13
3.07209e-13
7.20585e-13
1.75823e-12
3.53463e-12
1.39154e-12
2.41947e-13
3.72147e-37
2.09316e-36
8.31137e-36
3.05021e-35
1.08332e-34
3.7635e-34
1.26915e-33
4.12832e-33
1.29737e-32
3.98426e-32
1.21524e-31
3.71705e-31
1.15118e-30
3.6361e-30
1.16724e-29
3.7641e-29
1.31458e-28
4.47638e-28
1.55202e-27
5.47876e-27
1.93284e-26
6.86743e-26
2.44558e-25
8.60928e-25
3.1712e-24
1.12967e-23
4.02825e-23
1.46454e-22
5.2144e-22
1.86067e-21
6.63369e-21
2.34362e-20
8.03681e-20
2.87603e-19
1.00946e-18
3.5449e-18
1.21389e-17
4.09024e-17
1.3755e-16
4.55636e-16
1.49335e-15
4.65199e-15
1.46258e-14
4.59355e-14
1.46615e-13
4.66563e-13
1.49222e-12
4.61486e-12
1.35879e-11
3.76591e-11
9.99896e-11
2.24882e-10
5.22313e-10
1.1464e-09
2.36936e-09
4.74938e-09
8.82046e-09
1.63934e-08
2.97305e-08
5.10167e-08
7.9541e-08
9.84189e-08
7.55382e-08
2.89776e-08
9.02969e-09
2.67021e-09
8.09794e-10
2.76194e-10
1.12647e-10
5.56126e-11
3.26499e-11
2.26333e-11
1.63382e-11
1.0234e-11
4.99106e-12
2.18692e-12
9.97322e-13
4.71267e-13
2.29798e-13
1.15116e-13
5.92355e-14
3.12486e-14
1.69169e-14
9.46572e-15
5.64982e-15
3.87356e-15
3.41699e-15
4.0701e-15
6.03546e-15
1.0052e-14
1.78334e-14
3.36232e-14
6.52805e-14
1.33896e-13
2.92002e-13
6.83416e-13
1.67672e-12
3.57457e-12
1.44414e-12
2.51971e-13
5.2573e-37
3.21015e-36
1.42142e-35
5.72714e-35
2.16209e-34
7.84092e-34
2.65732e-33
8.63512e-33
2.74027e-32
8.59833e-32
2.70322e-31
7.95264e-31
2.33272e-30
7.05415e-30
2.12414e-29
6.59333e-29
2.07166e-28
6.60453e-28
2.13096e-27
6.971e-27
2.3063e-26
7.70694e-26
2.59548e-25
8.81193e-25
3.04323e-24
1.05119e-23
3.6354e-23
1.26257e-22
4.37425e-22
1.5171e-21
5.27539e-21
1.84393e-20
6.3307e-20
2.19616e-19
7.69716e-19
2.61067e-18
9.1309e-18
3.101e-17
1.03229e-16
3.5435e-16
1.13986e-15
3.57361e-15
1.12246e-14
3.42882e-14
1.02308e-13
3.31467e-13
1.07928e-12
3.42629e-12
1.04572e-11
3.04665e-11
8.18943e-11
2.07484e-10
4.47801e-10
9.86771e-10
2.11801e-09
4.26556e-09
8.13093e-09
1.54267e-08
2.84205e-08
4.98313e-08
7.86456e-08
9.79347e-08
7.47165e-08
2.81853e-08
8.66903e-09
2.53448e-09
7.65548e-10
2.62598e-10
1.07714e-10
5.33438e-11
3.16251e-11
2.20391e-11
1.58582e-11
9.87092e-12
4.79003e-12
2.10543e-12
9.61944e-13
4.5539e-13
2.22462e-13
1.11657e-13
5.75611e-14
3.042e-14
1.64988e-14
9.25958e-15
5.53721e-15
3.79535e-15
3.33664e-15
3.95428e-15
5.84413e-15
9.71639e-15
1.721e-14
3.24018e-14
6.27848e-14
1.28493e-13
2.79449e-13
6.51743e-13
1.60582e-12
3.57996e-12
1.4867e-12
2.60599e-13
)
;

boundaryField
{
    fuel
    {
        type            fixedValue;
        value           uniform 0;
    }
    air
    {
        type            fixedValue;
        value           uniform 0;
    }
    outlet
    {
        type            inletOutlet;
        inletValue      uniform 0;
        value           nonuniform List<scalar> 
200
(
0
0
0
0
0
0
0
0
0
0
2.59468e-31
7.70322e-31
2.27512e-30
6.78397e-30
2.05021e-29
6.26884e-29
1.93606e-28
6.26758e-28
2.00657e-27
6.52104e-27
2.13659e-26
6.96338e-26
2.46024e-25
8.3377e-25
2.87739e-24
9.92635e-24
3.3935e-23
1.20628e-22
4.17308e-22
1.4489e-21
5.04696e-21
1.76094e-20
6.09457e-20
2.10252e-19
7.23727e-19
2.40726e-18
8.19521e-18
2.85974e-17
9.72975e-17
3.28349e-16
1.06987e-15
3.4379e-15
1.08401e-14
3.33993e-14
1.00455e-13
3.22633e-13
1.05528e-12
3.3715e-12
1.0343e-11
2.99136e-11
8.02671e-11
2.0205e-10
4.38099e-10
9.73612e-10
2.07178e-09
4.18839e-09
7.99982e-09
1.52208e-08
2.80503e-08
4.92671e-08
7.81849e-08
9.8465e-08
7.68369e-08
2.93284e-08
9.01452e-09
2.63145e-09
7.92303e-10
2.70555e-10
1.10396e-10
5.44472e-11
3.20743e-11
2.22662e-11
1.60139e-11
9.99249e-12
4.87504e-12
2.14349e-12
9.79323e-13
4.63593e-13
2.26465e-13
1.13527e-13
5.85132e-14
3.09157e-14
1.67599e-14
9.40744e-15
5.62934e-15
3.86135e-15
3.39636e-15
4.02512e-15
5.94374e-15
9.87449e-15
1.74766e-14
3.2881e-14
6.36533e-14
1.30176e-13
2.82821e-13
6.58932e-13
1.62332e-12
3.63655e-12
1.51732e-12
2.66151e-13
0
0
0
0
0
0
0
0
0
0
2.70322e-31
7.95264e-31
2.33272e-30
7.05415e-30
2.12414e-29
6.59333e-29
2.07166e-28
6.60453e-28
2.13096e-27
6.971e-27
2.3063e-26
7.70694e-26
2.59548e-25
8.81193e-25
3.04323e-24
1.05119e-23
3.6354e-23
1.26257e-22
4.37425e-22
1.5171e-21
5.27539e-21
1.84393e-20
6.3307e-20
2.19616e-19
7.69716e-19
2.61067e-18
9.1309e-18
3.101e-17
1.03229e-16
3.5435e-16
1.13986e-15
3.57361e-15
1.12246e-14
3.42882e-14
1.02308e-13
3.31467e-13
1.07928e-12
3.42629e-12
1.04572e-11
3.04665e-11
8.18943e-11
2.07484e-10
4.47801e-10
9.86771e-10
2.11801e-09
4.26556e-09
8.13093e-09
1.54267e-08
2.84205e-08
4.98313e-08
7.86456e-08
9.79347e-08
7.47165e-08
2.81853e-08
8.66903e-09
2.53448e-09
7.65548e-10
2.62598e-10
1.07714e-10
5.33438e-11
3.16251e-11
2.20391e-11
1.58582e-11
9.87092e-12
4.79003e-12
2.10543e-12
9.61944e-13
4.5539e-13
2.22462e-13
1.11657e-13
5.75611e-14
3.042e-14
1.64988e-14
9.25958e-15
5.53721e-15
3.79535e-15
3.33664e-15
3.95428e-15
5.84413e-15
9.71639e-15
1.721e-14
3.24018e-14
6.27848e-14
1.28493e-13
2.79449e-13
6.51743e-13
1.60582e-12
3.57996e-12
1.4867e-12
2.60599e-13
)
;
    }
    frontAndBack
    {
        type            empty;
    }
    internal
    {
        type            internal;
    }
}


// ************************************************************************* //
