/*--------------------------------*- C++ -*----------------------------------*\
  =========                 |
  \\      /  F ield         | OpenFOAM: The Open Source CFD Toolbox
   \\    /   O peration     | Website:  https://openfoam.org
    \\  /    A nd           | Version:  10
     \\/     M anipulation  |
\*---------------------------------------------------------------------------*/
FoamFile
{
    format      ascii;
    class       volScalarField;
    location    "1";
    object      C2H4;
}
// * * * * * * * * * * * * * * * * * * * * * * * * * * * * * * * * * * * * * //

dimensions      [0 0 0 0 0 0 0];

internalField   nonuniform List<scalar> 
4000
(
3.65617e-24
9.55002e-24
1.75492e-23
2.95373e-23
4.67484e-23
6.97132e-23
1.00102e-22
1.40959e-22
1.98449e-22
2.88031e-22
4.44021e-22
6.63519e-22
1.03072e-21
1.77244e-21
3.52095e-21
8.02741e-21
2.01627e-20
5.5362e-20
1.54205e-19
4.39073e-19
1.26222e-18
3.60541e-18
1.10352e-17
3.24354e-17
9.67244e-17
2.8779e-16
8.46395e-16
2.5648e-15
7.57394e-15
2.23654e-14
6.60385e-14
1.94698e-13
5.67914e-13
1.64636e-12
4.74825e-12
1.32388e-11
3.74552e-11
1.0753e-10
3.01101e-10
8.34864e-10
2.23571e-09
5.87611e-09
1.51124e-08
3.79493e-08
9.29366e-08
2.38415e-07
6.22276e-07
1.5997e-06
4.00434e-06
9.68237e-06
2.25135e-05
5.105e-05
0.00010382
0.000219693
0.000449492
0.000872647
0.00158359
0.00279878
0.00468723
0.00742117
0.011088
0.0154686
0.0207289
0.0267358
0.0332918
0.0401586
0.0471366
0.0538785
0.0602459
0.0661479
0.0714746
0.0760247
0.0793541
0.0803042
0.076881
0.0676117
0.0547871
0.0414093
0.0288639
0.0181876
0.0104006
0.00559758
0.00300372
0.00163065
0.000890807
0.000486527
0.00026354
0.00014051
7.32118e-05
3.70167e-05
1.80613e-05
8.20878e-06
3.59944e-06
1.49787e-06
6.27741e-07
3.12009e-07
1.82919e-07
1.11217e-07
6.10513e-08
1.80136e-08
8.20778e-24
3.32044e-23
6.60346e-23
1.11652e-22
1.6639e-22
2.30112e-22
3.04894e-22
3.92792e-22
4.98044e-22
6.25257e-22
7.8197e-22
9.8668e-22
1.28831e-21
1.8405e-21
3.10865e-21
6.48177e-21
1.61185e-20
4.4817e-20
1.31934e-19
3.97894e-19
1.21635e-18
3.75293e-18
1.15707e-17
3.5658e-17
1.09908e-16
3.36416e-16
1.02658e-15
3.12076e-15
9.40032e-15
2.80347e-14
8.32439e-14
2.57977e-13
7.595e-13
2.19295e-12
6.29345e-12
1.78059e-11
5.11015e-11
1.42135e-10
3.95074e-10
1.07222e-09
2.8754e-09
7.47076e-09
1.92132e-08
4.80985e-08
1.22367e-07
3.18539e-07
8.20815e-07
2.06986e-06
5.10685e-06
1.23106e-05
2.65861e-05
5.43861e-05
0.000117445
0.000243387
0.000491476
0.000954635
0.00168664
0.00292109
0.00482274
0.00751744
0.0111395
0.01546
0.0206425
0.0265634
0.033021
0.0398115
0.0467377
0.0535056
0.0598761
0.0657968
0.0711769
0.0757889
0.0791907
0.0802752
0.0770259
0.0678674
0.055019
0.0415708
0.0289501
0.0182087
0.0103894
0.0055818
0.0029924
0.00162282
0.000885435
0.000482827
0.000261022
0.000138842
7.2092e-05
3.63113e-05
1.76364e-05
7.97568e-06
3.47718e-06
1.44192e-06
6.07796e-07
3.06112e-07
1.80623e-07
1.09994e-07
6.03651e-08
1.77726e-08
2.41184e-23
7.37465e-23
1.40052e-22
2.20536e-22
3.20109e-22
4.13899e-22
5.13886e-22
6.26019e-22
7.51874e-22
8.87969e-22
1.04513e-21
1.2288e-21
1.47439e-21
1.88913e-21
2.82746e-21
5.45283e-21
1.35535e-20
3.89508e-20
1.25845e-19
4.02053e-19
1.29875e-18
4.18175e-18
1.33756e-17
4.2401e-17
1.33138e-16
4.14595e-16
1.28519e-15
3.98776e-15
1.20917e-14
3.64e-14
1.11726e-13
3.31392e-13
9.60426e-13
2.80895e-12
8.15661e-12
2.31444e-11
6.45589e-11
1.78873e-10
4.91113e-10
1.31544e-09
3.48159e-09
8.70794e-09
2.32415e-08
5.71696e-08
1.49868e-07
3.81264e-07
9.82828e-07
2.4544e-06
5.86638e-06
1.3877e-05
2.9824e-05
6.1424e-05
0.000131886
0.000276812
0.00054153
0.000997623
0.0017367
0.00298479
0.00489478
0.00759763
0.0111973
0.0154752
0.0205904
0.0264184
0.032794
0.0395115
0.0463742
0.0530942
0.0595034
0.0654628
0.0709119
0.0755673
0.0790466
0.080261
0.0771927
0.0681477
0.0552675
0.041736
0.0290256
0.0182132
0.0103589
0.00555411
0.00297516
0.00160999
0.000876566
0.000476867
0.000257077
0.000136253
7.04945e-05
3.52904e-05
1.70294e-05
7.65426e-06
3.31807e-06
1.37069e-06
5.83522e-07
2.98968e-07
1.78054e-07
1.08763e-07
5.9706e-08
1.75518e-08
2.02661e-23
6.7233e-23
1.35911e-22
2.12625e-22
3.02248e-22
4.00079e-22
5.04329e-22
6.28576e-22
7.79928e-22
9.50556e-22
1.14401e-21
1.37244e-21
1.69e-21
2.2394e-21
3.51199e-21
7.12995e-21
1.84083e-20
5.46732e-20
1.71886e-19
5.50002e-19
1.76196e-18
5.64361e-18
1.79308e-17
5.65689e-17
1.79159e-16
5.56603e-16
1.71657e-15
5.24049e-15
1.55102e-14
4.84595e-14
1.43694e-13
4.24757e-13
1.23832e-12
3.59679e-12
1.03494e-11
2.91683e-11
8.07499e-11
2.233e-10
5.98585e-10
1.62974e-09
4.27399e-09
1.09042e-08
2.81617e-08
6.92741e-08
1.73688e-07
4.50595e-07
1.14609e-06
2.80386e-06
6.80342e-06
1.48055e-05
3.14116e-05
7.00747e-05
0.00015064
0.000306272
0.000589028
0.00102699
0.00178721
0.003051
0.00497574
0.00766295
0.0112351
0.0154713
0.0205315
0.0263013
0.0326099
0.0392598
0.0460604
0.0527728
0.0591844
0.0651631
0.0706396
0.0753428
0.0789084
0.0802517
0.0773619
0.0682908
0.0554313
0.0418492
0.0290666
0.018192
0.0103172
0.00552619
0.00296777
0.0015833
0.000862514
0.000469008
0.00025253
0.000133657
6.91319e-05
3.40703e-05
1.63738e-05
7.33965e-06
3.16543e-06
1.304e-06
5.60996e-07
2.9254e-07
1.75791e-07
1.07717e-07
5.91525e-08
1.73641e-08
1.30604e-23
4.48601e-23
9.32966e-23
1.61719e-22
2.47597e-22
3.43974e-22
4.59075e-22
5.92507e-22
7.51815e-22
9.3696e-22
1.14542e-21
1.4017e-21
1.77618e-21
2.47906e-21
4.24285e-21
9.31345e-21
2.50693e-20
7.64515e-20
2.41264e-19
7.70483e-19
2.46362e-18
7.80558e-18
2.45904e-17
7.6953e-17
2.39375e-16
7.38328e-16
2.26002e-15
6.94234e-15
2.09095e-14
6.23548e-14
1.84482e-13
5.53974e-13
1.60041e-12
4.61029e-12
1.30611e-11
3.65052e-11
1.0025e-10
2.69046e-10
7.36011e-10
1.95416e-09
5.07102e-09
1.29291e-08
3.22117e-08
8.12065e-08
2.01838e-07
5.18361e-07
1.29047e-06
3.18702e-06
7.15063e-06
1.53394e-05
3.48514e-05
7.67989e-05
0.000165331
0.000339633
0.000608423
0.00105908
0.0018365
0.00310881
0.00503314
0.0077225
0.0112772
0.0154841
0.0205003
0.026216
0.0324624
0.0390408
0.0458184
0.052528
0.0589532
0.0649372
0.0704405
0.0751847
0.0788032
0.0802361
0.0774772
0.0684856
0.0555988
0.0419541
0.0291001
0.0181729
0.0102774
0.0054958
0.00294922
0.00157257
0.000855368
0.000464291
0.000249451
0.000131683
6.78857e-05
3.33447e-05
1.5947e-05
7.12314e-06
3.05673e-06
1.25618e-06
5.45809e-07
2.88534e-07
1.74565e-07
1.07207e-07
5.88801e-08
1.72628e-08
8.82272e-24
3.4516e-23
7.85666e-23
1.41621e-22
2.20485e-22
3.14357e-22
4.22077e-22
5.4675e-22
6.92169e-22
8.73343e-22
1.09901e-21
1.40419e-21
1.90072e-21
2.92631e-21
5.60348e-21
1.35688e-20
3.80902e-20
1.15466e-19
3.61439e-19
1.13328e-18
3.60494e-18
1.12274e-17
3.47064e-17
1.06682e-16
3.28465e-16
1.01308e-15
3.05532e-15
9.10906e-15
2.75091e-14
8.07857e-14
2.34136e-13
7.07538e-13
2.01386e-12
5.70016e-12
1.57875e-11
4.4323e-11
1.19547e-10
3.1491e-10
8.73095e-10
2.36856e-09
5.99905e-09
1.49541e-08
3.72907e-08
9.25791e-08
2.32659e-07
5.8003e-07
1.47469e-06
3.36355e-06
7.45424e-06
1.68434e-05
3.79684e-05
8.34783e-05
0.000176075
0.000357674
0.00063641
0.00109538
0.00187646
0.00316434
0.00508684
0.0077675
0.0113031
0.0154807
0.0204594
0.0261333
0.0323422
0.0388928
0.0456297
0.0523048
0.0587285
0.0647416
0.0702808
0.0750516
0.0787104
0.0802196
0.0775626
0.0686486
0.0557471
0.0420517
0.0291413
0.0181688
0.0102534
0.00547613
0.00293708
0.00156664
0.000851391
0.000461551
0.000247563
0.000130405
6.70388e-05
3.28622e-05
1.56551e-05
6.97913e-06
2.9837e-06
1.22439e-06
5.36551e-07
2.86516e-07
1.74193e-07
1.07146e-07
5.88445e-08
1.72358e-08
8.01807e-24
3.03923e-23
6.49405e-23
1.1336e-22
1.76606e-22
2.61062e-22
3.68339e-22
5.00674e-22
6.66629e-22
8.68699e-22
1.1248e-21
1.48264e-21
2.10282e-21
3.49084e-21
7.25145e-21
1.85034e-20
5.34814e-20
1.62483e-19
5.04276e-19
1.58603e-18
4.94023e-18
1.5281e-17
4.64044e-17
1.4476e-16
4.36701e-16
1.31133e-15
3.92481e-15
1.13582e-14
3.47769e-14
1.02445e-13
2.97085e-13
8.54441e-13
2.44788e-12
6.912e-12
1.90817e-11
5.29422e-11
1.45488e-10
3.79646e-10
1.04559e-09
2.72732e-09
6.92656e-09
1.73513e-08
4.25562e-08
1.04856e-07
2.57364e-07
6.45437e-07
1.5679e-06
3.41677e-06
7.98841e-06
1.82001e-05
4.0457e-05
8.78723e-05
0.000183754
0.00037022
0.000655202
0.00112317
0.0019094
0.00320088
0.00512614
0.00779898
0.0113147
0.0154667
0.020412
0.0260505
0.0322247
0.0387512
0.0454693
0.0521226
0.0585527
0.0645765
0.0701377
0.0749322
0.078631
0.0802068
0.0776489
0.0688148
0.0559165
0.0421803
0.029219
0.0181975
0.010255
0.00547218
0.00293367
0.00156535
0.000850197
0.000460507
0.000246711
0.000129754
6.65662e-05
3.25863e-05
1.54789e-05
6.89279e-06
2.9389e-06
1.20499e-06
5.3148e-07
2.85918e-07
1.74447e-07
1.07421e-07
5.89926e-08
1.7267e-08
9.99579e-24
3.15525e-23
6.75173e-23
1.24008e-22
1.98161e-22
2.94017e-22
4.09865e-22
5.52319e-22
7.2715e-22
9.41379e-22
1.21914e-21
1.64097e-21
2.42833e-21
4.28507e-21
9.43806e-21
2.49309e-20
7.28306e-20
2.21611e-19
6.84452e-19
2.12311e-18
6.57446e-18
2.0214e-17
6.17729e-17
1.8742e-16
5.64988e-16
1.69291e-15
5.02607e-15
1.47016e-14
4.24693e-14
1.22923e-13
3.59656e-13
1.04484e-12
2.957e-12
8.25467e-12
2.25129e-11
6.16895e-11
1.67996e-10
4.34017e-10
1.17491e-09
3.10683e-09
7.84832e-09
1.93867e-08
4.81364e-08
1.17155e-07
2.88273e-07
7.14838e-07
1.63137e-06
3.70194e-06
8.60068e-06
1.9458e-05
4.31952e-05
9.25962e-05
0.0001915
0.000382274
0.000672228
0.00114521
0.00193612
0.00323046
0.00515263
0.00781406
0.0113084
0.0154348
0.0203474
0.0259577
0.0320968
0.0385786
0.0452955
0.05194
0.0583814
0.0644116
0.0699913
0.0748109
0.0785465
0.0801929
0.0777443
0.0690069
0.056118
0.0423511
0.0293436
0.0182662
0.0102866
0.00548587
0.00293996
0.00156893
0.000851785
0.000461088
0.000246821
0.000129672
6.64294e-05
3.24895e-05
1.54022e-05
6.85358e-06
2.91684e-06
1.19535e-06
5.29636e-07
2.86389e-07
1.75159e-07
1.07942e-07
5.92765e-08
1.73417e-08
1.10954e-23
4.13753e-23
8.73883e-23
1.50155e-22
2.26825e-22
3.28604e-22
4.55784e-22
6.11669e-22
7.92789e-22
1.01218e-21
1.28942e-21
1.73949e-21
2.66091e-21
4.97788e-21
1.15576e-20
3.13515e-20
9.23733e-20
2.80914e-19
8.62504e-19
2.69115e-18
8.27275e-18
2.50729e-17
7.72006e-17
2.31954e-16
6.96056e-16
2.08939e-15
6.18705e-15
1.81647e-14
5.2743e-14
1.50766e-13
4.31259e-13
1.23511e-12
3.46927e-12
9.64482e-12
2.64684e-11
7.14637e-11
1.91624e-10
4.90836e-10
1.32018e-09
3.43996e-09
8.7218e-09
2.16889e-08
5.32485e-08
1.30321e-07
3.05428e-07
7.03094e-07
1.70774e-06
4.0137e-06
9.21613e-06
2.07993e-05
4.54926e-05
9.65057e-05
0.000197903
0.000392117
0.000685017
0.00116146
0.00195546
0.00325002
0.0051664
0.00781263
0.0112815
0.0153724
0.0202493
0.0258109
0.031919
0.0383964
0.0450784
0.0517349
0.0581711
0.0642191
0.0698066
0.0746556
0.0784447
0.0801735
0.0778485
0.0692269
0.0563601
0.0425693
0.029519
0.0183767
0.0103483
0.00551687
0.0029556
0.00157715
0.000855955
0.000463147
0.000247787
0.000130088
6.65816e-05
3.25431e-05
1.54077e-05
6.85279e-06
2.91309e-06
1.19349e-06
5.30425e-07
2.87732e-07
1.76239e-07
1.08656e-07
5.96651e-08
1.74498e-08
1.09212e-23
4.21553e-23
8.95396e-23
1.53769e-22
2.37365e-22
3.41667e-22
4.71393e-22
6.27148e-22
8.11421e-22
1.03588e-21
1.34337e-21
1.86098e-21
2.94698e-21
5.74849e-21
1.38539e-20
3.80666e-20
1.15421e-19
3.5036e-19
1.07413e-18
3.28963e-18
1.00024e-17
3.08501e-17
9.32299e-17
2.80262e-16
8.36501e-16
2.48387e-15
7.32602e-15
2.13958e-14
6.28262e-14
1.81318e-13
5.16096e-13
1.44692e-12
4.01266e-12
1.104e-11
2.98917e-11
7.98878e-11
2.10935e-10
5.42765e-10
1.47691e-09
3.78178e-09
9.40296e-09
2.32788e-08
5.68776e-08
1.34559e-07
3.11751e-07
7.68201e-07
1.83819e-06
4.29483e-06
9.86595e-06
2.20064e-05
4.77274e-05
0.000100415
0.000203966
0.0003986
0.000693974
0.00117437
0.00196877
0.00326072
0.0051684
0.00779932
0.0112454
0.0153065
0.0201363
0.025661
0.031733
0.0381771
0.0448554
0.0515247
0.0579705
0.064023
0.0696354
0.074516
0.0783522
0.0801651
0.0779823
0.0695066
0.0566744
0.0428554
0.0297495
0.0185276
0.0104374
0.00556313
0.00297935
0.00158931
0.00086225
0.000466414
0.000249449
0.000130907
6.69664e-05
3.2716e-05
1.54783e-05
6.88202e-06
2.9235e-06
1.19753e-06
5.33099e-07
2.8969e-07
1.77582e-07
1.09508e-07
6.01306e-08
1.75825e-08
1.36483e-23
4.98692e-23
1.03498e-22
1.66843e-22
2.45149e-22
3.4085e-22
4.52342e-22
5.85455e-22
7.49471e-22
9.65481e-22
1.29237e-21
1.86073e-21
3.1064e-21
6.42693e-21
1.61327e-20
4.54705e-20
1.37157e-19
4.16307e-19
1.27084e-18
3.89465e-18
1.17526e-17
3.61824e-17
1.08915e-16
3.25948e-16
9.61156e-16
2.87467e-15
8.39529e-15
2.44843e-14
7.1576e-14
2.06284e-13
5.85769e-13
1.6392e-12
4.51638e-12
1.24491e-11
3.342e-11
8.8882e-11
2.33655e-10
6.00778e-10
1.61475e-09
4.08517e-09
1.00965e-08
2.4616e-08
5.88747e-08
1.38278e-07
3.39081e-07
8.26096e-07
1.97171e-06
4.61246e-06
1.05109e-05
2.33509e-05
5.05198e-05
0.000106148
0.000216795
0.000400397
0.000700679
0.00118357
0.00197634
0.00326321
0.00515923
0.00776687
0.0111805
0.0152079
0.02002
0.0255085
0.0315499
0.0379704
0.0446343
0.0512949
0.0577658
0.0638382
0.0694636
0.074371
0.0782456
0.0801407
0.0780986
0.0697675
0.0569836
0.0431455
0.0299987
0.0186998
0.0105435
0.00561952
0.0030087
0.0016043
0.000870235
0.000470603
0.000251629
0.000132021
6.75249e-05
3.29785e-05
1.55975e-05
6.93369e-06
2.94447e-06
1.20598e-06
5.37193e-07
2.92114e-07
1.79117e-07
1.1046e-07
6.06499e-08
1.77326e-08
1.08684e-23
4.13367e-23
9.04823e-23
1.5041e-22
2.22653e-22
3.14124e-22
4.28193e-22
5.68223e-22
7.40488e-22
9.72634e-22
1.32148e-21
1.94751e-21
3.35664e-21
7.17971e-21
1.84926e-20
5.27926e-20
1.58058e-19
4.82e-19
1.47388e-18
4.49888e-18
1.3666e-17
4.12442e-17
1.24589e-16
3.71711e-16
1.10167e-15
3.23843e-15
9.46715e-15
2.72102e-14
7.9767e-14
2.27369e-13
6.29859e-13
1.81064e-12
5.01049e-12
1.35429e-11
3.73322e-11
9.80782e-11
2.53845e-10
6.50891e-10
1.70664e-09
4.40261e-09
1.07792e-08
2.60926e-08
6.2161e-08
1.48005e-07
3.62134e-07
8.78411e-07
2.09015e-06
4.86954e-06
1.10481e-05
2.44297e-05
5.26224e-05
0.000110096
0.000223252
0.000400488
0.000706602
0.00119109
0.00198039
0.00326063
0.00514425
0.00773642
0.0111237
0.0151213
0.0198868
0.0253481
0.0313644
0.0377663
0.0444226
0.0510723
0.0575535
0.0636581
0.0692688
0.0742092
0.0781341
0.0801157
0.0782158
0.0700423
0.0573032
0.0434588
0.0302693
0.0188904
0.010662
0.00568289
0.0030418
0.00162119
0.000879314
0.000475518
0.000254261
0.000133402
6.82253e-05
3.33099e-05
1.57532e-05
7.00262e-06
2.97366e-06
1.21776e-06
5.42341e-07
2.94856e-07
1.8077e-07
1.11466e-07
6.11984e-08
1.78926e-08
7.74281e-24
3.04442e-23
7.15692e-23
1.30022e-22
2.10386e-22
3.1579e-22
4.51968e-22
6.10563e-22
7.98816e-22
1.05327e-21
1.43121e-21
2.10998e-21
3.6704e-21
7.97746e-21
2.06303e-20
5.89131e-20
1.73235e-19
5.46531e-19
1.66106e-18
5.07341e-18
1.54019e-17
4.65027e-17
1.39575e-16
4.10672e-16
1.23595e-15
3.59808e-15
1.04031e-14
2.99075e-14
8.61183e-14
2.51932e-13
7.02705e-13
1.98679e-12
5.45974e-12
1.49768e-11
4.00032e-11
1.04909e-10
2.70044e-10
6.89884e-10
1.80436e-09
4.67447e-09
1.14813e-08
2.78705e-08
6.57067e-08
1.59393e-07
3.81414e-07
9.23076e-07
2.1906e-06
5.06277e-06
1.1409e-05
2.50701e-05
5.36712e-05
0.00011163
0.000224915
0.000400329
0.00071328
0.00119684
0.00198121
0.00325318
0.00512346
0.00769597
0.0110656
0.0150343
0.0197646
0.0251904
0.0311784
0.03756
0.04421
0.0508521
0.0573429
0.0634629
0.0690906
0.074067
0.0780359
0.0800984
0.0783415
0.0703309
0.0576481
0.0437845
0.03055
0.0190918
0.0107924
0.00575402
0.00307918
0.00163991
0.000889313
0.000480891
0.000257136
0.000134923
6.90195e-05
3.36928e-05
1.59376e-05
7.08293e-06
3.00765e-06
1.23147e-06
5.48071e-07
2.97828e-07
1.82549e-07
1.12551e-07
6.1791e-08
1.80657e-08
9.28098e-24
3.77774e-23
7.61774e-23
1.32901e-22
2.08081e-22
3.07257e-22
4.3844e-22
5.95497e-22
7.87708e-22
1.04823e-21
1.43658e-21
2.16583e-21
3.90796e-21
8.57828e-21
2.25056e-20
6.52448e-20
1.97752e-19
6.00999e-19
1.83269e-18
5.56038e-18
1.67452e-17
4.96472e-17
1.53162e-16
4.52852e-16
1.33518e-15
3.89782e-15
1.14327e-14
3.28662e-14
9.43933e-14
2.68167e-13
7.47568e-13
2.13459e-12
5.77448e-12
1.5892e-11
4.2183e-11
1.10756e-10
2.85846e-10
7.16475e-10
1.90363e-09
4.9411e-09
1.19781e-08
2.88757e-08
6.90864e-08
1.67961e-07
3.98097e-07
9.6137e-07
2.26403e-06
5.20268e-06
1.16653e-05
2.55099e-05
5.43512e-05
0.000112605
0.000225708
0.000399968
0.000718076
0.00120091
0.00198024
0.00324473
0.00510366
0.00765594
0.0109968
0.0149381
0.019648
0.0250413
0.0310049
0.0373673
0.0440061
0.05066
0.0571488
0.0632814
0.0689262
0.0739258
0.0779379
0.0800774
0.0784532
0.070608
0.0579807
0.0441066
0.0308379
0.0193019
0.0109264
0.0058267
0.00311722
0.00165914
0.000899563
0.000486391
0.000260079
0.000136481
6.98312e-05
3.40839e-05
1.61267e-05
7.16702e-06
3.04416e-06
1.24636e-06
5.54124e-07
3.00822e-07
1.84289e-07
1.13597e-07
6.23609e-08
1.8233e-08
1.39466e-23
4.7629e-23
9.37797e-23
1.54236e-22
2.27585e-22
3.16381e-22
4.31091e-22
5.78739e-22
7.74243e-22
1.04235e-21
1.45922e-21
2.255e-21
4.11077e-21
9.1548e-21
2.4662e-20
7.0901e-20
2.11725e-19
6.5221e-19
1.97889e-18
5.93852e-18
1.83785e-17
5.50895e-17
1.64814e-16
4.86399e-16
1.44508e-15
4.19667e-15
1.21929e-14
3.49325e-14
9.96569e-14
2.86445e-13
8.07022e-13
2.24961e-12
6.0856e-12
1.66735e-11
4.37064e-11
1.1346e-10
2.99885e-10
7.48684e-10
1.97407e-09
5.04031e-09
1.26851e-08
3.04722e-08
7.30476e-08
1.71798e-07
4.11553e-07
9.8887e-07
2.31951e-06
5.31015e-06
1.18641e-05
2.58571e-05
5.48988e-05
0.000113235
0.000226156
0.000399589
0.000721092
0.00120293
0.00197675
0.00323343
0.00507931
0.00761701
0.0109352
0.01485
0.0195307
0.0249032
0.0308438
0.0371881
0.0438167
0.0504657
0.0569616
0.0631122
0.0687759
0.0737995
0.0778482
0.0800548
0.0785519
0.0708613
0.0582898
0.0444107
0.0311044
0.0194964
0.0110516
0.00589485
0.0031529
0.00167709
0.000909156
0.000491556
0.000262852
0.000137954
7.06023e-05
3.44564e-05
1.63074e-05
7.24685e-06
3.07878e-06
1.26046e-06
5.5982e-07
3.03584e-07
1.85876e-07
1.14548e-07
6.28793e-08
1.83855e-08
1.13672e-23
4.12687e-23
8.81309e-23
1.50498e-22
2.25852e-22
3.18973e-22
4.31311e-22
5.68471e-22
7.48185e-22
9.97609e-22
1.39892e-21
2.20742e-21
4.15993e-21
9.63258e-21
2.6001e-20
7.57978e-20
2.27185e-19
6.96126e-19
2.11084e-18
6.40094e-18
1.9467e-17
5.85405e-17
1.75206e-16
5.20024e-16
1.52585e-15
4.43168e-15
1.28798e-14
3.67565e-14
1.03768e-13
2.98786e-13
8.33307e-13
2.32778e-12
6.39817e-12
1.72426e-11
4.58073e-11
1.20473e-10
3.11653e-10
8.0805e-10
2.07143e-09
5.35512e-09
1.30556e-08
3.09824e-08
7.45052e-08
1.75419e-07
4.21988e-07
1.01019e-06
2.36169e-06
5.38969e-06
1.20052e-05
2.60858e-05
5.52434e-05
0.000113653
0.000226436
0.000399176
0.000723014
0.00120382
0.00197254
0.00322123
0.00505616
0.00757788
0.0108789
0.0147745
0.0194346
0.0247898
0.0307088
0.0370369
0.0436577
0.050306
0.0568015
0.0629653
0.0686455
0.0736895
0.0777684
0.0800331
0.078633
0.0710749
0.0585524
0.0446681
0.0313321
0.0196643
0.0111604
0.00595419
0.00318409
0.00169278
0.000917562
0.00049609
0.000265292
0.000139254
7.12851e-05
3.47875e-05
1.64702e-05
7.31863e-06
3.10998e-06
1.27315e-06
5.64884e-07
3.06008e-07
1.87256e-07
1.1537e-07
6.33269e-08
1.85173e-08
8.66794e-24
3.77184e-23
7.84375e-23
1.28315e-22
1.98016e-22
2.93637e-22
4.18085e-22
5.76577e-22
7.63467e-22
1.01436e-21
1.42178e-21
2.24221e-21
4.26667e-21
9.98504e-21
2.71186e-20
7.94615e-20
2.4141e-19
7.3462e-19
2.23269e-18
6.76738e-18
2.05428e-17
6.13825e-17
1.84354e-16
5.44753e-16
1.59905e-15
4.65355e-15
1.3414e-14
3.82039e-14
1.0863e-13
3.10754e-13
8.6881e-13
2.44232e-12
6.65032e-12
1.78805e-11
4.74671e-11
1.25199e-10
3.25213e-10
8.32228e-10
2.1187e-09
5.40301e-09
1.32455e-08
3.17979e-08
7.45906e-08
1.77593e-07
4.30352e-07
1.02665e-06
2.39382e-06
5.45037e-06
1.21133e-05
2.62626e-05
5.55032e-05
0.000113954
0.000226608
0.000398854
0.000724122
0.00120395
0.0019685
0.00321169
0.00503877
0.00754982
0.0108377
0.0147144
0.0193542
0.0246886
0.0305944
0.036912
0.0435271
0.0501729
0.0566705
0.0628465
0.0685417
0.073603
0.077707
0.0800159
0.0786956
0.0712422
0.0587599
0.0448722
0.0315135
0.0197991
0.0112482
0.00600209
0.00320916
0.00170538
0.000924318
0.000499739
0.00026726
0.000140305
7.18385e-05
3.50562e-05
1.66022e-05
7.37691e-06
3.13541e-06
1.2835e-06
5.6894e-07
3.0794e-07
1.88356e-07
1.16027e-07
6.36845e-08
1.86228e-08
1.18275e-23
4.45016e-23
8.82886e-23
1.45169e-22
2.11065e-22
2.92634e-22
4.00032e-22
5.37501e-22
7.01753e-22
9.37575e-22
1.33759e-21
2.16953e-21
4.26552e-21
1.02309e-20
2.81969e-20
8.29707e-20
2.50814e-19
7.64297e-19
2.32785e-18
7.06002e-18
2.1289e-17
6.3739e-17
1.89495e-16
5.57188e-16
1.65269e-15
4.80804e-15
1.39209e-14
3.97803e-14
1.14399e-13
3.21031e-13
8.9314e-13
2.45816e-12
6.79566e-12
1.82345e-11
4.89404e-11
1.29127e-10
3.32631e-10
8.37609e-10
2.14543e-09
5.43782e-09
1.32988e-08
3.17879e-08
7.53224e-08
1.79617e-07
4.36321e-07
1.03846e-06
2.41674e-06
5.49361e-06
1.21911e-05
2.63943e-05
5.56894e-05
0.000114181
0.000226743
0.000398646
0.000724795
0.00120392
0.00196557
0.00320466
0.00502585
0.00752901
0.0108073
0.0146725
0.0192996
0.0246219
0.0305181
0.0368274
0.0434383
0.0500835
0.0565798
0.0627645
0.06847
0.0735422
0.0776623
0.0800028
0.0787385
0.0713591
0.058906
0.0450163
0.0316419
0.0198949
0.0113108
0.00603662
0.00322722
0.00171446
0.000929176
0.000502361
0.000268673
0.000141059
7.22357e-05
3.52494e-05
1.66972e-05
7.41879e-06
3.15368e-06
1.29094e-06
5.71862e-07
3.09321e-07
1.89138e-07
1.16492e-07
6.39374e-08
1.86974e-08
9.10252e-24
3.35932e-23
7.07025e-23
1.23518e-22
1.90359e-22
2.75799e-22
3.85671e-22
5.26245e-22
6.9288e-22
9.28848e-22
1.32849e-21
2.17332e-21
4.32031e-21
1.04322e-20
2.88118e-20
8.48432e-20
2.56414e-19
7.81002e-19
2.36923e-18
7.15632e-18
2.15767e-17
6.45926e-17
1.93785e-16
5.69916e-16
1.68595e-15
4.88967e-15
1.41559e-14
4.08606e-14
1.16185e-13
3.27374e-13
9.12617e-13
2.55744e-12
6.91288e-12
1.85356e-11
4.96877e-11
1.29333e-10
3.36348e-10
8.49631e-10
2.22993e-09
5.59755e-09
1.347e-08
3.22783e-08
7.53359e-08
1.82562e-07
4.39507e-07
1.04561e-06
2.43178e-06
5.52231e-06
1.2242e-05
2.64776e-05
5.581e-05
0.000114328
0.000226861
0.000398589
0.00072531
0.00120409
0.00196426
0.00320126
0.00501935
0.00751817
0.010791
0.0146505
0.0192715
0.0245876
0.0304782
0.0367833
0.043392
0.050036
0.0565322
0.062721
0.0684311
0.0735098
0.0776389
0.0799957
0.0787609
0.0714208
0.0589835
0.045093
0.0317103
0.0199463
0.0113446
0.00605524
0.00323702
0.00171939
0.00093182
0.00050379
0.000269444
0.000141471
7.24526e-05
3.5355e-05
1.67491e-05
7.44162e-06
3.16364e-06
1.29499e-06
5.73463e-07
3.10071e-07
1.89559e-07
1.16742e-07
6.40735e-08
1.87375e-08
1.02012e-23
3.98294e-23
8.26601e-23
1.4054e-22
2.11326e-22
3.01521e-22
4.22656e-22
5.72199e-22
7.49465e-22
9.84962e-22
1.37976e-21
2.20937e-21
4.33581e-21
1.03351e-20
2.92474e-20
8.59765e-20
2.59738e-19
7.90493e-19
2.40558e-18
7.27418e-18
2.20825e-17
6.61727e-17
1.97094e-16
5.81414e-16
1.69441e-15
4.98658e-15
1.43766e-14
4.1357e-14
1.18756e-13
3.36268e-13
9.35267e-13
2.55962e-12
7.05398e-12
1.9129e-11
5.05453e-11
1.31435e-10
3.41534e-10
8.53823e-10
2.24733e-09
5.56519e-09
1.36835e-08
3.25606e-08
7.68682e-08
1.82815e-07
4.41342e-07
1.04994e-06
2.44064e-06
5.53945e-06
1.22735e-05
2.65324e-05
5.58987e-05
0.000114453
0.000227005
0.000398694
0.000725897
0.00120466
0.00196448
0.00320096
0.00501825
0.00751601
0.0107875
0.0146456
0.0192654
0.0245804
0.0304701
0.0367747
0.0433833
0.0500274
0.0565237
0.0627135
0.0684246
0.0735044
0.0776351
0.0799945
0.0787643
0.0714303
0.0589953
0.0451046
0.0317207
0.0199541
0.0113497
0.00605804
0.00323848
0.00172012
0.000932211
0.000504001
0.000269557
0.00014153
7.24839e-05
3.53699e-05
1.67563e-05
7.44485e-06
3.16503e-06
1.29555e-06
5.7368e-07
3.10178e-07
1.89621e-07
1.16778e-07
6.40927e-08
1.87431e-08
9.34263e-24
3.97613e-23
8.88827e-23
1.52927e-22
2.32414e-22
3.30831e-22
4.51216e-22
5.97584e-22
7.76375e-22
1.00819e-21
1.39094e-21
2.22245e-21
4.36801e-21
1.05097e-20
2.93786e-20
8.64191e-20
2.60509e-19
7.86296e-19
2.42835e-18
7.341e-18
2.22398e-17
6.67491e-17
1.99172e-16
5.90172e-16
1.73028e-15
5.0201e-15
1.43054e-14
4.21036e-14
1.19408e-13
3.37243e-13
9.43767e-13
2.60249e-12
7.14354e-12
1.91444e-11
5.10067e-11
1.32348e-10
3.43734e-10
8.63762e-10
2.25894e-09
5.59607e-09
1.37527e-08
3.22791e-08
7.77677e-08
1.83341e-07
4.41281e-07
1.05161e-06
2.44413e-06
5.54671e-06
1.22887e-05
2.65636e-05
5.59609e-05
0.000114572
0.000227224
0.000399052
0.00072671
0.00120595
0.00196704
0.00320514
0.0050246
0.00752524
0.0108003
0.0146626
0.0192869
0.0246065
0.0305001
0.0368079
0.0434182
0.0500627
0.0565587
0.0627456
0.0684532
0.0735285
0.0776526
0.0799999
0.078748
0.0713853
0.0589386
0.0450485
0.0316705
0.0199166
0.011325
0.00604445
0.00323133
0.00171653
0.000930284
0.000502957
0.000268993
0.000141228
7.23237e-05
3.5292e-05
1.67178e-05
7.42777e-06
3.15752e-06
1.29248e-06
5.7249e-07
3.09621e-07
1.89307e-07
1.16591e-07
6.39912e-08
1.87131e-08
8.66654e-24
3.11756e-23
6.87017e-23
1.2322e-22
1.98461e-22
2.91649e-22
4.04201e-22
5.53452e-22
7.4327e-22
9.88313e-22
1.38929e-21
2.225e-21
4.34857e-21
1.04343e-20
2.87676e-20
8.46425e-20
2.54337e-19
7.76563e-19
2.38388e-18
7.22045e-18
2.1693e-17
6.59128e-17
1.96008e-16
5.85452e-16
1.71159e-15
4.9547e-15
1.42576e-14
4.14144e-14
1.17518e-13
3.31881e-13
9.25164e-13
2.546e-12
7.11561e-12
1.89453e-11
4.9121e-11
1.29368e-10
3.37144e-10
8.37715e-10
2.17533e-09
5.63693e-09
1.33913e-08
3.25488e-08
7.57774e-08
1.8378e-07
4.41027e-07
1.04996e-06
2.44116e-06
5.54249e-06
1.22849e-05
2.65668e-05
5.59906e-05
0.000114674
0.000227499
0.000399654
0.000727783
0.00120802
0.00197199
0.00321382
0.00503827
0.00754541
0.0108286
0.0147004
0.0193348
0.0246643
0.0305665
0.0368807
0.0434942
0.0501395
0.0566347
0.0628148
0.0685146
0.0735803
0.0776901
0.0800113
0.0787121
0.071287
0.0588155
0.0449267
0.0315618
0.0198353
0.0112717
0.00601508
0.00321591
0.00170879
0.000926128
0.000500709
0.000267778
0.000140577
7.198e-05
3.51244e-05
1.66351e-05
7.39132e-06
3.14155e-06
1.28599e-06
5.69984e-07
3.08442e-07
1.88639e-07
1.16193e-07
6.37738e-08
1.86488e-08
1.25478e-23
3.80951e-23
7.30096e-23
1.2336e-22
1.92282e-22
2.79817e-22
3.93779e-22
5.39679e-22
7.24579e-22
9.74628e-22
1.38481e-21
2.21894e-21
4.32709e-21
1.0322e-20
2.82584e-20
8.26885e-20
2.52099e-19
7.65946e-19
2.33111e-18
7.07632e-18
2.14309e-17
6.47681e-17
1.93339e-16
5.72075e-16
1.67828e-15
4.88168e-15
1.4084e-14
4.04027e-14
1.16222e-13
3.27902e-13
9.16199e-13
2.52114e-12
6.94316e-12
1.86394e-11
4.95992e-11
1.30196e-10
3.34829e-10
8.3763e-10
2.18402e-09
5.58223e-09
1.34768e-08
3.19204e-08
7.5311e-08
1.83516e-07
4.38797e-07
1.04504e-06
2.4324e-06
5.52815e-06
1.2265e-05
2.65478e-05
5.59999e-05
0.000114785
0.000227882
0.000400575
0.000729249
0.00121108
0.00197971
0.0032277
0.00506045
0.00757841
0.0108748
0.0147617
0.0194119
0.0247562
0.0306712
0.0369951
0.0436133
0.0502593
0.0567537
0.0629227
0.0686099
0.0736606
0.0777488
0.0800289
0.0786572
0.0711374
0.0586289
0.0447427
0.0313978
0.019713
0.0111916
0.00597091
0.00319274
0.00169715
0.000919887
0.000497333
0.000265955
0.000139602
7.14651e-05
3.48739e-05
1.65116e-05
7.33674e-06
3.11766e-06
1.27625e-06
5.66173e-07
3.06659e-07
1.87635e-07
1.15596e-07
6.34482e-08
1.85526e-08
9.07624e-24
3.50613e-23
7.10905e-23
1.17441e-22
1.78425e-22
2.62705e-22
3.74443e-22
5.1537e-22
6.94142e-22
9.40552e-22
1.34604e-21
2.17106e-21
4.23692e-21
1.00996e-20
2.74804e-20
8.02562e-20
2.4144e-19
7.32994e-19
2.23077e-18
6.80092e-18
2.06562e-17
6.13033e-17
1.86304e-16
5.46345e-16
1.63169e-15
4.74106e-15
1.36811e-14
3.91588e-14
1.12694e-13
3.20343e-13
8.79957e-13
2.49812e-12
6.77035e-12
1.82145e-11
4.85705e-11
1.26958e-10
3.29259e-10
8.31131e-10
2.11615e-09
5.36769e-09
1.33221e-08
3.16427e-08
7.40544e-08
1.81071e-07
4.3531e-07
1.03743e-06
2.41743e-06
5.50124e-06
1.22225e-05
2.64949e-05
5.59682e-05
0.000114872
0.000228329
0.000401772
0.000730928
0.00121477
0.00198952
0.00324571
0.00508959
0.00762219
0.0109366
0.0148449
0.0195188
0.0248808
0.0308105
0.0371461
0.0437701
0.0504173
0.0569083
0.0630642
0.068733
0.0737633
0.0778221
0.0800494
0.0785835
0.0709414
0.0583864
0.0445041
0.0311854
0.0195552
0.0110883
0.00591446
0.00316315
0.00168229
0.000911919
0.000493027
0.00026363
0.000138359
7.08087e-05
3.45549e-05
1.63544e-05
7.26729e-06
3.08738e-06
1.2639e-06
5.61321e-07
3.04374e-07
1.86343e-07
1.14826e-07
6.30284e-08
1.84286e-08
1.04172e-23
3.74554e-23
8.05668e-23
1.33384e-22
2.02547e-22
2.96642e-22
4.19695e-22
5.61138e-22
7.41097e-22
9.88917e-22
1.38396e-21
2.17462e-21
4.1244e-21
9.62856e-21
2.62805e-20
7.66886e-20
2.30576e-19
7.00892e-19
2.14275e-18
6.42279e-18
1.97714e-17
5.91303e-17
1.76833e-16
5.2529e-16
1.55055e-15
4.52115e-15
1.31474e-14
3.76963e-14
1.08713e-13
3.05566e-13
8.50661e-13
2.38277e-12
6.5217e-12
1.75833e-11
4.58357e-11
1.22192e-10
3.16219e-10
8.03097e-10
2.07284e-09
5.34591e-09
1.28584e-08
3.16833e-08
7.42899e-08
1.78116e-07
4.28456e-07
1.02507e-06
2.39482e-06
5.46056e-06
1.21564e-05
2.64012e-05
5.58796e-05
0.000114907
0.000228808
0.000403194
0.000732364
0.0012188
0.00200092
0.00326687
0.00512403
0.00767384
0.0110088
0.0149398
0.019636
0.0250218
0.0309733
0.037325
0.0439575
0.0506029
0.0570873
0.0632252
0.068876
0.0738833
0.0779077
0.0800715
0.0784922
0.0707044
0.0580964
0.0442199
0.0309336
0.0193699
0.0109686
0.005849
0.00312866
0.0016649
0.000902543
0.00048796
0.000260896
0.000136897
7.00382e-05
3.41809e-05
1.61705e-05
7.18582e-06
3.05163e-06
1.24931e-06
5.55572e-07
3.01657e-07
1.84807e-07
1.13912e-07
6.25301e-08
1.82816e-08
1.23651e-23
3.98917e-23
8.0537e-23
1.38564e-22
2.15318e-22
3.14813e-22
4.44975e-22
5.98475e-22
7.92712e-22
1.05169e-21
1.44241e-21
2.20148e-21
4.05046e-21
9.18935e-21
2.44911e-20
7.15418e-20
2.14265e-19
6.50902e-19
1.99168e-18
6.03834e-18
1.83043e-17
5.49428e-17
1.67052e-16
4.95571e-16
1.46243e-15
4.26111e-15
1.25738e-14
3.62572e-14
1.03655e-13
2.92201e-13
8.32564e-13
2.29586e-12
6.24667e-12
1.68772e-11
4.49514e-11
1.18268e-10
3.08677e-10
7.82989e-10
2.03143e-09
5.23796e-09
1.27153e-08
3.09001e-08
7.34753e-08
1.74283e-07
4.20274e-07
1.00793e-06
2.36182e-06
5.40165e-06
1.2052e-05
2.62509e-05
5.56928e-05
0.000114793
0.000229095
0.000404481
0.000733104
0.00122194
0.00201199
0.00328881
0.00516075
0.00772969
0.0110874
0.0150435
0.019764
0.0251782
0.031151
0.037516
0.0441494
0.0507946
0.0572775
0.0634019
0.0690343
0.074017
0.0780033
0.0800945
0.0783852
0.0704337
0.0577686
0.0438999
0.0306507
0.0191629
0.010835
0.00577612
0.00309015
0.00164551
0.000892229
0.000482379
0.000257884
0.000135289
6.91911e-05
3.37698e-05
1.59689e-05
7.09655e-06
3.01293e-06
1.2336e-06
5.49324e-07
2.98663e-07
1.83096e-07
1.12888e-07
6.19712e-08
1.81168e-08
1.04667e-23
3.55485e-23
7.43697e-23
1.27921e-22
2.01178e-22
2.97686e-22
4.21141e-22
5.66903e-22
7.44904e-22
9.83165e-22
1.35198e-21
2.06654e-21
3.81263e-21
8.5659e-21
2.28302e-20
6.5517e-20
1.99141e-19
6.04011e-19
1.84925e-18
5.61526e-18
1.70421e-17
5.17741e-17
1.5531e-16
4.62172e-16
1.36803e-15
4.02171e-15
1.17184e-14
3.37762e-14
9.85299e-14
2.77976e-13
7.78497e-13
2.15108e-12
5.95671e-12
1.61294e-11
4.32171e-11
1.13404e-10
2.91299e-10
7.30406e-10
1.93568e-09
4.9595e-09
1.23426e-08
2.98026e-08
6.99482e-08
1.69425e-07
4.09204e-07
9.85318e-07
2.31666e-06
5.3168e-06
1.1907e-05
2.60036e-05
5.53886e-05
0.000114525
0.000229258
0.00040581
0.000733028
0.00122442
0.00202339
0.00331145
0.00519923
0.00778956
0.0111735
0.0151587
0.0199099
0.0253517
0.0313486
0.0377327
0.0443786
0.051013
0.0574933
0.0635958
0.0692078
0.0741627
0.0781049
0.080114
0.0782628
0.0701424
0.0574168
0.0435563
0.0303472
0.0189421
0.010693
0.00569891
0.00305
0.00162531
0.000881332
0.000476473
0.000254711
0.0001336
6.83051e-05
3.33412e-05
1.57587e-05
7.00332e-06
2.97233e-06
1.21706e-06
5.42701e-07
2.9546e-07
1.81256e-07
1.11785e-07
6.13699e-08
1.79397e-08
1.02141e-23
3.21563e-23
6.95266e-23
1.2531e-22
1.97966e-22
2.90493e-22
4.07625e-22
5.52633e-22
7.29453e-22
9.67828e-22
1.32569e-21
1.99251e-21
3.57302e-21
7.91311e-21
2.07005e-20
6.01013e-20
1.80867e-19
5.49997e-19
1.67565e-18
5.08746e-18
1.54375e-17
4.65737e-17
1.40299e-16
4.16947e-16
1.25241e-15
3.67628e-15
1.07228e-14
3.11304e-14
8.86934e-14
2.50198e-13
7.12109e-13
2.02257e-12
5.49907e-12
1.53212e-11
4.0785e-11
1.07752e-10
2.81207e-10
7.00314e-10
1.85655e-09
4.78772e-09
1.16801e-08
2.84095e-08
6.66879e-08
1.63032e-07
3.94424e-07
9.51761e-07
2.25358e-06
5.19988e-06
1.17005e-05
2.56658e-05
5.48697e-05
0.000114008
0.00022925
0.000407401
0.000731063
0.00122517
0.00203378
0.00333806
0.00524787
0.0078655
0.0112801
0.0152968
0.0200731
0.0255379
0.0315535
0.0379498
0.0445961
0.0512342
0.0576986
0.0637746
0.0694142
0.0743324
0.0782208
0.0801398
0.0781331
0.0698376
0.0570491
0.0431946
0.0300287
0.0187133
0.010548
0.00562076
0.0030091
0.0016048
0.00087042
0.000470642
0.000251575
0.000131934
6.74335e-05
3.29213e-05
1.55564e-05
6.91265e-06
2.93286e-06
1.20093e-06
5.36105e-07
2.92207e-07
1.79367e-07
1.10648e-07
6.07494e-08
1.77574e-08
1.01261e-23
3.26247e-23
6.79612e-23
1.18685e-22
1.93915e-22
2.94917e-22
4.18645e-22
5.64211e-22
7.40246e-22
9.73182e-22
1.31151e-21
1.9308e-21
3.34625e-21
7.28055e-21
1.87121e-20
5.3434e-20
1.59459e-19
4.87707e-19
1.49247e-18
4.5716e-18
1.38893e-17
4.18259e-17
1.25092e-16
3.74352e-16
1.10124e-15
3.28002e-15
9.64389e-15
2.7918e-14
8.04301e-14
2.26494e-13
6.55644e-13
1.84498e-12
5.19938e-12
1.41498e-11
3.78947e-11
1.02748e-10
2.65254e-10
6.79692e-10
1.7751e-09
4.55236e-09
1.1166e-08
2.72338e-08
6.47402e-08
1.54451e-07
3.7569e-07
9.11285e-07
2.16444e-06
5.03769e-06
1.14117e-05
2.51878e-05
5.41307e-05
0.000113054
0.000228694
0.000408683
0.000726363
0.00122203
0.00203718
0.00335002
0.00527261
0.00790892
0.0113456
0.0153906
0.02021
0.0257094
0.0317529
0.0381682
0.0448231
0.0514607
0.0579089
0.0639781
0.0695901
0.0744764
0.0783183
0.0801507
0.0779916
0.0695296
0.0566911
0.0428606
0.0297397
0.0185075
0.0104153
0.00554852
0.00297118
0.00158571
0.000860176
0.00046513
0.000248622
0.00013037
6.66159e-05
3.25273e-05
1.53667e-05
6.82967e-06
2.89765e-06
1.18672e-06
5.30169e-07
2.89131e-07
1.77526e-07
1.09524e-07
6.01346e-08
1.75776e-08
7.31391e-24
2.9584e-23
6.63603e-23
1.19363e-22
1.93748e-22
2.90769e-22
4.15559e-22
5.64065e-22
7.46751e-22
9.78274e-22
1.31183e-21
1.88699e-21
3.15926e-21
6.57544e-21
1.65297e-20
4.67466e-20
1.40217e-19
4.21714e-19
1.31612e-18
4.00547e-18
1.21841e-17
3.69215e-17
1.11539e-16
3.33618e-16
9.9003e-16
2.92347e-15
8.59455e-15
2.51198e-14
7.31056e-14
2.0691e-13
5.97019e-13
1.69404e-12
4.70011e-12
1.30022e-11
3.45114e-11
9.37109e-11
2.46567e-10
6.31371e-10
1.66858e-09
4.25842e-09
1.05569e-08
2.57934e-08
6.15978e-08
1.44184e-07
3.53715e-07
8.63095e-07
2.06386e-06
4.82879e-06
1.10068e-05
2.44521e-05
5.29082e-05
0.00011118
0.000226573
0.000409317
0.000718976
0.00121567
0.00203606
0.00335707
0.00529406
0.00795046
0.0114166
0.0155007
0.0203593
0.0258835
0.0319488
0.0383799
0.0450399
0.0516967
0.0581343
0.0641719
0.0697652
0.0746188
0.0784173
0.0801668
0.0778715
0.0692653
0.056381
0.0425553
0.0294754
0.0183229
0.0103007
0.00548705
0.00293845
0.00156889
0.000851113
0.000460234
0.000246011
0.000129004
6.59245e-05
3.22008e-05
1.52133e-05
6.76155e-06
2.86885e-06
1.17508e-06
5.25077e-07
2.86418e-07
1.75888e-07
1.08526e-07
5.959e-08
1.74187e-08
1.26706e-23
4.3858e-23
9.07048e-23
1.56289e-22
2.42927e-22
3.51757e-22
4.70573e-22
6.12292e-22
7.93174e-22
1.02496e-21
1.34384e-21
1.88265e-21
3.01934e-21
5.96812e-21
1.44411e-20
3.97245e-20
1.19526e-19
3.62365e-19
1.10974e-18
3.38044e-18
1.0268e-17
3.16517e-17
9.50447e-17
2.88292e-16
8.50041e-16
2.55041e-15
7.47319e-15
2.16265e-14
6.4077e-14
1.84546e-13
5.30425e-13
1.49723e-12
4.2151e-12
1.15775e-11
3.13471e-11
8.43057e-11
2.22318e-10
5.81637e-10
1.50935e-09
3.90595e-09
9.79282e-09
2.41039e-08
5.97289e-08
1.40634e-07
3.26252e-07
8.03625e-07
1.92426e-06
4.49905e-06
1.03457e-05
2.31044e-05
5.01612e-05
0.000105471
0.000213201
0.000411103
0.000714091
0.00120756
0.00202995
0.00335724
0.00530692
0.00798624
0.011488
0.0156028
0.020482
0.0260438
0.0321424
0.0386031
0.045267
0.0519043
0.0583269
0.0643543
0.0699261
0.0747566
0.078516
0.0801835
0.0777513
0.0690077
0.0560838
0.0422771
0.0292393
0.0181624
0.0102027
0.00543526
0.00291172
0.00155527
0.000843922
0.000456434
0.000244025
0.000127986
6.54137e-05
3.19604e-05
1.51045e-05
6.7142e-06
2.84966e-06
1.16733e-06
5.21265e-07
2.84134e-07
1.74432e-07
1.07621e-07
5.90959e-08
1.7276e-08
8.29281e-24
3.38176e-23
7.82717e-23
1.45081e-22
2.25547e-22
3.1971e-22
4.32148e-22
5.7513e-22
7.55712e-22
9.77269e-22
1.27569e-21
1.76518e-21
2.73189e-21
5.15543e-21
1.206e-20
3.24894e-20
9.56047e-20
2.93662e-19
9.00793e-19
2.75393e-18
8.49003e-18
2.60094e-17
7.96158e-17
2.4075e-16
7.23111e-16
2.15464e-15
6.36386e-15
1.86278e-14
5.40365e-14
1.54173e-13
4.57847e-13
1.29751e-12
3.61733e-12
1.01146e-11
2.77171e-11
7.46571e-11
1.9908e-10
5.27637e-10
1.38825e-09
3.5957e-09
9.09682e-09
2.24055e-08
5.51997e-08
1.3672e-07
3.19284e-07
7.34678e-07
1.78489e-06
4.19414e-06
9.62548e-06
2.17111e-05
4.74361e-05
0.000100403
0.000205182
0.000404704
0.00070561
0.00119515
0.00201698
0.00334659
0.00530444
0.00799877
0.0115201
0.0156607
0.0205749
0.0261771
0.0323119
0.038782
0.0454742
0.0520936
0.0585109
0.0645236
0.0700798
0.0748825
0.0785945
0.0801844
0.0776214
0.0687494
0.0558008
0.0420262
0.0290366
0.0180314
0.0101262
0.00539568
0.00289141
0.0015448
0.000838474
0.000453626
0.000242609
0.000127297
6.50965e-05
3.18192e-05
1.5049e-05
6.69163e-06
2.84205e-06
1.16439e-06
5.19041e-07
2.82405e-07
1.73223e-07
1.06848e-07
5.8673e-08
1.71556e-08
9.62302e-24
3.70403e-23
8.43053e-23
1.50755e-22
2.34213e-22
3.30841e-22
4.44118e-22
5.81137e-22
7.49436e-22
9.61492e-22
1.24404e-21
1.67006e-21
2.47976e-21
4.41102e-21
9.80276e-21
2.57851e-20
7.45052e-20
2.30754e-19
7.07405e-19
2.20006e-18
6.78882e-18
2.06975e-17
6.34454e-17
1.92419e-16
5.89525e-16
1.73858e-15
5.2513e-15
1.53505e-14
4.47944e-14
1.32263e-13
3.84576e-13
1.09847e-12
3.04518e-12
8.66728e-12
2.37859e-11
6.55177e-11
1.74239e-10
4.73885e-10
1.25316e-09
3.22151e-09
8.18387e-09
2.04488e-08
5.00731e-08
1.23244e-07
3.05306e-07
7.36899e-07
1.68626e-06
3.86289e-06
8.96844e-06
2.02602e-05
4.48834e-05
9.60753e-05
0.000198384
0.000395322
0.00069371
0.00117923
0.00199683
0.00332503
0.00528728
0.00799364
0.0115358
0.0157044
0.0206573
0.0262899
0.0324398
0.0389375
0.0456323
0.0522594
0.0586767
0.0646855
0.0702358
0.0750142
0.0786832
0.0801976
0.0775243
0.0685539
0.0555896
0.0418371
0.0288888
0.017942
0.0100781
0.00537205
0.00287964
0.00153851
0.000835331
0.000452118
0.000241937
0.000127037
6.50248e-05
3.18032e-05
1.50613e-05
6.70044e-06
2.84918e-06
1.16758e-06
5.18825e-07
2.81343e-07
1.72306e-07
1.06232e-07
5.83372e-08
1.7063e-08
1.0334e-23
3.77569e-23
8.0814e-23
1.38563e-22
2.15744e-22
3.13145e-22
4.35464e-22
5.80755e-22
7.52575e-22
9.51363e-22
1.20184e-21
1.55895e-21
2.18838e-21
3.63736e-21
7.5932e-21
1.94155e-20
5.59827e-20
1.70239e-19
5.27174e-19
1.63989e-18
5.0332e-18
1.58955e-17
4.79728e-17
1.49695e-16
4.60489e-16
1.38833e-15
4.158e-15
1.23564e-14
3.64391e-14
1.06765e-13
3.12983e-13
9.0548e-13
2.56515e-12
7.28819e-12
2.02143e-11
5.53245e-11
1.50804e-10
4.02035e-10
1.10867e-09
2.87815e-09
7.30376e-09
1.8038e-08
4.50069e-08
1.07419e-07
2.69295e-07
6.71523e-07
1.6317e-06
3.56672e-06
8.34941e-06
1.90571e-05
4.24876e-05
9.1649e-05
0.000190828
0.00038339
0.000676725
0.00115643
0.00196825
0.00329202
0.00525491
0.00796939
0.0115288
0.0157191
0.0206966
0.0263557
0.0325379
0.0390585
0.0457717
0.0524255
0.0588263
0.0648276
0.0703569
0.0751141
0.0787504
0.0802047
0.0774391
0.0683918
0.0554236
0.0417018
0.028796
0.0178966
0.0100614
0.00536629
0.00287754
0.00153702
0.000834867
0.000452141
0.000242151
0.000127288
6.52493e-05
3.19405e-05
1.51569e-05
6.74813e-06
2.87474e-06
1.17852e-06
5.21137e-07
2.8115e-07
1.7177e-07
1.05819e-07
5.8112e-08
1.70054e-08
9.86714e-24
3.62857e-23
7.92293e-23
1.42848e-22
2.27585e-22
3.2905e-22
4.4892e-22
5.8923e-22
7.56848e-22
9.5458e-22
1.19496e-21
1.51326e-21
2.01718e-21
3.05514e-21
5.86002e-21
1.40532e-20
3.92882e-20
1.20347e-19
3.7552e-19
1.17746e-18
3.73105e-18
1.16983e-17
3.63569e-17
1.12676e-16
3.48629e-16
1.0587e-15
3.19115e-15
9.70505e-15
2.88792e-14
8.44944e-14
2.52644e-13
7.29114e-13
2.08218e-12
5.96022e-12
1.68476e-11
4.5894e-11
1.2722e-10
3.44068e-10
9.27956e-10
2.48269e-09
6.33894e-09
1.59705e-08
3.95286e-08
9.85537e-08
2.40803e-07
6.10692e-07
1.54893e-06
3.4853e-06
7.69909e-06
1.74826e-05
3.91999e-05
8.62324e-05
0.000181547
0.000367565
0.000651265
0.00112606
0.00193816
0.0032562
0.00521461
0.00792992
0.0115028
0.0157133
0.0207183
0.0264093
0.0326237
0.0391742
0.0459261
0.0525778
0.0589973
0.0649783
0.0704787
0.075216
0.0788183
0.0802137
0.0773665
0.0682581
0.0552976
0.0416143
0.0287545
0.0178939
0.0100761
0.00537893
0.00288553
0.00154061
0.000837282
0.000453834
0.000243344
0.000128116
6.58111e-05
3.22567e-05
1.53513e-05
6.84245e-06
2.92271e-06
1.19909e-06
5.26688e-07
2.82029e-07
1.71694e-07
1.0565e-07
5.80208e-08
1.69904e-08
1.6517e-23
6.42739e-23
1.28657e-22
2.01434e-22
2.83115e-22
3.84845e-22
5.00778e-22
6.31122e-22
7.74115e-22
9.34664e-22
1.12997e-21
1.38231e-21
1.76147e-21
2.47924e-21
4.29752e-21
9.54917e-21
2.61504e-20
7.91402e-20
2.51307e-19
8.00491e-19
2.55781e-18
8.1422e-18
2.57482e-17
8.09212e-17
2.52676e-16
7.82399e-16
2.40344e-15
7.34276e-15
2.21139e-14
6.58338e-14
1.93912e-13
5.67557e-13
1.63671e-12
4.79915e-12
1.36628e-11
3.71224e-11
1.07215e-10
2.9187e-10
7.88835e-10
2.05714e-09
5.41522e-09
1.36249e-08
3.39827e-08
8.57298e-08
2.10812e-07
5.4522e-07
1.35689e-06
3.34843e-06
7.36881e-06
1.58809e-05
3.60765e-05
7.95131e-05
0.000170829
0.000350529
0.000627995
0.00108943
0.00189027
0.00320248
0.00515914
0.00787749
0.0114648
0.0156981
0.0207346
0.0264625
0.0327126
0.0393066
0.0460824
0.0527653
0.0591714
0.0651457
0.0706271
0.0753358
0.0788971
0.0802252
0.0772846
0.0681252
0.0551918
0.0415599
0.0287533
0.017928
0.0101194
0.00540882
0.00290308
0.00154911
0.000842528
0.000457202
0.00024554
0.000129545
6.67314e-05
3.27698e-05
1.56565e-05
6.99098e-06
2.99744e-06
1.23147e-06
5.36238e-07
2.84221e-07
1.72175e-07
1.05782e-07
5.80959e-08
1.70289e-08
1.90667e-23
6.85267e-23
1.36531e-22
2.19745e-22
3.20624e-22
4.28731e-22
5.49139e-22
6.83221e-22
8.35715e-22
1.00587e-21
1.19752e-21
1.43803e-21
1.75516e-21
2.3154e-21
3.62467e-21
7.3917e-21
1.91546e-20
5.68487e-20
1.78486e-19
5.70916e-19
1.83856e-18
5.89056e-18
1.87841e-17
5.8578e-17
1.88258e-16
5.83156e-16
1.79819e-15
5.46282e-15
1.66538e-14
4.9634e-14
1.47268e-13
4.4544e-13
1.29625e-12
3.79311e-12
1.08387e-11
3.05807e-11
8.53988e-11
2.34678e-10
6.42546e-10
1.72467e-09
4.48444e-09
1.15033e-08
2.89006e-08
7.2666e-08
1.84504e-07
4.7508e-07
1.20223e-06
2.92803e-06
7.03148e-06
1.53622e-05
3.28319e-05
7.28724e-05
0.000156579
0.00031846
0.000609707
0.00105478
0.00183636
0.00313191
0.00508078
0.00780248
0.0114068
0.0156673
0.0207463
0.0265288
0.0328488
0.0394915
0.0462811
0.0529957
0.059391
0.06535
0.0707995
0.0754797
0.0789913
0.0802335
0.0771701
0.0680792
0.0551311
0.0415363
0.0287808
0.0179869
0.0101829
0.00545142
0.00292777
0.0015615
0.000850175
0.000462077
0.000248674
0.000131543
6.799e-05
3.34971e-05
1.60839e-05
7.20636e-06
3.10539e-06
1.2788e-06
5.51254e-07
2.88238e-07
1.73442e-07
1.06326e-07
5.83888e-08
1.71362e-08
2.27142e-23
7.47315e-23
1.40291e-22
2.18235e-22
2.96617e-22
3.76876e-22
4.70091e-22
5.77524e-22
7.05531e-22
8.51894e-22
1.01556e-21
1.20704e-21
1.45794e-21
1.89162e-21
2.87814e-21
5.64721e-21
1.42186e-20
4.17881e-20
1.31672e-19
4.22746e-19
1.36187e-18
4.37493e-18
1.39972e-17
4.44852e-17
1.405e-16
4.39043e-16
1.35879e-15
4.16488e-15
1.26501e-14
3.81519e-14
1.14051e-13
3.42441e-13
1.00933e-12
2.94389e-12
8.51099e-12
2.42002e-11
6.80556e-11
1.85387e-10
5.21713e-10
1.42498e-09
3.7227e-09
9.64256e-09
2.4404e-08
6.17996e-08
1.55144e-07
4.028e-07
1.03446e-06
2.57652e-06
6.15995e-06
1.41735e-05
2.88437e-05
6.42687e-05
0.000137149
0.00028602
0.000560442
0.0010262
0.00178674
0.00306071
0.00500078
0.00772832
0.0113548
0.0156524
0.0207806
0.026614
0.0329906
0.039691
0.04652
0.0532571
0.0596606
0.0656116
0.0710395
0.0756704
0.0791161
0.0802541
0.0770554
0.0679033
0.054984
0.041459
0.0287782
0.0180333
0.0102441
0.00549508
0.00295368
0.00157667
0.000859918
0.000468312
0.000252622
0.000133948
6.92916e-05
3.46773e-05
1.67243e-05
7.51469e-06
3.25529e-06
1.34419e-06
5.72981e-07
2.94504e-07
1.75678e-07
1.07375e-07
5.89487e-08
1.73257e-08
1.30537e-23
4.03085e-23
8.08628e-23
1.31409e-22
1.91025e-22
2.60278e-22
3.42479e-22
4.36528e-22
5.39481e-22
6.61827e-22
8.12784e-22
1.01223e-21
1.31751e-21
1.89329e-21
3.21572e-21
6.63173e-21
1.70246e-20
4.72164e-20
1.38925e-19
4.2201e-19
1.2863e-18
3.94451e-18
1.21012e-17
3.66576e-17
1.152e-16
3.50641e-16
1.06515e-15
3.2822e-15
9.89074e-15
2.97668e-14
8.93627e-14
2.65545e-13
7.64578e-13
2.27222e-12
6.62086e-12
1.92059e-11
5.44024e-11
1.51261e-10
4.187e-10
1.13777e-09
3.04707e-09
7.77159e-09
1.98859e-08
5.0448e-08
1.29526e-07
3.31261e-07
8.48306e-07
2.11494e-06
5.09747e-06
1.18699e-05
2.74469e-05
5.64974e-05
0.000122713
0.00025717
0.000511416
0.000981479
0.00172918
0.00298218
0.00491138
0.00763484
0.0112836
0.0156233
0.0208193
0.0267478
0.033206
0.0399835
0.0469035
0.053641
0.0600059
0.0659118
0.071291
0.0758821
0.0792502
0.080261
0.0768888
0.0676092
0.0547364
0.0413013
0.0287122
0.0180386
0.0102776
0.00552023
0.00296037
0.0016038
0.000874407
0.000476522
0.000257446
0.000136806
7.09962e-05
3.57373e-05
1.73449e-05
7.83996e-06
3.41609e-06
1.41603e-06
5.98088e-07
3.01919e-07
1.78376e-07
1.08672e-07
5.96373e-08
1.75545e-08
4.72541e-24
1.29671e-23
2.34689e-23
3.80726e-23
5.75931e-23
8.38509e-23
1.1767e-22
1.62115e-22
2.22483e-22
3.14661e-22
4.75636e-22
7.00601e-22
1.07562e-21
1.85294e-21
3.65273e-21
8.37285e-21
2.12871e-20
5.76689e-20
1.61586e-19
4.62329e-19
1.33899e-18
3.9104e-18
1.14771e-17
3.38219e-17
1.00914e-16
3.00493e-16
8.931e-16
2.65681e-15
7.85741e-15
2.3174e-14
6.82725e-14
2.01591e-13
5.85611e-13
1.70443e-12
4.98748e-12
1.41229e-11
4.08007e-11
1.14896e-10
3.16513e-10
8.92708e-10
2.36816e-09
6.1086e-09
1.56669e-08
3.90884e-08
9.49402e-08
2.45749e-07
6.39672e-07
1.63388e-06
4.06338e-06
9.87731e-06
2.29954e-05
5.24963e-05
0.000106414
0.000223535
0.000461071
0.000891719
0.00161448
0.00284474
0.00475964
0.00752536
0.01122
0.0156193
0.0208909
0.0269003
0.0334469
0.0403088
0.0472766
0.0540071
0.0603669
0.0662655
0.0715636
0.0760959
0.0793899
0.0802756
0.0767487
0.0673743
0.0545216
0.0411527
0.0286358
0.0180228
0.0102912
0.00553599
0.00297101
0.00161288
0.000880964
0.000481002
0.000260437
0.000138798
7.22691e-05
3.65112e-05
1.77988e-05
8.0834e-06
3.54056e-06
1.47249e-06
6.1779e-07
3.07856e-07
1.80744e-07
1.09943e-07
6.03502e-08
1.78026e-08
)
;

boundaryField
{
    fuel
    {
        type            fixedValue;
        value           uniform 0;
    }
    air
    {
        type            fixedValue;
        value           uniform 0;
    }
    outlet
    {
        type            inletOutlet;
        inletValue      uniform 0;
        value           nonuniform List<scalar> 
200
(
0
0
0
0
0
0
0
0
0
0
4.44021e-22
6.63519e-22
1.03072e-21
1.77244e-21
3.52095e-21
8.02741e-21
2.01627e-20
5.5362e-20
1.54205e-19
4.39073e-19
1.26222e-18
3.60541e-18
1.10352e-17
3.24354e-17
9.67244e-17
2.8779e-16
8.46395e-16
2.5648e-15
7.57394e-15
2.23654e-14
6.60385e-14
1.94698e-13
5.67914e-13
1.64636e-12
4.74825e-12
1.32388e-11
3.74552e-11
1.0753e-10
3.01101e-10
8.34864e-10
2.23571e-09
5.87611e-09
1.51124e-08
3.79493e-08
9.29366e-08
2.38415e-07
6.22276e-07
1.5997e-06
4.00434e-06
9.68237e-06
2.25135e-05
5.105e-05
0.00010382
0.000219693
0.000449492
0.000872647
0.00158359
0.00279878
0.00468723
0.00742117
0.011088
0.0154686
0.0207289
0.0267358
0.0332918
0.0401586
0.0471366
0.0538785
0.0602459
0.0661479
0.0714746
0.0760247
0.0793541
0.0803042
0.076881
0.0676117
0.0547871
0.0414093
0.0288639
0.0181876
0.0104006
0.00559758
0.00300372
0.00163065
0.000890807
0.000486527
0.00026354
0.00014051
7.32118e-05
3.70167e-05
1.80613e-05
8.20878e-06
3.59944e-06
1.49787e-06
6.27741e-07
3.12009e-07
1.82919e-07
1.11217e-07
6.10513e-08
1.80136e-08
0
0
0
0
0
0
0
0
0
0
4.75636e-22
7.00601e-22
1.07562e-21
1.85294e-21
3.65273e-21
8.37285e-21
2.12871e-20
5.76689e-20
1.61586e-19
4.62329e-19
1.33899e-18
3.9104e-18
1.14771e-17
3.38219e-17
1.00914e-16
3.00493e-16
8.931e-16
2.65681e-15
7.85741e-15
2.3174e-14
6.82725e-14
2.01591e-13
5.85611e-13
1.70443e-12
4.98748e-12
1.41229e-11
4.08007e-11
1.14896e-10
3.16513e-10
8.92708e-10
2.36816e-09
6.1086e-09
1.56669e-08
3.90884e-08
9.49402e-08
2.45749e-07
6.39672e-07
1.63388e-06
4.06338e-06
9.87731e-06
2.29954e-05
5.24963e-05
0.000106414
0.000223535
0.000461071
0.000891719
0.00161448
0.00284474
0.00475964
0.00752536
0.01122
0.0156193
0.0208909
0.0269003
0.0334469
0.0403088
0.0472766
0.0540071
0.0603669
0.0662655
0.0715636
0.0760959
0.0793899
0.0802756
0.0767487
0.0673743
0.0545216
0.0411527
0.0286358
0.0180228
0.0102912
0.00553599
0.00297101
0.00161288
0.000880964
0.000481002
0.000260437
0.000138798
7.22691e-05
3.65112e-05
1.77988e-05
8.0834e-06
3.54056e-06
1.47249e-06
6.1779e-07
3.07856e-07
1.80744e-07
1.09943e-07
6.03502e-08
1.78026e-08
)
;
    }
    frontAndBack
    {
        type            empty;
    }
    internal
    {
        type            internal;
    }
}


// ************************************************************************* //
