/*--------------------------------*- C++ -*----------------------------------*\
  =========                 |
  \\      /  F ield         | OpenFOAM: The Open Source CFD Toolbox
   \\    /   O peration     | Website:  https://openfoam.org
    \\  /    A nd           | Version:  10
     \\/     M anipulation  |
\*---------------------------------------------------------------------------*/
FoamFile
{
    format      ascii;
    class       volScalarField;
    location    "1";
    object      C5H10;
}
// * * * * * * * * * * * * * * * * * * * * * * * * * * * * * * * * * * * * * //

dimensions      [0 0 0 0 0 0 0];

internalField   nonuniform List<scalar> 
4000
(
9.31028e-23
1.50991e-22
1.8973e-22
2.47063e-22
3.3085e-22
3.99127e-22
4.81328e-22
5.78917e-22
7.14427e-22
9.21766e-22
1.24267e-21
1.55213e-21
1.88152e-21
2.20049e-21
2.58964e-21
3.06845e-21
3.64609e-21
4.66939e-21
7.00736e-21
1.29379e-20
2.90632e-20
7.41738e-20
2.16127e-19
6.23938e-19
1.84977e-18
5.49639e-18
1.61724e-17
4.90608e-17
1.45087e-16
4.29093e-16
1.26898e-15
3.74723e-15
1.09484e-14
3.17898e-14
9.18386e-14
2.56456e-13
7.267e-13
2.08932e-12
5.85951e-12
1.62704e-11
4.36314e-11
1.14827e-10
2.95678e-10
7.43445e-10
1.82313e-09
4.6822e-09
1.22348e-08
3.14861e-08
7.88946e-08
1.90945e-07
4.44426e-07
1.00872e-06
2.05313e-06
4.34839e-06
8.90371e-06
1.7297e-05
3.14051e-05
5.55273e-05
9.30176e-05
0.000147292
0.000220057
0.000306926
0.00041109
0.00052964
0.000658326
0.0007922
0.000927025
0.00105561
0.00117427
0.00127868
0.00136127
0.0014077
0.00139094
0.00126684
0.0010115
0.000701557
0.000446015
0.000258856
0.000137157
6.96806e-05
3.57802e-05
1.87713e-05
1.00402e-05
5.44906e-06
2.98111e-06
1.63053e-06
8.84434e-07
4.72201e-07
2.46457e-07
1.25037e-07
6.16318e-08
2.91545e-08
1.49136e-08
9.36938e-09
7.03224e-09
5.43e-09
3.97402e-09
2.65179e-09
1.50444e-09
4.46594e-10
4.68038e-23
3.01355e-22
4.41634e-22
7.82323e-22
1.06512e-21
1.20356e-21
1.37005e-21
1.51135e-21
1.76928e-21
2.08699e-21
2.36548e-21
2.70857e-21
3.06084e-21
3.33808e-21
3.69167e-21
4.13429e-21
4.63291e-21
5.56048e-21
7.64059e-21
1.32031e-20
2.92249e-20
7.78459e-20
2.27052e-19
6.85532e-19
2.0999e-18
6.41867e-18
1.95975e-17
5.96507e-17
1.7996e-16
5.37578e-16
1.59913e-15
4.96351e-15
1.46382e-14
4.23355e-14
1.2169e-13
3.4489e-13
9.9126e-13
2.76174e-12
7.68757e-12
2.08948e-11
5.61123e-11
1.45993e-10
3.75973e-10
9.42502e-10
2.40092e-09
6.25664e-09
1.61405e-08
4.07451e-08
1.00627e-07
2.42792e-07
5.24935e-07
1.07467e-06
2.32283e-06
4.81783e-06
9.73625e-06
1.89245e-05
3.34539e-05
5.79648e-05
9.57289e-05
0.000149238
0.000221142
0.000306863
0.000409552
0.000526496
0.000653399
0.000785955
0.000919997
0.00104936
0.00116856
0.00127402
0.00135866
0.0014078
0.00139507
0.00127587
0.00102287
0.000710221
0.000451431
0.000261822
0.000138563
7.02976e-05
3.60543e-05
1.88978e-05
1.00986e-05
5.47341e-06
2.98921e-06
1.6316e-06
8.82908e-07
4.70103e-07
2.44515e-07
1.23583e-07
6.06831e-08
2.86733e-08
1.47872e-08
9.42528e-09
7.11052e-09
5.47705e-09
3.9934e-09
2.65613e-09
1.50396e-09
4.45295e-10
3.45935e-22
5.79413e-22
9.60499e-22
1.3504e-21
2.04794e-21
2.21461e-21
2.41602e-21
2.70351e-21
3.09795e-21
3.25079e-21
3.55659e-21
3.79165e-21
4.0425e-21
4.27678e-21
4.47062e-21
4.79744e-21
5.12683e-21
5.90987e-21
8.10094e-21
1.38985e-20
3.15402e-20
8.68441e-20
2.62012e-19
8.13998e-19
2.5402e-18
7.90201e-18
2.45114e-17
7.61665e-17
2.31328e-16
6.97549e-16
2.145e-15
6.37337e-15
1.85044e-14
5.42105e-14
1.57672e-13
4.48144e-13
1.25209e-12
3.47448e-12
9.5552e-12
2.56318e-11
6.79446e-11
1.70187e-10
4.54746e-10
1.12029e-09
2.94013e-09
7.48916e-09
1.93281e-08
4.83203e-08
1.15613e-07
2.7376e-07
5.88875e-07
1.21385e-06
2.6086e-06
5.47962e-06
1.0728e-05
1.97773e-05
3.44492e-05
5.92352e-05
9.71738e-05
0.000150863
0.000222355
0.000307279
0.000408715
0.000523962
0.000649398
0.000780708
0.000913778
0.00104264
0.00116293
0.00126974
0.00135654
0.00140817
0.00139936
0.00128555
0.00103573
0.000720046
0.000457507
0.000265089
0.000140074
7.09703e-05
3.63748e-05
1.90499e-05
1.01688e-05
5.49737e-06
2.99488e-06
1.63029e-06
8.7948e-07
4.66575e-07
2.41733e-07
1.21464e-07
5.93281e-08
2.80251e-08
1.46444e-08
9.51741e-09
7.22607e-09
5.55523e-09
4.0367e-09
2.67836e-09
1.51386e-09
4.47318e-10
1.9603e-22
4.30081e-22
8.23394e-22
1.1212e-21
1.43609e-21
1.75254e-21
1.84765e-21
2.01731e-21
2.47288e-21
2.88728e-21
3.26282e-21
3.4928e-21
3.7589e-21
4.13895e-21
4.56057e-21
5.10785e-21
5.85207e-21
7.03431e-21
9.78022e-21
1.73712e-20
4.09717e-20
1.15683e-19
3.49399e-19
1.08251e-18
3.41219e-18
1.05965e-17
3.27137e-17
1.00032e-16
2.9661e-16
9.28296e-16
2.75771e-15
8.16666e-15
2.38525e-14
6.93983e-14
2.00022e-13
5.64688e-13
1.56599e-12
4.33725e-12
1.16464e-11
3.17519e-11
8.33969e-11
2.13051e-10
5.51025e-10
1.35729e-09
3.40746e-09
8.85114e-09
2.25395e-08
5.52039e-08
1.34096e-07
2.92084e-07
6.20248e-07
1.38499e-06
2.97989e-06
6.06339e-06
1.16701e-05
2.03608e-05
3.54543e-05
6.05564e-05
9.87981e-05
0.000152191
0.000223163
0.000307299
0.000407706
0.00052188
0.000646137
0.000776318
0.000908466
0.00103747
0.00115828
0.0012661
0.00135447
0.0014084
0.00140307
0.00129393
0.00104839
0.000726024
0.000461818
0.000267599
0.000141292
7.15351e-05
3.66528e-05
1.91998e-05
1.02741e-05
5.47488e-06
2.98361e-06
1.623e-06
8.7425e-07
4.63e-07
2.39783e-07
1.18625e-07
5.77855e-08
2.7392e-08
1.45356e-08
9.63516e-09
7.36481e-09
5.64871e-09
4.09301e-09
2.70997e-09
1.52924e-09
4.51e-10
1.17616e-22
3.00328e-22
4.56513e-22
7.20973e-22
1.01255e-21
1.23669e-21
1.59595e-21
1.82141e-21
2.16595e-21
2.58188e-21
2.94983e-21
3.3168e-21
3.68522e-21
4.09851e-21
4.74049e-21
5.55187e-21
6.47456e-21
7.84259e-21
1.162e-20
2.21652e-20
5.48339e-20
1.57009e-19
4.7526e-19
1.46821e-18
4.55256e-18
1.40438e-17
4.30426e-17
1.32459e-16
3.99675e-16
1.19411e-15
3.53966e-15
1.06488e-14
3.08189e-14
8.8938e-14
2.524e-13
7.06716e-13
1.944e-12
5.22545e-12
1.43165e-11
3.80685e-11
9.89412e-11
2.52599e-10
6.30203e-10
1.59087e-09
3.95923e-09
1.01815e-08
2.53783e-08
6.27516e-08
1.40927e-07
3.02611e-07
6.8823e-07
1.51805e-06
3.27097e-06
6.72494e-06
1.20553e-05
2.09984e-05
3.64352e-05
6.17095e-05
9.99486e-05
0.000153398
0.000224045
0.000307634
0.000407222
0.000520409
0.000643565
0.000772544
0.00090441
0.00103354
0.00115492
0.00126338
0.00135303
0.0014088
0.00140633
0.00130125
0.00105831
0.000733429
0.000466317
0.00027002
0.000142386
7.20221e-05
3.68866e-05
1.93162e-05
1.03305e-05
5.50144e-06
2.99284e-06
1.62478e-06
8.73163e-07
4.61145e-07
2.38013e-07
1.17378e-07
5.69678e-08
2.70678e-08
1.45498e-08
9.7929e-09
7.51838e-09
5.75486e-09
4.15985e-09
2.74933e-09
1.54928e-09
4.56212e-10
5.39369e-23
1.77519e-22
3.67996e-22
6.37488e-22
8.68999e-22
1.11325e-21
1.4195e-21
1.67408e-21
1.81285e-21
2.08824e-21
2.46772e-21
2.98332e-21
3.42142e-21
3.79927e-21
4.41591e-21
5.35307e-21
6.42904e-21
8.70451e-21
1.4153e-20
2.98749e-20
7.81279e-20
2.2288e-19
6.67749e-19
2.03128e-18
6.24033e-18
1.92577e-17
5.81673e-17
1.73744e-16
5.25694e-16
1.54678e-15
4.49205e-15
1.35977e-14
3.87752e-14
1.0995e-13
3.05078e-13
8.57921e-13
2.31785e-12
6.1155e-12
1.69795e-11
4.61363e-11
1.17029e-10
2.92128e-10
7.295e-10
1.81348e-09
4.56318e-09
1.13921e-08
2.89976e-08
6.62185e-08
1.469e-07
3.32277e-07
7.49791e-07
1.65008e-06
3.48353e-06
7.08235e-06
1.26104e-05
2.17194e-05
3.72304e-05
6.28179e-05
0.000101027
0.000154315
0.000224601
0.000307634
0.000406516
0.000518933
0.000641424
0.000769948
0.000901202
0.00102991
0.00115153
0.00126084
0.00135166
0.00140883
0.00140846
0.00130601
0.00106505
0.000739099
0.000469984
0.000272027
0.000143334
7.24685e-05
3.71066e-05
1.94276e-05
1.0385e-05
5.53241e-06
3.00692e-06
1.63029e-06
8.74606e-07
4.60892e-07
2.3722e-07
1.16777e-07
5.65204e-08
2.6936e-08
1.46331e-08
9.96022e-09
7.66672e-09
5.86038e-09
4.22889e-09
2.79135e-09
1.5713e-09
4.62164e-10
3.45287e-23
1.50173e-22
2.82166e-22
4.52871e-22
5.9783e-22
7.78675e-22
1.01873e-21
1.29055e-21
1.76139e-21
2.15953e-21
2.6174e-21
3.06203e-21
3.50326e-21
4.07302e-21
4.60642e-21
5.40933e-21
6.66473e-21
9.27079e-21
1.62412e-20
3.73842e-20
1.0177e-19
2.97967e-19
8.8674e-19
2.74957e-18
8.28952e-18
2.4916e-17
7.46987e-17
2.16595e-16
6.6437e-16
1.96095e-15
5.69756e-15
1.64178e-14
4.71226e-14
1.33304e-13
3.68667e-13
1.02454e-12
2.82016e-12
7.3712e-12
2.03318e-11
5.31182e-11
1.35099e-10
3.38928e-10
8.32435e-10
2.05362e-09
5.04749e-09
1.26747e-08
3.08277e-08
6.72509e-08
1.57411e-07
3.5902e-07
7.98886e-07
1.73688e-06
3.63545e-06
7.33091e-06
1.29832e-05
2.22714e-05
3.7886e-05
6.35477e-05
0.000101817
0.000154958
0.000224863
0.000307409
0.00040566
0.000517418
0.000639286
0.000767406
0.00089839
0.00102683
0.00114878
0.00125859
0.00135029
0.00140866
0.00141017
0.00131041
0.00107154
0.000744513
0.000473743
0.000274232
0.000144453
7.2998e-05
3.73701e-05
1.95618e-05
1.04529e-05
5.57051e-06
3.02577e-06
1.63905e-06
8.78241e-07
4.6208e-07
2.37347e-07
1.16704e-07
5.63755e-08
2.6941e-08
1.47554e-08
1.01257e-08
7.80867e-09
5.96258e-09
4.29726e-09
2.83384e-09
1.59398e-09
4.68448e-10
1.10127e-22
2.31211e-22
4.36696e-22
7.39334e-22
9.733e-22
1.25508e-21
1.46088e-21
1.72812e-21
2.03768e-21
2.37623e-21
2.72452e-21
3.26952e-21
3.83593e-21
4.4425e-21
4.98803e-21
5.87121e-21
7.52724e-21
1.09195e-20
2.02693e-20
4.82576e-20
1.32743e-19
3.90588e-19
1.17629e-18
3.5553e-18
1.07171e-17
3.21521e-17
9.56235e-17
2.80242e-16
8.11135e-16
2.35228e-15
6.89574e-15
2.00705e-14
5.69085e-14
1.59151e-13
4.34809e-13
1.19353e-12
3.2558e-12
8.42559e-12
2.28438e-11
6.04965e-11
1.53052e-10
3.78606e-10
9.41414e-10
2.29421e-09
5.6531e-09
1.40358e-08
3.2069e-08
7.28529e-08
1.69455e-07
3.83794e-07
8.52876e-07
1.83012e-06
3.78854e-06
7.56946e-06
1.33207e-05
2.27091e-05
3.84179e-05
6.41391e-05
0.000102351
0.000155274
0.000224767
0.00030682
0.000404448
0.000515683
0.00063691
0.000764239
0.000895265
0.00102365
0.00114598
0.0012562
0.00134868
0.00140827
0.00141172
0.00131482
0.00107839
0.000750458
0.000477882
0.000276809
0.000145844
7.36604e-05
3.77012e-05
1.97311e-05
1.05403e-05
5.61805e-06
3.05027e-06
1.65131e-06
8.84081e-07
4.64653e-07
2.38335e-07
1.17101e-07
5.64928e-08
2.70526e-08
1.4902e-08
1.02838e-08
7.94075e-09
6.05895e-09
4.363e-09
2.87535e-09
1.61647e-09
4.74784e-10
9.93379e-23
3.04223e-22
5.46417e-22
8.64076e-22
1.04587e-21
1.30774e-21
1.57631e-21
1.94549e-21
2.32496e-21
2.79988e-21
2.92148e-21
3.2861e-21
3.89339e-21
4.43732e-21
5.21956e-21
6.15104e-21
7.98746e-21
1.23525e-20
2.39598e-20
5.87542e-20
1.64434e-19
4.82119e-19
1.46719e-18
4.39664e-18
1.31973e-17
3.96715e-17
1.17681e-16
3.46163e-16
1.00709e-15
2.88449e-15
8.26652e-15
2.37195e-14
6.67494e-14
1.85912e-13
5.11109e-13
1.3825e-12
3.71332e-12
9.52681e-12
2.56622e-11
6.6971e-11
1.7004e-10
4.23441e-10
1.04114e-09
2.55156e-09
5.98756e-09
1.38001e-08
3.35606e-08
7.89735e-08
1.81548e-07
4.10173e-07
8.98107e-07
1.9072e-06
3.91497e-06
7.76419e-06
1.35742e-05
2.30319e-05
3.88031e-05
6.45309e-05
0.000102632
0.00015526
0.000224258
0.000305628
0.000402568
0.000512884
0.000633548
0.00076083
0.000891271
0.00101998
0.00114238
0.00125319
0.00134633
0.00140728
0.00141296
0.0013193
0.00108567
0.000757001
0.000482592
0.000279863
0.00014757
7.44885e-05
3.81151e-05
1.99426e-05
1.06502e-05
5.67625e-06
3.0808e-06
1.6671e-06
8.9204e-07
4.68506e-07
2.40096e-07
1.17902e-07
5.68308e-08
2.725e-08
1.50653e-08
1.04332e-08
8.06284e-09
6.14952e-09
4.42562e-09
2.91534e-09
1.63835e-09
4.81034e-10
9.68087e-23
3.07141e-22
5.36254e-22
7.58096e-22
9.3895e-22
1.17473e-21
1.50359e-21
1.85536e-21
2.26829e-21
2.67864e-21
3.091e-21
3.70395e-21
4.19244e-21
4.74837e-21
5.67153e-21
6.89307e-21
9.01465e-21
1.4038e-20
2.86178e-20
7.10615e-20
1.97707e-19
5.91e-19
1.76968e-18
5.30914e-18
1.58556e-17
4.71489e-17
1.39315e-16
4.07653e-16
1.19937e-15
3.4683e-15
9.8912e-15
2.77833e-14
7.71914e-14
2.12756e-13
5.77113e-13
1.54504e-12
4.08614e-12
1.05308e-11
2.8698e-11
7.36034e-11
1.8327e-10
4.54373e-10
1.11175e-09
2.63357e-09
6.10926e-09
1.50738e-08
3.61149e-08
8.44834e-08
1.94294e-07
4.33874e-07
9.42046e-07
1.98418e-06
4.03458e-06
7.89241e-06
1.37517e-05
2.32881e-05
3.90683e-05
6.47459e-05
0.000102677
0.000155005
0.000223559
0.000304346
0.000400376
0.000509989
0.000629985
0.000756672
0.000887094
0.00101612
0.00113882
0.00124993
0.00134388
0.00140632
0.00141431
0.0013242
0.00109432
0.0007651
0.000488568
0.000283778
0.00014975
7.55163e-05
3.86204e-05
2.01976e-05
1.0782e-05
5.74442e-06
3.11652e-06
1.6859e-06
9.01772e-07
4.73415e-07
2.42488e-07
1.19027e-07
5.73437e-08
2.7513e-08
1.52395e-08
1.05739e-08
8.17532e-09
6.2335e-09
4.48455e-09
2.95336e-09
1.65936e-09
4.87099e-10
1.01529e-22
3.2834e-22
6.2231e-22
7.73065e-22
9.47658e-22
1.16352e-21
1.34161e-21
1.57353e-21
1.86812e-21
2.21987e-21
2.78091e-21
3.38773e-21
3.9007e-21
4.57557e-21
5.08325e-21
6.1103e-21
8.26089e-21
1.3964e-20
3.08758e-20
8.13227e-20
2.2997e-19
6.90809e-19
2.06457e-18
6.17129e-18
1.82134e-17
5.45571e-17
1.59623e-16
4.66425e-16
1.36624e-15
3.94539e-15
1.12251e-14
3.14715e-14
8.68725e-14
2.39872e-13
6.45069e-13
1.7185e-12
4.52491e-12
1.16519e-11
3.13692e-11
7.94778e-11
1.96713e-10
4.80295e-10
1.15029e-09
2.70548e-09
6.64306e-09
1.62059e-08
3.87285e-08
9.07066e-08
2.0695e-07
4.60304e-07
9.97032e-07
2.09724e-06
4.28792e-06
7.92795e-06
1.38846e-05
2.34709e-05
3.92194e-05
6.47974e-05
0.0001025
0.000154371
0.000222287
0.000302416
0.000398104
0.000507026
0.000626453
0.000752722
0.000882927
0.00101188
0.00113517
0.00124689
0.00134153
0.00140531
0.00141554
0.00132903
0.00110253
0.000772709
0.000494327
0.000287618
0.000151993
7.6596e-05
3.91574e-05
2.04708e-05
1.09248e-05
5.81811e-06
3.15607e-06
1.70677e-06
9.12699e-07
4.79039e-07
2.4533e-07
1.20386e-07
5.79842e-08
2.78225e-08
1.54194e-08
1.07067e-08
8.27965e-09
6.31207e-09
4.54012e-09
2.98945e-09
1.67943e-09
4.92936e-10
7.57053e-23
2.46046e-22
5.71251e-22
7.57539e-22
8.95287e-22
1.16778e-21
1.57086e-21
2.00382e-21
2.25347e-21
2.55812e-21
2.95259e-21
3.42758e-21
3.78081e-21
4.24711e-21
4.87712e-21
6.04336e-21
8.62939e-21
1.53566e-20
3.42922e-20
9.17708e-20
2.64896e-19
7.85515e-19
2.35992e-18
7.03489e-18
2.08706e-17
6.14495e-17
1.79977e-16
5.18273e-16
1.5223e-15
4.3478e-15
1.20686e-14
3.4754e-14
9.63526e-14
2.60914e-13
7.20437e-13
1.89597e-12
4.91494e-12
1.26216e-11
3.31464e-11
8.56306e-11
2.09953e-10
5.08977e-10
1.21424e-09
2.89537e-09
7.09372e-09
1.72305e-08
4.10524e-08
9.5764e-08
2.17544e-07
4.8163e-07
1.0387e-06
2.17563e-06
4.41644e-06
7.92947e-06
1.40018e-05
2.36201e-05
3.93001e-05
6.47474e-05
0.000102206
0.000153771
0.00022117
0.000300713
0.000395493
0.000503895
0.000622858
0.000748802
0.000878909
0.00100772
0.00113133
0.00124384
0.00133866
0.00140381
0.00141631
0.00133332
0.00111046
0.000780627
0.000500233
0.000291718
0.000154397
7.77559e-05
3.97278e-05
2.0759e-05
1.10752e-05
5.89545e-06
3.19777e-06
1.72941e-06
9.24841e-07
4.85419e-07
2.48567e-07
1.21931e-07
5.87212e-08
2.81703e-08
1.56063e-08
1.0834e-08
8.37741e-09
6.38533e-09
4.59203e-09
3.02328e-09
1.69835e-09
4.98485e-10
4.19415e-23
1.40844e-22
4.12797e-22
6.15387e-22
8.7463e-22
1.19575e-21
1.73547e-21
2.1381e-21
2.32184e-21
2.75941e-21
3.21808e-21
3.57504e-21
4.05384e-21
4.5515e-21
5.27884e-21
6.65149e-21
9.00227e-21
1.63468e-20
3.79294e-20
1.0277e-19
2.98119e-19
8.84592e-19
2.64191e-18
7.76989e-18
2.34069e-17
6.82603e-17
1.97735e-16
5.69577e-16
1.6431e-15
4.81647e-15
1.34612e-14
3.81284e-14
1.04975e-13
2.88468e-13
7.7187e-13
2.0277e-12
5.22775e-12
1.33746e-11
3.50354e-11
9.09051e-11
2.236e-10
5.43613e-10
1.28349e-09
3.11779e-09
7.47154e-09
1.81076e-08
4.30304e-08
9.95799e-08
2.24689e-07
4.94338e-07
1.05953e-06
2.20613e-06
4.4495e-06
7.92633e-06
1.41342e-05
2.3734e-05
3.93164e-05
6.46004e-05
0.000101795
0.000152972
0.000220023
0.000298999
0.000393088
0.00050081
0.00061924
0.000744825
0.000874855
0.00100359
0.00112748
0.00124048
0.00133601
0.0014025
0.00141714
0.00133769
0.00111882
0.000789007
0.000506659
0.000296037
0.00015691
7.89658e-05
4.03344e-05
2.10692e-05
1.12377e-05
5.97743e-06
3.24167e-06
1.75302e-06
9.37482e-07
4.921e-07
2.52051e-07
1.2362e-07
5.95394e-08
2.85398e-08
1.57912e-08
1.09533e-08
8.4686e-09
6.45615e-09
4.64336e-09
3.05712e-09
1.71735e-09
5.04064e-10
5.43992e-23
3.02141e-22
4.20742e-22
6.43739e-22
8.5959e-22
1.08492e-21
1.50338e-21
1.84756e-21
2.16359e-21
2.63235e-21
2.99915e-21
3.47954e-21
4.03277e-21
4.75046e-21
5.8011e-21
7.28492e-21
1.0151e-20
1.77306e-20
4.1508e-20
1.11953e-19
3.23677e-19
9.44054e-19
2.89728e-18
8.56377e-18
2.52814e-17
7.39312e-17
2.17271e-16
6.2584e-16
1.80088e-15
5.12624e-15
1.43189e-14
4.09582e-14
1.11011e-13
3.06036e-13
8.13823e-13
2.14038e-12
5.5331e-12
1.389e-11
3.69626e-11
9.6085e-11
2.3328e-10
5.63198e-10
1.34952e-09
3.28561e-09
7.79892e-09
1.88607e-08
4.44781e-08
1.02344e-07
2.29763e-07
5.03053e-07
1.07302e-06
2.22548e-06
4.46524e-06
7.91916e-06
1.42293e-05
2.38146e-05
3.92971e-05
6.44328e-05
0.000101403
0.00015218
0.000218664
0.000297098
0.000390791
0.000497886
0.000615859
0.000741098
0.000870953
0.000999968
0.00112392
0.00123733
0.00133353
0.00140112
0.00141773
0.00134151
0.00112629
0.000797097
0.000512849
0.000300277
0.000159459
8.02112e-05
4.09483e-05
2.13795e-05
1.13995e-05
6.05971e-06
3.2856e-06
1.77661e-06
9.50092e-07
4.98763e-07
2.55514e-07
1.25294e-07
6.03494e-08
2.89085e-08
1.59727e-08
1.10671e-08
8.55451e-09
6.52124e-09
4.69e-09
3.08771e-09
1.73455e-09
5.09139e-10
1.17557e-22
3.21184e-22
5.2134e-22
8.02153e-22
1.01267e-21
1.11072e-21
1.27123e-21
1.484e-21
1.87764e-21
2.4922e-21
3.09835e-21
3.7316e-21
4.39244e-21
4.99565e-21
5.65043e-21
7.0819e-21
1.036e-20
1.92094e-20
4.42671e-20
1.18788e-19
3.52937e-19
1.0449e-18
3.11604e-18
9.19671e-18
2.73594e-17
7.96e-17
2.31714e-16
6.65133e-16
1.90118e-15
5.47535e-15
1.54552e-14
4.31658e-14
1.1699e-13
3.21084e-13
8.43148e-13
2.19244e-12
5.80441e-12
1.45133e-11
3.83277e-11
9.80137e-11
2.47032e-10
5.94313e-10
1.42687e-09
3.36098e-09
8.06322e-09
1.94019e-08
4.55721e-08
1.04466e-07
2.33693e-07
5.09925e-07
1.08387e-06
2.23796e-06
4.4741e-06
7.91156e-06
1.4289e-05
2.38546e-05
3.92276e-05
6.42084e-05
0.000100919
0.000151408
0.000217443
0.000295355
0.000388475
0.00049517
0.000612712
0.000737623
0.000867316
0.00099629
0.00112046
0.00123437
0.00133123
0.00139986
0.00141826
0.00134502
0.00113311
0.000804613
0.000518639
0.000304312
0.000161852
8.13733e-05
4.15212e-05
2.16687e-05
1.155e-05
6.13567e-06
3.32625e-06
1.79849e-06
9.61821e-07
5.04978e-07
2.58756e-07
1.26862e-07
6.11084e-08
2.92483e-08
1.61346e-08
1.1165e-08
8.62779e-09
6.57729e-09
4.7304e-09
3.11431e-09
1.74953e-09
5.13575e-10
9.19911e-23
3.016e-22
5.44301e-22
7.76157e-22
9.68087e-22
1.22285e-21
1.4722e-21
1.6066e-21
1.87984e-21
2.15748e-21
2.52232e-21
3.25308e-21
3.64792e-21
4.08468e-21
5.03703e-21
6.68183e-21
1.02035e-20
1.98714e-20
4.68754e-20
1.27872e-19
3.7375e-19
1.11018e-18
3.31238e-18
9.83213e-18
2.88888e-17
8.4052e-17
2.44753e-16
6.99841e-16
1.97961e-15
5.7109e-15
1.59578e-14
4.46589e-14
1.22977e-13
3.31995e-13
8.83533e-13
2.3276e-12
6.03091e-12
1.56612e-11
4.02186e-11
1.04134e-10
2.54268e-10
6.04366e-10
1.45545e-09
3.43192e-09
8.26828e-09
1.98216e-08
4.64034e-08
1.06036e-07
2.36481e-07
5.14448e-07
1.09069e-06
2.24624e-06
4.47961e-06
7.90332e-06
1.43271e-05
2.38721e-05
3.91439e-05
6.39663e-05
0.00010046
0.000150632
0.000216326
0.000293861
0.000386576
0.000492936
0.000610066
0.000734683
0.000864251
0.000993249
0.00111748
0.00123176
0.00132919
0.00139871
0.0014186
0.00134786
0.00113885
0.000811055
0.000523609
0.000307754
0.00016391
8.23782e-05
4.2017e-05
2.19186e-05
1.16805e-05
6.20154e-06
3.36155e-06
1.81751e-06
9.72042e-07
5.10409e-07
2.61597e-07
1.2824e-07
6.1784e-08
2.95482e-08
1.62748e-08
1.12478e-08
8.68899e-09
6.624e-09
4.76407e-09
3.13649e-09
1.76205e-09
5.17285e-10
5.59741e-23
2.97887e-22
5.29174e-22
6.04007e-22
7.69907e-22
1.03781e-21
1.4248e-21
1.93444e-21
2.1975e-21
2.42552e-21
2.7144e-21
3.15076e-21
3.60702e-21
4.19628e-21
5.29284e-21
6.89717e-21
1.02135e-20
2.0093e-20
4.8863e-20
1.34989e-19
3.94726e-19
1.16455e-18
3.48572e-18
1.02993e-17
3.02722e-17
8.82551e-17
2.54891e-16
7.2742e-16
2.07229e-15
5.93907e-15
1.66354e-14
4.68528e-14
1.27806e-13
3.44246e-13
9.1543e-13
2.41868e-12
6.29332e-12
1.61306e-11
4.11373e-11
1.05071e-10
2.57988e-10
6.20262e-10
1.45713e-09
3.47474e-09
8.43248e-09
2.01452e-08
4.70363e-08
1.07233e-07
2.38617e-07
5.17943e-07
1.09582e-06
2.25217e-06
4.48299e-06
7.89688e-06
1.4349e-05
2.38746e-05
3.90637e-05
6.37766e-05
0.000100115
0.000150075
0.000215509
0.000292669
0.000384985
0.000490939
0.000607821
0.000732246
0.000861724
0.000990702
0.00111502
0.00122963
0.00132753
0.00139776
0.00141882
0.00135004
0.00114333
0.000816159
0.000527561
0.000310499
0.000165556
8.31842e-05
4.24143e-05
2.21183e-05
1.17843e-05
6.25394e-06
3.38966e-06
1.83269e-06
9.80213e-07
5.14762e-07
2.63881e-07
1.2935e-07
6.23267e-08
2.97884e-08
1.63861e-08
1.13124e-08
8.73652e-09
6.66034e-09
4.79031e-09
3.15378e-09
1.77181e-09
5.20185e-10
1.2848e-22
4.45356e-22
7.6451e-22
1.08693e-21
1.19932e-21
1.26302e-21
1.47831e-21
1.87716e-21
1.8834e-21
1.97451e-21
2.24734e-21
2.63623e-21
3.19311e-21
3.79978e-21
4.90373e-21
6.95471e-21
1.09463e-20
2.12033e-20
5.14301e-20
1.4095e-19
4.09138e-19
1.20887e-18
3.58216e-18
1.05337e-17
3.1284e-17
9.11706e-17
2.64482e-16
7.57264e-16
2.1819e-15
6.1347e-15
1.70995e-14
4.71543e-14
1.30589e-13
3.51019e-13
9.43802e-13
2.49465e-12
6.43728e-12
1.62358e-11
4.16557e-11
1.05758e-10
2.59026e-10
6.20082e-10
1.47152e-09
3.51442e-09
8.54963e-09
2.03774e-08
4.74878e-08
1.08086e-07
2.40151e-07
5.20542e-07
1.0995e-06
2.25664e-06
4.48561e-06
7.89269e-06
1.43622e-05
2.38739e-05
3.90053e-05
6.36367e-05
9.98579e-05
0.000149662
0.000214906
0.000291837
0.000383903
0.000489623
0.000606321
0.000730591
0.000860001
0.000988986
0.00111331
0.00122815
0.00132639
0.00139709
0.00141895
0.00135153
0.00114645
0.000819758
0.000530355
0.000312443
0.000166725
8.3758e-05
4.26975e-05
2.22616e-05
1.18588e-05
6.29143e-06
3.40974e-06
1.84352e-06
9.86043e-07
5.17865e-07
2.6551e-07
1.30142e-07
6.27144e-08
2.99593e-08
1.64646e-08
1.13575e-08
8.76949e-09
6.68558e-09
4.80855e-09
3.16581e-09
1.7786e-09
5.22202e-10
6.06313e-23
1.89845e-22
3.69287e-22
6.28835e-22
7.89458e-22
9.64262e-22
1.22163e-21
1.66865e-21
1.83838e-21
2.07796e-21
2.33517e-21
2.71456e-21
3.19411e-21
3.77474e-21
4.66814e-21
6.28397e-21
1.01267e-20
2.07953e-20
5.16961e-20
1.4267e-19
4.14498e-19
1.2246e-18
3.66228e-18
1.0773e-17
3.19096e-17
9.27062e-17
2.68891e-16
7.77682e-16
2.21556e-15
6.2552e-15
1.74722e-14
4.90533e-14
1.32836e-13
3.5681e-13
9.58229e-13
2.4984e-12
6.50885e-12
1.6468e-11
4.32933e-11
1.08857e-10
2.62376e-10
6.2965e-10
1.47182e-09
3.57208e-09
8.6122e-09
2.05183e-08
4.77841e-08
1.08652e-07
2.41156e-07
5.22187e-07
1.10188e-06
2.25955e-06
4.48793e-06
7.89154e-06
1.43724e-05
2.38773e-05
3.89792e-05
6.35692e-05
9.97285e-05
0.000149446
0.00021458
0.000291398
0.000383343
0.000488944
0.000605534
0.000729727
0.000859099
0.00098807
0.00111241
0.00122736
0.00132576
0.00139671
0.001419
0.00135231
0.00114809
0.000821668
0.000531841
0.000313478
0.000167349
8.40648e-05
4.2849e-05
2.23383e-05
1.18988e-05
6.31162e-06
3.42058e-06
1.84938e-06
9.89202e-07
5.19549e-07
2.66394e-07
1.30572e-07
6.29247e-08
3.00518e-08
1.65067e-08
1.13816e-08
8.78711e-09
6.699e-09
4.81822e-09
3.17218e-09
1.7822e-09
5.23274e-10
5.70314e-23
3.04489e-22
5.17929e-22
7.73821e-22
9.21786e-22
1.11275e-21
1.48351e-21
1.96744e-21
2.25084e-21
2.46237e-21
2.95351e-21
3.29763e-21
3.70234e-21
3.90339e-21
4.56036e-21
6.2695e-21
9.99053e-21
2.07668e-20
5.16497e-20
1.44182e-19
4.23487e-19
1.2541e-18
3.72461e-18
1.09897e-17
3.20688e-17
9.45369e-17
2.73074e-16
7.8705e-16
2.26454e-15
6.42511e-15
1.79044e-14
4.90979e-14
1.3554e-13
3.6824e-13
9.74792e-13
2.53919e-12
6.60948e-12
1.65504e-11
4.36305e-11
1.08223e-10
2.66505e-10
6.35157e-10
1.50176e-09
3.5771e-09
8.64835e-09
2.06036e-08
4.79587e-08
1.0899e-07
2.41779e-07
5.23271e-07
1.10363e-06
2.26201e-06
4.49078e-06
7.8936e-06
1.4384e-05
2.38885e-05
3.89835e-05
6.35629e-05
9.97064e-05
0.000149403
0.000214511
0.000291301
0.00038322
0.000488799
0.000605372
0.000729554
0.000858925
0.000987899
0.00111224
0.00122722
0.00132564
0.00139664
0.001419
0.00135243
0.00114834
0.000821961
0.000532066
0.000313635
0.000167443
8.41108e-05
4.28715e-05
2.23495e-05
1.19046e-05
6.31454e-06
3.42214e-06
1.85022e-06
9.89653e-07
5.19788e-07
2.66519e-07
1.30632e-07
6.29538e-08
3.00648e-08
1.65127e-08
1.13851e-08
8.78968e-09
6.70092e-09
4.81958e-09
3.17306e-09
1.78269e-09
5.23417e-10
4.19911e-23
2.52826e-22
6.02278e-22
8.96825e-22
1.09223e-21
1.29329e-21
1.56464e-21
1.95959e-21
2.4157e-21
2.59339e-21
2.64935e-21
2.95231e-21
3.21695e-21
3.89522e-21
4.82563e-21
6.41109e-21
1.03849e-20
2.08309e-20
5.21936e-20
1.45234e-19
4.26325e-19
1.26507e-18
3.76365e-18
1.11543e-17
3.27466e-17
9.5176e-17
2.7175e-16
8.01301e-16
2.27704e-15
6.44377e-15
1.80681e-14
4.99197e-14
1.37269e-13
3.68555e-13
9.83717e-13
2.557e-12
6.65183e-12
1.67437e-11
4.38588e-11
1.0883e-10
2.67854e-10
6.29717e-10
1.51929e-09
3.5874e-09
8.6474e-09
2.06367e-08
4.8028e-08
1.09134e-07
2.42081e-07
5.2389e-07
1.10487e-06
2.26439e-06
4.49513e-06
7.90071e-06
1.44002e-05
2.39141e-05
3.90342e-05
6.36458e-05
9.98323e-05
0.000149585
0.000214764
0.000291636
0.000383645
0.000489311
0.000605959
0.000730199
0.000859598
0.000988571
0.00111289
0.00122779
0.00132609
0.0013969
0.00141895
0.00135184
0.00114712
0.000820554
0.000530973
0.000312873
0.000166983
8.38851e-05
4.276e-05
2.22932e-05
1.18752e-05
6.29973e-06
3.41419e-06
1.84592e-06
9.87332e-07
5.18548e-07
2.65864e-07
1.30314e-07
6.27975e-08
2.99959e-08
1.64816e-08
1.13676e-08
8.77685e-09
6.69106e-09
4.81242e-09
3.16832e-09
1.78e-09
5.22616e-10
5.22623e-23
1.61075e-22
3.34198e-22
5.46308e-22
8.68551e-22
1.13542e-21
1.26228e-21
1.66011e-21
2.109e-21
2.31434e-21
2.55734e-21
2.85659e-21
3.19773e-21
3.97326e-21
4.79275e-21
6.71438e-21
1.06026e-20
2.04758e-20
5.09659e-20
1.42586e-19
4.15742e-19
1.2495e-18
3.70442e-18
1.10659e-17
3.23953e-17
9.3945e-17
2.70841e-16
7.88278e-16
2.24121e-15
6.34143e-15
1.77118e-14
4.88347e-14
1.36741e-13
3.64755e-13
9.47517e-13
2.49953e-12
6.52521e-12
1.62397e-11
4.22387e-11
1.0962e-10
2.60842e-10
6.34969e-10
1.48051e-09
3.59598e-09
8.64253e-09
2.06046e-08
4.79704e-08
1.09053e-07
2.42009e-07
5.23959e-07
1.10547e-06
2.26643e-06
4.5006e-06
7.91268e-06
1.44215e-05
2.39552e-05
3.91324e-05
6.38182e-05
0.000100103
0.000149985
0.000215326
0.000292385
0.000384592
0.00049045
0.00060726
0.000731619
0.000861069
0.000990041
0.00111432
0.00122903
0.00132707
0.00139748
0.00141884
0.00135057
0.00114447
0.000817507
0.000528606
0.000311225
0.000165991
8.3398e-05
4.25195e-05
2.21718e-05
1.18119e-05
6.26788e-06
3.3971e-06
1.83668e-06
9.82346e-07
5.15886e-07
2.64464e-07
1.29631e-07
6.24627e-08
2.9849e-08
1.64148e-08
1.13299e-08
8.74932e-09
6.66991e-09
4.79707e-09
3.15816e-09
1.77425e-09
5.20903e-10
1.60887e-22
3.21925e-22
4.38522e-22
6.43711e-22
8.48717e-22
1.03413e-21
1.26865e-21
1.60746e-21
1.96033e-21
2.26854e-21
2.66956e-21
2.93313e-21
3.39703e-21
4.05623e-21
5.11978e-21
6.96952e-21
1.0783e-20
2.12256e-20
5.11044e-20
1.40826e-19
4.11048e-19
1.22744e-18
3.65325e-18
1.08123e-17
3.17643e-17
9.25585e-17
2.67546e-16
7.69011e-16
2.21651e-15
6.26585e-15
1.75421e-14
4.83597e-14
1.33431e-13
3.58843e-13
9.56636e-13
2.51557e-12
6.48075e-12
1.62386e-11
4.24056e-11
1.0857e-10
2.6252e-10
6.22726e-10
1.4715e-09
3.59095e-09
8.59881e-09
2.05083e-08
4.77988e-08
1.08772e-07
2.4162e-07
5.23593e-07
1.10567e-06
2.26865e-06
4.50822e-06
7.93098e-06
1.44506e-05
2.40159e-05
3.92857e-05
6.40939e-05
0.000100544
0.00015064
0.00021624
0.0002936
0.00038612
0.000492264
0.000609315
0.00073385
0.000863374
0.000992337
0.00111656
0.00123097
0.0013286
0.00139838
0.00141868
0.00134863
0.00114045
0.00081291
0.000525044
0.000308748
0.000164501
8.26683e-05
4.21589e-05
2.19891e-05
1.17168e-05
6.21999e-06
3.3714e-06
1.82279e-06
9.74861e-07
5.11892e-07
2.62363e-07
1.2861e-07
6.19619e-08
2.96286e-08
1.63147e-08
1.1273e-08
8.70776e-09
6.63803e-09
4.77396e-09
3.14288e-09
1.7656e-09
5.18329e-10
7.39092e-23
2.61025e-22
4.64607e-22
6.0375e-22
6.89654e-22
8.38268e-22
1.0951e-21
1.44297e-21
1.72432e-21
2.05991e-21
2.591e-21
3.06563e-21
3.78161e-21
4.6099e-21
5.49621e-21
7.10687e-21
1.08164e-20
2.09053e-20
4.96361e-20
1.35952e-19
3.97055e-19
1.16267e-18
3.52094e-18
1.03274e-17
3.08835e-17
8.9895e-17
2.59907e-16
7.45382e-16
2.14936e-15
6.12255e-15
1.68512e-14
4.7925e-14
1.30125e-13
3.50715e-13
9.36892e-13
2.45312e-12
6.3727e-12
1.61129e-11
4.10917e-11
1.04393e-10
2.59502e-10
6.17347e-10
1.44696e-09
3.54305e-09
8.53061e-09
2.0359e-08
4.75051e-08
1.08244e-07
2.40786e-07
5.22558e-07
1.10506e-06
2.27039e-06
4.51714e-06
7.95481e-06
1.4484e-05
2.40893e-05
3.94806e-05
6.44514e-05
0.000101122
0.000151509
0.000217467
0.000295249
0.000388234
0.00049472
0.000612048
0.000736795
0.000866408
0.000995359
0.00111946
0.00123352
0.00133057
0.00139951
0.00141843
0.00134607
0.0011352
0.000806974
0.00052045
0.000305557
0.000162587
8.17318e-05
4.16949e-05
2.17555e-05
1.15952e-05
6.15872e-06
3.33852e-06
1.80504e-06
9.65292e-07
5.06787e-07
2.59679e-07
1.27305e-07
6.13227e-08
2.93469e-08
1.61861e-08
1.11993e-08
8.6536e-09
6.59645e-09
4.74383e-09
3.12297e-09
1.75433e-09
5.14977e-10
7.78862e-23
2.26172e-22
4.91619e-22
6.34223e-22
8.08332e-22
1.08783e-21
1.52957e-21
1.64427e-21
1.87671e-21
2.18792e-21
2.65684e-21
3.24444e-21
3.84342e-21
4.38194e-21
4.93294e-21
6.47729e-21
1.02598e-20
1.98462e-20
4.76253e-20
1.287e-19
3.80251e-19
1.12264e-18
3.34377e-18
9.93191e-18
2.93515e-17
8.57307e-17
2.49788e-16
7.17653e-16
2.0737e-15
5.84028e-15
1.62913e-14
4.57214e-14
1.25364e-13
3.38624e-13
8.84259e-13
2.36124e-12
6.12095e-12
1.55695e-11
4.02513e-11
1.03976e-10
2.50491e-10
6.18113e-10
1.45148e-09
3.48525e-09
8.39639e-09
2.01167e-08
4.70611e-08
1.07444e-07
2.39486e-07
5.20715e-07
1.10333e-06
2.27113e-06
4.52672e-06
7.98308e-06
1.45126e-05
2.41695e-05
3.97071e-05
6.48717e-05
0.000101806
0.000152534
0.000218898
0.000297131
0.000390551
0.000497497
0.000615237
0.000740275
0.000870022
0.000998896
0.0011228
0.00123638
0.00133281
0.00140077
0.00141803
0.0013429
0.00112885
0.000799909
0.000515
0.000301782
0.000160332
8.06335e-05
4.11551e-05
2.14829e-05
1.14526e-05
6.08665e-06
3.29965e-06
1.78405e-06
9.53988e-07
5.00764e-07
2.56516e-07
1.2577e-07
6.05716e-08
2.90142e-08
1.60321e-08
1.111e-08
8.58805e-09
6.54627e-09
4.70751e-09
3.09898e-09
1.74077e-09
5.10945e-10
1.19308e-22
2.90994e-22
4.07396e-22
5.90607e-22
7.5696e-22
1.01391e-21
1.42013e-21
1.64069e-21
1.95122e-21
2.39941e-21
2.7406e-21
3.22382e-21
3.70378e-21
4.25183e-21
5.14849e-21
6.74839e-21
1.00717e-20
1.93345e-20
4.5454e-20
1.22159e-19
3.53347e-19
1.04367e-18
3.15928e-18
9.37069e-18
2.76857e-17
8.08111e-17
2.38905e-16
6.9028e-16
1.97737e-15
5.58543e-15
1.5946e-14
4.40574e-14
1.20096e-13
3.25043e-13
8.67231e-13
2.28559e-12
5.97497e-12
1.5181e-11
3.94498e-11
1.0187e-10
2.47701e-10
6.02811e-10
1.43558e-09
3.41038e-09
8.23587e-09
1.978e-08
4.64123e-08
1.06285e-07
2.37429e-07
5.17755e-07
1.09965e-06
2.26893e-06
4.53247e-06
8.00872e-06
1.45274e-05
2.42319e-05
3.99269e-05
6.53072e-05
0.000102535
0.000153642
0.000220456
0.000299183
0.000393082
0.000500576
0.000618715
0.000743987
0.000873716
0.00100254
0.00112632
0.00123948
0.00133523
0.00140209
0.00141744
0.00133913
0.00112155
0.000791962
0.000508901
0.00029757
0.000157825
7.94152e-05
4.05539e-05
2.11787e-05
1.12929e-05
6.00594e-06
3.25671e-06
1.76083e-06
9.4148e-07
4.94101e-07
2.53021e-07
1.24073e-07
5.9743e-08
2.8646e-08
1.58615e-08
1.10097e-08
8.51326e-09
6.48878e-09
4.66588e-09
3.07148e-09
1.72522e-09
5.06332e-10
1.04134e-22
2.64408e-22
4.2048e-22
5.44638e-22
7.56308e-22
9.90097e-22
1.35217e-21
1.6576e-21
1.949e-21
2.24372e-21
2.51627e-21
2.93625e-21
3.44161e-21
3.94144e-21
4.8702e-21
6.64662e-21
1.01418e-20
1.82342e-20
4.24431e-20
1.13977e-19
3.29643e-19
9.84578e-19
2.93883e-18
8.74129e-18
2.59026e-17
7.62771e-17
2.22665e-16
6.43125e-16
1.87966e-15
5.31389e-15
1.49117e-14
4.12814e-14
1.14536e-13
3.10702e-13
8.33887e-13
2.19191e-12
5.63986e-12
1.41633e-11
3.75918e-11
9.64713e-11
2.40437e-10
5.81453e-10
1.36671e-09
3.31508e-09
8.01874e-09
1.93356e-08
4.55233e-08
1.04613e-07
2.34569e-07
5.12873e-07
1.09365e-06
2.26366e-06
4.53578e-06
8.03517e-06
1.4526e-05
2.42811e-05
4.01532e-05
6.57564e-05
0.000103298
0.000154829
0.000222161
0.000301463
0.000395962
0.000503988
0.000622577
0.000748192
0.000878122
0.00100668
0.00113032
0.00124287
0.00133788
0.00140353
0.00141681
0.00133507
0.00111353
0.000783616
0.000502468
0.000293116
0.000155174
7.81278e-05
3.9916e-05
2.08556e-05
1.11257e-05
5.92144e-06
3.21107e-06
1.73609e-06
9.28206e-07
4.87054e-07
2.49336e-07
1.22288e-07
5.88694e-08
2.82549e-08
1.56756e-08
1.08977e-08
8.42971e-09
6.4248e-09
4.61967e-09
3.041e-09
1.70802e-09
5.01235e-10
1.04687e-22
1.98718e-22
3.78512e-22
5.62441e-22
7.1387e-22
9.03742e-22
1.15254e-21
1.46099e-21
1.76126e-21
2.26055e-21
2.68507e-21
2.97012e-21
3.27314e-21
3.96211e-21
4.79332e-21
6.2833e-21
9.15361e-21
1.67544e-20
3.85732e-20
1.0372e-19
2.99525e-19
8.86911e-19
2.65627e-18
7.88867e-18
2.37188e-17
6.97382e-17
2.03786e-16
5.92831e-16
1.69235e-15
4.78351e-15
1.36407e-14
3.88169e-14
1.0575e-13
2.95132e-13
7.87036e-13
2.08291e-12
5.44498e-12
1.35827e-11
3.60604e-11
9.31329e-11
2.27555e-10
5.54236e-10
1.30302e-09
3.19005e-09
7.72855e-09
1.86757e-08
4.42807e-08
1.02306e-07
2.30488e-07
5.0619e-07
1.08337e-06
2.25342e-06
4.53565e-06
8.06678e-06
1.44871e-05
2.42961e-05
4.03595e-05
6.62841e-05
0.000104262
0.000156333
0.000224271
0.000304193
0.000399183
0.000507646
0.000626579
0.000752399
0.000882294
0.00101086
0.0011341
0.00124597
0.00134101
0.0014052
0.00141604
0.00133039
0.00110488
0.000774992
0.000495822
0.000288482
0.00015242
7.6796e-05
3.92601e-05
2.05246e-05
1.09532e-05
5.83451e-06
3.16476e-06
1.71134e-06
9.1491e-07
4.80001e-07
2.45658e-07
1.20511e-07
5.80127e-08
2.78631e-08
1.54833e-08
1.07771e-08
8.33831e-09
6.35521e-09
4.56961e-09
3.00806e-09
1.68947e-09
4.95755e-10
1.21697e-22
2.54833e-22
4.47376e-22
5.22771e-22
6.75706e-22
9.70871e-22
1.24023e-21
1.57078e-21
1.84409e-21
2.29908e-21
2.62815e-21
3.01922e-21
3.499e-21
4.101e-21
4.75769e-21
6.04743e-21
8.66174e-21
1.6144e-20
3.61722e-20
9.51069e-20
2.71507e-19
7.99157e-19
2.37165e-18
7.08765e-18
2.08656e-17
6.22371e-17
1.83326e-16
5.31717e-16
1.53488e-15
4.33094e-15
1.25618e-14
3.54143e-14
9.99908e-14
2.72618e-13
7.31404e-13
1.98645e-12
5.13652e-12
1.31831e-11
3.44811e-11
8.85548e-11
2.17521e-10
5.31333e-10
1.26495e-09
3.02203e-09
7.36099e-09
1.78798e-08
4.25239e-08
9.91022e-08
2.24774e-07
4.96714e-07
1.0687e-06
2.23446e-06
4.52458e-06
8.09222e-06
1.43939e-05
2.42338e-05
4.04269e-05
6.65209e-05
0.000104752
0.000157192
0.000225566
0.000306045
0.000401879
0.000511008
0.000630465
0.000756624
0.000886642
0.00101513
0.00113796
0.00124949
0.00134363
0.00140645
0.001415
0.00132561
0.00109593
0.000766299
0.000489264
0.000284135
0.000149896
7.55845e-05
3.86513e-05
2.02129e-05
1.079e-05
5.75185e-06
3.12028e-06
1.68738e-06
9.02068e-07
4.73207e-07
2.42111e-07
1.18792e-07
5.71806e-08
2.74863e-08
1.52947e-08
1.06554e-08
8.2451e-09
6.28266e-09
4.51693e-09
2.97329e-09
1.66992e-09
4.9001e-10
3.39018e-23
1.25436e-22
2.88245e-22
4.53806e-22
6.76693e-22
8.99267e-22
1.25947e-21
1.52905e-21
1.83715e-21
2.05288e-21
2.53754e-21
2.95096e-21
3.35828e-21
3.88043e-21
4.44975e-21
5.5651e-21
8.28533e-21
1.42876e-20
3.18967e-20
8.33678e-20
2.38287e-19
7.05471e-19
2.11572e-18
6.31917e-18
1.87644e-17
5.54901e-17
1.63417e-16
4.78572e-16
1.39546e-15
3.95748e-15
1.14403e-14
3.25245e-14
9.0408e-14
2.50535e-13
6.66189e-13
1.81199e-12
4.77524e-12
1.22476e-11
3.24146e-11
8.28492e-11
2.05685e-10
5.03297e-10
1.20358e-09
2.82113e-09
6.9304e-09
1.69336e-08
4.05435e-08
9.49754e-08
2.16753e-07
4.82104e-07
1.04438e-06
2.19712e-06
4.4823e-06
8.10472e-06
1.42476e-05
2.41078e-05
4.04045e-05
6.66599e-05
0.000105175
0.000158011
0.000226967
0.000308215
0.000404813
0.000514415
0.000634276
0.000760711
0.000890787
0.00101959
0.00114213
0.00125291
0.00134637
0.00140772
0.00141406
0.00132129
0.00108824
0.000758956
0.0004837
0.000280245
0.000147612
7.44866e-05
3.81089e-05
1.99367e-05
1.0643e-05
5.67559e-06
3.07903e-06
1.66503e-06
8.90127e-07
4.6695e-07
2.38942e-07
1.17281e-07
5.64603e-08
2.71457e-08
1.51115e-08
1.05302e-08
8.14878e-09
6.21037e-09
4.46561e-09
2.9398e-09
1.65117e-09
4.8451e-10
1.18645e-22
3.10508e-22
4.52993e-22
6.41282e-22
9.82297e-22
1.46908e-21
1.67033e-21
1.89355e-21
2.22684e-21
2.49543e-21
2.73612e-21
3.24358e-21
3.66615e-21
4.23135e-21
5.10264e-21
6.06249e-21
8.19181e-21
1.33796e-20
2.8207e-20
7.14405e-20
2.01744e-19
6.0578e-19
1.80428e-18
5.46284e-18
1.6117e-17
4.8423e-17
1.42136e-16
4.12122e-16
1.2233e-15
3.53022e-15
1.01663e-14
2.8749e-14
8.10919e-14
2.23131e-13
6.0521e-13
1.6305e-12
4.30674e-12
1.12848e-11
2.93316e-11
7.6019e-11
1.9086e-10
4.70483e-10
1.16741e-09
2.75241e-09
6.39331e-09
1.57688e-08
3.78057e-08
8.84993e-08
2.03739e-07
4.55516e-07
9.90071e-07
2.08408e-06
4.21733e-06
8.14014e-06
1.41507e-05
2.39468e-05
4.02825e-05
6.66614e-05
0.000105426
0.000158713
0.000228368
0.000310216
0.000407212
0.000517533
0.000638014
0.000764978
0.00089508
0.00102343
0.00114556
0.00125592
0.00134853
0.00140859
0.0014127
0.00131644
0.00108025
0.000751673
0.000478257
0.000276617
0.000145519
7.34866e-05
3.76122e-05
1.96843e-05
1.05122e-05
5.60825e-06
3.04323e-06
1.64601e-06
8.80118e-07
4.61783e-07
2.36327e-07
1.16028e-07
5.58695e-08
2.68572e-08
1.49412e-08
1.04033e-08
8.04872e-09
6.13493e-09
4.41222e-09
2.90509e-09
1.63187e-09
4.78895e-10
5.13454e-23
1.82896e-22
3.56136e-22
7.25297e-22
1.01967e-21
1.15554e-21
1.32173e-21
1.61099e-21
2.05116e-21
2.3396e-21
2.64439e-21
3.06606e-21
3.50061e-21
4.17554e-21
5.07636e-21
6.34601e-21
8.24795e-21
1.26222e-20
2.48535e-20
6.03328e-20
1.68837e-19
5.00623e-19
1.51478e-18
4.56589e-18
1.37156e-17
4.09214e-17
1.21072e-16
3.55055e-16
1.03193e-15
2.94987e-15
8.77668e-15
2.4922e-14
6.96082e-14
1.94984e-13
5.35296e-13
1.4443e-12
3.85773e-12
1.02407e-11
2.69866e-11
7.00032e-11
1.77358e-10
4.37482e-10
1.07931e-09
2.67683e-09
6.25922e-09
1.44199e-08
3.50761e-08
8.25216e-08
1.89607e-07
4.28141e-07
9.36454e-07
1.98421e-06
4.05902e-06
8.01365e-06
1.39826e-05
2.37002e-05
4.0024e-05
6.64472e-05
0.000105371
0.000158951
0.000228987
0.000311337
0.000409009
0.000520095
0.000641237
0.000768341
0.000898909
0.00102683
0.0011487
0.00125854
0.00135042
0.00140922
0.00141124
0.00131172
0.0010722
0.000744331
0.00047291
0.000273206
0.000143619
7.2591e-05
3.71698e-05
1.94603e-05
1.03961e-05
5.54782e-06
3.01135e-06
1.62929e-06
8.71502e-07
4.57462e-07
2.34239e-07
1.15046e-07
5.54245e-08
2.66242e-08
1.47812e-08
1.02713e-08
7.94284e-09
6.05602e-09
4.35677e-09
2.86928e-09
1.61208e-09
4.73188e-10
4.89018e-23
1.71248e-22
3.88411e-22
6.69213e-22
1.00189e-21
1.258e-21
1.46978e-21
1.76251e-21
2.03082e-21
2.31992e-21
2.6781e-21
3.03119e-21
3.54838e-21
4.32475e-21
5.13984e-21
6.49227e-21
7.9311e-21
1.14717e-20
2.12856e-20
5.07796e-20
1.37463e-19
4.00544e-19
1.20934e-18
3.65234e-18
1.11856e-17
3.30316e-17
9.99257e-17
2.92645e-16
8.55569e-16
2.53112e-15
7.37395e-15
2.11041e-14
5.86154e-14
1.67128e-13
4.59527e-13
1.26785e-12
3.37729e-12
9.20044e-12
2.43707e-11
6.27413e-11
1.59611e-10
3.99371e-10
9.79346e-10
2.41366e-09
5.98683e-09
1.44694e-08
3.31482e-08
7.60218e-08
1.76704e-07
3.99631e-07
8.86243e-07
1.89897e-06
3.9249e-06
7.82815e-06
1.37468e-05
2.3384e-05
3.96226e-05
6.60157e-05
0.000105023
0.000158835
0.000229272
0.000312159
0.000410565
0.000522213
0.000643618
0.000771193
0.000901739
0.00102969
0.00115137
0.00126084
0.0013521
0.00140971
0.00140976
0.00130745
0.00106561
0.000738578
0.000468808
0.00027055
0.000142143
7.18876e-05
3.68181e-05
1.92804e-05
1.03028e-05
5.49794e-06
2.98526e-06
1.61587e-06
8.64811e-07
4.54277e-07
2.32824e-07
1.14408e-07
5.51635e-08
2.64615e-08
1.46343e-08
1.01323e-08
7.82853e-09
5.97098e-09
4.29818e-09
2.83194e-09
1.59168e-09
4.67377e-10
6.83902e-23
2.1727e-22
4.22837e-22
6.00843e-22
8.13232e-22
1.07447e-21
1.42171e-21
1.79068e-21
2.18727e-21
2.52011e-21
2.91803e-21
3.30632e-21
3.69652e-21
4.20481e-21
4.80178e-21
5.71759e-21
6.97828e-21
1.0048e-20
1.74623e-20
3.9134e-20
1.03983e-19
3.09815e-19
9.16797e-19
2.84379e-18
8.74255e-18
2.63837e-17
7.91457e-17
2.35628e-16
6.96191e-16
2.04371e-15
6.00269e-15
1.73995e-14
4.93856e-14
1.40564e-13
3.90587e-13
1.07084e-12
2.92378e-12
7.80628e-12
2.1564e-11
5.60663e-11
1.42483e-10
3.52407e-10
8.80403e-10
2.10418e-09
5.28173e-09
1.31877e-08
3.20833e-08
7.02051e-08
1.6453e-07
3.75937e-07
8.39003e-07
1.81157e-06
3.77548e-06
7.59184e-06
1.34099e-05
2.2931e-05
3.90536e-05
6.5356e-05
0.000104371
0.000158336
0.000229104
0.000312401
0.00041127
0.000523405
0.000645388
0.000773342
0.000904148
0.00103244
0.00115368
0.00126272
0.0013532
0.00140977
0.00140815
0.0013034
0.00105963
0.000733544
0.00046533
0.000268434
0.000141027
7.1357e-05
3.65523e-05
1.91443e-05
1.02328e-05
5.45913e-06
2.96544e-06
1.60613e-06
8.6032e-07
4.52414e-07
2.32203e-07
1.14183e-07
5.51261e-08
2.63859e-08
1.45051e-08
9.98599e-09
7.70569e-09
5.88171e-09
4.23736e-09
2.79358e-09
1.57094e-09
4.61548e-10
6.08471e-23
1.85312e-22
3.55683e-22
6.29665e-22
9.46562e-22
1.27619e-21
1.47849e-21
1.68126e-21
2.02625e-21
2.47392e-21
3.00072e-21
3.65637e-21
4.15701e-21
4.40857e-21
4.60767e-21
5.02287e-21
5.95051e-21
7.96739e-21
1.36272e-20
2.93838e-20
7.83155e-20
2.29333e-19
6.96546e-19
2.14367e-18
6.62306e-18
2.0128e-17
6.07598e-17
1.85119e-16
5.51886e-16
1.61794e-15
4.84645e-15
1.40133e-14
4.00919e-14
1.1497e-13
3.25572e-13
8.88482e-13
2.46664e-12
6.68195e-12
1.8052e-11
4.8366e-11
1.23679e-10
3.12033e-10
7.73371e-10
1.93078e-09
4.72395e-09
1.19957e-08
3.04618e-08
6.86185e-08
1.51731e-07
3.44901e-07
7.74133e-07
1.70455e-06
3.59186e-06
7.27835e-06
1.2905e-05
2.23281e-05
3.84549e-05
6.46408e-05
0.000103561
0.000157532
0.000228551
0.000312226
0.000411609
0.000524325
0.000646877
0.000775322
0.00090671
0.00103485
0.00115615
0.00126457
0.00135413
0.0014096
0.00140633
0.0012994
0.00105409
0.000728998
0.000462312
0.000266726
0.000140199
7.09663e-05
3.63571e-05
1.90448e-05
1.01831e-05
5.43015e-06
2.95146e-06
1.59998e-06
8.5806e-07
4.51941e-07
2.3244e-07
1.14422e-07
5.53472e-08
2.64147e-08
1.43994e-08
9.83242e-09
7.57389e-09
5.78698e-09
4.17405e-09
2.7543e-09
1.55001e-09
4.55773e-10
1.14334e-22
4.57721e-22
8.10678e-22
1.1091e-21
1.25797e-21
1.58207e-21
1.85696e-21
2.07999e-21
2.29381e-21
2.41857e-21
2.66982e-21
2.99444e-21
3.541e-21
4.01453e-21
4.62328e-21
5.07231e-21
5.81042e-21
7.23686e-21
1.12141e-20
2.20238e-20
5.5736e-20
1.62142e-19
4.96087e-19
1.54293e-18
4.80546e-18
1.48837e-17
4.57834e-17
1.40111e-16
4.22749e-16
1.2609e-15
3.7208e-15
1.09104e-14
3.15209e-14
9.2593e-14
2.64058e-13
7.18751e-13
2.07905e-12
5.66901e-12
1.53468e-11
4.00842e-11
1.05662e-10
2.66229e-10
6.64996e-10
1.6797e-09
4.13636e-09
1.07111e-08
2.66885e-08
6.59357e-08
1.45246e-07
3.13324e-07
7.12488e-07
1.57183e-06
3.37996e-06
6.94107e-06
1.24437e-05
2.16009e-05
3.75022e-05
6.35688e-05
0.000102448
0.000156467
0.000227754
0.000311854
0.000411823
0.000525205
0.000648376
0.000777526
0.000909214
0.00103771
0.00115852
0.0012664
0.00135498
0.00140907
0.00140371
0.00129393
0.00104681
0.000723627
0.000459167
0.00026515
0.000139526
7.06623e-05
3.6209e-05
1.8971e-05
1.01483e-05
5.40886e-06
2.94238e-06
1.59703e-06
8.57914e-07
4.52842e-07
2.33553e-07
1.15162e-07
5.58568e-08
2.65691e-08
1.43274e-08
9.67301e-09
7.43106e-09
5.686e-09
4.10861e-09
2.71474e-09
1.5294e-09
4.50238e-10
1.38856e-22
5.17431e-22
9.36594e-22
1.24938e-21
1.65891e-21
1.84579e-21
2.08566e-21
2.24909e-21
2.52904e-21
2.88518e-21
3.2557e-21
3.76075e-21
4.21817e-21
4.4806e-21
4.78043e-21
5.23044e-21
5.89867e-21
6.97143e-21
9.81832e-21
1.77242e-20
4.25492e-20
1.19999e-19
3.64838e-19
1.12074e-18
3.58547e-18
1.11034e-17
3.4275e-17
1.04298e-16
3.18498e-16
9.50954e-16
2.8268e-15
8.5651e-15
2.49693e-14
7.31925e-14
2.09495e-13
5.92105e-13
1.65613e-12
4.55931e-12
1.25016e-11
3.36059e-11
8.751e-11
2.24812e-10
5.65631e-10
1.42386e-09
3.62032e-09
9.33376e-09
2.36477e-08
5.76586e-08
1.38614e-07
3.03118e-07
6.48403e-07
1.4405e-06
3.09786e-06
6.30552e-06
1.20809e-05
2.09125e-05
3.64298e-05
6.21614e-05
0.000100877
0.000154948
0.000226545
0.000311143
0.00041188
0.000526244
0.000650617
0.000780555
0.000912375
0.0010412
0.00116149
0.0012686
0.0013559
0.00140834
0.00140044
0.00128723
0.00103736
0.000720443
0.000456872
0.000263942
0.000139033
7.04245e-05
3.60886e-05
1.89101e-05
1.01209e-05
5.39227e-06
2.93675e-06
1.59663e-06
8.59575e-07
4.54957e-07
2.35449e-07
1.16452e-07
5.66935e-08
2.68966e-08
1.4316e-08
9.52102e-09
7.28384e-09
5.58493e-09
4.04531e-09
2.67765e-09
1.51062e-09
4.45389e-10
1.93321e-22
6.36869e-22
1.11265e-21
1.61621e-21
1.88829e-21
1.86082e-21
1.98882e-21
2.21233e-21
2.60315e-21
2.98259e-21
3.30336e-21
3.64028e-21
3.85704e-21
4.00302e-21
4.16266e-21
4.52532e-21
5.0371e-21
6.08732e-21
8.28068e-21
1.44553e-20
3.28777e-20
9.05248e-20
2.73602e-19
8.53789e-19
2.68065e-18
8.36863e-18
2.59224e-17
7.95696e-17
2.42072e-16
7.31331e-16
2.19007e-15
6.58702e-15
1.9447e-14
5.68105e-14
1.64541e-13
4.68625e-13
1.31997e-12
3.60178e-12
1.01517e-11
2.77679e-11
7.26529e-11
1.88448e-10
4.77614e-10
1.21099e-09
3.04436e-09
7.91374e-09
2.03471e-08
5.07328e-08
1.21415e-07
2.79632e-07
5.69534e-07
1.27019e-06
2.71285e-06
5.66216e-06
1.11031e-05
2.03441e-05
3.54413e-05
6.07393e-05
9.92711e-05
0.000153441
0.000225448
0.000310741
0.000412396
0.000527692
0.000653056
0.000783941
0.00091628
0.00104525
0.00116521
0.00127152
0.00135741
0.00140775
0.0013967
0.00127939
0.00102698
0.000713253
0.000452548
0.000261745
0.0001381
7.00086e-05
3.58938e-05
1.8817e-05
1.00795e-05
5.37469e-06
2.93325e-06
1.5985e-06
8.62867e-07
4.57907e-07
2.37221e-07
1.19169e-07
5.81916e-08
2.75121e-08
1.44199e-08
9.40709e-09
7.15324e-09
5.49665e-09
3.99245e-09
2.64816e-09
1.49638e-09
4.42022e-10
8.95345e-23
3.07124e-22
6.15593e-22
8.94519e-22
1.15438e-21
1.33321e-21
1.56517e-21
1.8574e-21
1.99903e-21
2.23591e-21
2.45278e-21
2.64776e-21
2.92714e-21
3.24876e-21
3.61942e-21
4.05058e-21
4.69135e-21
5.79059e-21
8.12905e-21
1.4268e-20
3.12384e-20
8.22775e-20
2.3764e-19
7.05167e-19
2.20111e-18
6.69179e-18
2.03417e-17
6.27617e-17
1.89416e-16
5.70981e-16
1.71703e-15
5.11049e-15
1.47405e-14
4.38739e-14
1.28031e-13
3.71991e-13
1.05535e-12
2.93905e-12
8.14798e-12
2.21725e-11
5.94686e-11
1.51891e-10
3.89163e-10
9.88537e-10
2.54114e-09
6.50689e-09
1.66819e-08
4.16345e-08
1.0045e-07
2.34135e-07
5.41912e-07
1.1164e-06
2.42695e-06
5.09025e-06
1.01304e-05
1.94553e-05
3.42949e-05
5.91709e-05
9.74765e-05
0.000151545
0.000223961
0.00031003
0.000412936
0.000529949
0.00065677
0.000788965
0.000922739
0.00105141
0.0011703
0.00127521
0.00135928
0.0014073
0.00139263
0.00127055
0.0010152
0.000703335
0.000446461
0.000258498
0.000136614
6.93634e-05
3.55952e-05
1.8665e-05
9.97666e-06
5.4014e-06
2.94779e-06
1.60805e-06
8.69655e-07
4.62697e-07
2.40519e-07
1.21491e-07
5.96237e-08
2.8185e-08
1.45721e-08
9.31913e-09
7.03668e-09
5.4203e-09
3.95083e-09
2.62723e-09
1.48727e-09
4.40248e-10
8.40877e-23
1.85591e-22
2.65525e-22
3.42692e-22
4.07549e-22
4.82704e-22
5.64591e-22
6.76951e-22
8.11524e-22
9.95684e-22
1.29144e-21
1.58589e-21
1.88186e-21
2.23919e-21
2.6617e-21
3.16587e-21
3.83186e-21
5.0474e-21
7.53636e-21
1.39162e-20
3.12039e-20
8.07094e-20
2.25016e-19
6.51002e-19
1.93066e-18
5.74133e-18
1.70709e-17
5.08418e-17
1.50577e-16
4.44771e-16
1.31241e-15
3.88197e-15
1.12946e-14
3.29191e-14
9.64693e-14
2.73563e-13
7.91519e-13
2.23245e-12
6.15977e-12
1.73974e-11
4.6213e-11
1.19363e-10
3.06534e-10
7.65724e-10
1.86225e-09
4.82598e-09
1.2576e-08
3.21573e-08
8.00566e-08
1.94797e-07
4.53945e-07
1.03728e-06
2.10432e-06
4.42402e-06
9.13208e-06
1.76729e-05
3.20136e-05
5.64306e-05
9.44386e-05
0.000149331
0.000222627
0.000309832
0.000414165
0.000532688
0.000661105
0.000794767
0.000929267
0.00105751
0.00117585
0.00127995
0.00136179
0.00140736
0.00138916
0.00126288
0.00100522
0.000695703
0.000441551
0.000255773
0.000135322
6.87968e-05
3.53381e-05
1.85464e-05
9.92315e-06
5.38562e-06
2.94571e-06
1.61053e-06
8.7314e-07
4.65919e-07
2.43008e-07
1.23194e-07
6.06806e-08
2.87072e-08
1.47128e-08
9.27265e-09
6.96785e-09
5.37889e-09
3.93486e-09
2.62469e-09
1.48863e-09
4.41776e-10
)
;

boundaryField
{
    fuel
    {
        type            fixedValue;
        value           uniform 0;
    }
    air
    {
        type            fixedValue;
        value           uniform 0;
    }
    outlet
    {
        type            inletOutlet;
        inletValue      uniform 0;
        value           nonuniform List<scalar> 
200
(
0
0
0
0
0
0
0
0
0
0
1.24267e-21
1.55213e-21
1.88152e-21
2.20049e-21
2.58964e-21
3.06845e-21
3.64609e-21
4.66939e-21
7.00736e-21
1.29379e-20
2.90632e-20
7.41738e-20
2.16127e-19
6.23938e-19
1.84977e-18
5.49639e-18
1.61724e-17
4.90608e-17
1.45087e-16
4.29093e-16
1.26898e-15
3.74723e-15
1.09484e-14
3.17898e-14
9.18386e-14
2.56456e-13
7.267e-13
2.08932e-12
5.85951e-12
1.62704e-11
4.36314e-11
1.14827e-10
2.95678e-10
7.43445e-10
1.82313e-09
4.6822e-09
1.22348e-08
3.14861e-08
7.88946e-08
1.90945e-07
4.44426e-07
1.00872e-06
2.05313e-06
4.34839e-06
8.90371e-06
1.7297e-05
3.14051e-05
5.55273e-05
9.30176e-05
0.000147292
0.000220057
0.000306926
0.00041109
0.00052964
0.000658326
0.0007922
0.000927025
0.00105561
0.00117427
0.00127868
0.00136127
0.0014077
0.00139094
0.00126684
0.0010115
0.000701557
0.000446015
0.000258856
0.000137157
6.96806e-05
3.57802e-05
1.87713e-05
1.00402e-05
5.44906e-06
2.98111e-06
1.63053e-06
8.84434e-07
4.72201e-07
2.46457e-07
1.25037e-07
6.16318e-08
2.91545e-08
1.49136e-08
9.36938e-09
7.03224e-09
5.43e-09
3.97402e-09
2.65179e-09
1.50444e-09
4.46594e-10
0
0
0
0
0
0
0
0
0
0
1.29144e-21
1.58589e-21
1.88186e-21
2.23919e-21
2.6617e-21
3.16587e-21
3.83186e-21
5.0474e-21
7.53636e-21
1.39162e-20
3.12039e-20
8.07094e-20
2.25016e-19
6.51002e-19
1.93066e-18
5.74133e-18
1.70709e-17
5.08418e-17
1.50577e-16
4.44771e-16
1.31241e-15
3.88197e-15
1.12946e-14
3.29191e-14
9.64693e-14
2.73563e-13
7.91519e-13
2.23245e-12
6.15977e-12
1.73974e-11
4.6213e-11
1.19363e-10
3.06534e-10
7.65724e-10
1.86225e-09
4.82598e-09
1.2576e-08
3.21573e-08
8.00566e-08
1.94797e-07
4.53945e-07
1.03728e-06
2.10432e-06
4.42402e-06
9.13208e-06
1.76729e-05
3.20136e-05
5.64306e-05
9.44386e-05
0.000149331
0.000222627
0.000309832
0.000414165
0.000532688
0.000661105
0.000794767
0.000929267
0.00105751
0.00117585
0.00127995
0.00136179
0.00140736
0.00138916
0.00126288
0.00100522
0.000695703
0.000441551
0.000255773
0.000135322
6.87968e-05
3.53381e-05
1.85464e-05
9.92315e-06
5.38562e-06
2.94571e-06
1.61053e-06
8.7314e-07
4.65919e-07
2.43008e-07
1.23194e-07
6.06806e-08
2.87072e-08
1.47128e-08
9.27265e-09
6.96785e-09
5.37889e-09
3.93486e-09
2.62469e-09
1.48863e-09
4.41776e-10
)
;
    }
    frontAndBack
    {
        type            empty;
    }
    internal
    {
        type            internal;
    }
}


// ************************************************************************* //
