/*--------------------------------*- C++ -*----------------------------------*\
  =========                 |
  \\      /  F ield         | OpenFOAM: The Open Source CFD Toolbox
   \\    /   O peration     | Website:  https://openfoam.org
    \\  /    A nd           | Version:  10
     \\/     M anipulation  |
\*---------------------------------------------------------------------------*/
FoamFile
{
    format      ascii;
    class       volScalarField;
    location    "1";
    object      C5H9;
}
// * * * * * * * * * * * * * * * * * * * * * * * * * * * * * * * * * * * * * //

dimensions      [0 0 0 0 0 0 0];

internalField   nonuniform List<scalar> 
4000
(
1.76758e-46
1.10943e-45
4.90648e-45
1.89683e-44
6.85156e-44
2.31636e-43
7.43919e-43
2.30228e-42
6.94186e-42
2.06617e-41
6.16616e-41
1.72639e-40
4.77845e-40
1.32857e-39
3.7293e-39
1.0557e-38
3.00588e-38
8.91568e-38
2.612e-37
7.74271e-37
2.30735e-36
6.82353e-36
2.16118e-35
6.57719e-35
2.03188e-34
6.26092e-34
1.90623e-33
5.99024e-33
1.83271e-32
5.60802e-32
1.71588e-31
5.24168e-31
1.58453e-30
4.75844e-30
1.42217e-29
4.10404e-29
1.20313e-28
3.58042e-28
1.0392e-27
2.98536e-27
8.27402e-27
2.2511e-26
5.99012e-26
1.55676e-25
3.94839e-25
1.05086e-24
2.84413e-24
7.57549e-24
1.96484e-23
4.92812e-23
1.19048e-22
2.8095e-22
5.93742e-22
1.31527e-21
2.82777e-21
5.80962e-21
1.11771e-20
2.11502e-20
3.85238e-20
6.74415e-20
1.17032e-19
2.08376e-19
4.44088e-19
1.35772e-18
6.28188e-18
3.25935e-17
1.4461e-16
5.24077e-16
1.57966e-15
3.99101e-15
8.41244e-15
1.43309e-14
1.87573e-14
1.66084e-14
8.67238e-15
3.80956e-15
1.73912e-15
8.22641e-16
4.01553e-16
2.0112e-16
1.03501e-16
5.44867e-17
2.92394e-17
1.5933e-17
8.76939e-18
4.85261e-18
2.70897e-18
1.56625e-18
1.01716e-18
8.63541e-19
1.05124e-18
1.69514e-18
3.10479e-18
6.18091e-18
1.03919e-17
4.53184e-18
1.45498e-18
4.16127e-19
1.56894e-19
4.61504e-20
1.60321e-46
9.43382e-46
3.54497e-45
1.23388e-44
4.14014e-44
1.3487e-43
4.28163e-43
1.32906e-42
3.92583e-42
1.13412e-41
3.24562e-41
9.29888e-41
2.68529e-40
7.85773e-40
2.33607e-39
7.07166e-39
2.1676e-38
6.74445e-38
2.12289e-37
6.71853e-37
2.13993e-36
6.86417e-36
2.1979e-35
7.03365e-35
2.25197e-34
7.15673e-34
2.26758e-33
7.15594e-33
2.2374e-32
6.92456e-32
2.13544e-31
6.8728e-31
2.09889e-30
6.28573e-30
1.87053e-29
5.48791e-29
1.63279e-28
4.71098e-28
1.35647e-27
3.81419e-27
1.05973e-26
2.85166e-26
7.59879e-26
1.96956e-25
5.19399e-25
1.39969e-24
3.738e-24
9.76537e-24
2.49652e-23
6.2457e-23
1.39892e-22
2.96064e-22
6.66288e-22
1.44299e-21
3.04745e-21
6.20154e-21
1.1555e-20
2.13285e-20
3.80594e-20
6.57466e-20
1.12674e-19
1.98622e-19
4.19714e-19
1.26902e-18
5.77732e-18
2.9905e-17
1.33529e-16
4.91469e-16
1.49734e-15
3.82999e-15
8.20006e-15
1.41777e-14
1.88749e-14
1.70765e-14
9.0468e-15
3.9618e-15
1.80379e-15
8.51076e-16
4.14503e-16
2.07193e-16
1.06348e-16
5.58928e-17
2.99601e-17
1.62954e-17
8.94807e-18
4.94307e-18
2.76101e-18
1.60837e-18
1.07168e-18
9.50601e-19
1.20531e-18
1.98475e-18
3.66252e-18
7.28478e-18
1.01487e-17
4.29373e-18
1.36433e-18
3.89842e-19
1.51425e-19
4.45276e-20
8.46e-47
4.44223e-46
1.51843e-45
4.67031e-45
1.38524e-44
4.03335e-44
1.16184e-43
3.36534e-43
1.00659e-42
3.17018e-42
1.03022e-41
3.43365e-41
1.16478e-40
3.9821e-40
1.36627e-39
4.69162e-39
1.60747e-38
5.41278e-38
1.90858e-37
6.46084e-37
2.18916e-36
7.36451e-36
2.45726e-35
8.11853e-35
2.65549e-34
8.61193e-34
2.77914e-33
8.97618e-33
2.83013e-32
8.85598e-32
2.82965e-31
8.71586e-31
2.62367e-30
7.96909e-30
2.40213e-29
7.07398e-29
2.04723e-28
5.88143e-28
1.67502e-27
4.64822e-27
1.27521e-26
3.30154e-26
9.13703e-26
2.32903e-25
6.32976e-25
1.66779e-24
4.45558e-24
1.15298e-23
2.85914e-23
7.01447e-23
1.55682e-22
3.32119e-22
7.4193e-22
1.61702e-21
3.30312e-21
6.39339e-21
1.17115e-20
2.13732e-20
3.76867e-20
6.42099e-20
1.08694e-19
1.89738e-19
3.97299e-19
1.18701e-18
5.35352e-18
2.76412e-17
1.23906e-16
4.5994e-16
1.42441e-15
3.69178e-15
8.02675e-15
1.40484e-14
1.90092e-14
1.75823e-14
9.48736e-15
4.14472e-15
1.8822e-15
8.85793e-16
4.30465e-16
2.14792e-16
1.10189e-16
5.78243e-17
3.09337e-17
1.67718e-17
9.18682e-18
5.06771e-18
2.83707e-18
1.67561e-18
1.15868e-18
1.09674e-18
1.46859e-18
2.48838e-18
4.64468e-18
9.35704e-18
1.01376e-17
4.13486e-18
1.29955e-18
3.6976e-19
1.47944e-19
4.34621e-20
4.50012e-47
2.32082e-46
8.06335e-46
2.55986e-45
7.97794e-45
2.5094e-44
8.08111e-44
2.74686e-43
9.3779e-43
3.23731e-42
1.14287e-41
4.02212e-41
1.43475e-40
5.03849e-40
1.76467e-39
6.15029e-39
2.13197e-38
7.34449e-38
2.51148e-37
8.52918e-37
2.87422e-36
9.6454e-36
3.20619e-35
1.05722e-34
3.49904e-34
1.13443e-33
3.64996e-33
1.16152e-32
3.57996e-32
1.16589e-31
3.59784e-31
1.10614e-30
3.3528e-30
1.01159e-29
3.02405e-29
8.85008e-29
2.54281e-28
7.29712e-28
2.02905e-27
5.72303e-27
1.55602e-26
4.11052e-26
1.10118e-25
2.80527e-25
7.2898e-25
1.96137e-24
5.16985e-24
1.31188e-23
3.29932e-23
7.41167e-23
1.62743e-22
3.76987e-22
8.40833e-22
1.77642e-21
3.55882e-21
6.46314e-21
1.18077e-20
2.13643e-20
3.7218e-20
6.28348e-20
1.05438e-19
1.8287e-19
3.81182e-19
1.13171e-18
5.04425e-18
2.59397e-17
1.1664e-16
4.36947e-16
1.3655e-15
3.5761e-15
7.86412e-15
1.39362e-14
1.91442e-14
1.80369e-14
9.93713e-15
4.29267e-15
1.95103e-15
9.18864e-16
4.46767e-16
2.22954e-16
1.14271e-16
5.99202e-17
3.21024e-17
1.71473e-17
9.39522e-18
5.18585e-18
2.91437e-18
1.74635e-18
1.25473e-18
1.2571e-18
1.76593e-18
3.06741e-18
5.83059e-18
1.19012e-17
1.03584e-17
4.07913e-18
1.26701e-18
3.58995e-19
1.47411e-19
4.32326e-20
5.28916e-47
2.77429e-46
1.00149e-45
3.34599e-45
1.10159e-44
3.6433e-44
1.21659e-43
4.09708e-43
1.38582e-42
4.81941e-42
1.66054e-41
5.76708e-41
2.02407e-40
7.01709e-40
2.46281e-39
8.49063e-39
2.9143e-38
1.01149e-37
3.45022e-37
1.16843e-36
3.93225e-36
1.30764e-35
4.3167e-35
1.41414e-34
4.60107e-34
1.48309e-33
4.74154e-33
1.52159e-32
4.77833e-32
1.48506e-31
4.57809e-31
1.43139e-30
4.30053e-30
1.28812e-29
3.79191e-29
1.10093e-28
3.13694e-28
8.73161e-28
2.47834e-27
6.8256e-27
1.83535e-26
4.84707e-26
1.25093e-25
3.26914e-25
8.41679e-25
2.2418e-24
5.78957e-24
1.48044e-23
3.43264e-23
7.61352e-23
1.79535e-22
4.10917e-22
9.1755e-22
1.95853e-21
3.63617e-21
6.58219e-21
1.19571e-20
2.14292e-20
3.70115e-20
6.18638e-20
1.03024e-19
1.7769e-19
3.68831e-19
1.08876e-18
4.81198e-18
2.46697e-17
1.11695e-16
4.21102e-16
1.32601e-15
3.49616e-15
7.75929e-15
1.38829e-14
1.9294e-14
1.84828e-14
1.03401e-14
4.4568e-15
2.02128e-15
9.51042e-16
4.6183e-16
2.30106e-16
1.1783e-16
6.17442e-17
3.30583e-17
1.76429e-17
9.65074e-18
5.32328e-18
2.99942e-18
1.81922e-18
1.34766e-18
1.41009e-18
2.04348e-18
3.60866e-18
6.92772e-18
1.42502e-17
1.0694e-17
4.09407e-18
1.25903e-18
3.55511e-19
1.49044e-19
4.36381e-20
8.72528e-47
4.73283e-46
1.748e-45
5.99911e-45
2.02342e-44
6.80681e-44
2.29154e-43
7.73087e-43
2.61221e-42
8.84469e-42
2.98854e-41
1.00708e-40
3.45996e-40
1.16927e-39
3.94453e-39
1.34347e-38
4.52428e-38
1.52112e-37
5.10998e-37
1.69576e-36
5.67897e-36
1.85688e-35
6.01741e-35
1.93719e-34
6.24439e-34
2.01561e-33
6.35293e-33
1.97827e-32
6.23495e-32
1.90884e-31
5.76352e-31
1.81533e-30
5.376e-30
1.58236e-29
4.55418e-29
1.32795e-28
3.71708e-28
1.01564e-27
2.92312e-27
8.23185e-27
2.15942e-26
5.57283e-26
1.43959e-25
3.70382e-25
9.64438e-25
2.49573e-24
6.57375e-24
1.55003e-23
3.54735e-23
8.30251e-23
1.93941e-22
4.41398e-22
9.65128e-22
2.0355e-21
3.75264e-21
6.7201e-21
1.20524e-20
2.14252e-20
3.67161e-20
6.09396e-20
1.00892e-19
1.73588e-19
3.59405e-19
1.05614e-18
4.64002e-18
2.37539e-17
1.07618e-16
4.07032e-16
1.29072e-15
3.43197e-15
7.67963e-15
1.3839e-14
1.94073e-14
1.87968e-14
1.06274e-14
4.58009e-15
2.07602e-15
9.75992e-16
4.73701e-16
2.36007e-16
1.20809e-16
6.32911e-17
3.38656e-17
1.80818e-17
9.88577e-18
5.45281e-18
3.07946e-18
1.885e-18
1.42712e-18
1.53639e-18
2.26898e-18
4.03803e-18
7.79065e-18
1.60847e-17
1.10091e-17
4.13359e-18
1.26196e-18
3.55394e-19
1.51235e-19
4.42321e-20
1.38642e-46
7.34834e-46
2.74274e-45
9.35547e-45
3.12174e-44
1.05732e-43
3.53147e-43
1.18397e-42
3.97662e-42
1.33572e-41
4.48931e-41
1.50908e-40
5.06856e-40
1.69959e-39
5.70179e-39
1.91495e-38
6.42546e-38
2.13479e-37
7.07264e-37
2.35192e-36
7.70902e-36
2.50395e-35
7.9738e-35
2.60635e-34
8.23145e-34
2.58526e-33
8.08794e-33
2.44374e-32
7.81547e-32
2.40295e-31
7.26379e-31
2.17623e-30
6.48897e-30
1.90652e-29
5.47258e-29
1.57725e-28
4.50282e-28
1.21887e-27
3.48709e-27
9.43404e-27
2.48181e-26
6.44039e-26
1.63548e-25
4.17154e-25
1.06104e-24
2.75566e-24
6.93423e-24
1.56012e-23
3.77786e-23
8.91476e-23
2.05224e-22
4.61289e-22
9.99292e-22
2.08833e-21
3.8252e-21
6.81273e-21
1.21174e-20
2.139e-20
3.64191e-20
6.0124e-20
9.91569e-20
1.70106e-19
3.51402e-19
1.02837e-18
4.49184e-18
2.29791e-17
1.0437e-16
3.95795e-16
1.26248e-15
3.37565e-15
7.60198e-15
1.37863e-14
1.94893e-14
1.90828e-14
1.09062e-14
4.69543e-15
2.12807e-15
9.99958e-16
4.85166e-16
2.41623e-16
1.23651e-16
6.4762e-17
3.46381e-17
1.8501e-17
1.01112e-17
5.57709e-18
3.15454e-18
1.9428e-18
1.49169e-18
1.63414e-18
2.44009e-18
4.35955e-18
8.43508e-18
1.74535e-17
1.12801e-17
4.18032e-18
1.26976e-18
3.56919e-19
1.53518e-19
4.48685e-20
1.9899e-46
1.05982e-45
3.93348e-45
1.35372e-44
4.56696e-44
1.53278e-43
5.13631e-43
1.72051e-42
5.76122e-42
1.92806e-41
6.44401e-41
2.15335e-40
7.19935e-40
2.40423e-39
7.99053e-39
2.65359e-38
8.80105e-38
2.90375e-37
9.54306e-37
3.12574e-36
1.0186e-35
3.28865e-35
1.05408e-34
3.35112e-34
1.05762e-33
3.31492e-33
1.02866e-32
3.1421e-32
9.47119e-32
2.85899e-31
8.72963e-31
2.6429e-30
7.78831e-30
2.26144e-29
6.41066e-29
1.82605e-28
5.16804e-28
1.38518e-27
3.89573e-27
1.06877e-26
2.79886e-26
7.16004e-26
1.84212e-25
4.64089e-25
1.18356e-24
3.04002e-24
7.16423e-24
1.68018e-23
4.04256e-23
9.46717e-23
2.17265e-22
4.82003e-22
1.0324e-21
2.1364e-21
3.88591e-21
6.87495e-21
1.21421e-20
2.12999e-20
3.60669e-20
5.92625e-20
9.73953e-20
1.66725e-19
3.4323e-19
9.9921e-19
4.33315e-18
2.2122e-17
1.01083e-16
3.84752e-16
1.23447e-15
3.31681e-15
7.51432e-15
1.3716e-14
1.95464e-14
1.93557e-14
1.11951e-14
4.81558e-15
2.1806e-15
1.02412e-15
4.9672e-16
2.47223e-16
1.26482e-16
6.62274e-17
3.54098e-17
1.89165e-17
1.03352e-17
5.70017e-18
3.22696e-18
1.99463e-18
1.54427e-18
1.7088e-18
2.5675e-18
4.59639e-18
8.90832e-18
1.84574e-17
1.15155e-17
4.23135e-18
1.28087e-18
3.59575e-19
1.55799e-19
4.55148e-20
2.60994e-46
1.3959e-45
5.20089e-45
1.79276e-44
6.05769e-44
2.03283e-43
6.79992e-43
2.2722e-42
7.59001e-42
2.54379e-41
8.47374e-41
2.81655e-40
9.35188e-40
3.11498e-39
1.0294e-38
3.39472e-38
1.11856e-37
3.66696e-37
1.19563e-36
3.93735e-36
1.27372e-35
4.05156e-35
1.30942e-34
4.12234e-34
1.29542e-33
4.06979e-33
1.25972e-32
3.86298e-32
1.17062e-31
3.48948e-31
1.04027e-30
3.10424e-30
9.07986e-30
2.62757e-29
7.49965e-29
2.1052e-28
5.86265e-28
1.55768e-27
4.35252e-27
1.17703e-26
3.09287e-26
7.9711e-26
2.02816e-25
5.1403e-25
1.24554e-24
2.96278e-24
7.44821e-24
1.8121e-23
4.3055e-23
1.00424e-22
2.27177e-22
4.98672e-22
1.05858e-21
2.17249e-21
3.92538e-21
6.90869e-21
1.2128e-20
2.11563e-20
3.56388e-20
5.83273e-20
9.54822e-20
1.62764e-19
3.33875e-19
9.63324e-19
4.14472e-18
2.1175e-17
9.69121e-17
3.71817e-16
1.1984e-15
3.24202e-15
7.38646e-15
1.35952e-14
1.95657e-14
1.96183e-14
1.14972e-14
4.94051e-15
2.2351e-15
1.04911e-15
5.08744e-16
2.53011e-16
1.29405e-16
6.77371e-17
3.62049e-17
1.93394e-17
1.0563e-17
5.8247e-18
3.29855e-18
2.0426e-18
1.58829e-18
1.76672e-18
2.66319e-18
4.77234e-18
9.25827e-18
1.9198e-17
1.17295e-17
4.28743e-18
1.29499e-18
3.63239e-19
1.5813e-19
4.6183e-20
3.12173e-46
1.76188e-45
6.47622e-45
2.22236e-44
7.5835e-44
2.54392e-43
8.53721e-43
2.8553e-42
9.52871e-42
3.1735e-41
1.05641e-40
3.52248e-40
1.16615e-39
3.85818e-39
1.27427e-38
4.15897e-38
1.39939e-37
4.56017e-37
1.48244e-36
4.78802e-36
1.53142e-35
4.96216e-35
1.57315e-34
4.95616e-34
1.54892e-33
4.81234e-33
1.48411e-32
4.52791e-32
1.38867e-31
4.18024e-31
1.23976e-30
3.61929e-30
1.04453e-29
2.98946e-29
8.41658e-29
2.33725e-28
6.40954e-28
1.7122e-27
4.84263e-27
1.28664e-26
3.31482e-26
8.50677e-26
2.15291e-25
5.2688e-25
1.26202e-24
3.22124e-24
7.97916e-24
1.92881e-23
4.57882e-23
1.05585e-22
2.36803e-22
5.15403e-22
1.08361e-21
2.19395e-21
3.94759e-21
6.92418e-21
1.20874e-20
2.09871e-20
3.5218e-20
5.74519e-20
9.3779e-20
1.59255e-19
3.24122e-19
9.26861e-19
3.94937e-18
2.01545e-17
9.28506e-17
3.58445e-16
1.16073e-15
3.152e-15
7.21484e-15
1.34544e-14
1.95558e-14
1.98667e-14
1.18392e-14
5.08462e-15
2.29843e-15
1.07795e-15
5.22184e-16
2.59288e-16
1.32514e-16
6.93204e-17
3.70313e-17
1.97711e-17
1.07931e-17
5.95008e-18
3.36945e-18
2.0878e-18
1.62624e-18
1.81286e-18
2.73647e-18
4.90549e-18
9.52108e-18
1.97513e-17
1.1932e-17
4.34853e-18
1.3118e-18
3.67847e-19
1.60564e-19
4.6885e-20
3.75384e-46
2.1048e-45
7.77347e-45
2.67966e-44
9.05597e-44
3.03938e-43
1.01741e-42
3.39891e-42
1.1321e-41
3.77195e-41
1.27085e-40
4.21674e-40
1.39539e-39
4.63191e-39
1.53119e-38
5.02322e-38
1.66285e-37
5.39913e-37
1.74516e-36
5.63805e-36
1.78874e-35
5.78936e-35
1.82834e-34
5.73446e-34
1.7698e-33
5.54192e-33
1.69206e-32
5.15687e-32
1.57445e-31
4.73416e-31
1.40091e-30
4.08169e-30
1.17028e-29
3.35499e-29
9.36111e-29
2.58651e-28
7.06304e-28
1.88502e-27
5.26968e-27
1.38185e-26
3.53914e-26
8.94103e-26
2.21421e-25
5.38385e-25
1.36755e-24
3.45124e-24
8.52343e-24
2.06123e-23
4.85528e-23
1.11488e-22
2.49331e-22
5.4173e-22
1.14519e-21
2.18724e-21
3.95531e-21
6.92073e-21
1.20195e-20
2.07776e-20
3.47334e-20
5.63677e-20
9.17253e-20
1.55463e-19
3.15519e-19
8.92654e-19
3.76626e-18
1.91985e-17
8.88837e-17
3.45051e-16
1.12647e-15
3.07764e-15
7.08319e-15
1.33099e-14
1.95239e-14
2.01091e-14
1.21744e-14
5.22067e-15
2.35776e-15
1.10464e-15
5.34888e-16
2.6528e-16
1.35513e-16
7.08591e-17
3.78403e-17
2.01941e-17
1.10226e-17
6.07409e-18
3.43861e-18
2.13033e-18
1.65964e-18
1.85057e-18
2.79384e-18
5.00821e-18
9.72184e-18
2.01715e-17
1.21275e-17
4.41388e-18
1.3307e-18
3.73091e-19
1.6305e-19
4.76062e-20
4.49025e-46
2.41692e-45
8.97653e-45
3.09231e-44
1.04372e-43
3.50057e-43
1.17243e-42
3.92696e-42
1.31166e-41
4.40609e-41
1.47116e-40
4.89163e-40
1.62012e-39
5.37933e-39
1.78281e-38
5.85152e-38
1.91229e-37
6.22751e-37
2.0152e-36
6.48344e-36
2.07151e-35
6.56624e-35
2.08165e-34
6.50969e-34
2.02051e-33
6.21423e-33
1.8991e-32
5.69978e-32
1.74635e-31
5.19208e-31
1.49811e-30
4.48625e-30
1.29279e-29
3.6358e-29
1.04212e-28
2.84443e-28
7.64402e-28
2.03495e-27
5.5426e-27
1.48351e-26
3.76308e-26
9.44032e-26
2.32936e-25
5.74587e-25
1.45655e-24
3.65944e-24
9.00979e-24
2.17026e-23
5.09032e-23
1.16353e-22
2.59072e-22
5.60337e-22
1.17466e-21
2.17192e-21
3.95885e-21
6.90307e-21
1.19292e-20
2.05574e-20
3.42426e-20
5.55553e-20
9.01291e-20
1.5225e-19
3.06744e-19
8.6021e-19
3.59335e-18
1.82973e-17
8.51446e-17
3.32137e-16
1.09206e-15
3.00726e-15
6.92971e-15
1.31332e-14
1.94567e-14
2.03089e-14
1.2493e-14
5.35647e-15
2.41588e-15
1.13131e-15
5.47502e-16
2.71191e-16
1.38436e-16
7.23486e-17
3.86224e-17
2.0602e-17
1.12444e-17
6.19657e-18
3.50756e-18
2.17194e-18
1.68999e-18
1.88229e-18
2.84011e-18
5.09054e-18
9.87988e-18
2.04961e-17
1.23175e-17
4.48158e-18
1.35084e-18
3.78695e-19
1.65527e-19
4.83283e-20
4.9176e-46
2.70519e-45
1.0088e-44
3.47134e-44
1.17192e-43
3.93488e-43
1.31965e-42
4.42306e-42
1.48538e-41
4.97733e-41
1.66209e-40
5.52774e-40
1.82945e-39
6.08965e-39
1.99975e-38
6.5243e-38
2.08685e-37
7.03549e-37
2.26181e-36
7.28162e-36
2.32521e-35
7.37504e-35
2.32248e-34
7.16171e-34
2.25719e-33
6.87536e-33
2.0778e-32
6.24009e-32
1.87609e-31
5.73322e-31
1.66689e-30
4.90895e-30
1.40438e-29
4.00778e-29
1.11283e-28
3.03134e-28
8.10119e-28
2.14863e-27
5.83961e-27
1.57081e-26
3.99827e-26
1.00623e-25
2.45661e-25
6.17304e-25
1.53016e-24
3.83533e-24
9.41428e-24
2.2495e-23
5.23946e-23
1.1897e-22
2.63154e-22
5.6549e-22
1.17679e-21
2.15763e-21
3.97182e-21
6.89014e-21
1.18414e-20
2.03185e-20
3.37741e-20
5.46608e-20
8.86562e-20
1.49187e-19
2.98516e-19
8.28547e-19
3.4263e-18
1.74213e-17
8.14832e-17
3.19344e-16
1.05671e-15
2.92784e-15
6.78883e-15
1.29699e-14
1.93836e-14
2.04933e-14
1.2826e-14
5.49668e-15
2.47678e-15
1.15843e-15
5.60107e-16
2.77031e-16
1.41371e-16
7.38586e-17
3.94172e-17
2.10078e-17
1.14629e-17
6.31567e-18
3.57376e-18
2.21115e-18
1.71782e-18
1.9096e-18
2.87751e-18
5.15443e-18
1.00011e-17
2.07451e-17
1.24997e-17
4.55115e-18
1.37218e-18
3.84699e-19
1.68071e-19
4.90707e-20
5.24294e-46
3.03518e-45
1.12403e-44
3.86824e-44
1.30821e-43
4.40546e-43
1.48123e-42
4.96125e-42
1.65818e-41
5.53185e-41
1.8404e-40
6.09622e-40
2.04245e-39
6.65418e-39
2.19175e-38
7.2247e-38
2.3808e-37
7.70945e-37
2.48564e-36
7.94442e-36
2.51549e-35
7.83275e-35
2.53721e-34
7.86363e-34
2.42846e-33
7.41838e-33
2.2761e-32
6.83764e-32
2.05037e-31
6.07766e-31
1.76638e-30
5.25431e-30
1.47977e-29
4.23698e-29
1.16972e-28
3.19046e-28
8.55218e-28
2.22441e-27
6.14606e-27
1.65628e-26
4.16014e-26
1.03928e-25
2.57723e-25
6.48991e-25
1.59272e-24
3.98175e-24
9.6988e-24
2.30387e-23
5.33765e-23
1.20576e-22
2.65334e-22
5.67423e-22
1.17446e-21
2.14283e-21
3.97661e-21
6.87329e-21
1.1763e-20
2.01359e-20
3.34088e-20
5.39044e-20
8.71436e-20
1.4625e-19
2.91287e-19
8.00091e-19
3.27681e-18
1.66339e-17
7.81708e-17
3.08318e-16
1.02409e-15
2.85401e-15
6.65679e-15
1.28019e-14
1.92981e-14
2.06486e-14
1.31254e-14
5.62928e-15
2.53386e-15
1.18398e-15
5.72249e-16
2.82711e-16
1.4418e-16
7.52889e-17
4.01669e-17
2.1394e-17
1.16703e-17
6.42825e-18
3.63588e-18
2.24726e-18
1.74229e-18
1.93234e-18
2.90762e-18
5.20642e-18
1.00977e-17
2.09387e-17
1.26754e-17
4.61968e-18
1.39332e-18
3.90621e-19
1.70483e-19
4.97755e-20
6.15354e-46
3.28891e-45
1.22289e-44
4.2186e-44
1.42557e-43
4.79368e-43
1.61742e-42
5.39996e-42
1.79361e-41
5.91618e-41
1.99329e-40
6.71464e-40
2.20928e-39
7.19766e-39
2.41797e-38
7.85328e-38
2.54108e-37
8.33908e-37
2.67443e-36
8.45601e-36
2.75341e-35
8.67083e-35
2.72213e-34
8.42073e-34
2.6201e-33
7.96147e-33
2.41815e-32
7.23877e-32
2.15707e-31
6.47579e-31
1.90238e-30
5.52513e-30
1.55541e-29
4.43267e-29
1.20776e-28
3.25772e-28
8.95275e-28
2.31977e-27
6.35672e-27
1.68473e-26
4.39904e-26
1.09502e-25
2.71956e-25
6.62184e-25
1.64242e-24
4.08467e-24
9.90747e-24
2.34387e-23
5.40903e-23
1.21721e-22
2.66805e-22
5.68073e-22
1.17124e-21
2.12978e-21
3.97276e-21
6.84608e-21
1.16683e-20
1.99367e-20
3.30058e-20
5.32301e-20
8.58773e-20
1.43674e-19
2.84459e-19
7.74579e-19
3.14209e-18
1.59187e-17
7.51206e-17
2.9769e-16
9.94049e-16
2.78705e-15
6.53732e-15
1.265e-14
1.92146e-14
2.07859e-14
1.34021e-14
5.75284e-15
2.58682e-15
1.20788e-15
5.834e-16
2.87867e-16
1.46724e-16
7.65802e-17
4.08419e-17
2.17387e-17
1.18557e-17
6.5289e-18
3.69126e-18
2.27902e-18
1.76304e-18
1.95039e-18
2.93006e-18
5.24397e-18
1.01657e-17
2.10722e-17
1.28256e-17
4.68035e-18
1.41229e-18
3.95959e-19
1.72614e-19
5.04001e-20
6.60024e-46
3.5309e-45
1.31362e-44
4.53499e-44
1.53712e-43
5.16715e-43
1.73288e-42
5.80035e-42
1.93586e-41
6.43423e-41
2.13862e-40
7.12606e-40
2.35918e-39
7.79579e-39
2.56958e-38
8.40674e-38
2.72221e-37
8.87862e-37
2.8445e-36
9.08758e-36
2.90827e-35
9.18747e-35
2.88573e-34
8.97822e-34
2.75836e-33
8.38112e-33
2.54698e-32
7.5943e-32
2.23872e-31
6.72914e-31
1.95683e-30
5.69775e-30
1.63132e-29
4.57413e-29
1.26412e-28
3.45599e-28
9.28875e-28
2.50342e-27
6.66965e-27
1.78922e-26
4.52029e-26
1.11133e-25
2.76778e-25
6.74587e-25
1.6807e-24
4.16342e-24
1.00631e-23
2.37279e-23
5.45821e-23
1.22439e-22
2.67601e-22
5.68119e-22
1.16792e-21
2.11879e-21
3.9667e-21
6.81912e-21
1.1584e-20
1.97403e-20
3.26407e-20
5.2565e-20
8.47321e-20
1.41489e-19
2.78918e-19
7.53804e-19
3.03265e-18
1.53368e-17
7.26339e-17
2.89022e-16
9.68597e-16
2.72948e-15
6.43394e-15
1.2516e-14
1.91335e-14
2.08914e-14
1.36358e-14
5.85869e-15
2.6321e-15
1.22813e-15
5.92853e-16
2.92239e-16
1.48879e-16
7.76713e-17
4.14129e-17
2.20296e-17
1.20121e-17
6.61388e-18
3.73791e-18
2.30555e-18
1.77992e-18
1.96439e-18
2.94667e-18
5.27091e-18
1.02132e-17
2.11636e-17
1.29508e-17
4.732e-18
1.42854e-18
4.00539e-19
1.74409e-19
5.09267e-20
6.47387e-46
3.71493e-45
1.37841e-44
4.75581e-44
1.60902e-43
5.41683e-43
1.82108e-42
6.10767e-42
2.03791e-41
6.77028e-41
2.26119e-40
7.48846e-40
2.4762e-39
8.1746e-39
2.69019e-38
8.8187e-38
2.8931e-37
9.35801e-37
3.0043e-36
9.59125e-36
3.06288e-35
9.61049e-35
3.02963e-34
9.38462e-34
2.88525e-33
8.78639e-33
2.64767e-32
7.88088e-32
2.33918e-31
6.98499e-31
2.03684e-30
5.97199e-30
1.69308e-29
4.7382e-29
1.30838e-28
3.58868e-28
9.6892e-28
2.57515e-27
6.80902e-27
1.80096e-26
4.57604e-26
1.13822e-25
2.76395e-25
6.81883e-25
1.71125e-24
4.22361e-24
1.01799e-23
2.39439e-23
5.49478e-23
1.22971e-22
2.68161e-22
5.68081e-22
1.16548e-21
2.11071e-21
3.9603e-21
6.79618e-21
1.1514e-20
1.96002e-20
3.23816e-20
5.21023e-20
8.38971e-20
1.39753e-19
2.74421e-19
7.36848e-19
2.94547e-18
1.48733e-17
7.06425e-17
2.82017e-16
9.48362e-16
2.68374e-15
6.35213e-15
1.24094e-14
1.9067e-14
2.09677e-14
1.38178e-14
5.94231e-15
2.66784e-15
1.24409e-15
6.00298e-16
2.9568e-16
1.50574e-16
7.85281e-17
4.18601e-17
2.22574e-17
1.21347e-17
6.68047e-18
3.77444e-18
2.32618e-18
1.79275e-18
1.97454e-18
2.95805e-18
5.28902e-18
1.02443e-17
2.12217e-17
1.30482e-17
4.77281e-18
1.44146e-18
4.04193e-19
1.75824e-19
5.13422e-20
7.06477e-46
3.79219e-45
1.41029e-44
4.91875e-44
1.66172e-43
5.5866e-43
1.87495e-42
6.28896e-42
2.10575e-41
7.02213e-41
2.33541e-40
7.7506e-40
2.56922e-39
8.51258e-39
2.81341e-38
9.21867e-38
3.00331e-37
9.72628e-37
3.12909e-36
9.99471e-36
3.16876e-35
9.96328e-35
3.10763e-34
9.57844e-34
2.97699e-33
9.06466e-33
2.74503e-32
8.19719e-32
2.46197e-31
7.20853e-31
2.09114e-30
5.99818e-30
1.72752e-29
4.82496e-29
1.34827e-28
3.69925e-28
9.89724e-28
2.58597e-27
6.87946e-27
1.81002e-26
4.58501e-26
1.13569e-25
2.78874e-25
6.88798e-25
1.7329e-24
4.26682e-24
1.02639e-23
2.41e-23
5.52166e-23
1.23382e-22
2.68609e-22
5.68176e-22
1.16408e-21
2.10557e-21
3.95621e-21
6.78142e-21
1.14697e-20
1.9506e-20
3.22036e-20
5.17833e-20
8.33219e-20
1.38604e-19
2.71438e-19
7.25658e-19
2.88753e-18
1.45629e-17
6.93035e-17
2.77302e-16
9.34355e-16
2.65221e-15
6.29532e-15
1.23333e-14
1.90161e-14
2.10179e-14
1.39447e-14
6.00119e-15
2.69297e-15
1.2553e-15
6.05518e-16
2.9809e-16
1.51762e-16
7.91314e-17
4.21744e-17
2.2417e-17
1.22205e-17
6.72703e-18
3.79992e-18
2.34047e-18
1.80151e-18
1.98122e-18
2.96525e-18
5.30026e-18
1.02631e-17
2.12562e-17
1.31155e-17
4.80137e-18
1.45053e-18
4.06779e-19
1.76818e-19
5.16337e-20
7.17076e-46
3.91088e-45
1.44969e-44
5.00089e-44
1.69471e-43
5.72058e-43
1.92216e-42
6.44823e-42
2.16044e-41
7.2226e-41
2.4064e-40
7.99245e-40
2.6463e-39
8.73951e-39
2.88169e-38
9.43187e-38
3.06895e-37
9.92821e-37
3.17967e-36
1.01124e-35
3.20635e-35
1.00809e-34
3.17506e-34
9.78686e-34
3.03287e-33
9.2073e-33
2.78878e-32
8.41593e-32
2.49886e-31
7.34873e-31
2.1369e-30
6.23997e-30
1.75607e-29
4.90073e-29
1.36721e-28
3.69857e-28
1.00001e-27
2.62262e-27
7.15437e-27
1.86316e-26
4.6454e-26
1.15285e-25
2.78691e-25
6.99801e-25
1.74434e-24
4.29323e-24
1.03199e-23
2.42064e-23
5.54008e-23
1.23664e-22
2.68951e-22
5.6838e-22
1.16351e-21
2.10306e-21
3.95493e-21
6.775e-21
1.14488e-20
1.94609e-20
3.21156e-20
5.16209e-20
8.3019e-20
1.38006e-19
2.69887e-19
7.19823e-19
2.85731e-18
1.44012e-17
6.86004e-17
2.74794e-16
9.26949e-16
2.63522e-15
6.26407e-15
1.22919e-14
1.8988e-14
2.10426e-14
1.40111e-14
6.03225e-15
2.70621e-15
1.26119e-15
6.0826e-16
2.99356e-16
1.52386e-16
7.94483e-17
4.23404e-17
2.25014e-17
1.22659e-17
6.7517e-18
3.81343e-18
2.34804e-18
1.80609e-18
1.98466e-18
2.96885e-18
5.3058e-18
1.02722e-17
2.12726e-17
1.31512e-17
4.81661e-18
1.45538e-18
4.0816e-19
1.77347e-19
5.17891e-20
7.08713e-46
3.90315e-45
1.47599e-44
5.07416e-44
1.71685e-43
5.77472e-43
1.93797e-42
6.50019e-42
2.18025e-41
7.32727e-41
2.44148e-40
8.10382e-40
2.6715e-39
8.69245e-39
2.93901e-38
9.57341e-38
3.11037e-37
1.00519e-36
3.23058e-36
1.02893e-35
3.28494e-35
1.03388e-34
3.23071e-34
9.9897e-34
3.04912e-33
9.39409e-33
2.83292e-32
8.51934e-32
2.5565e-31
7.55545e-31
2.1905e-30
6.24729e-30
1.79219e-29
5.06242e-29
1.39102e-28
3.75838e-28
1.01514e-27
2.63447e-27
7.2045e-27
1.85047e-26
4.71845e-26
1.16316e-25
2.84459e-25
7.00708e-25
1.75132e-24
4.31003e-24
1.03548e-23
2.42748e-23
5.55266e-23
1.23879e-22
2.69281e-22
5.6879e-22
1.16382e-21
2.10284e-21
3.95684e-21
6.77599e-21
1.14464e-20
1.94526e-20
3.20979e-20
5.15875e-20
8.29578e-20
1.37885e-19
2.69576e-19
7.18648e-19
2.85124e-18
1.43691e-17
6.84631e-17
2.7431e-16
9.25513e-16
2.63196e-15
6.25808e-15
1.22836e-14
1.89814e-14
2.10446e-14
1.40205e-14
6.03667e-15
2.70805e-15
1.262e-15
6.08629e-16
2.99523e-16
1.52466e-16
7.94886e-17
4.23612e-17
2.25118e-17
1.22715e-17
6.75471e-18
3.81507e-18
2.34897e-18
1.80668e-18
1.98515e-18
2.96943e-18
5.30675e-18
1.02739e-17
2.12758e-17
1.31562e-17
4.81865e-18
1.45602e-18
4.0834e-19
1.77417e-19
5.18094e-20
7.08142e-46
3.97979e-45
1.4809e-44
5.11145e-44
1.73239e-43
5.83884e-43
1.96299e-42
6.58632e-42
2.20516e-41
7.36486e-41
2.45334e-40
8.14939e-40
2.69521e-39
8.85438e-39
2.95137e-38
9.62978e-38
3.12249e-37
1.00048e-36
3.26628e-36
1.03992e-35
3.31368e-35
1.04457e-34
3.27072e-34
1.01605e-33
3.11974e-33
9.47113e-33
2.82215e-32
8.68511e-32
2.57261e-31
7.5837e-31
2.21321e-30
6.3588e-30
1.81694e-29
5.06725e-29
1.40458e-28
3.78807e-28
1.02221e-27
2.66764e-27
7.24903e-27
1.86238e-26
4.74358e-26
1.15338e-25
2.87892e-25
7.0298e-25
1.75169e-24
4.31838e-24
1.03731e-23
2.43146e-23
5.56137e-23
1.24066e-22
2.69676e-22
5.69596e-22
1.16542e-21
2.10568e-21
3.96332e-21
6.78719e-21
1.14691e-20
1.94935e-20
3.21683e-20
5.17081e-20
8.31718e-20
1.38311e-19
2.70681e-19
7.2281e-19
2.87285e-18
1.44846e-17
6.89612e-17
2.76058e-16
9.30618e-16
2.6436e-15
6.2792e-15
1.23113e-14
1.89985e-14
2.10228e-14
1.39694e-14
6.01292e-15
2.6979e-15
1.25746e-15
6.0651e-16
2.98543e-16
1.51983e-16
7.9243e-17
4.22326e-17
2.24464e-17
1.22363e-17
6.73561e-18
3.80463e-18
2.34317e-18
1.80325e-18
1.98272e-18
2.9671e-18
5.30336e-18
1.02687e-17
2.12673e-17
1.31295e-17
4.80705e-18
1.4523e-18
4.07275e-19
1.77016e-19
5.16915e-20
7.17236e-46
3.95198e-45
1.46357e-44
5.06005e-44
1.71798e-43
5.80032e-43
1.95201e-42
6.54931e-42
2.19028e-41
7.29912e-41
2.42331e-40
8.01863e-40
2.64856e-39
8.7473e-39
2.88459e-38
9.42825e-38
3.04864e-37
9.89327e-37
3.20886e-36
1.02382e-35
3.23443e-35
1.03291e-34
3.22211e-34
1.00889e-33
3.08881e-33
9.35484e-33
2.81473e-32
8.54795e-32
2.53216e-31
7.46233e-31
2.16949e-30
6.21914e-30
1.81192e-29
5.01792e-29
1.35255e-28
3.70093e-28
1.00252e-27
2.58526e-27
6.9789e-27
1.87704e-26
4.62007e-26
1.16385e-25
2.80594e-25
7.05123e-25
1.75213e-24
4.31519e-24
1.03694e-23
2.43176e-23
5.56468e-23
1.24197e-22
2.70079e-22
5.70674e-22
1.16805e-21
2.11124e-21
3.9741e-21
6.80814e-21
1.15158e-20
1.95804e-20
3.23196e-20
5.19674e-20
8.36358e-20
1.39241e-19
2.73121e-19
7.32102e-19
2.92121e-18
1.47422e-17
7.00676e-17
2.79945e-16
9.41948e-16
2.66938e-15
6.32596e-15
1.23728e-14
1.90373e-14
2.09773e-14
1.386e-14
5.9622e-15
2.67622e-15
1.24779e-15
6.01998e-16
2.96458e-16
1.50955e-16
7.87213e-17
4.19597e-17
2.23077e-17
1.21616e-17
6.69503e-18
3.78246e-18
2.33081e-18
1.79587e-18
1.9774e-18
2.9618e-18
5.29547e-18
1.02562e-17
2.12458e-17
1.30722e-17
4.7823e-18
1.44438e-18
4.05014e-19
1.76159e-19
5.14399e-20
7.27457e-46
3.88172e-45
1.44149e-44
4.91241e-44
1.69713e-43
5.69037e-43
1.91071e-42
6.40442e-42
2.1413e-41
7.14267e-41
2.3768e-40
7.8867e-40
2.60875e-39
8.60482e-39
2.82504e-38
9.20754e-38
3.02688e-37
9.77404e-37
3.14284e-36
1.00507e-35
3.20163e-35
1.01668e-34
3.18375e-34
9.8737e-34
3.03352e-33
9.23415e-33
2.78589e-32
8.35096e-32
2.50975e-31
7.38784e-31
2.15259e-30
6.16971e-30
1.76963e-29
4.94319e-29
1.36861e-28
3.73517e-28
9.97913e-28
2.59089e-27
7.01709e-27
1.86248e-26
4.65777e-26
1.14252e-25
2.7927e-25
7.05139e-25
1.74519e-24
4.30038e-24
1.0346e-23
2.42884e-23
5.56366e-23
1.24296e-22
2.70548e-22
5.7216e-22
1.17201e-21
2.11994e-21
3.98985e-21
6.83991e-21
1.15888e-20
1.97175e-20
3.25598e-20
5.23786e-20
8.43629e-20
1.40697e-19
2.76974e-19
7.46926e-19
2.99884e-18
1.51547e-17
7.18334e-17
2.86122e-16
9.59952e-16
2.70996e-15
6.39918e-15
1.24686e-14
1.90977e-14
2.0907e-14
1.36942e-14
5.88604e-15
2.6437e-15
1.23327e-15
5.9523e-16
2.93332e-16
1.49412e-16
7.79366e-17
4.15501e-17
2.20996e-17
1.20497e-17
6.6343e-18
3.74925e-18
2.31227e-18
1.78469e-18
1.96915e-18
2.95332e-18
5.28258e-18
1.02354e-17
2.12091e-17
1.29859e-17
4.74523e-18
1.43255e-18
4.01654e-19
1.74881e-19
5.1064e-20
6.82341e-46
3.76218e-45
1.39822e-44
4.84059e-44
1.63436e-43
5.48645e-43
1.84359e-42
6.20573e-42
2.07395e-41
6.91157e-41
2.29696e-40
7.61549e-40
2.5221e-39
8.36778e-39
2.74194e-38
8.93765e-38
2.90021e-37
9.36247e-37
3.0116e-36
9.67618e-36
3.09128e-35
9.63545e-35
3.07321e-34
9.44644e-34
2.95739e-33
8.99135e-33
2.713e-32
8.11358e-32
2.43911e-31
7.23463e-31
2.07024e-30
6.12656e-30
1.72885e-29
4.84054e-29
1.34254e-28
3.64685e-28
9.82825e-28
2.5753e-27
6.80669e-27
1.79081e-26
4.61096e-26
1.13464e-25
2.74888e-25
6.96547e-25
1.73422e-24
4.27606e-24
1.03001e-23
2.42153e-23
5.55544e-23
1.24307e-22
2.7099e-22
5.7392e-22
1.1772e-21
2.13185e-21
4.01009e-21
6.8804e-21
1.16828e-20
1.98957e-20
3.28732e-20
5.29171e-20
8.53216e-20
1.42636e-19
2.8218e-19
7.66969e-19
3.10431e-18
1.5713e-17
7.42097e-17
2.94397e-16
9.83779e-16
2.76388e-15
6.49452e-15
1.25918e-14
1.91723e-14
2.0813e-14
1.34805e-14
5.78868e-15
2.60203e-15
1.21463e-15
5.86526e-16
2.89305e-16
1.47418e-16
7.69271e-17
4.10226e-17
2.18313e-17
1.19052e-17
6.55579e-18
3.70624e-18
2.28811e-18
1.76991e-18
1.95787e-18
2.94123e-18
5.26382e-18
1.02042e-17
2.11522e-17
1.28726e-17
4.69708e-18
1.41723e-18
3.97327e-19
1.73223e-19
5.05768e-20
6.71124e-46
3.59239e-45
1.34058e-44
4.62314e-44
1.5583e-43
5.22284e-43
1.76212e-42
5.87903e-42
1.95963e-41
6.58924e-41
2.18389e-40
7.22611e-40
2.38771e-39
7.89524e-39
2.62063e-38
8.55458e-38
2.77697e-37
8.97917e-37
2.9015e-36
9.16073e-36
2.96627e-35
9.32001e-35
2.92525e-34
9.11137e-34
2.81714e-33
8.59578e-33
2.61451e-32
7.83368e-32
2.35844e-31
6.91265e-31
2.00551e-30
5.8552e-30
1.6678e-29
4.68001e-29
1.26774e-28
3.51522e-28
9.45254e-28
2.49273e-27
6.6843e-27
1.78956e-26
4.45839e-26
1.13894e-25
2.76466e-25
6.86589e-25
1.71018e-24
4.23351e-24
1.02245e-23
2.40881e-23
5.53807e-23
1.24177e-22
2.7129e-22
5.7576e-22
1.18337e-21
2.14613e-21
4.03078e-21
6.92787e-21
1.17939e-20
2.01061e-20
3.32436e-20
5.35541e-20
8.64566e-20
1.44935e-19
2.88365e-19
7.91396e-19
3.23382e-18
1.63969e-17
7.71038e-17
3.04296e-16
1.01194e-15
2.82668e-15
6.60717e-15
1.27362e-14
1.92559e-14
2.06931e-14
1.32244e-14
5.67345e-15
2.55263e-15
1.19252e-15
5.76184e-16
2.84527e-16
1.4507e-16
7.57354e-17
4.03972e-17
2.15119e-17
1.17324e-17
6.46194e-18
3.65475e-18
2.25901e-18
1.75176e-18
1.94343e-18
2.92494e-18
5.23785e-18
1.01595e-17
2.10688e-17
1.27354e-17
4.63948e-18
1.39898e-18
3.92179e-19
1.71234e-19
4.99925e-20
6.35167e-46
3.39452e-45
1.26466e-44
4.35986e-44
1.46739e-43
4.88759e-43
1.66759e-42
5.55348e-42
1.84819e-41
6.13578e-41
2.03106e-40
6.71397e-40
2.22796e-39
7.34427e-39
2.41546e-38
7.96496e-38
2.58285e-37
8.35479e-37
2.70366e-36
8.6368e-36
2.75431e-35
8.68581e-35
2.7731e-34
8.62529e-34
2.66646e-33
8.12877e-33
2.50979e-32
7.56218e-32
2.25672e-31
6.63351e-31
1.97111e-30
5.65933e-30
1.6023e-29
4.50294e-29
1.24732e-28
3.4118e-28
9.25289e-28
2.43744e-27
6.57049e-27
1.75774e-26
4.42347e-26
1.11309e-25
2.74108e-25
6.7338e-25
1.68119e-24
4.17222e-24
1.01079e-23
2.38871e-23
5.50546e-23
1.2381e-22
2.71199e-22
5.77024e-22
1.18874e-21
2.16048e-21
4.04905e-21
6.97166e-21
1.19095e-20
2.03353e-20
3.36546e-20
5.42643e-20
8.77161e-20
1.47464e-19
2.95156e-19
8.18481e-19
3.37728e-18
1.71447e-17
8.02107e-17
3.1509e-16
1.04323e-15
2.89764e-15
6.73363e-15
1.28967e-14
1.9343e-14
2.05446e-14
1.29318e-14
5.54382e-15
2.49706e-15
1.16762e-15
5.64536e-16
2.79139e-16
1.4241e-16
7.43833e-17
3.96847e-17
2.11477e-17
1.15379e-17
6.356e-18
3.59645e-18
2.22577e-18
1.73054e-18
1.92577e-18
2.90402e-18
5.20387e-18
1.00998e-17
2.09539e-17
1.25775e-17
4.57429e-18
1.37843e-18
3.86389e-19
1.68967e-19
4.93271e-20
5.89516e-46
3.14252e-45
1.16675e-44
4.01243e-44
1.35085e-43
4.58321e-43
1.53624e-42
5.13872e-42
1.7137e-41
5.69886e-41
1.88866e-40
6.22554e-40
2.07967e-39
6.80724e-39
2.25145e-38
7.30009e-38
2.40949e-37
7.78588e-37
2.52083e-36
8.0652e-36
2.57516e-35
8.22274e-35
2.58843e-34
8.07652e-34
2.50459e-33
7.70698e-33
2.34813e-32
7.07284e-32
2.15363e-31
6.33761e-31
1.84945e-30
5.32108e-30
1.53444e-29
4.32097e-29
1.20337e-28
3.2812e-28
8.75195e-28
2.27639e-27
6.27092e-27
1.66825e-26
4.30217e-26
1.07626e-25
2.61425e-25
6.56036e-25
1.64138e-24
4.08979e-24
9.94302e-24
2.35832e-23
5.45631e-23
1.23088e-22
2.7068e-22
5.77945e-22
1.19469e-21
2.17766e-21
4.06658e-21
7.01956e-21
1.20418e-20
2.05866e-20
3.41058e-20
5.50553e-20
8.91449e-20
1.50386e-19
3.03163e-19
8.50471e-19
3.5485e-18
1.80411e-17
8.39613e-17
3.27512e-16
1.07898e-15
2.97606e-15
6.87295e-15
1.307e-14
1.94313e-14
2.03809e-14
1.26149e-14
5.40756e-15
2.43828e-15
1.14114e-15
5.52073e-16
2.73346e-16
1.39533e-16
7.29169e-17
3.89223e-17
2.07577e-17
1.13262e-17
6.24023e-18
3.53268e-18
2.18908e-18
1.70641e-18
1.90451e-18
2.87727e-18
5.15954e-18
1.00195e-17
2.07969e-17
1.2402e-17
4.50335e-18
1.35623e-18
3.80147e-19
1.66482e-19
4.85985e-20
5.31699e-46
2.83854e-45
1.05867e-44
3.66684e-44
1.2395e-43
4.16672e-43
1.39777e-42
4.68018e-42
1.56323e-41
5.20789e-41
1.73059e-40
5.73446e-40
1.8906e-39
6.20184e-39
2.03181e-38
6.71326e-38
2.19561e-37
7.11647e-37
2.29239e-36
7.33212e-36
2.34001e-35
7.41681e-35
2.34633e-34
7.31182e-34
2.3015e-33
7.07068e-33
2.15631e-32
6.54043e-32
1.94404e-31
5.71761e-31
1.69621e-30
5.02322e-30
1.42184e-29
4.12029e-29
1.14015e-28
3.12921e-28
8.48316e-28
2.1914e-27
6.03327e-27
1.61459e-26
4.08162e-26
1.02799e-25
2.49927e-25
6.33151e-25
1.58642e-24
3.96319e-24
9.70335e-24
2.31414e-23
5.38054e-23
1.21944e-22
2.69323e-22
5.77901e-22
1.20028e-21
2.19715e-21
4.07615e-21
7.0633e-21
1.21789e-20
2.09015e-20
3.46765e-20
5.59979e-20
9.07037e-20
1.53361e-19
3.11106e-19
8.83312e-19
3.72623e-18
1.89546e-17
8.76908e-17
3.40274e-16
1.11327e-15
3.04999e-15
7.04234e-15
1.32672e-14
1.95175e-14
2.01769e-14
1.22727e-14
5.26471e-15
2.37655e-15
1.11304e-15
5.38766e-16
2.67145e-16
1.36469e-16
7.13603e-17
3.8108e-17
2.03419e-17
1.11036e-17
6.11996e-18
3.46603e-18
2.15017e-18
1.67989e-18
1.87976e-18
2.84449e-18
5.10283e-18
9.91416e-18
2.05864e-17
1.2211e-17
4.42866e-18
1.33315e-18
3.73677e-19
1.63849e-19
4.78285e-20
4.57563e-46
2.52763e-45
9.39507e-45
3.24061e-44
1.09346e-43
3.67224e-43
1.23582e-42
4.13778e-42
1.38076e-41
4.59692e-41
1.52537e-40
5.03247e-40
1.65203e-39
5.54563e-39
1.82003e-38
5.96256e-38
1.9403e-37
6.3358e-37
2.05212e-36
6.62679e-36
2.1172e-35
6.69511e-35
2.1006e-34
6.58962e-34
2.02985e-33
6.32874e-33
1.94646e-32
5.88631e-32
1.77045e-31
5.19921e-31
1.57014e-30
4.60109e-30
1.35034e-29
3.82279e-29
1.06416e-28
2.99766e-28
8.03164e-28
2.13566e-27
5.78904e-27
1.54021e-26
3.91433e-26
9.89282e-26
2.43482e-25
6.01409e-25
1.51503e-24
3.8052e-24
9.35015e-24
2.24939e-23
5.26577e-23
1.20098e-22
2.66728e-22
5.75663e-22
1.20333e-21
2.2157e-21
4.06999e-21
7.083e-21
1.22687e-20
2.10954e-20
3.50494e-20
5.67085e-20
9.20417e-20
1.56316e-19
3.19926e-19
9.18829e-19
3.9177e-18
1.99441e-17
9.17678e-17
3.53966e-16
1.15023e-15
3.13471e-15
7.18453e-15
1.34314e-14
1.95791e-14
1.997e-14
1.19287e-14
5.12073e-15
2.31415e-15
1.08543e-15
5.25903e-16
2.61179e-16
1.33466e-16
6.98146e-17
3.72965e-17
1.99255e-17
1.08784e-17
5.99719e-18
3.39771e-18
2.10964e-18
1.65109e-18
1.8514e-18
2.80559e-18
5.03643e-18
9.7883e-18
2.03283e-17
1.20224e-17
4.35663e-18
1.31103e-18
3.67453e-19
1.61216e-19
4.70596e-20
3.9658e-46
2.21131e-45
8.18502e-45
2.81954e-44
9.51368e-44
3.18932e-43
1.06599e-42
3.55624e-42
1.18488e-41
3.94562e-41
1.3124e-40
4.35449e-40
1.44335e-39
4.79864e-39
1.58237e-38
5.20233e-38
1.71172e-37
5.50532e-37
1.81981e-36
5.83791e-36
1.86745e-35
5.94352e-35
1.8843e-34
5.90679e-34
1.83579e-33
5.673e-33
1.74412e-32
5.32783e-32
1.61828e-31
4.77598e-31
1.43651e-30
4.24529e-30
1.22594e-29
3.52563e-29
9.72231e-29
2.74362e-28
7.49349e-28
1.99129e-27
5.4616e-27
1.44592e-26
3.71411e-26
9.40095e-26
2.32306e-25
5.62454e-25
1.42986e-24
3.61235e-24
8.93463e-24
2.16073e-23
5.09038e-23
1.16884e-22
2.61465e-22
5.68218e-22
1.19788e-21
2.23191e-21
4.05039e-21
7.08834e-21
1.23422e-20
2.12975e-20
3.54988e-20
5.75557e-20
9.36899e-20
1.59853e-19
3.29395e-19
9.55861e-19
4.1178e-18
2.09768e-17
9.60503e-17
3.69214e-16
1.19171e-15
3.22599e-15
7.36875e-15
1.35944e-14
1.96276e-14
1.97654e-14
1.16308e-14
4.9972e-15
2.26052e-15
1.06051e-15
5.13986e-16
2.55563e-16
1.30666e-16
6.83729e-17
3.65229e-17
1.95178e-17
1.06557e-17
5.87439e-18
3.32885e-18
2.06822e-18
1.62096e-18
1.81996e-18
2.75979e-18
4.95525e-18
9.63225e-18
2.00071e-17
1.18355e-17
4.29005e-18
1.29122e-18
3.61937e-19
1.58774e-19
4.63475e-20
3.43394e-46
1.84506e-45
6.83496e-45
2.34069e-44
7.79413e-44
2.67523e-43
8.92563e-43
2.98624e-42
9.96834e-42
3.32109e-41
1.10426e-40
3.68819e-40
1.22533e-39
4.06523e-39
1.34095e-38
4.37687e-38
1.46013e-37
4.75119e-37
1.54235e-36
4.953e-36
1.58217e-35
5.12591e-35
1.61431e-34
5.13199e-34
1.5836e-33
4.97454e-33
1.52364e-32
4.60615e-32
1.42476e-31
4.28132e-31
1.28251e-30
3.76851e-30
1.1045e-29
3.15374e-29
8.87341e-29
2.47893e-28
6.78632e-28
1.84318e-27
4.96471e-27
1.33259e-26
3.46087e-26
8.82677e-26
2.26497e-25
5.51488e-25
1.32217e-24
3.37247e-24
8.35531e-24
2.02013e-23
4.79889e-23
1.10743e-22
2.48505e-22
5.4022e-22
1.1296e-21
2.25588e-21
4.04795e-21
7.0903e-21
1.24058e-20
2.14923e-20
3.59533e-20
5.85242e-20
9.56706e-20
1.63572e-19
3.38546e-19
9.93334e-19
4.3209e-18
2.20174e-17
1.00113e-16
3.81947e-16
1.22582e-15
3.30122e-15
7.4927e-15
1.37266e-14
1.964e-14
1.95158e-14
1.13168e-14
4.86915e-15
2.20476e-15
1.03525e-15
5.02001e-16
2.49918e-16
1.27844e-16
6.69264e-17
3.57673e-17
1.91233e-17
1.04435e-17
5.75876e-18
3.26392e-18
2.02802e-18
1.58915e-18
1.78386e-18
2.70473e-18
4.85671e-18
9.43955e-18
1.96039e-17
1.16513e-17
4.22886e-18
1.27357e-18
3.57031e-19
1.56429e-19
4.56673e-20
2.7467e-46
1.48012e-45
5.49987e-45
1.89189e-44
6.37657e-44
2.13738e-43
7.14442e-43
2.38532e-42
7.94946e-42
2.64517e-41
8.77169e-41
2.97451e-40
9.80007e-40
3.24856e-39
1.0801e-38
3.53385e-38
1.16513e-37
3.862e-37
1.25812e-36
4.05728e-36
1.31616e-35
4.23571e-35
1.36036e-34
4.31121e-34
1.35605e-33
4.22709e-33
1.30493e-32
3.98918e-32
1.20758e-31
3.59289e-31
1.11273e-30
3.28383e-30
9.52209e-30
2.76984e-29
7.891e-29
2.20721e-28
6.1127e-28
1.68234e-27
4.59413e-27
1.23401e-26
3.23468e-26
8.25221e-26
2.10444e-25
5.39665e-25
1.30237e-24
3.095e-24
7.77887e-24
1.89096e-23
4.48783e-23
1.04574e-22
2.36187e-22
5.17018e-22
1.09326e-21
2.233e-21
4.02413e-21
7.06804e-21
1.24303e-20
2.16324e-20
3.63295e-20
5.9324e-20
9.71888e-20
1.66748e-19
3.47175e-19
1.02779e-18
4.50695e-18
2.2943e-17
1.0405e-16
3.93743e-16
1.2576e-15
3.36776e-15
7.60185e-15
1.38339e-14
1.96264e-14
1.9271e-14
1.10086e-14
4.73941e-15
2.14755e-15
1.00951e-15
4.89906e-16
2.4423e-16
1.25011e-16
6.54781e-17
3.50096e-17
1.87251e-17
1.02297e-17
5.64242e-18
3.19815e-18
1.98603e-18
1.55374e-18
1.74065e-18
2.63589e-18
4.73163e-18
9.19235e-18
1.90828e-17
1.14675e-17
4.1745e-18
1.25877e-18
3.52961e-19
1.54223e-19
4.50312e-20
2.06497e-46
1.1153e-45
4.13126e-45
1.42336e-44
4.81589e-44
1.61782e-43
5.41817e-43
1.81205e-42
6.05403e-42
2.02191e-41
6.75753e-41
2.2504e-40
7.50849e-40
2.49745e-39
8.34547e-39
2.75664e-38
9.05442e-38
3.04649e-37
9.93816e-37
3.26419e-36
1.05955e-35
3.39154e-35
1.08984e-34
3.46613e-34
1.11148e-33
3.42968e-33
1.0827e-32
3.30559e-32
1.00675e-31
3.10352e-31
9.40525e-31
2.79687e-30
8.0604e-30
2.38724e-29
6.81312e-29
1.94898e-28
5.37962e-28
1.5205e-27
4.17216e-27
1.11103e-26
2.92254e-26
7.56081e-26
1.917e-25
4.88534e-25
1.25267e-24
3.12837e-24
7.38963e-24
1.74916e-23
4.20243e-23
9.82083e-23
2.2484e-22
4.97743e-22
1.06362e-21
2.19532e-21
3.98201e-21
7.0241e-21
1.24168e-20
2.17189e-20
3.66429e-20
6.00695e-20
9.87308e-20
1.69891e-19
3.55138e-19
1.05669e-18
4.65881e-18
2.37447e-17
1.07194e-16
4.04385e-16
1.28612e-15
3.42853e-15
7.70015e-15
1.39183e-14
1.95794e-14
1.90126e-14
1.07405e-14
4.62883e-15
2.09911e-15
9.87028e-16
4.79091e-16
2.39009e-16
1.2237e-16
6.41116e-17
3.42893e-17
1.83398e-17
1.00219e-17
5.52877e-18
3.13276e-18
1.94205e-18
1.51309e-18
1.68684e-18
2.54666e-18
4.56741e-18
8.86492e-18
1.83881e-17
1.12775e-17
4.1267e-18
1.24709e-18
3.49872e-19
1.5215e-19
4.4439e-20
1.4118e-46
7.71018e-46
2.88605e-45
9.78103e-45
3.34307e-44
1.11641e-43
3.73735e-43
1.25146e-42
4.19811e-42
1.40904e-41
4.73053e-41
1.5867e-40
5.33259e-40
1.80227e-39
6.06003e-39
2.03212e-38
6.78919e-38
2.25641e-37
7.45492e-37
2.45003e-36
7.91111e-36
2.62382e-35
8.30307e-35
2.71464e-34
8.74894e-34
2.75879e-33
8.63624e-33
2.68056e-32
8.24982e-32
2.52062e-31
7.69882e-31
2.3196e-30
6.83727e-30
2.02054e-29
5.8243e-29
1.65495e-28
4.68341e-28
1.2951e-27
3.70978e-27
9.97734e-27
2.62123e-26
6.69901e-26
1.72905e-25
4.26762e-25
1.10813e-24
2.86009e-24
7.19419e-24
1.62261e-23
3.93084e-23
9.28206e-23
2.14e-22
4.77678e-22
1.02989e-21
2.14471e-21
3.91546e-21
6.94707e-21
1.23584e-20
2.17459e-20
3.68879e-20
6.07471e-20
1.00192e-19
1.72748e-19
3.61735e-19
1.08073e-18
4.79111e-18
2.44362e-17
1.10098e-16
4.14486e-16
1.31003e-15
3.47698e-15
7.76514e-15
1.396e-14
1.95027e-14
1.87556e-14
1.04921e-14
4.52542e-15
2.05325e-15
9.65801e-16
4.68887e-16
2.34018e-16
1.19835e-16
6.27944e-17
3.35941e-17
1.79625e-17
9.81842e-18
5.41694e-18
3.06687e-18
1.89462e-18
1.46451e-18
1.61741e-18
2.42772e-18
4.34623e-18
8.42213e-18
1.7447e-17
1.10709e-17
4.08522e-18
1.23877e-18
3.47977e-19
1.50207e-19
4.38901e-20
9.23212e-47
4.999e-46
1.8455e-45
6.33562e-45
2.13851e-44
7.17921e-44
2.40764e-43
8.09488e-43
2.75718e-42
9.3228e-42
3.16825e-41
1.07444e-40
3.64722e-40
1.22448e-39
4.21293e-39
1.41298e-38
4.71949e-38
1.60082e-37
5.35165e-37
1.77502e-36
5.922e-36
1.94926e-35
6.35142e-35
2.06175e-34
6.67795e-34
2.12009e-33
6.67664e-33
2.12181e-32
6.58696e-32
2.00914e-31
6.25614e-31
1.87896e-30
5.58143e-30
1.66157e-29
4.88046e-29
1.38021e-28
3.96986e-28
1.11416e-27
3.11861e-27
8.64068e-27
2.28455e-26
5.95699e-26
1.526e-25
3.93971e-25
9.96259e-25
2.62055e-24
6.88184e-24
1.59813e-23
3.64349e-23
8.56558e-23
1.9895e-22
4.52647e-22
9.87218e-22
2.07407e-21
3.80589e-21
6.82631e-21
1.22702e-20
2.17256e-20
3.70734e-20
6.14071e-20
1.01732e-19
1.75848e-19
3.68887e-19
1.1055e-18
4.9234e-18
2.51503e-17
1.13231e-16
4.24168e-16
1.33686e-15
3.52513e-15
7.82228e-15
1.39856e-14
1.9401e-14
1.8489e-14
1.02558e-14
4.42566e-15
2.00814e-15
9.44675e-16
4.58689e-16
2.28953e-16
1.17255e-16
6.14537e-17
3.28891e-17
1.75772e-17
9.61138e-18
5.30297e-18
2.99796e-18
1.84119e-18
1.40417e-18
1.5255e-18
2.26631e-18
4.04294e-18
7.81358e-18
1.61535e-17
1.08289e-17
4.04725e-18
1.23346e-18
3.47138e-19
1.48251e-19
4.33478e-20
5.4108e-47
2.91196e-46
1.05127e-45
3.51632e-45
1.16172e-44
3.86201e-44
1.29153e-43
4.3635e-43
1.4892e-42
5.12258e-42
1.77264e-41
6.15645e-41
2.13965e-40
7.38553e-40
2.58784e-39
8.92351e-39
3.0916e-38
1.05768e-37
3.624e-37
1.22313e-36
4.11312e-36
1.37392e-35
4.55226e-35
1.49757e-34
4.89117e-34
1.58322e-33
5.08022e-33
1.61963e-32
5.08505e-32
1.57692e-31
4.83441e-31
1.47198e-30
4.41513e-30
1.3465e-29
3.98084e-29
1.1225e-28
3.36755e-28
9.50666e-28
2.6635e-27
7.19113e-27
1.95932e-26
5.10143e-26
1.31755e-25
3.44308e-25
8.77013e-25
2.34998e-24
6.05998e-24
1.54743e-23
3.51498e-23
7.82645e-23
1.84345e-22
4.21397e-22
9.38111e-22
1.99726e-21
3.70229e-21
6.6727e-21
1.21182e-20
2.16665e-20
3.72717e-20
6.21573e-20
1.0352e-19
1.79451e-19
3.76933e-19
1.13343e-18
5.07125e-18
2.59732e-17
1.16619e-16
4.35901e-16
1.36451e-15
3.57909e-15
7.88868e-15
1.40051e-14
1.92588e-14
1.81359e-14
9.94972e-15
4.29762e-15
1.95309e-15
9.19815e-16
4.46974e-16
2.23232e-16
1.14392e-16
5.99874e-17
3.21284e-17
1.71648e-17
9.39216e-18
5.18267e-18
2.92353e-18
1.77941e-18
1.32861e-18
1.40458e-18
2.04962e-18
3.62958e-18
6.98012e-18
1.43763e-17
1.05348e-17
4.01402e-18
1.23228e-18
3.47733e-19
1.46301e-19
4.28228e-20
4.45775e-47
2.42365e-46
8.44913e-46
2.68294e-45
8.40472e-45
2.66715e-44
8.67064e-44
2.89662e-43
9.90925e-43
3.42612e-42
1.17664e-41
4.26138e-41
1.48745e-40
5.32481e-40
1.8584e-39
6.47917e-39
2.24249e-38
7.69877e-38
2.62572e-37
8.90928e-37
3.01771e-36
1.01309e-35
3.38031e-35
1.10178e-34
3.69817e-34
1.19574e-33
3.8455e-33
1.21751e-32
3.86463e-32
1.19898e-31
3.7015e-31
1.16492e-30
3.52395e-30
1.07117e-29
3.17671e-29
9.30594e-29
2.69542e-28
7.68225e-28
2.17797e-27
6.05769e-27
1.6308e-26
4.33109e-26
1.12649e-25
2.93046e-25
7.71077e-25
2.05727e-24
5.39064e-24
1.36024e-23
3.38415e-23
7.62834e-23
1.68414e-22
3.87722e-22
8.63131e-22
1.82118e-21
3.62744e-21
6.53913e-21
1.1935e-20
2.1535e-20
3.7427e-20
6.30287e-20
1.05814e-19
1.84425e-19
3.88955e-19
1.17323e-18
5.28879e-18
2.70971e-17
1.21061e-16
4.51302e-16
1.40154e-15
3.64938e-15
7.97354e-15
1.40425e-14
1.9111e-14
1.77504e-14
9.59758e-15
4.19241e-15
1.90352e-15
8.96017e-16
4.35343e-16
2.17348e-16
1.11393e-16
5.84368e-17
3.13226e-17
1.6734e-17
9.16417e-18
5.0576e-18
2.84459e-18
1.71021e-18
1.23893e-18
1.25605e-18
1.77923e-18
3.10277e-18
5.91141e-18
1.20871e-17
1.02103e-17
3.99966e-18
1.24007e-18
3.51132e-19
1.44727e-19
4.24328e-20
8.80954e-47
4.69328e-46
1.59498e-45
4.87555e-45
1.43158e-44
4.19213e-44
1.21821e-43
3.50914e-43
1.04847e-42
3.30687e-42
1.07584e-41
3.5859e-41
1.21285e-40
4.20838e-40
1.44464e-39
4.96879e-39
1.70861e-38
5.86702e-38
2.01277e-37
6.84117e-37
2.31006e-36
7.75048e-36
2.5863e-35
8.56888e-35
2.81946e-34
9.17308e-34
2.95422e-33
9.41896e-33
2.9746e-32
9.32617e-32
2.89674e-31
9.0399e-31
2.76514e-30
8.36814e-30
2.51288e-29
7.40897e-29
2.16012e-28
6.09786e-28
1.77889e-27
5.03216e-27
1.36111e-26
3.64758e-26
9.55965e-26
2.50465e-25
6.51028e-25
1.7506e-24
4.65241e-24
1.19877e-23
2.96617e-23
7.06644e-23
1.48525e-22
3.43328e-22
7.60713e-22
1.64621e-21
3.36333e-21
6.44623e-21
1.18107e-20
2.14951e-20
3.77644e-20
6.42369e-20
1.08736e-19
1.90428e-19
4.02368e-19
1.21851e-18
5.54095e-18
2.84902e-17
1.26898e-16
4.70916e-16
1.45233e-15
3.74941e-15
8.10924e-15
1.41164e-14
1.89542e-14
1.73035e-14
9.21277e-15
4.03754e-15
1.83629e-15
8.65532e-16
4.21036e-16
2.10372e-16
1.07929e-16
5.66791e-17
3.04182e-17
1.62622e-17
8.92414e-18
4.93018e-18
2.76509e-18
1.63897e-18
1.14359e-18
1.09648e-18
1.48353e-18
2.52779e-18
4.73283e-18
9.5577e-18
9.96744e-18
4.0437e-18
1.26868e-18
3.60759e-19
1.44981e-19
4.25873e-20
1.8304e-46
9.90872e-46
3.73939e-45
1.29947e-44
4.3643e-44
1.43016e-43
4.54149e-43
1.39036e-42
4.11204e-42
1.18786e-41
3.40355e-41
9.75187e-41
2.81576e-40
8.24944e-40
2.44527e-39
7.25741e-39
2.30682e-38
7.15082e-38
2.2497e-37
7.16974e-37
2.27677e-36
7.25571e-36
2.31134e-35
7.26996e-35
2.37168e-34
7.49629e-34
2.36422e-33
7.56337e-33
2.36536e-32
7.38794e-32
2.30142e-31
7.09081e-31
2.11783e-30
6.52509e-30
1.96984e-29
5.92614e-29
1.73918e-28
5.01037e-28
1.43605e-27
4.03741e-27
1.11963e-26
2.95335e-26
7.81295e-26
2.05127e-25
5.44855e-25
1.44172e-24
3.82077e-24
9.85654e-24
2.45979e-23
5.93804e-23
1.42356e-22
3.03209e-22
6.84936e-22
1.49462e-21
3.10915e-21
6.25406e-21
1.16279e-20
2.1409e-20
3.81022e-20
6.56728e-20
1.12538e-19
1.99005e-19
4.24157e-19
1.29913e-18
5.96445e-18
3.07646e-17
1.36711e-16
5.00117e-16
1.52003e-15
3.87407e-15
8.27187e-15
1.42314e-14
1.88169e-14
1.68403e-14
8.82513e-15
3.86522e-15
1.76179e-15
8.32087e-16
4.05523e-16
2.02999e-16
1.04317e-16
5.484e-17
2.93915e-17
1.59654e-17
8.76136e-18
4.8387e-18
2.70425e-18
1.57997e-18
1.05903e-18
9.4914e-19
1.21449e-18
2.00892e-18
3.71387e-18
7.40057e-18
9.96775e-18
4.19699e-18
1.33163e-18
3.80303e-19
1.48273e-19
4.35868e-20
2.02859e-46
1.18645e-45
5.00429e-45
1.92179e-44
6.91079e-44
2.38679e-43
7.70579e-43
2.38357e-42
7.19444e-42
2.14616e-41
6.40897e-41
1.78008e-40
4.89313e-40
1.3784e-39
3.84922e-39
1.10308e-38
3.19001e-38
9.32867e-38
2.75127e-37
8.19697e-37
2.4614e-36
7.44186e-36
2.26024e-35
6.89366e-35
2.12983e-34
6.56701e-34
2.0212e-33
6.22732e-33
1.90768e-32
5.82786e-32
1.77891e-31
5.44531e-31
1.63695e-30
4.93029e-30
1.49373e-29
4.37595e-29
1.31035e-28
3.82083e-28
1.08984e-27
3.18055e-27
8.72014e-27
2.32452e-26
6.16695e-26
1.58986e-25
3.99502e-25
1.07144e-24
2.88815e-24
7.63834e-24
1.96778e-23
4.95771e-23
1.19857e-22
2.84525e-22
5.98716e-22
1.31726e-21
2.84877e-21
5.83176e-21
1.12072e-20
2.11705e-20
3.84874e-20
6.72722e-20
1.16727e-19
2.08378e-19
4.47447e-19
1.38385e-18
6.44698e-18
3.33873e-17
1.4747e-16
5.32677e-16
1.60128e-15
4.03495e-15
8.46474e-15
1.43713e-14
1.87147e-14
1.64464e-14
8.50848e-15
3.73674e-15
1.70602e-15
8.07068e-16
3.9397e-16
1.97562e-16
1.01691e-16
5.35468e-17
2.87478e-17
1.56639e-17
8.61735e-18
4.76647e-18
2.66071e-18
1.53998e-18
1.00469e-18
8.60027e-19
1.05499e-18
1.70749e-18
3.13132e-18
6.22729e-18
1.01746e-17
4.4186e-18
1.41675e-18
4.05059e-19
1.53334e-19
4.50951e-20
)
;

boundaryField
{
    fuel
    {
        type            fixedValue;
        value           uniform 0;
    }
    air
    {
        type            fixedValue;
        value           uniform 0;
    }
    outlet
    {
        type            inletOutlet;
        inletValue      uniform 0;
        value           nonuniform List<scalar> 
200
(
0
0
0
0
0
0
0
0
0
0
6.16616e-41
1.72639e-40
4.77845e-40
1.32857e-39
3.7293e-39
1.0557e-38
3.00588e-38
8.91568e-38
2.612e-37
7.74271e-37
2.30735e-36
6.82353e-36
2.16118e-35
6.57719e-35
2.03188e-34
6.26092e-34
1.90623e-33
5.99024e-33
1.83271e-32
5.60802e-32
1.71588e-31
5.24168e-31
1.58453e-30
4.75844e-30
1.42217e-29
4.10404e-29
1.20313e-28
3.58042e-28
1.0392e-27
2.98536e-27
8.27402e-27
2.2511e-26
5.99012e-26
1.55676e-25
3.94839e-25
1.05086e-24
2.84413e-24
7.57549e-24
1.96484e-23
4.92812e-23
1.19048e-22
2.8095e-22
5.93742e-22
1.31527e-21
2.82777e-21
5.80962e-21
1.11771e-20
2.11502e-20
3.85238e-20
6.74415e-20
1.17032e-19
2.08376e-19
4.44088e-19
1.35772e-18
6.28188e-18
3.25935e-17
1.4461e-16
5.24077e-16
1.57966e-15
3.99101e-15
8.41244e-15
1.43309e-14
1.87573e-14
1.66084e-14
8.67238e-15
3.80956e-15
1.73912e-15
8.22641e-16
4.01553e-16
2.0112e-16
1.03501e-16
5.44867e-17
2.92394e-17
1.5933e-17
8.76939e-18
4.85261e-18
2.70897e-18
1.56625e-18
1.01716e-18
8.63541e-19
1.05124e-18
1.69514e-18
3.10479e-18
6.18091e-18
1.03919e-17
4.53184e-18
1.45498e-18
4.16127e-19
1.56894e-19
4.61504e-20
0
0
0
0
0
0
0
0
0
0
6.40897e-41
1.78008e-40
4.89313e-40
1.3784e-39
3.84922e-39
1.10308e-38
3.19001e-38
9.32867e-38
2.75127e-37
8.19697e-37
2.4614e-36
7.44186e-36
2.26024e-35
6.89366e-35
2.12983e-34
6.56701e-34
2.0212e-33
6.22732e-33
1.90768e-32
5.82786e-32
1.77891e-31
5.44531e-31
1.63695e-30
4.93029e-30
1.49373e-29
4.37595e-29
1.31035e-28
3.82083e-28
1.08984e-27
3.18055e-27
8.72014e-27
2.32452e-26
6.16695e-26
1.58986e-25
3.99502e-25
1.07144e-24
2.88815e-24
7.63834e-24
1.96778e-23
4.95771e-23
1.19857e-22
2.84525e-22
5.98716e-22
1.31726e-21
2.84877e-21
5.83176e-21
1.12072e-20
2.11705e-20
3.84874e-20
6.72722e-20
1.16727e-19
2.08378e-19
4.47447e-19
1.38385e-18
6.44698e-18
3.33873e-17
1.4747e-16
5.32677e-16
1.60128e-15
4.03495e-15
8.46474e-15
1.43713e-14
1.87147e-14
1.64464e-14
8.50848e-15
3.73674e-15
1.70602e-15
8.07068e-16
3.9397e-16
1.97562e-16
1.01691e-16
5.35468e-17
2.87478e-17
1.56639e-17
8.61735e-18
4.76647e-18
2.66071e-18
1.53998e-18
1.00469e-18
8.60027e-19
1.05499e-18
1.70749e-18
3.13132e-18
6.22729e-18
1.01746e-17
4.4186e-18
1.41675e-18
4.05059e-19
1.53334e-19
4.50951e-20
)
;
    }
    frontAndBack
    {
        type            empty;
    }
    internal
    {
        type            internal;
    }
}


// ************************************************************************* //
