/*--------------------------------*- C++ -*----------------------------------*\
  =========                 |
  \\      /  F ield         | OpenFOAM: The Open Source CFD Toolbox
   \\    /   O peration     | Website:  https://openfoam.org
    \\  /    A nd           | Version:  10
     \\/     M anipulation  |
\*---------------------------------------------------------------------------*/
FoamFile
{
    format      ascii;
    class       volScalarField;
    location    "1";
    object      C7H14;
}
// * * * * * * * * * * * * * * * * * * * * * * * * * * * * * * * * * * * * * //

dimensions      [0 0 0 0 0 0 0];

internalField   nonuniform List<scalar> 
4000
(
1.30194e-22
2.11145e-22
2.65317e-22
3.45492e-22
4.62659e-22
5.58138e-22
6.73087e-22
8.09556e-22
9.99052e-22
1.28899e-21
1.73774e-21
2.17048e-21
2.63106e-21
3.07702e-21
3.62097e-21
4.28988e-21
5.09584e-21
6.52148e-21
9.77578e-21
1.80253e-20
4.04485e-20
1.0317e-19
3.00533e-19
8.67514e-19
2.57179e-18
7.64167e-18
2.24845e-17
6.82091e-17
2.01714e-16
5.96569e-16
1.76427e-15
5.20981e-15
1.52217e-14
4.41978e-14
1.27685e-13
3.56557e-13
1.01035e-12
2.90483e-12
8.14664e-12
2.26212e-11
6.06622e-11
1.59648e-10
4.11093e-10
1.03364e-09
2.53478e-09
6.50988e-09
1.70107e-08
4.37768e-08
1.09691e-07
2.65481e-07
6.17911e-07
1.40248e-06
2.85459e-06
6.04583e-06
1.23794e-05
2.40491e-05
4.36646e-05
7.72033e-05
0.000129328
0.000204789
0.00030596
0.000426739
0.000571563
0.00073639
0.000915307
0.00110143
0.00128888
0.00146764
0.00163258
0.0017777
0.00189244
0.00195683
0.0019332
0.00176012
0.00140446
0.000973271
0.000618229
0.000358512
0.000189847
9.64277e-05
4.95134e-05
2.59763e-05
1.38939e-05
7.54062e-06
4.1254e-06
2.25641e-06
1.22393e-06
6.53459e-07
3.41061e-07
1.73031e-07
8.52841e-08
4.03342e-08
2.06182e-08
1.29444e-08
9.71594e-09
7.50405e-09
5.49255e-09
3.66513e-09
2.07935e-09
6.17256e-10
6.54514e-23
4.21413e-22
6.17582e-22
1.094e-21
1.48945e-21
1.68305e-21
1.91588e-21
2.11347e-21
2.47417e-21
2.91844e-21
3.30788e-21
3.78765e-21
4.28024e-21
4.66786e-21
5.16216e-21
5.78065e-21
6.47647e-21
7.76925e-21
1.06648e-20
1.84026e-20
4.0682e-20
1.08284e-19
3.15729e-19
9.53155e-19
2.91955e-18
8.9239e-18
2.72463e-17
8.29322e-17
2.50198e-16
7.47395e-16
2.22328e-15
6.90081e-15
2.03517e-14
5.88597e-14
1.69188e-13
4.79507e-13
1.37817e-12
3.83973e-12
1.06883e-11
2.90507e-11
7.80149e-11
2.02979e-10
5.22731e-10
1.3104e-09
3.33811e-09
8.6989e-09
2.24409e-08
5.665e-08
1.39907e-07
3.37567e-07
7.29848e-07
1.49417e-06
3.22957e-06
6.69852e-06
1.35369e-05
2.6312e-05
4.65131e-05
8.05922e-05
0.000133098
0.000207495
0.000307468
0.000426651
0.000569427
0.00073202
0.000908458
0.00109275
0.00127911
0.00145895
0.00162465
0.00177124
0.00188882
0.00195698
0.00193896
0.0017727
0.00142029
0.000985323
0.000625756
0.00036263
0.000191798
9.72843e-05
4.98941e-05
2.61519e-05
1.39752e-05
7.57452e-06
4.1367e-06
2.25794e-06
1.22184e-06
6.50569e-07
3.3838e-07
1.71022e-07
8.39724e-08
3.96682e-08
2.04426e-08
1.30217e-08
9.82452e-09
7.56936e-09
5.5195e-09
3.67123e-09
2.07873e-09
6.15476e-10
4.83753e-22
8.10251e-22
1.34316e-21
1.8884e-21
2.86383e-21
3.0969e-21
3.37855e-21
3.78058e-21
4.33216e-21
4.54589e-21
4.97352e-21
5.30222e-21
5.653e-21
5.98058e-21
6.25154e-21
6.70819e-21
7.16762e-21
8.2588e-21
1.13096e-20
1.93747e-20
4.39074e-20
1.20802e-19
3.64342e-19
1.13177e-18
3.53169e-18
1.09862e-17
3.4078e-17
1.05894e-16
3.21615e-16
9.69802e-16
2.98219e-15
8.86093e-15
2.57269e-14
7.53695e-14
2.19214e-13
6.23064e-13
1.74082e-12
4.83066e-12
1.32849e-11
3.56367e-11
9.44659e-11
2.36618e-10
6.32252e-10
1.55759e-09
4.0878e-09
1.04125e-08
2.68728e-08
6.71822e-08
1.60743e-07
3.80624e-07
8.18746e-07
1.68768e-06
3.62689e-06
7.61866e-06
1.49159e-05
2.74977e-05
4.7897e-05
8.23586e-05
0.000135107
0.000209755
0.000309155
0.00042723
0.000568263
0.000728497
0.000902897
0.00108546
0.00127047
0.00144961
0.00161684
0.00176529
0.00188589
0.00195751
0.00194496
0.00178621
0.00143821
0.00099899
0.0006342
0.000367167
0.000193895
9.82189e-05
5.03395e-05
2.63634e-05
1.40727e-05
7.60792e-06
4.14469e-06
2.25619e-06
1.21714e-06
6.45707e-07
3.3454e-07
1.68095e-07
8.20989e-08
3.87709e-08
2.02441e-08
1.31492e-08
9.98473e-09
7.67776e-09
5.57956e-09
3.70208e-09
2.0925e-09
6.18292e-10
2.74128e-22
6.01425e-22
1.15143e-21
1.56788e-21
2.00822e-21
2.45074e-21
2.58375e-21
2.821e-21
3.45807e-21
4.03756e-21
4.56271e-21
4.88432e-21
5.25642e-21
5.78783e-21
6.37728e-21
7.14208e-21
8.18112e-21
9.82889e-21
1.36509e-20
2.42084e-20
5.70257e-20
1.60907e-19
4.85847e-19
1.50508e-18
4.74401e-18
1.47322e-17
4.54816e-17
1.39074e-16
4.12376e-16
1.29061e-15
3.83406e-15
1.13542e-14
3.31624e-14
9.64853e-14
2.78094e-13
7.85096e-13
2.17723e-12
6.03019e-12
1.61923e-11
4.41457e-11
1.1595e-10
2.96213e-10
7.66112e-10
1.88709e-09
4.73755e-09
1.23062e-08
3.13378e-08
7.67529e-08
1.86441e-07
4.06101e-07
8.62367e-07
1.92563e-06
4.14312e-06
8.43031e-06
1.62257e-05
2.83089e-05
4.92945e-05
8.41956e-05
0.000137366
0.000211601
0.000310279
0.000427258
0.00056686
0.000725604
0.000898364
0.00107936
0.00126308
0.00144243
0.00161037
0.00176024
0.00188303
0.00195785
0.00195014
0.00179788
0.00145584
0.00100731
0.000640192
0.000370654
0.000195587
9.90041e-05
5.07261e-05
2.65718e-05
1.4219e-05
7.57706e-06
4.12922e-06
2.24619e-06
1.20994e-06
6.40779e-07
3.31852e-07
1.6417e-07
7.99656e-08
3.78945e-08
2.00928e-08
1.33122e-08
1.0177e-08
7.80733e-09
5.65761e-09
3.7459e-09
2.11382e-09
6.23403e-10
1.64473e-22
4.19977e-22
6.38386e-22
1.00821e-21
1.41595e-21
1.72938e-21
2.23176e-21
2.54705e-21
3.02886e-21
3.61049e-21
4.12504e-21
4.63819e-21
5.15337e-21
5.73125e-21
6.62878e-21
7.76269e-21
9.05063e-21
1.09559e-20
1.62131e-20
3.08788e-20
7.63035e-20
2.18365e-19
6.6083e-19
2.04131e-18
6.32945e-18
1.9525e-17
5.98417e-17
1.84157e-16
5.55667e-16
1.66018e-15
4.9212e-15
1.48051e-14
4.28479e-14
1.23652e-13
3.50915e-13
9.82561e-13
2.70279e-12
7.26508e-12
1.99047e-11
5.29279e-11
1.37561e-10
3.51198e-10
8.76197e-10
2.21186e-09
5.5047e-09
1.41559e-08
3.52847e-08
8.72468e-08
1.95939e-07
4.20736e-07
9.56885e-07
2.11063e-06
4.54783e-06
9.3501e-06
1.67613e-05
2.91955e-05
5.06583e-05
8.57988e-05
0.000138965
0.00021328
0.000311504
0.000427725
0.000566188
0.000723559
0.00089479
0.00107411
0.00125745
0.00143697
0.0016057
0.00175646
0.00188103
0.00195843
0.00195469
0.00180809
0.00146965
0.00101761
0.000646445
0.000374016
0.000197108
9.96812e-05
5.10515e-05
2.67338e-05
1.42975e-05
7.61406e-06
4.14213e-06
2.24872e-06
1.20847e-06
6.38229e-07
3.29411e-07
1.62448e-07
7.88354e-08
3.74454e-08
2.01118e-08
1.35305e-08
1.03898e-08
7.95437e-09
5.7502e-09
3.80044e-09
2.1416e-09
6.30629e-10
7.54251e-23
2.48243e-22
5.14605e-22
8.91462e-22
1.21521e-21
1.55676e-21
1.98502e-21
2.34103e-21
2.53509e-21
2.9202e-21
3.45085e-21
4.17185e-21
4.78445e-21
5.31273e-21
6.17468e-21
7.48407e-21
8.98503e-21
1.21553e-20
1.97371e-20
4.16047e-20
1.08704e-19
3.09956e-19
9.28456e-19
2.82415e-18
8.67593e-18
2.67739e-17
8.08693e-17
2.41555e-16
7.3087e-16
2.15048e-15
6.2453e-15
1.8905e-14
5.39095e-14
1.52864e-13
4.24154e-13
1.19278e-12
3.22256e-12
8.50254e-12
2.3607e-11
6.41447e-11
1.62709e-10
4.06157e-10
1.01425e-09
2.52136e-09
6.3444e-09
1.58389e-08
4.03168e-08
9.20671e-08
2.04242e-07
4.61983e-07
1.04248e-06
2.2942e-06
4.84336e-06
9.84704e-06
1.75331e-05
3.01979e-05
5.1764e-05
8.734e-05
0.000140464
0.000214554
0.000312278
0.000427724
0.000565207
0.000721509
0.000891814
0.00107051
0.00125299
0.00143193
0.00160101
0.00175294
0.00187914
0.00195847
0.00195767
0.00181472
0.00147905
0.0010255
0.000651541
0.000376803
0.000198423
0.000100301
5.13572e-05
2.68886e-05
1.43733e-05
7.65712e-06
4.16172e-06
2.2564e-06
1.21049e-06
6.37895e-07
3.28321e-07
1.6162e-07
7.82174e-08
3.72628e-08
2.02264e-08
1.3762e-08
1.05952e-08
8.10052e-09
5.8458e-09
3.85864e-09
2.1721e-09
6.38875e-10
4.82852e-23
2.10002e-22
3.94581e-22
6.33294e-22
8.36004e-22
1.0889e-21
1.42459e-21
1.8047e-21
2.46312e-21
3.01988e-21
3.66016e-21
4.28191e-21
4.89888e-21
5.69547e-21
6.44085e-21
7.562e-21
9.3123e-21
1.29401e-20
2.26355e-20
5.20367e-20
1.4156e-19
4.14338e-19
1.2329e-18
3.82277e-18
1.15249e-17
3.46404e-17
1.03853e-16
3.0113e-16
9.23669e-16
2.72631e-15
7.92132e-15
2.28258e-14
6.55149e-14
1.85335e-13
5.12564e-13
1.42444e-12
3.92093e-12
1.02484e-11
2.82679e-11
7.38519e-11
1.87833e-10
4.71225e-10
1.15737e-09
2.85524e-09
7.01776e-09
1.76223e-08
4.28613e-08
9.35024e-08
2.18857e-07
4.99165e-07
1.11074e-06
2.41489e-06
5.05458e-06
1.01926e-05
1.80514e-05
3.09654e-05
5.26754e-05
8.83547e-05
0.000141563
0.000215449
0.000312643
0.000427413
0.000564017
0.000719403
0.000888842
0.00106697
0.00124908
0.00142765
0.00159718
0.00174982
0.00187724
0.00195825
0.00196007
0.00182086
0.00148809
0.00103303
0.000656764
0.000379865
0.000199977
0.000101036
5.1723e-05
2.7075e-05
1.44676e-05
7.71e-06
4.18789e-06
2.26856e-06
1.21555e-06
6.39552e-07
3.28503e-07
1.61522e-07
7.80178e-08
3.72695e-08
2.03952e-08
1.3991e-08
1.07918e-08
8.24203e-09
5.94048e-09
3.91748e-09
2.20351e-09
6.47579e-10
1.54001e-22
3.23323e-22
6.1067e-22
1.03388e-21
1.36105e-21
1.75509e-21
2.04289e-21
2.41659e-21
2.84949e-21
3.32292e-21
3.80995e-21
4.57205e-21
5.36405e-21
6.21203e-21
6.97416e-21
8.20692e-21
1.05155e-20
1.52367e-20
2.8241e-20
6.71602e-20
1.84624e-19
5.43104e-19
1.63545e-18
4.94295e-18
1.48999e-17
4.47007e-17
1.32944e-16
3.89618e-16
1.12772e-15
3.27037e-15
9.58715e-15
2.79041e-14
7.91204e-14
2.2127e-13
6.04522e-13
1.65939e-12
4.52661e-12
1.17143e-11
3.17603e-11
8.41101e-11
2.12793e-10
5.2639e-10
1.30889e-09
3.18974e-09
7.85975e-09
1.95146e-08
4.45871e-08
1.01291e-07
2.35602e-07
5.33611e-07
1.1858e-06
2.54452e-06
5.26743e-06
1.05243e-05
1.85206e-05
3.1574e-05
5.34151e-05
8.91771e-05
0.000142306
0.000215888
0.00031251
0.000426594
0.000562333
0.00071699
0.00088554
0.00106257
0.00124474
0.00142323
0.00159328
0.00174649
0.00187501
0.00195771
0.00196223
0.00182701
0.00149762
0.0010413
0.000662514
0.000383441
0.000201905
0.000101955
5.21821e-05
2.73098e-05
1.45888e-05
7.77592e-06
4.22188e-06
2.28557e-06
1.22365e-06
6.43124e-07
3.29877e-07
1.62073e-07
7.81811e-08
3.74238e-08
2.05979e-08
1.42097e-08
1.09746e-08
8.37544e-09
6.03149e-09
3.97494e-09
2.23464e-09
6.56352e-10
1.38913e-22
4.25424e-22
7.64107e-22
1.20832e-21
1.46254e-21
1.82874e-21
2.2043e-21
2.72056e-21
3.25122e-21
3.91534e-21
4.08536e-21
4.59522e-21
5.44435e-21
6.20467e-21
7.29761e-21
8.59724e-21
1.11561e-20
1.72315e-20
3.33747e-20
8.1752e-20
2.28681e-19
6.70358e-19
2.03988e-18
6.11264e-18
1.83481e-17
5.51547e-17
1.6361e-16
4.81267e-16
1.40016e-15
4.0103e-15
1.1493e-14
3.29773e-14
9.28022e-14
2.58475e-13
7.10602e-13
1.92211e-12
5.16271e-12
1.32454e-11
3.56788e-11
9.31119e-11
2.36413e-10
5.88726e-10
1.44753e-09
3.54754e-09
8.32477e-09
1.9187e-08
4.6661e-08
1.09801e-07
2.52416e-07
5.70286e-07
1.24869e-06
2.6517e-06
5.44323e-06
1.07951e-05
1.88731e-05
3.20228e-05
5.39506e-05
8.97218e-05
0.000142697
0.000215868
0.000311802
0.000424936
0.000559719
0.0007131
0.000880865
0.00105783
0.00123919
0.00141813
0.00158829
0.00174232
0.00187175
0.00195634
0.00196397
0.00183325
0.00150776
0.0010504
0.000669057
0.000387679
0.000204298
0.000103102
5.27557e-05
2.76029e-05
1.47411e-05
7.85659e-06
4.26418e-06
2.30746e-06
1.23469e-06
6.48466e-07
3.32318e-07
1.63184e-07
7.86496e-08
3.76969e-08
2.08236e-08
1.44164e-08
1.11436e-08
8.50081e-09
6.11818e-09
4.03029e-09
2.26494e-09
6.65004e-10
1.35376e-22
4.29504e-22
7.49894e-22
1.06012e-21
1.31302e-21
1.64274e-21
2.10262e-21
2.59452e-21
3.17197e-21
3.74579e-21
4.32242e-21
5.17952e-21
5.86251e-21
6.63954e-21
7.9293e-21
9.63389e-21
1.2589e-20
1.9578e-20
3.98561e-20
9.88713e-20
2.74946e-19
8.21734e-19
2.46043e-18
7.38127e-18
2.20438e-17
6.55504e-17
1.93688e-16
5.66756e-16
1.66748e-15
4.82197e-15
1.37517e-14
3.86273e-14
1.0732e-13
2.95798e-13
8.02369e-13
2.1481e-12
5.68105e-12
1.46412e-11
3.98996e-11
1.02333e-10
2.54806e-10
6.31731e-10
1.5457e-09
3.66155e-09
8.49397e-09
2.09578e-08
5.02122e-08
1.17461e-07
2.70137e-07
6.03238e-07
1.30978e-06
2.75872e-06
5.60953e-06
1.09733e-05
1.91199e-05
3.23791e-05
5.43193e-05
9.00207e-05
0.00014276
0.000215515
0.00031083
0.000423155
0.000556672
0.000709075
0.000875913
0.00105205
0.00123338
0.00141277
0.00158334
0.00173779
0.00186834
0.00195502
0.00196586
0.00184008
0.00151981
0.00106166
0.000677359
0.00039311
0.00020732
0.000104526
5.34557e-05
2.79561e-05
1.49238e-05
7.95103e-06
4.31368e-06
2.3335e-06
1.24817e-06
6.55267e-07
3.35633e-07
1.64742e-07
7.93602e-08
3.8061e-08
2.10644e-08
1.4611e-08
1.12992e-08
8.61704e-09
6.19974e-09
4.08293e-09
2.29402e-09
6.73398e-10
1.41978e-22
4.59149e-22
8.70236e-22
1.08105e-21
1.3252e-21
1.62706e-21
1.8761e-21
2.20042e-21
2.61237e-21
3.10424e-21
3.88879e-21
4.73731e-21
5.4545e-21
6.39777e-21
7.10631e-21
8.53815e-21
1.15317e-20
1.94646e-20
4.29839e-20
1.13128e-19
3.19796e-19
9.60492e-19
2.8704e-18
8.5799e-18
2.53218e-17
7.58499e-17
2.21922e-16
6.48466e-16
1.89947e-15
5.48526e-15
1.56063e-14
4.3755e-14
1.20779e-13
3.33497e-13
8.96848e-13
2.38926e-12
6.29107e-12
1.61999e-11
4.36135e-11
1.105e-10
2.73497e-10
6.67771e-10
1.59928e-09
3.76154e-09
9.23612e-09
2.25317e-08
5.3846e-08
1.26114e-07
2.87733e-07
6.39985e-07
1.38623e-06
2.91591e-06
5.96175e-06
1.10227e-05
1.93046e-05
3.26331e-05
5.45294e-05
9.00924e-05
0.000142513
0.000214633
0.000309062
0.00042047
0.000553514
0.000704955
0.000871002
0.00104656
0.00122759
0.00140686
0.00157827
0.00173356
0.00186509
0.00195362
0.00196759
0.00184682
0.00153124
0.00107224
0.000685357
0.000398438
0.000210427
0.000106022
5.41996e-05
2.83346e-05
1.51215e-05
8.0531e-06
4.36846e-06
2.36242e-06
1.26331e-06
6.63058e-07
3.39568e-07
1.66625e-07
8.02473e-08
3.84895e-08
2.13133e-08
1.47947e-08
1.14436e-08
8.72578e-09
6.27664e-09
4.13287e-09
2.32179e-09
6.81477e-10
1.05866e-22
3.44071e-22
7.98834e-22
1.05934e-21
1.25196e-21
1.63302e-21
2.19667e-21
2.80213e-21
3.15123e-21
3.57724e-21
4.12886e-21
4.79302e-21
5.28682e-21
5.93837e-21
6.81771e-21
8.44344e-21
1.20438e-20
2.1402e-20
4.77305e-20
1.27647e-19
3.68344e-19
1.09216e-18
3.28102e-18
9.78053e-18
2.9016e-17
8.54323e-17
2.50219e-16
7.20549e-16
2.11644e-15
6.04473e-15
1.67789e-14
4.83185e-14
1.3396e-13
3.62751e-13
1.00163e-12
2.636e-12
6.83333e-12
1.75481e-11
4.60843e-11
1.19055e-10
2.91905e-10
7.07648e-10
1.6882e-09
4.02554e-09
9.86269e-09
2.39563e-08
5.7077e-08
1.33145e-07
3.02462e-07
6.69636e-07
1.44416e-06
3.02491e-06
6.14045e-06
1.10248e-05
1.94676e-05
3.28406e-05
5.46416e-05
9.00228e-05
0.000142104
0.000213799
0.000307509
0.000418103
0.000549883
0.000700602
0.000866004
0.00104111
0.001222
0.00140109
0.00157293
0.00172932
0.00186109
0.00195154
0.00196866
0.00185281
0.00154229
0.00108325
0.000693562
0.000404127
0.000213759
0.000107628
5.49895e-05
2.87337e-05
1.53297e-05
8.16022e-06
4.42622e-06
2.39377e-06
1.28012e-06
6.71894e-07
3.44052e-07
1.68766e-07
8.12679e-08
3.89709e-08
2.15719e-08
1.49708e-08
1.15788e-08
8.82716e-09
6.34849e-09
4.1797e-09
2.34797e-09
6.89157e-10
5.8651e-23
1.96956e-22
5.77252e-22
8.60554e-22
1.22308e-21
1.67213e-21
2.42687e-21
2.9899e-21
3.24684e-21
3.85873e-21
4.50012e-21
4.99923e-21
5.66859e-21
6.3639e-21
7.37915e-21
9.29291e-21
1.2563e-20
2.27769e-20
5.27882e-20
1.42941e-19
4.14538e-19
1.2299e-18
3.67306e-18
1.08024e-17
3.25422e-17
9.49011e-17
2.74907e-16
7.91877e-16
2.28438e-15
6.69631e-15
1.87151e-14
5.30101e-14
1.45947e-13
4.0106e-13
1.07314e-12
2.81914e-12
7.26823e-12
1.85951e-11
4.87105e-11
1.26388e-10
3.10878e-10
7.55803e-10
1.78448e-09
4.33479e-09
1.0388e-08
2.51758e-08
5.98272e-08
1.38451e-07
3.12397e-07
6.87305e-07
1.47313e-06
3.06732e-06
6.18642e-06
1.10205e-05
1.96517e-05
3.29989e-05
5.46644e-05
8.98184e-05
0.000141532
0.000212689
0.000305914
0.00041572
0.00054654
0.000696312
0.000860974
0.00103558
0.00121636
0.00139534
0.00156758
0.00172465
0.00185741
0.00194973
0.00196983
0.00185889
0.00155393
0.00109491
0.000702487
0.000410119
0.000217241
0.000109304
5.58294e-05
2.91632e-05
1.55548e-05
8.27374e-06
4.487e-06
2.42647e-06
1.29763e-06
6.81145e-07
3.48877e-07
1.71105e-07
8.24009e-08
3.94825e-08
2.18277e-08
1.51357e-08
1.1705e-08
8.92515e-09
6.41952e-09
4.22652e-09
2.37426e-09
6.96877e-10
7.6072e-23
4.22511e-22
5.88363e-22
9.00201e-22
1.20205e-21
1.51715e-21
2.10232e-21
2.58362e-21
3.02555e-21
3.68106e-21
4.19396e-21
4.86567e-21
5.6391e-21
6.64204e-21
8.10919e-21
1.01777e-20
1.41656e-20
2.47037e-20
5.77665e-20
1.55708e-19
4.50073e-19
1.31257e-18
4.02809e-18
1.19061e-17
3.51483e-17
1.02785e-16
3.02068e-16
8.70099e-16
2.50375e-15
7.12699e-15
1.99075e-14
5.69442e-14
1.5434e-13
4.25484e-13
1.13147e-12
2.97581e-12
7.69277e-12
1.93116e-11
5.13901e-11
1.3359e-10
3.24337e-10
7.83032e-10
1.87628e-09
4.56812e-09
1.08432e-08
2.62228e-08
6.184e-08
1.42294e-07
3.19452e-07
6.99423e-07
1.49189e-06
3.09422e-06
6.2083e-06
1.10105e-05
1.97839e-05
3.3111e-05
5.46375e-05
8.95855e-05
0.000140987
0.000211587
0.000304024
0.000413077
0.000543345
0.000692247
0.000856274
0.0010304
0.00121094
0.00139031
0.00156263
0.00172028
0.00185397
0.00194782
0.00197067
0.00186423
0.00156433
0.00110616
0.000711086
0.000416
0.000220774
0.000111028
5.66795e-05
2.9593e-05
1.57789e-05
8.38768e-06
4.54784e-06
2.45913e-06
1.31509e-06
6.90371e-07
3.53672e-07
1.73422e-07
8.35225e-08
3.9993e-08
2.20788e-08
1.52931e-08
1.18238e-08
9.01521e-09
6.48405e-09
4.26885e-09
2.39806e-09
7.039e-10
1.64391e-22
4.49144e-22
7.29041e-22
1.12173e-21
1.41611e-21
1.55322e-21
1.77768e-21
2.07523e-21
2.62569e-21
3.48509e-21
4.3327e-21
5.21814e-21
6.14202e-21
6.98484e-21
7.89818e-21
9.89299e-21
1.44558e-20
2.67638e-20
6.16025e-20
1.65209e-19
4.90742e-19
1.45276e-18
4.33222e-18
1.2786e-17
3.80373e-17
1.10667e-16
3.22148e-16
9.24727e-16
2.64319e-15
7.61235e-15
2.14873e-14
6.00135e-14
1.62652e-13
4.46406e-13
1.17224e-12
3.04819e-12
8.06997e-12
2.01781e-11
5.3288e-11
1.36271e-10
3.43455e-10
8.26292e-10
1.98383e-09
4.67291e-09
1.12106e-08
2.69754e-08
6.3361e-08
1.45245e-07
3.24916e-07
7.08976e-07
1.50697e-06
3.11157e-06
6.22062e-06
1.1e-05
1.98669e-05
3.31667e-05
5.45409e-05
8.92734e-05
0.000140316
0.000210514
0.000302327
0.000410653
0.000540125
0.000688472
0.000851898
0.00102557
0.00120588
0.0013852
0.00155782
0.00171616
0.00185077
0.00194608
0.0019714
0.00186912
0.00157384
0.00111661
0.000719129
0.000421598
0.000224088
0.000112638
5.74727e-05
2.99933e-05
1.59873e-05
8.49286e-06
4.60413e-06
2.48942e-06
1.33133e-06
6.98978e-07
3.5816e-07
1.75593e-07
8.45734e-08
4.04635e-08
2.23028e-08
1.54285e-08
1.19252e-08
9.09276e-09
6.53995e-09
4.30566e-09
2.4188e-09
7.10038e-10
1.2864e-22
4.21755e-22
7.61147e-22
1.08537e-21
1.35377e-21
1.71003e-21
2.05871e-21
2.24666e-21
2.62876e-21
3.01701e-21
3.52718e-21
4.54899e-21
5.10088e-21
5.71087e-21
7.04021e-21
9.33282e-21
1.42347e-20
2.76829e-20
6.523e-20
1.77841e-19
5.19681e-19
1.54353e-18
4.6052e-18
1.36694e-17
4.01635e-17
1.16856e-16
3.40277e-16
9.72981e-16
2.75223e-15
7.93983e-15
2.21862e-14
6.20893e-14
1.70976e-13
4.61576e-13
1.22839e-12
3.23609e-12
8.38489e-12
2.17741e-11
5.59169e-11
1.44781e-10
3.53517e-10
8.4027e-10
2.02356e-09
4.77153e-09
1.14957e-08
2.75588e-08
6.45168e-08
1.47428e-07
3.28792e-07
7.15266e-07
1.51645e-06
3.12308e-06
6.22828e-06
1.09885e-05
1.99199e-05
3.3191e-05
5.44245e-05
8.89368e-05
0.000139677
0.000209435
0.000300773
0.000408576
0.000537485
0.000685366
0.00084822
0.00102148
0.00120162
0.00138097
0.00155367
0.00171254
0.00184794
0.00194448
0.00197188
0.00187308
0.00158183
0.00112557
0.000726032
0.000426375
0.00022694
0.000114029
5.81592e-05
3.03394e-05
1.61679e-05
8.58406e-06
4.653e-06
2.51577e-06
1.34548e-06
7.06497e-07
3.62095e-07
1.77502e-07
8.55089e-08
4.08787e-08
2.24969e-08
1.5543e-08
1.20098e-08
9.15738e-09
6.58655e-09
4.33634e-09
2.43611e-09
7.15172e-10
7.82739e-23
4.16562e-22
7.39991e-22
8.44639e-22
1.07663e-21
1.45127e-21
1.99244e-21
2.70511e-21
3.07297e-21
3.39183e-21
3.79578e-21
4.4059e-21
5.04367e-21
5.86688e-21
7.39776e-21
9.63339e-21
1.42465e-20
2.7987e-20
6.79909e-20
1.87738e-19
5.48849e-19
1.61912e-18
4.84619e-18
1.43189e-17
4.20869e-17
1.22699e-16
3.54371e-16
1.01132e-15
2.88109e-15
8.25706e-15
2.31282e-14
6.51395e-14
1.7769e-13
4.78609e-13
1.27273e-12
3.36273e-12
8.74971e-12
2.24267e-11
5.71942e-11
1.46083e-10
3.58688e-10
8.62371e-10
2.0259e-09
4.83107e-09
1.1724e-08
2.80088e-08
6.53968e-08
1.49092e-07
3.31761e-07
7.20125e-07
1.52359e-06
3.13133e-06
6.23297e-06
1.09795e-05
1.99503e-05
3.31945e-05
5.43129e-05
8.86732e-05
0.000139197
0.000208661
0.000299638
0.000406919
0.000535273
0.00068259
0.000845099
0.00101809
0.00119811
0.00137743
0.00155025
0.00170957
0.00184564
0.00194315
0.0019722
0.00187612
0.00158807
0.00113267
0.000731523
0.000430183
0.000229222
0.000115145
5.87094e-05
3.06159e-05
1.63117e-05
8.65662e-06
4.69192e-06
2.53678e-06
1.3568e-06
7.12525e-07
3.65257e-07
1.79038e-07
8.62603e-08
4.12112e-08
2.26508e-08
1.56323e-08
1.20755e-08
9.20765e-09
6.62285e-09
4.36028e-09
2.44963e-09
7.19184e-10
1.79665e-22
6.22781e-22
1.06908e-21
1.51994e-21
1.67711e-21
1.76619e-21
2.06726e-21
2.62501e-21
2.63373e-21
2.76113e-21
3.14264e-21
3.68639e-21
4.46485e-21
5.31238e-21
6.85347e-21
9.71333e-21
1.52697e-20
2.95352e-20
7.15663e-20
1.96029e-19
5.68889e-19
1.68074e-18
4.98027e-18
1.46448e-17
4.34936e-17
1.26753e-16
3.67706e-16
1.05282e-15
3.03347e-15
8.52905e-15
2.37734e-14
6.55587e-14
1.81558e-13
4.88025e-13
1.31218e-12
3.46835e-12
8.94986e-12
2.25729e-11
5.79149e-11
1.47038e-10
3.60132e-10
8.62121e-10
2.04591e-09
4.88624e-09
1.18869e-08
2.83317e-08
6.60245e-08
1.50278e-07
3.33894e-07
7.23739e-07
1.5287e-06
3.13754e-06
6.23663e-06
1.09737e-05
1.99688e-05
3.31935e-05
5.42317e-05
8.84786e-05
0.00013884
0.000208085
0.000298799
0.000405762
0.000533768
0.00068076
0.000843013
0.00101579
0.00119571
0.00137504
0.00154788
0.00170752
0.00184405
0.00194222
0.00197238
0.00187821
0.00159241
0.00113768
0.000735404
0.000432881
0.000230842
0.00011594
5.91014e-05
3.08143e-05
1.64148e-05
8.70852e-06
4.71972e-06
2.55178e-06
1.36487e-06
7.16821e-07
3.67512e-07
1.80134e-07
8.67972e-08
4.1448e-08
2.27594e-08
1.56947e-08
1.21211e-08
9.24257e-09
6.64808e-09
4.37691e-09
2.45902e-09
7.21975e-10
8.47866e-23
2.65479e-22
5.16409e-22
8.79358e-22
1.10397e-21
1.34842e-21
1.70833e-21
2.33344e-21
2.57078e-21
2.9058e-21
3.26546e-21
3.79591e-21
4.46624e-21
5.27732e-21
6.52394e-21
8.77509e-21
1.41227e-20
2.89621e-20
7.1932e-20
1.9842e-19
5.76341e-19
1.70261e-18
5.09165e-18
1.49775e-17
4.43634e-17
1.28888e-16
3.73835e-16
1.0812e-15
3.08028e-15
8.69657e-15
2.42916e-14
6.81989e-14
1.84683e-13
4.96075e-13
1.33224e-12
3.47356e-12
9.04938e-12
2.28958e-11
6.01917e-11
1.51347e-10
3.64789e-10
8.75423e-10
2.04633e-09
4.9664e-09
1.19739e-08
2.85275e-08
6.64365e-08
1.51064e-07
3.35292e-07
7.26026e-07
1.53201e-06
3.14159e-06
6.23985e-06
1.09721e-05
1.99829e-05
3.31983e-05
5.41954e-05
8.83847e-05
0.00013866
0.000207786
0.000298346
0.000405152
0.000532991
0.000679815
0.000841919
0.00101459
0.00119446
0.00137377
0.00154663
0.00170642
0.00184317
0.0019417
0.00197246
0.0018793
0.0015947
0.00114033
0.000737468
0.000434317
0.000231706
0.000116365
5.93112e-05
3.09204e-05
1.64702e-05
8.73648e-06
4.73474e-06
2.5599e-06
1.36924e-06
7.19153e-07
3.68736e-07
1.8073e-07
8.70883e-08
4.1576e-08
2.28178e-08
1.5728e-08
1.21455e-08
9.26114e-09
6.66147e-09
4.38573e-09
2.46401e-09
7.23457e-10
7.97528e-23
4.25795e-22
7.24268e-22
1.0821e-21
1.28902e-21
1.55607e-21
2.07453e-21
2.75126e-21
3.14756e-21
3.44335e-21
4.13013e-21
4.61126e-21
5.17691e-21
5.45721e-21
6.37312e-21
8.75465e-21
1.39318e-20
2.89207e-20
7.18616e-20
2.00516e-19
5.88834e-19
1.74361e-18
5.1783e-18
1.52788e-17
4.45846e-17
1.31433e-16
3.7965e-16
1.09423e-15
3.14837e-15
8.93279e-15
2.48925e-14
6.82609e-14
1.88442e-13
5.11968e-13
1.35527e-12
3.53027e-12
9.18929e-12
2.30104e-11
6.06605e-11
1.50466e-10
3.7053e-10
8.8308e-10
2.08796e-09
4.97338e-09
1.20242e-08
2.86461e-08
6.66793e-08
1.51535e-07
3.36159e-07
7.27532e-07
1.53444e-06
3.14501e-06
6.24381e-06
1.0975e-05
1.99991e-05
3.32138e-05
5.42014e-05
8.8376e-05
0.000138629
0.000207725
0.00029825
0.000405017
0.00053282
0.000679614
0.000841693
0.00101435
0.00119422
0.00137353
0.00154639
0.00170623
0.00184301
0.00194161
0.00197246
0.00187945
0.00159504
0.00114074
0.000737781
0.000434534
0.000231836
0.000116428
5.93423e-05
3.0936e-05
1.64783e-05
8.74053e-06
4.7369e-06
2.56106e-06
1.36987e-06
7.19484e-07
3.68909e-07
1.80813e-07
8.71286e-08
4.1594e-08
2.28261e-08
1.57329e-08
1.21491e-08
9.2638e-09
6.66335e-09
4.38694e-09
2.46468e-09
7.23655e-10
5.87207e-23
3.5355e-22
8.42221e-22
1.25411e-21
1.52736e-21
1.80852e-21
2.18799e-21
2.74028e-21
3.37809e-21
3.62656e-21
3.7048e-21
4.12836e-21
4.49817e-21
5.44578e-21
6.74407e-21
8.9526e-21
1.44833e-20
2.90111e-20
7.26188e-20
2.01977e-19
5.92779e-19
1.75887e-18
5.23259e-18
1.55077e-17
4.55269e-17
1.32321e-16
3.77809e-16
1.11404e-15
3.16575e-15
8.95874e-15
2.512e-14
6.94035e-14
1.90846e-13
5.12406e-13
1.36767e-12
3.55504e-12
9.24816e-12
2.32791e-11
6.0978e-11
1.51309e-10
3.72406e-10
8.75516e-10
2.11232e-09
4.98771e-09
1.20228e-08
2.86921e-08
6.67756e-08
1.51735e-07
3.36579e-07
7.28394e-07
1.53616e-06
3.14831e-06
6.24986e-06
1.09849e-05
2.00215e-05
3.32494e-05
5.42719e-05
8.84912e-05
0.000138804
0.000207979
0.000298602
0.000405483
0.00053341
0.000680325
0.000842509
0.00101525
0.00119515
0.00137447
0.0015473
0.00170702
0.00184364
0.00194197
0.00197239
0.00187864
0.00159335
0.00113879
0.000736262
0.000433476
0.000231199
0.000116116
5.91879e-05
3.0858e-05
1.64375e-05
8.72002e-06
4.72589e-06
2.55511e-06
1.36665e-06
7.17766e-07
3.68003e-07
1.80373e-07
8.69121e-08
4.14987e-08
2.2783e-08
1.57086e-08
1.21313e-08
9.25016e-09
6.65344e-09
4.38038e-09
2.46096e-09
7.22547e-10
7.30838e-23
2.25246e-22
4.67341e-22
7.63955e-22
1.21458e-21
1.58776e-21
1.76516e-21
2.3215e-21
2.94921e-21
3.23635e-21
3.57614e-21
3.99453e-21
4.4713e-21
5.55492e-21
6.69818e-21
9.37698e-21
1.47886e-20
2.85159e-20
7.09086e-20
1.98293e-19
5.78063e-19
1.73722e-18
5.15023e-18
1.53847e-17
4.50386e-17
1.3061e-16
3.76546e-16
1.09593e-15
3.11593e-15
8.81646e-15
2.46247e-14
6.7895e-14
1.90112e-13
5.07122e-13
1.31734e-12
3.47514e-12
9.07212e-12
2.25785e-11
5.87255e-11
1.52407e-10
3.62657e-10
8.82819e-10
2.0584e-09
4.99963e-09
1.20161e-08
2.86475e-08
6.66956e-08
1.51622e-07
3.36478e-07
7.2849e-07
1.53699e-06
3.15115e-06
6.25746e-06
1.10015e-05
2.00511e-05
3.33065e-05
5.44084e-05
8.8731e-05
0.000139181
0.000208535
0.000299383
0.000406525
0.000534727
0.000681909
0.000844318
0.00101722
0.0011972
0.00137651
0.00154929
0.00170875
0.001845
0.00194277
0.00197223
0.00187687
0.00158966
0.00113455
0.000732974
0.00043119
0.000229824
0.000115441
5.8855e-05
3.06899e-05
1.63499e-05
8.67592e-06
4.70222e-06
2.54231e-06
1.35975e-06
7.14081e-07
3.66063e-07
1.79428e-07
8.64486e-08
4.12952e-08
2.26906e-08
1.56565e-08
1.20932e-08
9.22089e-09
6.6322e-09
4.36633e-09
2.453e-09
7.20177e-10
2.24983e-22
4.50177e-22
6.13226e-22
9.00159e-22
1.18684e-21
1.44612e-21
1.77408e-21
2.24786e-21
2.74131e-21
3.1723e-21
3.73307e-21
4.10155e-21
4.75e-21
5.67098e-21
7.15559e-21
9.73407e-21
1.50412e-20
2.95661e-20
7.11104e-20
1.95853e-19
5.71538e-19
1.70655e-18
5.07909e-18
1.50322e-17
4.41612e-17
1.28682e-16
3.71965e-16
1.06915e-15
3.08159e-15
8.71138e-15
2.43888e-14
6.72346e-14
1.85509e-13
4.98903e-13
1.33002e-12
3.49744e-12
9.0103e-12
2.25769e-11
5.89575e-11
1.50947e-10
3.64989e-10
8.65796e-10
2.04588e-09
4.99264e-09
1.19553e-08
2.85136e-08
6.6457e-08
1.51232e-07
3.35937e-07
7.2798e-07
1.53727e-06
3.15423e-06
6.26806e-06
1.1027e-05
2.00916e-05
3.33909e-05
5.46216e-05
8.91142e-05
0.000139793
0.000209446
0.000300655
0.000408214
0.000536851
0.000684431
0.000847175
0.00102032
0.0012004
0.0013797
0.0015524
0.00171145
0.00184712
0.00194401
0.001972
0.00187417
0.00158406
0.00112815
0.000728025
0.000427753
0.00022776
0.000114431
5.83558e-05
3.04369e-05
1.62182e-05
8.60961e-06
4.66664e-06
2.52308e-06
1.34939e-06
7.08551e-07
3.63155e-07
1.78013e-07
8.57551e-08
4.09901e-08
2.2552e-08
1.55778e-08
1.20358e-08
9.17678e-09
6.60022e-09
4.34519e-09
2.44103e-09
7.16615e-10
1.03354e-22
3.65016e-22
6.49702e-22
8.44277e-22
9.64407e-22
1.17223e-21
1.53138e-21
2.01785e-21
2.41128e-21
2.88056e-21
3.62321e-21
4.28684e-21
5.28781e-21
6.44525e-21
7.68209e-21
9.92651e-21
1.50895e-20
2.91232e-20
6.90723e-20
1.89079e-19
5.52089e-19
1.6165e-18
4.89515e-18
1.4358e-17
4.29367e-17
1.24979e-16
3.61344e-16
1.0363e-15
2.98823e-15
8.51215e-15
2.34282e-14
6.66301e-14
1.80914e-13
4.87602e-13
1.30257e-12
3.41061e-12
8.86007e-12
2.24021e-11
5.71308e-11
1.4514e-10
3.60793e-10
8.58318e-10
2.01176e-09
4.92604e-09
1.18605e-08
2.83061e-08
6.60487e-08
1.50497e-07
3.34778e-07
7.26541e-07
1.53643e-06
3.15666e-06
6.28046e-06
1.10601e-05
2.01381e-05
3.3493e-05
5.48926e-05
8.96113e-05
0.000140598
0.000210654
0.000302359
0.000410506
0.000539791
0.000687845
0.000850975
0.00102442
0.00120462
0.0013839
0.00155643
0.00171498
0.00184986
0.00194559
0.00197164
0.00187059
0.00157674
0.0011199
0.000721644
0.000423326
0.000225108
0.000113134
5.77132e-05
3.01135e-05
1.60498e-05
8.52477e-06
4.62112e-06
2.4985e-06
1.33614e-06
7.01483e-07
3.59439e-07
1.76207e-07
8.48702e-08
4.05999e-08
2.23741e-08
1.54759e-08
1.19609e-08
9.11927e-09
6.55853e-09
4.31763e-09
2.42544e-09
7.11977e-10
1.08916e-22
3.16278e-22
6.87477e-22
8.86893e-22
1.13037e-21
1.52121e-21
2.13895e-21
2.29934e-21
2.62439e-21
3.05957e-21
3.71528e-21
4.53689e-21
5.37426e-21
6.12653e-21
6.8946e-21
9.04664e-21
1.43128e-20
2.76471e-20
6.62738e-20
1.78996e-19
5.28725e-19
1.56086e-18
4.64883e-18
1.38082e-17
4.08068e-17
1.1919e-16
3.47277e-16
9.97744e-16
2.88304e-15
8.11972e-15
2.26498e-14
6.35666e-14
1.74295e-13
4.70792e-13
1.2294e-12
3.28287e-12
8.51007e-12
2.16467e-11
5.59623e-11
1.44561e-10
3.48265e-10
8.59383e-10
2.01805e-09
4.84568e-09
1.16739e-08
2.79692e-08
6.54313e-08
1.49385e-07
3.3297e-07
7.23979e-07
1.53402e-06
3.15769e-06
6.29378e-06
1.10994e-05
2.01778e-05
3.36044e-05
5.52075e-05
9.01957e-05
0.000141548
0.000212079
0.00030435
0.000413122
0.000543012
0.000691707
0.000855409
0.00102926
0.00120965
0.00138882
0.00156107
0.00171895
0.00185296
0.00194733
0.00197108
0.00186617
0.0015679
0.00111007
0.000714074
0.000418089
0.000221983
0.000111613
5.69659e-05
2.97361e-05
1.58524e-05
8.42498e-06
4.56729e-06
2.46943e-06
1.32048e-06
6.93142e-07
3.55059e-07
1.74081e-07
8.38302e-08
4.01393e-08
2.2161e-08
1.53525e-08
1.18702e-08
9.04983e-09
6.50828e-09
4.28444e-09
2.40667e-09
7.06399e-10
1.6684e-22
4.06924e-22
5.697e-22
8.25903e-22
1.05853e-21
1.41786e-21
1.98591e-21
2.29434e-21
2.72858e-21
3.35532e-21
3.83242e-21
4.50807e-21
5.17902e-21
5.94468e-21
7.19632e-21
9.42655e-21
1.40522e-20
2.69391e-20
6.32604e-20
1.69907e-19
4.91326e-19
1.45106e-18
4.39234e-18
1.30279e-17
3.84908e-17
1.1235e-16
3.32146e-16
9.59688e-16
2.74912e-15
7.7654e-15
2.21697e-14
6.1253e-14
1.66971e-13
4.5191e-13
1.20572e-12
3.17769e-12
8.30711e-12
2.11064e-11
5.4848e-11
1.41633e-10
3.44386e-10
8.38108e-10
1.99594e-09
4.74159e-09
1.14507e-08
2.7501e-08
6.45293e-08
1.47773e-07
3.3011e-07
7.19863e-07
1.52891e-06
3.15463e-06
6.30177e-06
1.1135e-05
2.01984e-05
3.36912e-05
5.55131e-05
9.08012e-05
0.000142561
0.000213619
0.000306516
0.000415976
0.000546531
0.000695987
0.000860244
0.00103442
0.00121478
0.00139388
0.00156597
0.00172326
0.00185632
0.00194916
0.00197026
0.00186091
0.00155773
0.00109902
0.000705601
0.000412246
0.000218508
0.000109926
5.61334e-05
2.93149e-05
1.56313e-05
8.31323e-06
4.50783e-06
2.43728e-06
1.30317e-06
6.83917e-07
3.5022e-07
1.71732e-07
8.26829e-08
3.96295e-08
2.19249e-08
1.52137e-08
1.17668e-08
8.9703e-09
6.45068e-09
4.2464e-09
2.38516e-09
7.00016e-10
1.4562e-22
3.69745e-22
5.87996e-22
7.6162e-22
1.05762e-21
1.38455e-21
1.89087e-21
2.31799e-21
2.72547e-21
3.1376e-21
3.51872e-21
4.10594e-21
4.81242e-21
5.51073e-21
6.8074e-21
9.28513e-21
1.41526e-20
2.54075e-20
5.90716e-20
1.5853e-19
4.58371e-19
1.36891e-18
4.08586e-18
1.21529e-17
3.60119e-17
1.06047e-16
3.09567e-16
8.94129e-16
2.61327e-15
7.38787e-15
2.07318e-14
5.73936e-14
1.59241e-13
4.31972e-13
1.15936e-12
3.04744e-12
7.8412e-12
1.96916e-11
5.22647e-11
1.34127e-10
3.34287e-10
8.08413e-10
1.90018e-09
4.60909e-09
1.11488e-08
2.68832e-08
6.32932e-08
1.45448e-07
3.26133e-07
7.13076e-07
1.52056e-06
3.1473e-06
6.30638e-06
1.11718e-05
2.01965e-05
3.37596e-05
5.58277e-05
9.14257e-05
0.000143623
0.000215269
0.000308887
0.000419146
0.000550534
0.000700731
0.000865613
0.00104026
0.00122091
0.00139963
0.00157152
0.00172798
0.00186001
0.00195116
0.00196936
0.00185525
0.00154656
0.00108741
0.000696665
0.000406066
0.000214836
0.000108144
5.52501e-05
2.88675e-05
1.53997e-05
8.19623e-06
4.44464e-06
2.40303e-06
1.28479e-06
6.74159e-07
3.45118e-07
1.6926e-07
8.14733e-08
3.90879e-08
2.16677e-08
1.50588e-08
1.16512e-08
8.88178e-09
6.38674e-09
4.20422e-09
2.36136e-09
6.92963e-10
1.46394e-22
2.77886e-22
5.29308e-22
7.86516e-22
9.98275e-22
1.26379e-21
1.61171e-21
2.04305e-21
2.46294e-21
3.16114e-21
3.75476e-21
4.15332e-21
4.57686e-21
5.53971e-21
6.7002e-21
8.77788e-21
1.27734e-20
2.33463e-20
5.36863e-20
1.44267e-19
4.16499e-19
1.23313e-18
3.69303e-18
1.09675e-17
3.29759e-17
9.69558e-17
2.8332e-16
8.24206e-16
2.35286e-15
6.6505e-15
1.89646e-14
5.39672e-14
1.47024e-13
4.10325e-13
1.09423e-12
2.89591e-12
7.57026e-12
1.88843e-11
5.01356e-11
1.29485e-10
3.16376e-10
7.70573e-10
1.81163e-09
4.43525e-09
1.07453e-08
2.59657e-08
6.15655e-08
1.42241e-07
3.2046e-07
7.03784e-07
1.50628e-06
3.13307e-06
6.30619e-06
1.12158e-05
2.01424e-05
3.37805e-05
5.61146e-05
9.21594e-05
0.000144963
0.00021736
0.000311821
0.000422941
0.000555013
0.000705817
0.000871177
0.00104611
0.00122671
0.00140545
0.00157677
0.00173228
0.00186435
0.00195347
0.00196828
0.00184872
0.00153452
0.00107542
0.000687435
0.000399637
0.00021102
0.000106299
5.4342e-05
2.84091e-05
1.51609e-05
8.07586e-06
4.38051e-06
2.36876e-06
1.26637e-06
6.64394e-07
3.40025e-07
1.668e-07
8.02871e-08
3.85455e-08
2.14015e-08
1.48921e-08
1.15248e-08
8.78549e-09
6.31746e-09
4.15864e-09
2.33569e-09
6.85381e-10
1.70181e-22
3.56356e-22
6.25606e-22
7.3104e-22
9.44907e-22
1.35767e-21
1.73434e-21
2.19657e-21
2.57877e-21
3.21502e-21
3.67517e-21
4.222e-21
4.89274e-21
5.73404e-21
6.65068e-21
8.44905e-21
1.20889e-20
2.25022e-20
5.03566e-20
1.32301e-19
3.77554e-19
1.11114e-18
3.29735e-18
9.85389e-18
2.90092e-17
8.65272e-17
2.54875e-16
7.3924e-16
2.13392e-15
6.02128e-15
1.74646e-14
4.92366e-14
1.39018e-13
3.79024e-13
1.01688e-12
2.76179e-12
7.1414e-12
1.83288e-11
4.794e-11
1.2312e-10
3.02425e-10
7.3873e-10
1.75871e-09
4.20165e-09
1.02343e-08
2.48591e-08
5.9123e-08
1.37787e-07
3.12515e-07
6.90608e-07
1.48588e-06
3.1067e-06
6.2908e-06
1.12511e-05
2.00128e-05
3.36938e-05
5.62082e-05
9.24886e-05
0.000145643
0.000218555
0.00031362
0.000425517
0.000558761
0.000710491
0.00087658
0.00105198
0.00123275
0.00141139
0.00158214
0.00173718
0.00186799
0.00195521
0.00196683
0.00184205
0.00152205
0.00106333
0.000678326
0.000393607
0.000207523
0.000104622
5.3499e-05
2.79776e-05
1.4935e-05
7.9614e-06
4.31892e-06
2.33558e-06
1.24859e-06
6.54985e-07
3.35113e-07
1.6442e-07
7.91348e-08
3.80239e-08
2.11406e-08
1.47238e-08
1.13959e-08
8.68512e-09
6.24457e-09
4.11052e-09
2.30863e-09
6.77431e-10
4.74084e-23
1.75411e-22
4.03083e-22
6.34603e-22
9.46288e-22
1.25754e-21
1.76125e-21
2.13822e-21
2.56907e-21
2.87074e-21
3.54848e-21
4.12656e-21
4.696e-21
5.42572e-21
6.22041e-21
7.77558e-21
1.15654e-20
1.99162e-20
4.44046e-20
1.15971e-19
3.31359e-19
9.8088e-19
2.94153e-18
8.7855e-18
2.60879e-17
7.7147e-17
2.27196e-16
6.65354e-16
1.94009e-15
5.50207e-15
1.59054e-14
4.52189e-14
1.25695e-13
3.48322e-13
9.26212e-13
2.51923e-12
6.63911e-12
1.70281e-11
4.50668e-11
1.15188e-10
2.8597e-10
6.9975e-10
1.67339e-09
3.92233e-09
9.63562e-09
2.35435e-08
5.63695e-08
1.32049e-07
3.01363e-07
6.70295e-07
1.45206e-06
3.05479e-06
6.23201e-06
1.12685e-05
1.98093e-05
3.35187e-05
5.6177e-05
9.26818e-05
0.000146232
0.000219694
0.000315568
0.000428533
0.000562841
0.000715228
0.000881878
0.00105767
0.00123851
0.00141758
0.00158793
0.00174193
0.0018718
0.00195697
0.0019655
0.00183603
0.00151133
0.00105312
0.000670598
0.00038821
0.000204358
0.000103101
5.27479e-05
2.75951e-05
1.47314e-05
7.85578e-06
4.26179e-06
2.30463e-06
1.23205e-06
6.4632e-07
3.30724e-07
1.62327e-07
7.81374e-08
3.75523e-08
2.08872e-08
1.45507e-08
1.12626e-08
8.58507e-09
6.17355e-09
4.06417e-09
2.28269e-09
6.69819e-10
1.65912e-22
4.34214e-22
6.33465e-22
8.96769e-22
1.37364e-21
2.05436e-21
2.33577e-21
2.64793e-21
3.114e-21
3.48961e-21
3.82618e-21
4.53576e-21
5.12657e-21
5.91655e-21
7.13373e-21
8.47222e-21
1.14378e-20
1.86555e-20
3.92763e-20
9.93875e-20
2.8055e-19
8.42278e-19
2.50853e-18
7.59496e-18
2.24073e-17
6.73218e-17
1.97609e-16
5.7297e-16
1.70074e-15
4.90805e-15
1.41343e-14
3.99699e-14
1.12743e-13
3.10222e-13
8.41432e-13
2.26691e-12
5.98775e-12
1.56895e-11
4.07805e-11
1.05691e-10
2.65358e-10
6.54129e-10
1.6231e-09
3.82679e-09
8.88889e-09
2.19241e-08
5.2563e-08
1.23045e-07
2.83269e-07
6.33328e-07
1.37655e-06
2.89762e-06
5.86361e-06
1.13177e-05
1.96746e-05
3.32949e-05
5.60075e-05
9.26839e-05
0.000146581
0.000220669
0.000317515
0.000431315
0.000566176
0.000719563
0.000887074
0.0010636
0.00124448
0.00142293
0.00159271
0.00174611
0.00187481
0.00195817
0.00196359
0.00182926
0.00150021
0.00104299
0.000663037
0.000383178
0.000201458
0.000101716
5.20599e-05
2.72455e-05
1.45502e-05
7.7625e-06
4.21221e-06
2.27827e-06
1.21819e-06
6.39162e-07
3.27103e-07
1.60591e-07
7.73191e-08
3.71529e-08
2.06517e-08
1.43751e-08
1.11242e-08
8.48068e-09
6.09965e-09
4.01614e-09
2.25597e-09
6.62048e-10
7.18008e-23
2.55761e-22
4.9802e-22
1.01425e-21
1.42589e-21
1.6159e-21
1.8483e-21
2.2528e-21
2.86834e-21
3.27168e-21
3.6979e-21
4.28753e-21
4.89511e-21
5.83863e-21
7.09734e-21
8.8698e-21
1.152e-20
1.76069e-20
3.46187e-20
8.39499e-20
2.34805e-19
6.9609e-19
2.10606e-18
6.34796e-18
1.90687e-17
5.68924e-17
1.68325e-16
4.93629e-16
1.43469e-15
4.1012e-15
1.22022e-14
3.46492e-14
9.67768e-14
2.71088e-13
7.4423e-13
2.00803e-12
5.36349e-12
1.42379e-11
3.75202e-11
9.73276e-11
2.46587e-10
6.08247e-10
1.5006e-09
3.72171e-09
8.70246e-09
2.00486e-08
4.8768e-08
1.14734e-07
2.6362e-07
5.95268e-07
1.302e-06
2.75877e-06
5.64351e-06
1.11419e-05
1.94409e-05
3.2952e-05
5.56481e-05
9.23861e-05
0.000146504
0.000221
0.000318377
0.000432873
0.000568674
0.000723124
0.000891556
0.00106827
0.0012498
0.00142764
0.00159707
0.00174974
0.00187742
0.00195903
0.00196155
0.00182268
0.001489
0.00103278
0.00065561
0.000378445
0.000198824
0.000100475
5.1447e-05
2.69351e-05
1.43893e-05
7.67878e-06
4.16803e-06
2.25511e-06
1.20625e-06
6.33174e-07
3.24209e-07
1.59231e-07
7.67027e-08
3.68305e-08
2.04304e-08
1.41925e-08
1.09776e-08
8.37146e-09
6.02291e-09
3.96657e-09
2.22858e-09
6.54149e-10
6.83845e-23
2.39474e-22
5.43154e-22
9.35827e-22
1.40104e-21
1.75918e-21
2.05534e-21
2.46469e-21
2.8399e-21
3.24417e-21
3.74504e-21
4.23878e-21
4.96195e-21
6.04739e-21
7.18645e-21
9.07533e-21
1.10801e-20
1.60075e-20
2.96587e-20
7.06752e-20
1.91192e-19
5.56952e-19
1.68141e-18
5.07786e-18
1.55512e-17
4.59234e-17
1.38926e-16
4.06862e-16
1.18949e-15
3.51901e-15
1.0252e-14
2.93411e-14
8.14935e-14
2.3236e-13
6.38887e-13
1.76272e-12
4.69553e-12
1.27916e-11
3.38832e-11
8.72312e-11
2.21912e-10
5.5526e-10
1.36162e-09
3.35581e-09
8.32375e-09
2.01174e-08
4.60876e-08
1.05697e-07
2.45681e-07
5.55629e-07
1.23219e-06
2.64024e-06
5.45703e-06
1.0884e-05
1.9113e-05
3.25123e-05
5.50899e-05
9.17861e-05
0.00014602
0.000220839
0.000318773
0.000434016
0.000570838
0.000726069
0.000894865
0.00107224
0.00125374
0.00143162
0.00160078
0.00175294
0.00187975
0.0019597
0.00195949
0.00181673
0.00147982
0.00102478
0.000649912
0.00037476
0.000196779
9.95003e-05
5.09595e-05
2.66858e-05
1.426e-05
7.60964e-06
4.13186e-06
2.23651e-06
1.19698e-06
6.28758e-07
3.22247e-07
1.58346e-07
7.63406e-08
3.66053e-08
2.02274e-08
1.40003e-08
1.08194e-08
8.25374e-09
5.9418e-09
3.91489e-09
2.20034e-09
6.46104e-10
9.56371e-23
3.0383e-22
5.91293e-22
8.40216e-22
1.13722e-21
1.50254e-21
1.98811e-21
2.50407e-21
3.05867e-21
3.52411e-21
4.08056e-21
4.62353e-21
5.16913e-21
5.87975e-21
6.71401e-21
7.99294e-21
9.75042e-21
1.40259e-20
2.43396e-20
5.44753e-20
1.44642e-19
4.30812e-19
1.27469e-18
3.95375e-18
1.21547e-17
3.6681e-17
1.10035e-16
3.27592e-16
9.67911e-16
2.84137e-15
8.34555e-15
2.41907e-14
6.86613e-14
1.95428e-13
5.43039e-13
1.4888e-12
4.065e-12
1.08533e-11
2.9981e-11
7.79507e-11
1.98099e-10
4.89964e-10
1.22406e-09
2.92552e-09
7.34342e-09
1.83354e-08
4.4607e-08
9.76097e-08
2.28755e-07
5.22686e-07
1.16651e-06
2.51873e-06
5.24928e-06
1.05554e-05
1.86446e-05
3.18825e-05
5.42988e-05
9.08688e-05
0.000145114
0.000220145
0.000318538
0.000434352
0.000571816
0.000727726
0.000897325
0.00107522
0.00125709
0.00143545
0.00160398
0.00175556
0.00188128
0.00195977
0.00195723
0.00181109
0.0014715
0.00101777
0.00064508
0.000371822
0.00019523
9.87644e-05
5.05908e-05
2.64969e-05
1.41629e-05
7.55581e-06
4.10437e-06
2.223e-06
1.19074e-06
6.26169e-07
3.21381e-07
1.58031e-07
7.62881e-08
3.65008e-08
2.00489e-08
1.37978e-08
1.06494e-08
8.13016e-09
5.8576e-09
3.86178e-09
2.17162e-09
6.38033e-10
8.50886e-23
2.5914e-22
4.97385e-22
8.8052e-22
1.32367e-21
1.78462e-21
2.06751e-21
2.35107e-21
2.83351e-21
3.45952e-21
4.19619e-21
5.11304e-21
5.81309e-21
6.16476e-21
6.44281e-21
7.02223e-21
8.31568e-21
1.11238e-20
1.89996e-20
4.09112e-20
1.08946e-19
3.18908e-19
9.68472e-19
2.98039e-18
9.20802e-18
2.79838e-17
8.44737e-17
2.57369e-16
7.67284e-16
2.24943e-15
6.73803e-15
1.94828e-14
5.57401e-14
1.59844e-13
4.52647e-13
1.23527e-12
3.42942e-12
9.29008e-12
2.50982e-11
6.72448e-11
1.71956e-10
4.33831e-10
1.07525e-09
2.68445e-09
6.56792e-09
1.66782e-08
4.23525e-08
9.54038e-08
2.10959e-07
4.79535e-07
1.07632e-06
2.36994e-06
4.99398e-06
1.01195e-05
1.79427e-05
3.10441e-05
5.34664e-05
8.98744e-05
0.000143988
0.000219027
0.000317769
0.000434109
0.000572288
0.000729004
0.000899394
0.00107798
0.00126065
0.0014388
0.00160742
0.00175813
0.00188257
0.00195953
0.00195469
0.00180551
0.00146378
0.00101145
0.000640887
0.000369451
0.000194081
9.82216e-05
5.03196e-05
2.63587e-05
1.40938e-05
7.51554e-06
4.08493e-06
2.21443e-06
1.18759e-06
6.25503e-07
3.21703e-07
1.58359e-07
7.65932e-08
3.6541e-08
1.99031e-08
1.35853e-08
1.04669e-08
7.99898e-09
5.76994e-09
3.80738e-09
2.14264e-09
6.30034e-10
1.59884e-22
6.40076e-22
1.13365e-21
1.55096e-21
1.75913e-21
2.21235e-21
2.59676e-21
2.90865e-21
3.20764e-21
3.38211e-21
3.73347e-21
4.18741e-21
4.9517e-21
5.6138e-21
6.46485e-21
7.09203e-21
8.12174e-21
1.01085e-20
1.56441e-20
3.06765e-20
7.75506e-20
2.25492e-19
6.89776e-19
2.1452e-18
6.68105e-18
2.06927e-17
6.36522e-17
1.94795e-16
5.87746e-16
1.75303e-15
5.17303e-15
1.51688e-14
4.38238e-14
1.28733e-13
3.67124e-13
9.99293e-13
2.89055e-12
7.88177e-12
2.13371e-11
5.57304e-11
1.46905e-10
3.70149e-10
9.24571e-10
2.33536e-09
5.75097e-09
1.48921e-08
3.71063e-08
9.16739e-08
2.01943e-07
4.35632e-07
9.90612e-07
2.18541e-06
4.69936e-06
9.6506e-06
1.73012e-05
3.00331e-05
5.21417e-05
8.83839e-05
0.00014244
0.000217547
0.000316662
0.000433591
0.000572585
0.000730227
0.000901477
0.00108104
0.00126412
0.00144276
0.00161071
0.00176066
0.00188374
0.00195879
0.00195104
0.00179789
0.00145364
0.00100398
0.000636514
0.000367261
0.000193145
9.77984e-05
5.01132e-05
2.62558e-05
1.40453e-05
7.48589e-06
4.07226e-06
2.2103e-06
1.18736e-06
6.26735e-07
3.23237e-07
1.59379e-07
7.72973e-08
3.6755e-08
1.98039e-08
1.33647e-08
1.0269e-08
7.85913e-09
5.67931e-09
3.75258e-09
2.11409e-09
6.22364e-10
1.94177e-22
7.23573e-22
1.30973e-21
1.74712e-21
2.31981e-21
2.58114e-21
2.91657e-21
3.14512e-21
3.5366e-21
4.03462e-21
4.55276e-21
5.25902e-21
5.89866e-21
6.26558e-21
6.68471e-21
7.31349e-21
8.2462e-21
9.74067e-21
1.37033e-20
2.46988e-20
5.922e-20
1.66904e-19
5.07305e-19
1.55823e-18
4.98492e-18
1.54369e-17
4.76522e-17
1.45005e-16
4.42806e-16
1.32211e-15
3.9301e-15
1.19081e-14
3.47151e-14
1.0176e-13
2.91264e-13
8.23215e-13
2.30256e-12
6.33892e-12
1.73813e-11
4.67233e-11
1.21668e-10
3.12564e-10
7.8642e-10
1.97966e-09
5.0335e-09
1.29772e-08
3.28785e-08
8.01658e-08
1.92722e-07
4.21442e-07
9.01511e-07
2.00282e-06
4.30715e-06
8.76695e-06
1.67968e-05
2.9076e-05
5.06507e-05
8.6427e-05
0.000140257
0.000215435
0.00031498
0.000432602
0.000572664
0.000731671
0.000904591
0.00108525
0.00126852
0.00144761
0.00161483
0.00176371
0.001885
0.00195776
0.00194647
0.00178854
0.00144049
0.000999546
0.000633324
0.000365581
0.000192458
9.74665e-05
4.99451e-05
2.61708e-05
1.4007e-05
7.4627e-06
4.06436e-06
2.20969e-06
1.18962e-06
6.29644e-07
3.25851e-07
1.61162e-07
7.84539e-08
3.72085e-08
1.97888e-08
1.31544e-08
1.00651e-08
7.71911e-09
5.59161e-09
3.70119e-09
2.08807e-09
6.15642e-10
2.70341e-22
8.90596e-22
1.55592e-21
2.26009e-21
2.64058e-21
2.60216e-21
2.78116e-21
3.09371e-21
3.64024e-21
4.17085e-21
4.6194e-21
5.09055e-21
5.39365e-21
5.59775e-21
5.82088e-21
6.32766e-21
7.04207e-21
8.50655e-21
1.15601e-20
2.01501e-20
4.57681e-20
1.25919e-19
3.80454e-19
1.18709e-18
3.72696e-18
1.16349e-17
3.60398e-17
1.10625e-16
3.36551e-16
1.01677e-15
3.04487e-15
9.15797e-15
2.70374e-14
7.89844e-14
2.28765e-13
6.51538e-13
1.83518e-12
5.00764e-12
1.41141e-11
3.86066e-11
1.01012e-10
2.62006e-10
6.64047e-10
1.68369e-09
4.23271e-09
1.10028e-08
2.82896e-08
7.05364e-08
1.6881e-07
3.88788e-07
7.91855e-07
1.76602e-06
3.77183e-06
7.87245e-06
1.54373e-05
2.82856e-05
4.92763e-05
8.44498e-05
0.000138023
0.000213339
0.000313455
0.000432043
0.00057338
0.000733683
0.000907981
0.00108995
0.00127394
0.00145324
0.00162
0.00176776
0.00188709
0.00195692
0.00194124
0.00177761
0.00142603
0.000989543
0.000627312
0.000362528
0.000191161
9.68874e-05
4.96737e-05
2.60411e-05
1.39491e-05
7.43812e-06
4.05938e-06
2.21219e-06
1.19414e-06
6.33706e-07
3.28295e-07
1.64917e-07
8.05256e-08
3.80607e-08
1.99334e-08
1.29967e-08
9.88406e-09
7.59675e-09
5.51834e-09
3.6603e-09
2.06831e-09
6.10967e-10
1.25207e-22
4.29482e-22
8.60844e-22
1.25089e-21
1.61428e-21
1.86436e-21
2.18873e-21
2.59738e-21
2.79544e-21
3.12668e-21
3.42996e-21
3.7026e-21
4.09328e-21
4.54297e-21
5.06113e-21
5.66359e-21
6.55809e-21
8.09071e-21
1.13468e-20
1.98881e-20
4.34868e-20
1.14451e-19
3.30454e-19
9.80456e-19
3.06025e-18
9.30362e-18
2.8281e-17
8.72574e-17
2.63345e-16
7.93836e-16
2.38719e-15
7.10515e-15
2.04938e-14
6.09985e-14
1.78003e-13
5.17186e-13
1.46727e-12
4.08623e-12
1.13284e-11
3.08272e-11
8.26812e-11
2.11179e-10
5.41069e-10
1.3744e-09
3.53306e-09
9.04683e-09
2.31936e-08
5.78865e-08
1.39661e-07
3.25531e-07
7.5345e-07
1.5522e-06
3.37433e-06
7.07728e-06
1.4085e-05
2.705e-05
4.76824e-05
8.22691e-05
0.000135528
0.000210703
0.000311387
0.000431055
0.00057413
0.000736819
0.000913143
0.00109694
0.00128292
0.0014618
0.00162707
0.00177289
0.00188968
0.00195628
0.00193557
0.00176529
0.00140962
0.000975749
0.000618854
0.000358019
0.000189098
9.59909e-05
4.92587e-05
2.58297e-05
1.38063e-05
7.47483e-06
4.07936e-06
2.22534e-06
1.2035e-06
6.40317e-07
3.32849e-07
1.68126e-07
8.25059e-08
3.89921e-08
2.01449e-08
1.28749e-08
9.72244e-09
7.49087e-09
5.46061e-09
3.63124e-09
2.05565e-09
6.08494e-10
1.17588e-22
2.59529e-22
3.71308e-22
4.79219e-22
5.69914e-22
6.75011e-22
7.89522e-22
9.46646e-22
1.13483e-21
1.39236e-21
1.80594e-21
2.21769e-21
2.63153e-21
3.13114e-21
3.72173e-21
4.42609e-21
5.35547e-21
7.04976e-21
1.05144e-20
1.93899e-20
4.34302e-20
1.12263e-19
3.12894e-19
9.05144e-19
2.68424e-18
7.9822e-18
2.37336e-17
7.06853e-17
2.09347e-16
6.18366e-16
1.82465e-15
5.39714e-15
1.5703e-14
4.57679e-14
1.34123e-13
3.80341e-13
1.10047e-12
3.10383e-12
8.56411e-12
2.41881e-11
6.42515e-11
1.65955e-10
4.26186e-10
1.06462e-09
2.58916e-09
6.70978e-09
1.7485e-08
4.47099e-08
1.11307e-07
2.70837e-07
6.31144e-07
1.44219e-06
2.92576e-06
6.15098e-06
1.26969e-05
2.45717e-05
4.45106e-05
7.8459e-05
0.000131304
0.000207625
0.000309532
0.000430778
0.000575839
0.000740626
0.000919168
0.001105
0.00129199
0.00147027
0.00163478
0.00177946
0.00189316
0.00195635
0.00193072
0.0017546
0.00139573
0.000965132
0.000612031
0.000354236
0.000187304
9.52041e-05
4.89015e-05
2.56649e-05
1.3732e-05
7.45281e-06
4.07639e-06
2.22872e-06
1.20829e-06
6.44764e-07
3.36286e-07
1.7048e-07
8.39674e-08
3.9715e-08
2.03402e-08
1.28106e-08
9.62693e-09
7.43337e-09
5.43838e-09
3.62765e-09
2.05748e-09
6.10593e-10
)
;

boundaryField
{
    fuel
    {
        type            fixedValue;
        value           uniform 0;
    }
    air
    {
        type            fixedValue;
        value           uniform 0;
    }
    outlet
    {
        type            inletOutlet;
        inletValue      uniform 0;
        value           nonuniform List<scalar> 
200
(
0
0
0
0
0
0
0
0
0
0
1.73774e-21
2.17048e-21
2.63106e-21
3.07702e-21
3.62097e-21
4.28988e-21
5.09584e-21
6.52148e-21
9.77578e-21
1.80253e-20
4.04485e-20
1.0317e-19
3.00533e-19
8.67514e-19
2.57179e-18
7.64167e-18
2.24845e-17
6.82091e-17
2.01714e-16
5.96569e-16
1.76427e-15
5.20981e-15
1.52217e-14
4.41978e-14
1.27685e-13
3.56557e-13
1.01035e-12
2.90483e-12
8.14664e-12
2.26212e-11
6.06622e-11
1.59648e-10
4.11093e-10
1.03364e-09
2.53478e-09
6.50988e-09
1.70107e-08
4.37768e-08
1.09691e-07
2.65481e-07
6.17911e-07
1.40248e-06
2.85459e-06
6.04583e-06
1.23794e-05
2.40491e-05
4.36646e-05
7.72033e-05
0.000129328
0.000204789
0.00030596
0.000426739
0.000571563
0.00073639
0.000915307
0.00110143
0.00128888
0.00146764
0.00163258
0.0017777
0.00189244
0.00195683
0.0019332
0.00176012
0.00140446
0.000973271
0.000618229
0.000358512
0.000189847
9.64277e-05
4.95134e-05
2.59763e-05
1.38939e-05
7.54062e-06
4.1254e-06
2.25641e-06
1.22393e-06
6.53459e-07
3.41061e-07
1.73031e-07
8.52841e-08
4.03342e-08
2.06182e-08
1.29444e-08
9.71594e-09
7.50405e-09
5.49255e-09
3.66513e-09
2.07935e-09
6.17256e-10
0
0
0
0
0
0
0
0
0
0
1.80594e-21
2.21769e-21
2.63153e-21
3.13114e-21
3.72173e-21
4.42609e-21
5.35547e-21
7.04976e-21
1.05144e-20
1.93899e-20
4.34302e-20
1.12263e-19
3.12894e-19
9.05144e-19
2.68424e-18
7.9822e-18
2.37336e-17
7.06853e-17
2.09347e-16
6.18366e-16
1.82465e-15
5.39714e-15
1.5703e-14
4.57679e-14
1.34123e-13
3.80341e-13
1.10047e-12
3.10383e-12
8.56411e-12
2.41881e-11
6.42515e-11
1.65955e-10
4.26186e-10
1.06462e-09
2.58916e-09
6.70978e-09
1.7485e-08
4.47099e-08
1.11307e-07
2.70837e-07
6.31144e-07
1.44219e-06
2.92576e-06
6.15098e-06
1.26969e-05
2.45717e-05
4.45106e-05
7.8459e-05
0.000131304
0.000207625
0.000309532
0.000430778
0.000575839
0.000740626
0.000919168
0.001105
0.00129199
0.00147027
0.00163478
0.00177946
0.00189316
0.00195635
0.00193072
0.0017546
0.00139573
0.000965132
0.000612031
0.000354236
0.000187304
9.52041e-05
4.89015e-05
2.56649e-05
1.3732e-05
7.45281e-06
4.07639e-06
2.22872e-06
1.20829e-06
6.44764e-07
3.36286e-07
1.7048e-07
8.39674e-08
3.9715e-08
2.03402e-08
1.28106e-08
9.62693e-09
7.43337e-09
5.43838e-09
3.62765e-09
2.05748e-09
6.10593e-10
)
;
    }
    frontAndBack
    {
        type            empty;
    }
    internal
    {
        type            internal;
    }
}


// ************************************************************************* //
