/*--------------------------------*- C++ -*----------------------------------*\
  =========                 |
  \\      /  F ield         | OpenFOAM: The Open Source CFD Toolbox
   \\    /   O peration     | Website:  https://openfoam.org
    \\  /    A nd           | Version:  10
     \\/     M anipulation  |
\*---------------------------------------------------------------------------*/
FoamFile
{
    format      ascii;
    class       volScalarField;
    location    "1";
    object      C9H18;
}
// * * * * * * * * * * * * * * * * * * * * * * * * * * * * * * * * * * * * * //

dimensions      [0 0 0 0 0 0 0];

internalField   nonuniform List<scalar> 
4000
(
2.1273e-22
3.45007e-22
4.33533e-22
5.64548e-22
7.55994e-22
9.12012e-22
1.09985e-21
1.32285e-21
1.63248e-21
2.1062e-21
2.83928e-21
3.54597e-21
4.29744e-21
5.02317e-21
5.90385e-21
6.97439e-21
8.22901e-21
1.03752e-20
1.51746e-20
2.7156e-20
5.94567e-20
1.49572e-19
4.32789e-19
1.24594e-18
3.68988e-18
1.09596e-17
3.22428e-17
9.78082e-17
2.89247e-16
8.55462e-16
2.52996e-15
7.47102e-15
2.1829e-14
6.33841e-14
1.83117e-13
5.11361e-13
1.44904e-12
4.16619e-12
1.16844e-11
3.24453e-11
8.70087e-11
2.28989e-10
5.89654e-10
1.48263e-09
3.63588e-09
9.33784e-09
2.44005e-08
6.27947e-08
1.57345e-07
3.80818e-07
8.86363e-07
2.0118e-06
4.09484e-06
8.67269e-06
1.77583e-05
3.44989e-05
6.26383e-05
0.000110752
0.000185528
0.000293782
0.000438916
0.000612176
0.000819917
0.00105631
0.00131283
0.0015796
0.00184815
0.00210411
0.00234007
0.00254728
0.00271037
0.0028004
0.00276315
0.00251094
0.0019984
0.00138154
0.000876216
0.000507643
0.000268685
0.000136451
7.00637e-05
3.67578e-05
1.96607e-05
1.06705e-05
5.83772e-06
3.19299e-06
1.73195e-06
9.24698e-07
4.82629e-07
2.44853e-07
1.20682e-07
5.70716e-08
2.91694e-08
1.83223e-08
1.37734e-08
1.06521e-08
7.8015e-09
5.20631e-09
2.95374e-09
8.76819e-10
1.06958e-22
6.88596e-22
1.00916e-21
1.7876e-21
2.43375e-21
2.75011e-21
3.13057e-21
3.45346e-21
4.04286e-21
4.76876e-21
5.40501e-21
6.18868e-21
6.99285e-21
7.62429e-21
8.4264e-21
9.42055e-21
1.05084e-20
1.24719e-20
1.67476e-20
2.79948e-20
6.00921e-20
1.57179e-19
4.54862e-19
1.36902e-18
4.18879e-18
1.27983e-17
3.90704e-17
1.18918e-16
3.58766e-16
1.07173e-15
3.18816e-15
9.89592e-15
2.91856e-14
8.44104e-14
2.42637e-13
6.87692e-13
1.97656e-12
5.50705e-12
1.53297e-11
4.1667e-11
1.11898e-10
2.9114e-10
7.49784e-10
1.87961e-09
4.78819e-09
1.24778e-08
3.21898e-08
8.12605e-08
2.00688e-07
4.8422e-07
1.04693e-06
2.14334e-06
4.63274e-06
9.60898e-06
1.94188e-05
3.77452e-05
6.67249e-05
0.000115614
0.000190937
0.000297664
0.000441083
0.000612054
0.000816859
0.00105005
0.00130302
0.00156717
0.00183417
0.00209169
0.00232876
0.00253809
0.00270529
0.00280077
0.00277161
0.00252915
0.00202114
0.00139873
0.000886921
0.00051349
0.000271454
0.000137667
7.06043e-05
3.70073e-05
1.97762e-05
1.07187e-05
5.85384e-06
3.19521e-06
1.72903e-06
9.20624e-07
4.78844e-07
2.42014e-07
1.18828e-07
5.61297e-08
2.89216e-08
1.84338e-08
1.39295e-08
1.0746e-08
7.84035e-09
5.21525e-09
2.953e-09
8.74333e-10
7.90427e-22
1.32399e-21
2.19477e-21
3.08571e-21
4.67954e-21
5.06035e-21
5.52056e-21
6.17747e-21
7.07869e-21
7.42794e-21
8.12666e-21
8.66364e-21
9.23645e-21
9.77053e-21
1.02095e-20
1.09432e-20
1.16531e-20
1.33049e-20
1.78366e-20
2.95677e-20
6.49424e-20
1.75409e-19
5.24861e-19
1.62548e-18
5.06677e-18
1.57555e-17
4.88658e-17
1.51841e-16
4.61168e-16
1.39064e-15
4.2764e-15
1.27067e-14
3.68937e-14
1.08087e-13
3.14379e-13
8.93572e-13
2.49666e-12
6.92824e-12
1.90539e-11
5.1113e-11
1.35494e-10
3.39391e-10
9.06875e-10
2.23418e-09
5.86352e-09
1.49359e-08
3.8547e-08
9.63682e-08
2.30576e-07
5.45984e-07
1.17445e-06
2.42092e-06
5.20269e-06
1.09289e-05
2.13969e-05
3.94461e-05
6.87101e-05
0.000118148
0.00019382
0.000300908
0.000443505
0.000612889
0.000815197
0.00104501
0.00129506
0.00155674
0.00182181
0.00207835
0.00231761
0.00252964
0.00270119
0.00280168
0.00278038
0.00254868
0.00204686
0.00141824
0.00089893
0.000519932
0.00027443
0.000138994
7.1237e-05
3.73078e-05
1.99148e-05
1.07662e-05
5.86531e-06
3.19283e-06
1.72242e-06
9.13768e-07
4.73422e-07
2.37877e-07
1.16179e-07
5.48607e-08
2.86416e-08
1.86171e-08
1.41592e-08
1.09014e-08
7.92636e-09
5.25945e-09
2.97276e-09
8.78395e-10
4.4793e-22
9.82764e-22
1.88148e-21
2.5619e-21
3.2814e-21
4.00443e-21
4.22178e-21
4.6095e-21
5.65049e-21
6.59735e-21
7.45537e-21
7.98078e-21
8.58839e-21
9.45519e-21
1.04131e-20
1.16455e-20
1.32861e-20
1.5791e-20
2.1425e-20
3.66963e-20
8.39581e-20
2.33284e-19
6.99487e-19
2.16094e-18
6.80509e-18
2.11265e-17
6.52161e-17
1.99415e-16
5.91307e-16
1.85064e-15
5.49792e-15
1.62819e-14
4.75564e-14
1.38368e-13
3.98819e-13
1.12595e-12
3.12255e-12
8.64862e-12
2.32239e-11
6.33174e-11
1.66308e-10
4.24868e-10
1.09888e-09
2.70681e-09
6.79552e-09
1.76521e-08
4.49516e-08
1.10097e-07
2.67438e-07
5.8253e-07
1.23703e-06
2.76225e-06
5.94322e-06
1.20932e-05
2.32759e-05
4.06099e-05
7.07151e-05
0.000120783
0.00019706
0.000303557
0.000445118
0.000612933
0.000813189
0.00104086
0.00128858
0.00154801
0.00181125
0.00206808
0.00230838
0.00252246
0.00269718
0.00280229
0.00278797
0.00256555
0.00207217
0.00143011
0.000907449
0.000524881
0.000276833
0.00014011
7.17864e-05
3.76038e-05
2.01224e-05
1.07229e-05
5.84359e-06
3.17876e-06
1.71228e-06
9.06818e-07
4.6963e-07
2.32329e-07
1.13163e-07
5.36213e-08
2.84287e-08
1.88509e-08
1.44347e-08
1.10868e-08
8.03795e-09
5.32211e-09
3.00329e-09
8.85723e-10
2.68749e-22
6.86241e-22
1.04314e-21
1.64744e-21
2.31371e-21
2.82583e-21
3.64671e-21
4.16193e-21
4.94927e-21
5.89963e-21
6.74031e-21
7.57858e-21
8.4197e-21
9.3617e-21
1.08207e-20
1.2649e-20
1.46733e-20
1.75205e-20
2.52515e-20
4.6446e-20
1.11788e-19
3.15838e-19
9.5043e-19
2.92987e-18
9.07822e-18
2.79979e-17
8.58051e-17
2.64056e-16
7.96764e-16
2.38056e-15
7.05682e-15
2.12305e-14
6.14456e-14
1.77326e-13
5.03253e-13
1.40914e-12
3.87631e-12
1.04197e-11
2.85482e-11
7.59134e-11
1.97305e-10
5.03735e-10
1.25678e-09
3.17263e-09
7.89589e-09
2.03053e-08
5.06131e-08
1.2515e-07
2.81062e-07
6.03524e-07
1.37261e-06
3.02763e-06
6.52378e-06
1.34127e-05
2.40443e-05
4.18818e-05
7.26716e-05
0.000123084
0.000199356
0.000305967
0.000446879
0.000613605
0.00081223
0.00103794
0.00128346
0.0015405
0.00180319
0.00206028
0.00230172
0.00251709
0.00269438
0.00280321
0.00279461
0.0025803
0.00209201
0.00144481
0.000916342
0.000529656
0.000278992
0.000141072
7.22488e-05
3.78341e-05
2.0234e-05
1.07755e-05
5.862e-06
3.18243e-06
1.71024e-06
9.03231e-07
4.66187e-07
2.29897e-07
1.11566e-07
5.29865e-08
2.84569e-08
1.91629e-08
1.47389e-08
1.12969e-08
8.17016e-09
5.39999e-09
3.04296e-09
8.96052e-10
1.23244e-22
4.05638e-22
8.40896e-22
1.45669e-21
1.9857e-21
2.5438e-21
3.24354e-21
3.82523e-21
4.14235e-21
4.77165e-21
5.63864e-21
6.81637e-21
7.81616e-21
8.67561e-21
1.0072e-20
1.21722e-20
1.44994e-20
1.92786e-20
3.03844e-20
6.20782e-20
1.58757e-19
4.47551e-19
1.33457e-18
4.05255e-18
1.24426e-17
3.83909e-17
1.15954e-16
3.46354e-16
1.04798e-15
3.08362e-15
8.95553e-15
2.71097e-14
7.73083e-14
2.19219e-13
6.08287e-13
1.71063e-12
4.62175e-12
1.21945e-11
3.38583e-11
9.20012e-11
2.33374e-10
5.82562e-10
1.4548e-09
3.61657e-09
9.10033e-09
2.27194e-08
5.7831e-08
1.32064e-07
2.92973e-07
6.6269e-07
1.49539e-06
3.29095e-06
6.94772e-06
1.41256e-05
2.51515e-05
4.33199e-05
7.42578e-05
0.000125295
0.000201506
0.000307796
0.000447991
0.000613607
0.000810826
0.001035
0.0012792
0.00153534
0.00179681
0.00205307
0.00229501
0.00251208
0.00269172
0.00280335
0.00279898
0.00258988
0.00210549
0.00145606
0.000923588
0.000533612
0.000280859
0.000141953
7.26828e-05
3.80539e-05
2.03416e-05
1.08367e-05
5.88984e-06
3.19335e-06
1.71314e-06
9.02775e-07
4.64652e-07
2.28729e-07
1.10693e-07
5.27286e-08
2.86203e-08
1.94931e-08
1.50322e-08
1.15055e-08
8.30655e-09
5.48303e-09
3.08649e-09
9.07825e-10
7.89063e-23
3.4316e-22
6.44768e-22
1.03482e-21
1.36606e-21
1.77931e-21
2.32787e-21
2.94897e-21
4.02482e-21
4.93452e-21
5.98059e-21
6.99597e-21
8.00234e-21
9.29838e-21
1.04987e-20
1.22743e-20
1.49546e-20
2.03167e-20
3.43765e-20
7.67596e-20
2.05457e-19
5.96859e-19
1.77057e-18
5.48388e-18
1.6527e-17
4.96695e-17
1.48907e-16
4.31773e-16
1.32442e-15
3.90928e-15
1.13588e-14
3.2732e-14
9.39506e-14
2.65784e-13
7.35075e-13
2.04286e-12
5.62332e-12
1.46984e-11
4.0543e-11
1.05924e-10
2.69409e-10
6.7589e-10
1.66007e-09
4.09546e-09
1.00662e-08
2.52775e-08
6.14809e-08
1.34122e-07
3.13935e-07
7.16023e-07
1.5933e-06
3.46409e-06
7.25072e-06
1.46213e-05
2.58951e-05
4.44209e-05
7.55655e-05
0.00012675
0.000203083
0.000309081
0.000448515
0.000613162
0.000809122
0.00103199
0.00127494
0.00153028
0.00179122
0.00204695
0.00228955
0.00250764
0.00268904
0.0028031
0.00280249
0.00259877
0.00211847
0.0014668
0.000931011
0.000537955
0.000283061
0.000142995
7.32016e-05
3.83182e-05
2.04754e-05
1.09117e-05
5.92697e-06
3.21061e-06
1.72032e-06
9.05132e-07
4.64917e-07
2.28594e-07
1.10412e-07
5.27385e-08
2.88601e-08
1.98194e-08
1.53125e-08
1.17073e-08
8.44154e-09
5.56692e-09
3.13129e-09
9.2024e-10
2.51637e-22
5.28289e-22
9.97787e-22
1.6893e-21
2.22391e-21
2.86778e-21
3.33806e-21
3.9487e-21
4.65608e-21
5.42961e-21
6.22519e-21
7.4697e-21
8.76133e-21
1.01389e-20
1.13593e-20
1.32952e-20
1.68206e-20
2.37622e-20
4.25969e-20
9.86668e-20
2.67272e-19
7.81399e-19
2.34763e-18
7.08976e-18
2.13655e-17
6.40927e-17
1.90616e-16
5.58646e-16
1.61699e-15
4.6894e-15
1.37475e-14
4.00142e-14
1.13461e-13
3.17315e-13
8.66948e-13
2.3798e-12
6.49196e-12
1.68008e-11
4.5552e-11
1.20636e-10
3.05208e-10
7.55012e-10
1.87739e-09
4.57524e-09
1.12739e-08
2.79918e-08
6.39562e-08
1.45294e-07
3.37954e-07
7.65432e-07
1.70097e-06
3.65003e-06
7.55604e-06
1.50971e-05
2.65681e-05
4.5294e-05
7.66266e-05
0.00012793
0.000204149
0.000309711
0.000448325
0.000611989
0.00080671
0.00102853
0.00127021
0.00152398
0.001785
0.00204063
0.00228398
0.0025029
0.00268588
0.00280238
0.00280568
0.00260768
0.00213217
0.00147859
0.000939181
0.000543026
0.000285793
0.000144296
7.38521e-05
3.86509e-05
2.06471e-05
1.10051e-05
5.97512e-06
3.23471e-06
1.73181e-06
9.10196e-07
4.66865e-07
2.29376e-07
1.10644e-07
5.29573e-08
2.91477e-08
2.01305e-08
1.55731e-08
1.18975e-08
8.57126e-09
5.64883e-09
3.17566e-09
9.32748e-10
2.26977e-22
6.95137e-22
1.24853e-21
1.97434e-21
2.38972e-21
2.98814e-21
3.60184e-21
4.44541e-21
5.31244e-21
6.39746e-21
6.67494e-21
7.50702e-21
8.89121e-21
1.01232e-20
1.18768e-20
1.38997e-20
1.77658e-20
2.67128e-20
5.00568e-20
1.19543e-19
3.30375e-19
9.63859e-19
2.92745e-18
8.76674e-18
2.63091e-17
7.90809e-17
2.34584e-16
6.90051e-16
2.00763e-15
5.75038e-15
1.64802e-14
4.72889e-14
1.33081e-13
3.70669e-13
1.01907e-12
2.75658e-12
7.40423e-12
1.89966e-11
5.11718e-11
1.33547e-10
3.39084e-10
8.44417e-10
2.07625e-09
5.08845e-09
1.19409e-08
2.75216e-08
6.69307e-08
1.575e-07
3.62072e-07
8.18037e-07
1.79118e-06
3.80376e-06
7.80821e-06
1.54855e-05
2.70737e-05
4.59378e-05
7.7395e-05
0.000128712
0.00020471
0.000309683
0.000447311
0.000609612
0.000802963
0.00102296
0.00126352
0.00151719
0.00177705
0.00203333
0.00227684
0.00249694
0.00268126
0.00280049
0.00280827
0.00261672
0.00214673
0.00149157
0.000948478
0.000549036
0.000289183
0.000145921
7.46645e-05
3.9066e-05
2.08628e-05
1.11193e-05
6.03504e-06
3.26572e-06
1.74743e-06
9.17763e-07
4.70324e-07
2.30949e-07
1.11307e-07
5.33441e-08
2.94677e-08
2.04243e-08
1.58137e-08
1.20761e-08
8.69479e-09
5.7277e-09
3.21884e-09
9.45078e-10
2.21201e-22
7.01796e-22
1.22531e-21
1.73222e-21
2.14549e-21
2.68426e-21
3.4357e-21
4.23946e-21
5.18294e-21
6.12039e-21
7.06217e-21
8.46131e-21
9.57321e-21
1.083e-20
1.28973e-20
1.5559e-20
1.99879e-20
3.01864e-20
5.95452e-20
1.44392e-19
3.96924e-19
1.18094e-18
3.53048e-18
1.05856e-17
3.16076e-17
9.39853e-17
2.77708e-16
8.12624e-16
2.39092e-15
6.91421e-15
1.97192e-14
5.53908e-14
1.53899e-13
4.24191e-13
1.15068e-12
3.08067e-12
8.14757e-12
2.09984e-11
5.7225e-11
1.46772e-10
3.65464e-10
9.06097e-10
2.21705e-09
5.25195e-09
1.21835e-08
3.00615e-08
7.20242e-08
1.68488e-07
3.87489e-07
8.65302e-07
1.8788e-06
3.95727e-06
8.04675e-06
1.57412e-05
2.74278e-05
4.64489e-05
7.7924e-05
0.000129141
0.000204801
0.000309177
0.000445917
0.000607059
0.000798594
0.00101719
0.00125642
0.00150891
0.00176873
0.00202565
0.00226977
0.00249047
0.00267641
0.00279867
0.00281108
0.00262662
0.00216405
0.00150764
0.000960275
0.000556737
0.000293463
0.000147937
7.56555e-05
3.95661e-05
2.11215e-05
1.1253e-05
6.10512e-06
3.30259e-06
1.76653e-06
9.27394e-07
4.75017e-07
2.33156e-07
1.12314e-07
5.38595e-08
2.98089e-08
2.07008e-08
1.60352e-08
1.22416e-08
8.81097e-09
5.80268e-09
3.26027e-09
9.57038e-10
2.32004e-22
7.5026e-22
1.42198e-21
1.76644e-21
2.16538e-21
2.65862e-21
3.06556e-21
3.59545e-21
4.2685e-21
5.07206e-21
6.3535e-21
7.73838e-21
8.9053e-21
1.04311e-20
1.15404e-20
1.37298e-20
1.81468e-20
2.96575e-20
6.36309e-20
1.6453e-19
4.61061e-19
1.37974e-18
4.11806e-18
1.23039e-17
3.63073e-17
1.08752e-16
3.18188e-16
9.2978e-16
2.72356e-15
7.86528e-15
2.23784e-14
6.27437e-14
1.732e-13
4.78253e-13
1.28616e-12
3.42649e-12
9.0224e-12
2.32336e-11
6.25513e-11
1.58485e-10
3.9227e-10
9.57783e-10
2.29389e-09
5.39534e-09
1.32479e-08
3.2319e-08
7.72361e-08
1.80898e-07
4.12728e-07
9.18009e-07
1.98846e-06
4.18275e-06
8.552e-06
1.58121e-05
2.76928e-05
4.68134e-05
7.82254e-05
0.000129244
0.000204447
0.000307912
0.000443382
0.000603209
0.000794065
0.00101128
0.00124938
0.00150104
0.00176044
0.0020172
0.00226251
0.00248444
0.0026718
0.00279674
0.00281367
0.0026364
0.00218049
0.00152275
0.000971642
0.000564291
0.000297864
0.000150054
7.67085e-05
4.01019e-05
2.14014e-05
1.13975e-05
6.18266e-06
3.34353e-06
1.78795e-06
9.38423e-07
4.80588e-07
2.35821e-07
1.13569e-07
5.4466e-08
3.01614e-08
2.09614e-08
1.62405e-08
1.23965e-08
8.9205e-09
5.87381e-09
3.29982e-09
9.68544e-10
1.72988e-22
5.62226e-22
1.30529e-21
1.73094e-21
2.04568e-21
2.66829e-21
3.58924e-21
4.57847e-21
5.14887e-21
5.84482e-21
6.74563e-21
7.82904e-21
8.63018e-21
9.67674e-21
1.10569e-20
1.35375e-20
1.88756e-20
3.24821e-20
7.033e-20
1.85102e-19
5.30388e-19
1.56837e-18
4.7068e-18
1.40253e-17
4.16038e-17
1.22491e-16
3.5876e-16
1.03313e-15
3.03466e-15
8.66748e-15
2.40599e-14
6.92874e-14
1.921e-13
5.20204e-13
1.43643e-12
3.78034e-12
9.80006e-12
2.51673e-11
6.60947e-11
1.70753e-10
4.18669e-10
1.01497e-09
2.42142e-09
5.77399e-09
1.41466e-08
3.43623e-08
8.18705e-08
1.90984e-07
4.33855e-07
9.60543e-07
2.07156e-06
4.33912e-06
8.80836e-06
1.58151e-05
2.79267e-05
4.71111e-05
7.83864e-05
0.000129144
0.00020386
0.000306716
0.000441155
0.000599814
0.000788859
0.00100504
0.00124222
0.00149323
0.00175244
0.00200894
0.00225487
0.00247839
0.00266612
0.00279384
0.00281532
0.00264511
0.00219639
0.00153846
0.000983301
0.000572356
0.000302582
0.000152328
7.78265e-05
4.06667e-05
2.16962e-05
1.15492e-05
6.26442e-06
3.3879e-06
1.81176e-06
9.5093e-07
4.86935e-07
2.38851e-07
1.15014e-07
5.51475e-08
3.05275e-08
2.12111e-08
1.64327e-08
1.25407e-08
9.02281e-09
5.94049e-09
3.33711e-09
9.79481e-10
9.58373e-23
3.21834e-22
9.43213e-22
1.40614e-21
1.99851e-21
2.73225e-21
3.96546e-21
4.88539e-21
5.30519e-21
6.30483e-21
7.35222e-21
8.16569e-21
9.2528e-21
1.03683e-20
1.19635e-20
1.48939e-20
1.9645e-20
3.43933e-20
7.76198e-20
2.07095e-19
5.96798e-19
1.76592e-18
5.26877e-18
1.54901e-17
4.66587e-17
1.36065e-16
3.94155e-16
1.1354e-15
3.27545e-15
9.60174e-15
2.68361e-14
7.60147e-14
2.0929e-13
5.75139e-13
1.53897e-12
4.04298e-12
1.04237e-11
2.66686e-11
6.98611e-11
1.8127e-10
4.45881e-10
1.08404e-09
2.55951e-09
6.21754e-09
1.49001e-08
3.61115e-08
8.58155e-08
1.98594e-07
4.48107e-07
9.8589e-07
2.11312e-06
4.39996e-06
8.87431e-06
1.58089e-05
2.81907e-05
4.73382e-05
7.84191e-05
0.000128851
0.000203041
0.000305123
0.000438866
0.000596396
0.000784064
0.000998889
0.00123501
0.00148531
0.00174437
0.00200071
0.00224723
0.00247173
0.00266089
0.00279131
0.0028171
0.00265396
0.00221313
0.0015551
0.000995986
0.000580853
0.000307512
0.0001547
7.90154e-05
4.12746e-05
2.20148e-05
1.17098e-05
6.35046e-06
3.43419e-06
1.83653e-06
9.64024e-07
4.93764e-07
2.42162e-07
1.16618e-07
5.58717e-08
3.08896e-08
2.14449e-08
1.66119e-08
1.26802e-08
9.12394e-09
6.00715e-09
3.37454e-09
9.90472e-10
1.24311e-22
6.90373e-22
9.61376e-22
1.47092e-21
1.96413e-21
2.47904e-21
3.4352e-21
4.22162e-21
4.94366e-21
6.01453e-21
6.85187e-21
7.94714e-21
9.20355e-21
1.08199e-20
1.31468e-20
1.6307e-20
2.21365e-20
3.72585e-20
8.48602e-20
2.25416e-19
6.47843e-19
1.88454e-18
5.77764e-18
1.7072e-17
5.03943e-17
1.47368e-16
4.33096e-16
1.24755e-15
3.58998e-15
1.02193e-14
2.85459e-14
8.16559e-14
2.21324e-13
6.10162e-13
1.62262e-12
4.26765e-12
1.10326e-11
2.76962e-11
7.37041e-11
1.91599e-10
4.65185e-10
1.1231e-09
2.69118e-09
6.55222e-09
1.5553e-08
3.76134e-08
8.87028e-08
2.04107e-07
4.58228e-07
1.00327e-06
2.14003e-06
4.43855e-06
8.90571e-06
1.57946e-05
2.83804e-05
4.7499e-05
7.83806e-05
0.000128517
0.000202259
0.000303543
0.000436156
0.000592605
0.000779483
0.000993061
0.00122827
0.00147788
0.0017366
0.00199351
0.00224014
0.00246548
0.002656
0.00278863
0.00281839
0.00266171
0.0022281
0.00157116
0.00100821
0.000589192
0.000312515
0.000157141
8.02185e-05
4.18829e-05
2.23319e-05
1.18711e-05
6.43656e-06
3.48041e-06
1.86125e-06
9.77082e-07
5.00551e-07
2.45442e-07
1.18205e-07
5.65942e-08
3.12449e-08
2.16679e-08
1.67807e-08
1.28083e-08
9.2158e-09
6.06742e-09
3.40842e-09
1.00047e-09
2.68625e-22
7.33922e-22
1.19126e-21
1.83287e-21
2.31387e-21
2.53794e-21
2.90474e-21
3.39097e-21
4.2904e-21
5.69439e-21
7.07855e-21
8.52277e-21
1.00244e-20
1.13772e-20
1.27912e-20
1.58127e-20
2.25385e-20
4.0359e-20
9.03677e-20
2.38968e-19
7.05761e-19
2.08512e-18
6.21344e-18
1.83334e-17
5.4536e-17
1.58667e-16
4.61884e-16
1.32587e-15
3.78991e-15
1.09152e-14
3.08112e-14
8.60572e-14
2.33244e-13
6.40164e-13
1.68108e-12
4.37144e-12
1.15735e-11
2.8939e-11
7.6426e-11
1.95445e-10
4.92605e-10
1.18514e-09
2.84544e-09
6.70254e-09
1.60801e-08
3.8693e-08
9.08847e-08
2.0834e-07
4.66067e-07
1.01698e-06
2.16167e-06
4.46344e-06
8.92338e-06
1.57794e-05
2.84995e-05
4.75788e-05
7.8242e-05
0.000128069
0.000201295
0.000302004
0.000433722
0.000589129
0.000774865
0.000987648
0.001222
0.00147096
0.00172936
0.00198619
0.00223326
0.0024596
0.00265146
0.0027862
0.00281954
0.00266883
0.00224178
0.00158609
0.00101964
0.00059713
0.000317209
0.000159418
8.13412e-05
4.24496e-05
2.26268e-05
1.202e-05
6.51622e-06
3.52328e-06
1.88423e-06
9.89264e-07
5.06903e-07
2.48514e-07
1.19693e-07
5.72602e-08
3.1562e-08
2.18597e-08
1.69246e-08
1.29186e-08
9.29537e-09
6.11981e-09
3.43794e-09
1.00921e-09
2.10201e-22
6.89135e-22
1.2437e-21
1.77349e-21
2.21203e-21
2.79415e-21
3.36389e-21
3.67099e-21
4.2953e-21
4.92949e-21
5.76228e-21
7.42917e-21
8.32249e-21
9.29272e-21
1.13821e-20
1.48721e-20
2.20973e-20
4.16329e-20
9.56083e-20
2.57197e-19
7.47353e-19
2.21535e-18
6.60493e-18
1.96001e-17
5.75847e-17
1.67541e-16
4.87877e-16
1.39506e-15
3.94626e-15
1.13848e-14
3.18132e-14
8.90336e-14
2.4518e-13
6.61917e-13
1.7616e-12
4.64091e-12
1.20251e-11
3.12278e-11
8.01964e-11
2.0765e-10
5.07037e-10
1.20519e-09
2.90243e-09
6.84401e-09
1.64891e-08
3.95299e-08
9.25427e-08
2.11472e-07
4.71627e-07
1.026e-06
2.17527e-06
4.47995e-06
8.93437e-06
1.5763e-05
2.85754e-05
4.76138e-05
7.8075e-05
0.000127587
0.000200379
0.000300456
0.000431493
0.00058615
0.000771078
0.000983194
0.00121673
0.0014651
0.00172325
0.00198013
0.00222733
0.00245443
0.00264743
0.00278396
0.0028203
0.0026746
0.00225329
0.00159888
0.00102945
0.000603903
0.000321247
0.000161388
8.23127e-05
4.29393e-05
2.28825e-05
1.2149e-05
6.5854e-06
3.56057e-06
1.90426e-06
9.99905e-07
5.12472e-07
2.51216e-07
1.21017e-07
5.78478e-08
3.18366e-08
2.20219e-08
1.70447e-08
1.30105e-08
9.36169e-09
6.16348e-09
3.46258e-09
1.01651e-09
1.27895e-22
6.8065e-22
1.20911e-21
1.3801e-21
1.75919e-21
2.37138e-21
3.25564e-21
4.42012e-21
5.02111e-21
5.54187e-21
6.20108e-21
7.19522e-21
8.22839e-21
9.54563e-21
1.19603e-20
1.5344e-20
2.20427e-20
4.19298e-20
9.94853e-20
2.71458e-19
7.89388e-19
2.32397e-18
6.95072e-18
2.05315e-17
6.03423e-17
1.75919e-16
5.08084e-16
1.45004e-15
4.13102e-15
1.18396e-14
3.31639e-14
9.34074e-14
2.54807e-13
6.86342e-13
1.82519e-12
4.82251e-12
1.25483e-11
3.21638e-11
8.20284e-11
2.09517e-10
5.14454e-10
1.23689e-09
2.90579e-09
6.92942e-09
1.68165e-08
4.01753e-08
9.3805e-08
2.13859e-07
4.75886e-07
1.03297e-06
2.18551e-06
4.49178e-06
8.9411e-06
1.57502e-05
2.86191e-05
4.76188e-05
7.7915e-05
0.000127208
0.00019969
0.000299345
0.000429865
0.000583773
0.000767906
0.000979213
0.00121225
0.00146025
0.00171822
0.00197506
0.00222244
0.00245019
0.00264415
0.0027821
0.00282081
0.00267903
0.00226227
0.00160902
0.00103726
0.000609304
0.000324478
0.000162968
8.30914e-05
4.33307e-05
2.3086e-05
1.22517e-05
6.64047e-06
3.59031e-06
1.92028e-06
1.00844e-06
5.16947e-07
2.5339e-07
1.2208e-07
5.83186e-08
3.20544e-08
2.21483e-08
1.7138e-08
1.3082e-08
9.41336e-09
6.19755e-09
3.48182e-09
1.02222e-09
2.93562e-22
1.01759e-21
1.74679e-21
2.48345e-21
2.74027e-21
2.88585e-21
3.37781e-21
4.28912e-21
4.30334e-21
4.51132e-21
5.13385e-21
6.01946e-21
7.28224e-21
8.63805e-21
1.10653e-20
1.54565e-20
2.36662e-20
4.4306e-20
1.04833e-19
2.83479e-19
8.18237e-19
2.41232e-18
7.14284e-18
2.09986e-17
6.23588e-17
1.8173e-16
5.27201e-16
1.50952e-15
4.34949e-15
1.22296e-14
3.4089e-14
9.40083e-14
2.60354e-13
6.99843e-13
1.88176e-12
4.97399e-12
1.28354e-11
3.23735e-11
8.30621e-11
2.10889e-10
5.16526e-10
1.23653e-09
2.93449e-09
7.00855e-09
1.70502e-08
4.06385e-08
9.47055e-08
2.1556e-07
4.78946e-07
1.03816e-06
2.19284e-06
4.5007e-06
8.94634e-06
1.57418e-05
2.86456e-05
4.76173e-05
7.77986e-05
0.000126929
0.000199178
0.00029852
0.000428662
0.000582114
0.000765747
0.000976588
0.00120926
0.00145695
0.00171479
0.00197165
0.00221904
0.00244726
0.00264189
0.0027808
0.00282111
0.00268206
0.00226852
0.00161617
0.00104278
0.000613128
0.000326773
0.000164092
8.36462e-05
4.36115e-05
2.32318e-05
1.23252e-05
6.67983e-06
3.61154e-06
1.9317e-06
1.01452e-06
5.20139e-07
2.54942e-07
1.2284e-07
5.86536e-08
3.22082e-08
2.22366e-08
1.72027e-08
1.31316e-08
9.44927e-09
6.22123e-09
3.49519e-09
1.0262e-09
1.38545e-22
4.33798e-22
8.43805e-22
1.43685e-21
1.80388e-21
2.20332e-21
2.79142e-21
3.8128e-21
4.20051e-21
4.74765e-21
5.33444e-21
6.19822e-21
7.28408e-21
8.57963e-21
1.05235e-20
1.39136e-20
2.1763e-20
4.32828e-20
1.05216e-19
2.86887e-19
8.28919e-19
2.44363e-18
7.30237e-18
2.14756e-17
6.36057e-17
1.84791e-16
5.35987e-16
1.55022e-15
4.4166e-15
1.24698e-14
3.48322e-14
9.77942e-14
2.64834e-13
7.11388e-13
1.91052e-12
4.98145e-12
1.29781e-11
3.28366e-11
8.63274e-11
2.17068e-10
5.23207e-10
1.25562e-09
2.93509e-09
7.12353e-09
1.7175e-08
4.09194e-08
9.52965e-08
2.16688e-07
4.80951e-07
1.04144e-06
2.19759e-06
4.50651e-06
8.95096e-06
1.57395e-05
2.86659e-05
4.76242e-05
7.77464e-05
0.000126795
0.00019892
0.00029809
0.000428012
0.000581239
0.000764632
0.000975233
0.00120769
0.00145523
0.00171299
0.00196982
0.00221725
0.0024457
0.00264064
0.00278007
0.00282125
0.00268365
0.00227181
0.00161997
0.00104571
0.000615165
0.000327997
0.000164694
8.39432e-05
4.37617e-05
2.33103e-05
1.23647e-05
6.70108e-06
3.62303e-06
1.93789e-06
1.01782e-06
5.21871e-07
2.55785e-07
1.23252e-07
5.88349e-08
3.22907e-08
2.22838e-08
1.72373e-08
1.3158e-08
9.46832e-09
6.23378e-09
3.50228e-09
1.02831e-09
1.30324e-22
6.95736e-22
1.18343e-21
1.76812e-21
2.10621e-21
2.54257e-21
3.38974e-21
4.49545e-21
5.14288e-21
5.62588e-21
6.74704e-21
7.53014e-21
8.44482e-21
8.87345e-21
1.02741e-20
1.38736e-20
2.1433e-20
4.31652e-20
1.04912e-19
2.89699e-19
8.46698e-19
2.50236e-18
7.4267e-18
2.19077e-17
6.3923e-17
1.88439e-16
5.44323e-16
1.56889e-15
4.51422e-15
1.28085e-14
3.56937e-14
9.78833e-14
2.70225e-13
7.34179e-13
1.94355e-12
5.06279e-12
1.31788e-11
3.3001e-11
8.69996e-11
2.15804e-10
5.31439e-10
1.2666e-09
2.9948e-09
7.13355e-09
1.72471e-08
4.10896e-08
9.56447e-08
2.17363e-07
4.82194e-07
1.0436e-06
2.20108e-06
4.51142e-06
8.95664e-06
1.57436e-05
2.86891e-05
4.76466e-05
7.7755e-05
0.000126782
0.000198876
0.000298003
0.000427874
0.000581044
0.000764387
0.000974945
0.00120737
0.00145489
0.00171264
0.00196948
0.00221692
0.00244541
0.00264041
0.00277993
0.00282125
0.00268388
0.00227231
0.00162055
0.00104616
0.000615474
0.000328181
0.000164784
8.39871e-05
4.37837e-05
2.33217e-05
1.23705e-05
6.70413e-06
3.62467e-06
1.93877e-06
1.01829e-06
5.22116e-07
2.55902e-07
1.23309e-07
5.88603e-08
3.23024e-08
2.22906e-08
1.72423e-08
1.31618e-08
9.47099e-09
6.2355e-09
3.50324e-09
1.02859e-09
9.59563e-23
5.77708e-22
1.37617e-21
2.04918e-21
2.49567e-21
2.95509e-21
3.57512e-21
4.4775e-21
5.51951e-21
5.92518e-21
6.05208e-21
6.74115e-21
7.3358e-21
8.85418e-21
1.08799e-20
1.41951e-20
2.23304e-20
4.33349e-20
1.0603e-19
2.91738e-19
8.5232e-19
2.52428e-18
7.50453e-18
2.22356e-17
6.52738e-17
1.89713e-16
5.41686e-16
1.5973e-15
4.53915e-15
1.28457e-14
3.602e-14
9.95216e-14
2.73672e-13
7.34808e-13
1.96134e-12
5.09832e-12
1.32632e-11
3.33863e-11
8.74551e-11
2.17014e-10
5.34129e-10
1.25575e-09
3.02975e-09
7.1541e-09
1.72452e-08
4.11555e-08
9.57829e-08
2.17651e-07
4.82797e-07
1.04483e-06
2.20355e-06
4.51615e-06
8.96533e-06
1.57578e-05
2.87212e-05
4.76975e-05
7.78562e-05
0.000126947
0.000199127
0.000298368
0.000428378
0.000581713
0.000765234
0.000975965
0.00120854
0.00145617
0.00171398
0.00197082
0.00221822
0.00244654
0.00264131
0.00278044
0.00282113
0.00268269
0.00226987
0.00161776
0.001044
0.000613974
0.000327279
0.000164341
8.37686e-05
4.36733e-05
2.3264e-05
1.23414e-05
6.68855e-06
3.61625e-06
1.93422e-06
1.01585e-06
5.20834e-07
2.55279e-07
1.23003e-07
5.87254e-08
3.22415e-08
2.22563e-08
1.72171e-08
1.31424e-08
9.45689e-09
6.22617e-09
3.49795e-09
1.02701e-09
1.19425e-22
3.68054e-22
7.63639e-22
1.2483e-21
1.9846e-21
2.59438e-21
2.88426e-21
3.7933e-21
4.81889e-21
5.28775e-21
5.84202e-21
6.52267e-21
7.29224e-21
9.03308e-21
1.08081e-20
1.48977e-20
2.2861e-20
4.25759e-20
1.03466e-19
2.86345e-19
8.31126e-19
2.49326e-18
7.38647e-18
2.20594e-17
6.45736e-17
1.8726e-16
5.39875e-16
1.57134e-15
4.46772e-15
1.26417e-14
3.53097e-14
9.73583e-14
2.7262e-13
7.27232e-13
1.88918e-12
4.98373e-12
1.30108e-11
3.23816e-11
8.42249e-11
2.18589e-10
5.20148e-10
1.26622e-09
2.95242e-09
7.1712e-09
1.72355e-08
4.10915e-08
9.56682e-08
2.17489e-07
4.82653e-07
1.04497e-06
2.20474e-06
4.52022e-06
8.97624e-06
1.57817e-05
2.87638e-05
4.77795e-05
7.8052e-05
0.000127291
0.000199668
0.000299166
0.000429499
0.000583207
0.000767123
0.000978236
0.00121113
0.001459
0.00171691
0.00197375
0.00222105
0.00244901
0.00264324
0.00278156
0.00282087
0.00268012
0.00226456
0.0016117
0.00103932
0.000610732
0.000325331
0.000163387
8.32974e-05
4.34354e-05
2.31401e-05
1.2279e-05
6.65505e-06
3.59813e-06
1.92446e-06
1.01064e-06
5.18089e-07
2.53942e-07
1.22347e-07
5.84375e-08
3.21107e-08
2.21825e-08
1.71631e-08
1.31008e-08
9.42667e-09
6.20617e-09
3.48662e-09
1.02364e-09
3.67617e-22
7.35573e-22
1.00198e-21
1.47083e-21
1.93926e-21
2.36294e-21
2.89886e-21
3.67301e-21
4.47922e-21
5.18315e-21
6.09853e-21
6.69767e-21
7.74789e-21
9.22352e-21
1.15586e-20
1.54919e-20
2.3286e-20
4.43476e-20
1.04071e-19
2.8311e-19
8.21837e-19
2.44913e-18
7.28425e-18
2.15536e-17
6.33159e-17
1.84496e-16
5.33306e-16
1.53293e-15
4.41848e-15
1.2491e-14
3.49715e-14
9.64115e-14
2.6602e-13
7.15444e-13
1.90735e-12
5.01572e-12
1.29221e-11
3.23794e-11
8.45575e-11
2.16495e-10
5.23494e-10
1.24181e-09
2.93445e-09
7.16118e-09
1.71483e-08
4.08995e-08
9.53259e-08
2.16929e-07
4.81877e-07
1.04424e-06
2.20514e-06
4.52465e-06
8.99144e-06
1.58182e-05
2.88219e-05
4.79006e-05
7.83579e-05
0.000127841
0.000200546
0.000300472
0.000431323
0.00058563
0.000770168
0.000981854
0.00121523
0.00146345
0.00172151
0.00197832
0.00222551
0.00245287
0.00264627
0.00278331
0.00282049
0.00267618
0.00225649
0.00160257
0.00103229
0.000605858
0.000322409
0.000161957
8.2591e-05
4.30774e-05
2.29537e-05
1.21852e-05
6.60471e-06
3.57092e-06
1.90979e-06
1.00281e-06
5.13973e-07
2.5194e-07
1.21365e-07
5.80056e-08
3.19147e-08
2.20712e-08
1.70816e-08
1.30381e-08
9.38115e-09
6.17608e-09
3.46958e-09
1.01857e-09
1.68875e-22
5.96437e-22
1.06158e-21
1.37951e-21
1.57582e-21
1.91545e-21
2.50233e-21
3.29717e-21
3.93996e-21
4.70648e-21
5.91904e-21
7.00054e-21
8.62709e-21
1.04899e-20
1.24229e-20
1.58188e-20
2.34201e-20
4.37951e-20
1.01263e-19
2.73477e-19
7.94101e-19
2.32013e-18
7.02066e-18
2.05873e-17
6.15605e-17
1.79187e-16
5.1808e-16
1.48583e-15
4.28463e-15
1.22054e-14
3.35943e-14
9.5545e-14
2.59431e-13
6.9924e-13
1.86799e-12
4.8912e-12
1.27067e-11
3.21286e-11
8.19376e-11
2.08166e-10
5.17475e-10
1.23108e-09
2.88551e-09
7.06565e-09
1.70123e-08
4.06018e-08
9.47403e-08
2.15876e-07
4.80214e-07
1.04218e-06
2.20393e-06
4.52813e-06
9.00923e-06
1.58657e-05
2.88885e-05
4.80471e-05
7.87466e-05
0.000128554
0.0002017
0.000302205
0.000433769
0.000588918
0.000774385
0.000986749
0.00122068
0.00146931
0.00172755
0.00198433
0.00223128
0.00245792
0.00265016
0.00278552
0.00281991
0.00267097
0.00224596
0.00159078
0.00102322
0.00059958
0.000318653
0.000160121
8.16817e-05
4.26197e-05
2.27154e-05
1.20651e-05
6.54028e-06
3.53613e-06
1.89104e-06
9.9281e-07
5.08713e-07
2.49384e-07
1.20113e-07
5.74534e-08
3.1663e-08
2.19269e-08
1.69753e-08
1.29563e-08
9.32182e-09
6.13686e-09
3.44739e-09
1.01197e-09
1.77972e-22
5.16808e-22
1.12334e-21
1.44917e-21
1.84701e-21
2.48566e-21
3.49502e-21
3.75712e-21
4.28819e-21
4.99901e-21
6.06956e-21
7.40931e-21
8.76899e-21
9.97145e-21
1.11423e-20
1.43996e-20
2.22074e-20
4.15497e-20
9.71473e-20
2.58968e-19
7.60541e-19
2.24058e-18
6.66779e-18
1.97995e-17
5.85073e-17
1.70887e-16
4.97912e-16
1.43056e-15
4.13381e-15
1.16427e-14
3.2478e-14
9.11522e-14
2.49939e-13
6.75136e-13
1.76305e-12
4.70801e-12
1.22047e-11
3.10452e-11
8.02619e-11
2.07335e-10
4.99507e-10
1.23261e-09
2.89453e-09
6.95038e-09
1.67446e-08
4.01186e-08
9.38548e-08
2.1428e-07
4.77621e-07
1.0385e-06
2.20048e-06
4.52961e-06
9.02834e-06
1.59221e-05
2.89455e-05
4.82069e-05
7.91984e-05
0.000129392
0.000203064
0.00030425
0.000436624
0.000592671
0.000779006
0.000992287
0.00122703
0.00147625
0.00173474
0.00199137
0.00223792
0.00246359
0.00265458
0.00278796
0.00281902
0.00266454
0.00223324
0.00157675
0.00101246
0.000592154
0.000314228
0.000157969
8.0624e-05
4.20856e-05
2.2436e-05
1.19239e-05
6.4641e-06
3.495e-06
1.86889e-06
9.81006e-07
5.02515e-07
2.46375e-07
1.18641e-07
5.68014e-08
3.13614e-08
2.17522e-08
1.68467e-08
1.28576e-08
9.25031e-09
6.08962e-09
3.42067e-09
1.00403e-09
2.72622e-22
6.64905e-22
9.30893e-22
1.34954e-21
1.72969e-21
2.31684e-21
3.24503e-21
3.74902e-21
4.45854e-21
5.48236e-21
6.26113e-21
7.36262e-21
8.45101e-21
9.67733e-21
1.16453e-20
1.50476e-20
2.18666e-20
4.06526e-20
9.30091e-20
2.46122e-19
7.07088e-19
2.08308e-18
6.29991e-18
1.86807e-17
5.51868e-17
1.61081e-16
4.76219e-16
1.376e-15
3.94179e-15
1.11347e-14
3.17896e-14
8.78348e-14
2.39437e-13
6.48059e-13
1.7291e-12
4.55718e-12
1.19136e-11
3.02705e-11
7.86637e-11
2.03135e-10
4.93944e-10
1.20209e-09
2.86281e-09
6.80108e-09
1.64245e-08
3.94471e-08
9.25609e-08
2.11968e-07
4.73518e-07
1.0326e-06
2.19315e-06
4.52522e-06
9.03981e-06
1.59732e-05
2.8975e-05
4.83314e-05
7.96368e-05
0.000130261
0.000204517
0.000306459
0.000439731
0.000596764
0.000784054
0.000998425
0.00123396
0.00148364
0.0017421
0.00199862
0.00224492
0.00246975
0.00265935
0.00279052
0.00281774
0.00265688
0.00221859
0.00156097
0.00100041
0.000583869
0.000309308
0.000155581
7.94458e-05
4.14895e-05
2.2123e-05
1.17658e-05
6.37996e-06
3.4495e-06
1.84438e-06
9.6795e-07
4.95667e-07
2.43051e-07
1.17017e-07
5.60798e-08
3.10273e-08
2.15557e-08
1.66999e-08
1.27445e-08
9.16832e-09
6.03546e-09
3.39007e-09
9.94943e-10
2.37937e-22
6.04146e-22
9.60774e-22
1.24449e-21
1.72816e-21
2.26238e-21
3.08972e-21
3.78758e-21
4.45331e-21
5.12652e-21
5.74857e-21
6.70579e-21
7.85281e-21
8.97105e-21
1.1018e-20
1.48474e-20
2.21086e-20
3.83929e-20
8.69047e-20
2.29735e-19
6.5983e-19
1.96541e-18
5.86065e-18
1.74262e-17
5.1633e-17
1.52044e-16
4.43847e-16
1.282e-15
3.74701e-15
1.05933e-14
2.97279e-14
8.23006e-14
2.28353e-13
6.19468e-13
1.66262e-12
4.37039e-12
1.12455e-11
2.82414e-11
7.49588e-11
1.92371e-10
4.79459e-10
1.15951e-09
2.72547e-09
6.61102e-09
1.59915e-08
3.85609e-08
9.07878e-08
2.08633e-07
4.67814e-07
1.02286e-06
2.18117e-06
4.5147e-06
9.04642e-06
1.6026e-05
2.89723e-05
4.84295e-05
8.0088e-05
0.000131157
0.00020604
0.000308826
0.000443132
0.000601312
0.000789795
0.00100523
0.00124166
0.00149202
0.00175087
0.00200686
0.00225287
0.00247649
0.00266459
0.00279332
0.00281636
0.00264866
0.00220253
0.0015444
0.000987714
0.000575107
0.000304107
0.000153058
7.81958e-05
4.08564e-05
2.17953e-05
1.16002e-05
6.29052e-06
3.40102e-06
1.81836e-06
9.5414e-07
4.88447e-07
2.39553e-07
1.15305e-07
5.53134e-08
3.06634e-08
2.13364e-08
1.65358e-08
1.26186e-08
9.0773e-09
5.97543e-09
3.35618e-09
9.84904e-10
2.39208e-22
4.5406e-22
8.6488e-22
1.28519e-21
1.63123e-21
2.0651e-21
2.63362e-21
3.33841e-21
4.02444e-21
5.16505e-21
6.13435e-21
6.78345e-21
7.4689e-21
9.0215e-21
1.08535e-20
1.40461e-20
1.99491e-20
3.53048e-20
7.90078e-20
2.09179e-19
5.9979e-19
1.77078e-18
5.29747e-18
1.57269e-17
4.72804e-17
1.39011e-16
4.06216e-16
1.18175e-15
3.37364e-15
9.53605e-15
2.71939e-14
7.73873e-14
2.10835e-13
5.88426e-13
1.56921e-12
4.15308e-12
1.08569e-11
2.70836e-11
7.19054e-11
1.85714e-10
4.53771e-10
1.10523e-09
2.59847e-09
6.36168e-09
1.54127e-08
3.72447e-08
8.83094e-08
2.04031e-07
4.59675e-07
1.00953e-06
2.16068e-06
4.49429e-06
9.04615e-06
1.6089e-05
2.88947e-05
4.84595e-05
8.04996e-05
0.000132209
0.000207962
0.000311825
0.00044734
0.000606755
0.000796218
0.00101252
0.00124964
0.0015004
0.00175918
0.00201518
0.00226038
0.00248262
0.00267077
0.00279655
0.00281469
0.00263915
0.00218521
0.00152728
0.000974596
0.000565994
0.000298705
0.000150448
7.69106e-05
4.02077e-05
2.14573e-05
1.14298e-05
6.19976e-06
3.35252e-06
1.79231e-06
9.4032e-07
4.81238e-07
2.3607e-07
1.13626e-07
5.45457e-08
3.02867e-08
2.11002e-08
1.63563e-08
1.24816e-08
8.9787e-09
5.91055e-09
3.31965e-09
9.74111e-10
2.78069e-22
5.82268e-22
1.0222e-21
1.19452e-21
1.54404e-21
2.21851e-21
2.83401e-21
3.58925e-21
4.21371e-21
5.25314e-21
6.00443e-21
6.89612e-21
7.98637e-21
9.34244e-21
1.07829e-20
1.35434e-20
1.89418e-20
3.42495e-20
7.45215e-20
1.92317e-19
5.44238e-19
1.59627e-18
4.73064e-18
1.41308e-17
4.15941e-17
1.24061e-16
3.65435e-16
1.05993e-15
3.05972e-15
8.63386e-15
2.50431e-14
7.06039e-14
1.99353e-13
5.43541e-13
1.4583e-12
3.96075e-12
1.02419e-11
2.6287e-11
6.87565e-11
1.76585e-10
4.3376e-10
1.05956e-09
2.52256e-09
6.02662e-09
1.46797e-08
3.56574e-08
8.48057e-08
1.97642e-07
4.48278e-07
9.90632e-07
2.13142e-06
4.45646e-06
9.02407e-06
1.61398e-05
2.87088e-05
4.83351e-05
8.06339e-05
0.000132682
0.000208938
0.000313538
0.000449921
0.00061045
0.000801593
0.00101922
0.00125738
0.00150882
0.00176784
0.00202369
0.00226806
0.00248961
0.00267593
0.00279896
0.0028125
0.00262948
0.00216726
0.00151002
0.000961652
0.000557443
0.000293753
0.000148073
7.57174e-05
3.95968e-05
2.11376e-05
1.12678e-05
6.11259e-06
3.30556e-06
1.76714e-06
9.27003e-07
4.74286e-07
2.32702e-07
1.11996e-07
5.38073e-08
2.99174e-08
2.08616e-08
1.61731e-08
1.23388e-08
8.87492e-09
5.84204e-09
3.28112e-09
9.62793e-10
7.74666e-23
2.86636e-22
6.58659e-22
1.03697e-21
1.54628e-21
2.05489e-21
2.87795e-21
3.49393e-21
4.19791e-21
4.69074e-21
5.79765e-21
6.74063e-21
7.66605e-21
8.84251e-21
1.00914e-20
1.24779e-20
1.81869e-20
3.03675e-20
6.5715e-20
1.68589e-19
4.77671e-19
1.4091e-18
4.22028e-18
1.2599e-17
3.74059e-17
1.10612e-16
3.25751e-16
9.53996e-16
2.78181e-15
7.88939e-15
2.28073e-14
6.48429e-14
1.80249e-13
4.99513e-13
1.32827e-12
3.61291e-12
9.52156e-12
2.44216e-11
6.46358e-11
1.65208e-10
4.10159e-10
1.00365e-09
2.40018e-09
5.62598e-09
1.3821e-08
3.37703e-08
8.08561e-08
1.89412e-07
4.3228e-07
9.61491e-07
2.0829e-06
4.38198e-06
8.93972e-06
1.61647e-05
2.84169e-05
4.80839e-05
8.05892e-05
0.000132959
0.000209782
0.000315172
0.000452715
0.000614776
0.000807445
0.00102601
0.00126498
0.00151696
0.0017761
0.00203256
0.00227635
0.00249641
0.00268136
0.00280142
0.0028105
0.00262073
0.00215186
0.00149546
0.000950671
0.000549793
0.000289271
0.000145921
7.46543e-05
3.90554e-05
2.08494e-05
1.11183e-05
6.03172e-06
3.26175e-06
1.74373e-06
9.14738e-07
4.68073e-07
2.2974e-07
1.10584e-07
5.31398e-08
2.95586e-08
2.06161e-08
1.59837e-08
1.21964e-08
8.77379e-09
5.77604e-09
3.24418e-09
9.51953e-10
2.71105e-22
7.09509e-22
1.03511e-21
1.46538e-21
2.24458e-21
3.35681e-21
3.81662e-21
4.32667e-21
5.08823e-21
5.70193e-21
6.25154e-21
7.40965e-21
8.37081e-21
9.64831e-21
1.15954e-20
1.36534e-20
1.80866e-20
2.86173e-20
5.84113e-20
1.44754e-19
4.04672e-19
1.21023e-18
3.59934e-18
1.0892e-17
3.21289e-17
9.65254e-17
2.83331e-16
8.21537e-16
2.43862e-15
7.03765e-15
2.02677e-14
5.7316e-14
1.61676e-13
4.44877e-13
1.2067e-12
3.25105e-12
8.58744e-12
2.25018e-11
5.84887e-11
1.51589e-10
3.80599e-10
9.38224e-10
2.32806e-09
5.48896e-09
1.275e-08
3.14476e-08
7.53963e-08
1.76497e-07
4.06325e-07
9.08465e-07
1.97459e-06
4.15652e-06
8.41125e-06
1.62353e-05
2.82237e-05
4.77628e-05
8.03459e-05
0.000132962
0.000210283
0.000316571
0.000455508
0.000618765
0.000812227
0.00103223
0.00127242
0.00152546
0.00178464
0.00204021
0.00228317
0.00250236
0.00268562
0.00280307
0.00280765
0.00261091
0.00213587
0.001481
0.000939928
0.000542658
0.000285165
0.00014396
7.36804e-05
3.85606e-05
2.05929e-05
1.09863e-05
5.96153e-06
3.22444e-06
1.7241e-06
9.04605e-07
4.62947e-07
2.27282e-07
1.09425e-07
5.25744e-08
2.92251e-08
2.03669e-08
1.57869e-08
1.20478e-08
8.66854e-09
5.70763e-09
3.20613e-09
9.40884e-10
1.17318e-22
4.17913e-22
8.13788e-22
1.6573e-21
2.32988e-21
2.64037e-21
3.02011e-21
3.6811e-21
4.68689e-21
5.3459e-21
6.04205e-21
7.00447e-21
7.99395e-21
9.52507e-21
1.15482e-20
1.43407e-20
1.83454e-20
2.72619e-20
5.18906e-20
1.22803e-19
3.39228e-19
1.00094e-18
3.02275e-18
9.10454e-18
2.73426e-17
8.15729e-17
2.41345e-16
7.0778e-16
2.05715e-15
5.88073e-15
1.74973e-14
4.96865e-14
1.38781e-13
3.88759e-13
1.0673e-12
2.8798e-12
7.69217e-12
2.04201e-11
5.38129e-11
1.39594e-10
3.53678e-10
8.72421e-10
2.15237e-09
5.33827e-09
1.24826e-08
2.87576e-08
6.9953e-08
1.64576e-07
3.78144e-07
8.53873e-07
1.86766e-06
3.95735e-06
8.09552e-06
1.59831e-05
2.78884e-05
4.72709e-05
7.98303e-05
0.000132534
0.000210172
0.000317046
0.000456743
0.000620999
0.000815809
0.00103733
0.00127884
0.00153216
0.00179227
0.00204695
0.00228941
0.00250755
0.00268932
0.00280423
0.00280464
0.00260138
0.00211977
0.00146644
0.000929374
0.000535946
0.000281434
0.000142203
7.28125e-05
3.8121e-05
2.03651e-05
1.08677e-05
5.89898e-06
3.19164e-06
1.7072e-06
8.96126e-07
4.58849e-07
2.25355e-07
1.08552e-07
5.21179e-08
2.89115e-08
2.01076e-08
1.55783e-08
1.18922e-08
8.55922e-09
5.63701e-09
3.16711e-09
9.29631e-10
1.11749e-22
3.91319e-22
8.87545e-22
1.52917e-21
2.28931e-21
2.87449e-21
3.35842e-21
4.02728e-21
4.6404e-21
5.30096e-21
6.1192e-21
6.92525e-21
8.10436e-21
9.86988e-21
1.17053e-20
1.4711e-20
1.77357e-20
2.49754e-20
4.47944e-20
1.04005e-19
2.76868e-19
8.0144e-19
2.41381e-18
7.28346e-18
2.22994e-17
6.58466e-17
1.99193e-16
5.83372e-16
1.70558e-15
5.04593e-15
1.47009e-14
4.20749e-14
1.16864e-13
3.3322e-13
9.16237e-13
2.52799e-12
6.73423e-12
1.83459e-11
4.85969e-11
1.25114e-10
3.18289e-10
7.96424e-10
1.95304e-09
4.81347e-09
1.19395e-08
2.88564e-08
6.61086e-08
1.51614e-07
3.52413e-07
7.97018e-07
1.76753e-06
3.78735e-06
7.82804e-06
1.56131e-05
2.74181e-05
4.66401e-05
7.90295e-05
0.000131674
0.000209478
0.000316813
0.000457311
0.000622637
0.000818909
0.00104155
0.00128358
0.00153783
0.0017979
0.00205265
0.00229471
0.0025121
0.00269261
0.00280513
0.00280159
0.00259276
0.00210658
0.00145502
0.000921277
0.000530721
0.000278536
0.000140822
7.2122e-05
3.7768e-05
2.01819e-05
1.07698e-05
5.84774e-06
3.16529e-06
1.69405e-06
8.89868e-07
4.56068e-07
2.24101e-07
1.08039e-07
5.17989e-08
2.86235e-08
1.98342e-08
1.5353e-08
1.17245e-08
8.44363e-09
5.56336e-09
3.12686e-09
9.18164e-10
1.56279e-22
4.96474e-22
9.66183e-22
1.37293e-21
1.85824e-21
2.45518e-21
3.24862e-21
4.0917e-21
4.99789e-21
5.75834e-21
6.6674e-21
7.55407e-21
8.44377e-21
9.59911e-21
1.09437e-20
1.29742e-20
1.56581e-20
2.20509e-20
3.70412e-20
8.04604e-20
2.09994e-19
6.20522e-19
1.83052e-18
5.67169e-18
1.743e-17
5.25952e-17
1.57772e-16
4.69716e-16
1.38786e-15
4.07428e-15
1.19671e-14
3.46893e-14
9.8463e-14
2.80259e-13
7.78782e-13
2.13517e-12
5.82997e-12
1.55659e-11
4.30003e-11
1.11803e-10
2.84136e-10
7.02772e-10
1.75573e-09
4.1963e-09
1.05333e-08
2.63004e-08
6.39852e-08
1.40014e-07
3.28135e-07
7.49764e-07
1.67331e-06
3.61304e-06
7.53003e-06
1.51418e-05
2.67461e-05
4.57366e-05
7.78945e-05
0.000130357
0.000208177
0.000315817
0.000456973
0.000623118
0.000820311
0.00104392
0.00128711
0.00154211
0.00180268
0.00205812
0.00229928
0.00251582
0.00269477
0.00280517
0.00279828
0.0025846
0.00209463
0.00144504
0.000914411
0.000526554
0.000276341
0.000139779
7.15993e-05
3.75002e-05
2.00443e-05
1.06935e-05
5.80877e-06
3.14613e-06
1.68521e-06
8.86194e-07
4.54838e-07
2.23653e-07
1.07964e-07
5.16507e-08
2.83701e-08
1.9546e-08
1.51105e-08
1.15483e-08
8.3236e-09
5.48765e-09
3.08591e-09
9.06655e-10
1.39041e-22
4.23443e-22
8.12737e-22
1.43878e-21
2.1629e-21
2.91606e-21
3.37834e-21
3.84171e-21
4.63002e-21
5.65288e-21
6.85644e-21
8.35413e-21
9.49674e-21
1.00675e-20
1.05089e-20
1.1415e-20
1.33993e-20
1.75674e-20
2.91053e-20
6.07121e-20
1.58487e-19
4.59687e-19
1.39123e-18
4.2761e-18
1.32051e-17
4.01258e-17
1.21122e-16
3.69029e-16
1.1002e-15
3.22551e-15
9.66207e-15
2.79384e-14
7.99336e-14
2.29229e-13
6.49151e-13
1.77158e-12
4.91843e-12
1.3324e-11
3.59973e-11
9.6448e-11
2.46638e-10
6.22259e-10
1.54229e-09
3.85052e-09
9.421e-09
2.39234e-08
6.07515e-08
1.3685e-07
3.02609e-07
6.87869e-07
1.54394e-06
3.39961e-06
7.1638e-06
1.45165e-05
2.57391e-05
4.45339e-05
7.67004e-05
0.000128931
0.000206562
0.000314214
0.000455869
0.000622767
0.000820984
0.00104575
0.00129007
0.00154604
0.00180778
0.0020629
0.00230418
0.00251948
0.00269657
0.00280477
0.00279456
0.00257654
0.00208355
0.00143602
0.000908449
0.000523189
0.00027471
0.000139009
7.12143e-05
3.73039e-05
1.99462e-05
1.06363e-05
5.78117e-06
3.13395e-06
1.68072e-06
8.85237e-07
4.55286e-07
2.24114e-07
1.08394e-07
5.1707e-08
2.81627e-08
1.92431e-08
1.48501e-08
1.13611e-08
8.19859e-09
5.41007e-09
3.04457e-09
8.95243e-10
2.61257e-22
1.04591e-21
1.85239e-21
2.53421e-21
2.87434e-21
3.61491e-21
4.24302e-21
4.75266e-21
5.24121e-21
5.5263e-21
6.10041e-21
6.84196e-21
8.09007e-21
9.16957e-21
1.05524e-20
1.15516e-20
1.31497e-20
1.61216e-20
2.4269e-20
4.59574e-20
1.13329e-19
3.25702e-19
9.91601e-19
3.07862e-18
9.58228e-18
2.96722e-17
9.12691e-17
2.7931e-16
8.42765e-16
2.51373e-15
7.41797e-15
2.17522e-14
6.28454e-14
1.84614e-13
5.265e-13
1.43315e-12
4.14561e-12
1.13042e-11
3.06029e-11
7.99335e-11
2.10708e-10
5.30918e-10
1.32617e-09
3.3498e-09
8.2492e-09
2.13615e-08
5.32264e-08
1.315e-07
2.89676e-07
6.24893e-07
1.421e-06
3.13491e-06
6.74118e-06
1.38438e-05
2.48189e-05
4.30835e-05
7.47999e-05
0.000126792
0.00020434
0.000312089
0.000454278
0.000622021
0.000821407
0.0010475
0.00129305
0.00155042
0.00181275
0.00206857
0.00230887
0.00252307
0.0026982
0.00280363
0.00278923
0.00256553
0.00206899
0.00142536
0.000902228
0.000520077
0.00027338
0.000138407
7.09206e-05
3.71575e-05
1.98771e-05
1.05941e-05
5.76311e-06
3.12804e-06
1.68036e-06
8.86962e-07
4.57448e-07
2.25554e-07
1.09388e-07
5.20093e-08
2.80211e-08
1.89283e-08
1.45676e-08
1.11615e-08
8.06928e-09
5.33188e-09
3.00382e-09
8.8429e-10
3.17305e-22
1.18231e-21
2.14005e-21
2.85475e-21
3.79051e-21
4.21753e-21
4.76564e-21
5.13914e-21
5.77887e-21
6.59263e-21
7.43924e-21
8.59311e-21
9.6378e-21
1.02357e-20
1.09152e-20
1.19245e-20
1.33891e-20
1.56361e-20
2.14767e-20
3.73884e-20
8.71402e-20
2.41778e-19
7.30034e-19
2.2371e-18
7.15051e-18
2.2137e-17
6.83287e-17
2.07922e-16
6.34942e-16
1.89582e-15
5.63567e-15
1.70764e-14
4.97832e-14
1.45933e-13
4.17709e-13
1.18062e-12
3.30232e-12
9.09149e-12
2.49293e-11
6.70147e-11
1.74511e-10
4.48324e-10
1.12802e-09
2.83959e-09
7.22007e-09
1.86147e-08
4.7162e-08
1.14993e-07
2.7645e-07
6.04539e-07
1.29318e-06
2.87299e-06
6.17855e-06
1.25762e-05
2.40953e-05
4.17104e-05
7.26608e-05
0.000123985
0.000201208
0.000309058
0.000451864
0.000620599
0.000821514
0.00104956
0.0012975
0.00155644
0.00181902
0.00207549
0.00231474
0.0025274
0.00269994
0.00280207
0.00278258
0.00255203
0.00205011
0.00141903
0.000897689
0.00051769
0.000272401
0.000137933
7.06807e-05
3.70362e-05
1.98222e-05
1.0561e-05
5.75177e-06
3.12709e-06
1.68352e-06
8.91056e-07
4.61136e-07
2.28071e-07
1.11023e-07
5.26503e-08
2.79984e-08
1.86276e-08
1.4276e-08
1.09614e-08
7.94404e-09
5.25848e-09
2.96663e-09
8.74677e-10
4.41777e-22
1.45525e-21
2.54235e-21
3.69293e-21
4.31459e-21
4.25187e-21
4.5444e-21
5.05513e-21
5.94818e-21
6.81522e-21
7.54812e-21
8.31782e-21
8.81268e-21
9.14499e-21
9.50572e-21
1.03208e-20
1.1445e-20
1.36956e-20
1.82161e-20
3.07264e-20
6.76499e-20
1.82748e-19
5.47896e-19
1.70483e-18
5.34675e-18
1.66855e-17
5.1679e-17
1.58627e-16
4.82588e-16
1.458e-15
4.36629e-15
1.31327e-14
3.87731e-14
1.13271e-13
3.28078e-13
9.34411e-13
2.63201e-12
7.18212e-12
2.02434e-11
5.5373e-11
1.44883e-10
3.75806e-10
9.52486e-10
2.41506e-09
6.07142e-09
1.57827e-08
4.05795e-08
1.0118e-07
2.42149e-07
5.57698e-07
1.13588e-06
2.5333e-06
5.41063e-06
1.1293e-05
2.2145e-05
4.05766e-05
7.0689e-05
0.000121148
0.000198003
0.00030605
0.000449674
0.000619793
0.000822536
0.00105244
0.00130235
0.00156317
0.00182678
0.00208353
0.00232211
0.00253314
0.00270285
0.00280074
0.00277494
0.00253623
0.00202935
0.00140474
0.000889135
0.000513351
0.000270558
0.000137109
7.02944e-05
3.68513e-05
1.97398e-05
1.05259e-05
5.74454e-06
3.13054e-06
1.68987e-06
8.9678e-07
4.64581e-07
2.33379e-07
1.13952e-07
5.38553e-08
2.82018e-08
1.84013e-08
1.40166e-08
1.07863e-08
7.83925e-09
5.19999e-09
2.93834e-09
8.67971e-10
2.04622e-22
7.01789e-22
1.40665e-21
2.044e-21
2.63775e-21
3.04639e-21
3.57643e-21
4.24417e-21
4.5678e-21
5.10901e-21
5.60445e-21
6.04972e-21
6.68739e-21
7.42022e-21
8.26117e-21
9.22903e-21
1.06378e-20
1.29855e-20
1.78263e-20
3.02962e-20
6.43064e-20
1.66243e-19
4.76105e-19
1.40828e-18
4.39057e-18
1.33428e-17
4.05545e-17
1.25121e-16
3.77621e-16
1.13833e-15
3.42323e-15
1.0189e-14
2.93897e-14
8.74781e-14
2.55281e-13
7.41731e-13
2.10436e-12
5.86061e-12
1.62479e-11
4.42151e-11
1.18591e-10
3.02903e-10
7.76091e-10
1.97143e-09
5.06783e-09
1.29769e-08
3.32696e-08
8.30346e-08
2.00336e-07
4.66958e-07
1.08079e-06
2.22658e-06
4.84041e-06
1.01523e-05
2.02051e-05
3.88039e-05
6.84024e-05
0.000118019
0.000194423
0.000302267
0.000446704
0.000618371
0.000823604
0.00105693
0.00130974
0.00157316
0.00183962
0.00209577
0.00233219
0.00254043
0.00270647
0.0027997
0.00276664
0.00251842
0.0020058
0.00138507
0.000877108
0.000506948
0.000267629
0.000135836
6.97045e-05
3.6551e-05
1.95371e-05
1.05775e-05
5.77265e-06
3.14906e-06
1.70306e-06
9.06111e-07
4.71014e-07
2.37914e-07
1.16752e-07
5.51726e-08
2.85001e-08
1.82261e-08
1.37847e-08
1.06345e-08
7.75655e-09
5.15833e-09
2.92015e-09
8.64396e-10
1.92143e-22
4.24076e-22
6.06729e-22
7.83058e-22
9.31257e-22
1.10299e-21
1.29011e-21
1.54686e-21
1.85435e-21
2.2751e-21
2.95073e-21
3.62313e-21
4.29825e-21
5.11158e-21
6.0683e-21
7.19577e-21
8.64807e-21
1.1227e-20
1.63435e-20
2.9264e-20
6.39242e-20
1.62818e-19
4.50632e-19
1.30003e-18
3.85128e-18
1.14482e-17
3.40343e-17
1.0136e-16
3.00194e-16
8.86724e-16
2.61657e-15
7.73975e-15
2.25194e-14
6.56362e-14
1.92351e-13
5.45472e-13
1.57829e-12
4.45161e-12
1.22832e-11
3.46928e-11
9.2157e-11
2.38036e-10
6.11305e-10
1.52707e-09
3.71389e-09
9.6246e-09
2.5081e-08
6.41334e-08
1.59663e-07
3.88502e-07
9.05349e-07
2.06878e-06
4.19694e-06
8.82355e-06
1.82138e-05
3.52487e-05
6.3852e-05
0.000112553
0.000188363
0.000297849
0.00044404
0.00061797
0.000826048
0.00106238
0.00131836
0.00158471
0.0018526
0.00210787
0.00234319
0.00254977
0.00271136
0.00279966
0.00275952
0.00250296
0.00198587
0.00136993
0.000867408
0.000501578
0.000265084
0.000134719
6.91974e-05
3.63169e-05
1.94314e-05
1.05461e-05
5.76833e-06
3.15378e-06
1.70982e-06
9.12386e-07
4.7587e-07
2.41242e-07
1.18818e-07
5.61949e-08
2.87759e-08
1.8133e-08
1.36473e-08
1.05517e-08
7.72441e-09
5.15296e-09
2.92261e-09
8.67335e-10
)
;

boundaryField
{
    fuel
    {
        type            fixedValue;
        value           uniform 0;
    }
    air
    {
        type            fixedValue;
        value           uniform 0;
    }
    outlet
    {
        type            inletOutlet;
        inletValue      uniform 0;
        value           nonuniform List<scalar> 
200
(
0
0
0
0
0
0
0
0
0
0
2.83928e-21
3.54597e-21
4.29744e-21
5.02317e-21
5.90385e-21
6.97439e-21
8.22901e-21
1.03752e-20
1.51746e-20
2.7156e-20
5.94567e-20
1.49572e-19
4.32789e-19
1.24594e-18
3.68988e-18
1.09596e-17
3.22428e-17
9.78082e-17
2.89247e-16
8.55462e-16
2.52996e-15
7.47102e-15
2.1829e-14
6.33841e-14
1.83117e-13
5.11361e-13
1.44904e-12
4.16619e-12
1.16844e-11
3.24453e-11
8.70087e-11
2.28989e-10
5.89654e-10
1.48263e-09
3.63588e-09
9.33784e-09
2.44005e-08
6.27947e-08
1.57345e-07
3.80818e-07
8.86363e-07
2.0118e-06
4.09484e-06
8.67269e-06
1.77583e-05
3.44989e-05
6.26383e-05
0.000110752
0.000185528
0.000293782
0.000438916
0.000612176
0.000819917
0.00105631
0.00131283
0.0015796
0.00184815
0.00210411
0.00234007
0.00254728
0.00271037
0.0028004
0.00276315
0.00251094
0.0019984
0.00138154
0.000876216
0.000507643
0.000268685
0.000136451
7.00637e-05
3.67578e-05
1.96607e-05
1.06705e-05
5.83772e-06
3.19299e-06
1.73195e-06
9.24698e-07
4.82629e-07
2.44853e-07
1.20682e-07
5.70716e-08
2.91694e-08
1.83223e-08
1.37734e-08
1.06521e-08
7.8015e-09
5.20631e-09
2.95374e-09
8.76819e-10
0
0
0
0
0
0
0
0
0
0
2.95073e-21
3.62313e-21
4.29825e-21
5.11158e-21
6.0683e-21
7.19577e-21
8.64807e-21
1.1227e-20
1.63435e-20
2.9264e-20
6.39242e-20
1.62818e-19
4.50632e-19
1.30003e-18
3.85128e-18
1.14482e-17
3.40343e-17
1.0136e-16
3.00194e-16
8.86724e-16
2.61657e-15
7.73975e-15
2.25194e-14
6.56362e-14
1.92351e-13
5.45472e-13
1.57829e-12
4.45161e-12
1.22832e-11
3.46928e-11
9.2157e-11
2.38036e-10
6.11305e-10
1.52707e-09
3.71389e-09
9.6246e-09
2.5081e-08
6.41334e-08
1.59663e-07
3.88502e-07
9.05349e-07
2.06878e-06
4.19694e-06
8.82355e-06
1.82138e-05
3.52487e-05
6.3852e-05
0.000112553
0.000188363
0.000297849
0.00044404
0.00061797
0.000826048
0.00106238
0.00131836
0.00158471
0.0018526
0.00210787
0.00234319
0.00254977
0.00271136
0.00279966
0.00275952
0.00250296
0.00198587
0.00136993
0.000867408
0.000501578
0.000265084
0.000134719
6.91974e-05
3.63169e-05
1.94314e-05
1.05461e-05
5.76833e-06
3.15378e-06
1.70982e-06
9.12386e-07
4.7587e-07
2.41242e-07
1.18818e-07
5.61949e-08
2.87759e-08
1.8133e-08
1.36473e-08
1.05517e-08
7.72441e-09
5.15296e-09
2.92261e-09
8.67335e-10
)
;
    }
    frontAndBack
    {
        type            empty;
    }
    internal
    {
        type            internal;
    }
}


// ************************************************************************* //
