/*--------------------------------*- C++ -*----------------------------------*\
  =========                 |
  \\      /  F ield         | OpenFOAM: The Open Source CFD Toolbox
   \\    /   O peration     | Website:  https://openfoam.org
    \\  /    A nd           | Version:  10
     \\/     M anipulation  |
\*---------------------------------------------------------------------------*/
FoamFile
{
    format      ascii;
    class       volScalarField;
    location    "1";
    object      CH2*;
}
// * * * * * * * * * * * * * * * * * * * * * * * * * * * * * * * * * * * * * //

dimensions      [0 0 0 0 0 0 0];

internalField   nonuniform List<scalar> 
4000
(
2.12014e-46
1.30885e-45
5.71547e-45
2.17998e-44
7.77188e-44
2.59244e-43
8.21264e-43
2.5064e-42
7.4501e-42
2.1853e-41
6.42353e-41
1.76783e-40
4.80036e-40
1.30727e-39
3.5899e-39
9.93241e-39
2.76091e-38
7.97948e-38
2.2773e-37
6.57028e-37
1.90441e-36
5.47536e-36
1.68098e-35
4.96174e-35
1.4857e-34
4.43658e-34
1.30873e-33
3.9783e-33
1.17822e-32
3.48903e-32
1.03294e-31
3.05308e-31
8.93229e-31
2.59626e-30
7.51126e-30
2.1e-29
5.96007e-29
1.71578e-28
4.82309e-28
1.34281e-27
3.61087e-27
9.53513e-27
2.4642e-26
6.22627e-26
1.53693e-25
3.97731e-25
1.04842e-24
2.7282e-24
6.92425e-24
1.69399e-23
3.99789e-23
9.96201e-23
2.70521e-22
9.86567e-22
3.99726e-21
1.61715e-20
6.13086e-20
2.38519e-19
9.12783e-19
3.44575e-18
1.30109e-17
4.9213e-17
2.16904e-16
1.13791e-15
6.57106e-15
3.65684e-14
1.81777e-13
7.77497e-13
2.90372e-12
9.64345e-12
2.89489e-11
7.95555e-11
2.02685e-10
4.81943e-10
1.07759e-09
2.28857e-09
4.68853e-09
9.23825e-09
1.7446e-08
3.13207e-08
5.27401e-08
8.0991e-08
1.02998e-07
1.06047e-07
8.27748e-08
4.4792e-08
2.40533e-08
1.27234e-08
6.58503e-09
3.3089e-09
1.60574e-09
7.26975e-10
3.19213e-10
1.32929e-10
5.11755e-11
1.78094e-11
5.53936e-12
1.521e-12
3.6579e-13
5.51352e-14
2.09398e-46
1.19763e-45
4.42548e-45
1.53023e-44
5.05175e-44
1.61861e-43
5.05063e-43
1.54031e-42
4.47097e-42
1.26904e-41
3.56635e-41
1.00238e-40
2.83547e-40
8.11407e-40
2.35523e-39
6.95023e-39
2.07371e-38
6.27214e-38
1.91726e-37
5.8869e-37
1.81737e-36
5.64625e-36
1.75014e-35
5.41841e-35
1.6777e-34
5.15443e-34
1.57829e-33
4.81262e-33
1.45404e-32
4.34859e-32
1.29609e-31
4.02313e-31
1.18775e-30
3.4382e-30
9.88906e-30
2.80669e-29
8.07081e-29
2.25367e-28
6.28059e-28
1.7107e-27
4.60596e-27
1.20242e-26
3.1096e-26
7.83395e-26
2.00773e-25
5.2558e-25
1.36063e-24
3.41316e-24
8.12977e-24
1.8194e-23
3.83679e-23
9.15217e-23
3.0109e-22
1.1441e-21
4.6601e-21
1.89103e-20
6.82228e-20
2.56079e-19
9.53348e-19
3.49712e-18
1.29458e-17
4.79242e-17
2.05864e-16
1.05711e-15
6.03295e-15
3.35856e-14
1.67966e-13
7.29368e-13
2.75315e-12
9.24291e-12
2.80703e-11
7.77805e-11
1.9945e-10
4.77273e-10
1.07261e-09
2.28553e-09
4.69222e-09
9.25907e-09
1.75022e-08
3.14365e-08
5.28919e-08
8.09625e-08
1.01968e-07
1.03517e-07
7.77079e-08
4.20466e-08
2.25712e-08
1.19354e-08
6.15359e-09
3.08287e-09
1.49041e-09
6.71983e-10
2.93723e-10
1.21958e-10
4.66945e-11
1.61176e-11
4.96986e-12
1.35826e-12
3.25796e-13
4.90001e-14
2.31678e-46
5.73865e-46
2.10387e-45
6.32615e-45
1.85611e-44
5.23478e-44
1.48555e-43
4.24662e-43
1.25182e-42
3.87078e-42
1.232e-41
4.01133e-41
1.32619e-40
4.40916e-40
1.46839e-39
4.88659e-39
1.62068e-38
5.28026e-38
1.79652e-37
5.87188e-37
1.9201e-36
6.23248e-36
2.00634e-35
6.39504e-35
2.01761e-34
6.30863e-34
1.96254e-33
6.11048e-33
1.85815e-32
5.60676e-32
1.72645e-31
5.13252e-31
1.49157e-30
4.37152e-30
1.27152e-29
3.61675e-29
1.01143e-28
2.80854e-28
7.73733e-28
2.07904e-27
5.52729e-27
1.38922e-26
3.72314e-26
9.22331e-26
2.4319e-25
6.21487e-25
1.5947e-24
3.85161e-24
8.581e-24
1.82962e-23
3.83264e-23
9.99488e-23
3.51955e-22
1.39903e-21
5.46517e-21
2.03779e-20
7.18277e-20
2.66021e-19
9.78108e-19
3.54891e-18
1.29364e-17
4.7e-17
1.96859e-16
9.87421e-16
5.59467e-15
3.11658e-14
1.56593e-13
6.86361e-13
2.62745e-12
8.90912e-12
2.73622e-11
7.62806e-11
1.96854e-10
4.7364e-10
1.06988e-09
2.2891e-09
4.70932e-09
9.30534e-09
1.76052e-08
3.16217e-08
5.31367e-08
8.09e-08
1.0042e-07
9.96824e-08
6.98118e-08
3.78308e-08
2.03157e-08
1.07187e-08
5.528e-09
2.75645e-09
1.32642e-09
5.95551e-10
2.60078e-10
1.07704e-10
4.10793e-11
1.40719e-11
4.31742e-12
1.17368e-12
2.80462e-13
4.21027e-14
7.75597e-46
1.72899e-46
1.40186e-45
4.16037e-45
1.24044e-44
3.81928e-44
1.1969e-43
3.95437e-43
1.30873e-42
4.36988e-42
1.48959e-41
5.05919e-41
1.74043e-40
5.89436e-40
1.98998e-39
6.68301e-39
2.2317e-38
7.40385e-38
2.4375e-37
7.96781e-37
2.58382e-36
8.34468e-36
2.66919e-35
8.46882e-35
2.6961e-34
8.4119e-34
2.60428e-33
7.9793e-33
2.37018e-32
7.41964e-32
2.20583e-31
6.53557e-31
1.90992e-30
5.55525e-30
1.60106e-29
4.521e-29
1.25454e-28
3.47634e-28
9.3502e-28
2.54934e-27
6.71075e-27
1.71755e-26
4.45717e-26
1.10193e-25
2.77356e-25
7.16695e-25
1.77097e-24
4.03657e-24
8.43404e-24
1.60245e-23
3.68207e-23
1.15455e-22
4.27426e-22
1.67406e-21
6.40923e-21
2.13512e-20
7.53401e-20
2.75804e-19
1.00241e-18
3.58265e-18
1.28951e-17
4.61981e-17
1.90343e-16
9.41739e-16
5.29176e-15
2.9454e-14
1.48576e-13
6.56753e-13
2.53452e-12
8.662e-12
2.68077e-11
7.51936e-11
1.95088e-10
4.71176e-10
1.06706e-09
2.31184e-09
4.74955e-09
9.38757e-09
1.77612e-08
3.18792e-08
5.34377e-08
8.08485e-08
9.88732e-08
9.5825e-08
6.17592e-08
3.36049e-08
1.81004e-08
9.58028e-09
4.95426e-09
2.44094e-09
1.17262e-09
5.26954e-10
2.29696e-10
9.48342e-11
3.58953e-11
1.22448e-11
3.73654e-12
1.01071e-12
2.40654e-13
3.60545e-14
1.13115e-46
1.83705e-46
2.12908e-45
6.37632e-45
1.9146e-44
5.99537e-44
1.93945e-43
6.26313e-43
2.03697e-42
6.80769e-42
2.25413e-41
7.52168e-41
2.53705e-40
8.45694e-40
2.85248e-39
9.45517e-39
3.11927e-38
1.03997e-37
3.40915e-37
1.10951e-36
3.58836e-36
1.14665e-35
3.63726e-35
1.14493e-34
3.57977e-34
1.10897e-33
3.40663e-33
1.05066e-32
3.17348e-32
9.48802e-32
2.81424e-31
8.46615e-31
2.45017e-30
7.06862e-30
2.00533e-29
5.61617e-29
1.54472e-28
4.15173e-28
1.13724e-27
3.02662e-27
7.87518e-27
2.01286e-26
5.02995e-26
1.27033e-25
3.14583e-25
7.89164e-25
1.84702e-24
3.85239e-24
7.13239e-24
1.44884e-23
3.91017e-23
1.30334e-22
5.04066e-22
2.02972e-21
6.77437e-21
2.25202e-20
7.89206e-20
2.84669e-19
1.02173e-18
3.62194e-18
1.29049e-17
4.57356e-17
1.85943e-16
9.09359e-16
5.08233e-15
2.83023e-14
1.43701e-13
6.3863e-13
2.48085e-12
8.52417e-12
2.65467e-11
7.48009e-11
1.9482e-10
4.72251e-10
1.07288e-09
2.33069e-09
4.7932e-09
9.48128e-09
1.7941e-08
3.21844e-08
5.38825e-08
8.11265e-08
9.79754e-08
9.327e-08
5.6425e-08
3.07019e-08
1.653e-08
8.74169e-09
4.51336e-09
2.21999e-09
1.06351e-09
4.7711e-10
2.07512e-10
8.54046e-11
3.21515e-11
1.09086e-11
3.31168e-12
8.91719e-13
2.11617e-13
3.16462e-14
1.07394e-46
2.91982e-45
7.80399e-46
1.07015e-44
3.57373e-44
1.13e-43
3.71423e-43
1.20072e-42
3.90359e-42
1.27004e-41
4.12407e-41
1.33518e-40
4.40378e-40
1.42951e-39
4.63189e-39
1.51455e-38
4.89818e-38
1.58105e-37
5.09918e-37
1.62504e-36
5.22331e-36
1.64051e-35
5.10664e-35
1.57864e-34
4.88448e-34
1.51326e-33
4.5815e-33
1.37096e-32
4.15103e-32
1.22216e-31
3.55178e-31
1.07417e-30
3.06218e-30
8.67907e-30
2.40782e-29
6.76387e-29
1.82658e-28
4.81774e-28
1.33552e-27
3.62851e-27
9.20672e-27
2.29764e-26
5.7311e-26
1.41673e-25
3.48208e-25
8.21566e-25
1.78466e-24
3.3174e-24
6.20866e-24
1.4424e-23
4.16179e-23
1.43646e-22
5.53748e-22
2.21162e-21
7.30919e-21
2.3834e-20
8.17647e-20
2.92692e-19
1.03729e-18
3.64288e-18
1.28705e-17
4.52364e-17
1.82189e-16
8.84284e-16
4.92973e-15
2.74888e-14
1.39865e-13
6.23906e-13
2.43848e-12
8.42735e-12
2.63812e-11
7.45769e-11
1.94838e-10
4.73579e-10
1.07835e-09
2.34735e-09
4.8314e-09
9.56272e-09
1.8104e-08
3.24798e-08
5.43364e-08
8.15426e-08
9.76391e-08
9.19409e-08
5.34683e-08
2.90393e-08
1.56026e-08
8.23165e-09
4.23785e-09
2.08042e-09
9.93049e-10
4.44958e-10
1.93114e-10
7.92581e-11
2.97377e-11
1.00415e-11
3.03464e-12
8.13849e-13
1.9255e-13
2.87453e-14
5.20947e-46
1.43081e-44
2.7673e-45
1.69617e-44
6.7467e-44
1.84417e-43
5.70143e-43
1.84569e-42
5.98158e-42
1.93474e-41
6.24617e-41
2.01611e-40
6.503e-40
2.09358e-39
6.7413e-39
2.17273e-38
6.99811e-38
2.23193e-37
7.09492e-37
2.26378e-36
7.12204e-36
2.22083e-35
6.79423e-35
2.13008e-34
6.46024e-34
1.94832e-33
5.85438e-33
1.70069e-32
5.21523e-32
1.54011e-31
4.47455e-31
1.28897e-30
3.69663e-30
1.04517e-29
2.88858e-29
8.01343e-29
2.20325e-28
5.75391e-28
1.58453e-27
4.13688e-27
1.05062e-26
2.62909e-26
6.41331e-26
1.5486e-25
3.60607e-25
7.81038e-25
1.505e-24
2.72771e-24
5.83739e-24
1.47401e-23
4.4029e-23
1.54025e-22
5.92965e-22
2.34487e-21
7.67995e-21
2.48466e-20
8.40373e-20
2.97705e-19
1.04728e-18
3.65032e-18
1.28035e-17
4.46911e-17
1.78601e-16
8.61644e-16
4.79326e-15
2.67701e-14
1.36589e-13
6.11056e-13
2.40032e-12
8.3303e-12
2.61822e-11
7.42354e-11
1.94473e-10
4.73814e-10
1.08103e-09
2.3574e-09
4.85695e-09
9.61941e-09
1.82211e-08
3.27022e-08
5.46942e-08
8.19174e-08
9.75689e-08
9.13272e-08
5.19663e-08
2.8172e-08
1.51058e-08
7.95131e-09
4.08257e-09
2.00049e-09
9.51842e-10
4.26045e-10
1.84532e-10
7.55345e-11
2.82436e-11
9.50218e-12
2.86174e-12
7.6513e-13
1.80597e-13
2.69251e-14
1.68423e-45
1.17015e-44
6.03647e-44
1.14651e-43
2.79557e-44
1.96338e-43
8.55981e-43
2.7472e-42
8.71048e-42
2.80895e-41
9.00331e-41
2.88942e-40
9.27521e-40
2.97329e-39
9.4844e-39
3.02229e-38
9.61878e-38
3.04536e-37
9.60317e-37
3.01765e-36
9.4361e-36
2.9239e-35
8.99441e-35
2.74448e-34
8.31352e-34
2.50132e-33
7.45337e-33
2.18709e-32
6.33484e-32
1.83694e-31
5.38373e-31
1.56551e-30
4.43533e-30
1.2388e-29
3.37986e-29
9.26333e-29
2.52345e-28
6.52253e-28
1.76491e-27
4.66155e-27
1.17526e-26
2.88298e-26
7.019e-26
1.62294e-25
3.53675e-25
7.04796e-25
1.25999e-24
2.48693e-24
5.80266e-24
1.5347e-23
4.70261e-23
1.65312e-22
6.32694e-22
2.47231e-21
8.00917e-21
2.56253e-20
8.57375e-20
3.01013e-19
1.05061e-18
3.63668e-18
1.26749e-17
4.39808e-17
1.74465e-16
8.37053e-16
4.64241e-15
2.59443e-14
1.33072e-13
5.97282e-13
2.35777e-12
8.21158e-12
2.58978e-11
7.36402e-11
1.93369e-10
4.72188e-10
1.07938e-09
2.35819e-09
4.86242e-09
9.63733e-09
1.82667e-08
3.28091e-08
5.48797e-08
8.21312e-08
9.75573e-08
9.10483e-08
5.12422e-08
2.77444e-08
1.48552e-08
7.8066e-09
4.00051e-09
1.95762e-09
9.29276e-10
4.15608e-10
1.79729e-10
7.34131e-11
2.73763e-11
9.18586e-12
2.75952e-12
7.36158e-13
1.73461e-13
2.58361e-14
9.09346e-45
4.25999e-45
7.55346e-44
2.58739e-43
4.28158e-43
4.63614e-43
1.02602e-42
3.46711e-42
1.15631e-41
3.6999e-41
1.18493e-40
3.79386e-40
1.20887e-39
3.86559e-39
1.22606e-38
3.87944e-38
1.22638e-37
3.85746e-37
1.20674e-36
3.8097e-36
1.18251e-35
3.61107e-35
1.11913e-34
3.38097e-34
1.01921e-33
3.07197e-33
9.12613e-33
2.68677e-32
7.81981e-32
2.24018e-31
6.41511e-31
1.83862e-30
5.16838e-30
1.43763e-29
3.9457e-29
1.0659e-28
2.85773e-28
7.31483e-28
1.96376e-27
5.10165e-27
1.2819e-26
3.12124e-26
7.28711e-26
1.59477e-25
3.09429e-25
5.63998e-25
1.1093e-24
2.45087e-24
5.9522e-24
1.61119e-23
4.97958e-23
1.75213e-22
6.66298e-22
2.57544e-21
8.24896e-21
2.61633e-20
8.67629e-20
3.02162e-19
1.04698e-18
3.60023e-18
1.24623e-17
4.29026e-17
1.68879e-16
8.03827e-16
4.45239e-15
2.49597e-14
1.28264e-13
5.79865e-13
2.29806e-12
8.04337e-12
2.54474e-11
7.26411e-11
1.91388e-10
4.68508e-10
1.07317e-09
2.34913e-09
4.84736e-09
9.61426e-09
1.82361e-08
3.2791e-08
5.4875e-08
8.21446e-08
9.74993e-08
9.08965e-08
5.09194e-08
2.75496e-08
1.47386e-08
7.73771e-09
3.96056e-09
1.93637e-09
9.17841e-10
4.10284e-10
1.77242e-10
7.22947e-11
2.69113e-11
9.01352e-12
2.70327e-12
7.20095e-13
1.69484e-13
2.52277e-14
9.5336e-45
4.35542e-44
3.81336e-44
1.32034e-43
1.25433e-43
4.17811e-43
1.38038e-42
4.12552e-42
1.4531e-41
4.69695e-41
1.48237e-40
4.75524e-40
1.51091e-39
4.79654e-39
1.52065e-38
4.76335e-38
1.53594e-37
4.80197e-37
1.49758e-36
4.64046e-36
1.42395e-35
4.42361e-35
1.34553e-34
4.06729e-34
1.21957e-33
3.63486e-33
1.07545e-32
3.14863e-32
9.265e-32
2.67881e-31
7.63508e-31
2.14256e-30
5.94422e-30
1.6354e-29
4.42924e-29
1.18346e-28
3.12128e-28
8.01512e-28
2.16958e-27
5.504e-27
1.33653e-26
3.13323e-26
6.83449e-26
1.33391e-25
2.43923e-25
4.85369e-25
1.06316e-24
2.48387e-24
6.20157e-24
1.69786e-23
5.27705e-23
1.85418e-22
6.97743e-22
2.64104e-21
8.4097e-21
2.65496e-20
8.72378e-20
3.01609e-19
1.03864e-18
3.55317e-18
1.22357e-17
4.1829e-17
1.62911e-16
7.70224e-16
4.25439e-15
2.38963e-14
1.23472e-13
5.61078e-13
2.23297e-12
7.84393e-12
2.49201e-11
7.13956e-11
1.8862e-10
4.62694e-10
1.06159e-09
2.32926e-09
4.81097e-09
9.55159e-09
1.81365e-08
3.26608e-08
5.46983e-08
8.19677e-08
9.73637e-08
9.0784e-08
5.08202e-08
2.74863e-08
1.46988e-08
7.7131e-09
3.94567e-09
1.92807e-09
9.13192e-10
4.08091e-10
1.76193e-10
7.18107e-11
2.67047e-11
8.93557e-12
2.67735e-12
7.12583e-13
1.67605e-13
2.49387e-14
1.99112e-45
5.78189e-44
1.4594e-43
1.23302e-43
2.19582e-43
5.2208e-43
1.41049e-42
4.70373e-42
1.64883e-41
5.42352e-41
1.76578e-40
5.6475e-40
1.79823e-39
5.74009e-39
1.82265e-38
5.74369e-38
1.82459e-37
5.68684e-37
1.76402e-36
5.46766e-36
1.6647e-35
5.16399e-35
1.56454e-34
4.70892e-34
1.39507e-33
4.18864e-33
1.22707e-32
3.58737e-32
1.05079e-31
3.03359e-31
8.62425e-31
2.41492e-30
6.65619e-30
1.83346e-29
4.91857e-29
1.3062e-28
3.42352e-28
8.74381e-28
2.31906e-27
5.69147e-27
1.3207e-26
2.85571e-26
5.63338e-26
1.04871e-25
2.10344e-25
4.64517e-25
1.07872e-24
2.59836e-24
6.57831e-24
1.82104e-23
5.72705e-23
2.0347e-22
7.78492e-22
2.64777e-21
8.51639e-21
2.67685e-20
8.71781e-20
2.99264e-19
1.02398e-18
3.47681e-18
1.19059e-17
4.05196e-17
1.57213e-16
7.37306e-16
4.06011e-15
2.28427e-14
1.18506e-13
5.40963e-13
2.1662e-12
7.63906e-12
2.43354e-11
6.99454e-11
1.85228e-10
4.55568e-10
1.04787e-09
2.30457e-09
4.76287e-09
9.46525e-09
1.79893e-08
3.24481e-08
5.43941e-08
8.16466e-08
9.71644e-08
9.06918e-08
5.08765e-08
2.75127e-08
1.47107e-08
7.71813e-09
3.94763e-09
1.92845e-09
9.13101e-10
4.07992e-10
1.76107e-10
7.17546e-11
2.66733e-11
8.92123e-12
2.67192e-12
7.10865e-13
1.67151e-13
2.48665e-14
9.7811e-45
1.09971e-44
1.6254e-43
2.88059e-43
2.01661e-43
5.23972e-43
1.93376e-42
6.48078e-42
1.88085e-41
6.08779e-41
1.95005e-40
6.26424e-40
2.00382e-39
6.42716e-39
2.05622e-38
6.5103e-38
2.0507e-37
6.4313e-37
2.00299e-36
6.19806e-36
1.90376e-35
5.79935e-35
1.76591e-34
5.3046e-34
1.58132e-33
4.67056e-33
1.37059e-32
3.94982e-32
1.16053e-31
3.3136e-31
9.1931e-31
2.64019e-30
7.30423e-30
1.97248e-29
5.41677e-29
1.41565e-28
3.62517e-28
9.09022e-28
2.28512e-27
5.44823e-27
1.17382e-26
2.36109e-26
4.54543e-26
9.08777e-26
2.00579e-25
4.67829e-25
1.11636e-24
2.7207e-24
6.92203e-24
1.92441e-23
6.07428e-23
2.1558e-22
8.12959e-22
2.62767e-21
8.60294e-21
2.68897e-20
8.67682e-20
2.96126e-19
1.00778e-18
3.41311e-18
1.16251e-17
3.93275e-17
1.51171e-16
7.05483e-16
3.87509e-15
2.18421e-14
1.13792e-13
5.21596e-13
2.10082e-12
7.45069e-12
2.36739e-11
6.83463e-11
1.81601e-10
4.47835e-10
1.0322e-09
2.27472e-09
4.70586e-09
9.35916e-09
1.78083e-08
3.21788e-08
5.40069e-08
8.12323e-08
9.69321e-08
9.06295e-08
5.10728e-08
2.76188e-08
1.47678e-08
7.7484e-09
3.96322e-09
1.93564e-09
9.16508e-10
4.095e-10
1.76756e-10
7.20194e-11
2.67713e-11
8.95319e-12
2.68122e-12
7.13274e-13
1.67705e-13
2.49479e-14
3.62175e-45
5.84889e-45
1.3595e-43
2.11711e-43
4.08754e-43
7.18544e-43
2.11568e-42
6.28669e-42
1.86809e-41
6.13321e-41
1.96506e-40
6.31016e-40
2.02694e-39
6.53349e-39
2.07868e-38
6.5716e-38
2.03695e-37
6.64007e-37
2.06509e-36
6.42871e-36
1.9839e-35
6.07747e-35
1.84721e-34
5.49868e-34
1.6696e-33
4.90109e-33
1.42614e-32
4.12058e-32
1.1899e-31
3.49002e-31
9.74439e-31
2.74925e-30
7.52766e-30
2.04958e-29
5.41028e-29
1.39066e-28
3.46198e-28
8.36748e-28
2.00354e-27
4.56693e-27
9.50822e-27
1.92926e-26
3.933e-26
8.68589e-26
1.99484e-25
4.77443e-25
1.14752e-24
2.7895e-24
7.07918e-24
1.96635e-23
6.19837e-23
2.18968e-22
8.17987e-22
2.60919e-21
8.71063e-21
2.69573e-20
8.61317e-20
2.91985e-19
9.89599e-19
3.33904e-18
1.13565e-17
3.81928e-17
1.45583e-16
6.74063e-16
3.68988e-15
2.08277e-14
1.08939e-13
5.01193e-13
2.02885e-12
7.22543e-12
2.30405e-11
6.67755e-11
1.77835e-10
4.39459e-10
1.01473e-09
2.24174e-09
4.64191e-09
9.24314e-09
1.76075e-08
3.187e-08
5.35473e-08
8.07352e-08
9.66736e-08
9.06037e-08
5.14017e-08
2.77974e-08
1.48646e-08
7.80036e-09
3.99081e-09
1.94888e-09
9.22993e-10
4.12323e-10
1.77974e-10
7.25248e-11
2.69646e-11
9.02015e-12
2.70186e-12
7.18888e-13
1.69045e-13
2.51483e-14
2.04255e-45
5.54583e-44
1.41e-44
1.7911e-43
3.14152e-43
5.69129e-43
1.9804e-42
5.63537e-42
1.78086e-41
5.76464e-41
1.84258e-40
5.88108e-40
1.90292e-39
5.99661e-39
1.9106e-38
6.09217e-38
1.94203e-37
6.08659e-37
1.90003e-36
5.87855e-36
1.80122e-35
5.42747e-35
1.69826e-34
5.08737e-34
1.51743e-33
4.47216e-33
1.32215e-32
3.82397e-32
1.10141e-31
3.13047e-31
8.71109e-31
2.46861e-30
6.61318e-30
1.78649e-29
4.6242e-29
1.16971e-28
2.86342e-28
6.65879e-28
1.589e-27
3.62809e-27
7.73289e-27
1.66654e-26
3.70637e-26
8.66229e-26
2.02225e-25
4.87686e-25
1.16955e-24
2.83402e-24
7.17665e-24
1.99143e-23
6.26783e-23
2.20624e-22
8.18253e-22
2.59024e-21
8.77877e-21
2.69691e-20
8.54518e-20
2.88278e-19
9.73306e-19
3.26725e-18
1.1059e-17
3.70487e-17
1.40518e-16
6.45416e-16
3.52107e-15
1.9896e-14
1.04446e-13
4.82915e-13
1.96012e-12
7.01068e-12
2.24354e-11
6.52203e-11
1.74218e-10
4.3152e-10
9.98159e-10
2.20832e-09
4.57738e-09
9.12401e-09
1.73975e-08
3.15482e-08
5.30807e-08
8.02344e-08
9.6438e-08
9.06349e-08
5.18535e-08
2.8041e-08
1.49958e-08
7.87035e-09
4.02763e-09
1.96663e-09
9.31652e-10
4.16164e-10
1.79658e-10
7.3232e-11
2.72375e-11
9.11429e-12
2.73082e-12
7.26769e-13
1.70927e-13
2.54302e-14
9.04151e-45
1.17106e-44
6.39895e-45
1.23773e-43
2.0921e-43
4.10049e-43
1.49671e-42
4.66297e-42
1.60467e-41
5.20565e-41
1.66125e-40
5.34704e-40
1.6885e-39
5.29548e-39
1.71134e-38
5.35629e-38
1.67017e-37
5.27949e-37
1.63199e-36
4.97444e-36
1.55886e-35
4.7285e-35
1.42975e-34
4.25979e-34
1.27535e-33
3.72846e-33
1.0876e-32
3.12171e-32
8.89739e-32
2.54797e-31
7.12164e-31
1.9627e-30
5.22489e-30
1.39825e-29
3.56072e-29
8.88507e-29
2.22648e-28
5.22774e-28
1.27548e-27
3.00558e-27
7.02991e-27
1.60441e-26
3.73086e-26
8.64605e-26
2.05797e-25
4.96026e-25
1.18641e-24
2.86708e-24
7.24795e-24
2.00959e-23
6.31648e-23
2.21498e-22
8.1727e-22
2.5735e-21
8.80733e-21
2.68978e-20
8.45583e-20
2.84124e-19
9.55522e-19
3.20198e-18
1.07992e-17
3.60171e-17
1.35754e-16
6.20072e-16
3.37024e-15
1.90587e-14
1.00378e-13
4.65873e-13
1.89853e-12
6.81748e-12
2.18894e-11
6.38135e-11
1.70867e-10
4.24049e-10
9.82825e-10
2.17732e-09
4.51742e-09
9.01307e-09
1.72063e-08
3.12539e-08
5.26517e-08
7.97763e-08
9.62465e-08
9.0724e-08
5.23897e-08
2.83291e-08
1.51502e-08
7.95224e-09
4.07045e-09
1.98726e-09
9.41644e-10
4.20563e-10
1.81569e-10
7.40275e-11
2.75439e-11
9.22016e-12
2.76346e-12
7.35664e-13
1.73054e-13
2.57491e-14
4.10206e-45
4.44652e-44
4.44767e-44
2.6833e-43
2.39014e-43
4.77095e-43
1.52415e-42
4.39161e-42
1.45298e-41
4.58208e-41
1.47032e-40
4.72494e-40
1.49741e-39
4.74636e-39
1.50129e-38
4.71413e-38
1.4652e-37
4.58456e-37
1.4093e-36
4.31786e-36
1.3248e-35
4.01168e-35
1.20774e-34
3.6016e-34
1.06018e-33
3.08323e-33
8.96065e-33
2.55226e-32
7.17752e-32
2.05289e-31
5.6798e-31
1.56821e-30
4.24785e-30
1.12342e-29
2.91651e-29
7.4581e-29
1.86668e-28
4.65919e-28
1.14983e-27
2.85999e-27
6.7663e-27
1.57344e-26
3.73143e-26
8.72114e-26
2.09182e-25
5.02778e-25
1.19901e-24
2.89052e-24
7.29607e-24
2.02115e-23
6.34571e-23
2.21972e-22
8.15883e-22
2.55885e-21
8.81754e-21
2.68029e-20
8.3711e-20
2.80038e-19
9.39502e-19
3.14034e-18
1.05749e-17
3.51719e-17
1.31956e-16
5.99627e-16
3.24733e-15
1.83746e-14
9.70469e-14
4.51891e-13
1.84639e-12
6.65481e-12
2.14287e-11
6.26202e-11
1.68016e-10
4.17786e-10
9.69837e-10
2.15105e-09
4.46673e-09
8.91967e-09
1.7044e-08
3.10033e-08
5.2288e-08
7.93938e-08
9.61129e-08
9.08574e-08
5.29568e-08
2.86325e-08
1.53121e-08
8.03768e-09
4.1149e-09
2.00869e-09
9.5208e-10
4.25135e-10
1.83547e-10
7.48458e-11
2.78568e-11
9.32783e-12
2.79655e-12
7.44661e-13
1.75202e-13
2.60709e-14
1.12164e-44
4.17466e-44
6.45678e-44
2.00482e-44
2.33481e-43
6.42718e-43
1.80198e-42
5.18155e-42
1.42094e-41
4.2515e-41
1.35814e-40
4.30439e-40
1.36332e-39
4.31118e-39
1.35929e-38
4.26701e-38
1.34041e-37
4.15267e-37
1.27665e-36
3.90127e-36
1.19209e-35
3.58029e-35
1.07937e-34
3.19806e-34
9.40063e-34
2.73615e-33
7.87865e-33
2.24033e-32
6.34503e-32
1.80502e-31
5.01297e-31
1.39864e-30
3.77283e-30
1.00371e-29
2.631e-29
6.84041e-29
1.74926e-28
4.40028e-28
1.10206e-27
2.76408e-27
6.68829e-27
1.5898e-26
3.70181e-26
8.7729e-26
2.12084e-25
5.08065e-25
1.20849e-24
2.90792e-24
7.3317e-24
2.02976e-23
6.36706e-23
2.22293e-22
8.14759e-22
2.54792e-21
8.8167e-21
2.67077e-20
8.29917e-20
2.77015e-19
9.2777e-19
3.09611e-18
1.04075e-17
3.44934e-17
1.28838e-16
5.82763e-16
3.14986e-15
1.78342e-14
9.44079e-14
4.40761e-13
1.80563e-12
6.52746e-12
2.10704e-11
6.16962e-11
1.65816e-10
4.12862e-10
9.59583e-10
2.13028e-09
4.42663e-09
8.84571e-09
1.69152e-08
3.08038e-08
5.19985e-08
7.90907e-08
9.60229e-08
9.10026e-08
5.34849e-08
2.89143e-08
1.54619e-08
8.11649e-09
4.15572e-09
2.02835e-09
9.61581e-10
4.29293e-10
1.8534e-10
7.55838e-11
2.81378e-11
9.42427e-12
2.82613e-12
7.52692e-13
1.77117e-13
2.63576e-14
2.21732e-44
8.19149e-44
2.2068e-43
3.39004e-43
3.09667e-43
5.36468e-43
1.48951e-42
4.84503e-42
1.27332e-41
3.9056e-41
1.26467e-40
4.04816e-40
1.28702e-39
4.08533e-39
1.29389e-38
4.0613e-38
1.26727e-37
3.93057e-37
1.21099e-36
3.7038e-36
1.12419e-35
3.38326e-35
1.00994e-34
2.97903e-34
8.85198e-34
2.57757e-33
7.4638e-33
2.13127e-32
6.11678e-32
1.71251e-31
4.74923e-31
1.30284e-30
3.5844e-30
9.56543e-30
2.5522e-29
6.69194e-29
1.71234e-28
4.27877e-28
1.08767e-27
2.73767e-27
6.64623e-27
1.57909e-26
3.72248e-26
8.83646e-26
2.14152e-25
5.11844e-25
1.21531e-24
2.92066e-24
7.35849e-24
2.03642e-23
6.38359e-23
2.22579e-22
8.14157e-22
2.54068e-21
8.81458e-21
2.66392e-20
8.24975e-20
2.74851e-19
9.19295e-19
3.06434e-18
1.02891e-17
3.40366e-17
1.26769e-16
5.71636e-16
3.08436e-15
1.74671e-14
9.2606e-14
4.33132e-13
1.77698e-12
6.43858e-12
2.08202e-11
6.10423e-11
1.64246e-10
4.09409e-10
9.52385e-10
2.11566e-09
4.39841e-09
8.79371e-09
1.68247e-08
3.06635e-08
5.17957e-08
7.88799e-08
9.59708e-08
9.1129e-08
5.39028e-08
2.91366e-08
1.55797e-08
8.17824e-09
4.1876e-09
2.0437e-09
9.68978e-10
4.32524e-10
1.86729e-10
7.61529e-11
2.83533e-11
9.49808e-12
2.84873e-12
7.58821e-13
1.78576e-13
2.6576e-14
5.19157e-45
6.56914e-45
3.85688e-44
1.16684e-43
1.87587e-43
5.1753e-43
1.10364e-42
3.91741e-42
1.22869e-41
3.90522e-41
1.24203e-40
3.96221e-40
1.25841e-39
3.98359e-39
1.25913e-38
3.95025e-38
1.23205e-37
3.82087e-37
1.17303e-36
3.57505e-36
1.08587e-35
3.26928e-35
9.86162e-35
2.91209e-34
8.63769e-34
2.51031e-33
7.27613e-33
2.10191e-32
5.9766e-32
1.68371e-31
4.69148e-31
1.31225e-30
3.54049e-30
9.46991e-30
2.53208e-29
6.56893e-29
1.70285e-28
4.28337e-28
1.119e-27
2.79737e-27
6.70468e-27
1.59813e-26
3.71387e-26
8.95798e-26
2.1519e-25
5.14114e-25
1.21989e-24
2.9295e-24
7.37725e-24
2.04109e-23
6.39569e-23
2.22825e-22
8.14106e-22
2.53744e-21
8.81709e-21
2.66115e-20
8.22613e-20
2.73786e-19
9.14998e-19
3.04784e-18
1.02265e-17
3.38007e-17
1.25708e-16
5.65885e-16
3.0502e-15
1.72755e-14
9.16602e-14
4.29094e-13
1.76193e-12
6.39135e-12
2.06857e-11
6.06964e-11
1.63418e-10
4.07566e-10
9.48542e-10
2.10785e-09
4.38334e-09
8.76591e-09
1.67763e-08
3.05882e-08
5.16869e-08
7.87675e-08
9.59467e-08
9.1206e-08
5.41452e-08
2.92654e-08
1.56479e-08
8.21391e-09
4.20596e-09
2.05252e-09
9.73212e-10
4.34368e-10
1.87518e-10
7.64755e-11
2.84756e-11
9.53976e-12
2.86145e-12
7.62261e-13
1.79394e-13
2.66984e-14
1.36373e-45
4.48036e-44
8.64554e-44
1.31554e-43
1.93067e-43
5.31283e-43
1.45205e-42
4.55331e-42
1.22949e-41
3.8242e-41
1.24392e-40
3.93691e-40
1.24277e-39
3.87662e-39
1.25578e-38
3.92391e-38
1.22245e-37
3.78734e-37
1.16668e-36
3.56181e-36
1.08953e-35
3.28675e-35
9.84421e-35
2.91778e-34
8.53537e-34
2.51804e-33
7.27435e-33
2.09507e-32
6.02278e-32
1.70685e-31
4.74765e-31
1.29983e-30
3.57541e-30
9.6881e-30
2.55672e-29
6.63536e-29
1.72056e-28
4.28967e-28
1.12418e-27
2.7746e-27
6.79347e-27
1.6097e-26
3.78357e-26
8.96201e-26
2.15861e-25
5.15669e-25
1.22301e-24
2.93588e-24
7.39188e-24
2.04503e-23
6.40731e-23
2.23142e-22
8.14765e-22
2.53787e-21
8.82793e-21
2.66251e-20
8.22421e-20
2.73605e-19
9.14143e-19
3.04438e-18
1.02133e-17
3.37503e-17
1.2549e-16
5.64761e-16
3.04371e-15
1.72397e-14
9.14869e-14
4.28365e-13
1.75921e-12
6.38303e-12
2.06625e-11
6.06373e-11
1.63279e-10
4.0726e-10
9.47916e-10
2.10659e-09
4.38094e-09
8.76153e-09
1.67688e-08
3.05766e-08
5.16702e-08
7.87505e-08
9.59433e-08
9.12182e-08
5.41827e-08
2.92851e-08
1.56581e-08
8.2192e-09
4.20864e-09
2.05379e-09
9.7381e-10
4.34629e-10
1.87628e-10
7.65198e-11
2.8492e-11
9.54528e-12
2.86311e-12
7.627e-13
1.79497e-13
2.67136e-14
4.5266e-46
1.47925e-44
1.47823e-43
2.17822e-43
2.43118e-43
4.17577e-43
1.25835e-42
4.23738e-42
1.30334e-41
3.96387e-41
1.23334e-40
3.94738e-40
1.25063e-39
3.94369e-39
1.26039e-38
3.94375e-38
1.22632e-37
3.76802e-37
1.17815e-36
3.59503e-36
1.09767e-35
3.31584e-35
9.94881e-35
2.96196e-34
8.7169e-34
2.53649e-33
7.24668e-33
2.13435e-32
6.05987e-32
1.71263e-31
4.79392e-31
1.32184e-30
3.6239e-30
9.70271e-30
2.58162e-29
6.68796e-29
1.73198e-28
4.34114e-28
1.13083e-27
2.79174e-27
6.82891e-27
1.59717e-26
3.82768e-26
8.98897e-26
2.15897e-25
5.16619e-25
1.22511e-24
2.9408e-24
7.40488e-24
2.04896e-23
6.42077e-23
2.23635e-22
8.16586e-22
2.54353e-21
8.85254e-21
2.67006e-20
8.25337e-20
2.74649e-19
9.1784e-19
3.05753e-18
1.02609e-17
3.39282e-17
1.26277e-16
5.68953e-16
3.06837e-15
1.73771e-14
9.21604e-14
4.3121e-13
1.76976e-12
6.41624e-12
2.07572e-11
6.08832e-11
1.6387e-10
4.08575e-10
9.50667e-10
2.11218e-09
4.39178e-09
8.7816e-09
1.68039e-08
3.0631e-08
5.17491e-08
7.8832e-08
9.59602e-08
9.11606e-08
5.40025e-08
2.91889e-08
1.5607e-08
8.19232e-09
4.19473e-09
2.04709e-09
9.70571e-10
4.33208e-10
1.87016e-10
7.6268e-11
2.83961e-11
9.51236e-12
2.853e-12
7.59953e-13
1.78841e-13
2.66154e-14
8.15841e-46
1.36165e-45
2.52886e-44
8.75787e-44
2.31209e-43
5.76691e-43
1.09903e-42
4.06235e-42
1.25055e-41
3.91352e-41
1.24894e-40
3.9723e-40
1.25725e-39
3.98565e-39
1.26001e-38
3.94888e-38
1.22385e-37
3.80381e-37
1.18129e-36
3.60939e-36
1.0925e-35
3.34035e-35
9.98162e-35
2.9925e-34
8.7779e-34
2.54694e-33
7.33821e-33
2.13305e-32
6.0539e-32
1.70872e-31
4.75892e-31
1.30752e-30
3.64852e-30
9.69702e-30
2.51046e-29
6.58585e-29
1.71048e-28
4.23338e-28
1.0942e-27
2.8189e-27
6.67055e-27
1.61306e-26
3.73863e-26
9.02244e-26
2.16119e-25
5.16667e-25
1.22571e-24
2.94355e-24
7.41462e-24
2.05242e-23
6.43462e-23
2.24249e-22
8.19379e-22
2.55414e-21
8.89128e-21
2.68395e-20
8.31365e-20
2.76902e-19
9.25948e-19
3.08656e-18
1.03668e-17
3.43254e-17
1.28029e-16
5.78259e-16
3.12284e-15
1.76796e-14
9.36398e-14
4.37463e-13
1.79291e-12
6.48906e-12
2.09643e-11
6.14226e-11
1.65164e-10
4.1147e-10
9.56725e-10
2.12448e-09
4.41562e-09
8.82571e-09
1.68809e-08
3.07508e-08
5.19229e-08
7.90127e-08
9.60025e-08
9.10448e-08
5.36277e-08
2.89891e-08
1.55009e-08
8.1366e-09
4.16592e-09
2.03319e-09
9.63869e-10
4.30281e-10
1.85753e-10
7.575e-11
2.81994e-11
9.44481e-12
2.83225e-12
7.54312e-13
1.77495e-13
2.64136e-14
1.76391e-44
4.02111e-44
4.19683e-44
2.21917e-43
3.32019e-43
5.34876e-43
1.45353e-42
4.08027e-42
1.24815e-41
4.03107e-41
1.28587e-40
4.10928e-40
1.30669e-39
4.13191e-39
1.29982e-38
4.05811e-38
1.27686e-37
3.94713e-37
1.21467e-36
3.71696e-36
1.13273e-35
3.44137e-35
1.03137e-34
3.06084e-34
8.99787e-34
2.62004e-33
7.55909e-33
2.1665e-32
6.22374e-32
1.75235e-31
4.88351e-31
1.33849e-30
3.66902e-30
9.79778e-30
2.59302e-29
6.76496e-29
1.72844e-28
4.29112e-28
1.10857e-27
2.81256e-27
6.74519e-27
1.58809e-26
3.72794e-26
9.03686e-26
2.15614e-25
5.15773e-25
1.22508e-24
2.94479e-24
7.42315e-24
2.05612e-23
6.45147e-23
2.25088e-22
8.23561e-22
2.57082e-21
8.94802e-21
2.70539e-20
8.40994e-20
2.80558e-19
9.3924e-19
3.1343e-18
1.05399e-17
3.4971e-17
1.30855e-16
5.93141e-16
3.20965e-15
1.81605e-14
9.59853e-14
4.47341e-13
1.82948e-12
6.60306e-12
2.12878e-11
6.22612e-11
1.67176e-10
4.15914e-10
9.65998e-10
2.14331e-09
4.45212e-09
8.89325e-09
1.69989e-08
3.09342e-08
5.21896e-08
7.92924e-08
9.60797e-08
9.08958e-08
5.31091e-08
2.87123e-08
1.53537e-08
8.05917e-09
4.1258e-09
2.01385e-09
9.54512e-10
4.26185e-10
1.83987e-10
7.5022e-11
2.79216e-11
9.34924e-12
2.80287e-12
7.46317e-13
1.75585e-13
2.61274e-14
9.14546e-45
7.76838e-45
9.03568e-44
2.0448e-43
2.34981e-43
3.51636e-43
1.34616e-42
4.31812e-42
1.31481e-41
4.25145e-41
1.37348e-40
4.37758e-40
1.39024e-39
4.41761e-39
1.38689e-38
4.33094e-38
1.34582e-37
4.15894e-37
1.28e-36
3.93356e-36
1.20196e-35
3.58539e-35
1.09247e-34
3.21228e-34
9.60737e-34
2.79217e-33
8.04893e-33
2.29803e-32
6.58822e-32
1.86498e-31
5.09512e-31
1.43436e-30
3.85239e-30
1.02542e-29
2.70075e-29
6.96136e-29
1.77734e-28
4.41183e-28
1.10372e-27
2.75251e-27
6.74057e-27
1.58604e-26
3.68501e-26
8.95418e-26
2.14833e-25
5.14226e-25
1.22289e-24
2.94335e-24
7.42738e-24
2.05913e-23
6.46854e-23
2.26073e-22
8.28978e-22
2.59352e-21
9.01991e-21
2.73289e-20
8.53624e-20
2.85419e-19
9.57083e-19
3.19895e-18
1.07767e-17
3.58635e-17
1.3478e-16
6.13364e-16
3.32661e-15
1.88055e-14
9.91172e-14
4.60478e-13
1.87766e-12
6.75384e-12
2.17098e-11
6.33547e-11
1.69791e-10
4.2175e-10
9.78194e-10
2.16809e-09
4.50018e-09
8.98228e-09
1.71545e-08
3.11766e-08
5.25442e-08
7.96658e-08
9.62039e-08
9.07476e-08
5.25171e-08
2.83958e-08
1.5185e-08
7.97011e-09
4.07947e-09
1.99149e-09
9.43657e-10
4.21427e-10
1.81932e-10
7.41698e-11
2.75946e-11
9.2363e-12
2.76804e-12
7.36813e-13
1.7331e-13
2.57862e-14
5.49975e-46
3.369e-45
8.6724e-44
1.24331e-43
1.43229e-43
5.99022e-43
2.22935e-42
4.76849e-42
1.4636e-41
4.69022e-41
1.50628e-40
4.78533e-40
1.51806e-39
4.81219e-39
1.53264e-38
4.80339e-38
1.49638e-37
4.64111e-37
1.43826e-36
4.35657e-36
1.35089e-35
4.06745e-35
1.22274e-34
3.64708e-34
1.07935e-33
3.15122e-33
9.16329e-33
2.62329e-32
7.53279e-32
2.10444e-31
5.81273e-31
1.60987e-30
4.34085e-30
1.14972e-29
2.93159e-29
7.59894e-29
1.90433e-28
4.66103e-28
1.15554e-27
2.86618e-27
6.69149e-27
1.6119e-26
3.72969e-26
8.86953e-26
2.12724e-25
5.11032e-25
1.21829e-24
2.93756e-24
7.4232e-24
2.0604e-23
6.4826e-23
2.27105e-22
8.35382e-22
2.62099e-21
9.09292e-21
2.76526e-20
8.68732e-20
2.91242e-19
9.78445e-19
3.2759e-18
1.10554e-17
3.69005e-17
1.39326e-16
6.37728e-16
3.4696e-15
1.95931e-14
1.02926e-13
4.7624e-13
1.93509e-12
6.93448e-12
2.22237e-11
6.46838e-11
1.72967e-10
4.28817e-10
9.92929e-10
2.19799e-09
4.55808e-09
9.08936e-09
1.73413e-08
3.14658e-08
5.29662e-08
8.0118e-08
9.63823e-08
9.06328e-08
5.19277e-08
2.80793e-08
1.50154e-08
7.88009e-09
4.03233e-09
1.96872e-09
9.32531e-10
4.16529e-10
1.7979e-10
7.32744e-11
2.72492e-11
9.11657e-12
2.73099e-12
7.26683e-13
1.70881e-13
2.54213e-14
4.39986e-46
1.00339e-44
2.20937e-44
8.62136e-44
1.90652e-43
5.10103e-43
1.88018e-42
5.1049e-42
1.62088e-41
5.25865e-41
1.67652e-40
5.32307e-40
1.70246e-39
5.40538e-39
1.713e-38
5.44119e-38
1.70036e-37
5.29944e-37
1.65191e-36
5.08198e-36
1.56061e-35
4.73848e-35
1.45493e-34
4.35205e-34
1.29322e-33
3.79085e-33
1.12254e-32
3.24274e-32
9.26326e-32
2.60124e-31
7.36276e-31
2.0089e-30
5.37962e-30
1.42013e-29
3.66813e-29
9.26841e-29
2.29452e-28
5.4601e-28
1.312e-27
3.11655e-27
7.0697e-27
1.63053e-26
3.7618e-26
8.78766e-26
2.10505e-25
5.06346e-25
1.2103e-24
2.92528e-24
7.40355e-24
2.05746e-23
6.48361e-23
2.2774e-22
8.40749e-22
2.64795e-21
9.15262e-21
2.79464e-20
8.84315e-20
2.97522e-19
1.00192e-18
3.36132e-18
1.1367e-17
3.80671e-17
1.44478e-16
6.6553e-16
3.63098e-15
2.04755e-14
1.07164e-13
4.94135e-13
2.00154e-12
7.14448e-12
2.28191e-11
6.62261e-11
1.76659e-10
4.37025e-10
1.00984e-09
2.23217e-09
4.6243e-09
9.21194e-09
1.75553e-08
3.17972e-08
5.34529e-08
8.06445e-08
9.66239e-08
9.058e-08
5.14052e-08
2.77963e-08
1.48624e-08
7.79818e-09
3.98904e-09
1.94772e-09
9.22197e-10
4.11965e-10
1.77797e-10
7.24356e-11
2.69218e-11
9.00205e-12
2.69533e-12
7.16881e-13
1.68521e-13
2.50664e-14
1.31193e-44
3.13282e-44
4.37798e-44
1.48138e-44
2.31654e-43
6.19057e-43
1.85067e-42
5.75365e-42
1.84367e-41
5.97248e-41
1.88419e-40
6.00811e-40
1.93831e-39
6.13777e-39
1.96389e-38
6.16384e-38
1.96787e-37
6.15359e-37
1.92773e-36
5.96662e-36
1.84176e-35
5.68404e-35
1.72862e-34
5.20878e-34
1.55924e-33
4.62648e-33
1.35795e-32
3.93911e-32
1.15166e-31
3.25462e-31
9.09094e-31
2.49523e-30
6.83913e-30
1.81893e-29
4.74269e-29
1.1979e-28
2.91737e-28
6.77978e-28
1.61489e-27
3.65539e-27
7.96347e-27
1.72065e-26
3.76045e-26
8.75818e-26
2.08196e-25
5.00586e-25
1.19896e-24
2.90512e-24
7.36703e-24
2.04985e-23
6.47268e-23
2.28135e-22
8.46356e-22
2.67886e-21
9.20248e-21
2.82522e-20
9.01698e-20
3.04337e-19
1.02764e-18
3.45671e-18
1.17218e-17
3.94185e-17
1.5055e-16
6.98044e-16
3.8211e-15
2.15181e-14
1.12176e-13
5.14437e-13
2.07644e-12
7.37523e-12
2.34726e-11
6.79036e-11
1.80639e-10
4.45824e-10
1.02859e-09
2.26907e-09
4.69635e-09
9.34553e-09
1.77884e-08
3.21569e-08
5.3982e-08
8.12182e-08
9.69114e-08
9.05891e-08
5.09746e-08
2.75621e-08
1.47353e-08
7.72971e-09
3.95252e-09
1.93004e-09
9.13386e-10
4.08052e-10
1.76061e-10
7.16937e-11
2.66302e-11
8.89966e-12
2.66335e-12
7.08066e-13
1.66395e-13
2.47462e-14
8.43628e-45
4.14992e-45
7.59459e-44
7.75829e-44
6.79318e-44
4.56292e-43
1.74455e-42
5.71819e-42
1.89516e-41
6.35319e-41
2.04499e-40
6.5567e-40
2.09176e-39
6.65426e-39
2.11171e-38
6.75879e-38
2.14066e-37
6.71758e-37
2.09374e-36
6.47531e-36
1.99618e-35
6.10504e-35
1.86274e-34
5.59632e-34
1.69656e-33
5.01986e-33
1.47346e-32
4.3011e-32
1.23001e-31
3.47653e-31
9.89999e-31
2.80991e-30
7.6183e-30
2.10491e-29
5.53213e-29
1.4315e-28
3.61565e-28
8.5599e-28
2.07437e-27
4.69172e-27
9.72599e-27
1.97147e-26
3.9975e-26
8.89635e-26
2.06542e-25
4.93051e-25
1.18259e-24
2.87376e-24
7.30376e-24
2.03513e-23
6.4394e-23
2.28027e-22
8.51747e-22
2.71551e-21
9.21465e-21
2.85176e-20
9.20001e-20
3.12992e-19
1.06132e-18
3.57936e-18
1.2161e-17
4.10058e-17
1.57172e-16
7.32127e-16
4.01576e-15
2.25659e-14
1.17125e-13
5.34995e-13
2.14789e-12
7.59338e-12
2.42463e-11
6.97823e-11
1.85009e-10
4.55528e-10
1.04829e-09
2.30725e-09
4.7716e-09
9.48596e-09
1.80325e-08
3.25289e-08
5.45251e-08
8.18077e-08
9.72372e-08
9.06654e-08
5.06704e-08
2.7396e-08
1.46436e-08
7.67943e-09
3.92525e-09
1.91686e-09
9.06834e-10
4.05097e-10
1.74731e-10
7.11154e-11
2.63996e-11
8.81822e-12
2.63781e-12
7.01011e-13
1.6469e-13
2.44893e-14
6.48011e-45
2.25011e-44
9.905e-44
1.1005e-43
1.57531e-43
7.16699e-43
1.46765e-42
5.92996e-42
1.87953e-41
6.2482e-41
2.01834e-40
6.43023e-40
2.04009e-39
6.61528e-39
2.09622e-38
6.62712e-38
2.07966e-37
6.54012e-37
2.03838e-36
6.33193e-36
1.94535e-35
5.91265e-35
1.78198e-34
5.36766e-34
1.58747e-33
4.74693e-33
1.40106e-32
4.06748e-32
1.17453e-31
3.31362e-31
9.60346e-31
2.70211e-30
7.61176e-30
2.06962e-29
5.52908e-29
1.49011e-28
3.80577e-28
9.55063e-28
2.38836e-27
5.65615e-27
1.21856e-26
2.46533e-26
4.75076e-26
9.51132e-26
2.08381e-25
4.86698e-25
1.16044e-24
2.82643e-24
7.19954e-24
2.00887e-23
6.36875e-23
2.26667e-22
8.54107e-22
2.74899e-21
9.15413e-21
2.85757e-20
9.30216e-20
3.17745e-19
1.0809e-18
3.65777e-18
1.2466e-17
4.22796e-17
1.63632e-16
7.67811e-16
4.22512e-15
2.37019e-14
1.22514e-13
5.57003e-13
2.22448e-12
7.83674e-12
2.49148e-11
7.14903e-11
1.89092e-10
4.64643e-10
1.06753e-09
2.34341e-09
4.84111e-09
9.61189e-09
1.82524e-08
3.2867e-08
5.50313e-08
8.23609e-08
9.75629e-08
9.07817e-08
5.04772e-08
2.72893e-08
1.45844e-08
7.64678e-09
3.90732e-09
1.9083e-09
9.02515e-10
4.03187e-10
1.73883e-10
7.07479e-11
2.62537e-11
8.76629e-12
2.62147e-12
6.96487e-13
1.63596e-13
2.43244e-14
6.57581e-45
3.31587e-45
1.53942e-45
8.58227e-45
1.98635e-43
4.59224e-43
1.75847e-42
5.35169e-42
1.7764e-41
5.63495e-41
1.8204e-40
5.81149e-40
1.85436e-39
5.92646e-39
1.87805e-38
5.93207e-38
1.87454e-37
5.7926e-37
1.8362e-36
5.65368e-36
1.73538e-35
5.29832e-35
1.6111e-34
4.84425e-34
1.44399e-33
4.27913e-33
1.26148e-32
3.69737e-32
1.07782e-31
3.05624e-31
8.82455e-31
2.50576e-30
6.95728e-30
1.92313e-29
5.10402e-29
1.38405e-28
3.63101e-28
9.2478e-28
2.40813e-27
5.95836e-27
1.38315e-26
2.98985e-26
5.87065e-26
1.08926e-25
2.20123e-25
4.86733e-25
1.13533e-24
2.74783e-24
7.00311e-24
1.95632e-23
6.21415e-23
2.22257e-22
8.46881e-22
2.7772e-21
9.02916e-21
2.8491e-20
9.36751e-20
3.22014e-19
1.10145e-18
3.74246e-18
1.28205e-17
4.37774e-17
1.7059e-16
8.04406e-16
4.43724e-15
2.4845e-14
1.27902e-13
5.7957e-13
2.30094e-12
8.06187e-12
2.55557e-11
7.30507e-11
1.92726e-10
4.72348e-10
1.08319e-09
2.3732e-09
4.89955e-09
9.7215e-09
1.84403e-08
3.3146e-08
5.54366e-08
8.28009e-08
9.78409e-08
9.09107e-08
5.03853e-08
2.72391e-08
1.4557e-08
7.63191e-09
3.8994e-09
1.90481e-09
9.00829e-10
4.02425e-10
1.73545e-10
7.06026e-11
2.61979e-11
8.74781e-12
2.61604e-12
6.95068e-13
1.63266e-13
2.42758e-14
2.71558e-45
1.33985e-44
2.42203e-44
5.41347e-44
1.68928e-43
9.16837e-43
1.47611e-42
4.82613e-42
1.53728e-41
4.90117e-41
1.54086e-40
4.94853e-40
1.57923e-39
5.03185e-39
1.59365e-38
4.99544e-38
1.59838e-37
4.99241e-37
1.55548e-36
4.79468e-36
1.46941e-35
4.56531e-35
1.37967e-34
4.20649e-34
1.24585e-33
3.75143e-33
1.10238e-32
3.1997e-32
9.49131e-32
2.73906e-31
7.88309e-31
2.22624e-30
6.27242e-30
1.72293e-29
4.66447e-29
1.25406e-28
3.30394e-28
8.62679e-28
2.23078e-27
5.71559e-27
1.39849e-26
3.25723e-26
7.15146e-26
1.38464e-25
2.51909e-25
5.06427e-25
1.11679e-24
2.623e-24
6.59501e-24
1.8229e-23
5.72538e-23
2.02379e-22
7.58313e-22
2.81738e-21
8.96025e-21
2.83224e-20
9.3928e-20
3.25098e-19
1.1187e-18
3.82535e-18
1.31874e-17
4.5191e-17
1.76888e-16
8.40463e-16
4.64771e-15
2.59668e-14
1.32951e-13
5.99021e-13
2.36833e-12
8.27047e-12
2.61278e-11
7.44939e-11
1.96066e-10
4.79338e-10
1.09666e-09
2.39765e-09
4.94652e-09
9.80573e-09
1.85827e-08
3.3349e-08
5.57267e-08
8.31062e-08
9.8043e-08
9.10264e-08
5.0389e-08
2.72444e-08
1.45617e-08
7.63547e-09
3.90186e-09
1.90656e-09
9.01927e-10
4.02955e-10
1.73812e-10
7.07305e-11
2.62554e-11
8.77063e-12
2.62394e-12
6.97426e-13
1.63867e-13
2.43693e-14
3.36687e-45
2.29757e-44
3.79078e-44
1.29993e-43
3.9592e-43
3.81015e-43
1.15889e-42
3.55815e-42
1.2183e-41
3.86078e-41
1.22377e-40
3.98396e-40
1.26093e-39
4.01373e-39
1.28128e-38
4.02581e-38
1.27383e-37
4.0506e-37
1.26691e-36
3.92146e-36
1.22024e-35
3.76728e-35
1.16044e-34
3.52801e-34
1.06473e-33
3.18484e-33
9.4367e-33
2.76983e-32
8.05251e-32
2.30186e-31
6.83971e-31
1.94128e-30
5.41542e-30
1.51471e-29
4.15289e-29
1.11841e-28
2.98138e-28
7.896e-28
2.07495e-27
5.35735e-27
1.34408e-26
3.24472e-26
7.58721e-26
1.67048e-25
3.22023e-25
5.86731e-25
1.15926e-24
2.57239e-24
6.27572e-24
1.70978e-23
5.32123e-23
1.88038e-22
7.14861e-22
2.75231e-21
8.8041e-21
2.7935e-20
9.34258e-20
3.25565e-19
1.12678e-18
3.87133e-18
1.33988e-17
4.61919e-17
1.82381e-16
8.73332e-16
4.84163e-15
2.6974e-14
1.37805e-13
6.16529e-13
2.42846e-12
8.44721e-12
2.6607e-11
7.56263e-11
1.98506e-10
4.84471e-10
1.10677e-09
2.41469e-09
4.97715e-09
9.85743e-09
1.86647e-08
3.34506e-08
5.5861e-08
8.32339e-08
9.81472e-08
9.11197e-08
5.04882e-08
2.73077e-08
1.46015e-08
7.66015e-09
3.91683e-09
1.91484e-09
9.06575e-10
4.05149e-10
1.74863e-10
7.12175e-11
2.64635e-11
8.84893e-12
2.64997e-12
7.04961e-13
1.6575e-13
2.46586e-14
2.63508e-45
2.50548e-45
5.50324e-44
6.06506e-44
1.54221e-43
4.04803e-43
8.67182e-43
2.86645e-42
9.08435e-42
2.93002e-41
9.3943e-41
3.00468e-40
9.62873e-40
3.07494e-39
9.86697e-39
3.12976e-38
9.8746e-38
3.18626e-37
9.97668e-37
3.14475e-36
9.79893e-36
3.01252e-35
9.28854e-35
2.83566e-34
8.72005e-34
2.58432e-33
7.82483e-33
2.29413e-32
6.70821e-32
1.98486e-31
5.78016e-31
1.65387e-30
4.5901e-30
1.30697e-29
3.59177e-29
9.88871e-29
2.62941e-28
7.15198e-28
1.89213e-27
4.85998e-27
1.23109e-26
3.05337e-26
7.33242e-26
1.71237e-25
3.7278e-25
7.24947e-25
1.30027e-24
2.59967e-24
6.09225e-24
1.62061e-23
5.00078e-23
1.76748e-22
6.78151e-22
2.64985e-21
8.56779e-21
2.73636e-20
9.21781e-20
3.23536e-19
1.12712e-18
3.89536e-18
1.35613e-17
4.7059e-17
1.87249e-16
9.00484e-16
4.99511e-15
2.78095e-14
1.41508e-13
6.31372e-13
2.47775e-12
8.59008e-12
2.69782e-11
7.6437e-11
2.00095e-10
4.872e-10
1.11097e-09
2.41984e-09
4.98449e-09
9.86614e-09
1.8669e-08
3.34253e-08
5.58e-08
8.31427e-08
9.81377e-08
9.12029e-08
5.07361e-08
2.74616e-08
1.46963e-08
7.71755e-09
3.95097e-09
1.93315e-09
9.16624e-10
4.09866e-10
1.77097e-10
7.22394e-11
2.68945e-11
9.0105e-12
2.70298e-12
7.20152e-13
1.69518e-13
2.52357e-14
3.86258e-45
5.29209e-46
8.25309e-46
9.54378e-45
4.80233e-44
1.85403e-43
6.11736e-43
1.95589e-42
6.29191e-42
2.02917e-41
6.54304e-41
2.10801e-40
6.80276e-40
2.20722e-39
7.12617e-39
2.29478e-38
7.36339e-38
2.35039e-37
7.45717e-37
2.35332e-36
7.30024e-36
2.32276e-35
7.06302e-35
2.21424e-34
6.84732e-34
2.07294e-33
6.23049e-33
1.85725e-32
5.49111e-32
1.61218e-31
4.73405e-31
1.37195e-30
3.8928e-30
1.10691e-29
3.07377e-29
8.41707e-29
2.29521e-28
6.11702e-28
1.68865e-27
4.38687e-27
1.11341e-26
2.74743e-26
6.80853e-26
1.59397e-25
3.77806e-25
8.1121e-25
1.55898e-24
2.8364e-24
6.11861e-24
1.55852e-23
4.69899e-23
1.65146e-22
6.36871e-22
2.51638e-21
8.21792e-21
2.64936e-20
9.01137e-20
3.18902e-19
1.11908e-18
3.89232e-18
1.36318e-17
4.75608e-17
1.90376e-16
9.20528e-16
5.12037e-15
2.84723e-14
1.44537e-13
6.43259e-13
2.51186e-12
8.68012e-12
2.71666e-11
7.67924e-11
2.00612e-10
4.87546e-10
1.1099e-09
2.41372e-09
4.96819e-09
9.82799e-09
1.85872e-08
3.32601e-08
5.55244e-08
8.28178e-08
9.80376e-08
9.13475e-08
5.12815e-08
2.77918e-08
1.48946e-08
7.83476e-09
4.01897e-09
1.96903e-09
9.35861e-10
4.18836e-10
1.81282e-10
7.41188e-11
2.76727e-11
9.29678e-12
2.79615e-12
7.46698e-13
1.76081e-13
2.62389e-14
1.98828e-45
1.96529e-45
3.45151e-45
1.23151e-44
3.33184e-44
1.17687e-43
3.86389e-43
1.25157e-42
4.09311e-42
1.33059e-41
4.34537e-41
1.41577e-40
4.61779e-40
1.48994e-39
4.92102e-39
1.58617e-38
5.09156e-38
1.6583e-37
5.32611e-37
1.69685e-36
5.43458e-36
1.71787e-35
5.37542e-35
1.67549e-34
5.21111e-34
1.58919e-33
4.80654e-33
1.46678e-32
4.37678e-32
1.28461e-31
3.8456e-31
1.11212e-30
3.18096e-30
9.11566e-30
2.57987e-29
7.04007e-29
1.95134e-28
5.28177e-28
1.42752e-27
3.82096e-27
9.77314e-27
2.46488e-26
6.10008e-26
1.51302e-25
3.61705e-25
8.64826e-25
1.87296e-24
3.43323e-24
6.43817e-24
1.51095e-23
4.37936e-23
1.52098e-22
5.87334e-22
2.34042e-21
7.6993e-21
2.53378e-20
8.78155e-20
3.13096e-19
1.10538e-18
3.86711e-18
1.3633e-17
4.78682e-17
1.93032e-16
9.39154e-16
5.23659e-15
2.90976e-14
1.47424e-13
6.53234e-13
2.54274e-12
8.74692e-12
2.72648e-11
7.68722e-11
2.00337e-10
4.85854e-10
1.10403e-09
2.39695e-09
4.92922e-09
9.74527e-09
1.84239e-08
3.29625e-08
5.50495e-08
8.22949e-08
9.79405e-08
9.17374e-08
5.24566e-08
2.84818e-08
1.52963e-08
8.0652e-09
4.14872e-09
2.03637e-09
9.71067e-10
4.35102e-10
1.88741e-10
7.73967e-11
2.89964e-11
9.77851e-12
2.95178e-12
7.90807e-13
1.86946e-13
2.78969e-14
7.21222e-46
1.39987e-45
1.40764e-45
6.17918e-45
2.0421e-44
6.32587e-44
2.03796e-43
6.62436e-43
2.17386e-42
7.19035e-42
2.39226e-41
7.98789e-41
2.66965e-40
8.86149e-40
2.98411e-39
9.89288e-39
3.29522e-38
1.08417e-37
3.57102e-37
1.15867e-36
3.74456e-36
1.20204e-35
3.8272e-35
1.20975e-34
3.79612e-34
1.1807e-33
3.64135e-33
1.11624e-32
3.3722e-32
1.00677e-31
2.97196e-31
8.71517e-31
2.51798e-30
7.39472e-30
2.10778e-29
5.73974e-29
1.65841e-28
4.52122e-28
1.22461e-27
3.20121e-27
8.43862e-27
2.12862e-26
5.32678e-26
1.34569e-25
3.29889e-25
8.30797e-25
1.93331e-24
4.03615e-24
7.37912e-24
1.51541e-23
4.11914e-23
1.38211e-22
5.36336e-22
2.16294e-21
7.2265e-21
2.39149e-20
8.41621e-20
3.04418e-19
1.08583e-18
3.8285e-18
1.36013e-17
4.81213e-17
1.95719e-16
9.59117e-16
5.36144e-15
2.97877e-14
1.50415e-13
6.64555e-13
2.57213e-12
8.81121e-12
2.73385e-11
7.68227e-11
1.99579e-10
4.82621e-10
1.09401e-09
2.37023e-09
4.87235e-09
9.62835e-09
1.81983e-08
3.25681e-08
5.44395e-08
8.168e-08
9.80406e-08
9.27245e-08
5.4884e-08
2.98584e-08
1.60718e-08
8.49615e-09
4.38413e-09
2.15638e-09
1.03221e-09
4.63101e-10
2.01389e-10
8.28621e-11
3.11746e-11
1.05675e-11
3.20487e-12
8.62158e-13
2.04452e-13
3.0563e-14
7.98712e-47
6.23514e-46
1.31893e-45
4.23263e-45
1.29668e-44
4.0457e-44
1.275e-43
4.14793e-43
1.37566e-42
4.60328e-42
1.52845e-41
5.33678e-41
1.79777e-40
6.2017e-40
2.08671e-39
7.01231e-39
2.33933e-38
7.73996e-38
2.54312e-37
8.30861e-37
2.70857e-36
8.74992e-36
2.80952e-35
8.81848e-35
2.84535e-34
8.85439e-34
2.74119e-33
8.36068e-33
2.55547e-32
7.63775e-32
2.27209e-31
6.88476e-31
2.00774e-30
5.88457e-30
1.68403e-29
4.76211e-29
1.33207e-28
3.67162e-28
1.00681e-27
2.7101e-27
7.06896e-27
1.82033e-26
4.59503e-26
1.15923e-25
2.95414e-25
7.57011e-25
1.85696e-24
4.19813e-24
8.79585e-24
1.70297e-23
3.89378e-23
1.2296e-22
4.58527e-22
1.80145e-21
6.85222e-21
2.25585e-20
7.98858e-20
2.92405e-19
1.05633e-18
3.76731e-18
1.35284e-17
4.83948e-17
1.99548e-16
9.88931e-16
5.55895e-15
3.08151e-14
1.54821e-13
6.81961e-13
2.62137e-12
8.93152e-12
2.75555e-11
7.71606e-11
1.99822e-10
4.82003e-10
1.09062e-09
2.33614e-09
4.80813e-09
9.49934e-09
1.79524e-08
3.21481e-08
5.38138e-08
8.11515e-08
9.85991e-08
9.47499e-08
5.93821e-08
3.23342e-08
1.74259e-08
9.2273e-09
4.7724e-09
2.35205e-09
1.12961e-09
5.07756e-10
2.21371e-10
9.14032e-11
3.45831e-11
1.1788e-11
3.59418e-12
9.71448e-13
2.31167e-13
3.46226e-14
5.50155e-47
6.18334e-46
2.14855e-45
6.50938e-45
1.87797e-44
5.41593e-44
1.55106e-43
4.41262e-43
1.29894e-42
4.02201e-42
1.28146e-41
4.17345e-41
1.37563e-40
4.6399e-40
1.546e-39
5.15398e-39
1.71585e-38
5.69852e-38
1.88959e-37
6.20515e-37
2.02318e-36
6.5507e-36
2.10874e-35
6.73882e-35
2.1386e-34
6.71164e-34
2.08517e-33
6.41377e-33
1.95384e-32
5.90904e-32
1.77105e-31
5.33041e-31
1.57383e-30
4.59686e-30
1.33266e-29
3.79757e-29
1.07024e-28
2.92498e-28
8.25326e-28
2.26025e-27
5.92853e-27
1.54148e-26
3.92248e-26
9.97784e-26
2.51966e-25
6.55913e-25
1.6691e-24
3.98194e-24
8.58997e-24
1.74945e-23
3.68532e-23
1.06701e-22
3.76036e-22
1.49208e-21
5.86026e-21
2.15462e-20
7.61698e-20
2.81177e-19
1.02932e-18
3.71608e-18
1.35038e-17
4.89297e-17
2.04646e-16
1.02585e-15
5.80353e-15
3.21966e-14
1.61136e-13
7.06458e-13
2.69657e-12
9.1231e-12
2.79397e-11
7.77526e-11
2.00321e-10
4.81015e-10
1.084e-09
2.31471e-09
4.75748e-09
9.39162e-09
1.77437e-08
3.17964e-08
5.3321e-08
8.08998e-08
9.98423e-08
9.82348e-08
6.65867e-08
3.61614e-08
1.94535e-08
1.02866e-08
5.30605e-09
2.64615e-09
1.27325e-09
5.71781e-10
2.49738e-10
1.03415e-10
3.93493e-11
1.34777e-11
4.13206e-12
1.12265e-12
2.68186e-13
4.02547e-14
2.3186e-46
1.26642e-45
4.6903e-45
1.60116e-44
5.30398e-44
1.70832e-43
5.33428e-43
1.60497e-42
4.66517e-42
1.32431e-41
3.72698e-41
1.04782e-40
2.96408e-40
8.49328e-40
2.45859e-39
7.11812e-39
2.20031e-38
6.63233e-38
2.0271e-37
6.26888e-37
1.93038e-36
5.96058e-36
1.83874e-35
5.60005e-35
1.76557e-34
5.3975e-34
1.64603e-33
5.08805e-33
1.53787e-32
4.64107e-32
1.39723e-31
4.16204e-31
1.20248e-30
3.57873e-30
1.04425e-29
3.03672e-29
8.6236e-29
2.4056e-28
6.68001e-28
1.82048e-27
4.89625e-27
1.25434e-26
3.22243e-26
8.21558e-26
2.11893e-25
5.44327e-25
1.39658e-24
3.45506e-24
8.06527e-24
1.79548e-23
4.00003e-23
9.73056e-23
3.24436e-22
1.24969e-21
5.00057e-21
1.99372e-20
7.1752e-20
2.68079e-19
9.963e-19
3.64613e-18
1.34625e-17
4.97117e-17
2.13216e-16
1.09387e-15
6.23354e-15
3.4569e-14
1.72349e-13
7.4526e-13
2.80938e-12
9.41207e-12
2.85594e-11
7.89899e-11
2.02251e-10
4.83164e-10
1.08414e-09
2.3075e-09
4.73395e-09
9.33424e-09
1.76268e-08
3.15995e-08
5.3098e-08
8.10401e-08
1.01489e-07
1.02227e-07
7.49748e-08
4.05446e-08
2.17458e-08
1.14704e-08
5.91407e-09
2.96247e-09
1.43175e-09
6.45533e-10
2.82296e-10
1.17244e-10
4.49566e-11
1.54999e-11
4.77585e-12
1.30418e-12
3.126e-13
4.69988e-14
2.43146e-46
1.40383e-45
5.82201e-45
2.20424e-44
7.81614e-44
2.66262e-43
8.4791e-43
2.58663e-42
7.69767e-42
2.26359e-41
6.66116e-41
1.81958e-40
4.90817e-40
1.35425e-39
3.69939e-39
1.03553e-38
2.92274e-38
8.33401e-38
2.39436e-37
6.94275e-37
2.02725e-36
5.95577e-36
1.75655e-35
5.19816e-35
1.55697e-34
4.65308e-34
1.38764e-33
4.1412e-33
1.2285e-32
3.63308e-32
1.07333e-31
3.18023e-31
9.262e-31
2.70004e-30
7.91633e-30
2.2462e-29
6.50795e-29
1.83879e-28
5.08624e-28
1.4389e-27
3.83055e-27
9.92035e-27
2.55648e-26
6.40806e-26
1.5669e-25
4.08558e-25
1.07322e-24
2.77725e-24
7.02595e-24
1.729e-23
4.10889e-23
1.03062e-22
2.80299e-22
1.02273e-21
4.19256e-21
1.68663e-20
6.38412e-20
2.47746e-19
9.4854e-19
3.5786e-18
1.34838e-17
5.08607e-17
2.23623e-16
1.17077e-15
6.7463e-15
3.74683e-14
1.85709e-13
7.9269e-13
2.95566e-12
9.80182e-12
2.93409e-11
8.05605e-11
2.04999e-10
4.86987e-10
1.08817e-09
2.30948e-09
4.72882e-09
9.31224e-09
1.7572e-08
3.14951e-08
5.29713e-08
8.11283e-08
1.02591e-07
1.049e-07
8.04248e-08
4.34779e-08
2.3327e-08
1.23355e-08
6.37618e-09
3.20001e-09
1.55099e-09
7.0151e-10
3.07668e-10
1.28074e-10
4.92751e-11
1.71348e-11
5.32517e-12
1.46104e-12
3.51152e-13
5.2912e-14
)
;

boundaryField
{
    fuel
    {
        type            fixedValue;
        value           uniform 0;
    }
    air
    {
        type            fixedValue;
        value           uniform 0;
    }
    outlet
    {
        type            inletOutlet;
        inletValue      uniform 0;
        value           nonuniform List<scalar> 
200
(
0
0
0
0
0
0
0
0
0
0
6.42353e-41
1.76783e-40
4.80036e-40
1.30727e-39
3.5899e-39
9.93241e-39
2.76091e-38
7.97948e-38
2.2773e-37
6.57028e-37
1.90441e-36
5.47536e-36
1.68098e-35
4.96174e-35
1.4857e-34
4.43658e-34
1.30873e-33
3.9783e-33
1.17822e-32
3.48903e-32
1.03294e-31
3.05308e-31
8.93229e-31
2.59626e-30
7.51126e-30
2.1e-29
5.96007e-29
1.71578e-28
4.82309e-28
1.34281e-27
3.61087e-27
9.53513e-27
2.4642e-26
6.22627e-26
1.53693e-25
3.97731e-25
1.04842e-24
2.7282e-24
6.92425e-24
1.69399e-23
3.99789e-23
9.96201e-23
2.70521e-22
9.86567e-22
3.99726e-21
1.61715e-20
6.13086e-20
2.38519e-19
9.12783e-19
3.44575e-18
1.30109e-17
4.9213e-17
2.16904e-16
1.13791e-15
6.57106e-15
3.65684e-14
1.81777e-13
7.77497e-13
2.90372e-12
9.64345e-12
2.89489e-11
7.95555e-11
2.02685e-10
4.81943e-10
1.07759e-09
2.28857e-09
4.68853e-09
9.23825e-09
1.7446e-08
3.13207e-08
5.27401e-08
8.0991e-08
1.02998e-07
1.06047e-07
8.27748e-08
4.4792e-08
2.40533e-08
1.27234e-08
6.58503e-09
3.3089e-09
1.60574e-09
7.26975e-10
3.19213e-10
1.32929e-10
5.11755e-11
1.78094e-11
5.53936e-12
1.521e-12
3.6579e-13
5.51352e-14
0
0
0
0
0
0
0
0
0
0
6.66116e-41
1.81958e-40
4.90817e-40
1.35425e-39
3.69939e-39
1.03553e-38
2.92274e-38
8.33401e-38
2.39436e-37
6.94275e-37
2.02725e-36
5.95577e-36
1.75655e-35
5.19816e-35
1.55697e-34
4.65308e-34
1.38764e-33
4.1412e-33
1.2285e-32
3.63308e-32
1.07333e-31
3.18023e-31
9.262e-31
2.70004e-30
7.91633e-30
2.2462e-29
6.50795e-29
1.83879e-28
5.08624e-28
1.4389e-27
3.83055e-27
9.92035e-27
2.55648e-26
6.40806e-26
1.5669e-25
4.08558e-25
1.07322e-24
2.77725e-24
7.02595e-24
1.729e-23
4.10889e-23
1.03062e-22
2.80299e-22
1.02273e-21
4.19256e-21
1.68663e-20
6.38412e-20
2.47746e-19
9.4854e-19
3.5786e-18
1.34838e-17
5.08607e-17
2.23623e-16
1.17077e-15
6.7463e-15
3.74683e-14
1.85709e-13
7.9269e-13
2.95566e-12
9.80182e-12
2.93409e-11
8.05605e-11
2.04999e-10
4.86987e-10
1.08817e-09
2.30948e-09
4.72882e-09
9.31224e-09
1.7572e-08
3.14951e-08
5.29713e-08
8.11283e-08
1.02591e-07
1.049e-07
8.04248e-08
4.34779e-08
2.3327e-08
1.23355e-08
6.37618e-09
3.20001e-09
1.55099e-09
7.0151e-10
3.07668e-10
1.28074e-10
4.92751e-11
1.71348e-11
5.32517e-12
1.46104e-12
3.51152e-13
5.2912e-14
)
;
    }
    frontAndBack
    {
        type            empty;
    }
    internal
    {
        type            internal;
    }
}


// ************************************************************************* //
