/*--------------------------------*- C++ -*----------------------------------*\
  =========                 |
  \\      /  F ield         | OpenFOAM: The Open Source CFD Toolbox
   \\    /   O peration     | Website:  https://openfoam.org
    \\  /    A nd           | Version:  10
     \\/     M anipulation  |
\*---------------------------------------------------------------------------*/
FoamFile
{
    format      ascii;
    class       volScalarField;
    location    "1";
    object      CH2O;
}
// * * * * * * * * * * * * * * * * * * * * * * * * * * * * * * * * * * * * * //

dimensions      [0 0 0 0 0 0 0];

internalField   nonuniform List<scalar> 
4000
(
2.32192e-31
1.4536e-30
6.38543e-30
2.45426e-29
8.81144e-29
2.96078e-28
9.45186e-28
2.9078e-27
8.71554e-27
2.57869e-26
7.64961e-26
2.12421e-25
5.82564e-25
1.60375e-24
4.45491e-24
1.24739e-23
3.51221e-23
1.02889e-22
2.9771e-22
8.71051e-22
2.56094e-21
7.46738e-21
2.33187e-20
6.99061e-20
2.12616e-19
6.44947e-19
1.9329e-18
5.97157e-18
1.79662e-17
5.40394e-17
1.62475e-16
4.87593e-16
1.44732e-15
4.26732e-15
1.25152e-14
3.54505e-14
1.01906e-13
2.97163e-13
8.44891e-13
2.37704e-12
6.45343e-12
1.71884e-11
4.47671e-11
1.1381e-10
2.82104e-10
7.32229e-10
1.93287e-09
5.02107e-09
1.26917e-08
3.09707e-08
7.26489e-08
1.66112e-07
3.40193e-07
7.24959e-07
1.49244e-06
2.91204e-06
5.30492e-06
9.40136e-06
1.57599e-05
2.49354e-05
3.71356e-05
5.14914e-05
6.82847e-05
8.66243e-05
0.000105385
0.000123523
0.000140179
0.000154311
0.000165516
0.000173496
0.000177863
0.000177822
0.000171753
0.000157732
0.000135095
0.000106607
7.88243e-05
5.56754e-05
3.87273e-05
2.82978e-05
2.26502e-05
1.91058e-05
1.53995e-05
1.16619e-05
7.43645e-06
4.04047e-06
2.17846e-06
1.15708e-06
6.01796e-07
3.05211e-07
1.52058e-07
7.59636e-08
4.70164e-08
4.6473e-08
6.20441e-08
6.44536e-08
4.69365e-08
2.91652e-08
1.56709e-08
4.59729e-09
2.19308e-31
1.2855e-30
4.79953e-30
1.65942e-29
5.52978e-29
1.7883e-28
5.6332e-28
1.73421e-27
5.08206e-27
1.45614e-26
4.13254e-26
1.17345e-25
3.35608e-25
9.7191e-25
2.85743e-24
8.54759e-24
2.58729e-23
7.94432e-23
2.46622e-22
7.69359e-22
2.4146e-21
7.62737e-21
2.40446e-20
7.57246e-20
2.3847e-19
7.4534e-19
2.32175e-18
7.20188e-18
2.21278e-17
6.72819e-17
2.03681e-16
6.43319e-16
1.92853e-15
5.66726e-15
1.65447e-14
4.76043e-14
1.38851e-13
3.9247e-13
1.10746e-12
3.05018e-12
8.29673e-12
2.18527e-11
5.69535e-11
1.44392e-10
3.71959e-10
9.79345e-10
2.55209e-09
6.50371e-09
1.62056e-08
3.94299e-08
8.59001e-08
1.77003e-07
3.85212e-07
8.03887e-07
1.63352e-06
3.19028e-06
5.65931e-06
9.83056e-06
1.62512e-05
2.53124e-05
3.73991e-05
5.16123e-05
6.82376e-05
8.64188e-05
0.000105061
0.000123172
0.000139908
0.000154314
0.000165841
0.000174172
0.000178921
0.00017923
0.00017362
0.000159858
0.000137151
0.000108316
8.00761e-05
5.65076e-05
3.92346e-05
2.8589e-05
2.2798e-05
1.91315e-05
1.53034e-05
1.14831e-05
7.15149e-06
3.8857e-06
2.09408e-06
1.11147e-06
5.76334e-07
2.91632e-07
1.45152e-07
7.305e-08
4.65811e-08
4.80039e-08
6.42718e-08
6.47466e-08
4.65063e-08
2.88073e-08
1.54756e-08
4.53135e-09
1.20577e-31
6.29286e-31
2.1356e-30
6.51964e-30
1.91987e-29
5.55229e-29
1.5896e-28
4.5784e-28
1.36098e-27
4.25192e-27
1.36892e-26
4.51405e-26
1.51314e-25
5.10632e-25
1.72783e-24
5.84697e-24
1.97298e-23
6.53809e-23
2.26869e-22
7.55275e-22
2.51622e-21
8.32165e-21
2.72919e-20
8.86187e-20
2.8482e-19
9.07387e-19
2.87597e-18
9.12099e-18
2.82417e-17
8.67718e-17
2.71893e-16
8.22074e-16
2.42786e-15
7.23208e-15
2.13769e-14
6.17124e-14
1.75038e-13
4.92805e-13
1.37461e-12
3.73696e-12
1.00363e-11
2.54469e-11
6.88413e-11
1.71587e-10
4.55501e-10
1.17268e-09
3.05767e-09
7.71784e-09
1.86347e-08
4.45047e-08
9.6428e-08
2.0011e-07
4.32983e-07
9.15151e-07
1.80136e-06
3.33619e-06
5.83271e-06
1.0057e-05
1.65189e-05
2.56352e-05
3.76896e-05
5.18249e-05
6.83319e-05
8.63909e-05
0.000104954
0.00012305
0.000139876
0.000154543
0.00016636
0.000175019
0.000180105
0.000180855
0.000175708
0.000162396
0.000139752
0.000110525
8.17006e-05
5.75853e-05
3.98943e-05
2.89749e-05
2.30105e-05
1.91717e-05
1.51782e-05
1.12315e-05
6.74019e-06
3.66243e-06
1.97218e-06
1.04417e-06
5.40855e-07
2.72581e-07
1.35546e-07
6.90819e-08
4.60523e-08
5.0046e-08
6.69388e-08
6.5024e-08
4.60965e-08
2.84733e-08
1.53021e-08
4.4749e-09
7.03086e-32
3.60333e-31
1.24163e-30
3.90636e-30
1.20589e-29
3.75364e-29
1.1946e-28
4.00662e-28
1.34748e-27
4.57801e-27
1.58924e-26
5.499e-26
1.92765e-25
6.65375e-25
2.29021e-24
7.84315e-24
2.67126e-23
9.0404e-23
3.03669e-22
1.0129e-21
3.35182e-21
1.10465e-20
3.60534e-20
1.16718e-19
3.79103e-19
1.20654e-18
3.80979e-18
1.18984e-17
3.59941e-17
1.14955e-16
3.48016e-16
1.04956e-15
3.11988e-15
9.23237e-15
2.70542e-14
7.76044e-14
2.18532e-13
6.14335e-13
1.67332e-12
4.62409e-12
1.23075e-11
3.1835e-11
8.33789e-11
2.07784e-10
5.27636e-10
1.38599e-09
3.56633e-09
8.82123e-09
2.16275e-08
4.74781e-08
1.01584e-07
2.28569e-07
4.95125e-07
1.0136e-06
1.96154e-06
3.43763e-06
6.0096e-06
1.02943e-05
1.68229e-05
2.59067e-05
3.79058e-05
5.19585e-05
6.83672e-05
8.63439e-05
0.00010487
0.000122991
0.00013995
0.00015485
0.000167017
0.000176057
0.000181621
0.000182773
0.000177917
0.000164864
0.000142464
0.000112569
8.33361e-05
5.87486e-05
4.06402e-05
2.94229e-05
2.32532e-05
1.92366e-05
1.51014e-05
1.09492e-05
6.33389e-06
3.44595e-06
1.85644e-06
9.83493e-07
5.10072e-07
2.53845e-07
1.26489e-07
6.56274e-08
4.58333e-08
5.22938e-08
6.96156e-08
6.52629e-08
4.5748e-08
2.82064e-08
1.51625e-08
4.42842e-09
8.98009e-32
4.67005e-31
1.66284e-30
5.46224e-30
1.76508e-29
5.72478e-29
1.87394e-28
6.18555e-28
2.05085e-27
6.99214e-27
2.36243e-26
8.047e-26
2.76994e-25
9.42263e-25
3.24552e-24
1.09823e-23
3.70011e-23
1.26002e-22
4.21847e-22
1.40214e-21
4.63153e-21
1.5114e-20
4.89605e-20
1.57383e-19
5.0243e-19
1.58903e-18
4.98391e-18
1.5682e-17
4.83138e-17
1.47281e-16
4.45198e-16
1.36487e-15
4.0213e-15
1.18085e-14
3.40769e-14
9.69699e-14
2.70856e-13
7.38903e-13
2.05413e-12
5.53894e-12
1.45875e-11
3.77178e-11
9.5263e-11
2.43416e-10
6.1277e-10
1.59377e-09
4.01534e-09
1.00277e-08
2.27144e-08
4.91768e-08
1.12789e-07
2.5071e-07
5.44007e-07
1.12543e-06
2.0275e-06
3.5479e-06
6.18134e-06
1.05005e-05
1.70374e-05
2.61519e-05
3.81262e-05
5.21325e-05
6.84717e-05
8.63853e-05
0.000104885
0.000123044
0.000140117
0.000155166
0.000167585
0.000176961
0.000182896
0.000184372
0.000179945
0.000167358
0.000145037
0.000114697
8.48855e-05
5.98088e-05
4.12938e-05
2.98026e-05
2.34622e-05
1.92864e-05
1.50154e-05
1.07814e-05
6.07916e-06
3.30319e-06
1.77668e-06
9.39387e-07
4.86013e-07
2.41496e-07
1.20405e-07
6.33874e-08
4.60419e-08
5.4475e-08
7.193e-08
6.55862e-08
4.55775e-08
2.80581e-08
1.50813e-08
4.40086e-09
1.51513e-31
8.13834e-31
2.95879e-30
9.96181e-30
3.29121e-29
1.08401e-28
3.57315e-28
1.18058e-27
3.90805e-27
1.29673e-26
4.29506e-26
1.41911e-25
4.78129e-25
1.58485e-24
5.24492e-24
1.75212e-23
5.78906e-23
1.90954e-22
6.29207e-22
2.04856e-21
6.73124e-21
2.15948e-20
6.86607e-20
2.16865e-19
6.8568e-19
2.17041e-18
6.70982e-18
2.04915e-17
6.33417e-17
1.90201e-16
5.6326e-16
1.73865e-15
5.04887e-15
1.45696e-14
4.11108e-14
1.17508e-13
3.22428e-13
8.63455e-13
2.43339e-12
6.70785e-12
1.72401e-11
4.35816e-11
1.10193e-10
2.77275e-10
7.05877e-10
1.78281e-09
4.58681e-09
1.05748e-08
2.36668e-08
5.40106e-08
1.22912e-07
2.72586e-07
5.79535e-07
1.18582e-06
2.12219e-06
3.67226e-06
6.32131e-06
1.07011e-05
1.72424e-05
2.63471e-05
3.82899e-05
5.22382e-05
6.85151e-05
8.63812e-05
0.000104868
0.000123065
0.000140253
0.000155482
0.000168141
0.000177721
0.000183897
0.000185684
0.000181591
0.000169151
0.000146894
0.000116376
8.61521e-05
6.06653e-05
4.18322e-05
3.01301e-05
2.36462e-05
1.9342e-05
1.4971e-05
1.06869e-05
5.9378e-06
3.22123e-06
1.72928e-06
9.12263e-07
4.7073e-07
2.33651e-07
1.16501e-07
6.20968e-08
4.64908e-08
5.63767e-08
7.37792e-08
6.59468e-08
4.55538e-08
2.80143e-08
1.50604e-08
4.3912e-09
2.42827e-31
1.2744e-30
4.68024e-30
1.56582e-29
5.11651e-29
1.6962e-28
5.54577e-28
1.82053e-27
5.98928e-27
1.97115e-26
6.49292e-26
2.1396e-25
7.04642e-25
2.31713e-24
7.62364e-24
2.511e-23
8.26307e-23
2.69319e-22
8.75308e-22
2.85517e-21
9.18137e-21
2.92572e-20
9.13991e-20
2.93104e-19
9.08021e-19
2.79751e-18
8.58461e-18
2.54443e-17
7.97877e-17
2.40485e-16
7.12795e-16
2.09377e-15
6.12149e-15
1.76288e-14
4.95968e-14
1.40121e-13
3.91925e-13
1.03987e-12
2.91221e-12
7.71669e-12
1.98891e-11
5.05465e-11
1.25691e-10
3.13799e-10
7.80437e-10
1.9819e-09
4.87198e-09
1.07271e-08
2.53545e-08
5.83568e-08
1.3096e-07
2.86965e-07
6.0497e-07
1.22792e-06
2.18606e-06
3.76802e-06
6.43724e-06
1.08346e-05
1.73963e-05
2.64916e-05
3.83928e-05
5.22947e-05
6.85161e-05
8.63398e-05
0.000104812
0.000123036
0.000140302
0.000155663
0.000168512
0.00017831
0.000184716
0.000186762
0.00018292
0.000170733
0.000148565
0.000117854
8.73303e-05
6.14859e-05
4.23543e-05
3.04409e-05
2.38223e-05
1.94089e-05
1.49601e-05
1.06406e-05
5.86596e-06
3.17827e-06
1.70362e-06
8.97097e-07
4.6192e-07
2.29092e-07
1.14226e-07
6.14641e-08
4.70362e-08
5.79809e-08
7.53031e-08
6.63617e-08
4.5652e-08
2.80562e-08
1.50848e-08
4.3957e-09
3.50151e-31
1.84616e-30
6.74258e-30
2.27564e-29
7.51772e-29
2.46975e-28
8.10171e-28
2.65735e-27
8.71579e-27
2.85787e-26
9.3609e-26
3.06625e-25
1.00508e-24
3.29111e-24
1.07266e-23
3.49347e-23
1.13637e-22
3.67769e-22
1.18564e-21
3.8095e-21
1.21772e-20
3.85717e-20
1.21288e-19
3.78282e-19
1.1712e-18
3.60112e-18
1.09618e-17
3.28459e-17
9.71173e-17
2.87537e-16
8.60414e-16
2.55376e-15
7.37735e-15
2.10026e-14
5.83701e-14
1.62931e-13
4.51732e-13
1.18683e-12
3.26744e-12
8.77853e-12
2.2514e-11
5.64185e-11
1.42085e-10
3.50438e-10
8.73942e-10
2.19465e-09
5.06471e-09
1.16183e-08
2.72901e-08
6.23777e-08
1.39797e-07
3.02363e-07
6.30519e-07
1.26821e-06
2.24377e-06
3.8441e-06
6.53207e-06
1.09447e-05
1.75055e-05
2.65784e-05
3.84323e-05
5.22814e-05
6.84454e-05
8.62385e-05
0.000104697
0.000122933
0.000140286
0.000155774
0.000168794
0.000178801
0.000185414
0.000187694
0.00018413
0.000172186
0.000150134
0.000119277
8.84424e-05
6.22813e-05
4.28671e-05
3.07411e-05
2.39925e-05
1.94862e-05
1.4975e-05
1.06267e-05
5.83525e-06
3.15895e-06
1.69151e-06
8.89606e-07
4.57387e-07
2.26721e-07
1.13048e-07
6.12415e-08
4.75779e-08
5.92714e-08
7.65425e-08
6.68163e-08
4.58414e-08
2.81615e-08
1.51429e-08
4.4108e-09
4.612e-31
2.44162e-30
8.9503e-30
3.02533e-29
1.00094e-28
3.28775e-28
1.07663e-27
3.5228e-27
1.15261e-26
3.78433e-26
1.23543e-25
4.02515e-25
1.3103e-24
4.27937e-24
1.38687e-23
4.48525e-23
1.44945e-22
4.66063e-22
1.49053e-21
4.81497e-21
1.52774e-20
4.76895e-20
1.51161e-19
4.66896e-19
1.43925e-18
4.4349e-18
1.34661e-17
4.05071e-17
1.20407e-16
3.52046e-16
1.02932e-15
3.01167e-15
8.63573e-15
2.44935e-14
6.85211e-14
1.88488e-13
5.14465e-13
1.34002e-12
3.66555e-12
9.70641e-12
2.49842e-11
6.30489e-11
1.5703e-10
3.89578e-10
9.24576e-10
2.154e-09
5.29578e-09
1.25913e-08
2.92296e-08
6.66426e-08
1.4718e-07
3.15079e-07
6.51614e-07
1.30112e-06
2.28723e-06
3.90049e-06
6.60157e-06
1.10201e-05
1.75707e-05
2.66067e-05
3.84004e-05
5.21736e-05
6.82714e-05
8.60005e-05
0.000104452
0.000122747
0.000140169
0.000155813
0.000169022
0.000179231
0.000186099
0.000188617
0.000185258
0.000173541
0.000151611
0.00012065
8.95394e-05
6.30787e-05
4.3389e-05
3.10411e-05
2.41614e-05
1.95737e-05
1.501e-05
1.06353e-05
5.8296e-06
3.15422e-06
1.68789e-06
8.87019e-07
4.55642e-07
2.25775e-07
1.12586e-07
6.12633e-08
4.80604e-08
6.02722e-08
7.75584e-08
6.73064e-08
4.61006e-08
2.83143e-08
1.52261e-08
4.43381e-09
5.53136e-31
3.09292e-30
1.11847e-29
3.76379e-29
1.25718e-28
4.12796e-28
1.35594e-27
4.44054e-27
1.4515e-26
4.73635e-26
1.54511e-25
5.04928e-25
1.6388e-24
5.31606e-24
1.72173e-23
5.51209e-23
1.81823e-22
5.81161e-22
1.85311e-21
5.87132e-21
1.84219e-20
5.85568e-20
1.82124e-19
5.62914e-19
1.72592e-18
5.2603e-18
1.59125e-17
4.76216e-17
1.43215e-16
4.22847e-16
1.23015e-15
3.52233e-15
9.96941e-15
2.79764e-14
7.72173e-14
2.10202e-13
5.64962e-13
1.47883e-12
4.09385e-12
1.06536e-11
2.68922e-11
6.75745e-11
1.67469e-10
4.01495e-10
9.42079e-10
2.35179e-09
5.69672e-09
1.34651e-08
3.12686e-08
7.04709e-08
1.54347e-07
3.27757e-07
6.71518e-07
1.32277e-06
2.31775e-06
3.94547e-06
6.65011e-06
1.1064e-05
1.7592e-05
2.65877e-05
3.83224e-05
5.2023e-05
6.80213e-05
8.56965e-05
0.000104128
0.000122442
0.000139953
0.000155737
0.000169111
0.000179514
0.000186563
0.000189314
0.000186228
0.000174818
0.000153164
0.000122157
9.07685e-05
6.39694e-05
4.39539e-05
3.13539e-05
2.43338e-05
1.96707e-05
1.50605e-05
1.06598e-05
5.84024e-06
3.159e-06
1.68986e-06
8.87685e-07
4.55771e-07
2.2578e-07
1.12601e-07
6.14326e-08
4.84696e-08
6.10258e-08
7.83955e-08
6.78199e-08
4.64107e-08
2.85014e-08
1.53273e-08
4.46257e-09
6.67654e-31
3.70641e-30
1.3466e-29
4.55115e-29
1.50586e-28
4.94653e-28
1.62079e-27
5.30167e-27
1.7296e-26
5.6459e-26
1.8636e-25
6.06119e-25
1.96636e-24
6.39886e-24
2.0743e-23
6.67237e-23
2.16651e-22
6.89983e-22
2.18771e-21
6.93357e-21
2.15842e-20
6.85058e-20
2.12255e-19
6.5315e-19
1.97815e-18
6.07492e-18
1.81957e-17
5.439e-17
1.62852e-16
4.80236e-16
1.39396e-15
3.98401e-15
1.1203e-14
3.14956e-14
8.61732e-14
2.33437e-13
6.24724e-13
1.63396e-12
4.4697e-12
1.1487e-11
2.88256e-11
7.13287e-11
1.73024e-10
4.12008e-10
1.02407e-09
2.52776e-09
6.10758e-09
1.44532e-08
3.33012e-08
7.47627e-08
1.63369e-07
3.46487e-07
7.13875e-07
1.32881e-06
2.34071e-06
3.97778e-06
6.67878e-06
1.10792e-05
1.75746e-05
2.65061e-05
3.81527e-05
5.17665e-05
6.7732e-05
8.5348e-05
0.000103761
0.000122098
0.000139682
0.000155577
0.000169114
0.000179685
0.000186919
0.000189889
0.000187095
0.000175977
0.000154494
0.000123433
9.18447e-05
6.47662e-05
4.44836e-05
3.16505e-05
2.44985e-05
1.97706e-05
1.51208e-05
1.06953e-05
5.86273e-06
3.17054e-06
1.69572e-06
8.9061e-07
4.5721e-07
2.26448e-07
1.12947e-07
6.16969e-08
4.8811e-08
6.15865e-08
7.91013e-08
6.83521e-08
4.67574e-08
2.87127e-08
1.54411e-08
4.49535e-09
8.01265e-31
4.26855e-30
1.5597e-29
5.26783e-29
1.74074e-28
5.71377e-28
1.87296e-27
6.14121e-27
2.00867e-26
6.60963e-26
2.16243e-25
7.04702e-25
2.28795e-24
7.44809e-24
2.42051e-23
7.79172e-23
2.49751e-22
7.97789e-22
2.53238e-21
7.99236e-21
2.50509e-20
7.79041e-20
2.42271e-19
7.433e-19
2.26339e-18
6.82962e-18
2.04775e-17
6.03043e-17
1.81124e-16
5.28215e-16
1.49547e-15
4.39219e-15
1.24093e-14
3.4216e-14
9.61553e-14
2.57314e-13
6.77874e-13
1.76836e-12
4.71679e-12
1.23659e-11
3.07389e-11
7.55302e-11
1.82535e-10
4.40807e-10
1.09338e-09
2.68738e-09
6.47419e-09
1.52615e-08
3.50153e-08
7.82558e-08
1.70273e-07
3.59614e-07
7.35595e-07
1.32904e-06
2.36098e-06
4.00433e-06
6.69512e-06
1.10759e-05
1.7535e-05
2.642e-05
3.79917e-05
5.15265e-05
6.73805e-05
8.49557e-05
0.000103357
0.000121721
0.000139379
0.000155372
0.000169061
0.000179806
0.000187161
0.000190352
0.000187797
0.000176947
0.000155693
0.000124673
9.28783e-05
6.55627e-05
4.50123e-05
3.19442e-05
2.46593e-05
1.98719e-05
1.51878e-05
1.07388e-05
5.89443e-06
3.18763e-06
1.70488e-06
8.95437e-07
4.59686e-07
2.27622e-07
1.13539e-07
6.2035e-08
4.91064e-08
6.20082e-08
7.9714e-08
6.88932e-08
4.71248e-08
2.89373e-08
1.55618e-08
4.53043e-09
8.80053e-31
4.79033e-30
1.75718e-29
5.92827e-29
1.95943e-28
6.43846e-28
2.11319e-27
6.93318e-27
2.27966e-26
7.48255e-26
2.44837e-25
7.98111e-25
2.58968e-24
8.45092e-24
2.7217e-23
8.70947e-23
2.73275e-22
9.03303e-22
2.84851e-21
8.99542e-21
2.81784e-20
8.76775e-20
2.70886e-19
8.19524e-19
2.53442e-18
7.57378e-18
2.24574e-17
6.61649e-17
1.9512e-16
5.84492e-16
1.66676e-15
4.81448e-15
1.35068e-14
3.77972e-14
1.02911e-13
2.74895e-13
7.20248e-13
1.87198e-12
4.98155e-12
1.31211e-11
3.27259e-11
8.0658e-11
1.92914e-10
4.74621e-10
1.15149e-09
2.82406e-09
6.78602e-09
1.58701e-08
3.61677e-08
8.0326e-08
1.73697e-07
3.64665e-07
7.411e-07
1.32849e-06
2.38371e-06
4.02445e-06
6.69977e-06
1.10552e-05
1.74731e-05
2.62992e-05
3.782e-05
5.12763e-05
6.7044e-05
8.45539e-05
0.000102931
0.000121312
0.000139041
0.000155121
0.000168943
0.000179844
0.000187364
0.000190732
0.000188417
0.000177863
0.000156893
0.000125915
9.39461e-05
6.63581e-05
4.55359e-05
3.22336e-05
2.48212e-05
1.99789e-05
1.52629e-05
1.07894e-05
5.93405e-06
3.20899e-06
1.71639e-06
9.01593e-07
4.62953e-07
2.29202e-07
1.14333e-07
6.24255e-08
4.93632e-08
6.23232e-08
8.02495e-08
6.94488e-08
4.75202e-08
2.91817e-08
1.56931e-08
4.56867e-09
9.40511e-31
5.38345e-30
1.96117e-29
6.61615e-29
2.1903e-28
7.21789e-28
2.37521e-27
7.78885e-27
2.5494e-26
8.33151e-26
2.71596e-25
8.81716e-25
2.89591e-24
9.25105e-24
2.98859e-23
9.66454e-23
3.12237e-22
9.91789e-22
3.13674e-21
9.83592e-21
3.05575e-20
9.33484e-20
2.96619e-19
9.01937e-19
2.7326e-18
8.18965e-18
2.46471e-17
7.26258e-17
2.13625e-16
6.2108e-16
1.7703e-15
5.16488e-15
1.42642e-14
4.00507e-14
1.08395e-13
2.89917e-13
7.61796e-13
1.94244e-12
5.25289e-12
1.38622e-11
3.41255e-11
8.35159e-11
2.028e-10
5.00112e-10
1.20175e-09
2.94099e-09
7.01339e-09
1.63089e-08
3.6981e-08
8.17349e-08
1.75894e-07
3.67829e-07
7.43668e-07
1.32724e-06
2.40004e-06
4.03871e-06
6.69773e-06
1.10294e-05
1.74117e-05
2.61758e-05
3.76116e-05
5.09914e-05
6.67137e-05
8.41607e-05
0.000102517
0.00012091
0.000138689
0.000154875
0.000168801
0.000179842
0.000187516
0.000191063
0.000188956
0.000178659
0.00015794
0.000127061
9.49372e-05
6.71145e-05
4.60517e-05
3.25215e-05
2.4979e-05
2.00837e-05
1.53394e-05
1.08436e-05
5.97914e-06
3.23327e-06
1.72947e-06
9.0859e-07
4.66655e-07
2.30991e-07
1.15223e-07
6.28446e-08
4.95945e-08
6.25638e-08
8.07228e-08
6.99823e-08
4.79037e-08
2.94177e-08
1.58195e-08
4.60561e-09
1.10466e-30
5.84309e-30
2.13704e-29
7.22671e-29
2.39054e-28
7.86638e-28
2.59769e-27
8.49159e-27
2.76252e-26
8.92647e-26
2.94639e-25
9.72821e-25
3.13786e-24
1.00235e-23
3.30233e-23
1.05192e-22
3.33846e-22
1.0746e-21
3.38083e-21
1.04859e-20
3.34979e-20
1.03486e-19
3.18747e-19
9.67428e-19
2.95352e-18
8.80533e-18
2.62415e-17
7.70586e-17
2.25195e-16
6.62742e-16
1.90939e-15
5.43876e-15
1.50183e-14
4.19778e-14
1.12167e-13
2.9664e-13
7.98679e-13
2.02857e-12
5.44328e-12
1.41304e-11
3.61333e-11
8.81258e-11
2.14406e-10
5.11463e-10
1.24229e-09
3.02493e-09
7.18482e-09
1.66447e-08
3.76081e-08
8.28386e-08
1.77645e-07
3.69847e-07
7.45083e-07
1.32591e-06
2.41032e-06
4.04599e-06
6.687e-06
1.09935e-05
1.73345e-05
2.60532e-05
3.74208e-05
5.07253e-05
6.63741e-05
8.37873e-05
0.000102122
0.000120523
0.000138347
0.000154607
0.000168633
0.000179804
0.000187617
0.000191321
0.000189414
0.000179368
0.00015887
0.000128092
9.5839e-05
6.78158e-05
4.65221e-05
3.27821e-05
2.51219e-05
2.01798e-05
1.54118e-05
1.08964e-05
6.02567e-06
3.25835e-06
1.743e-06
9.15829e-07
4.70485e-07
2.32843e-07
1.16135e-07
6.3256e-08
4.97913e-08
6.27349e-08
8.11084e-08
7.0457e-08
4.82513e-08
2.96325e-08
1.59345e-08
4.63935e-09
1.18657e-30
6.28194e-30
2.29879e-29
7.77936e-29
2.58115e-28
8.49127e-28
2.78721e-27
9.1339e-27
2.98556e-26
9.72173e-26
3.16615e-25
1.03373e-24
3.35477e-24
1.08683e-23
3.51282e-23
1.12728e-22
3.58137e-22
1.14563e-21
3.60105e-21
1.1287e-20
3.54307e-20
1.09811e-19
3.38388e-19
1.03299e-18
3.11419e-18
9.28494e-18
2.76835e-17
8.09761e-17
2.34148e-16
6.90197e-16
1.96844e-15
5.61967e-15
1.57744e-14
4.33724e-14
1.175e-13
3.14903e-13
8.29561e-13
2.1898e-12
5.71329e-12
1.5016e-11
3.71836e-11
8.95906e-11
2.18626e-10
5.22102e-10
1.27371e-09
3.08988e-09
7.31473e-09
1.68922e-08
3.8051e-08
8.35618e-08
1.78738e-07
3.71169e-07
7.45926e-07
1.32445e-06
2.41684e-06
4.04926e-06
6.67342e-06
1.0954e-05
1.72598e-05
2.59282e-05
3.72435e-05
5.04938e-05
6.60911e-05
8.3475e-05
0.000101783
0.000120186
0.000138047
0.00015437
0.000168471
0.000179748
0.000187675
0.000191514
0.000189774
0.000179933
0.000159633
0.000128952
9.65954e-05
6.84015e-05
4.69188e-05
3.30029e-05
2.52433e-05
2.02621e-05
1.54758e-05
1.09445e-05
6.07012e-06
3.2823e-06
1.75591e-06
9.22729e-07
4.74132e-07
2.34611e-07
1.17011e-07
6.36417e-08
4.99611e-08
6.28623e-08
8.14245e-08
7.0866e-08
4.85524e-08
2.98183e-08
1.60339e-08
4.66851e-09
1.16566e-30
6.62136e-30
2.41586e-29
8.1699e-29
2.70545e-28
8.91167e-28
2.93182e-27
9.62583e-27
3.14555e-26
1.02379e-25
3.34994e-25
1.08732e-24
3.5244e-24
1.14072e-23
3.68124e-23
1.18353e-22
3.80797e-22
1.20844e-21
3.80644e-21
1.19233e-20
3.73515e-20
1.15002e-19
3.55656e-19
1.08093e-18
3.26062e-18
9.74254e-18
2.8807e-17
8.41016e-17
2.44907e-16
7.17201e-16
2.05086e-15
5.89401e-15
1.63866e-14
4.49601e-14
1.21709e-13
3.27189e-13
8.65682e-13
2.25478e-12
5.84097e-12
1.51417e-11
3.77091e-11
9.19119e-11
2.18762e-10
5.28525e-10
1.29882e-09
3.13984e-09
7.41336e-09
1.70803e-08
3.83889e-08
8.41174e-08
1.79555e-07
3.72106e-07
7.46419e-07
1.32328e-06
2.42055e-06
4.04977e-06
6.66006e-06
1.09224e-05
1.72027e-05
2.58372e-05
3.71125e-05
5.0307e-05
6.5851e-05
8.31904e-05
0.000101488
0.000119897
0.000137788
0.000154158
0.000168321
0.000179683
0.0001877
0.000191642
0.000190031
0.000180355
0.000160216
0.00012962
9.71868e-05
6.88614e-05
4.72317e-05
3.31777e-05
2.53395e-05
2.03279e-05
1.5528e-05
1.09847e-05
6.10873e-06
3.30307e-06
1.76708e-06
9.28694e-07
4.7728e-07
2.36134e-07
1.1776e-07
6.39681e-08
5.00973e-08
6.29505e-08
8.16605e-08
7.1189e-08
4.87929e-08
2.9967e-08
1.61134e-08
4.69187e-09
1.27336e-30
6.76463e-30
2.47459e-29
8.45706e-29
2.79652e-28
9.1991e-28
3.02121e-27
9.91932e-27
3.25213e-26
1.06232e-25
3.46159e-25
1.12578e-24
3.6577e-24
1.18811e-23
3.85063e-23
1.23759e-22
3.95514e-22
1.25663e-21
3.96651e-21
1.24314e-20
3.8673e-20
1.19314e-19
3.65163e-19
1.10433e-18
3.36705e-18
1.00584e-17
2.98808e-17
8.75303e-17
2.57865e-16
7.40583e-16
2.10708e-15
5.92678e-15
1.67342e-14
4.58227e-14
1.25468e-13
3.37424e-13
8.85129e-13
2.26783e-12
5.91067e-12
1.52345e-11
3.78389e-11
9.184e-11
2.209e-10
5.34466e-10
1.31669e-09
3.17562e-09
7.48355e-09
1.72139e-08
3.86307e-08
8.45286e-08
1.80136e-07
3.72806e-07
7.46794e-07
1.32249e-06
2.42273e-06
4.0496e-06
6.6501e-06
1.08987e-05
1.71596e-05
2.57686e-05
3.7014e-05
5.0174e-05
6.56839e-05
8.29982e-05
0.000101285
0.000119695
0.000137604
0.000154008
0.000168207
0.000179629
0.00018771
0.000191724
0.000190205
0.000180641
0.000160616
0.000130083
9.75995e-05
6.91834e-05
4.74516e-05
3.33008e-05
2.54076e-05
2.0375e-05
1.55658e-05
1.10144e-05
6.13798e-06
3.31877e-06
1.77551e-06
9.33183e-07
4.79644e-07
2.3728e-07
1.18322e-07
6.42108e-08
5.01958e-08
6.30096e-08
8.18245e-08
7.14178e-08
4.89637e-08
3.00725e-08
1.61698e-08
4.70842e-09
1.29295e-30
6.97927e-30
2.54429e-29
8.60162e-29
2.85266e-28
9.42053e-28
3.0974e-27
1.01707e-26
3.33666e-26
1.09261e-25
3.56677e-25
1.161e-24
3.76823e-24
1.22016e-23
3.94516e-23
1.26654e-22
4.0429e-22
1.28327e-21
4.03308e-21
1.25868e-20
3.91558e-20
1.20798e-19
3.73212e-19
1.12881e-18
3.43214e-18
1.02216e-17
3.03671e-17
8.98794e-17
2.61777e-16
7.5503e-16
2.15291e-15
6.16578e-15
1.70172e-14
4.65633e-14
1.27325e-13
3.37703e-13
8.94722e-13
2.30016e-12
6.14507e-12
1.56832e-11
3.83355e-11
9.32582e-11
2.20907e-10
5.43232e-10
1.3262e-09
3.1973e-09
7.52956e-09
1.73024e-08
3.87887e-08
8.47879e-08
1.80511e-07
3.73256e-07
7.47125e-07
1.32222e-06
2.42435e-06
4.05004e-06
6.64544e-06
1.0887e-05
1.71373e-05
2.57318e-05
3.69593e-05
5.01018e-05
6.55948e-05
8.28955e-05
0.000101175
0.000119584
0.000137503
0.000153921
0.000168141
0.000179593
0.000187707
0.000191759
0.000190289
0.000180786
0.000160823
0.000130325
9.78164e-05
6.93532e-05
4.7568e-05
3.33662e-05
2.54438e-05
2.04002e-05
1.55866e-05
1.10309e-05
6.15452e-06
3.32765e-06
1.78028e-06
9.35718e-07
4.80974e-07
2.37924e-07
1.18637e-07
6.43456e-08
5.02483e-08
6.30396e-08
8.19099e-08
7.154e-08
4.90553e-08
3.01292e-08
1.62001e-08
4.71734e-09
1.27766e-30
6.96411e-30
2.59014e-29
8.726e-29
2.8895e-28
9.50866e-28
3.12241e-27
1.0251e-26
3.36682e-26
1.10817e-25
3.61782e-25
1.1769e-24
3.80347e-24
1.21368e-23
4.02306e-23
1.28545e-22
4.09702e-22
1.29897e-21
4.09584e-21
1.27987e-20
4.00916e-20
1.23809e-19
3.7963e-19
1.1518e-18
3.44938e-18
1.04258e-17
3.08424e-17
9.09736e-17
2.67686e-16
7.75886e-16
2.2066e-15
6.17156e-15
1.73659e-14
4.80754e-14
1.29536e-13
3.43212e-13
9.08469e-13
2.3112e-12
6.19093e-12
1.55857e-11
3.89381e-11
9.40822e-11
2.25436e-10
5.43984e-10
1.33173e-09
3.21046e-09
7.55667e-09
1.73552e-08
3.88865e-08
8.4958e-08
1.80785e-07
3.73636e-07
7.47546e-07
1.32247e-06
2.42616e-06
4.05169e-06
6.64576e-06
1.08852e-05
1.71325e-05
2.57229e-05
3.69454e-05
5.00826e-05
6.5571e-05
8.28683e-05
0.000101145
0.000119555
0.000137475
0.000153897
0.00016812
0.000179578
0.000187698
0.000191757
0.000190295
0.000180803
0.000160851
0.00013036
9.78478e-05
6.93781e-05
4.75851e-05
3.33758e-05
2.54492e-05
2.0404e-05
1.55898e-05
1.10334e-05
6.15708e-06
3.32902e-06
1.781e-06
9.36099e-07
4.81172e-07
2.38017e-07
1.18682e-07
6.43661e-08
5.0258e-08
6.3048e-08
8.19282e-08
7.15601e-08
4.90691e-08
3.01374e-08
1.62044e-08
4.71857e-09
1.27598e-30
7.09678e-30
2.59649e-29
8.78254e-29
2.91289e-28
9.60478e-28
3.1597e-27
1.03774e-26
3.40225e-26
1.11304e-25
3.63282e-25
1.18266e-24
3.83421e-24
1.23504e-23
4.0373e-23
1.29213e-22
4.11025e-22
1.29229e-21
4.1377e-21
1.29258e-20
4.04078e-20
1.24982e-19
3.83961e-19
1.17027e-18
3.5257e-18
1.05023e-17
3.07013e-17
9.26676e-17
2.69228e-16
7.78347e-16
2.22782e-15
6.27782e-15
1.75946e-14
4.81169e-14
1.30747e-13
3.45712e-13
9.14426e-13
2.33885e-12
6.22498e-12
1.56765e-11
3.91365e-11
9.3274e-11
2.28085e-10
5.45576e-10
1.33161e-09
3.21564e-09
7.56755e-09
1.73779e-08
3.8934e-08
8.50553e-08
1.80979e-07
3.74006e-07
7.48219e-07
1.32356e-06
2.42868e-06
4.05566e-06
6.65373e-06
1.08982e-05
1.71519e-05
2.57506e-05
3.69829e-05
5.01309e-05
6.56297e-05
8.29344e-05
0.000101215
0.000119622
0.000137535
0.000153943
0.000168151
0.000179588
0.000187685
0.000191717
0.000190222
0.000180687
0.000160692
0.000130179
9.76865e-05
6.92524e-05
4.74992e-05
3.33279e-05
2.54227e-05
2.03857e-05
1.55747e-05
1.10214e-05
6.14495e-06
3.3225e-06
1.77749e-06
9.34225e-07
4.80182e-07
2.37539e-07
1.18447e-07
6.42663e-08
5.02221e-08
6.30319e-08
8.18678e-08
7.14694e-08
4.90008e-08
3.0095e-08
1.61817e-08
4.7119e-09
1.29058e-30
7.0403e-30
2.56368e-29
8.6857e-29
2.88574e-28
9.53156e-28
3.13886e-27
1.03092e-26
3.37631e-26
1.10225e-25
3.58609e-25
1.16309e-24
3.76608e-24
1.21944e-23
3.94333e-23
1.26438e-22
4.01127e-22
1.27683e-21
4.06275e-21
1.27173e-20
3.94193e-20
1.23473e-19
3.77972e-19
1.16129e-18
3.48861e-18
1.03677e-17
3.06062e-17
9.11639e-17
2.64945e-16
7.65831e-16
2.18351e-15
6.14014e-15
1.75326e-14
4.76245e-14
1.25892e-13
3.37812e-13
8.968e-13
2.26732e-12
5.99299e-12
1.57917e-11
3.81071e-11
9.40613e-11
2.22229e-10
5.46906e-10
1.33096e-09
3.21082e-09
7.55883e-09
1.73655e-08
3.8923e-08
8.50667e-08
1.81074e-07
3.74331e-07
7.49092e-07
1.32548e-06
2.43206e-06
4.06219e-06
6.66964e-06
1.0926e-05
1.71954e-05
2.58139e-05
3.70702e-05
5.02445e-05
6.57677e-05
8.30904e-05
0.000101378
0.000119782
0.000137678
0.000154058
0.000168232
0.000179621
0.000187667
0.000191641
0.000190073
0.000180443
0.000160353
0.000129788
9.73392e-05
6.89815e-05
4.73143e-05
3.32246e-05
2.53658e-05
2.03462e-05
1.55424e-05
1.09958e-05
6.11928e-06
3.30869e-06
1.77007e-06
9.30264e-07
4.78093e-07
2.36525e-07
1.17951e-07
6.40549e-08
5.01424e-08
6.29954e-08
8.17426e-08
7.12771e-08
4.88547e-08
3.00043e-08
1.61331e-08
4.6976e-09
1.30754e-30
6.90442e-30
2.5217e-29
8.42248e-29
2.8479e-28
9.34197e-28
3.06964e-27
1.00721e-26
3.29785e-26
1.07762e-25
3.51376e-25
1.14277e-24
3.70578e-24
1.19854e-23
3.85884e-23
1.23353e-22
3.97774e-22
1.26004e-21
3.97484e-21
1.24713e-20
3.89756e-20
1.21413e-19
3.73085e-19
1.13535e-18
3.42257e-18
1.02218e-17
3.02554e-17
8.89761e-17
2.62236e-16
7.5721e-16
2.1638e-15
6.08355e-15
1.71107e-14
4.68704e-14
1.27209e-13
3.40314e-13
8.91308e-13
2.26879e-12
6.0194e-12
1.56483e-11
3.8369e-11
9.22564e-11
2.20932e-10
5.46261e-10
1.32433e-09
3.19615e-09
7.5325e-09
1.73222e-08
3.88627e-08
8.50105e-08
1.81109e-07
3.74693e-07
7.50332e-07
1.32846e-06
2.43672e-06
4.07194e-06
6.69473e-06
1.0971e-05
1.72667e-05
2.59187e-05
3.7214e-05
5.04309e-05
6.5993e-05
8.33421e-05
0.00010164
0.000120037
0.000137904
0.000154241
0.000168361
0.000179675
0.000187643
0.000191526
0.000189842
0.000180071
0.000159838
0.000129198
9.68148e-05
6.85731e-05
4.7036e-05
3.30695e-05
2.52803e-05
2.02868e-05
1.54944e-05
1.09583e-05
6.08247e-06
3.28888e-06
1.7594e-06
9.24561e-07
4.7508e-07
2.35065e-07
1.17234e-07
6.37491e-08
5.00279e-08
6.29378e-08
8.15468e-08
7.09874e-08
4.8636e-08
2.98686e-08
1.60605e-08
4.67623e-09
1.22453e-30
6.68187e-30
2.44239e-29
8.28673e-29
2.73871e-28
8.99597e-28
2.95812e-27
9.7467e-27
3.19006e-26
1.04147e-25
3.39176e-25
1.10222e-24
3.57859e-24
1.16408e-23
3.74139e-23
1.19625e-22
3.80782e-22
1.20582e-21
3.80479e-21
1.1992e-20
3.75864e-20
1.14942e-19
3.59714e-19
1.08493e-18
3.33121e-18
9.93753e-18
2.94189e-17
8.63165e-17
2.545e-16
7.40474e-16
2.07916e-15
6.03309e-15
1.66953e-14
4.58342e-14
1.24638e-13
3.31954e-13
8.76798e-13
2.25227e-12
5.83371e-12
1.50425e-11
3.79384e-11
9.1491e-11
2.17254e-10
5.39005e-10
1.31408e-09
3.17333e-09
7.48715e-09
1.724e-08
3.87322e-08
8.48481e-08
1.81017e-07
3.74984e-07
7.51792e-07
1.33235e-06
2.44203e-06
4.08373e-06
6.72664e-06
1.10295e-05
1.73605e-05
2.6058e-05
3.7407e-05
5.06841e-05
6.63054e-05
8.36832e-05
0.000101988
0.000120373
0.0001382
0.000154478
0.000168525
0.000179742
0.000187606
0.000191373
0.00018954
0.000179581
0.000159163
0.000128427
9.61337e-05
6.80437e-05
4.66762e-05
3.28694e-05
2.517e-05
2.02109e-05
1.54338e-05
1.09117e-05
6.03813e-06
3.26498e-06
1.74651e-06
9.17656e-07
4.71421e-07
2.33292e-07
1.1636e-07
6.3374e-08
4.98828e-08
6.28584e-08
8.12873e-08
7.06127e-08
4.83543e-08
2.96939e-08
1.5967e-08
4.6487e-09
1.20185e-30
6.36645e-30
2.33674e-29
7.89999e-29
2.60684e-28
8.5506e-28
2.82326e-27
9.22249e-27
3.01068e-26
9.91509e-26
3.22049e-25
1.04446e-24
3.38326e-24
1.09687e-23
3.56987e-23
1.14307e-22
3.63968e-22
1.15446e-21
3.65954e-21
1.13352e-20
3.60136e-20
1.11007e-19
3.41817e-19
1.04449e-18
3.16851e-18
9.48594e-18
2.83038e-17
8.31904e-17
2.45727e-16
7.06694e-16
2.01152e-15
5.75861e-15
1.60904e-14
4.42685e-14
1.17624e-13
3.19614e-13
8.42372e-13
2.17714e-12
5.71811e-12
1.49958e-11
3.66306e-11
9.1656e-11
2.1805e-10
5.30367e-10
1.29367e-09
3.13614e-09
7.41831e-09
1.71148e-08
3.85274e-08
8.45567e-08
1.80745e-07
3.75115e-07
7.53369e-07
1.337e-06
2.44649e-06
4.09651e-06
6.76367e-06
1.10981e-05
1.74714e-05
2.62222e-05
3.76322e-05
5.09727e-05
6.66462e-05
8.40657e-05
0.00010239
0.000120763
0.000138546
0.000154747
0.000168703
0.000179803
0.000187544
0.000191169
0.000189158
0.000178975
0.000158339
0.000127498
9.53165e-05
6.74112e-05
4.62484e-05
3.26329e-05
2.5041e-05
2.01221e-05
1.5364e-05
1.08591e-05
5.98997e-06
3.23896e-06
1.73243e-06
9.10092e-07
4.67399e-07
2.31343e-07
1.15397e-07
6.29579e-08
4.97177e-08
6.27553e-08
8.09657e-08
7.01644e-08
4.80199e-08
2.9487e-08
1.58562e-08
4.61613e-09
1.13459e-30
6.0011e-30
2.1993e-29
7.4335e-29
2.44952e-28
7.98571e-28
2.6664e-27
8.69482e-27
2.83419e-26
9.21865e-26
2.99045e-25
9.68951e-25
3.15188e-24
1.01883e-23
3.28639e-23
1.06269e-22
3.38047e-22
1.07266e-21
3.40469e-21
1.06702e-20
3.33813e-20
1.03271e-19
3.23396e-19
9.86816e-19
2.99286e-18
8.95281e-18
2.71108e-17
8.01367e-17
2.34627e-16
6.76745e-16
1.97215e-15
5.55538e-15
1.54296e-14
4.25272e-14
1.15491e-13
3.0964e-13
8.22997e-13
2.1246e-12
5.60875e-12
1.47007e-11
3.62522e-11
8.94172e-11
2.15756e-10
5.19136e-10
1.26921e-09
3.08427e-09
7.31737e-09
1.69327e-08
3.82016e-08
8.40844e-08
1.80156e-07
3.74765e-07
7.54316e-07
1.34121e-06
2.4486e-06
4.10627e-06
6.79939e-06
1.11689e-05
1.7589e-05
2.63989e-05
3.78761e-05
5.12858e-05
6.70161e-05
8.44868e-05
0.000102825
0.000121176
0.000138894
0.000155012
0.000168873
0.000179845
0.000187446
0.000190909
0.00018869
0.000178247
0.000157377
0.000126431
9.43863e-05
6.66944e-05
4.57657e-05
3.23665e-05
2.48953e-05
2.00224e-05
1.52872e-05
1.0803e-05
5.94171e-06
3.21277e-06
1.7182e-06
9.02419e-07
4.63303e-07
2.29355e-07
1.1441e-07
6.25259e-08
4.95378e-08
6.26258e-08
8.05907e-08
6.96606e-08
4.76456e-08
2.92553e-08
1.57321e-08
4.57967e-09
1.0501e-30
5.54066e-30
2.02395e-29
6.82515e-29
2.24998e-28
7.46908e-28
2.45065e-27
8.02638e-27
2.62175e-26
8.54189e-26
2.77415e-25
8.96333e-25
2.93576e-24
9.42424e-24
3.05625e-23
9.72183e-23
3.14643e-22
9.97384e-22
3.16782e-21
9.9435e-21
3.11445e-20
9.75371e-20
3.01211e-19
9.21981e-19
2.80473e-18
8.46624e-18
2.53059e-17
7.47703e-17
2.23382e-16
6.44881e-16
1.84639e-15
5.21158e-15
1.47369e-14
4.07043e-14
1.11171e-13
2.97196e-13
7.77198e-13
1.98223e-12
5.3458e-12
1.3927e-11
3.51997e-11
8.62819e-11
2.05419e-10
5.04711e-10
1.23608e-09
3.01563e-09
7.17856e-09
1.6669e-08
3.77463e-08
8.33017e-08
1.79186e-07
3.73907e-07
7.54852e-07
1.34553e-06
2.44786e-06
4.11351e-06
6.83564e-06
1.12413e-05
1.77113e-05
2.65868e-05
3.81408e-05
5.16305e-05
6.74325e-05
8.49471e-05
0.000103298
0.00012163
0.000139292
0.000155298
0.000169044
0.000179867
0.000187316
0.000190603
0.000188165
0.000177456
0.000156304
0.000125274
9.33778e-05
6.5917e-05
4.52427e-05
3.20779e-05
2.4737e-05
1.99154e-05
1.52086e-05
1.07471e-05
5.89539e-06
3.18756e-06
1.70453e-06
8.95042e-07
4.59359e-07
2.27444e-07
1.13453e-07
6.20968e-08
4.93398e-08
6.24536e-08
8.01564e-08
6.91132e-08
4.72436e-08
2.90068e-08
1.55989e-08
4.54059e-09
9.44224e-31
4.9893e-30
1.83061e-29
6.21713e-29
2.05781e-28
6.77095e-28
2.22352e-27
7.29032e-27
2.3852e-26
7.78594e-26
2.53574e-25
8.23694e-25
2.66279e-24
8.56602e-24
2.75227e-23
8.91846e-23
2.86114e-22
9.09787e-22
2.87532e-21
9.02355e-21
2.82533e-20
8.78471e-20
2.72523e-19
8.33042e-19
2.572e-18
7.75118e-18
2.31907e-17
6.9006e-17
2.01275e-16
5.80873e-16
1.69047e-15
4.9076e-15
1.36226e-14
3.87176e-14
1.05062e-13
2.82751e-13
7.51293e-13
1.90308e-12
5.13189e-12
1.34523e-11
3.33274e-11
8.22599e-11
1.95917e-10
4.85843e-10
1.19156e-09
2.91335e-09
6.9839e-09
1.63038e-08
3.70938e-08
8.22225e-08
1.77514e-07
3.72225e-07
7.54806e-07
1.35069e-06
2.44062e-06
4.11461e-06
6.8677e-06
1.13243e-05
1.78626e-05
2.68207e-05
3.84638e-05
5.2038e-05
6.78936e-05
8.54346e-05
0.00010378
0.000122073
0.00013965
0.000155559
0.000169163
0.000179821
0.000187147
0.000190223
0.000187537
0.000176514
0.00015512
0.000124035
9.2302e-05
6.50832e-05
4.46829e-05
3.17697e-05
2.45692e-05
1.9804e-05
1.5129e-05
1.06928e-05
5.85379e-06
3.16515e-06
1.69232e-06
8.88434e-07
4.55819e-07
2.25735e-07
1.12601e-07
6.16933e-08
4.91201e-08
6.22199e-08
7.96574e-08
6.85383e-08
4.68282e-08
2.87505e-08
1.54615e-08
4.50036e-09
8.09855e-31
4.43019e-30
1.61997e-29
5.4793e-29
1.81055e-28
5.95212e-28
1.96088e-27
6.42924e-27
2.10162e-26
6.85582e-26
2.22969e-25
7.21161e-25
2.3212e-24
7.64011e-24
2.45905e-23
7.90142e-23
2.52236e-22
8.0802e-22
2.56717e-21
8.13203e-21
2.54907e-20
7.90889e-20
2.43455e-19
7.49265e-19
2.26438e-18
6.9251e-18
2.08898e-17
6.19735e-17
1.82845e-16
5.26786e-16
1.55982e-15
4.48382e-15
1.29026e-14
3.58182e-14
9.77764e-14
2.70064e-13
7.09538e-13
1.8495e-12
4.91171e-12
1.28004e-11
3.18783e-11
7.89246e-11
1.90314e-10
4.60358e-10
1.13506e-09
2.78947e-09
6.70752e-09
1.57943e-08
3.6175e-08
8.06823e-08
1.75104e-07
3.69076e-07
7.52917e-07
1.35481e-06
2.4242e-06
4.10263e-06
6.87639e-06
1.13595e-05
1.79369e-05
2.69506e-05
3.86566e-05
5.23063e-05
6.82654e-05
8.58641e-05
0.000104225
0.000122491
0.000139994
0.000155795
0.000169249
0.00017975
0.000186922
0.000189807
0.000186876
0.000175545
0.000153847
0.000122735
9.12059e-05
6.42785e-05
4.41545e-05
3.14792e-05
2.44069e-05
1.96963e-05
1.50546e-05
1.06436e-05
5.81813e-06
3.14587e-06
1.68187e-06
8.82817e-07
4.52814e-07
2.24285e-07
1.11867e-07
6.13289e-08
4.88772e-08
6.19107e-08
7.91106e-08
6.79647e-08
4.64188e-08
2.84972e-08
1.53253e-08
4.46068e-09
6.99654e-31
3.86181e-30
1.40662e-29
4.75193e-29
1.5703e-28
5.15382e-28
1.68662e-27
5.51054e-27
1.79861e-26
5.86879e-26
1.91332e-25
6.22356e-25
2.02251e-24
6.59231e-24
2.13195e-23
6.87467e-23
2.21851e-22
6.99965e-22
2.27015e-21
7.14471e-21
2.24238e-20
7.00169e-20
2.17739e-19
6.69646e-19
2.04164e-18
6.18891e-18
1.86632e-17
5.5914e-17
1.66618e-16
4.82421e-16
1.42315e-15
4.12526e-15
1.16824e-14
3.29571e-14
8.91423e-14
2.46587e-13
6.60333e-13
1.71999e-12
4.62184e-12
1.19857e-11
3.01681e-11
7.48076e-11
1.81149e-10
4.29744e-10
1.06877e-09
2.64185e-09
6.39439e-09
1.51333e-08
3.48745e-08
7.8286e-08
1.7107e-07
3.62818e-07
7.45739e-07
1.35672e-06
2.39874e-06
4.07972e-06
6.8694e-06
1.13765e-05
1.7996e-05
2.70679e-05
3.88565e-05
5.26071e-05
6.86507e-05
8.62776e-05
0.000104636
0.000122861
0.000140278
0.000155983
0.00016929
0.000179634
0.000186634
0.000189327
0.000186159
0.000174584
0.000152681
0.000121566
9.02177e-05
6.35132e-05
4.36466e-05
3.11985e-05
2.42529e-05
1.95979e-05
1.49893e-05
1.06017e-05
5.7899e-06
3.13068e-06
1.67376e-06
8.78548e-07
4.50622e-07
2.23251e-07
1.11341e-07
6.10196e-08
4.85954e-08
6.14977e-08
7.85057e-08
6.74295e-08
4.60546e-08
2.82742e-08
1.52054e-08
4.4258e-09
6.03754e-31
3.21123e-30
1.17081e-29
3.93297e-29
1.28297e-28
4.30945e-28
1.40774e-27
4.61212e-27
1.50815e-26
4.92339e-26
1.60443e-25
5.25306e-25
1.71112e-24
5.56699e-24
1.80114e-23
5.76788e-23
1.88684e-22
6.02328e-22
1.91837e-21
6.0445e-21
1.89446e-20
6.01967e-20
1.86006e-19
5.80156e-19
1.75674e-18
5.41175e-18
1.62618e-17
4.82219e-17
1.4631e-16
4.31157e-16
1.26686e-15
3.65183e-15
1.0495e-14
2.93945e-14
8.11082e-14
2.22174e-13
5.96286e-13
1.5869e-12
4.18745e-12
1.10105e-11
2.80231e-11
7.00038e-11
1.75929e-10
4.19733e-10
9.86023e-10
2.46028e-09
5.96258e-09
1.41007e-08
3.27735e-08
7.39409e-08
1.62091e-07
3.43939e-07
7.01147e-07
1.36245e-06
2.3815e-06
4.05045e-06
6.84442e-06
1.13682e-05
1.80221e-05
2.71557e-05
3.9036e-05
5.28594e-05
6.89381e-05
8.66195e-05
0.000104992
0.000123193
0.000140524
0.000156088
0.000169239
0.000179413
0.000186238
0.000188706
0.000185257
0.000173415
0.000151368
0.000120314
8.91797e-05
6.27461e-05
4.3144e-05
3.09192e-05
2.40983e-05
1.95049e-05
1.49347e-05
1.05704e-05
5.77158e-06
3.12126e-06
1.66899e-06
8.76179e-07
4.49466e-07
2.22717e-07
1.1106e-07
6.07831e-08
4.82675e-08
6.09479e-08
7.78238e-08
6.6922e-08
4.57248e-08
2.8073e-08
1.50969e-08
4.39457e-09
4.81206e-31
2.56657e-30
9.38577e-30
3.16688e-29
1.04546e-28
3.43104e-28
1.12295e-27
3.67182e-27
1.19873e-26
3.90845e-26
1.27021e-25
4.22327e-25
1.36431e-24
4.43544e-24
1.44647e-23
4.64286e-23
1.50124e-22
4.88177e-22
1.56016e-21
4.9366e-21
1.571e-20
4.95953e-20
1.56259e-19
4.85814e-19
1.49896e-18
4.58379e-18
1.38822e-17
4.16311e-17
1.23627e-16
3.6079e-16
1.09567e-15
3.17156e-15
9.02198e-15
2.57312e-14
7.1871e-14
1.97134e-13
5.35071e-13
1.44275e-12
3.8595e-12
1.01558e-11
2.60826e-11
6.51827e-11
1.62834e-10
4.08799e-10
9.6659e-10
2.25048e-09
5.53336e-09
1.31509e-08
3.05076e-08
6.95058e-08
1.53315e-07
3.2743e-07
6.74723e-07
1.341e-06
2.35231e-06
4.00658e-06
6.79596e-06
1.13224e-05
1.79952e-05
2.71659e-05
3.90936e-05
5.29741e-05
6.91213e-05
8.68547e-05
0.00010524
0.000123392
0.000140661
0.000156075
0.00016907
0.000179075
0.000185712
0.000187973
0.000184306
0.000172176
0.000149885
0.0001189
8.80454e-05
6.19458e-05
4.2635e-05
3.06362e-05
2.39416e-05
1.94177e-05
1.48909e-05
1.05499e-05
5.7633e-06
3.11775e-06
1.66771e-06
8.75884e-07
4.49536e-07
2.22802e-07
1.11089e-07
6.06324e-08
4.78654e-08
6.02066e-08
7.70278e-08
6.64513e-08
4.54435e-08
2.7903e-08
1.50047e-08
4.36842e-09
3.60319e-31
1.92632e-30
7.02285e-30
2.37315e-29
7.86385e-29
2.58651e-28
8.48217e-28
2.77846e-27
9.0947e-27
2.97674e-26
9.75124e-26
3.1839e-25
1.04147e-24
3.39751e-24
1.11363e-23
3.60894e-23
1.16268e-22
3.83713e-22
1.22811e-21
3.95732e-21
1.26036e-20
3.95824e-20
1.24828e-19
3.89302e-19
1.22495e-18
3.70719e-18
1.14817e-17
3.43857e-17
1.02723e-16
3.10416e-16
9.22648e-16
2.69131e-15
7.61075e-15
2.20967e-14
6.1814e-14
1.73386e-13
4.69208e-13
1.29862e-12
3.49126e-12
9.11325e-12
2.34947e-11
5.9549e-11
1.4786e-10
3.6884e-10
9.25537e-10
2.26168e-09
5.23278e-09
1.21177e-08
2.84383e-08
6.48966e-08
1.45123e-07
3.13378e-07
6.52355e-07
1.30959e-06
2.31169e-06
3.95093e-06
6.7229e-06
1.12389e-05
1.79167e-05
2.71121e-05
3.90842e-05
5.30179e-05
6.92254e-05
8.69857e-05
0.00010536
0.000123485
0.00014067
0.000155967
0.000168784
0.000178578
0.000184966
0.000187004
0.000183129
0.000170839
0.000148478
0.000117621
8.70345e-05
6.12118e-05
4.21606e-05
3.03636e-05
2.3788e-05
1.93404e-05
1.48623e-05
1.05446e-05
5.76919e-06
3.12258e-06
1.67138e-06
8.78504e-07
4.51306e-07
2.2375e-07
1.11551e-07
6.06107e-08
4.73818e-08
5.92179e-08
7.60656e-08
6.60129e-08
4.52193e-08
2.77713e-08
1.49327e-08
4.34867e-09
2.45239e-31
1.32571e-30
4.88336e-30
1.62389e-29
5.43435e-29
1.77695e-28
5.82463e-28
1.91028e-27
6.27801e-27
2.06496e-26
6.79554e-26
2.23479e-25
7.36472e-25
2.44099e-24
8.0508e-24
2.64842e-23
8.68017e-23
2.83058e-22
9.17625e-22
2.95914e-21
9.3749e-21
3.05082e-20
9.47171e-20
3.03835e-19
9.60263e-19
2.97035e-18
9.12094e-18
2.77677e-17
8.3822e-17
2.51202e-16
7.5262e-16
2.22375e-15
6.42823e-15
1.86251e-14
5.26416e-14
1.46682e-13
4.06887e-13
1.10289e-12
3.09329e-12
8.15382e-12
2.09956e-11
5.25868e-11
1.32974e-10
3.21517e-10
8.16542e-10
2.06149e-09
5.06828e-09
1.11922e-08
2.6482e-08
6.10501e-08
1.37378e-07
2.98904e-07
6.27335e-07
1.26951e-06
2.25376e-06
3.87179e-06
6.62113e-06
1.11161e-05
1.77857e-05
2.69916e-05
3.89962e-05
5.29677e-05
6.92131e-05
8.69993e-05
0.000105383
0.000123478
0.000140588
0.000155749
0.00016843
0.000178032
0.000184234
0.00018606
0.000181948
0.000169445
0.000147008
0.000116311
8.60119e-05
6.04897e-05
4.16991e-05
3.00916e-05
2.36332e-05
1.92734e-05
1.4853e-05
1.05599e-05
5.79653e-06
3.14002e-06
1.68247e-06
8.85454e-07
4.55566e-07
2.25972e-07
1.12657e-07
6.08013e-08
4.68269e-08
5.79394e-08
7.48891e-08
6.56197e-08
4.50695e-08
2.76892e-08
1.48869e-08
4.33711e-09
1.58987e-31
8.52269e-31
3.09782e-30
1.04347e-29
3.45089e-29
1.13463e-28
3.72682e-28
1.22749e-27
4.09657e-27
1.35766e-26
4.52309e-26
1.50419e-25
5.00816e-25
1.64981e-24
5.56666e-24
1.83195e-23
6.00431e-23
1.99857e-22
6.55643e-22
2.13399e-21
6.98458e-21
2.25597e-20
7.21216e-20
2.297e-19
7.29798e-19
2.27321e-18
7.02324e-18
2.18858e-17
6.66473e-17
1.99395e-16
6.09144e-16
1.79465e-15
5.22838e-15
1.52606e-14
4.39523e-14
1.21885e-13
3.43696e-13
9.45289e-13
2.59174e-12
7.03925e-12
1.8238e-11
4.65936e-11
1.16894e-10
2.9533e-10
7.30793e-10
1.87704e-09
4.81697e-09
1.09498e-08
2.44225e-08
5.60034e-08
1.26742e-07
2.81177e-07
5.96581e-07
1.21643e-06
2.1675e-06
3.76754e-06
6.51543e-06
1.09854e-05
1.76291e-05
2.68188e-05
3.8841e-05
5.28431e-05
6.91287e-05
8.69472e-05
0.000105339
0.000123402
0.000140408
0.000155462
0.00016791
0.000177352
0.000183373
0.000184944
0.000180594
0.000167927
0.000145452
0.000114934
8.4943e-05
5.97468e-05
4.12293e-05
2.98085e-05
2.34714e-05
1.92159e-05
1.48675e-05
1.06044e-05
5.85913e-06
3.17787e-06
1.70535e-06
8.99145e-07
4.63617e-07
2.3014e-07
1.14741e-07
6.13483e-08
4.62451e-08
5.63449e-08
7.34458e-08
6.52672e-08
4.50079e-08
2.76681e-08
1.48734e-08
4.33574e-09
9.11612e-32
4.8649e-31
1.73229e-30
5.69703e-30
1.84745e-29
6.02313e-29
1.97489e-28
6.5409e-28
2.18852e-27
7.38184e-27
2.50542e-26
8.53647e-26
2.91104e-25
9.86093e-25
3.39131e-24
1.14784e-23
3.9026e-23
1.31073e-22
4.40887e-22
1.4607e-21
4.82127e-21
1.58061e-20
5.13964e-20
1.6592e-19
5.31717e-19
1.68852e-18
5.31538e-18
1.66263e-17
5.12212e-17
1.55849e-16
4.68805e-16
1.40038e-15
4.11934e-15
1.23162e-14
3.57116e-14
9.87514e-14
2.90245e-13
8.03222e-13
2.2056e-12
5.83827e-12
1.55896e-11
3.97703e-11
1.0056e-10
2.57041e-10
6.40271e-10
1.67644e-09
4.22096e-09
1.05298e-08
2.33903e-08
5.08651e-08
1.16622e-07
2.59224e-07
5.61231e-07
1.15956e-06
2.08886e-06
3.64217e-06
6.3482e-06
1.0792e-05
1.74185e-05
2.65992e-05
3.86406e-05
5.26787e-05
6.90152e-05
8.68648e-05
0.000105264
0.000123275
0.00014018
0.000155062
0.000167324
0.000176502
0.000182215
0.000183516
0.000178853
0.00016588
0.000143344
0.000113165
8.36828e-05
5.89131e-05
4.07136e-05
2.94977e-05
2.3296e-05
1.91673e-05
1.49128e-05
1.06918e-05
5.98198e-06
3.24958e-06
1.7472e-06
9.23348e-07
4.77408e-07
2.37236e-07
1.18282e-07
6.24687e-08
4.5717e-08
5.4409e-08
7.16219e-08
6.49409e-08
4.50524e-08
2.77238e-08
1.49007e-08
4.34725e-09
6.91731e-32
3.74111e-31
1.29357e-30
4.0705e-30
1.26311e-29
3.9666e-29
1.27434e-28
4.20069e-28
1.41582e-27
4.81814e-27
1.62757e-26
5.79586e-26
1.98855e-25
6.99426e-25
2.39922e-24
8.21967e-24
2.79579e-23
9.43222e-23
3.16101e-22
1.05368e-21
3.50488e-21
1.15552e-20
3.7855e-20
1.2113e-19
3.99195e-19
1.26698e-18
3.99973e-18
1.24305e-17
3.87351e-17
1.17936e-16
3.57264e-16
1.1028e-15
3.27227e-15
9.7566e-15
2.83837e-14
8.15097e-14
2.31473e-13
6.46688e-13
1.79786e-12
4.89896e-12
1.29223e-11
3.36145e-11
8.55963e-11
2.17945e-10
5.60547e-10
1.46107e-09
3.73968e-09
9.20674e-09
2.23366e-08
4.92259e-08
1.06078e-07
2.37414e-07
5.1397e-07
1.05232e-06
2.02668e-06
3.52295e-06
6.16041e-06
1.05408e-05
1.71281e-05
2.62979e-05
3.83595e-05
5.24316e-05
6.88123e-05
8.67193e-05
0.000105126
0.000123106
0.000139925
0.000154643
0.000166667
0.000175567
0.000180977
0.000181944
0.000176959
0.00016375
0.000141156
0.000111673
8.24872e-05
5.80772e-05
4.01832e-05
2.9169e-05
2.31115e-05
1.91303e-05
1.49966e-05
1.08386e-05
6.20018e-06
3.3733e-06
1.81721e-06
9.62575e-07
4.9907e-07
2.48414e-07
1.23823e-07
6.44592e-08
4.53965e-08
5.21977e-08
6.9353e-08
6.46439e-08
4.5231e-08
2.7877e-08
1.49843e-08
4.37546e-09
1.25022e-31
6.61854e-31
2.23316e-30
6.77461e-30
1.9747e-29
5.74412e-29
1.65934e-28
4.75359e-28
1.41141e-27
4.41531e-27
1.42282e-26
4.69173e-26
1.56822e-25
5.36935e-25
1.81788e-24
6.16187e-24
2.08703e-23
7.05486e-23
2.3813e-22
7.96306e-22
2.64469e-21
8.7253e-21
2.86233e-20
9.31926e-20
3.01317e-19
9.63251e-19
3.04793e-18
9.54573e-18
2.96085e-17
9.11502e-17
2.77957e-16
8.51112e-16
2.55555e-15
7.5893e-15
2.23445e-14
6.46215e-14
1.84759e-13
5.11393e-13
1.4618e-12
4.05219e-12
1.07386e-11
2.81949e-11
7.23185e-11
1.85457e-10
4.71434e-10
1.23868e-09
3.2167e-09
8.0954e-09
1.9544e-08
4.53784e-08
9.30634e-08
2.09095e-07
4.4951e-07
9.43863e-07
1.8606e-06
3.42434e-06
5.98652e-06
1.02855e-05
1.68288e-05
2.59947e-05
3.8092e-05
5.22336e-05
6.87057e-05
8.66887e-05
0.000105133
0.00012309
0.000139778
0.000154319
0.000166017
0.000174558
0.00017954
0.0001802
0.00017486
0.000161349
0.00013868
0.000109697
8.10202e-05
5.70881e-05
3.95692e-05
2.87986e-05
2.29097e-05
1.90994e-05
1.51225e-05
1.10695e-05
6.55124e-06
3.56474e-06
1.92155e-06
1.01859e-06
5.27616e-07
2.65945e-07
1.32322e-07
6.76643e-08
4.55091e-08
4.99406e-08
6.67952e-08
6.4439e-08
4.55793e-08
2.81411e-08
1.51229e-08
4.42157e-09
2.49532e-31
1.34428e-30
5.04134e-30
1.73996e-29
5.80263e-29
1.88743e-28
5.94763e-28
1.80663e-27
5.30098e-27
1.51899e-26
4.31578e-26
1.22552e-25
3.50462e-25
1.01616e-24
2.97883e-24
8.73459e-24
2.74281e-23
8.39012e-23
2.60307e-22
8.17944e-22
2.55952e-21
8.03458e-21
2.52018e-20
7.80133e-20
2.50454e-19
7.7856e-19
2.41443e-18
7.59307e-18
2.3339e-17
7.16223e-17
2.19151e-16
6.63243e-16
1.94462e-15
5.88172e-15
1.74294e-14
5.14221e-14
1.4802e-13
4.1808e-13
1.1748e-12
3.23833e-12
8.79635e-12
2.27354e-11
5.89183e-11
1.51363e-10
3.93286e-10
1.01746e-09
2.63417e-09
6.63509e-09
1.6148e-08
3.79515e-08
8.85278e-08
1.83574e-07
4.01733e-07
8.47598e-07
1.69579e-06
3.27168e-06
5.7862e-06
1.00059e-05
1.64978e-05
2.56232e-05
3.77512e-05
5.19646e-05
6.85482e-05
8.66434e-05
0.000105179
0.000123156
0.000139762
0.000154062
0.000165486
0.000173733
0.000178356
0.000178586
0.000172848
0.000158974
0.000136205
0.000107416
7.93802e-05
5.60066e-05
3.89128e-05
2.84202e-05
2.27083e-05
1.90558e-05
1.5215e-05
1.13693e-05
6.99112e-06
3.79713e-06
2.04514e-06
1.08378e-06
5.6193e-07
2.84313e-07
1.41553e-07
7.14342e-08
4.5921e-08
4.7785e-08
6.3987e-08
6.41536e-08
4.59939e-08
2.84774e-08
1.52978e-08
4.47851e-09
2.65667e-31
1.54621e-30
6.48286e-30
2.4749e-29
8.84975e-29
3.03861e-28
9.7519e-28
2.99891e-27
8.99843e-27
2.66834e-26
7.91902e-26
2.18174e-25
5.94354e-25
1.65798e-24
4.58307e-24
1.29856e-23
3.71277e-23
1.07287e-22
3.12501e-22
9.19045e-22
2.72286e-21
8.11893e-21
2.43105e-20
7.30594e-20
2.2231e-19
6.74924e-19
2.04463e-18
6.19828e-18
1.86758e-17
5.61006e-17
1.68307e-16
5.0609e-16
1.49519e-15
4.42412e-15
1.31602e-14
3.78552e-14
1.1114e-13
3.17817e-13
8.88704e-13
2.54238e-12
6.83467e-12
1.78578e-11
4.63862e-11
1.17113e-10
2.8782e-10
7.53734e-10
1.98366e-09
5.11949e-09
1.28571e-08
3.15438e-08
7.40784e-08
1.70498e-07
3.47941e-07
7.35828e-07
1.52694e-06
2.96734e-06
5.39212e-06
9.52474e-06
1.595e-05
2.51991e-05
3.74433e-05
5.17973e-05
6.85443e-05
8.67942e-05
0.000105436
0.000123457
0.000139996
0.000154032
0.000165151
0.000173055
0.000177406
0.000177313
0.000171208
0.00015713
0.000134353
0.000105863
7.82079e-05
5.5216e-05
3.843e-05
2.81444e-05
2.25644e-05
1.90306e-05
1.53062e-05
1.15522e-05
7.28816e-06
3.95837e-06
2.13331e-06
1.13296e-06
5.88796e-07
2.98411e-07
1.48628e-07
7.43872e-08
4.6356e-08
4.62721e-08
6.18683e-08
6.39296e-08
4.64501e-08
2.88459e-08
1.54974e-08
4.54536e-09
)
;

boundaryField
{
    fuel
    {
        type            fixedValue;
        value           uniform 0;
    }
    air
    {
        type            fixedValue;
        value           uniform 0;
    }
    outlet
    {
        type            inletOutlet;
        inletValue      uniform 0;
        value           nonuniform List<scalar> 
200
(
0
0
0
0
0
0
0
0
0
0
7.64961e-26
2.12421e-25
5.82564e-25
1.60375e-24
4.45491e-24
1.24739e-23
3.51221e-23
1.02889e-22
2.9771e-22
8.71051e-22
2.56094e-21
7.46738e-21
2.33187e-20
6.99061e-20
2.12616e-19
6.44947e-19
1.9329e-18
5.97157e-18
1.79662e-17
5.40394e-17
1.62475e-16
4.87593e-16
1.44732e-15
4.26732e-15
1.25152e-14
3.54505e-14
1.01906e-13
2.97163e-13
8.44891e-13
2.37704e-12
6.45343e-12
1.71884e-11
4.47671e-11
1.1381e-10
2.82104e-10
7.32229e-10
1.93287e-09
5.02107e-09
1.26917e-08
3.09707e-08
7.26489e-08
1.66112e-07
3.40193e-07
7.24959e-07
1.49244e-06
2.91204e-06
5.30492e-06
9.40136e-06
1.57599e-05
2.49354e-05
3.71356e-05
5.14914e-05
6.82847e-05
8.66243e-05
0.000105385
0.000123523
0.000140179
0.000154311
0.000165516
0.000173496
0.000177863
0.000177822
0.000171753
0.000157732
0.000135095
0.000106607
7.88243e-05
5.56754e-05
3.87273e-05
2.82978e-05
2.26502e-05
1.91058e-05
1.53995e-05
1.16619e-05
7.43645e-06
4.04047e-06
2.17846e-06
1.15708e-06
6.01796e-07
3.05211e-07
1.52058e-07
7.59636e-08
4.70164e-08
4.6473e-08
6.20441e-08
6.44536e-08
4.69365e-08
2.91652e-08
1.56709e-08
4.59729e-09
0
0
0
0
0
0
0
0
0
0
7.91902e-26
2.18174e-25
5.94354e-25
1.65798e-24
4.58307e-24
1.29856e-23
3.71277e-23
1.07287e-22
3.12501e-22
9.19045e-22
2.72286e-21
8.11893e-21
2.43105e-20
7.30594e-20
2.2231e-19
6.74924e-19
2.04463e-18
6.19828e-18
1.86758e-17
5.61006e-17
1.68307e-16
5.0609e-16
1.49519e-15
4.42412e-15
1.31602e-14
3.78552e-14
1.1114e-13
3.17817e-13
8.88704e-13
2.54238e-12
6.83467e-12
1.78578e-11
4.63862e-11
1.17113e-10
2.8782e-10
7.53734e-10
1.98366e-09
5.11949e-09
1.28571e-08
3.15438e-08
7.40784e-08
1.70498e-07
3.47941e-07
7.35828e-07
1.52694e-06
2.96734e-06
5.39212e-06
9.52474e-06
1.595e-05
2.51991e-05
3.74433e-05
5.17973e-05
6.85443e-05
8.67942e-05
0.000105436
0.000123457
0.000139996
0.000154032
0.000165151
0.000173055
0.000177406
0.000177313
0.000171208
0.00015713
0.000134353
0.000105863
7.82079e-05
5.5216e-05
3.843e-05
2.81444e-05
2.25644e-05
1.90306e-05
1.53062e-05
1.15522e-05
7.28816e-06
3.95837e-06
2.13331e-06
1.13296e-06
5.88796e-07
2.98411e-07
1.48628e-07
7.43872e-08
4.6356e-08
4.62721e-08
6.18683e-08
6.39296e-08
4.64501e-08
2.88459e-08
1.54974e-08
4.54536e-09
)
;
    }
    frontAndBack
    {
        type            empty;
    }
    internal
    {
        type            internal;
    }
}


// ************************************************************************* //
