/*--------------------------------*- C++ -*----------------------------------*\
  =========                 |
  \\      /  F ield         | OpenFOAM: The Open Source CFD Toolbox
   \\    /   O peration     | Website:  https://openfoam.org
    \\  /    A nd           | Version:  10
     \\/     M anipulation  |
\*---------------------------------------------------------------------------*/
FoamFile
{
    format      ascii;
    class       volScalarField;
    location    "1";
    object      CH3;
}
// * * * * * * * * * * * * * * * * * * * * * * * * * * * * * * * * * * * * * //

dimensions      [0 0 0 0 0 0 0];

internalField   nonuniform List<scalar> 
4000
(
2.46435e-26
6.31081e-26
1.11716e-25
1.79824e-25
2.65446e-25
3.64892e-25
4.85526e-25
6.32446e-25
8.1849e-25
1.06184e-24
1.4006e-24
1.69816e-24
1.95185e-24
2.15992e-24
2.34235e-24
2.50455e-24
2.64444e-24
2.78247e-24
2.94653e-24
3.12657e-24
3.31221e-24
3.54379e-24
3.89009e-24
4.37143e-24
5.35291e-24
7.51945e-24
1.29829e-23
2.81029e-23
6.96935e-23
1.86929e-22
5.19558e-22
1.4629e-21
4.10254e-21
1.14431e-20
3.17711e-20
8.53824e-20
2.31933e-19
6.39343e-19
1.71316e-18
4.52956e-18
1.15264e-17
2.86059e-17
6.89485e-17
1.60723e-16
3.60991e-16
8.26858e-16
1.87351e-15
4.05507e-15
8.24683e-15
1.56655e-14
2.83757e-14
5.31814e-14
1.07677e-13
2.99637e-13
1.0307e-12
3.77365e-12
1.31494e-11
4.62122e-11
1.56086e-10
5.0891e-10
1.66265e-09
5.47898e-09
1.89442e-08
5.63677e-08
1.22454e-07
2.2162e-07
4.24842e-07
9.40885e-07
2.2528e-06
5.35034e-06
1.20204e-05
2.47735e-05
4.47285e-05
6.68658e-05
8.01548e-05
7.92165e-05
8.86468e-05
0.000113364
0.000147916
0.000178135
0.000193523
0.000185161
0.000146831
0.000103135
6.03293e-05
3.28159e-05
1.77104e-05
9.41185e-06
4.89085e-06
2.46691e-06
1.20124e-06
5.45341e-07
2.39679e-07
1.01446e-07
4.38158e-08
1.96617e-08
8.67449e-09
3.64839e-09
1.43174e-09
3.52472e-10
1.84683e-26
8.96537e-26
1.69604e-25
2.96956e-25
4.27283e-25
5.48e-25
6.82892e-25
8.35827e-25
1.03028e-24
1.24239e-24
1.44662e-24
1.64594e-24
1.82126e-24
1.95965e-24
2.09396e-24
2.22351e-24
2.33727e-24
2.46614e-24
2.60245e-24
2.77924e-24
2.9801e-24
3.21876e-24
3.56989e-24
4.06563e-24
5.05515e-24
7.2264e-24
1.2924e-23
2.90903e-23
7.53832e-23
2.08347e-22
5.89949e-22
1.76434e-21
5.02753e-21
1.41107e-20
3.93194e-20
1.07816e-19
2.99891e-19
8.05116e-19
2.15657e-18
5.60998e-18
1.4348e-17
3.53254e-17
8.52909e-17
1.98383e-16
4.60227e-16
1.06714e-15
2.38157e-15
5.02969e-15
9.99225e-15
1.8728e-14
3.22518e-14
5.63042e-14
1.23179e-13
3.44669e-13
1.17746e-12
4.27803e-12
1.41748e-11
4.81905e-11
1.59096e-10
5.10354e-10
1.65282e-09
5.40132e-09
1.85039e-08
5.48338e-08
1.19154e-07
2.1499e-07
4.07386e-07
8.96639e-07
2.14189e-06
5.1066e-06
1.15627e-05
2.40288e-05
4.37813e-05
6.61875e-05
8.01413e-05
7.94972e-05
8.87894e-05
0.000113439
0.000148107
0.000178389
0.000193543
0.000184411
0.000145229
0.000101384
5.8422e-05
3.17845e-05
1.7147e-05
9.10488e-06
4.71712e-06
2.37209e-06
1.1506e-06
5.20102e-07
2.2749e-07
9.62478e-08
4.17617e-08
1.87789e-08
8.28802e-09
3.49973e-09
1.3828e-09
3.42123e-10
6.65111e-26
1.47982e-25
2.56966e-25
3.79573e-25
5.62762e-25
6.71462e-25
7.79862e-25
9.03773e-25
1.0357e-24
1.14024e-24
1.26944e-24
1.38776e-24
1.50313e-24
1.6058e-24
1.7011e-24
1.80533e-24
1.89573e-24
2.01227e-24
2.18865e-24
2.39508e-24
2.63215e-24
2.93173e-24
3.3124e-24
3.86898e-24
4.89099e-24
7.30938e-24
1.35597e-23
3.19704e-23
8.54933e-23
2.42541e-22
7.19862e-22
2.0835e-21
5.92184e-21
1.69584e-20
4.81462e-20
1.33433e-19
3.62869e-19
9.76818e-19
2.5966e-18
6.70813e-18
1.70166e-17
4.05431e-17
1.01394e-16
2.31914e-16
5.51913e-16
1.25014e-15
2.78185e-15
5.79687e-15
1.11261e-14
2.04247e-14
3.50556e-14
6.23993e-14
1.40544e-13
4.10148e-13
1.34736e-12
4.53383e-12
1.47002e-11
4.93479e-11
1.61268e-10
5.13176e-10
1.65021e-09
5.35806e-09
1.8194e-08
5.35317e-08
1.16414e-07
2.09403e-07
3.92185e-07
8.53528e-07
2.04224e-06
4.89088e-06
1.11717e-05
2.33396e-05
4.29179e-05
6.55305e-05
8.01487e-05
7.98702e-05
8.90401e-05
0.000113662
0.00014849
0.000178814
0.000193643
0.000183414
0.00014317
9.90418e-05
5.58905e-05
3.03918e-05
1.63744e-05
8.67045e-06
4.48318e-06
2.2423e-06
1.08147e-06
4.86299e-07
2.11942e-07
8.97147e-08
3.9246e-08
1.77356e-08
7.86708e-09
3.3525e-09
1.33344e-09
3.31791e-10
4.49858e-26
1.1546e-25
2.13469e-25
2.93422e-25
3.84066e-25
4.71288e-25
5.27199e-25
5.99607e-25
7.24555e-25
8.44242e-25
9.53536e-25
1.0498e-24
1.16232e-24
1.29021e-24
1.42437e-24
1.57472e-24
1.7296e-24
1.88922e-24
2.06108e-24
2.24209e-24
2.49816e-24
2.88054e-24
3.30759e-24
3.81965e-24
4.96185e-24
7.77596e-24
1.53604e-23
3.74043e-23
1.00381e-22
2.99958e-22
8.69987e-22
2.53285e-21
7.28255e-21
2.08372e-20
5.89712e-20
1.63168e-19
4.42438e-19
1.19371e-18
3.10984e-18
8.18502e-18
2.06062e-17
5.00635e-17
1.21474e-16
2.77735e-16
6.34108e-16
1.45726e-15
3.19025e-15
6.47787e-15
1.25287e-14
2.16524e-14
3.6605e-14
7.02326e-14
1.64495e-13
4.76094e-13
1.54249e-12
4.67248e-12
1.51442e-11
5.03126e-11
1.62767e-10
5.13686e-10
1.64299e-09
5.30509e-09
1.79017e-08
5.25412e-08
1.14308e-07
2.05093e-07
3.80526e-07
8.21611e-07
1.95988e-06
4.70491e-06
1.07955e-05
2.27006e-05
4.21553e-05
6.4981e-05
8.01474e-05
8.01878e-05
8.9371e-05
0.000114078
0.000149084
0.000179424
0.000193869
0.000182597
0.000141631
9.6331e-05
5.34761e-05
2.90831e-05
1.56609e-05
8.28911e-06
4.28737e-06
2.11289e-06
1.01548e-06
4.55818e-07
1.97901e-07
8.38644e-08
3.69321e-08
1.67977e-08
7.48452e-09
3.21015e-09
1.28773e-09
3.22385e-10
3.01625e-26
8.04511e-26
1.32465e-25
2.04924e-25
2.85266e-25
3.53444e-25
4.41639e-25
5.2204e-25
6.27018e-25
7.4128e-25
8.46165e-25
9.53463e-25
1.06765e-24
1.19061e-24
1.35824e-24
1.55903e-24
1.73352e-24
1.87347e-24
2.05658e-24
2.25859e-24
2.5184e-24
2.89282e-24
3.2975e-24
3.89965e-24
5.21367e-24
8.55609e-24
1.80407e-23
4.60343e-23
1.28389e-22
3.71198e-22
1.08191e-21
3.21187e-21
9.18707e-21
2.61601e-20
7.31295e-20
2.0119e-19
5.42597e-19
1.42418e-18
3.7894e-18
9.73586e-18
2.42974e-17
5.89882e-17
1.38389e-16
3.2328e-16
7.31309e-16
1.66188e-15
3.54833e-15
7.26149e-15
1.31901e-14
2.23727e-14
3.96703e-14
7.65976e-14
1.85001e-13
5.5703e-13
1.60744e-12
4.85392e-12
1.56114e-11
5.12303e-11
1.64263e-10
5.15666e-10
1.64191e-09
5.28056e-09
1.77234e-08
5.1825e-08
1.12696e-07
2.01778e-07
3.7262e-07
7.99647e-07
1.9043e-06
4.57459e-06
1.05379e-05
2.22651e-05
4.15856e-05
6.4538e-05
8.01895e-05
8.05598e-05
8.96959e-05
0.000114454
0.000149602
0.000179918
0.000193998
0.000181645
0.000139835
9.45718e-05
5.19603e-05
2.8213e-05
1.51624e-05
8.00593e-06
4.12808e-06
2.02812e-06
9.70391e-07
4.34213e-07
1.87791e-07
7.96501e-08
3.52839e-08
1.61118e-08
7.20397e-09
3.10832e-09
1.2639e-09
3.17456e-10
1.87336e-26
5.89035e-26
1.14641e-25
1.83314e-25
2.51564e-25
3.21995e-25
4.00524e-25
4.72953e-25
5.34453e-25
6.23741e-25
7.28589e-25
8.58505e-25
9.79674e-25
1.09294e-24
1.25362e-24
1.45833e-24
1.6462e-24
1.87171e-24
2.11047e-24
2.44143e-24
2.85112e-24
3.18749e-24
3.6367e-24
4.29146e-24
5.8595e-24
1.00934e-23
2.22634e-23
5.77775e-23
1.64593e-22
4.72084e-22
1.3522e-21
4.05312e-21
1.14394e-20
3.20662e-20
8.77606e-20
2.42966e-19
6.43802e-19
1.65962e-18
4.47729e-18
1.17407e-17
2.86207e-17
6.80419e-17
1.59798e-16
3.6748e-16
8.38289e-16
1.84676e-15
4.00992e-15
7.64889e-15
1.36923e-14
2.4028e-14
4.25351e-14
8.30419e-14
1.99156e-13
5.94982e-13
1.70184e-12
5.05244e-12
1.59477e-11
5.19157e-11
1.65015e-10
5.15368e-10
1.63518e-09
5.24248e-09
1.75263e-08
5.11612e-08
1.1142e-07
1.99458e-07
3.6621e-07
7.80504e-07
1.85609e-06
4.47236e-06
1.03418e-05
2.19127e-05
4.11214e-05
6.4212e-05
8.02158e-05
8.08553e-05
8.99399e-05
0.00011471
0.000149974
0.000180307
0.000194111
0.000180923
0.000138546
9.33857e-05
5.10335e-05
2.76688e-05
1.48424e-05
7.81909e-06
4.02008e-06
1.97097e-06
9.39384e-07
4.19587e-07
1.80934e-07
7.68208e-08
3.41993e-08
1.56567e-08
7.01691e-09
3.03915e-09
1.24186e-09
3.13118e-10
1.54541e-26
5.13781e-26
9.49857e-26
1.43993e-25
1.91617e-25
2.49526e-25
3.22557e-25
4.04273e-25
5.21027e-25
6.32717e-25
7.56345e-25
8.80187e-25
1.00669e-24
1.148e-24
1.2885e-24
1.45583e-24
1.63504e-24
1.81191e-24
1.99492e-24
2.24436e-24
2.57561e-24
2.96514e-24
3.40533e-24
4.31049e-24
6.43184e-24
1.18622e-23
2.72124e-23
7.04413e-23
2.05645e-22
5.9404e-22
1.70632e-21
4.8716e-21
1.38537e-20
3.87584e-20
1.05833e-19
2.89334e-19
7.80761e-19
1.99367e-18
5.34306e-18
1.34918e-17
3.2943e-17
7.8625e-17
1.81711e-16
4.15168e-16
9.25209e-16
2.05343e-15
4.28275e-15
7.84014e-15
1.45253e-14
2.55927e-14
4.49406e-14
8.74397e-14
2.09531e-13
6.21702e-13
1.76402e-12
5.19568e-12
1.61932e-11
5.22627e-11
1.65175e-10
5.13718e-10
1.62491e-09
5.19498e-09
1.73126e-08
5.0507e-08
1.10198e-07
1.97359e-07
3.6098e-07
7.65036e-07
1.8171e-06
4.3837e-06
1.01641e-05
2.15954e-05
4.07057e-05
6.38801e-05
8.02079e-05
8.11022e-05
9.00996e-05
0.000114822
0.000150172
0.000180563
0.000194208
0.000180453
0.000137691
9.26153e-05
5.04752e-05
2.73376e-05
1.46449e-05
7.70192e-06
3.95116e-06
1.93434e-06
9.19219e-07
4.10143e-07
1.7649e-07
7.50004e-08
3.35028e-08
1.53676e-08
6.90026e-09
2.997e-09
1.22881e-09
3.10659e-10
2.94857e-26
6.80244e-26
1.20449e-25
1.94926e-25
2.65291e-25
3.43737e-25
4.09619e-25
4.88019e-25
5.83999e-25
6.85455e-25
7.90421e-25
9.31628e-25
1.08511e-24
1.24128e-24
1.37791e-24
1.54847e-24
1.75051e-24
1.94213e-24
2.14501e-24
2.40311e-24
2.65553e-24
2.98041e-24
3.48602e-24
4.52743e-24
7.07243e-24
1.39091e-23
3.34536e-23
8.93791e-23
2.49189e-22
7.10332e-22
2.06173e-21
5.94733e-21
1.67116e-20
4.62264e-20
1.24675e-19
3.36883e-19
9.01416e-19
2.27996e-18
6.00457e-18
1.53595e-17
3.72693e-17
8.76799e-17
2.04697e-16
4.61297e-16
1.02826e-15
2.24765e-15
4.4348e-15
8.37676e-15
1.54219e-14
2.69998e-14
4.75696e-14
9.22339e-14
2.20027e-13
6.46692e-13
1.81672e-12
5.29631e-12
1.63365e-11
5.23202e-11
1.64449e-10
5.09552e-10
1.6074e-09
5.12729e-09
1.70418e-08
4.97801e-08
1.08848e-07
1.94876e-07
3.55604e-07
7.49926e-07
1.77934e-06
4.29466e-06
9.98073e-06
2.12654e-05
4.02452e-05
6.3493e-05
8.01574e-05
8.13335e-05
9.01674e-05
0.000114755
0.000150159
0.000180663
0.000194275
0.000180228
0.000137228
9.21887e-05
5.01724e-05
2.71544e-05
1.45336e-05
7.63447e-06
3.91066e-06
1.91263e-06
9.0705e-07
4.04435e-07
1.7379e-07
7.39063e-08
3.30925e-08
1.52021e-08
6.83551e-09
2.97511e-09
1.22283e-09
3.09723e-10
2.72011e-26
8.35547e-26
1.49322e-25
2.24691e-25
2.80257e-25
3.57676e-25
4.42225e-25
5.46371e-25
6.50211e-25
7.69748e-25
8.34973e-25
9.39389e-25
1.09482e-24
1.24181e-24
1.42153e-24
1.58383e-24
1.7734e-24
1.9845e-24
2.18653e-24
2.36637e-24
2.63204e-24
3.02438e-24
3.59007e-24
4.83276e-24
7.87822e-24
1.62927e-23
4.01735e-23
1.09243e-22
3.07664e-22
8.68455e-22
2.46904e-21
7.02446e-21
1.95947e-20
5.39749e-20
1.4651e-19
3.90219e-19
1.02844e-18
2.57825e-18
6.74459e-18
1.70005e-17
4.13993e-17
9.78201e-17
2.25776e-16
5.11154e-16
1.09043e-15
2.2325e-15
4.63319e-15
8.9719e-15
1.63303e-14
2.85535e-14
4.98204e-14
9.61766e-14
2.28508e-13
6.65866e-13
1.8519e-12
5.35487e-12
1.63699e-11
5.20582e-11
1.62769e-10
5.0259e-10
1.57989e-09
5.01855e-09
1.66466e-08
4.86546e-08
1.07014e-07
1.92151e-07
3.48761e-07
7.32544e-07
1.73239e-06
4.18789e-06
9.74608e-06
2.08509e-05
3.97021e-05
6.30271e-05
8.00577e-05
8.15523e-05
9.01521e-05
0.000114517
0.000149939
0.00018061
0.000194308
0.000180217
0.000137095
9.20404e-05
5.00559e-05
2.70789e-05
1.44848e-05
7.60327e-06
3.89101e-06
1.90175e-06
9.00724e-07
4.01443e-07
1.72355e-07
7.33376e-08
3.28962e-08
1.51295e-08
6.81046e-09
2.96869e-09
1.22223e-09
3.09949e-10
2.54878e-26
7.98239e-26
1.44954e-25
2.08597e-25
2.68318e-25
3.38872e-25
4.31918e-25
5.308e-25
6.36172e-25
7.43719e-25
8.6372e-25
1.01425e-24
1.15392e-24
1.29977e-24
1.4887e-24
1.68813e-24
1.88547e-24
2.08573e-24
2.34493e-24
2.58643e-24
2.79993e-24
3.12763e-24
3.78789e-24
5.18332e-24
8.82771e-24
1.86715e-23
4.68703e-23
1.27992e-22
3.65524e-22
1.04314e-21
2.95047e-21
8.2267e-21
2.2663e-20
6.18149e-20
1.65591e-19
4.36523e-19
1.13296e-18
2.85106e-18
7.54299e-18
1.86891e-17
4.46482e-17
1.05104e-16
2.41229e-16
5.28985e-16
1.11506e-15
2.41854e-15
4.94041e-15
9.48962e-15
1.72549e-14
2.98603e-14
5.1855e-14
9.99961e-14
2.3646e-13
6.77477e-13
1.87279e-12
5.38591e-12
1.63195e-11
5.15838e-11
1.60642e-10
4.94733e-10
1.55126e-09
4.90904e-09
1.62053e-08
4.75077e-08
1.05064e-07
1.89007e-07
3.42088e-07
7.151e-07
1.68621e-06
4.07411e-06
9.50151e-06
2.04504e-05
3.91415e-05
6.25078e-05
7.99086e-05
8.17951e-05
9.00599e-05
0.000114096
0.000149522
0.000180419
0.000194307
0.000180379
0.000137222
9.21094e-05
5.00774e-05
2.70828e-05
1.4482e-05
7.59873e-06
3.88673e-06
1.8988e-06
8.98674e-07
4.00425e-07
1.71836e-07
7.31464e-08
3.28517e-08
1.51247e-08
6.81471e-09
2.97374e-09
1.22564e-09
3.1104e-10
2.86637e-26
8.66552e-26
1.61472e-25
2.1523e-25
2.72343e-25
3.3746e-25
3.98197e-25
4.68787e-25
5.51322e-25
6.51519e-25
7.96367e-25
9.50988e-25
1.09328e-24
1.24722e-24
1.36759e-24
1.50434e-24
1.64604e-24
1.80592e-24
2.04718e-24
2.3693e-24
2.67916e-24
3.08354e-24
3.81493e-24
5.47883e-24
9.6477e-24
2.11821e-23
5.34213e-23
1.46101e-22
4.16135e-22
1.18637e-21
3.34824e-21
9.31874e-21
2.55119e-20
6.96802e-20
1.85043e-19
4.85284e-19
1.25341e-18
3.15388e-18
8.24147e-18
2.0182e-17
4.79119e-17
1.1113e-16
2.49791e-16
5.43473e-16
1.20366e-15
2.57804e-15
5.23819e-15
1.00441e-14
1.80847e-14
3.11477e-14
5.41908e-14
1.05665e-13
2.55927e-13
6.75813e-13
1.8825e-12
5.38805e-12
1.61864e-11
5.08504e-11
1.57644e-10
4.8299e-10
1.51012e-09
4.77005e-09
1.57755e-08
4.63595e-08
1.03147e-07
1.86006e-07
3.35493e-07
6.97431e-07
1.64325e-06
3.97378e-06
9.27981e-06
2.00366e-05
3.85157e-05
6.19075e-05
7.97125e-05
8.20037e-05
8.99179e-05
0.000113597
0.000148989
0.000180132
0.00019428
0.000180668
0.000137545
9.23421e-05
5.02037e-05
2.71458e-05
1.4513e-05
7.61362e-06
3.89367e-06
1.9016e-06
8.99735e-07
4.00839e-07
1.71979e-07
7.32276e-08
3.29177e-08
1.5169e-08
6.84018e-09
2.98709e-09
1.23192e-09
3.12752e-10
2.33778e-26
7.41571e-26
1.49283e-25
2.07092e-25
2.58573e-25
3.34255e-25
4.32553e-25
5.35703e-25
6.19217e-25
7.13489e-25
8.30822e-25
9.57095e-25
1.06829e-24
1.18887e-24
1.31614e-24
1.47011e-24
1.6429e-24
1.83539e-24
1.99777e-24
2.23672e-24
2.54772e-24
3.0433e-24
3.94946e-24
5.83835e-24
1.06803e-23
2.35849e-23
5.97114e-23
1.61781e-22
4.63094e-22
1.30682e-21
3.59826e-21
1.0294e-20
2.8287e-20
7.57823e-20
2.06687e-19
5.35546e-19
1.36206e-18
3.41675e-18
8.71268e-18
2.17194e-17
5.1077e-17
1.17607e-16
2.63221e-16
5.79227e-16
1.27807e-15
2.72148e-15
5.50144e-15
1.04865e-14
1.87743e-14
3.2194e-14
5.5975e-14
1.09499e-13
2.64273e-13
6.69116e-13
1.8884e-12
5.37013e-12
1.59976e-11
5.00483e-11
1.54577e-10
4.73505e-10
1.47521e-09
4.64273e-09
1.52903e-08
4.51741e-08
1.01222e-07
1.83085e-07
3.29255e-07
6.80556e-07
1.60098e-06
3.88141e-06
9.03964e-06
1.95985e-05
3.78906e-05
6.13179e-05
7.95038e-05
8.22138e-05
8.97415e-05
0.000113017
0.000148363
0.00017977
0.000194229
0.000181037
0.000138003
9.26906e-05
5.04065e-05
2.72541e-05
1.45707e-05
7.64392e-06
3.90915e-06
1.90868e-06
9.03057e-07
4.02299e-07
1.72608e-07
7.35062e-08
3.30631e-08
1.52478e-08
6.88021e-09
3.00601e-09
1.24013e-09
3.14874e-10
1.66805e-26
5.20064e-26
1.13604e-25
1.73722e-25
2.47455e-25
3.39216e-25
4.67763e-25
5.75037e-25
6.49203e-25
7.62198e-25
8.92078e-25
1.00681e-24
1.12725e-24
1.25355e-24
1.40035e-24
1.56749e-24
1.67496e-24
1.81039e-24
2.02875e-24
2.29066e-24
2.67055e-24
3.13137e-24
4.02487e-24
5.99553e-24
1.12132e-23
2.52503e-23
6.4731e-23
1.76855e-22
4.9891e-22
1.44556e-21
4.01213e-21
1.12847e-20
3.08117e-20
8.37815e-20
2.21421e-19
5.72862e-19
1.44944e-18
3.62045e-18
9.20233e-18
2.30334e-17
5.43041e-17
1.25309e-16
2.7765e-16
6.20966e-16
1.34216e-15
2.84932e-15
5.74606e-15
1.08704e-14
1.93336e-14
3.2972e-14
5.70598e-14
1.11041e-13
2.65487e-13
6.62907e-13
1.89935e-12
5.34945e-12
1.57881e-11
4.91063e-11
1.51361e-10
4.62821e-10
1.44219e-09
4.52226e-09
1.48536e-08
4.40129e-08
9.92799e-08
1.8014e-07
3.23079e-07
6.63884e-07
1.55821e-06
3.78033e-06
8.82304e-06
1.92048e-05
3.72975e-05
6.07225e-05
7.92683e-05
8.24381e-05
8.95465e-05
0.000112399
0.000147688
0.000179363
0.000194167
0.000181483
0.000138579
9.31246e-05
5.06658e-05
2.73935e-05
1.46459e-05
7.68422e-06
3.93064e-06
1.91889e-06
9.08092e-07
4.04489e-07
1.73556e-07
7.39119e-08
3.32588e-08
1.5351e-08
6.93164e-09
3.0297e-09
1.25006e-09
3.17375e-10
2.11289e-26
7.85454e-26
1.22107e-25
1.80416e-25
2.44374e-25
3.14964e-25
4.19047e-25
5.16312e-25
6.08917e-25
7.34143e-25
8.42253e-25
9.75097e-25
1.12343e-24
1.28974e-24
1.47897e-24
1.6552e-24
1.79243e-24
1.87537e-24
2.07976e-24
2.30149e-24
2.73392e-24
3.20846e-24
4.03551e-24
5.99973e-24
1.13908e-23
2.64913e-23
7.02734e-23
1.93294e-22
5.45454e-22
1.5381e-21
4.26553e-21
1.21217e-20
3.25578e-20
8.89084e-20
2.33414e-19
6.04525e-19
1.53338e-18
3.75935e-18
9.70564e-18
2.43452e-17
5.66826e-17
1.29914e-16
2.91656e-16
6.53458e-16
1.39958e-15
2.96604e-15
5.93682e-15
1.1166e-14
1.97615e-14
3.35554e-14
5.78217e-14
1.12028e-13
2.65494e-13
6.56738e-13
1.90361e-12
5.32288e-12
1.55921e-11
4.83148e-11
1.48541e-10
4.52534e-10
1.40566e-09
4.39914e-09
1.44534e-08
4.29355e-08
9.74874e-08
1.7743e-07
3.17409e-07
6.49519e-07
1.51879e-06
3.68651e-06
8.62125e-06
1.88175e-05
3.67255e-05
6.0155e-05
7.90366e-05
8.26478e-05
8.93403e-05
0.000111767
0.00014697
0.000178916
0.000194084
0.000181935
0.000139191
9.35987e-05
5.09563e-05
2.75499e-05
1.47305e-05
7.72977e-06
3.95498e-06
1.93057e-06
9.13891e-07
4.07069e-07
1.74703e-07
7.4402e-08
3.3487e-08
1.54665e-08
6.98747e-09
3.05471e-09
1.26031e-09
3.1992e-10
3.12444e-26
8.86118e-26
1.48516e-25
2.2e-25
2.8245e-25
3.24973e-25
3.78285e-25
4.49485e-25
5.57785e-25
7.04979e-25
8.57512e-25
1.02163e-24
1.18614e-24
1.34105e-24
1.46886e-24
1.62382e-24
1.79796e-24
1.96959e-24
2.08537e-24
2.24885e-24
2.51995e-24
2.99988e-24
3.96193e-24
6.06738e-24
1.18879e-23
2.80115e-23
7.41249e-23
2.04542e-22
5.74933e-22
1.64119e-21
4.60343e-21
1.27666e-20
3.43228e-20
9.33138e-20
2.41989e-19
6.19699e-19
1.60876e-18
3.92993e-18
1.00677e-17
2.48692e-17
5.99254e-17
1.36788e-16
3.07584e-16
6.68818e-16
1.44696e-15
3.05141e-15
6.08269e-15
1.13962e-14
2.00998e-14
3.40329e-14
5.84748e-14
1.12675e-13
2.65168e-13
6.51371e-13
1.90106e-12
5.28387e-12
1.53654e-11
4.7478e-11
1.45569e-10
4.4331e-10
1.3736e-09
4.28659e-09
1.40613e-08
4.19555e-08
9.58418e-08
1.74983e-07
3.12448e-07
6.36895e-07
1.48784e-06
3.60394e-06
8.44201e-06
1.84737e-05
3.62007e-05
5.961e-05
7.88057e-05
8.28374e-05
8.91419e-05
0.000111168
0.0001463
0.000178491
0.000193998
0.000182357
0.000139782
9.40572e-05
5.12466e-05
2.77069e-05
1.48157e-05
7.77587e-06
3.9797e-06
1.9425e-06
9.19835e-07
4.09699e-07
1.75869e-07
7.48957e-08
3.37147e-08
1.558e-08
7.04172e-09
3.07876e-09
1.27005e-09
3.22319e-10
2.70818e-26
8.11949e-26
1.46499e-25
2.11485e-25
2.7181e-25
3.43817e-25
4.1328e-25
4.68297e-25
5.49053e-25
6.40257e-25
7.46358e-25
9.10805e-25
1.03198e-24
1.15149e-24
1.32691e-24
1.53217e-24
1.7251e-24
1.95271e-24
2.15019e-24
2.35796e-24
2.61495e-24
3.10846e-24
4.15083e-24
6.44422e-24
1.25989e-23
2.95732e-23
7.83016e-23
2.15307e-22
5.99127e-22
1.71272e-21
4.75661e-21
1.32194e-20
3.61e-20
9.64467e-20
2.53419e-19
6.57033e-19
1.66936e-18
4.22934e-18
1.05477e-17
2.63627e-17
6.17059e-17
1.3934e-16
3.14242e-16
6.8364e-16
1.48405e-15
3.11838e-15
6.19573e-15
1.15718e-14
2.03503e-14
3.43609e-14
5.8898e-14
1.13092e-13
2.64747e-13
6.46848e-13
1.89656e-12
5.24569e-12
1.51639e-11
4.66796e-11
1.4295e-10
4.34744e-10
1.34614e-09
4.19404e-09
1.37465e-08
4.11541e-08
9.44521e-08
1.72896e-07
3.08186e-07
6.25725e-07
1.45747e-06
3.53298e-06
8.28976e-06
1.81801e-05
3.57481e-05
5.91463e-05
7.86009e-05
8.29976e-05
8.89717e-05
0.00011066
0.000145721
0.000178118
0.000193918
0.000182721
0.00014031
9.44698e-05
5.15155e-05
2.78526e-05
1.48949e-05
7.81876e-06
4.00275e-06
1.95367e-06
9.25476e-07
4.12186e-07
1.76971e-07
7.53598e-08
3.39249e-08
1.56836e-08
7.09078e-09
3.10031e-09
1.27871e-09
3.24439e-10
1.8489e-26
7.89294e-26
1.39882e-25
1.74687e-25
2.26559e-25
3.03361e-25
4.02758e-25
5.28301e-25
6.14873e-25
6.96127e-25
7.88401e-25
9.09432e-25
1.03261e-24
1.17323e-24
1.36476e-24
1.54552e-24
1.67569e-24
1.87324e-24
2.10276e-24
2.42208e-24
2.78671e-24
3.34265e-24
4.44607e-24
6.81147e-24
1.32823e-23
3.12377e-23
8.16553e-23
2.23568e-22
6.26722e-22
1.78218e-21
4.95671e-21
1.38589e-20
3.7496e-20
9.99696e-20
2.62458e-19
6.82433e-19
1.74166e-18
4.35952e-18
1.07989e-17
2.66513e-17
6.27257e-17
1.4316e-16
3.1537e-16
6.92798e-16
1.51388e-15
3.17056e-15
6.28257e-15
1.17069e-14
2.05449e-14
3.4621e-14
5.92282e-14
1.13403e-13
2.64423e-13
6.4351e-13
1.89156e-12
5.21309e-12
1.49981e-11
4.60995e-11
1.41033e-10
4.28529e-10
1.32536e-09
4.11913e-09
1.34833e-08
4.0444e-08
9.32762e-08
1.71161e-07
3.04676e-07
6.16589e-07
1.43343e-06
3.47716e-06
8.17174e-06
1.79547e-05
3.54026e-05
5.87819e-05
7.84337e-05
8.31206e-05
8.88336e-05
0.000110254
0.000145256
0.000177814
0.00019385
0.000183016
0.000140745
9.48117e-05
5.17436e-05
2.7976e-05
1.49621e-05
7.85509e-06
4.02227e-06
1.96315e-06
9.30245e-07
4.14289e-07
1.77905e-07
7.57512e-08
3.40988e-08
1.57688e-08
7.13103e-09
3.11793e-09
1.28577e-09
3.2616e-10
3.28068e-26
1.08486e-25
1.83668e-25
2.60617e-25
3.0701e-25
3.45608e-25
4.12486e-25
5.0623e-25
5.45233e-25
5.98965e-25
6.86453e-25
7.9862e-25
9.38671e-25
1.08327e-24
1.28334e-24
1.53512e-24
1.77851e-24
1.99382e-24
2.26771e-24
2.54431e-24
2.87425e-24
3.35884e-24
4.42438e-24
6.87558e-24
1.34939e-23
3.18706e-23
8.43281e-23
2.32702e-22
6.59526e-22
1.83926e-21
5.09322e-21
1.39532e-20
3.83113e-20
1.01905e-19
2.704e-19
7.03479e-19
1.78167e-18
4.39372e-18
1.09552e-17
2.68483e-17
6.3117e-17
1.43395e-16
3.18819e-16
7.01134e-16
1.53514e-15
3.20815e-15
6.34504e-15
1.18042e-14
2.0686e-14
3.48175e-14
5.94685e-14
1.13652e-13
2.64262e-13
6.41325e-13
1.88801e-12
5.19069e-12
1.48869e-11
4.56894e-11
1.39662e-10
4.241e-10
1.31071e-09
4.06853e-09
1.33076e-08
3.99784e-08
9.24848e-08
1.69969e-07
3.0227e-07
6.10366e-07
1.41667e-06
3.43855e-06
8.08998e-06
1.77955e-05
3.5154e-05
5.85234e-05
7.83125e-05
8.32053e-05
8.87346e-05
0.000109967
0.000144924
0.000177595
0.000193801
0.000183227
0.00014106
9.50608e-05
5.19131e-05
2.80677e-05
1.50119e-05
7.88202e-06
4.03672e-06
1.97019e-06
9.33784e-07
4.15847e-07
1.78596e-07
7.60398e-08
3.42269e-08
1.58311e-08
7.16021e-09
3.13063e-09
1.29083e-09
3.27392e-10
2.07284e-26
6.25583e-26
1.13149e-25
1.78742e-25
2.322e-25
2.87695e-25
3.63242e-25
4.72782e-25
5.36248e-25
6.12855e-25
6.97546e-25
8.07558e-25
9.35234e-25
1.07667e-24
1.23677e-24
1.40757e-24
1.60261e-24
1.84436e-24
2.15852e-24
2.51031e-24
2.88272e-24
3.34958e-24
4.36092e-24
6.92836e-24
1.37209e-23
3.25165e-23
8.58465e-23
2.38941e-22
6.6937e-22
1.87434e-21
5.20602e-21
1.45084e-20
3.8978e-20
1.03637e-19
2.74719e-19
7.05292e-19
1.80222e-18
4.45679e-18
1.13667e-17
2.76107e-17
6.38657e-17
1.45526e-16
3.19023e-16
7.12128e-16
1.54669e-15
3.23085e-15
6.38591e-15
1.18688e-14
2.07789e-14
3.49418e-14
5.96248e-14
1.13823e-13
2.64253e-13
6.40292e-13
1.88679e-12
5.18038e-12
1.48327e-11
4.54864e-11
1.38965e-10
4.218e-10
1.30299e-09
4.04242e-09
1.32178e-08
3.97384e-08
9.20678e-08
1.69342e-07
3.01002e-07
6.07065e-07
1.40789e-06
3.41809e-06
8.04603e-06
1.77116e-05
3.50238e-05
5.83859e-05
7.82468e-05
8.32488e-05
8.86808e-05
0.000109814
0.000144746
0.000177477
0.000193774
0.000183343
0.000141235
9.51993e-05
5.20085e-05
2.81194e-05
1.50399e-05
7.89715e-06
4.04481e-06
1.97413e-06
9.35759e-07
4.16715e-07
1.78979e-07
7.61999e-08
3.42982e-08
1.58653e-08
7.17615e-09
3.13753e-09
1.29358e-09
3.28059e-10
2.11372e-26
7.91139e-26
1.39513e-25
2.07347e-25
2.60544e-25
3.19459e-25
4.1775e-25
5.33374e-25
6.24637e-25
7.01049e-25
8.19173e-25
9.19128e-25
1.02348e-24
1.09297e-24
1.20303e-24
1.38323e-24
1.54633e-24
1.78046e-24
2.00396e-24
2.36355e-24
2.78303e-24
3.32237e-24
4.47191e-24
7.144e-24
1.38407e-23
3.2924e-23
8.6971e-23
2.41537e-22
6.84326e-22
1.92555e-21
5.3326e-21
1.45167e-20
3.97918e-20
1.06977e-19
2.79732e-19
7.17854e-19
1.83241e-18
4.48096e-18
1.14637e-17
2.74666e-17
6.47993e-17
1.46645e-16
3.25019e-16
7.13252e-16
1.55314e-15
3.24428e-15
6.40924e-15
1.19057e-14
2.08329e-14
3.50181e-14
5.97349e-14
1.1398e-13
2.64442e-13
6.40293e-13
1.8883e-12
5.18096e-12
1.48245e-11
4.54461e-11
1.38818e-10
4.21308e-10
1.30134e-09
4.03673e-09
1.31983e-08
3.96873e-08
9.19805e-08
1.69215e-07
3.0076e-07
6.06463e-07
1.40632e-06
3.41456e-06
8.03868e-06
1.76978e-05
3.50028e-05
5.83637e-05
7.82361e-05
8.32556e-05
8.86724e-05
0.00010979
0.000144719
0.000177459
0.00019377
0.000183361
0.000141262
9.52208e-05
5.20233e-05
2.81274e-05
1.50442e-05
7.89945e-06
4.04603e-06
1.97471e-06
9.36043e-07
4.16842e-07
1.79034e-07
7.62226e-08
3.43079e-08
1.587e-08
7.17833e-09
3.13847e-09
1.29395e-09
3.2815e-10
1.76399e-26
7.30201e-26
1.53564e-25
2.30245e-25
2.95554e-25
3.62748e-25
4.41827e-25
5.41773e-25
6.52688e-25
7.19544e-25
7.68045e-25
8.55382e-25
9.44555e-25
1.09362e-24
1.25589e-24
1.41785e-24
1.62304e-24
1.82551e-24
2.04321e-24
2.34282e-24
2.77597e-24
3.36684e-24
4.50469e-24
7.15926e-24
1.406e-23
3.31611e-23
8.66053e-23
2.46171e-22
6.88407e-22
1.93174e-21
5.38217e-21
1.47742e-20
4.02904e-20
1.07139e-19
2.8246e-19
7.23052e-19
1.84416e-18
4.53023e-18
1.15233e-17
2.75962e-17
6.51253e-17
1.45475e-16
3.28634e-16
7.14917e-16
1.55282e-15
3.24876e-15
6.41689e-15
1.1918e-14
2.08527e-14
3.50515e-14
5.98012e-14
1.14148e-13
2.64947e-13
6.41713e-13
1.89381e-12
5.19688e-12
1.48802e-11
4.56263e-11
1.39386e-10
4.231e-10
1.3072e-09
4.05658e-09
1.3266e-08
3.98652e-08
9.22836e-08
1.69666e-07
3.0167e-07
6.08821e-07
1.41258e-06
3.42922e-06
8.07019e-06
1.77587e-05
3.50979e-05
5.84639e-05
7.82836e-05
8.32224e-05
8.87105e-05
0.000109901
0.000144849
0.000177546
0.000193791
0.000183278
0.000141135
9.51206e-05
5.19539e-05
2.80898e-05
1.50238e-05
7.88836e-06
4.04005e-06
1.9718e-06
9.34573e-07
4.16191e-07
1.78745e-07
7.61016e-08
3.42547e-08
1.58442e-08
7.16619e-09
3.1332e-09
1.29185e-09
3.27643e-10
1.93245e-26
5.53234e-26
1.05298e-25
1.65433e-25
2.46311e-25
3.1994e-25
3.75469e-25
4.76234e-25
5.95932e-25
6.70581e-25
7.5202e-25
8.4311e-25
9.43735e-25
1.10563e-24
1.24962e-24
1.46764e-24
1.66698e-24
1.77914e-24
1.95021e-24
2.24857e-24
2.68885e-24
3.3369e-24
4.45748e-24
7.08113e-24
1.38005e-23
3.26838e-23
8.62755e-23
2.41951e-22
6.77554e-22
1.90114e-21
5.27506e-21
1.44429e-20
4.0094e-20
1.05895e-19
2.71681e-19
7.06315e-19
1.80771e-18
4.40142e-18
1.11067e-17
2.78037e-17
6.34932e-17
1.46706e-16
3.20802e-16
7.16342e-16
1.55138e-15
3.24233e-15
6.40595e-15
1.19022e-14
2.08335e-14
3.50351e-14
5.98145e-14
1.14303e-13
2.65702e-13
6.4444e-13
1.90328e-12
5.22806e-12
1.49987e-11
4.60206e-11
1.40639e-10
4.27059e-10
1.32024e-09
4.101e-09
1.34175e-08
4.02628e-08
9.2957e-08
1.70662e-07
3.03671e-07
6.14004e-07
1.4263e-06
3.46124e-06
8.13877e-06
1.78914e-05
3.53033e-05
5.86809e-05
7.83858e-05
8.31506e-05
8.87939e-05
0.000110144
0.000145131
0.000177733
0.000193834
0.000183097
0.000140861
9.49038e-05
5.18053e-05
2.80092e-05
1.49799e-05
7.86462e-06
4.02729e-06
1.96557e-06
9.3143e-07
4.14808e-07
1.78129e-07
7.58453e-08
3.41425e-08
1.57895e-08
7.14049e-09
3.12201e-09
1.2874e-09
3.26564e-10
3.64123e-26
8.17144e-26
1.23418e-25
1.79158e-25
2.4019e-25
3.01505e-25
3.74784e-25
4.69383e-25
5.68885e-25
6.59546e-25
7.73015e-25
8.63092e-25
9.87609e-25
1.14243e-24
1.33923e-24
1.55833e-24
1.7485e-24
1.97634e-24
2.1833e-24
2.44316e-24
2.7513e-24
3.24699e-24
4.27935e-24
6.81994e-24
1.37155e-23
3.26035e-23
8.55822e-23
2.36413e-22
6.70063e-22
1.8782e-21
5.22513e-21
1.43055e-20
3.9118e-20
1.04095e-19
2.73936e-19
7.09154e-19
1.79339e-18
4.39522e-18
1.11354e-17
2.752e-17
6.38527e-17
1.43899e-16
3.1866e-16
7.14829e-16
1.54271e-15
3.22506e-15
6.37806e-15
1.18611e-14
2.07796e-14
3.49758e-14
5.97877e-14
1.14478e-13
2.66819e-13
6.48749e-13
1.91755e-12
5.277e-12
1.51895e-11
4.66626e-11
1.42692e-10
4.33554e-10
1.34152e-09
4.17336e-09
1.36631e-08
4.08976e-08
9.40175e-08
1.72224e-07
3.06821e-07
6.22173e-07
1.44798e-06
3.51145e-06
8.24594e-06
1.80972e-05
3.56232e-05
5.90123e-05
7.85383e-05
8.304e-05
8.89195e-05
0.000110512
0.000145556
0.000178013
0.000193898
0.000182822
0.000140453
9.45822e-05
5.15883e-05
2.78915e-05
1.49158e-05
7.82981e-06
4.00854e-06
1.95644e-06
9.26819e-07
4.12773e-07
1.77224e-07
7.54667e-08
3.39744e-08
1.57079e-08
7.10221e-09
3.10535e-09
1.28078e-09
3.24956e-10
2.20268e-26
7.38827e-26
1.25803e-25
1.69388e-25
2.07848e-25
2.62933e-25
3.39808e-25
4.29587e-25
5.19494e-25
6.18785e-25
7.4813e-25
8.80375e-25
1.0557e-24
1.24488e-24
1.41379e-24
1.59066e-24
1.79037e-24
2.03955e-24
2.26825e-24
2.50474e-24
2.83834e-24
3.30537e-24
4.35388e-24
6.84733e-24
1.35169e-23
3.17125e-23
8.32859e-23
2.294e-22
6.49962e-22
1.83556e-21
5.01775e-21
1.41801e-20
3.8174e-20
1.01812e-19
2.68527e-19
6.92218e-19
1.76371e-18
4.35777e-18
1.08007e-17
2.64792e-17
6.30607e-17
1.42581e-16
3.13509e-16
7.05249e-16
1.52939e-15
3.19923e-15
6.33359e-15
1.17916e-14
2.06826e-14
3.48613e-14
5.9702e-14
1.14646e-13
2.68277e-13
6.54725e-13
1.93643e-12
5.3414e-12
1.54429e-11
4.75224e-11
1.45459e-10
4.42366e-10
1.37066e-09
4.27362e-09
1.40069e-08
4.17582e-08
9.54171e-08
1.74263e-07
3.10944e-07
6.3289e-07
1.47622e-06
3.57771e-06
8.38533e-06
1.83642e-05
3.60322e-05
5.94376e-05
7.87297e-05
8.28953e-05
8.90823e-05
0.000110991
0.000146106
0.000178373
0.000193979
0.000182469
0.000139934
9.41743e-05
5.13195e-05
2.77457e-05
1.48363e-05
7.78664e-06
3.98524e-06
1.9451e-06
9.21091e-07
4.10242e-07
1.76101e-07
7.49951e-08
3.37637e-08
1.56048e-08
7.0536e-09
3.08413e-09
1.27232e-09
3.229e-10
2.51655e-26
6.92802e-26
1.33736e-25
1.82286e-25
2.37005e-25
3.14762e-25
4.19719e-25
4.76728e-25
5.524e-25
6.45634e-25
7.69574e-25
9.17398e-25
1.06604e-24
1.19987e-24
1.31161e-24
1.48644e-24
1.73135e-24
1.97058e-24
2.2124e-24
2.47514e-24
2.81221e-24
3.41457e-24
4.44123e-24
6.94556e-24
1.3282e-23
3.07794e-23
8.06419e-23
2.21368e-22
6.27211e-22
1.75127e-21
4.85404e-21
1.35315e-20
3.67817e-20
9.83569e-20
2.53768e-19
6.66767e-19
1.69535e-18
4.20721e-18
1.05634e-17
2.63329e-17
6.0853e-17
1.42429e-16
3.1353e-16
6.92777e-16
1.50424e-15
3.15826e-15
6.26842e-15
1.16919e-14
2.0545e-14
3.46878e-14
5.95431e-14
1.14769e-13
2.69993e-13
6.61981e-13
1.95671e-12
5.41945e-12
1.5749e-11
4.85549e-11
1.48759e-10
4.52767e-10
1.40459e-09
4.38835e-09
1.43904e-08
4.27409e-08
9.70345e-08
1.76595e-07
3.15571e-07
6.4441e-07
1.50484e-06
3.65448e-06
8.55274e-06
1.86858e-05
3.65227e-05
5.99426e-05
7.89498e-05
8.27198e-05
8.92745e-05
0.000111562
0.000146755
0.000178792
0.000194068
0.00018205
0.000139331
9.37024e-05
5.10155e-05
2.75807e-05
1.47463e-05
7.73768e-06
3.9588e-06
1.93226e-06
9.14603e-07
4.07364e-07
1.74813e-07
7.44529e-08
3.352e-08
1.5485e-08
6.99699e-09
3.05934e-09
1.26241e-09
3.20486e-10
3.30398e-26
8.02157e-26
1.22565e-25
1.75368e-25
2.31108e-25
3.04964e-25
4.05082e-25
4.79591e-25
5.71597e-25
6.86845e-25
7.90422e-25
9.23368e-25
1.05977e-24
1.20373e-24
1.37155e-24
1.56284e-24
1.76677e-24
2.05045e-24
2.34264e-24
2.59921e-24
2.89241e-24
3.31381e-24
4.24595e-24
6.55936e-24
1.25382e-23
2.9191e-23
7.74419e-23
2.13446e-22
5.9914e-22
1.67597e-21
4.75127e-21
1.30385e-20
3.52616e-20
9.44879e-20
2.49051e-19
6.46383e-19
1.65605e-18
4.10087e-18
1.03417e-17
2.57548e-17
6.00219e-17
1.38666e-16
3.09362e-16
6.77525e-16
1.47402e-15
3.10228e-15
6.1755e-15
1.15537e-14
2.03419e-14
3.44417e-14
5.92743e-14
1.14722e-13
2.71446e-13
6.69309e-13
1.97523e-12
5.49397e-12
1.60723e-11
4.96817e-11
1.52401e-10
4.6431e-10
1.44243e-09
4.51686e-09
1.48207e-08
4.3849e-08
9.88227e-08
1.79187e-07
3.20824e-07
6.58343e-07
1.54232e-06
3.74392e-06
8.74466e-06
1.90538e-05
3.70858e-05
6.05207e-05
7.9191e-05
8.25207e-05
8.94894e-05
0.000112204
0.000147478
0.000179252
0.00019416
0.000181577
0.000138668
9.31871e-05
5.06975e-05
2.74077e-05
1.46517e-05
7.68618e-06
3.93096e-06
1.91875e-06
9.07774e-07
4.04333e-07
1.7347e-07
7.38876e-08
3.3262e-08
1.53566e-08
6.93565e-09
3.03229e-09
1.25152e-09
3.17823e-10
2.76079e-26
7.19445e-26
1.19444e-25
1.65611e-25
2.25895e-25
2.9549e-25
3.88813e-25
4.75437e-25
5.56743e-25
6.43822e-25
7.36998e-25
8.55237e-25
9.9814e-25
1.13065e-24
1.31273e-24
1.55997e-24
1.81322e-24
1.9928e-24
2.25285e-24
2.5449e-24
2.88279e-24
3.35717e-24
4.22563e-24
6.37523e-24
1.20115e-23
2.78229e-23
7.25504e-23
1.9916e-22
5.69903e-22
1.5945e-21
4.44383e-21
1.22183e-20
3.36121e-20
9.02531e-20
2.39079e-19
6.18844e-19
1.56225e-18
3.83409e-18
9.86408e-18
2.44201e-17
5.82742e-17
1.33773e-16
2.94991e-16
6.5832e-16
1.43407e-15
3.02982e-15
6.05149e-15
1.13602e-14
2.00746e-14
3.40602e-14
5.88689e-14
1.14524e-13
2.73012e-13
6.78056e-13
1.99391e-12
5.57798e-12
1.64463e-11
5.09296e-11
1.56448e-10
4.77313e-10
1.48569e-09
4.66547e-09
1.53239e-08
4.51005e-08
1.00844e-07
1.82216e-07
3.27211e-07
6.74547e-07
1.58559e-06
3.84344e-06
8.95768e-06
1.94572e-05
3.76871e-05
6.11124e-05
7.94363e-05
8.23149e-05
8.97242e-05
0.000112897
0.00014825
0.000179735
0.000194252
0.000181079
0.000138001
9.26691e-05
5.03809e-05
2.7235e-05
1.45576e-05
7.63502e-06
3.90332e-06
1.9054e-06
9.01021e-07
4.01325e-07
1.72127e-07
7.33172e-08
3.29993e-08
1.52247e-08
6.87237e-09
3.0042e-09
1.24014e-09
3.15026e-10
2.83898e-26
6.17857e-26
1.09487e-25
1.66544e-25
2.19654e-25
2.78496e-25
3.53875e-25
4.42999e-25
5.32326e-25
6.53637e-25
7.69562e-25
8.60743e-25
9.64352e-25
1.12432e-24
1.29925e-24
1.50133e-24
1.67574e-24
1.87554e-24
2.10197e-24
2.42959e-24
2.83729e-24
3.32063e-24
4.10612e-24
6.07683e-24
1.13164e-23
2.56236e-23
6.64892e-23
1.83865e-22
5.13892e-22
1.43645e-21
4.06363e-21
1.14774e-20
3.10022e-20
8.56516e-20
2.25461e-19
5.8725e-19
1.5055e-18
3.67053e-18
9.46142e-18
2.35567e-17
5.51739e-17
1.27565e-16
2.81348e-16
6.33613e-16
1.38168e-15
2.92381e-15
5.88039e-15
1.11e-14
1.97078e-14
3.3578e-14
5.82262e-14
1.14045e-13
2.74475e-13
6.8833e-13
2.00733e-12
5.66231e-12
1.68616e-11
5.2566e-11
1.61804e-10
4.9403e-10
1.53942e-09
4.84392e-09
1.58937e-08
4.64491e-08
1.02922e-07
1.85238e-07
3.33487e-07
6.91325e-07
1.62784e-06
3.94011e-06
9.21753e-06
1.99253e-05
3.83632e-05
6.17878e-05
7.96934e-05
8.21067e-05
8.99708e-05
0.000113625
0.00014905
0.000180222
0.000194336
0.000180573
0.000137342
9.21633e-05
5.00842e-05
2.70754e-05
1.44705e-05
7.58776e-06
3.87785e-06
1.8932e-06
8.94963e-07
3.98594e-07
1.70906e-07
7.27932e-08
3.27518e-08
1.50987e-08
6.81122e-09
2.97675e-09
1.2289e-09
3.12238e-10
3.10082e-26
7.27231e-26
1.20323e-25
1.55761e-25
2.10486e-25
2.88651e-25
3.74028e-25
4.61287e-25
5.46567e-25
6.61825e-25
7.5708e-25
8.73714e-25
1.01144e-24
1.16112e-24
1.30155e-24
1.48189e-24
1.66811e-24
1.97429e-24
2.28744e-24
2.6162e-24
3.02138e-24
3.5488e-24
4.31424e-24
6.12587e-24
1.08232e-23
2.40557e-23
6.11559e-23
1.66447e-22
4.67295e-22
1.30192e-21
3.73919e-21
1.04667e-20
2.93134e-20
7.90826e-20
2.09446e-19
5.59498e-19
1.41946e-18
3.55873e-18
9.03652e-18
2.23816e-17
5.26692e-17
1.22052e-16
2.72592e-16
6.00548e-16
1.31731e-15
2.80189e-15
5.64923e-15
1.07521e-14
1.92178e-14
3.29386e-14
5.73927e-14
1.13101e-13
2.75138e-13
6.98026e-13
2.00646e-12
5.70793e-12
1.71323e-11
5.35435e-11
1.65093e-10
5.05093e-10
1.57686e-09
4.98031e-09
1.64026e-08
4.77269e-08
1.04984e-07
1.88378e-07
3.40256e-07
7.09169e-07
1.67299e-06
4.04898e-06
9.44174e-06
2.03418e-05
3.8979e-05
6.23935e-05
7.9923e-05
8.1892e-05
9.01828e-05
0.00011427
0.00014975
0.000180635
0.000194389
0.000180094
0.000136748
9.17119e-05
4.98241e-05
2.69355e-05
1.43949e-05
7.54713e-06
3.8561e-06
1.88289e-06
8.89878e-07
3.96364e-07
1.69935e-07
7.23761e-08
3.25493e-08
1.49913e-08
6.75752e-09
2.952e-09
1.21852e-09
3.0963e-10
1.47789e-26
4.90592e-26
9.79204e-26
1.48925e-25
2.11853e-25
2.81285e-25
3.73832e-25
4.53512e-25
5.38481e-25
6.20984e-25
7.46469e-25
8.68306e-25
9.82821e-25
1.11907e-24
1.25122e-24
1.40997e-24
1.65815e-24
1.87313e-24
2.12653e-24
2.40991e-24
2.75741e-24
3.20693e-24
3.99423e-24
5.72309e-24
9.90991e-24
2.14786e-23
5.45895e-23
1.49767e-22
4.24915e-22
1.18981e-21
3.40951e-21
9.61525e-21
2.64761e-20
7.26598e-20
1.90742e-19
5.10365e-19
1.31927e-18
3.30356e-18
8.49039e-18
2.09318e-17
4.97952e-17
1.15691e-16
2.59646e-16
5.62433e-16
1.24424e-15
2.66413e-15
5.41122e-15
1.03543e-14
1.86175e-14
3.20826e-14
5.61712e-14
1.11217e-13
2.73401e-13
7.06907e-13
1.99377e-12
5.73153e-12
1.73595e-11
5.45404e-11
1.68832e-10
5.17607e-10
1.62145e-09
5.14434e-09
1.69652e-08
4.9033e-08
1.07019e-07
1.91508e-07
3.47182e-07
7.28739e-07
1.72247e-06
4.16081e-06
9.69438e-06
2.07561e-05
3.95755e-05
6.29448e-05
8.01088e-05
8.17194e-05
9.03736e-05
0.000114854
0.000150368
0.000180982
0.000194425
0.000179707
0.000136279
9.13544e-05
4.96239e-05
2.68289e-05
1.43385e-05
7.51765e-06
3.84108e-06
1.87607e-06
8.86677e-07
3.94942e-07
1.69324e-07
7.21039e-08
3.24062e-08
1.49134e-08
6.7178e-09
2.93318e-09
1.21036e-09
3.07518e-10
3.20063e-26
8.17344e-26
1.30287e-25
1.9146e-25
2.79113e-25
3.89419e-25
4.61381e-25
5.29175e-25
6.21482e-25
7.08233e-25
7.98118e-25
9.28591e-25
1.05477e-24
1.20606e-24
1.39599e-24
1.55057e-24
1.73273e-24
1.92886e-24
2.16282e-24
2.37761e-24
2.63782e-24
3.052e-24
3.75923e-24
5.26855e-24
8.93428e-24
1.91327e-23
4.79975e-23
1.29715e-22
3.73455e-22
1.06214e-21
3.03116e-21
8.50309e-21
2.37663e-20
6.4703e-20
1.73232e-19
4.5932e-19
1.18998e-18
3.04355e-18
7.67806e-18
1.92096e-17
4.62407e-17
1.0816e-16
2.5153e-16
5.48407e-16
1.15581e-15
2.50135e-15
5.10178e-15
9.78215e-15
1.77668e-14
3.07865e-14
5.38425e-14
1.05361e-13
2.5232e-13
7.18784e-13
1.99239e-12
5.74359e-12
1.75438e-11
5.54255e-11
1.72272e-10
5.30245e-10
1.66737e-09
5.29569e-09
1.74407e-08
5.02577e-08
1.0902e-07
1.94673e-07
3.53879e-07
7.45578e-07
1.76573e-06
4.26388e-06
9.91163e-06
2.11658e-05
4.01807e-05
6.35084e-05
8.02772e-05
8.15407e-05
9.05205e-05
0.000115338
0.000150868
0.000181241
0.000194441
0.000179436
0.000135994
9.11494e-05
4.95172e-05
2.67757e-05
1.43124e-05
7.50529e-06
3.83543e-06
1.87387e-06
8.85914e-07
3.9465e-07
1.69232e-07
7.20439e-08
3.23501e-08
1.4874e-08
6.6946e-09
2.92083e-09
1.20448e-09
3.05909e-10
1.75742e-26
5.64805e-26
1.11397e-25
2.00098e-25
2.75088e-25
3.3183e-25
3.88049e-25
4.74731e-25
5.86378e-25
6.77437e-25
7.71889e-25
8.94577e-25
1.02102e-24
1.18864e-24
1.39803e-24
1.6294e-24
1.84457e-24
2.05278e-24
2.28614e-24
2.49917e-24
2.74863e-24
3.22574e-24
3.93873e-24
5.20924e-24
8.30107e-24
1.68981e-23
4.15174e-23
1.12334e-22
3.15798e-22
8.88003e-22
2.61711e-21
7.36915e-21
2.04055e-20
5.65263e-20
1.53183e-19
4.06754e-19
1.06519e-18
2.75966e-18
7.06141e-18
1.76784e-17
4.29095e-17
1.00495e-16
2.32651e-16
5.32222e-16
1.12999e-15
2.30877e-15
4.78261e-15
9.24163e-15
1.67906e-14
2.93572e-14
5.14505e-14
1.00379e-13
2.41394e-13
7.07511e-13
1.97326e-12
5.71467e-12
1.75974e-11
5.59109e-11
1.74417e-10
5.37977e-10
1.6939e-09
5.39558e-09
1.78211e-08
5.12902e-08
1.10765e-07
1.97312e-07
3.60313e-07
7.61447e-07
1.80731e-06
4.35953e-06
1.01157e-05
2.15339e-05
4.06797e-05
6.39662e-05
8.03925e-05
8.13356e-05
9.05984e-05
0.000115694
0.000151218
0.000181388
0.00019443
0.000179309
0.000135916
9.11177e-05
4.95154e-05
2.67825e-05
1.4321e-05
7.51295e-06
3.84139e-06
1.8776e-06
8.88336e-07
3.95836e-07
1.69822e-07
7.22647e-08
3.24093e-08
1.48864e-08
6.69406e-09
2.91745e-09
1.20177e-09
3.04993e-10
1.83536e-26
5.8212e-26
1.17982e-25
1.91592e-25
2.75728e-25
3.49686e-25
4.21434e-25
4.989e-25
5.81027e-25
6.69205e-25
7.72553e-25
8.83509e-25
1.02469e-24
1.2193e-24
1.42002e-24
1.67079e-24
1.84455e-24
2.04681e-24
2.29908e-24
2.64605e-24
2.84842e-24
3.16216e-24
3.71086e-24
4.7213e-24
7.32968e-24
1.44066e-23
3.51934e-23
9.35708e-23
2.62867e-22
7.63092e-22
2.19962e-21
6.24144e-21
1.71888e-20
4.84419e-20
1.3142e-19
3.56985e-19
9.32235e-19
2.47714e-18
6.3775e-18
1.58668e-17
3.86866e-17
9.1913e-17
2.11641e-16
4.81706e-16
1.07793e-15
2.29986e-15
4.54004e-15
8.62502e-15
1.58528e-14
2.7734e-14
4.89942e-14
9.59484e-14
2.32036e-13
6.88305e-13
1.93821e-12
5.64914e-12
1.75257e-11
5.6029e-11
1.7557e-10
5.43212e-10
1.7152e-09
5.4816e-09
1.81652e-08
5.2154e-08
1.1207e-07
1.99567e-07
3.65457e-07
7.76217e-07
1.84665e-06
4.45384e-06
1.03221e-05
2.19031e-05
4.11747e-05
6.4371e-05
8.04626e-05
8.11524e-05
9.06009e-05
0.000115875
0.000151367
0.000181393
0.000194389
0.000179371
0.00013611
9.13115e-05
4.96517e-05
2.68686e-05
1.43755e-05
7.54717e-06
3.86265e-06
1.88917e-06
8.94994e-07
3.98983e-07
1.71323e-07
7.28617e-08
3.26224e-08
1.49683e-08
6.72364e-09
2.92592e-09
1.20321e-09
3.0498e-10
2.25135e-26
6.76384e-26
1.23983e-25
1.79467e-25
2.44411e-25
3.19375e-25
4.12096e-25
5.10766e-25
6.1892e-25
7.13746e-25
8.23131e-25
9.35964e-25
1.04298e-24
1.17866e-24
1.33038e-24
1.51571e-24
1.70594e-24
1.94492e-24
2.15868e-24
2.39934e-24
2.67775e-24
3.01855e-24
3.42821e-24
4.32636e-24
6.51855e-24
1.22846e-23
2.87359e-23
7.6395e-23
2.1514e-22
6.18249e-22
1.79442e-21
5.15362e-21
1.44935e-20
4.07832e-20
1.11831e-19
3.01732e-19
8.07258e-19
2.1046e-18
5.64042e-18
1.4177e-17
3.45746e-17
8.13813e-17
1.91047e-16
4.23616e-16
9.61334e-16
2.11802e-15
4.40672e-15
8.07286e-15
1.49481e-14
2.63861e-14
4.67265e-14
9.14615e-14
2.21499e-13
6.62306e-13
1.88157e-12
5.53161e-12
1.73174e-11
5.57537e-11
1.75601e-10
5.45125e-10
1.72546e-09
5.52514e-09
1.83429e-08
5.26735e-08
1.13086e-07
2.01386e-07
3.70122e-07
7.90249e-07
1.88012e-06
4.53187e-06
1.04771e-05
2.21824e-05
4.15534e-05
6.46807e-05
8.04818e-05
8.09538e-05
9.05101e-05
0.000115864
0.000151293
0.000181239
0.000194315
0.000179659
0.000136636
9.17853e-05
4.99674e-05
2.70581e-05
1.44901e-05
7.61631e-06
3.90405e-06
1.91118e-06
9.07286e-07
4.04751e-07
1.74044e-07
7.39643e-08
3.30384e-08
1.51394e-08
6.79185e-09
2.94958e-09
1.20999e-09
3.06127e-10
2.08385e-26
6.03735e-26
1.10231e-25
1.80516e-25
2.67831e-25
3.50668e-25
4.22436e-25
4.91225e-25
5.86001e-25
7.01256e-25
8.37041e-25
9.95254e-25
1.1334e-24
1.22756e-24
1.30335e-24
1.40845e-24
1.5493e-24
1.71004e-24
1.93619e-24
2.15711e-24
2.41312e-24
2.70242e-24
3.14091e-24
3.96832e-24
5.6912e-24
1.02938e-23
2.32034e-23
6.14569e-23
1.72499e-22
4.92591e-22
1.45691e-21
4.16984e-21
1.181e-20
3.34613e-20
9.34164e-20
2.50694e-19
6.82624e-19
1.80366e-18
4.73204e-18
1.22561e-17
3.00791e-17
7.21611e-17
1.68123e-16
3.8785e-16
8.62173e-16
1.92474e-15
4.16419e-15
7.84792e-15
1.39939e-14
2.46395e-14
4.35802e-14
8.59519e-14
2.08577e-13
6.27064e-13
1.79286e-12
5.36237e-12
1.7042e-11
5.52156e-11
1.7472e-10
5.44221e-10
1.72733e-09
5.54355e-09
1.84602e-08
5.3107e-08
1.1399e-07
2.03166e-07
3.75115e-07
8.0373e-07
1.918e-06
4.61184e-06
1.06295e-05
2.24575e-05
4.19078e-05
6.4939e-05
8.0458e-05
8.07265e-05
9.03151e-05
0.000115656
0.000150991
0.000180919
0.000194209
0.000180198
0.000137552
9.25947e-05
5.05197e-05
2.73849e-05
1.46846e-05
7.73169e-06
3.97199e-06
1.94712e-06
9.27079e-07
4.14026e-07
1.78406e-07
7.57503e-08
3.3725e-08
1.5428e-08
6.91044e-09
2.99292e-09
1.22363e-09
3.08749e-10
3.19802e-26
1.19028e-25
2.1038e-25
2.86217e-25
3.39846e-25
4.2489e-25
5.04229e-25
5.78751e-25
6.44852e-25
6.99855e-25
7.83359e-25
8.85054e-25
1.02178e-24
1.1565e-24
1.32247e-24
1.45134e-24
1.58998e-24
1.73644e-24
1.93931e-24
2.11079e-24
2.32158e-24
2.63657e-24
3.0499e-24
3.7844e-24
5.26216e-24
8.83168e-24
1.90027e-23
4.85994e-23
1.35675e-22
3.91048e-22
1.13437e-21
3.28454e-21
9.38116e-21
2.71673e-20
7.63251e-20
2.04148e-19
5.77909e-19
1.53676e-18
4.04158e-18
1.02023e-17
2.58026e-17
6.1836e-17
1.45173e-16
3.38993e-16
7.5863e-16
1.73203e-15
3.69179e-15
7.52507e-15
1.34481e-14
2.28827e-14
4.06941e-14
7.93381e-14
1.93976e-13
5.89456e-13
1.70784e-12
5.14142e-12
1.65835e-11
5.43585e-11
1.73248e-10
5.41928e-10
1.7254e-09
5.55282e-09
1.85619e-08
5.35484e-08
1.14942e-07
2.05206e-07
3.80503e-07
8.20344e-07
1.95851e-06
4.70624e-06
1.08181e-05
2.27796e-05
4.23155e-05
6.52308e-05
8.03935e-05
8.04242e-05
9.0011e-05
0.000115267
0.000150476
0.000180439
0.000194071
0.00018099
0.000138902
9.37977e-05
5.13981e-05
2.78994e-05
1.49873e-05
7.90904e-06
4.07501e-06
2.0016e-06
9.56766e-07
4.27998e-07
1.8498e-07
7.84697e-08
3.478e-08
1.5876e-08
7.0955e-09
3.06187e-09
1.24576e-09
3.13135e-10
3.92741e-26
1.28362e-25
2.26776e-25
3.16377e-25
4.22137e-25
4.95949e-25
5.76301e-25
6.48738e-25
7.46454e-25
8.55977e-25
9.72796e-25
1.12428e-24
1.26634e-24
1.3688e-24
1.47698e-24
1.6089e-24
1.76392e-24
1.90349e-24
2.08453e-24
2.27174e-24
2.53e-24
2.82652e-24
3.17096e-24
3.78942e-24
5.03192e-24
7.95133e-24
1.5935e-23
3.899e-23
1.07532e-22
3.06695e-22
8.90077e-22
2.64877e-21
7.6058e-21
2.19183e-20
6.15965e-20
1.70627e-19
4.66344e-19
1.24944e-18
3.32703e-18
8.6199e-18
2.15186e-17
5.25307e-17
1.24299e-16
2.89767e-16
6.68135e-16
1.52463e-15
3.31653e-15
6.69779e-15
1.27981e-14
2.21314e-14
3.77633e-14
7.28946e-14
1.73155e-13
5.07244e-13
1.64032e-12
4.92435e-12
1.5994e-11
5.30016e-11
1.70593e-10
5.3733e-10
1.71864e-09
5.55248e-09
1.86698e-08
5.41202e-08
1.16405e-07
2.08042e-07
3.876e-07
8.42121e-07
2.01221e-06
4.82666e-06
1.10502e-05
2.31898e-05
4.28361e-05
6.56131e-05
8.0372e-05
8.01894e-05
8.9676e-05
0.000114771
0.000149823
0.000179855
0.000193925
0.000182008
0.000140689
9.54332e-05
5.27387e-05
2.86768e-05
1.54381e-05
8.16825e-06
4.22249e-06
2.0805e-06
9.99148e-07
4.48343e-07
1.94545e-07
8.24606e-08
3.63474e-08
1.6534e-08
7.36688e-09
3.161e-09
1.26909e-09
3.1798e-10
5.09526e-26
1.51709e-25
2.76704e-25
4.18932e-25
5.17138e-25
5.70568e-25
6.48683e-25
7.46371e-25
8.83524e-25
1.03649e-24
1.1813e-24
1.32122e-24
1.42946e-24
1.51938e-24
1.61326e-24
1.73994e-24
1.8786e-24
2.05381e-24
2.23652e-24
2.46467e-24
2.69759e-24
2.95082e-24
3.27756e-24
3.90476e-24
4.94998e-24
7.37475e-24
1.41189e-23
3.33094e-23
8.92792e-23
2.53601e-22
7.3356e-22
2.15071e-21
6.19799e-21
1.76908e-20
5.00778e-20
1.39033e-19
3.81046e-19
1.00891e-18
2.74539e-18
7.22561e-18
1.80813e-17
4.44894e-17
1.05929e-16
2.48495e-16
5.68274e-16
1.31047e-15
2.90412e-15
6.03856e-15
1.1632e-14
2.09867e-14
3.44395e-14
6.50335e-14
1.47621e-13
4.3304e-13
1.43609e-12
4.76937e-12
1.54997e-11
5.18296e-11
1.68537e-10
5.3446e-10
1.71786e-09
5.57768e-09
1.88654e-08
5.48549e-08
1.18037e-07
2.11523e-07
3.97015e-07
8.69856e-07
2.08515e-06
4.99329e-06
1.13841e-05
2.37315e-05
4.34956e-05
6.60701e-05
8.03049e-05
7.98378e-05
8.93164e-05
0.000114305
0.000149182
0.000179257
0.000193783
0.000183158
0.000142883
9.76705e-05
5.47811e-05
2.98191e-05
1.60771e-05
8.51976e-06
4.4045e-06
2.20242e-06
1.06175e-06
4.77317e-07
2.07923e-07
8.80266e-08
3.85193e-08
1.74253e-08
7.73304e-09
3.29817e-09
1.31338e-09
3.27119e-10
3.23549e-26
9.52485e-26
2.04592e-25
3.3533e-25
4.64567e-25
5.97611e-25
7.62455e-25
9.59411e-25
1.13404e-24
1.31336e-24
1.47136e-24
1.6116e-24
1.75622e-24
1.90468e-24
2.06069e-24
2.21454e-24
2.39424e-24
2.5833e-24
2.79118e-24
3.03006e-24
3.25025e-24
3.48459e-24
3.75674e-24
4.21743e-24
5.17446e-24
7.41816e-24
1.34427e-23
3.06618e-23
7.9322e-23
2.20652e-22
6.31564e-22
1.80964e-21
5.0564e-21
1.4591e-20
4.11843e-20
1.15788e-19
3.17233e-19
8.52717e-19
2.27375e-18
5.92422e-18
1.51314e-17
3.66308e-17
8.80547e-17
2.06986e-16
4.84635e-16
1.10642e-15
2.45989e-15
5.15525e-15
1.00661e-14
1.83501e-14
3.30202e-14
5.8128e-14
1.29762e-13
3.72879e-13
1.25553e-12
4.49074e-12
1.48415e-11
5.02308e-11
1.65394e-10
5.29514e-10
1.71427e-09
5.60281e-09
1.91299e-08
5.60818e-08
1.20668e-07
2.17064e-07
4.12668e-07
9.10181e-07
2.17888e-06
5.19245e-06
1.17638e-05
2.43907e-05
4.42933e-05
6.66362e-05
8.02513e-05
7.94401e-05
8.90338e-05
0.00011403
0.000148745
0.000178786
0.000193642
0.000183987
0.000144457
0.000100485
5.74545e-05
3.12484e-05
1.68492e-05
8.93487e-06
4.62828e-06
2.32661e-06
1.12799e-06
5.0976e-07
2.22948e-07
9.43606e-08
4.10355e-08
1.84655e-08
8.15509e-09
3.44671e-09
1.3627e-09
3.37388e-10
2.94656e-26
8.3198e-26
1.49785e-25
2.30695e-25
3.22865e-25
4.32266e-25
5.64754e-25
7.26623e-25
9.18037e-25
1.15158e-24
1.47344e-24
1.74858e-24
1.98798e-24
2.21394e-24
2.42067e-24
2.61033e-24
2.78213e-24
2.9675e-24
3.15593e-24
3.3769e-24
3.61164e-24
3.85393e-24
4.1207e-24
4.60659e-24
5.60183e-24
7.89468e-24
1.35537e-23
2.91287e-23
7.20853e-23
1.93081e-22
5.35973e-22
1.51354e-21
4.21904e-21
1.18105e-20
3.32161e-20
9.05059e-20
2.51194e-19
6.78717e-19
1.79266e-18
4.81474e-18
1.2146e-17
2.96301e-17
7.12421e-17
1.6512e-16
3.67881e-16
8.50417e-16
1.92434e-15
4.14129e-15
8.35906e-15
1.59098e-14
2.87696e-14
5.43894e-14
1.10663e-13
3.08453e-13
1.07709e-12
3.92833e-12
1.36721e-11
4.7926e-11
1.61657e-10
5.26352e-10
1.71893e-09
5.66419e-09
1.95172e-08
5.74625e-08
1.23658e-07
2.23445e-07
4.2961e-07
9.54639e-07
2.28924e-06
5.43696e-06
1.21777e-05
2.50664e-05
4.51158e-05
6.71949e-05
8.02423e-05
7.91963e-05
8.88934e-05
0.000113933
0.00014853
0.000178517
0.000193589
0.000184663
0.000145904
0.000102189
5.93483e-05
3.22799e-05
1.74183e-05
9.25673e-06
4.8073e-06
2.42311e-06
1.17899e-06
5.34907e-07
2.34867e-07
9.94206e-08
4.30001e-08
1.9321e-08
8.53229e-09
3.59209e-09
1.41104e-09
3.477e-10
)
;

boundaryField
{
    fuel
    {
        type            fixedValue;
        value           uniform 0;
    }
    air
    {
        type            fixedValue;
        value           uniform 0;
    }
    outlet
    {
        type            inletOutlet;
        inletValue      uniform 0;
        value           nonuniform List<scalar> 
200
(
0
0
0
0
0
0
0
0
0
0
1.4006e-24
1.69816e-24
1.95185e-24
2.15992e-24
2.34235e-24
2.50455e-24
2.64444e-24
2.78247e-24
2.94653e-24
3.12657e-24
3.31221e-24
3.54379e-24
3.89009e-24
4.37143e-24
5.35291e-24
7.51945e-24
1.29829e-23
2.81029e-23
6.96935e-23
1.86929e-22
5.19558e-22
1.4629e-21
4.10254e-21
1.14431e-20
3.17711e-20
8.53824e-20
2.31933e-19
6.39343e-19
1.71316e-18
4.52956e-18
1.15264e-17
2.86059e-17
6.89485e-17
1.60723e-16
3.60991e-16
8.26858e-16
1.87351e-15
4.05507e-15
8.24683e-15
1.56655e-14
2.83757e-14
5.31814e-14
1.07677e-13
2.99637e-13
1.0307e-12
3.77365e-12
1.31494e-11
4.62122e-11
1.56086e-10
5.0891e-10
1.66265e-09
5.47898e-09
1.89442e-08
5.63677e-08
1.22454e-07
2.2162e-07
4.24842e-07
9.40885e-07
2.2528e-06
5.35034e-06
1.20204e-05
2.47735e-05
4.47285e-05
6.68658e-05
8.01548e-05
7.92165e-05
8.86468e-05
0.000113364
0.000147916
0.000178135
0.000193523
0.000185161
0.000146831
0.000103135
6.03293e-05
3.28159e-05
1.77104e-05
9.41185e-06
4.89085e-06
2.46691e-06
1.20124e-06
5.45341e-07
2.39679e-07
1.01446e-07
4.38158e-08
1.96617e-08
8.67449e-09
3.64839e-09
1.43174e-09
3.52472e-10
0
0
0
0
0
0
0
0
0
0
1.47344e-24
1.74858e-24
1.98798e-24
2.21394e-24
2.42067e-24
2.61033e-24
2.78213e-24
2.9675e-24
3.15593e-24
3.3769e-24
3.61164e-24
3.85393e-24
4.1207e-24
4.60659e-24
5.60183e-24
7.89468e-24
1.35537e-23
2.91287e-23
7.20853e-23
1.93081e-22
5.35973e-22
1.51354e-21
4.21904e-21
1.18105e-20
3.32161e-20
9.05059e-20
2.51194e-19
6.78717e-19
1.79266e-18
4.81474e-18
1.2146e-17
2.96301e-17
7.12421e-17
1.6512e-16
3.67881e-16
8.50417e-16
1.92434e-15
4.14129e-15
8.35906e-15
1.59098e-14
2.87696e-14
5.43894e-14
1.10663e-13
3.08453e-13
1.07709e-12
3.92833e-12
1.36721e-11
4.7926e-11
1.61657e-10
5.26352e-10
1.71893e-09
5.66419e-09
1.95172e-08
5.74625e-08
1.23658e-07
2.23445e-07
4.2961e-07
9.54639e-07
2.28924e-06
5.43696e-06
1.21777e-05
2.50664e-05
4.51158e-05
6.71949e-05
8.02423e-05
7.91963e-05
8.88934e-05
0.000113933
0.00014853
0.000178517
0.000193589
0.000184663
0.000145904
0.000102189
5.93483e-05
3.22799e-05
1.74183e-05
9.25673e-06
4.8073e-06
2.42311e-06
1.17899e-06
5.34907e-07
2.34867e-07
9.94206e-08
4.30001e-08
1.9321e-08
8.53229e-09
3.59209e-09
1.41104e-09
3.477e-10
)
;
    }
    frontAndBack
    {
        type            empty;
    }
    internal
    {
        type            internal;
    }
}


// ************************************************************************* //
