/*--------------------------------*- C++ -*----------------------------------*\
  =========                 |
  \\      /  F ield         | OpenFOAM: The Open Source CFD Toolbox
   \\    /   O peration     | Website:  https://openfoam.org
    \\  /    A nd           | Version:  10
     \\/     M anipulation  |
\*---------------------------------------------------------------------------*/
FoamFile
{
    format      ascii;
    class       volScalarField;
    location    "1";
    object      CH4;
}
// * * * * * * * * * * * * * * * * * * * * * * * * * * * * * * * * * * * * * //

dimensions      [0 0 0 0 0 0 0];

internalField   nonuniform List<scalar> 
4000
(
5.79321e-26
1.69985e-25
3.29482e-25
5.73193e-25
9.3854e-25
1.46668e-24
2.22189e-24
3.37092e-24
5.31393e-24
9.16216e-24
1.79235e-23
3.63709e-23
8.01498e-23
1.92132e-22
4.91382e-22
1.30872e-21
3.56463e-21
1.01738e-20
2.87956e-20
8.25154e-20
2.37735e-19
6.79386e-19
2.07864e-18
6.10608e-18
1.81952e-17
5.40928e-17
1.58948e-16
4.81275e-16
1.41996e-15
4.18936e-15
1.23591e-14
3.64052e-14
1.06096e-13
3.07296e-13
8.85453e-13
2.46652e-12
6.9724e-12
1.99985e-11
5.59492e-11
1.55004e-10
4.14743e-10
1.08917e-09
2.79894e-09
7.0231e-09
1.71872e-08
4.40566e-08
1.14905e-07
2.95188e-07
7.38436e-07
1.78442e-06
4.14672e-06
9.39758e-06
1.91028e-05
4.04047e-05
8.26345e-05
0.000160377
0.000290966
0.000514158
0.000861032
0.00136327
0.00203712
0.00284254
0.00381029
0.00491631
0.0061246
0.00739155
0.00868075
0.0099282
0.0111084
0.0122053
0.0132012
0.0140684
0.0147595
0.0151626
0.0151054
0.0144278
0.0131777
0.0114889
0.0094669
0.00722903
0.00505275
0.00320159
0.0018735
0.00106941
0.0005869
0.000320045
0.000173117
9.21844e-05
4.79843e-05
2.42426e-05
1.18269e-05
5.38804e-06
2.39473e-06
1.06731e-06
5.59804e-07
3.55622e-07
2.40611e-07
1.56411e-07
8.8018e-08
2.60854e-08
2.1086e-25
7.66133e-25
1.53168e-24
2.54564e-24
3.82685e-24
5.42283e-24
7.35561e-24
9.73871e-24
1.2776e-23
1.70425e-23
2.39157e-23
3.69256e-23
6.61264e-23
1.41005e-22
3.48744e-22
9.51745e-22
2.73661e-21
8.12176e-21
2.45424e-20
7.47335e-20
2.29183e-19
7.07582e-19
2.18093e-18
6.71667e-18
2.06861e-17
6.32636e-17
1.9288e-16
5.85813e-16
1.76294e-15
5.25276e-15
1.55838e-14
4.82474e-14
1.41912e-13
4.09382e-13
1.17378e-12
3.31776e-12
9.51273e-12
2.64375e-11
7.34148e-11
1.99073e-10
5.33404e-10
1.38475e-09
3.55849e-09
8.90085e-09
2.26281e-08
5.88574e-08
1.51555e-07
3.81916e-07
9.41664e-07
2.26859e-06
4.89638e-06
1.00114e-05
2.16083e-05
4.47588e-05
9.03451e-05
0.000175423
0.000309856
0.00053654
0.000885755
0.0013807
0.00204616
0.00284026
0.00379333
0.00488304
0.00607247
0.00732457
0.00860327
0.00985455
0.0110336
0.0121321
0.0131359
0.0140121
0.0147107
0.0151287
0.0150904
0.0144274
0.0131814
0.0114904
0.00946173
0.00721346
0.00502922
0.0031748
0.00185207
0.00105504
0.00057766
0.000314707
0.000169987
9.03535e-05
4.68737e-05
2.35974e-05
1.14628e-05
5.19883e-06
2.30149e-06
1.03058e-06
5.48631e-07
3.51169e-07
2.37772e-07
1.54403e-07
8.67859e-08
2.56618e-08
5.03099e-25
1.69556e-24
3.27792e-24
5.25082e-24
7.61302e-24
1.00762e-23
1.27559e-23
1.57871e-23
1.92758e-23
2.34117e-23
2.88263e-23
3.7389e-23
5.53055e-23
1.02853e-22
2.46862e-22
7.06954e-22
2.20059e-21
6.96384e-21
2.33524e-20
7.55227e-20
2.44877e-19
7.89036e-19
2.52291e-18
7.99185e-18
2.50726e-17
7.80052e-17
2.41583e-16
7.48848e-16
2.26846e-15
6.82198e-15
2.092e-14
6.19906e-14
1.79484e-13
5.24466e-13
1.52145e-12
4.31311e-12
1.20198e-11
3.32726e-11
9.12676e-11
2.44239e-10
6.45901e-10
1.61417e-09
4.30475e-09
1.05798e-08
2.77134e-08
7.04445e-08
1.8146e-07
4.5284e-07
1.08163e-06
2.55699e-06
5.49238e-06
1.13061e-05
2.42633e-05
5.0902e-05
9.95395e-05
0.000183311
0.000319026
0.000548182
0.000898868
0.00139518
0.00205632
0.0028423
0.00378253
0.00485433
0.00602788
0.00726562
0.00853137
0.00977177
0.0109569
0.0120609
0.0130757
0.0139562
0.0146631
0.0150926
0.0150714
0.0144223
0.0131799
0.0114854
0.00944762
0.00718681
0.00499108
0.0031355
0.0018231
0.00103488
0.000564577
0.000307003
0.000165425
8.76263e-05
4.53186e-05
2.26794e-05
1.09489e-05
4.93884e-06
2.18014e-06
9.83911e-07
5.34291e-07
3.45505e-07
2.34615e-07
1.52331e-07
8.55426e-08
2.52501e-08
4.71196e-25
1.64946e-24
3.36564e-24
5.40014e-24
7.8294e-24
1.05804e-23
1.3678e-23
1.7388e-23
2.18289e-23
2.71007e-23
3.39969e-23
4.50189e-23
6.90069e-23
1.33722e-22
3.32578e-22
9.72786e-22
3.06183e-21
9.88099e-21
3.20206e-20
1.03508e-19
3.32569e-19
1.06566e-18
3.38408e-18
1.06674e-17
3.37543e-17
1.04764e-16
3.22768e-16
9.84398e-16
2.91059e-15
9.08467e-15
2.69112e-14
7.94711e-14
2.31465e-13
6.71617e-13
1.93068e-12
5.43614e-12
1.50349e-11
4.15395e-11
1.11257e-10
3.02623e-10
7.92956e-10
2.02134e-09
5.21593e-09
1.28204e-08
3.21169e-08
8.32546e-08
2.11599e-07
5.17297e-07
1.25433e-06
2.72806e-06
5.78461e-06
1.28972e-05
2.7711e-05
5.63144e-05
0.00010826
0.000188691
0.000328269
0.000560272
0.000913587
0.00140693
0.00206285
0.00284089
0.00377062
0.00483123
0.00599166
0.00721586
0.00846858
0.00970618
0.0108896
0.011995
0.0130115
0.0138976
0.0146159
0.0150595
0.015053
0.0144052
0.0131677
0.0114703
0.00942385
0.00715128
0.00494922
0.00309732
0.00180084
0.00100674
0.000548837
0.00029835
0.000160597
8.49769e-05
4.39438e-05
2.16567e-05
1.04155e-05
4.6894e-06
2.06536e-06
9.41145e-07
5.20866e-07
3.40276e-07
2.3171e-07
1.50451e-07
8.44159e-08
2.4876e-08
3.27498e-25
1.18549e-24
2.54125e-24
4.44655e-24
6.88084e-24
9.71614e-24
1.3083e-23
1.70847e-23
2.19038e-23
2.79155e-23
3.60552e-23
5.01162e-23
8.26833e-23
1.73469e-22
4.59268e-22
1.3673e-21
4.29909e-21
1.39818e-20
4.51449e-20
1.45265e-19
4.65429e-19
1.47473e-18
4.64301e-18
1.45169e-17
4.51128e-17
1.39004e-16
4.25056e-16
1.30436e-15
3.92458e-15
1.16917e-14
3.45565e-14
1.03661e-13
2.99183e-13
8.6099e-13
2.43682e-12
6.80425e-12
1.86684e-11
5.00539e-11
1.36799e-10
3.62899e-10
9.40873e-10
2.39682e-09
5.96614e-09
1.50295e-08
3.73238e-08
9.57779e-08
2.38256e-07
5.87995e-07
1.31838e-06
2.82646e-06
6.4177e-06
1.41339e-05
3.04109e-05
6.24422e-05
0.000111818
0.000194572
0.000337294
0.000570836
0.000924027
0.00141765
0.00207019
0.00284261
0.0037639
0.00481405
0.0059622
0.00717199
0.00841952
0.00965571
0.0108402
0.0119443
0.0129632
0.0138541
0.0145767
0.0150264
0.0150312
0.0143935
0.0131582
0.011457
0.00940277
0.0071206
0.00491026
0.00305854
0.00177266
0.000989093
0.000538205
0.000292105
0.000156923
8.28305e-05
4.26992e-05
2.0977e-05
1.00426e-05
4.50845e-06
1.9811e-06
9.1063e-07
5.11788e-07
3.36823e-07
2.29798e-07
1.49189e-07
8.36389e-08
2.4613e-08
2.42572e-25
9.49357e-25
2.14783e-24
3.87874e-24
6.12171e-24
8.87176e-24
1.21174e-23
1.60034e-23
2.08409e-23
2.74592e-23
3.78184e-23
5.82557e-23
1.10212e-22
2.58547e-22
7.13472e-22
2.16516e-21
6.7546e-21
2.13618e-20
6.79095e-20
2.13998e-19
6.81524e-19
2.12211e-18
6.55513e-18
2.01307e-17
6.19177e-17
1.90775e-16
5.74759e-16
1.7118e-15
5.16399e-15
1.51494e-14
4.38603e-14
1.32413e-13
3.76498e-13
1.06461e-12
2.94579e-12
8.26201e-12
2.22628e-11
5.85935e-11
1.62296e-10
4.39872e-10
1.11312e-09
2.77232e-09
6.90732e-09
1.71349e-08
4.30236e-08
1.07174e-07
2.72271e-07
6.20575e-07
1.37441e-06
3.10351e-06
6.99152e-06
1.53627e-05
3.2386e-05
6.57559e-05
0.000116954
0.000201228
0.000344607
0.000580968
0.000933773
0.00142571
0.00207458
0.00284143
0.00375553
0.00479758
0.00593834
0.0071424
0.00838122
0.00960953
0.0107923
0.0119007
0.0129247
0.013818
0.0145441
0.0150022
0.0150161
0.0143859
0.0131525
0.0114491
0.00938872
0.00709801
0.00488104
0.00302906
0.00175168
0.000976575
0.000530812
0.000287739
0.000154326
8.12884e-05
4.17895e-05
2.04903e-05
9.77299e-06
4.38106e-06
1.92226e-06
8.90213e-07
5.0619e-07
3.34895e-07
2.28778e-07
1.48497e-07
8.31936e-08
2.44555e-08
2.32192e-25
8.65338e-25
1.87202e-24
3.29033e-24
5.1899e-24
7.72324e-24
1.09543e-23
1.50569e-23
2.04745e-23
2.81975e-23
4.12654e-23
6.92327e-23
1.42428e-22
3.56641e-22
1.01661e-21
3.0933e-21
9.66807e-21
3.02793e-20
9.50058e-20
2.9982e-19
9.34443e-19
2.88912e-18
8.76657e-18
2.732e-17
8.23343e-17
2.46981e-16
7.38428e-16
2.13482e-15
6.52912e-15
1.92138e-14
5.56614e-14
1.59923e-13
4.57684e-13
1.29108e-12
3.56086e-12
9.86948e-12
2.70964e-11
7.06392e-11
1.94368e-10
5.06528e-10
1.28528e-09
3.21681e-09
7.88331e-09
1.94076e-08
4.75955e-08
1.19266e-07
2.895e-07
6.30449e-07
1.47292e-06
3.3535e-06
7.44969e-06
1.61711e-05
3.37975e-05
6.80599e-05
0.000120402
0.00020632
0.000350631
0.000587628
0.000940888
0.00143131
0.0020764
0.00283836
0.00374607
0.00478127
0.00591524
0.00711438
0.00834907
0.00957232
0.0107552
0.0118643
0.0128909
0.0137865
0.0145169
0.0149811
0.015004
0.0143826
0.0131525
0.0114486
0.00938446
0.00708682
0.0048639
0.00301055
0.00173815
0.000968534
0.000526094
0.000284941
0.000152647
8.02802e-05
4.11869e-05
2.01682e-05
9.59267e-06
4.29698e-06
1.88366e-06
8.77502e-07
5.03168e-07
3.34146e-07
2.28476e-07
1.48276e-07
8.30258e-08
2.43869e-08
2.56437e-25
8.65451e-25
1.87229e-24
3.42343e-24
5.5427e-24
8.32124e-24
1.18186e-23
1.62929e-23
2.23e-23
3.1216e-23
4.74376e-23
8.4773e-23
1.86343e-22
4.87818e-22
1.41268e-21
4.29605e-21
1.33257e-20
4.14899e-20
1.29178e-19
4.01641e-19
1.24399e-18
3.82257e-18
1.16713e-17
3.53758e-17
1.06533e-16
3.18878e-16
9.45724e-16
2.76341e-15
7.97468e-15
2.30568e-14
6.73961e-14
1.95583e-13
5.52956e-13
1.54204e-12
4.20146e-12
1.15013e-11
3.12912e-11
8.0763e-11
2.18435e-10
5.77053e-10
1.45646e-09
3.5945e-09
8.91729e-09
2.16841e-08
5.33126e-08
1.32091e-07
3.01234e-07
6.8308e-07
1.58584e-06
3.5853e-06
7.95399e-06
1.70404e-05
3.52219e-05
7.0274e-05
0.000123526
0.000210359
0.000355515
0.000593012
0.000945657
0.0014339
0.00207497
0.00283206
0.00373354
0.0047633
0.00589037
0.00708061
0.00831463
0.00953548
0.0107196
0.0118287
0.0128575
0.0137559
0.0144899
0.0149611
0.0149943
0.0143836
0.0131592
0.0114572
0.00939188
0.00708854
0.00486003
0.00300345
0.00173216
0.000964811
0.000523829
0.000283544
0.000151776
7.97368e-05
4.08503e-05
1.99855e-05
9.48744e-06
4.24786e-06
1.86114e-06
8.70721e-07
5.02149e-07
3.34316e-07
2.2873e-07
1.48422e-07
8.30763e-08
2.43883e-08
2.78734e-25
1.0594e-24
2.28648e-24
3.99044e-24
6.22319e-24
9.20231e-24
1.30332e-23
1.79341e-23
2.43824e-23
3.42768e-23
5.32283e-23
9.94265e-23
2.28933e-22
6.19045e-22
1.81386e-21
5.51607e-21
1.70421e-20
5.27608e-20
1.62988e-19
5.09376e-19
1.56575e-18
4.74205e-18
1.45882e-17
4.37869e-17
1.31262e-16
3.93598e-16
1.16429e-15
3.41469e-15
9.90451e-15
2.82831e-14
8.0819e-14
2.31216e-13
6.48807e-13
1.80193e-12
4.94009e-12
1.33248e-11
3.56938e-11
9.13411e-11
2.45455e-10
6.39004e-10
1.61864e-09
4.02149e-09
9.86466e-09
2.41224e-08
5.64895e-08
1.29938e-07
3.15358e-07
7.40625e-07
1.69937e-06
3.83256e-06
8.37719e-06
1.776e-05
3.63991e-05
7.20818e-05
0.000125872
0.000213335
0.000359045
0.000596558
0.000948097
0.00143348
0.00206975
0.00282015
0.00371482
0.00473524
0.00585625
0.00704537
0.00827218
0.00949465
0.0106768
0.0117882
0.0128168
0.0137191
0.0144606
0.0149411
0.0149867
0.014389
0.0131724
0.0114748
0.00941084
0.00710277
0.00486867
0.00300679
0.00173293
0.000964901
0.000523694
0.000283351
0.00015159
7.95838e-05
4.0735e-05
1.99166e-05
9.44302e-06
4.22672e-06
1.85127e-06
8.68516e-07
5.02704e-07
3.35213e-07
2.29424e-07
1.48856e-07
8.32979e-08
2.44444e-08
2.79219e-25
1.09362e-24
2.37003e-24
4.15649e-24
6.55589e-24
9.59282e-24
1.34476e-23
1.8386e-23
2.5135e-23
3.60003e-23
5.82832e-23
1.14753e-22
2.74932e-22
7.57317e-22
2.2424e-21
6.78428e-21
2.14147e-20
6.59474e-20
2.03154e-19
6.22894e-19
1.89354e-18
5.83564e-18
1.7619e-17
5.29117e-17
1.57762e-16
4.67959e-16
1.37875e-15
4.02238e-15
1.17991e-14
3.40167e-14
9.67246e-14
2.70899e-13
7.50513e-13
2.06282e-12
5.57954e-12
1.48972e-11
3.92965e-11
1.0102e-10
2.74613e-10
7.0252e-10
1.74518e-09
4.31677e-09
1.05379e-08
2.49095e-08
5.76647e-08
1.41976e-07
3.39459e-07
7.92528e-07
1.81926e-06
4.05513e-06
8.78894e-06
1.84797e-05
3.75144e-05
7.32726e-05
0.000127514
0.000215697
0.000361471
0.000598484
0.000948394
0.00143092
0.00206292
0.00280772
0.00369351
0.00470689
0.00582091
0.00700343
0.00822914
0.00945349
0.0106367
0.0117479
0.0127804
0.0136868
0.0144339
0.0149231
0.0149817
0.0143998
0.0131936
0.0115022
0.00944061
0.00712803
0.00488801
0.00301889
0.00173928
0.000968108
0.00052527
0.000284122
0.000151951
7.97413e-05
4.07951e-05
1.99371e-05
9.44606e-06
4.2272e-06
1.8511e-06
8.69758e-07
5.04427e-07
3.36648e-07
2.30446e-07
1.49508e-07
8.36487e-08
2.45421e-08
3.4412e-25
1.28028e-24
2.69839e-24
4.50977e-24
6.8036e-24
9.6746e-24
1.32014e-23
1.77506e-23
2.43029e-23
3.57775e-23
6.13526e-23
1.27568e-22
3.18384e-22
8.99318e-22
2.6916e-21
8.21212e-21
2.55717e-20
7.85067e-20
2.40533e-19
7.37675e-19
2.22512e-18
6.8453e-18
2.05854e-17
6.15425e-17
1.81283e-16
5.41641e-16
1.58014e-15
4.60354e-15
1.34434e-14
3.87041e-14
1.09792e-13
3.06924e-13
8.44802e-13
2.32626e-12
6.23871e-12
1.65753e-11
4.35317e-11
1.1182e-10
3.00272e-10
7.58955e-10
1.87409e-09
4.56514e-09
1.09092e-08
2.56007e-08
6.2721e-08
1.5268e-07
3.64124e-07
8.51163e-07
1.93822e-06
4.30291e-06
9.30314e-06
1.95345e-05
3.98733e-05
7.36022e-05
0.000128743
0.00021738
0.000362847
0.000598909
0.000946646
0.00142483
0.00205077
0.00278928
0.00367173
0.00467826
0.00578638
0.00696419
0.00818682
0.00940898
0.0105964
0.0117106
0.0127446
0.0136546
0.014406
0.0149041
0.0149773
0.0144119
0.0132173
0.0115332
0.00947632
0.00716059
0.00491489
0.00303738
0.00174978
0.000973668
0.00052819
0.000285632
0.000152725
8.01309e-05
4.09873e-05
2.00248e-05
9.4847e-06
4.24386e-06
1.85813e-06
8.73556e-07
5.07027e-07
3.38489e-07
2.31712e-07
1.50318e-07
8.40936e-08
2.46699e-08
2.95285e-25
1.12096e-24
2.42567e-24
4.1349e-24
6.29029e-24
9.01826e-24
1.25205e-23
1.72132e-23
2.42228e-23
3.70084e-23
6.5741e-23
1.41854e-22
3.63183e-22
1.0397e-21
3.13694e-21
9.60042e-21
2.95423e-20
9.09869e-20
2.79085e-19
8.52318e-19
2.58784e-18
7.80359e-18
2.35502e-17
7.01902e-17
2.07812e-16
6.10236e-16
1.78203e-15
5.11633e-15
1.49836e-14
4.26647e-14
1.18066e-13
3.39039e-13
9.37274e-13
2.53092e-12
6.96925e-12
1.82916e-11
4.72966e-11
1.2116e-10
3.17369e-10
8.17979e-10
2.00091e-09
4.83918e-09
1.15186e-08
2.74014e-08
6.69854e-08
1.62347e-07
3.8599e-07
8.98574e-07
2.0372e-06
4.50147e-06
9.68978e-06
2.02599e-05
4.10588e-05
7.36187e-05
0.000129829
0.000218756
0.000363577
0.000598409
0.000943843
0.00141916
0.00204022
0.00277315
0.0036469
0.00464827
0.00575156
0.00692567
0.00814653
0.00936619
0.0105549
0.0116746
0.0127053
0.0136202
0.0143787
0.014887
0.0149747
0.0144265
0.0132436
0.0115687
0.00951696
0.00719867
0.004947
0.00306024
0.00176314
0.000980878
0.000532049
0.00028771
0.000153835
8.07124e-05
4.12823e-05
2.01629e-05
9.5496e-06
4.27265e-06
1.87061e-06
8.79262e-07
5.10273e-07
3.40605e-07
2.33133e-07
1.51226e-07
8.45975e-08
2.48171e-08
2.24247e-25
8.79672e-25
1.99457e-24
3.65126e-24
5.93322e-24
8.96274e-24
1.29523e-23
1.81795e-23
2.5894e-23
4.00236e-23
7.20478e-23
1.57566e-22
4.07516e-22
1.17665e-21
3.53051e-21
1.07553e-20
3.24268e-20
1.03258e-19
3.1465e-19
9.61356e-19
2.91694e-18
8.79955e-18
2.63854e-17
7.75564e-17
2.33158e-16
6.78056e-16
1.95841e-15
5.62417e-15
1.61777e-14
4.72757e-14
1.31732e-13
3.72054e-13
1.02136e-12
2.79884e-12
7.46841e-12
1.95668e-11
5.03181e-11
1.28426e-10
3.35562e-10
8.68504e-10
2.13124e-09
5.16894e-09
1.21755e-08
2.95084e-08
7.05507e-08
1.70598e-07
4.04528e-07
9.34198e-07
2.10366e-06
4.61934e-06
9.88266e-06
2.05419e-05
4.13642e-05
7.35891e-05
0.000131053
0.000219806
0.000363718
0.00059702
0.000939987
0.00141166
0.00202944
0.00275701
0.00362416
0.00461888
0.00571675
0.00688689
0.00810629
0.00932415
0.0105142
0.0116362
0.0126693
0.01359
0.0143543
0.0148716
0.0149733
0.0144427
0.0132728
0.0116063
0.00956019
0.00724035
0.00498397
0.00308742
0.00177924
0.000989454
0.000536625
0.000290165
0.000155149
8.1409e-05
4.16477e-05
2.03381e-05
9.63449e-06
4.30963e-06
1.88649e-06
8.86103e-07
5.13886e-07
3.42942e-07
2.34715e-07
1.52248e-07
8.51681e-08
2.49847e-08
2.57619e-25
1.01522e-24
2.13408e-24
3.75617e-24
5.94884e-24
8.89104e-24
1.28606e-23
1.81978e-23
2.62563e-23
4.13329e-23
7.60556e-23
1.6988e-22
4.50871e-22
1.28616e-21
3.88028e-21
1.19529e-20
3.70852e-20
1.13615e-19
3.47259e-19
1.0538e-18
3.17173e-18
9.39592e-18
2.89558e-17
8.55263e-17
2.51901e-16
7.34611e-16
2.15235e-15
6.18096e-15
1.7733e-14
5.03256e-14
1.40149e-13
3.99743e-13
1.08033e-12
2.97003e-12
7.87571e-12
2.06576e-11
5.32628e-11
1.33375e-10
3.54033e-10
9.18056e-10
2.22347e-09
5.35538e-09
1.28019e-08
3.10938e-08
7.36353e-08
1.77673e-07
4.18083e-07
9.60002e-07
2.15091e-06
4.70034e-06
1.00078e-05
2.07212e-05
4.151e-05
7.35227e-05
0.000131933
0.00022055
0.000363534
0.000595455
0.000936325
0.00140426
0.00201671
0.00273918
0.00360253
0.00459116
0.00568439
0.00685078
0.00806786
0.00928763
0.0104769
0.0116007
0.0126364
0.0135605
0.0143308
0.0148572
0.0149723
0.0144593
0.0133018
0.0116446
0.00960537
0.00728438
0.00502231
0.00311565
0.00179607
0.000998552
0.000541484
0.000292772
0.000156547
8.21516e-05
4.20371e-05
2.05254e-05
9.7257e-06
4.3502e-06
1.90425e-06
8.93631e-07
5.17699e-07
3.45302e-07
2.36281e-07
1.53253e-07
8.57299e-08
2.51507e-08
3.53244e-25
1.24112e-24
2.5154e-24
4.20746e-24
6.36637e-24
9.12404e-24
1.28339e-23
1.80745e-23
2.63973e-23
4.21314e-23
7.97189e-23
1.83633e-22
4.85605e-22
1.39178e-21
4.2873e-21
1.30269e-20
3.97397e-20
1.23342e-19
3.7503e-19
1.12561e-18
3.48125e-18
1.04258e-17
3.11601e-17
9.18659e-17
2.7264e-16
7.90944e-16
2.29547e-15
6.56966e-15
1.87225e-14
5.37589e-14
1.513e-13
4.21307e-13
1.13856e-12
3.11615e-12
8.16024e-12
2.1163e-11
5.5882e-11
1.39387e-10
3.67144e-10
9.3652e-10
2.35479e-09
5.65145e-09
1.35348e-08
3.1804e-08
7.61244e-08
1.82754e-07
4.28328e-07
9.79833e-07
2.18757e-06
4.76432e-06
1.01087e-05
2.08373e-05
4.15926e-05
7.34531e-05
0.000132486
0.00022092
0.000362887
0.000593369
0.000931831
0.00139707
0.00200533
0.00272288
0.0035808
0.00456552
0.0056544
0.00681729
0.00803225
0.00925086
0.0104411
0.011568
0.0126066
0.0135343
0.0143097
0.0148437
0.0149713
0.0144746
0.0133291
0.0116808
0.00964718
0.00732526
0.00505833
0.0031424
0.0018121
0.0010072
0.000546124
0.000295272
0.000157893
8.28702e-05
4.24158e-05
2.07082e-05
9.81503e-06
4.38969e-06
1.92146e-06
9.00788e-07
5.2124e-07
3.47474e-07
2.3772e-07
1.54178e-07
8.62487e-08
2.53046e-08
2.94663e-25
1.07083e-24
2.32069e-24
4.05399e-24
6.25434e-24
9.05868e-24
1.26925e-23
1.77591e-23
2.59695e-23
4.21737e-23
8.13197e-23
1.90468e-22
5.13783e-22
1.50275e-21
4.55947e-21
1.39697e-20
4.26834e-20
1.31688e-19
4.00071e-19
1.21326e-18
3.68761e-18
1.10793e-17
3.31262e-17
9.82187e-17
2.87891e-16
8.35275e-16
2.42495e-15
6.91313e-15
1.94962e-14
5.60745e-14
1.56227e-13
4.35966e-13
1.19709e-12
3.22275e-12
8.55308e-12
2.24714e-11
5.80739e-11
1.50432e-10
3.85262e-10
9.94986e-10
2.42352e-09
5.74622e-09
1.38054e-08
3.24747e-08
7.80545e-08
1.86696e-07
4.36119e-07
9.94517e-07
2.2136e-06
4.80651e-06
1.01723e-05
2.09145e-05
4.16444e-05
7.33776e-05
0.000132839
0.000221081
0.000362111
0.000591122
0.000927565
0.00138985
0.00199492
0.00270895
0.00356303
0.00454449
0.00562928
0.00678908
0.00800244
0.00922072
0.0104107
0.0115396
0.012581
0.0135118
0.0142913
0.0148323
0.0149704
0.0144876
0.0133524
0.0117116
0.00968307
0.00736071
0.00508976
0.00316585
0.00182628
0.00101486
0.000550251
0.000297501
0.000159096
8.35142e-05
4.27564e-05
2.08733e-05
9.89689e-06
4.42577e-06
1.9372e-06
9.07267e-07
5.24383e-07
3.49377e-07
2.38974e-07
1.54984e-07
8.67005e-08
2.54388e-08
2.39694e-25
9.90927e-25
2.10273e-24
3.58333e-24
5.63113e-24
8.46189e-24
1.23204e-23
1.77823e-23
2.62943e-23
4.30167e-23
8.40822e-23
1.98132e-22
5.37386e-22
1.57562e-21
4.77998e-21
1.46772e-20
4.54017e-20
1.39013e-19
4.23206e-19
1.28275e-18
3.8914e-18
1.16171e-17
3.48562e-17
1.02891e-16
3.01707e-16
8.7709e-16
2.52551e-15
7.18567e-15
2.04102e-14
5.83236e-14
1.62889e-13
4.57429e-13
1.24429e-12
3.34205e-12
8.86316e-12
2.33537e-11
6.0603e-11
1.54933e-10
3.94051e-10
1.00388e-09
2.4587e-09
5.89731e-09
1.38209e-08
3.28778e-08
7.96025e-08
1.89739e-07
4.42058e-07
1.00573e-06
2.23356e-06
4.83915e-06
1.02202e-05
2.097e-05
4.16765e-05
7.3319e-05
0.000133043
0.000221105
0.000361369
0.000589367
0.000924366
0.00138469
0.00198734
0.00269786
0.00354818
0.00452575
0.00560807
0.00676584
0.00797804
0.00919569
0.0103859
0.0115169
0.0125607
0.0134943
0.0142774
0.0148235
0.0149698
0.014498
0.0133709
0.0117362
0.00971177
0.0073893
0.00511526
0.00318497
0.00183783
0.0010211
0.000553618
0.000299321
0.00016008
8.40419e-05
4.3036e-05
2.10091e-05
9.96409e-06
4.45541e-06
1.95015e-06
9.12573e-07
5.2692e-07
3.50906e-07
2.39982e-07
1.55631e-07
8.70643e-08
2.55471e-08
2.96388e-25
1.11643e-24
2.29396e-24
3.90241e-24
5.93206e-24
8.5458e-24
1.20685e-23
1.70949e-23
2.52553e-23
4.20546e-23
8.39419e-23
2.01779e-22
5.54208e-22
1.63777e-21
4.99769e-21
1.53517e-20
4.7189e-20
1.44648e-19
4.41274e-19
1.33828e-18
4.03286e-18
1.20635e-17
3.58291e-17
1.05244e-16
3.11842e-16
9.06262e-16
2.62113e-15
7.4823e-15
2.1494e-14
6.02542e-14
1.67459e-13
4.60404e-13
1.27151e-12
3.40831e-12
9.1386e-12
2.40868e-11
6.1985e-11
1.5593e-10
3.99007e-10
1.01039e-09
2.46861e-09
5.89547e-09
1.39575e-08
3.32531e-08
8.07072e-08
1.91924e-07
4.46297e-07
1.01372e-06
2.24793e-06
4.86348e-06
1.02546e-05
2.1012e-05
4.17015e-05
7.32811e-05
0.000133167
0.0002211
0.000360831
0.000588076
0.000921993
0.00138086
0.00198175
0.00269014
0.00353811
0.00451345
0.00559394
0.00675012
0.00796148
0.00917894
0.0103688
0.0115012
0.0125468
0.0134821
0.0142674
0.0148173
0.0149694
0.0145052
0.013384
0.0117536
0.00973215
0.0074097
0.00513352
0.00319879
0.00184619
0.00102562
0.000556056
0.000300639
0.000160792
8.44235e-05
4.32383e-05
2.11076e-05
1.00129e-05
4.47689e-06
1.95954e-06
9.16403e-07
5.28741e-07
3.52e-07
2.40701e-07
1.56093e-07
8.73233e-08
2.56242e-08
2.45021e-25
9.20969e-25
1.97883e-24
3.50341e-24
5.54656e-24
8.24362e-24
1.18756e-23
1.7053e-23
2.53467e-23
4.24084e-23
8.52357e-23
2.06428e-22
5.69166e-22
1.68083e-21
5.12158e-21
1.57192e-20
4.82706e-20
1.47844e-19
4.49164e-19
1.35662e-18
4.0876e-18
1.22258e-17
3.66422e-17
1.07656e-16
3.1813e-16
9.21699e-16
2.66559e-15
7.68594e-15
2.18318e-14
6.14508e-14
1.71131e-13
4.79035e-13
1.29352e-12
3.46477e-12
9.27834e-12
2.41266e-11
6.26818e-11
1.58183e-10
4.14745e-10
1.04007e-09
2.50056e-09
5.98651e-09
1.39602e-08
3.37987e-08
8.12975e-08
1.93249e-07
4.49079e-07
1.01903e-06
2.25735e-06
4.87888e-06
1.02769e-05
2.10393e-05
4.17236e-05
7.32713e-05
0.000133262
0.000221134
0.000360593
0.000587456
0.000920802
0.00137888
0.00197875
0.00268609
0.00353294
0.00450713
0.00558658
0.00674197
0.00795288
0.00917007
0.0103599
0.011493
0.0125393
0.0134756
0.0142622
0.0148141
0.0149692
0.0145091
0.013391
0.0117629
0.00974306
0.0074207
0.00514341
0.00320629
0.00185077
0.0010281
0.000557396
0.000301363
0.000161184
8.46338e-05
4.33496e-05
2.11618e-05
1.00397e-05
4.48868e-06
1.96467e-06
9.18497e-07
5.29739e-07
3.52595e-07
2.4109e-07
1.56342e-07
8.74633e-08
2.56659e-08
2.67073e-25
1.02238e-24
2.19441e-24
3.82482e-24
5.94797e-24
8.73054e-24
1.2547e-23
1.78873e-23
2.63977e-23
4.36373e-23
8.67631e-23
2.08989e-22
5.73709e-22
1.67203e-21
5.22017e-21
1.59546e-20
4.89275e-20
1.4968e-19
4.56119e-19
1.37909e-18
4.18364e-18
1.25253e-17
3.72692e-17
1.09829e-16
3.19744e-16
9.39967e-16
2.70711e-15
7.77923e-15
2.23145e-14
6.31189e-14
1.75371e-13
4.79465e-13
1.31989e-12
3.57578e-12
9.43857e-12
2.45184e-11
6.36491e-11
1.5897e-10
4.17984e-10
1.03407e-09
2.54025e-09
6.03895e-09
1.42441e-08
3.38462e-08
8.16377e-08
1.94051e-07
4.50718e-07
1.0222e-06
2.26319e-06
4.88903e-06
1.02934e-05
2.10624e-05
4.17505e-05
7.32912e-05
0.000133371
0.00022124
0.000360637
0.000587405
0.000920609
0.00137849
0.00197813
0.00268522
0.00353184
0.00450584
0.00558513
0.00674043
0.00795132
0.00916854
0.0103583
0.0114917
0.0125381
0.0134747
0.0142615
0.0148136
0.0149692
0.0145098
0.0133921
0.0117644
0.00974476
0.0074224
0.00514493
0.00320744
0.00185146
0.00102847
0.000557599
0.000301472
0.000161243
8.46648e-05
4.33658e-05
2.11695e-05
1.00434e-05
4.49036e-06
1.9654e-06
9.18796e-07
5.29885e-07
3.52684e-07
2.41148e-07
1.56378e-07
8.7483e-08
2.56717e-08
2.6587e-25
1.07585e-24
2.37392e-24
4.15451e-24
6.45616e-24
9.39318e-24
1.32101e-23
1.85156e-23
2.70487e-23
4.42141e-23
8.73002e-23
2.10025e-22
5.77971e-22
1.69955e-21
5.23657e-21
1.60293e-20
4.90609e-20
1.48861e-19
4.6042e-19
1.3917e-18
4.21335e-18
1.26342e-17
3.76618e-17
1.11482e-16
3.26504e-16
9.46293e-16
2.69378e-15
7.91968e-15
2.2437e-14
6.33017e-14
1.76964e-13
4.87479e-13
1.33665e-12
3.57852e-12
9.52476e-12
2.46896e-11
6.40598e-11
1.6082e-10
4.20163e-10
1.03984e-09
2.55304e-09
5.9869e-09
1.44109e-08
3.3944e-08
8.16257e-08
1.9436e-07
4.51365e-07
1.02354e-06
2.266e-06
4.89481e-06
1.03049e-05
2.10846e-05
4.17913e-05
7.3358e-05
0.000133522
0.00022148
0.000361111
0.000588181
0.000921789
0.00138021
0.00198051
0.00268838
0.00353586
0.00451071
0.00559077
0.00674668
0.00795794
0.00917526
0.0103651
0.0114979
0.0125438
0.0134796
0.0142655
0.0148162
0.0149695
0.0145071
0.0133871
0.0117577
0.00973683
0.00741442
0.00513774
0.00320198
0.00184813
0.00102667
0.000556623
0.000300943
0.000160956
8.45102e-05
4.32834e-05
2.11294e-05
1.00235e-05
4.48151e-06
1.96152e-06
9.17224e-07
5.2915e-07
3.52246e-07
2.4086e-07
1.56193e-07
8.73784e-08
2.56404e-08
2.40129e-25
8.84055e-25
1.9472e-24
3.50847e-24
5.66191e-24
8.46309e-24
1.21606e-23
1.75382e-23
2.63038e-23
4.36652e-23
8.66531e-23
2.07648e-22
5.6928e-22
1.67929e-21
5.11658e-21
1.56873e-20
4.78858e-20
1.47022e-19
4.51971e-19
1.36883e-18
4.10962e-18
1.24762e-17
3.70639e-17
1.10588e-16
3.22972e-16
9.33951e-16
2.68469e-15
7.78998e-15
2.20812e-14
6.22948e-14
1.73473e-13
4.76859e-13
1.33143e-12
3.54131e-12
9.17298e-12
2.41334e-11
6.28309e-11
1.55968e-10
4.04627e-10
1.04741e-09
2.486e-09
6.03677e-09
1.40425e-08
3.40243e-08
8.15793e-08
1.94054e-07
4.50817e-07
1.02277e-06
2.2653e-06
4.89542e-06
1.03104e-05
2.11036e-05
4.18422e-05
7.34694e-05
0.000133721
0.000221863
0.000362024
0.000589785
0.000924315
0.00138394
0.00198576
0.00269539
0.00354475
0.00452146
0.00560314
0.00676031
0.00797223
0.00918979
0.0103795
0.0115113
0.0125559
0.0134902
0.014274
0.0148216
0.0149701
0.0145011
0.0133762
0.011743
0.00971959
0.0073971
0.00512214
0.00319014
0.00184092
0.00102277
0.000554514
0.000299801
0.000160337
8.41773e-05
4.31065e-05
2.10431e-05
9.98054e-06
4.46261e-06
1.95324e-06
9.13873e-07
5.27581e-07
3.51308e-07
2.40242e-07
1.55794e-07
8.71539e-08
2.55734e-08
3.07252e-25
1.01756e-24
2.04694e-24
3.51265e-24
5.56528e-24
8.26584e-24
1.1959e-23
1.72606e-23
2.58564e-23
4.30583e-23
8.55908e-23
2.04917e-22
5.61248e-22
1.65172e-21
5.00801e-21
1.52998e-20
4.74402e-20
1.44977e-19
4.41932e-19
1.34147e-18
4.06001e-18
1.22591e-17
3.65581e-17
1.08061e-16
3.16685e-16
9.20185e-16
2.65196e-15
7.5994e-15
2.18378e-14
6.15469e-14
1.71792e-13
4.72237e-13
1.29914e-12
3.48408e-12
9.26167e-12
2.42875e-11
6.23994e-11
1.55951e-10
4.06195e-10
1.03722e-09
2.50175e-09
5.92018e-09
1.39556e-08
3.39758e-08
8.1166e-08
1.93144e-07
4.49196e-07
1.02012e-06
2.26163e-06
4.89193e-06
1.03122e-05
2.11241e-05
4.19129e-05
7.36394e-05
0.000133992
0.000222428
0.000363449
0.000592346
0.000928409
0.00139003
0.00199429
0.00270674
0.00355906
0.00453855
0.00562264
0.00678168
0.00799458
0.00921242
0.0104022
0.011532
0.0125745
0.0135065
0.0142873
0.0148299
0.0149709
0.014492
0.0133596
0.0117208
0.00969353
0.00737099
0.00509868
0.00317234
0.00183012
0.00101694
0.000551359
0.000298092
0.000159411
8.36798e-05
4.28421e-05
2.09144e-05
9.91659e-06
4.43439e-06
1.9409e-06
9.08863e-07
5.25219e-07
3.499e-07
2.39316e-07
1.55198e-07
8.68182e-08
2.54732e-08
2.45507e-25
9.56736e-25
1.99386e-24
3.41224e-24
5.34437e-24
8.00908e-24
1.16471e-23
1.6808e-23
2.51957e-23
4.19766e-23
8.32124e-23
1.98629e-22
5.43309e-22
1.60502e-21
4.85509e-21
1.48322e-20
4.54058e-20
1.38701e-19
4.22862e-19
1.2892e-18
3.91311e-18
1.16033e-17
3.52265e-17
1.03195e-16
3.07889e-16
8.9366e-16
2.57607e-15
7.3655e-15
2.11746e-14
6.01247e-14
1.64989e-13
4.67906e-13
1.26682e-12
3.40467e-12
9.06944e-12
2.36827e-11
6.13596e-11
1.5473e-10
3.93567e-10
9.97281e-10
2.47301e-09
5.86867e-09
1.37222e-08
3.35223e-08
8.05207e-08
1.91735e-07
4.46429e-07
1.01515e-06
2.25378e-06
4.88218e-06
1.03064e-05
2.11401e-05
4.19955e-05
7.38605e-05
0.000134303
0.000223111
0.000365259
0.000595667
0.000933788
0.00139812
0.00200572
0.00272213
0.00357886
0.00456167
0.00564858
0.0068099
0.00802403
0.00924226
0.0104316
0.0115593
0.0125987
0.0135274
0.014304
0.0148404
0.0149717
0.0144799
0.0133379
0.011692
0.00965973
0.00733728
0.0050684
0.00314961
0.00181636
0.0010095
0.000547345
0.00029592
0.000158235
8.30478e-05
4.25063e-05
2.07511e-05
9.83555e-06
4.3986e-06
1.9253e-06
9.02509e-07
5.22204e-07
3.48092e-07
2.38125e-07
1.54432e-07
8.63864e-08
2.53444e-08
2.76773e-25
1.02558e-24
2.21044e-24
3.77684e-24
5.86383e-24
8.6995e-24
1.25481e-23
1.77625e-23
2.60346e-23
4.24538e-23
8.19333e-23
1.91461e-22
5.16838e-22
1.51466e-21
4.62875e-21
1.41549e-20
4.33377e-20
1.32593e-19
4.06117e-19
1.21743e-18
3.74518e-18
1.11908e-17
3.3434e-17
9.92141e-17
2.92555e-16
8.52137e-16
2.47539e-15
7.09008e-15
2.04249e-14
5.73491e-14
1.59482e-13
4.46283e-13
1.22019e-12
3.2865e-12
8.55847e-12
2.27933e-11
5.89276e-11
1.49512e-10
3.85519e-10
9.93275e-10
2.38688e-09
5.87619e-09
1.37658e-08
3.29745e-08
7.9252e-08
1.8945e-07
4.42251e-07
1.00763e-06
2.24159e-06
4.86489e-06
1.02901e-05
2.11467e-05
4.20842e-05
7.41228e-05
0.00013457
0.000223857
0.000367363
0.000599571
0.000940143
0.00140766
0.00201906
0.00273971
0.00360058
0.00458787
0.00567891
0.00684334
0.00805923
0.00927736
0.0104657
0.0115904
0.0126269
0.013552
0.0143238
0.0148528
0.0149724
0.0144653
0.013312
0.0116577
0.00961973
0.0072978
0.00503341
0.0031233
0.0018004
0.00100084
0.000542652
0.000293381
0.000156861
8.23099e-05
4.21146e-05
2.0561e-05
9.74136e-06
4.3569e-06
1.90698e-06
8.95025e-07
5.18637e-07
3.45951e-07
2.36716e-07
1.53525e-07
8.58763e-08
2.51924e-08
3.0299e-25
1.03837e-24
2.18333e-24
3.82342e-24
6.05791e-24
9.00709e-24
1.30119e-23
1.84243e-23
2.68529e-23
4.28042e-23
8.01532e-23
1.82396e-22
4.86585e-22
1.41207e-21
4.26555e-21
1.31515e-20
4.0213e-20
1.23067e-19
3.77405e-19
1.14443e-18
3.46709e-18
1.03979e-17
3.15828e-17
9.3597e-17
2.75913e-16
8.03057e-16
2.36729e-15
6.81895e-15
1.94739e-14
5.48373e-14
1.56087e-13
4.2997e-13
1.16868e-12
3.15428e-12
8.39283e-12
2.20597e-11
5.75184e-11
1.45759e-10
3.77809e-10
9.73201e-10
2.36038e-09
5.73051e-09
1.36138e-08
3.22646e-08
7.77376e-08
1.8628e-07
4.36154e-07
9.96759e-07
2.22232e-06
4.8372e-06
1.02557e-05
2.1126e-05
4.21372e-05
7.43605e-05
0.000134709
0.00022444
0.000369406
0.00060362
0.000946922
0.00141798
0.0020336
0.0027589
0.00362434
0.00461695
0.00571204
0.0068791
0.00809536
0.00931372
0.0105021
0.0116247
0.0126583
0.0135797
0.0143463
0.0148669
0.0149732
0.0144487
0.0132828
0.0116191
0.00957476
0.00725369
0.00499434
0.00309409
0.00178271
0.000991256
0.00053754
0.000290612
0.000155362
8.1506e-05
4.16885e-05
2.03542e-05
9.63918e-06
4.31165e-06
1.88733e-06
8.86985e-07
5.14741e-07
3.43583e-07
2.35148e-07
1.52515e-07
8.53079e-08
2.50232e-08
2.58917e-25
9.30215e-25
2.0017e-24
3.53284e-24
5.6346e-24
8.48792e-24
1.2281e-23
1.73809e-23
2.52044e-23
4.00516e-23
7.4903e-23
1.69575e-22
4.53715e-22
1.3058e-21
3.96023e-21
1.20126e-20
3.73406e-20
1.14159e-19
3.50342e-19
1.06408e-18
3.22768e-18
9.79729e-18
2.93611e-17
8.7284e-17
2.58092e-16
7.57935e-16
2.20616e-15
6.35218e-15
1.851e-14
5.21662e-14
1.45944e-13
4.02847e-13
1.1144e-12
3.01444e-12
8.06872e-12
2.11517e-11
5.42797e-11
1.35968e-10
3.59987e-10
9.21492e-10
2.29106e-09
5.52703e-09
1.29605e-08
3.13649e-08
7.569e-08
1.821e-07
4.27812e-07
9.81099e-07
2.19559e-06
4.79164e-06
1.01997e-05
2.10768e-05
4.21678e-05
7.4606e-05
0.000134698
0.000224901
0.000371512
0.000607801
0.000954033
0.00142905
0.00204953
0.00278026
0.00365141
0.00464925
0.00574895
0.00691976
0.00813861
0.00935525
0.0105435
0.0116625
0.0126929
0.01361
0.0143705
0.0148813
0.0149735
0.0144307
0.0132513
0.0115777
0.00952646
0.00720667
0.00495289
0.00306343
0.00176454
0.000981443
0.000532232
0.000287732
0.00015381
8.06758e-05
4.12498e-05
2.01422e-05
9.53437e-06
4.26513e-06
1.86699e-06
8.78558e-07
5.10612e-07
3.4106e-07
2.33476e-07
1.51438e-07
8.47031e-08
2.48436e-08
2.57819e-25
8.84914e-25
1.92926e-24
3.5037e-24
5.63817e-24
8.43762e-24
1.2128e-23
1.71327e-23
2.46574e-23
3.86448e-23
7.09462e-23
1.5829e-22
4.14264e-22
1.18831e-21
3.56386e-21
1.09939e-20
3.38808e-20
1.03906e-19
3.17384e-19
9.63924e-19
2.92345e-18
8.81248e-18
2.65217e-17
7.87391e-17
2.36259e-16
6.92788e-16
2.01859e-15
5.85406e-15
1.66614e-14
4.69498e-14
1.33483e-13
3.78756e-13
1.02876e-12
2.8632e-12
7.61421e-12
2.00957e-11
5.23958e-11
1.30361e-10
3.45247e-10
8.89504e-10
2.16812e-09
5.26863e-09
1.23567e-08
3.01819e-08
7.29563e-08
1.759e-07
4.16165e-07
9.59531e-07
2.15753e-06
4.72944e-06
1.01043e-05
2.09819e-05
4.21669e-05
7.49e-05
0.000134342
0.000225049
0.00037344
0.000612728
0.000963036
0.00144311
0.0020693
0.00280588
0.00368176
0.00468396
0.00578729
0.00696057
0.00817978
0.00939749
0.0105833
0.0116978
0.012734
0.0136453
0.0143981
0.0148986
0.0149745
0.0144123
0.0132186
0.0115343
0.00947607
0.00715839
0.00491105
0.00303285
0.00174639
0.00097169
0.000527036
0.000284953
0.000152312
7.98759e-05
4.08284e-05
1.99396e-05
9.43604e-06
4.22099e-06
1.84764e-06
8.70381e-07
5.06474e-07
3.38498e-07
2.31771e-07
1.5034e-07
8.40878e-08
2.46615e-08
2.49293e-25
8.78259e-25
1.87545e-24
3.37878e-24
5.5578e-24
8.4783e-24
1.22605e-23
1.71748e-23
2.44117e-23
3.74425e-23
6.65901e-23
1.4385e-22
3.67249e-22
1.06382e-21
3.18264e-21
9.72387e-21
2.98062e-20
9.20571e-20
2.82584e-19
8.66033e-19
2.62996e-18
7.91339e-18
2.36449e-17
7.06871e-17
2.07732e-16
6.18072e-16
1.81535e-15
5.24978e-15
1.51083e-14
4.25005e-14
1.22899e-13
3.45477e-13
9.72558e-13
2.64421e-12
7.07442e-12
1.91615e-11
4.94204e-11
1.26512e-10
3.30087e-10
8.45794e-10
2.07266e-09
5.05053e-09
1.19955e-08
2.85938e-08
6.94928e-08
1.68423e-07
3.99714e-07
9.29625e-07
2.10433e-06
4.64147e-06
9.96841e-06
2.08068e-05
4.20656e-05
7.51374e-05
0.000133483
0.000224481
0.000374082
0.000614954
0.000967631
0.00145117
0.00208146
0.00282334
0.00370726
0.004716
0.0058247
0.00700177
0.00822292
0.00944092
0.0106241
0.0117381
0.0127697
0.0136762
0.0144229
0.0149139
0.0149751
0.0143946
0.013188
0.0114952
0.00943097
0.00711528
0.0048729
0.00300491
0.0017299
0.000962847
0.000522302
0.000282411
0.000150949
7.91527e-05
4.04486e-05
1.97576e-05
9.34788e-06
4.18238e-06
1.83104e-06
8.63246e-07
5.02715e-07
3.36068e-07
2.30125e-07
1.49275e-07
8.34919e-08
2.44863e-08
2.17549e-25
8.65348e-25
1.92049e-24
3.4665e-24
5.62189e-24
8.48372e-24
1.22279e-23
1.71357e-23
2.42243e-23
3.63811e-23
6.25458e-23
1.30353e-22
3.26296e-22
9.24026e-22
2.76033e-21
8.44259e-21
2.61317e-20
7.95018e-20
2.49063e-19
7.58578e-19
2.30665e-18
6.98443e-18
2.10801e-17
6.29878e-17
1.86727e-16
5.50813e-16
1.61762e-15
4.72292e-15
1.37302e-14
3.88195e-14
1.11895e-13
3.17166e-13
8.79157e-13
2.42949e-12
6.44215e-12
1.74758e-11
4.59363e-11
1.17517e-10
3.10266e-10
7.91129e-10
1.9595e-09
4.78336e-09
1.14135e-08
2.6693e-08
6.54298e-08
1.59522e-07
3.81156e-07
8.91124e-07
2.02979e-06
4.50614e-06
9.74379e-06
2.04627e-05
4.16768e-05
7.52559e-05
0.000132131
0.000223323
0.000373895
0.000616287
0.000971642
0.00145892
0.0020947
0.00284389
0.00373519
0.00474865
0.0058616
0.00704187
0.00826433
0.00948648
0.0106682
0.0117766
0.0128054
0.013707
0.0144481
0.0149294
0.0149768
0.0143801
0.0131618
0.0114601
0.00939066
0.00707792
0.00484138
0.0029824
0.00171653
0.000955577
0.000518412
0.000280321
0.000149838
7.85726e-05
4.01549e-05
1.96204e-05
9.28349e-06
4.15367e-06
1.8186e-06
8.57562e-07
4.99484e-07
3.33962e-07
2.28709e-07
1.48368e-07
8.29884e-08
2.43391e-08
3.13649e-25
1.13721e-24
2.4327e-24
4.26563e-24
6.67737e-24
9.76031e-24
1.34121e-23
1.81067e-23
2.48721e-23
3.6148e-23
5.92775e-23
1.17938e-22
2.8498e-22
7.89492e-22
2.33801e-21
7.07797e-21
2.2167e-20
6.81891e-20
2.09852e-19
6.39992e-19
1.94357e-18
5.98684e-18
1.79611e-17
5.44231e-17
1.60299e-16
4.80468e-16
1.40637e-15
4.06569e-15
1.20331e-14
3.46205e-14
9.94066e-14
2.80311e-13
7.8835e-13
2.16319e-12
5.85112e-12
1.57204e-11
4.14156e-11
1.08253e-10
2.80653e-10
7.25616e-10
1.8175e-09
4.46978e-09
1.10665e-08
2.60351e-08
6.03501e-08
1.48532e-07
3.55381e-07
8.30293e-07
1.90794e-06
4.25802e-06
9.23846e-06
1.94133e-05
3.92201e-05
7.55866e-05
0.000131239
0.000221846
0.000372798
0.000616367
0.000974095
0.00146566
0.00210813
0.00286308
0.00375829
0.00477892
0.00589832
0.00708448
0.00830805
0.00952697
0.0107065
0.0118138
0.0128394
0.0137382
0.0144749
0.0149473
0.0149803
0.0143679
0.0131389
0.0114302
0.00935671
0.00704757
0.00481657
0.00296554
0.00170711
0.000950604
0.000515826
0.000278975
0.000149146
7.82236e-05
3.9983e-05
1.95422e-05
9.24931e-06
4.13884e-06
1.81233e-06
8.54075e-07
4.97043e-07
3.32218e-07
2.27505e-07
1.47597e-07
8.25649e-08
2.42176e-08
2.30378e-25
9.25466e-25
2.14561e-24
3.94589e-24
6.24028e-24
9.07729e-24
1.25985e-23
1.72296e-23
2.36934e-23
3.38157e-23
5.3492e-23
1.02535e-22
2.36806e-22
6.39808e-22
1.88674e-21
5.69766e-21
1.76096e-20
5.51193e-20
1.70166e-19
5.21162e-19
1.60668e-18
4.91899e-18
1.50434e-17
4.54444e-17
1.36354e-16
4.05867e-16
1.1975e-15
3.50157e-15
1.01472e-14
2.89225e-14
8.57959e-14
2.42889e-13
6.76465e-13
1.88964e-12
5.173e-12
1.39198e-11
3.70825e-11
9.81912e-11
2.58105e-10
6.67916e-10
1.68827e-09
4.15466e-09
1.02265e-08
2.5308e-08
5.90558e-08
1.35787e-07
3.29638e-07
7.74012e-07
1.77509e-06
4.0012e-06
8.7366e-06
1.84808e-05
3.77457e-05
7.44119e-05
0.000129686
0.000219578
0.000370442
0.000614464
0.000973735
0.00146813
0.00211427
0.0028741
0.00377595
0.00480434
0.0059308
0.00711903
0.00834845
0.00956456
0.0107439
0.0118493
0.0128731
0.0137682
0.0144989
0.0149635
0.0149848
0.0143581
0.0131201
0.0114066
0.00933082
0.00702616
0.00480058
0.00295591
0.00170221
0.000948162
0.000514637
0.000278413
0.000148897
7.81257e-05
3.99539e-05
1.95362e-05
9.25318e-06
4.14141e-06
1.81378e-06
8.53355e-07
4.95594e-07
3.30956e-07
2.26595e-07
1.47016e-07
8.2253e-08
2.41313e-08
2.63374e-25
1.00112e-24
2.25482e-24
4.06097e-24
6.40928e-24
9.28312e-24
1.28182e-23
1.72601e-23
2.32282e-23
3.22507e-23
4.89449e-23
8.7396e-23
1.92236e-22
5.02548e-22
1.46336e-21
4.42926e-21
1.36075e-20
4.31794e-20
1.3347e-19
4.16115e-19
1.28436e-18
3.91355e-18
1.19857e-17
3.63181e-17
1.11151e-16
3.27474e-16
9.88044e-16
2.8852e-15
8.41048e-15
2.48082e-14
7.20579e-14
2.05608e-13
5.69402e-13
1.61905e-12
4.43904e-12
1.22141e-11
3.24504e-11
8.81778e-11
2.32964e-10
5.98362e-10
1.51869e-09
3.79139e-09
9.27661e-09
2.28137e-08
5.64666e-08
1.36181e-07
3.11408e-07
7.1287e-07
1.65389e-06
3.73374e-06
8.26632e-06
1.76841e-05
3.64958e-05
7.26893e-05
0.000127505
0.000216665
0.000366768
0.000610562
0.000970691
0.00146737
0.00211746
0.00288262
0.0037919
0.00482618
0.0059557
0.0071495
0.00837984
0.00959812
0.0107785
0.0118844
0.0129087
0.0138009
0.0145261
0.014982
0.014992
0.0143541
0.0131095
0.0113924
0.0093162
0.00701641
0.0047959
0.00295545
0.00170313
0.00094898
0.000515253
0.000278865
0.000149221
7.83517e-05
4.01073e-05
1.96226e-05
9.30589e-06
4.16632e-06
1.82521e-06
8.56201e-07
4.95387e-07
3.30274e-07
2.26044e-07
1.46673e-07
8.20816e-08
2.40899e-08
2.79147e-25
1.03584e-24
2.23545e-24
3.90382e-24
6.17846e-24
9.07348e-24
1.2734e-23
1.72267e-23
2.29181e-23
3.07447e-23
4.4024e-23
7.27909e-23
1.48675e-22
3.73947e-22
1.06887e-21
3.25037e-21
1.01226e-20
3.17231e-20
9.93063e-20
3.09964e-19
9.51947e-19
3.00498e-18
9.06196e-18
2.82485e-17
8.68113e-17
2.61458e-16
7.82246e-16
2.32219e-15
6.84104e-15
2.00231e-14
5.86359e-14
1.69467e-13
4.79601e-13
1.36138e-12
3.77205e-12
1.03135e-11
2.80852e-11
7.48044e-11
2.06086e-10
5.34538e-10
1.3553e-09
3.34441e-09
8.33737e-09
1.98835e-08
4.98059e-08
1.241e-07
3.01317e-07
6.58207e-07
1.53973e-06
3.51203e-06
7.82519e-06
1.68698e-05
3.51069e-05
7.04988e-05
0.00012439
0.000212491
0.000361548
0.000604558
0.000964858
0.00146311
0.0021165
0.00288581
0.00379981
0.00483927
0.00597516
0.00717366
0.00840807
0.0096324
0.0108103
0.011916
0.0129376
0.0138276
0.0145496
0.0149998
0.0150013
0.0143548
0.0131062
0.0113883
0.00931399
0.0070198
0.00480424
0.00296576
0.00171097
0.000953708
0.000518049
0.000280546
0.000150244
7.8975e-05
4.04853e-05
1.98242e-05
9.41981e-06
4.21936e-06
1.84934e-06
8.63633e-07
4.96765e-07
3.30346e-07
2.25951e-07
1.46628e-07
8.20866e-08
2.41046e-08
2.70666e-25
1.0061e-24
2.19775e-24
3.94545e-24
6.31256e-24
9.23443e-24
1.28304e-23
1.71599e-23
2.25504e-23
2.96258e-23
4.05782e-23
6.21231e-23
1.1587e-22
2.68917e-22
7.52968e-22
2.25475e-21
6.9834e-21
2.22899e-20
7.05759e-20
2.2235e-19
7.05338e-19
2.21091e-18
6.86607e-18
2.12591e-17
6.57131e-17
1.99351e-16
6.00258e-16
1.82365e-15
5.421e-15
1.58449e-14
4.73269e-14
1.36448e-13
3.89286e-13
1.11324e-12
3.14358e-12
8.55531e-12
2.36924e-11
6.40136e-11
1.72497e-10
4.61067e-10
1.17623e-09
2.96088e-09
7.32243e-09
1.82411e-08
4.4535e-08
1.12852e-07
2.86015e-07
6.43141e-07
1.41981e-06
3.22191e-06
7.21982e-06
1.58732e-05
3.3401e-05
6.75927e-05
0.000119719
0.000206925
0.000356045
0.000598031
0.000957561
0.00145606
0.00211206
0.00288527
0.00380459
0.00485023
0.00599251
0.00719714
0.00843984
0.00966438
0.0108474
0.0119502
0.0129676
0.013856
0.0145747
0.0150191
0.0150133
0.0143605
0.0131103
0.0113941
0.00932439
0.0070369
0.00482649
0.00298788
0.00172655
0.000962854
0.000523335
0.000283644
0.000152079
8.0063e-05
4.11279e-05
2.01637e-05
9.60787e-06
4.30682e-06
1.88923e-06
8.76857e-07
5.00102e-07
3.3131e-07
2.264e-07
1.4694e-07
8.23035e-08
2.41873e-08
4.05663e-25
1.56729e-24
3.19674e-24
5.14944e-24
7.48155e-24
1.03483e-23
1.37092e-23
1.76084e-23
2.21336e-23
2.77485e-23
3.58169e-23
5.02988e-23
8.40276e-23
1.78292e-22
4.75399e-22
1.42083e-21
4.51391e-21
1.44994e-20
4.70491e-20
1.50936e-19
4.83206e-19
1.53821e-18
4.86119e-18
1.52642e-17
4.76165e-17
1.47293e-16
4.52008e-16
1.37952e-15
4.15043e-15
1.23435e-14
3.63215e-14
1.06202e-13
3.05964e-13
8.96245e-13
2.54908e-12
6.91946e-12
1.99648e-11
5.42994e-11
1.46623e-10
3.82041e-10
1.00477e-09
2.52592e-09
6.29472e-09
1.58673e-08
3.89864e-08
1.00751e-07
2.50551e-07
6.17852e-07
1.35886e-06
2.9268e-06
6.6447e-06
1.46368e-05
3.14302e-05
6.4463e-05
0.000115448
0.00020021
0.00034728
0.000588227
0.000947492
0.00144665
0.00210545
0.00288304
0.00380841
0.00486129
0.00601064
0.00722426
0.00847228
0.00970405
0.0108857
0.011989
0.0130051
0.0138906
0.0146057
0.0150452
0.0150318
0.014373
0.0131218
0.011409
0.00934638
0.00706696
0.00486227
0.00302182
0.0017501
0.000976607
0.00053127
0.000288261
0.000154794
8.16601e-05
4.20635e-05
2.066e-05
9.88123e-06
4.43503e-06
1.94827e-06
8.97308e-07
5.05803e-07
3.33333e-07
2.2749e-07
1.4768e-07
8.27761e-08
2.43527e-08
4.39592e-25
1.5997e-24
3.25164e-24
5.37865e-24
7.96626e-24
1.08958e-23
1.42492e-23
1.8133e-23
2.2676e-23
2.80671e-23
3.50369e-23
4.6691e-23
7.10456e-23
1.39019e-22
3.45989e-22
1.01462e-21
3.19366e-21
1.02806e-20
3.32514e-20
1.07434e-19
3.46994e-19
1.11219e-18
3.54487e-18
1.10461e-17
3.54652e-17
1.09752e-16
3.38095e-16
1.02611e-15
3.12501e-15
9.30444e-15
2.75796e-14
8.33377e-14
2.42283e-13
7.0828e-13
2.022e-12
5.69948e-12
1.59018e-11
4.36577e-11
1.19423e-10
3.2027e-10
8.3204e-10
2.13242e-09
5.35339e-09
1.3449e-08
3.41198e-08
8.77902e-08
2.21997e-07
5.4029e-07
1.2966e-06
2.83114e-06
6.0474e-06
1.34152e-05
2.88104e-05
5.85706e-05
0.000112093
0.000193859
0.00033741
0.000575332
0.000933231
0.00143311
0.00209521
0.00287809
0.00381175
0.00487525
0.00603855
0.00726202
0.00851329
0.00975232
0.0109333
0.0120356
0.0130478
0.0139309
0.0146412
0.0150724
0.0150481
0.014392
0.0131388
0.0114302
0.0093763
0.00710633
0.00490841
0.00306539
0.00178047
0.00099441
0.000541741
0.000294387
0.000158399
8.37732e-05
4.32928e-05
2.13298e-05
1.02496e-05
4.61314e-06
2.03114e-06
9.27184e-07
5.14713e-07
3.36748e-07
2.29395e-07
1.48943e-07
8.35544e-08
2.46157e-08
5.04859e-25
1.65839e-24
3.14757e-24
4.94106e-24
6.88194e-24
9.04257e-24
1.15345e-23
1.44375e-23
1.79429e-23
2.22539e-23
2.7894e-23
3.67933e-23
5.52898e-23
1.05407e-22
2.5652e-22
7.40271e-22
2.31764e-21
7.48495e-21
2.44336e-20
7.94011e-20
2.56743e-19
8.25372e-19
2.6398e-18
8.38367e-18
2.64557e-17
8.25948e-17
2.55383e-16
7.82042e-16
2.37307e-15
7.15018e-15
2.13538e-14
6.40569e-14
1.88626e-13
5.4964e-13
1.5875e-12
4.50989e-12
1.26712e-11
3.44865e-11
9.69655e-11
2.64595e-10
6.90667e-10
1.78748e-09
4.5201e-09
1.14379e-08
2.86906e-08
7.44347e-08
1.91023e-07
4.75456e-07
1.136e-06
2.61227e-06
5.31338e-06
1.18326e-05
2.52385e-05
5.26102e-05
0.000103047
0.000188622
0.00032833
0.000562331
0.000918684
0.00141975
0.00208612
0.00287609
0.00381913
0.00489241
0.00606677
0.00730184
0.00856163
0.0098061
0.0109907
0.0120938
0.013105
0.0139816
0.0146846
0.015106
0.0150702
0.014405
0.0131512
0.0114481
0.00940446
0.00714608
0.00495699
0.00311279
0.00181461
0.00101617
0.000554891
0.000302021
0.000162833
8.62953e-05
4.46201e-05
2.23224e-05
1.07707e-05
4.85719e-06
2.1435e-06
9.68871e-07
5.27659e-07
3.41828e-07
2.32229e-07
1.50786e-07
8.46636e-08
2.49844e-08
2.89836e-25
8.86795e-25
1.75874e-24
2.88882e-24
4.26802e-24
5.9419e-24
7.95282e-24
1.03495e-23
1.33395e-23
1.75429e-23
2.44285e-23
3.77158e-23
6.79574e-23
1.46069e-22
3.61898e-22
9.70507e-22
2.89244e-21
8.5542e-21
2.58347e-20
7.92459e-20
2.42316e-19
7.43584e-19
2.28059e-18
6.90427e-18
2.16793e-17
6.59313e-17
2.00107e-16
6.16039e-16
1.85475e-15
5.57691e-15
1.67269e-14
4.966e-14
1.4286e-13
4.24154e-13
1.23476e-12
3.57854e-12
1.0128e-11
2.81347e-11
7.781e-11
2.11253e-10
5.65314e-10
1.44063e-09
3.68338e-09
9.33715e-09
2.39547e-08
6.12194e-08
1.56663e-07
3.90321e-07
9.40164e-07
2.18792e-06
5.05624e-06
1.04029e-05
2.25841e-05
4.73086e-05
9.40426e-05
0.00018042
0.00031779
0.00054798
0.00090241
0.00140286
0.00207354
0.00287156
0.00382759
0.00491928
0.00610938
0.0073596
0.00863779
0.00988361
0.0110622
0.0121583
0.0131627
0.0140355
0.01473
0.0151394
0.015088
0.0144103
0.0131539
0.0114551
0.00942088
0.00717481
0.00499413
0.00314841
0.00183586
0.00104427
0.000570939
0.000310866
0.000167801
8.90876e-05
4.61963e-05
2.32436e-05
1.12835e-05
5.11558e-06
2.26429e-06
1.01514e-06
5.42144e-07
3.47523e-07
2.35414e-07
1.52875e-07
8.5912e-08
2.53973e-08
7.44596e-26
2.09232e-25
3.9662e-25
6.79397e-25
1.0898e-24
1.67424e-24
2.48292e-24
3.67906e-24
5.67133e-24
9.61498e-24
1.86314e-23
3.7462e-23
8.19277e-23
1.98457e-22
5.05142e-22
1.35996e-21
3.75936e-21
1.05869e-20
3.01603e-20
8.68634e-20
2.52142e-19
7.36693e-19
2.16156e-18
6.36604e-18
1.89806e-17
5.64731e-17
1.67706e-16
4.98474e-16
1.47296e-15
4.34049e-15
1.27761e-14
3.76909e-14
1.09394e-13
3.18103e-13
9.29999e-13
2.63111e-12
7.595e-12
2.13695e-11
5.88184e-11
1.65755e-10
4.39361e-10
1.1324e-09
2.9022e-09
7.2353e-09
1.75606e-08
4.5421e-08
1.18144e-07
3.01568e-07
7.49506e-07
1.8208e-06
4.23659e-06
9.66657e-06
1.95863e-05
4.11255e-05
8.4794e-05
0.000163945
0.000296762
0.000522823
0.000874714
0.00138302
0.00206231
0.00287155
0.00384186
0.00494885
0.00615592
0.00742253
0.00871035
0.00995609
0.0111353
0.0122319
0.0132224
0.0140868
0.0147725
0.0151677
0.0151005
0.0144104
0.0131509
0.0114547
0.00942719
0.00719069
0.00501766
0.00317374
0.00185525
0.0010584
0.000580362
0.000316429
0.000171112
9.10958e-05
4.73867e-05
2.3923e-05
1.16612e-05
5.30912e-06
2.35777e-06
1.05176e-06
5.532e-07
3.52022e-07
2.38291e-07
1.54902e-07
8.71526e-08
2.58225e-08
)
;

boundaryField
{
    fuel
    {
        type            fixedValue;
        value           uniform 0;
    }
    air
    {
        type            fixedValue;
        value           uniform 0;
    }
    outlet
    {
        type            inletOutlet;
        inletValue      uniform 0;
        value           nonuniform List<scalar> 
200
(
0
0
0
0
0
0
0
0
0
0
1.79235e-23
3.63709e-23
8.01498e-23
1.92132e-22
4.91382e-22
1.30872e-21
3.56463e-21
1.01738e-20
2.87956e-20
8.25154e-20
2.37735e-19
6.79386e-19
2.07864e-18
6.10608e-18
1.81952e-17
5.40928e-17
1.58948e-16
4.81275e-16
1.41996e-15
4.18936e-15
1.23591e-14
3.64052e-14
1.06096e-13
3.07296e-13
8.85453e-13
2.46652e-12
6.9724e-12
1.99985e-11
5.59492e-11
1.55004e-10
4.14743e-10
1.08917e-09
2.79894e-09
7.0231e-09
1.71872e-08
4.40566e-08
1.14905e-07
2.95188e-07
7.38436e-07
1.78442e-06
4.14672e-06
9.39758e-06
1.91028e-05
4.04047e-05
8.26345e-05
0.000160377
0.000290966
0.000514158
0.000861032
0.00136327
0.00203712
0.00284254
0.00381029
0.00491631
0.0061246
0.00739155
0.00868075
0.0099282
0.0111084
0.0122053
0.0132012
0.0140684
0.0147595
0.0151626
0.0151054
0.0144278
0.0131777
0.0114889
0.0094669
0.00722903
0.00505275
0.00320159
0.0018735
0.00106941
0.0005869
0.000320045
0.000173117
9.21844e-05
4.79843e-05
2.42426e-05
1.18269e-05
5.38804e-06
2.39473e-06
1.06731e-06
5.59804e-07
3.55622e-07
2.40611e-07
1.56411e-07
8.8018e-08
2.60854e-08
0
0
0
0
0
0
0
0
0
0
1.86314e-23
3.7462e-23
8.19277e-23
1.98457e-22
5.05142e-22
1.35996e-21
3.75936e-21
1.05869e-20
3.01603e-20
8.68634e-20
2.52142e-19
7.36693e-19
2.16156e-18
6.36604e-18
1.89806e-17
5.64731e-17
1.67706e-16
4.98474e-16
1.47296e-15
4.34049e-15
1.27761e-14
3.76909e-14
1.09394e-13
3.18103e-13
9.29999e-13
2.63111e-12
7.595e-12
2.13695e-11
5.88184e-11
1.65755e-10
4.39361e-10
1.1324e-09
2.9022e-09
7.2353e-09
1.75606e-08
4.5421e-08
1.18144e-07
3.01568e-07
7.49506e-07
1.8208e-06
4.23659e-06
9.66657e-06
1.95863e-05
4.11255e-05
8.4794e-05
0.000163945
0.000296762
0.000522823
0.000874714
0.00138302
0.00206231
0.00287155
0.00384186
0.00494885
0.00615592
0.00742253
0.00871035
0.00995609
0.0111353
0.0122319
0.0132224
0.0140868
0.0147725
0.0151677
0.0151005
0.0144104
0.0131509
0.0114547
0.00942719
0.00719069
0.00501766
0.00317374
0.00185525
0.0010584
0.000580362
0.000316429
0.000171112
9.10958e-05
4.73867e-05
2.3923e-05
1.16612e-05
5.30912e-06
2.35777e-06
1.05176e-06
5.532e-07
3.52022e-07
2.38291e-07
1.54902e-07
8.71526e-08
2.58225e-08
)
;
    }
    frontAndBack
    {
        type            empty;
    }
    internal
    {
        type            internal;
    }
}


// ************************************************************************* //
