/*--------------------------------*- C++ -*----------------------------------*\
  =========                 |
  \\      /  F ield         | OpenFOAM: The Open Source CFD Toolbox
   \\    /   O peration     | Website:  https://openfoam.org
    \\  /    A nd           | Version:  10
     \\/     M anipulation  |
\*---------------------------------------------------------------------------*/
FoamFile
{
    format      ascii;
    class       volScalarField;
    location    "1";
    object      CO;
}
// * * * * * * * * * * * * * * * * * * * * * * * * * * * * * * * * * * * * * //

dimensions      [0 0 0 0 0 0 0];

internalField   nonuniform List<scalar> 
4000
(
1.11819e-28
6.9485e-28
3.01541e-27
1.14596e-26
4.06766e-26
1.35134e-25
4.26575e-25
1.29775e-24
3.84634e-24
1.12541e-23
3.30184e-23
9.04437e-23
2.44334e-22
6.61871e-22
1.80758e-21
4.97257e-21
1.3753e-20
3.95333e-20
1.12244e-19
3.22088e-19
9.28556e-19
2.654e-18
8.12713e-18
2.38801e-17
7.11726e-17
2.11624e-16
6.22023e-16
1.88396e-15
5.55976e-15
1.6407e-14
4.84151e-14
1.42647e-13
4.15771e-13
1.20448e-12
3.47085e-12
9.67027e-12
2.7339e-11
7.84521e-11
2.19515e-10
6.08255e-10
1.62788e-09
4.27602e-09
1.09923e-08
2.75855e-08
6.75035e-08
1.73098e-07
4.5155e-07
1.16021e-06
2.9028e-06
7.01571e-06
1.63039e-05
3.69502e-05
7.51115e-05
0.000158871
0.000324918
0.000630588
0.00114403
0.00202145
0.0033848
0.00535836
0.00800527
0.0111675
0.0149651
0.0193029
0.0240397
0.0290057
0.0340593
0.0389525
0.0435924
0.047933
0.051945
0.0556082
0.0589338
0.0619074
0.0645203
0.0667758
0.0687088
0.0703747
0.0717916
0.0729316
0.0736795
0.0737831
0.0726256
0.068999
0.0611869
0.0479902
0.0345249
0.023289
0.0148998
0.00914563
0.00552068
0.00336933
0.00224153
0.00161011
0.00120164
0.000891791
0.000635969
0.000419339
0.000236507
7.00634e-05
1.13248e-28
6.58522e-28
2.42704e-27
8.27788e-27
2.72073e-26
8.67614e-26
2.69433e-25
8.17541e-25
2.36232e-24
6.67181e-24
1.86583e-23
5.21628e-23
1.46717e-22
4.17368e-22
1.20398e-21
3.53037e-21
1.04679e-20
3.14612e-20
9.55523e-20
2.91578e-19
8.95084e-19
2.7648e-18
8.52485e-18
2.62622e-17
8.08975e-17
2.47475e-16
7.54718e-16
2.29287e-15
6.90149e-15
2.0568e-14
6.10195e-14
1.89023e-13
5.56028e-13
1.60439e-12
4.6014e-12
1.30051e-11
3.73082e-11
1.03679e-10
2.8804e-10
7.81196e-10
2.09369e-09
5.43637e-09
1.39731e-08
3.49548e-08
8.88707e-08
2.3125e-07
5.95572e-07
1.50112e-06
3.70202e-06
8.92105e-06
1.9249e-05
3.93645e-05
8.49676e-05
0.000176001
0.000355273
0.000689854
0.00121849
0.00210981
0.00348264
0.00542781
0.00804225
0.0111609
0.014902
0.0191771
0.0238419
0.0287516
0.0337664
0.0386769
0.0433164
0.0476668
0.0517114
0.0554066
0.0587516
0.0617564
0.0644042
0.0666855
0.068633
0.070307
0.0717263
0.0728632
0.073602
0.0736778
0.0724567
0.0687051
0.0606779
0.0473431
0.0339149
0.0227898
0.0145114
0.00887809
0.00535388
0.0032781
0.002192
0.00158095
0.00118068
0.000874776
0.000622505
0.000410023
0.00023108
6.83221e-05
6.77136e-29
3.49015e-28
1.16721e-27
3.50919e-27
1.01827e-26
2.90455e-26
8.21373e-26
2.33884e-25
6.86485e-25
2.11064e-24
6.67219e-24
2.15541e-23
7.06467e-23
2.32762e-22
7.68129e-22
2.53332e-21
8.32797e-21
2.68736e-20
9.08367e-20
2.94552e-19
9.56136e-19
3.08259e-18
9.85971e-18
3.12406e-17
9.80364e-17
3.05102e-16
9.45224e-16
2.93058e-15
8.87993e-15
2.67141e-14
8.19325e-14
2.42839e-13
7.03172e-13
2.05532e-12
5.96429e-12
1.69111e-11
4.71374e-11
1.30522e-10
3.58059e-10
9.58414e-10
2.53467e-09
6.33455e-09
1.69047e-08
4.15429e-08
1.08872e-07
2.76773e-07
7.13085e-07
1.77985e-06
4.25196e-06
1.00531e-05
2.15961e-05
4.44595e-05
9.54193e-05
0.000200197
0.000391497
0.000720958
0.0012547
0.00215585
0.00353468
0.00548567
0.00808383
0.0111714
0.0148635
0.0190706
0.0236753
0.0285311
0.0334981
0.038371
0.0430361
0.0474103
0.0514981
0.0552088
0.0585741
0.061596
0.0642686
0.0665744
0.068536
0.0702174
0.0716367
0.0727651
0.073482
0.0735186
0.0722053
0.0682541
0.0598834
0.0463762
0.0330169
0.0220513
0.0139785
0.00850676
0.00512463
0.00315505
0.00212762
0.00154314
0.00115484
0.000855154
0.000608181
0.000400142
0.000225283
6.64978e-05
4.74487e-29
2.40075e-28
8.12553e-28
2.50505e-27
7.56644e-27
2.30038e-26
7.13423e-26
2.32515e-25
7.58328e-25
2.49527e-24
8.382e-24
2.80662e-23
9.5206e-23
3.18239e-22
1.06116e-21
3.52203e-21
1.16317e-20
3.81982e-20
1.24575e-19
4.03671e-19
1.29832e-18
4.16264e-18
1.32234e-17
4.16964e-17
1.31977e-16
4.09745e-16
1.26272e-15
3.85189e-15
1.13895e-14
3.55702e-14
1.05387e-13
3.11275e-13
9.06753e-13
2.63188e-12
7.56817e-12
2.13142e-11
5.89556e-11
1.62931e-10
4.3634e-10
1.18755e-09
3.11203e-09
7.93593e-09
2.0482e-08
5.03494e-08
1.26163e-07
3.27106e-07
8.31532e-07
2.03324e-06
4.93077e-06
1.07255e-05
2.27454e-05
5.07185e-05
0.000108985
0.000221499
0.000425836
0.00074221
0.00129123
0.00220371
0.00359319
0.00553283
0.00811106
0.0111684
0.0148204
0.018985
0.0235405
0.028346
0.033266
0.0381313
0.0427945
0.0471778
0.0512765
0.055007
0.0584043
0.0614513
0.0641318
0.0664814
0.0684398
0.0701173
0.071531
0.0726497
0.0733505
0.0733505
0.0719528
0.0677054
0.0589773
0.0453638
0.0321268
0.0213716
0.0135134
0.00812637
0.00490151
0.00304151
0.00206705
0.00150688
0.00112922
0.000836572
0.000594564
0.000390809
0.000219808
6.47748e-05
6.98107e-29
3.57195e-28
1.23866e-27
3.93636e-27
1.22593e-26
3.82464e-26
1.20322e-25
3.81634e-25
1.21626e-24
3.98662e-24
1.2963e-23
4.25254e-23
1.41062e-22
4.63086e-22
1.54041e-21
5.03961e-21
1.64302e-20
5.41621e-20
1.75745e-19
5.66598e-19
1.81702e-18
5.76e-18
1.81411e-17
5.67381e-17
1.76369e-16
5.43609e-16
1.66292e-15
5.10367e-15
1.53605e-14
4.5773e-14
1.35314e-13
4.06e-13
1.17208e-12
3.37389e-12
9.55127e-12
2.66711e-11
7.31918e-11
1.96293e-10
5.36669e-10
1.42404e-09
3.69242e-09
9.40939e-09
2.34279e-08
5.90316e-08
1.46631e-07
3.76334e-07
9.3635e-07
2.31087e-06
5.18285e-06
1.11125e-05
2.52354e-05
5.5583e-05
0.000119606
0.000245607
0.000439844
0.000765399
0.00132686
0.0022455
0.00363467
0.00557585
0.00814138
0.0111774
0.0147975
0.0189227
0.0234324
0.0281851
0.0330872
0.0379488
0.0426193
0.0470018
0.0511128
0.054861
0.0582689
0.0613224
0.0640173
0.066386
0.0683528
0.0700305
0.0714413
0.0725513
0.0732296
0.0731849
0.0716874
0.0672447
0.0581844
0.0444888
0.0313517
0.0207627
0.0130745
0.00784426
0.00473316
0.00295402
0.00201983
0.00147816
0.00110893
0.000821459
0.000583469
0.000383213
0.000215344
6.33743e-05
1.21957e-28
6.43386e-28
2.27203e-27
7.37818e-27
2.34269e-26
7.40457e-26
2.34137e-25
7.4231e-25
2.35933e-24
7.52203e-24
2.39595e-23
7.61944e-23
2.47212e-22
7.89993e-22
2.52272e-21
8.13687e-21
2.59875e-20
8.29308e-20
2.64541e-19
8.3482e-19
2.66075e-18
8.28808e-18
2.56091e-17
7.86732e-17
2.42062e-16
7.46027e-16
2.2482e-15
6.69704e-15
2.02088e-14
5.92993e-14
1.71679e-13
5.18623e-13
1.4749e-12
4.17137e-12
1.15426e-11
3.23852e-11
8.72788e-11
2.29749e-10
6.3678e-10
1.72617e-09
4.36882e-09
1.08838e-08
2.71236e-08
6.72999e-08
1.69046e-07
4.21131e-07
1.07018e-06
2.43919e-06
5.40318e-06
1.22026e-05
2.7493e-05
6.04198e-05
0.000127385
0.000258663
0.000460089
0.000791654
0.00135576
0.00228565
0.0036735
0.00560841
0.00816014
0.011175
0.0147679
0.0188627
0.0233449
0.0280769
0.0329485
0.0377834
0.0424507
0.0468517
0.0509842
0.054742
0.058159
0.06123
0.0639364
0.0663128
0.0682842
0.0699631
0.07137
0.07247
0.0731317
0.0730524
0.0714794
0.0668851
0.0575604
0.0438081
0.0307484
0.0202873
0.0127316
0.00762915
0.00460526
0.00288919
0.00198494
0.00145698
0.00109418
0.000810314
0.000575213
0.000377525
0.000211985
6.23195e-05
1.97819e-28
1.01988e-27
3.6373e-27
1.17367e-26
3.68523e-26
1.17175e-25
3.67419e-25
1.15696e-24
3.65312e-24
1.1548e-23
3.65626e-23
1.15902e-22
3.67513e-22
1.16459e-21
3.69518e-21
1.17466e-20
3.73397e-20
1.17709e-19
3.70331e-19
1.16999e-18
3.6487e-18
1.1285e-17
3.4245e-17
1.06782e-16
3.21862e-16
9.65766e-16
2.88796e-15
8.34968e-15
2.55526e-14
7.52127e-14
2.17941e-13
6.26302e-13
1.79283e-12
5.0582e-12
1.39533e-11
3.86877e-11
1.06244e-10
2.77014e-10
7.62627e-10
1.98773e-09
5.04518e-09
1.26295e-08
3.09552e-08
7.62414e-08
1.86993e-07
4.68667e-07
1.13781e-06
2.47824e-06
5.79092e-06
1.31865e-05
2.92977e-05
6.36034e-05
0.000132945
0.000267743
0.000473685
0.000811751
0.00137958
0.00231208
0.00370195
0.00563123
0.00816861
0.011165
0.0147337
0.0188028
0.0232599
0.0279742
0.0328316
0.0376498
0.0423203
0.0467265
0.0508708
0.0546376
0.0580661
0.0611466
0.0638628
0.0662491
0.0682227
0.069903
0.071308
0.072403
0.0730539
0.0729518
0.071326
0.0666257
0.0571131
0.0433231
0.0303186
0.0199479
0.0124866
0.00747648
0.00451483
0.00284397
0.00196068
0.00144219
0.00108375
0.000802473
0.000569409
0.000373521
0.000209616
6.15744e-05
2.86917e-28
1.48569e-27
5.26934e-27
1.71493e-26
5.44363e-26
1.71588e-25
5.39877e-25
1.69882e-24
5.34813e-24
1.68429e-23
5.30248e-23
1.67059e-22
5.27097e-22
1.6628e-21
5.22573e-21
1.64238e-20
5.15984e-20
1.61455e-19
5.03716e-19
1.56766e-18
4.85779e-18
1.49322e-17
4.56055e-17
1.38268e-16
4.16505e-16
1.24704e-15
3.69929e-15
1.08116e-14
3.12072e-14
9.02531e-14
2.63895e-13
7.66034e-13
2.16619e-12
6.04215e-12
1.64663e-11
4.50867e-11
1.22697e-10
3.16709e-10
8.56959e-10
2.26481e-09
5.71754e-09
1.41143e-08
3.50212e-08
8.5188e-08
2.09459e-07
5.19127e-07
1.18405e-06
2.68545e-06
6.23551e-06
1.40993e-05
3.12835e-05
6.70286e-05
0.000138559
0.000276475
0.000486014
0.000827708
0.00139892
0.00233351
0.00372116
0.00564223
0.00816425
0.0111421
0.0146873
0.0187361
0.0231677
0.0278495
0.0327058
0.0375171
0.0421948
0.0466037
0.0507577
0.0545348
0.0579718
0.0610632
0.0637904
0.066188
0.0681672
0.0698498
0.0712551
0.0723489
0.0729948
0.0728807
0.0712245
0.0664605
0.0568305
0.0430149
0.0300427
0.0197283
0.0123272
0.00737713
0.00445608
0.0028149
0.00194522
0.0014328
0.00107709
0.000797447
0.000565669
0.000370926
0.000208072
6.10872e-05
3.79767e-28
1.97433e-27
7.0272e-27
2.29046e-26
7.28144e-26
2.29493e-25
7.20923e-25
2.26322e-24
7.10757e-24
2.24079e-23
7.031e-23
2.20333e-22
6.90405e-22
2.17187e-21
6.78694e-21
2.11794e-20
6.60978e-20
2.05441e-19
6.35675e-19
1.98847e-18
6.11442e-18
1.85238e-17
5.70053e-17
1.71152e-16
5.13237e-16
1.53933e-15
4.55479e-15
1.3362e-14
3.87663e-14
1.10715e-13
3.16479e-13
9.05654e-13
2.54187e-12
7.06075e-12
1.93624e-11
5.22307e-11
1.39948e-10
3.58204e-10
9.63042e-10
2.50777e-09
6.35515e-09
1.57942e-08
3.8748e-08
9.47742e-08
2.2199e-07
5.10724e-07
1.23977e-06
2.9121e-06
6.68278e-06
1.50738e-05
3.29519e-05
6.9866e-05
0.000143202
0.000283608
0.000495276
0.000839476
0.00141293
0.00234769
0.0037312
0.00564134
0.00814503
0.0110975
0.0146168
0.0186306
0.0230399
0.0277184
0.0325493
0.0373691
0.0420424
0.0464628
0.050619
0.0544099
0.0578675
0.0609754
0.0637173
0.0661284
0.0681146
0.0698012
0.0712089
0.0723051
0.0729509
0.0728341
0.0711673
0.0663756
0.0566885
0.0428549
0.0298948
0.0196074
0.0122377
0.00732057
0.00442249
0.00279858
0.00193676
0.00142776
0.00107351
0.000794703
0.000563599
0.000369472
0.000207197
6.08077e-05
4.56866e-28
2.51119e-27
8.8174e-27
2.86141e-26
9.18097e-26
2.89271e-25
9.11356e-25
2.86361e-24
8.98518e-24
2.81604e-23
8.82916e-23
2.77447e-22
8.66758e-22
2.70826e-21
8.4552e-21
2.6124e-20
8.31647e-20
2.56937e-19
7.92579e-19
2.43173e-18
7.39517e-18
2.27997e-17
6.88544e-17
2.06827e-16
6.16841e-16
1.83026e-15
5.394e-15
1.57411e-14
4.61873e-14
1.33181e-13
3.78762e-13
1.06102e-12
2.9402e-12
8.08345e-12
2.18669e-11
5.83965e-11
1.54094e-10
3.96247e-10
1.07779e-09
2.75747e-09
6.85212e-09
1.69541e-08
4.13977e-08
9.78812e-08
2.26643e-07
5.5815e-07
1.33477e-06
3.11677e-06
7.15578e-06
1.59522e-05
3.45773e-05
7.27071e-05
0.000147605
0.000288305
0.000501764
0.000848823
0.00142258
0.00235548
0.00373273
0.00563186
0.00811916
0.0110501
0.0145357
0.0185229
0.0229063
0.0275609
0.0323892
0.0372181
0.0418981
0.046321
0.0504928
0.0542969
0.0577675
0.0608868
0.0636374
0.0660628
0.0680581
0.0697521
0.0711662
0.0722685
0.0729187
0.0728068
0.0711452
0.0663546
0.0566581
0.0428117
0.029847
0.0195634
0.0122024
0.00729697
0.00440829
0.00279204
0.00193368
0.0014261
0.00107234
0.000793762
0.000562842
0.000368909
0.000206843
6.06902e-05
5.53687e-28
3.01995e-27
1.06531e-26
3.47161e-26
1.10373e-25
3.47897e-25
1.09347e-24
3.43173e-24
1.07466e-23
3.3691e-23
1.06817e-22
3.34148e-22
1.04335e-21
3.26963e-21
1.02171e-20
3.17039e-20
9.94059e-20
3.05984e-19
9.38581e-19
2.88021e-18
8.69118e-18
2.67474e-17
8.04554e-17
2.40574e-16
7.08793e-16
2.11841e-15
6.18178e-15
1.80154e-14
5.26212e-14
1.51526e-13
4.2991e-13
1.20206e-12
3.30929e-12
9.11555e-12
2.44528e-11
6.49834e-11
1.70721e-10
4.38741e-10
1.17844e-09
2.9796e-09
7.35989e-09
1.79329e-08
4.28671e-08
1.0061e-07
2.46567e-07
6.00334e-07
1.43201e-06
3.34807e-06
7.62506e-06
1.69296e-05
3.66056e-05
7.68694e-05
0.000156918
0.000289604
0.000506625
0.000855497
0.00142809
0.00235734
0.00372621
0.00560859
0.00807253
0.0109793
0.0144522
0.0184134
0.0227748
0.0274125
0.0322305
0.0370532
0.0417511
0.0461874
0.0503658
0.0541821
0.0576614
0.0607937
0.0635615
0.0660049
0.068009
0.0697102
0.0711299
0.0722395
0.0728966
0.0727949
0.0711504
0.066383
0.0567137
0.0428568
0.0298744
0.0195768
0.0122077
0.00729787
0.00440835
0.0027927
0.00193458
0.00142694
0.00107295
0.000794148
0.000563053
0.000369007
0.000206875
6.06927e-05
6.67121e-28
3.48929e-27
1.23821e-26
4.0327e-26
1.28052e-25
4.03311e-25
1.26802e-24
3.98816e-24
1.25186e-23
3.95503e-23
1.24325e-22
3.896e-22
1.21726e-21
3.81609e-21
1.19525e-20
3.7123e-20
1.149e-19
3.54721e-19
1.0892e-18
3.32829e-18
1.01093e-17
3.04935e-17
9.20503e-17
2.74411e-16
8.12606e-16
2.38672e-15
6.97101e-15
2.00201e-14
5.86481e-14
1.67023e-13
4.62195e-13
1.32799e-12
3.67196e-12
9.91645e-12
2.73193e-11
7.17141e-11
1.85494e-10
4.75391e-10
1.24561e-09
3.21166e-09
7.85898e-09
1.90111e-08
4.52651e-08
1.07693e-07
2.63355e-07
6.38385e-07
1.51807e-06
3.53444e-06
8.01382e-06
1.77088e-05
3.81217e-05
7.97113e-05
0.000161553
0.000289686
0.000510929
0.000860972
0.00143107
0.00235554
0.00371549
0.00558674
0.00803176
0.010917
0.0143564
0.0182981
0.0226416
0.027266
0.0320786
0.0368936
0.0415989
0.0460581
0.0502231
0.0540573
0.0575556
0.0607057
0.063489
0.0659477
0.0679624
0.0696705
0.0710972
0.0722155
0.0728817
0.0727942
0.0711755
0.0664475
0.0568333
0.0429701
0.0299601
0.0196343
0.0122429
0.00731658
0.00441872
0.00279863
0.00193841
0.0014296
0.00107484
0.000795461
0.000563936
0.000369561
0.000207176
6.07789e-05
7.34806e-28
3.9282e-27
1.39906e-26
4.5516e-26
1.44567e-25
4.55823e-25
1.43493e-24
4.51582e-24
1.42455e-23
4.48916e-23
1.41137e-22
4.42411e-22
1.38159e-21
4.34162e-21
1.34803e-20
4.16221e-20
1.26129e-19
4.02663e-19
1.22815e-18
3.7543e-18
1.13954e-17
3.43862e-17
1.0313e-16
3.03141e-16
9.11764e-16
2.6518e-15
7.66058e-15
2.20045e-14
6.33247e-14
1.85089e-13
5.15791e-13
1.45733e-12
4.00143e-12
1.09682e-11
2.9273e-11
7.67107e-11
1.97337e-10
5.03945e-10
1.31726e-09
3.41029e-09
8.37155e-09
2.03076e-08
4.7842e-08
1.15992e-07
2.77361e-07
6.70794e-07
1.5908e-06
3.67409e-06
8.27416e-06
1.81703e-05
3.88768e-05
8.08158e-05
0.00016275
0.000289572
0.000515766
0.000865144
0.0014317
0.00235023
0.00370057
0.00555767
0.00798998
0.0108545
0.0142686
0.0181848
0.0225079
0.0271179
0.0319261
0.0367356
0.0414478
0.0459172
0.0500921
0.0539457
0.0574578
0.0606205
0.0634153
0.0658904
0.0679153
0.0696327
0.0710673
0.072195
0.0728711
0.0728002
0.0712128
0.0665341
0.0569927
0.0431251
0.0300818
0.0197199
0.0122989
0.0073479
0.00443643
0.002808
0.00194403
0.00143338
0.00107755
0.000797445
0.000565333
0.000370472
0.000207686
6.09294e-05
7.87442e-28
4.42316e-27
1.56473e-26
5.08955e-26
1.61884e-25
5.11823e-25
1.61544e-24
5.08237e-24
1.59662e-23
5.01064e-23
1.56951e-22
4.89946e-22
1.5482e-21
4.76415e-21
1.48374e-20
4.62935e-20
1.44337e-19
4.43058e-19
1.35533e-18
4.11485e-18
1.23888e-17
3.67062e-17
1.13178e-16
3.34355e-16
9.84946e-16
2.87321e-15
8.42023e-15
2.41848e-14
6.94092e-14
1.97018e-13
5.48686e-13
1.56581e-12
4.23185e-12
1.16399e-11
3.08687e-11
8.0992e-11
2.08887e-10
5.23272e-10
1.3896e-09
3.60508e-09
8.73315e-09
2.10403e-08
5.03044e-08
1.22222e-07
2.89471e-07
6.98569e-07
1.64398e-06
3.77528e-06
8.45939e-06
1.84878e-05
3.93675e-05
8.15191e-05
0.000163323
0.000289315
0.000519242
0.000868102
0.00143103
0.00234417
0.00368633
0.00552887
0.0079405
0.0107853
0.0141847
0.0180777
0.0223833
0.0269795
0.0317797
0.0365977
0.0413084
0.0457863
0.0499714
0.053836
0.0573637
0.0605412
0.0633488
0.0658364
0.0678718
0.0695976
0.0710394
0.0721767
0.0728637
0.0728104
0.0712566
0.0666323
0.0571708
0.0432999
0.0302209
0.019819
0.0123642
0.00738508
0.00445763
0.00281927
0.00195079
0.0014379
0.00108079
0.000799778
0.000566967
0.000371541
0.000208289
6.11094e-05
9.26162e-28
4.81061e-27
1.7084e-26
5.57049e-26
1.77056e-25
5.59023e-25
1.77044e-24
5.5533e-24
1.73435e-23
5.3822e-23
1.70659e-22
5.41701e-22
1.68138e-21
5.17321e-21
1.64251e-20
5.04757e-20
1.54675e-19
4.80992e-19
1.46368e-18
4.39439e-18
1.35994e-17
4.07376e-17
1.21783e-16
3.59068e-16
1.06595e-15
3.09279e-15
8.97809e-15
2.57035e-14
7.32758e-14
2.10452e-13
5.92458e-13
1.64996e-12
4.45947e-12
1.22108e-11
3.19826e-11
8.2971e-11
2.19164e-10
5.46882e-10
1.44112e-09
3.6775e-09
9.25038e-09
2.22068e-08
5.31937e-08
1.25002e-07
2.99247e-07
7.18515e-07
1.6842e-06
3.85312e-06
8.60326e-06
1.87389e-05
3.97636e-05
8.1975e-05
0.000163649
0.000289045
0.000521431
0.000869582
0.00142854
0.00233606
0.00366883
0.00550087
0.00789617
0.0107219
0.0141003
0.0179784
0.0222676
0.0268508
0.0316438
0.0364585
0.0411741
0.0456646
0.0498614
0.0537383
0.0572782
0.0604668
0.0632875
0.0657871
0.0678322
0.0695658
0.0710152
0.0721618
0.072859
0.0728225
0.0713007
0.0667291
0.0573465
0.0434744
0.0303609
0.0199195
0.0124309
0.00742328
0.00447931
0.00283064
0.0019575
0.00144235
0.00108399
0.0008021
0.000568607
0.00037262
0.000208901
6.12932e-05
9.96637e-28
5.18093e-27
1.84086e-26
6.00666e-26
1.91487e-25
6.04469e-25
1.90332e-24
5.9844e-24
1.8776e-23
5.87197e-23
1.83746e-22
5.76651e-22
1.80055e-21
5.61636e-21
1.74936e-20
5.4154e-20
1.66154e-19
5.13514e-19
1.56132e-18
4.73734e-18
1.44034e-17
4.32876e-17
1.29454e-16
3.83889e-16
1.1254e-15
3.26599e-15
9.4843e-15
2.70454e-14
7.62917e-14
2.19504e-13
6.11702e-13
1.70756e-12
4.68984e-12
1.26301e-11
3.35306e-11
8.81242e-11
2.27842e-10
5.90471e-10
1.5123e-09
3.90746e-09
9.51942e-09
2.25726e-08
5.42504e-08
1.27639e-07
3.06826e-07
7.33991e-07
1.71479e-06
3.91075e-06
8.70541e-06
1.89045e-05
4.00131e-05
8.22786e-05
0.000163854
0.000288751
0.000522826
0.000870233
0.00142551
0.00232727
0.00365215
0.00547268
0.00785557
0.0106676
0.0140312
0.0178968
0.0221705
0.0267422
0.0315297
0.036344
0.0410594
0.0455591
0.0497665
0.053654
0.0572041
0.060404
0.0632356
0.0657454
0.067799
0.0695396
0.0709954
0.0721501
0.0728564
0.0728347
0.0713412
0.0668168
0.0575054
0.0436332
0.0304891
0.0200121
0.0124927
0.00745897
0.00449988
0.00284131
0.00196374
0.00144645
0.00108691
0.00080422
0.000570106
0.00037361
0.000209463
6.14626e-05
9.81207e-28
5.47396e-27
1.93883e-26
6.32156e-26
2.01116e-25
6.35526e-25
2.0051e-24
6.31526e-24
1.98091e-23
6.19201e-23
1.94644e-22
6.07437e-22
1.89429e-21
5.90313e-21
1.83574e-20
5.69263e-20
1.76776e-19
5.42129e-19
1.65165e-18
5.00853e-18
1.5198e-17
4.5383e-17
1.36204e-16
4.02144e-16
1.17947e-15
3.42958e-15
9.87715e-15
2.81049e-14
7.986e-14
2.28319e-13
6.37885e-13
1.79176e-12
4.8755e-12
1.30987e-11
3.47509e-11
9.15949e-11
2.37756e-10
6.08062e-10
1.54665e-09
3.94189e-09
9.65648e-09
2.31683e-08
5.43122e-08
1.29209e-07
3.12903e-07
7.45935e-07
1.73809e-06
3.95474e-06
8.78375e-06
1.90326e-05
4.02013e-05
8.24965e-05
0.00016398
0.000288521
0.00052363
0.000870332
0.00142261
0.0023204
0.00363962
0.00545246
0.00782593
0.0106243
0.0139734
0.017824
0.0220883
0.0266525
0.031436
0.0362486
0.0409656
0.0454739
0.049691
0.0535878
0.0571471
0.0603551
0.0631949
0.0657126
0.0677731
0.0695192
0.0709802
0.0721412
0.0728548
0.072845
0.0713746
0.0668889
0.0576362
0.0437649
0.0305957
0.0200893
0.0125443
0.00748884
0.00451698
0.00285017
0.0019689
0.00144983
0.00108932
0.000805974
0.000571348
0.000374431
0.000209931
6.16037e-05
1.07372e-27
5.60138e-27
1.9897e-26
6.55455e-26
2.08244e-25
6.57184e-25
2.06994e-24
6.51859e-24
2.05082e-23
6.43247e-23
2.0137e-22
6.29542e-22
1.96751e-21
6.15228e-21
1.92119e-20
5.95602e-20
1.8376e-19
5.64145e-19
1.72222e-18
5.2251e-18
1.57501e-17
4.71252e-17
1.39996e-16
4.11305e-16
1.21911e-15
3.54394e-15
1.02524e-14
2.92747e-14
8.4125e-14
2.35894e-13
6.55793e-13
1.80329e-12
4.98223e-12
1.33599e-11
3.58324e-11
9.44619e-11
2.43143e-10
6.11889e-10
1.56618e-09
3.96647e-09
9.69523e-09
2.31603e-08
5.4845e-08
1.3068e-07
3.17242e-07
7.54512e-07
1.75472e-06
3.9861e-06
8.8401e-06
1.9128e-05
4.03362e-05
8.26609e-05
0.000164077
0.00028837
0.000524117
0.000870311
0.00142049
0.00231532
0.00363029
0.00543744
0.00780402
0.0105941
0.0139341
0.017776
0.0220334
0.0265916
0.0313722
0.0361844
0.0409005
0.0454149
0.0496388
0.0535413
0.0571061
0.0603204
0.0631662
0.0656895
0.0677548
0.0695049
0.0709696
0.0721352
0.0728541
0.0728529
0.0713989
0.0669411
0.0577307
0.0438603
0.0306733
0.0201455
0.012582
0.00751072
0.00452953
0.00285664
0.00197266
0.00145229
0.00109107
0.000807243
0.000572247
0.000375025
0.000210269
6.17057e-05
1.09147e-27
5.78573e-27
2.0479e-26
6.67461e-26
2.12629e-25
6.73503e-25
2.12359e-24
6.68804e-24
2.10533e-23
6.61881e-23
2.07577e-22
6.49558e-22
2.02827e-21
6.32327e-21
1.97003e-20
6.10028e-20
1.87993e-19
5.76617e-19
1.75299e-18
5.29674e-18
1.59639e-17
4.77645e-17
1.4317e-16
4.20747e-16
1.24377e-15
3.60467e-15
1.04284e-14
3.00762e-14
8.54573e-14
2.40591e-13
6.70146e-13
1.87658e-12
5.0688e-12
1.35817e-11
3.63783e-11
9.46287e-11
2.459e-10
6.20796e-10
1.62825e-09
4.08398e-09
9.82007e-09
2.35188e-08
5.48513e-08
1.32828e-07
3.19557e-07
7.59697e-07
1.76562e-06
4.00688e-06
8.87698e-06
1.91883e-05
4.04234e-05
8.27674e-05
0.000164162
0.000288329
0.000524488
0.000870436
0.00141953
0.00231286
0.00362558
0.0054296
0.00779217
0.0105781
0.0139137
0.0177512
0.0220045
0.0265598
0.0313388
0.0361502
0.0408662
0.0453835
0.0496103
0.0535163
0.0570844
0.0603018
0.0631508
0.065677
0.0677449
0.0694971
0.0709639
0.0721319
0.0728537
0.0728572
0.0714123
0.0669698
0.0577829
0.0439131
0.0307161
0.0201766
0.0126028
0.0075228
0.00453644
0.0028602
0.00197472
0.00145363
0.00109202
0.000807932
0.000572733
0.000375345
0.000210451
6.17608e-05
1.07876e-27
5.77631e-27
2.08568e-26
6.77294e-26
2.15449e-25
6.8012e-25
2.14162e-24
6.7432e-24
2.12494e-23
6.71383e-23
2.10569e-22
6.58571e-22
2.04788e-21
6.29407e-21
2.00937e-20
6.19313e-20
1.90572e-19
5.83849e-19
1.78041e-18
5.38501e-18
1.63419e-17
4.89362e-17
1.45643e-16
4.29278e-16
1.25008e-15
3.67632e-15
1.05913e-14
3.04468e-14
8.7356e-14
2.47136e-13
6.86825e-13
1.87784e-12
5.17246e-12
1.40161e-11
3.7004e-11
9.61545e-11
2.4968e-10
6.23786e-10
1.641e-09
4.06046e-09
9.97783e-09
2.3725e-08
5.59705e-08
1.33009e-07
3.20884e-07
7.62833e-07
1.77202e-06
4.01926e-06
8.89974e-06
1.92278e-05
4.04872e-05
8.28568e-05
0.000164265
0.000288402
0.000524907
0.000870837
0.00141968
0.00231261
0.00362476
0.00542798
0.0077896
0.0105745
0.0139091
0.0177459
0.0219985
0.0265533
0.0313321
0.0361436
0.0408597
0.0453776
0.0496051
0.0535117
0.0570804
0.0602984
0.0631479
0.0656746
0.0677429
0.0694955
0.0709625
0.072131
0.0728533
0.0728575
0.0714141
0.066974
0.0577906
0.0439208
0.0307224
0.0201811
0.0126057
0.00752445
0.00453737
0.00286069
0.001975
0.00145381
0.00109214
0.000808018
0.000572791
0.000375382
0.000210472
6.17668e-05
1.07747e-27
5.88403e-27
2.08968e-26
6.81316e-26
2.17043e-25
6.86447e-25
2.1654e-24
6.82114e-24
2.14589e-23
6.74014e-23
2.11342e-22
6.61416e-22
2.06294e-21
6.39838e-21
2.01527e-20
6.22177e-20
1.91083e-19
5.80632e-19
1.79726e-18
5.43475e-18
1.64586e-17
4.93661e-17
1.47191e-16
4.35781e-16
1.27659e-15
3.70078e-15
1.05363e-14
3.09943e-14
8.78285e-14
2.47848e-13
6.93021e-13
1.90944e-12
5.23748e-12
1.40255e-11
3.7341e-11
9.68147e-11
2.51305e-10
6.31002e-10
1.64938e-09
4.08257e-09
1.00282e-08
2.35161e-08
5.66296e-08
1.33395e-07
3.20824e-07
7.64025e-07
1.77452e-06
4.02444e-06
8.91057e-06
1.925e-05
4.05316e-05
8.29418e-05
0.000164421
0.000288656
0.000525486
0.000871755
0.00142151
0.0023156
0.00362928
0.00543456
0.0077987
0.0105866
0.0139244
0.0177643
0.0220197
0.0265767
0.0313567
0.0361683
0.040884
0.0453998
0.049625
0.0535291
0.0570955
0.060311
0.0631582
0.0656826
0.067749
0.0695001
0.0709658
0.0721325
0.0728527
0.0728537
0.0714037
0.0669525
0.057752
0.0438816
0.0306903
0.0201577
0.0125899
0.00751526
0.00453207
0.00285795
0.00197341
0.00145277
0.00109139
0.000807469
0.000572399
0.000375121
0.000210322
6.17214e-05
1.08828e-27
5.83321e-27
2.06181e-26
6.73316e-26
2.14852e-25
6.80636e-25
2.14931e-24
6.77101e-24
2.12809e-23
6.67136e-23
2.08556e-22
6.50379e-22
2.02609e-21
6.31571e-21
1.96785e-20
6.08673e-20
1.8647e-19
5.73396e-19
1.76412e-18
5.34524e-18
1.6051e-17
4.87401e-17
1.44831e-16
4.32257e-16
1.26264e-15
3.65205e-15
1.05017e-14
3.04805e-14
8.64213e-14
2.43893e-13
6.7936e-13
1.86796e-12
5.2168e-12
1.38775e-11
3.59463e-11
9.46246e-11
2.46414e-10
6.11906e-10
1.588e-09
4.11281e-09
9.76227e-09
2.37139e-08
5.51716e-08
1.33713e-07
3.20637e-07
7.62809e-07
1.77232e-06
4.02128e-06
8.90758e-06
1.92518e-05
4.0552e-05
8.30138e-05
0.000164616
0.000289085
0.000526251
0.000873232
0.00142505
0.00232182
0.00363907
0.005449
0.00781898
0.0106136
0.0139586
0.0178055
0.022067
0.0266285
0.0314106
0.0362225
0.0409375
0.0454485
0.0496684
0.0535674
0.0571285
0.060339
0.0631812
0.0657008
0.0677632
0.0695109
0.0709734
0.0721363
0.0728521
0.0728458
0.0713816
0.0669061
0.0576684
0.0437969
0.0306212
0.0201073
0.0125561
0.00749553
0.00452073
0.00285211
0.00197002
0.00145055
0.00108981
0.000806313
0.000571574
0.000374572
0.000210008
6.16263e-05
1.10131e-27
5.71074e-27
2.02522e-26
6.52244e-26
2.11832e-25
6.66539e-25
2.10032e-24
6.61043e-24
2.07707e-23
6.51689e-23
2.04161e-22
6.38387e-22
1.99182e-21
6.2029e-21
1.92459e-20
5.93421e-20
1.84711e-19
5.65378e-19
1.72478e-18
5.23799e-18
1.58585e-17
4.78946e-17
1.42862e-16
4.2238e-16
1.23813e-15
3.59857e-15
1.03741e-14
2.97362e-14
8.54742e-14
2.40952e-13
6.7268e-13
1.84977e-12
5.09023e-12
1.36557e-11
3.63081e-11
9.52361e-11
2.44727e-10
6.11874e-10
1.59453e-09
4.0723e-09
9.82459e-09
2.32552e-08
5.48259e-08
1.33517e-07
3.19013e-07
7.59215e-07
1.76591e-06
4.01076e-06
8.89287e-06
1.92375e-05
4.05576e-05
8.30915e-05
0.000164888
0.000289743
0.000527296
0.000875417
0.00143059
0.00233178
0.00365499
0.00547267
0.00785203
0.0106575
0.0140138
0.0178712
0.0221416
0.0267099
0.0314951
0.0363073
0.0410215
0.0455244
0.0497361
0.0536268
0.0571802
0.0603824
0.0632166
0.0657288
0.0677849
0.0695275
0.0709854
0.0721424
0.0728515
0.0728341
0.0713484
0.0668365
0.057543
0.0436702
0.0305181
0.0200323
0.0125057
0.00746627
0.00450392
0.00284344
0.00196498
0.00144726
0.00108746
0.000804593
0.000570351
0.00037376
0.000209543
6.14857e-05
1.02979e-27
5.51816e-27
1.95848e-26
6.40614e-26
2.03433e-25
6.41128e-25
2.02174e-24
6.38847e-24
2.00675e-23
6.29088e-23
1.96848e-22
6.15057e-22
1.92136e-21
6.01749e-21
1.86435e-20
5.75064e-20
1.76733e-19
5.40778e-19
1.65011e-18
5.03327e-18
1.52824e-17
4.53214e-17
1.37667e-16
4.03356e-16
1.20376e-15
3.49479e-15
1.00769e-14
2.88214e-14
8.28832e-14
2.35355e-13
6.45918e-13
1.83283e-12
4.96352e-12
1.33434e-11
3.55529e-11
9.28662e-11
2.40685e-10
6.07114e-10
1.54472e-09
3.91559e-09
9.71192e-09
2.30504e-08
5.39066e-08
1.31735e-07
3.16468e-07
7.53664e-07
1.75499e-06
3.99111e-06
8.86175e-06
1.91985e-05
4.05332e-05
8.3151e-05
0.000165205
0.000290598
0.000528491
0.000878058
0.00143763
0.00234471
0.00367591
0.00550408
0.00789636
0.0107171
0.0140904
0.0179603
0.0222411
0.0268176
0.0316066
0.0364193
0.0411308
0.0456243
0.0498238
0.0537034
0.057246
0.0604382
0.0632625
0.0657653
0.0678134
0.0695495
0.0710013
0.0721508
0.0728513
0.0728196
0.0713061
0.0667473
0.0573822
0.0435086
0.0303869
0.019937
0.0124418
0.0074292
0.00448267
0.00283245
0.0019586
0.00144307
0.00108446
0.000802402
0.000568791
0.000372725
0.000208952
6.13069e-05
1.00835e-27
5.24506e-27
1.86922e-26
6.09425e-26
1.93263e-25
6.08344e-25
1.92628e-24
6.03758e-24
1.8916e-23
5.98057e-23
1.86672e-22
5.82114e-22
1.81426e-21
5.66346e-21
1.77586e-20
5.48594e-20
1.68646e-19
5.169e-19
1.58446e-18
4.75121e-18
1.46258e-17
4.37149e-17
1.30646e-16
3.87779e-16
1.14378e-15
3.33252e-15
9.68302e-15
2.77401e-14
7.99381e-14
2.245e-13
6.24417e-13
1.74774e-12
4.78028e-12
1.2878e-11
3.35452e-11
8.93733e-11
2.3113e-10
5.86644e-10
1.51316e-09
3.89979e-09
9.37208e-09
2.30825e-08
5.40851e-08
1.2958e-07
3.11474e-07
7.44663e-07
1.73853e-06
3.96147e-06
8.81355e-06
1.91299e-05
4.04674e-05
8.3173e-05
0.000165545
0.000291614
0.000529509
0.000880936
0.00144581
0.0023599
0.00370063
0.00554115
0.00794815
0.0107852
0.0141743
0.0180612
0.0223575
0.0269452
0.03174
0.0365511
0.0412577
0.0457384
0.0499263
0.0537938
0.0573244
0.0605049
0.0633176
0.0658092
0.0678479
0.0695763
0.0710209
0.0721614
0.0728517
0.0728031
0.0712567
0.0666429
0.057194
0.0433208
0.0302348
0.0198267
0.0123678
0.00738645
0.00445811
0.00281968
0.00195112
0.00143816
0.00108096
0.00079985
0.000566978
0.000371522
0.000208265
6.10995e-05
9.49083e-28
4.92951e-27
1.75426e-26
5.71833e-26
1.81109e-25
5.66725e-25
1.81455e-24
5.67829e-24
1.77688e-23
5.55146e-23
1.7307e-22
5.39225e-22
1.6875e-21
5.25281e-21
1.63298e-20
5.09297e-20
1.5643e-19
4.79639e-19
1.47215e-18
4.46681e-18
1.35371e-17
4.06122e-17
1.23402e-16
3.65831e-16
1.07871e-15
3.1403e-15
9.26061e-15
2.66811e-14
7.62156e-14
2.14661e-13
6.11145e-13
1.68387e-12
4.57805e-12
1.23606e-11
3.28998e-11
8.65004e-11
2.25632e-10
5.71909e-10
1.48289e-09
3.82162e-09
9.26868e-09
2.25123e-08
5.34895e-08
1.26781e-07
3.05522e-07
7.32194e-07
1.71453e-06
3.91863e-06
8.73754e-06
1.90203e-05
4.03305e-05
8.30875e-05
0.000165745
0.000292532
0.000530022
0.000883171
0.00145375
0.00237565
0.00372699
0.00558124
0.00800454
0.0108595
0.014266
0.0181732
0.0224845
0.0270815
0.0318768
0.0366875
0.0413927
0.0458641
0.0500404
0.0538956
0.0574139
0.060582
0.0633807
0.0658594
0.0678875
0.0696074
0.0710441
0.0721746
0.0728536
0.0727862
0.0712035
0.0665299
0.0569912
0.043118
0.0300708
0.019708
0.0122885
0.00734067
0.00443188
0.00280601
0.00194316
0.00143291
0.00107718
0.000797085
0.000565013
0.000370221
0.000207523
6.08756e-05
8.75569e-28
4.53709e-27
1.60967e-26
5.23557e-26
1.65886e-25
5.28269e-25
1.66281e-24
5.22547e-24
1.63855e-23
5.12753e-23
1.60039e-22
4.97286e-22
1.56721e-21
4.84624e-21
1.51455e-20
4.64881e-20
1.45218e-19
4.44851e-19
1.36642e-18
4.15269e-18
1.2602e-17
3.82641e-17
1.14714e-16
3.41134e-16
1.00902e-15
2.96388e-15
8.63011e-15
2.4849e-14
7.24453e-14
2.04193e-13
5.71372e-13
1.57761e-12
4.36497e-12
1.18103e-11
3.16251e-11
8.2928e-11
2.12857e-10
5.3341e-10
1.41292e-09
3.61765e-09
8.99721e-09
2.17093e-08
5.0915e-08
1.23252e-07
2.97468e-07
7.1576e-07
1.68172e-06
3.857e-06
8.63226e-06
1.88406e-05
4.01088e-05
8.28898e-05
0.000165855
0.000293477
0.000529943
0.000884918
0.00146191
0.00239189
0.00375461
0.0056242
0.0080663
0.0109422
0.0143705
0.0182974
0.0226258
0.0272363
0.0320401
0.0368427
0.041546
0.0460019
0.0501657
0.0540066
0.0575099
0.0606625
0.0634494
0.065913
0.0679307
0.0696419
0.0710705
0.0721906
0.0728579
0.072771
0.0711506
0.0664146
0.0567812
0.0429099
0.0299042
0.0195884
0.0122089
0.00729499
0.00440568
0.00279223
0.00193501
0.00142751
0.00107331
0.000794268
0.000563017
0.000368902
0.000206772
6.06499e-05
7.8454e-28
4.07127e-27
1.45053e-26
4.75069e-26
1.51126e-25
4.77205e-25
1.50339e-24
4.72983e-24
1.48556e-23
4.65787e-23
1.45804e-22
4.55532e-22
1.41754e-21
4.39289e-21
1.36065e-20
4.2523e-20
1.31725e-19
4.04821e-19
1.23773e-18
3.7612e-18
1.14123e-17
3.4417e-17
1.03609e-16
3.077e-16
9.23567e-16
2.70888e-15
7.89533e-15
2.28997e-14
6.51924e-14
1.8375e-13
5.226e-13
1.48332e-12
4.02891e-12
1.12195e-11
2.98432e-11
7.87824e-11
2.05463e-10
5.11266e-10
1.3549e-09
3.49202e-09
8.51275e-09
2.06965e-08
4.85402e-08
1.18596e-07
2.86727e-07
6.91398e-07
1.63595e-06
3.77223e-06
8.48262e-06
1.85959e-05
3.97325e-05
8.25134e-05
0.000165843
0.000294613
0.000528495
0.00088541
0.00146933
0.00241094
0.00378947
0.00567866
0.00814276
0.0110411
0.0144874
0.0184306
0.0227723
0.0273912
0.032195
0.0369999
0.0416915
0.0461285
0.0503148
0.0541356
0.0576187
0.0607558
0.0635247
0.0659704
0.0679774
0.0696802
0.0711007
0.07221
0.0728654
0.0727592
0.0711018
0.0663067
0.0565857
0.0427189
0.029751
0.0194785
0.0121361
0.00725364
0.00438224
0.00277964
0.00192745
0.00142243
0.00106964
0.000791612
0.000561146
0.000367671
0.000206076
6.04415e-05
6.70482e-28
3.6033e-27
1.27939e-26
4.17343e-26
1.32551e-25
4.18213e-25
1.32169e-24
4.15863e-24
1.30516e-23
4.08982e-23
1.27852e-22
3.97782e-22
1.2325e-21
3.9058e-21
1.21188e-20
3.75676e-20
1.15818e-19
3.58585e-19
1.10197e-18
3.37897e-18
1.02648e-17
3.08957e-17
9.23462e-17
2.76156e-16
8.1184e-16
2.41663e-15
7.09956e-15
2.05373e-14
5.91184e-14
1.66339e-13
4.81097e-13
1.35293e-12
3.80983e-12
1.03602e-11
2.77239e-11
7.51196e-11
1.93802e-10
4.9626e-10
1.29534e-09
3.32057e-09
8.13981e-09
1.98386e-08
4.71244e-08
1.12353e-07
2.73122e-07
6.62037e-07
1.57137e-06
3.65488e-06
8.27391e-06
1.82507e-05
3.91992e-05
8.18247e-05
0.000165439
0.000295529
0.000525072
0.000883091
0.00147171
0.00241947
0.00380718
0.00570976
0.00818967
0.0111083
0.0145854
0.0185533
0.0229147
0.027547
0.0323567
0.0371609
0.0418407
0.0462734
0.0504425
0.0542478
0.0577172
0.0608418
0.0636002
0.066029
0.068025
0.0697181
0.0711307
0.0722304
0.0728755
0.0727517
0.071061
0.0662135
0.0564154
0.0425543
0.0296218
0.0193875
0.0120764
0.00722019
0.00436327
0.00276955
0.0019214
0.00141836
0.00106671
0.000789455
0.000559619
0.000366671
0.000205514
6.02751e-05
5.77172e-28
3.12833e-27
1.10669e-26
3.60579e-26
1.14534e-25
3.60835e-25
1.13315e-24
3.55322e-24
1.11348e-23
3.48994e-23
1.09355e-22
3.42118e-22
1.07005e-21
3.35863e-21
1.04709e-20
3.25744e-20
1.01496e-19
3.09552e-19
9.71209e-19
2.95961e-18
9.00295e-18
2.72697e-17
8.23266e-17
2.46075e-16
7.29724e-16
2.15336e-15
6.32649e-15
1.84741e-14
5.37259e-14
1.51924e-13
4.38079e-13
1.242e-12
3.44326e-12
9.51952e-12
2.52454e-11
6.85071e-11
1.80142e-10
4.60932e-10
1.21764e-09
3.1058e-09
7.69495e-09
1.87872e-08
4.48386e-08
1.04883e-07
2.5715e-07
6.27059e-07
1.49851e-06
3.50395e-06
7.98197e-06
1.77211e-05
3.83204e-05
8.04779e-05
0.000163913
0.000295981
0.000519704
0.000878446
0.00147082
0.00242444
0.00382247
0.00573946
0.0082405
0.0111872
0.0146922
0.0186776
0.0230546
0.0276979
0.032511
0.0373285
0.0420002
0.0464105
0.0505675
0.0543572
0.0578139
0.0609229
0.0636674
0.0660813
0.0680687
0.0697559
0.071162
0.0722532
0.0728893
0.0727511
0.0710337
0.0661459
0.0562921
0.0424383
0.0295346
0.0193291
0.0120407
0.00720135
0.00435286
0.00276353
0.00191751
0.00141565
0.00106478
0.000788102
0.000558704
0.000366092
0.000205197
6.01841e-05
4.96191e-28
2.59139e-27
9.1783e-27
2.97442e-26
9.3292e-26
3.00562e-25
9.42006e-25
2.96129e-24
9.29636e-24
2.91516e-23
9.13119e-23
2.87524e-22
9.01445e-22
2.82507e-21
8.8132e-21
2.72411e-20
8.60315e-20
2.65496e-19
8.18161e-19
2.49672e-18
7.58594e-18
2.33735e-17
7.01448e-17
2.1261e-16
6.2641e-16
1.87831e-15
5.49985e-15
1.59014e-14
4.70891e-14
1.35504e-13
3.89167e-13
1.09778e-12
3.08794e-12
8.47559e-12
2.29313e-11
6.16247e-11
1.62402e-10
4.24665e-10
1.10112e-09
2.8478e-09
7.13608e-09
1.75511e-08
4.34705e-08
1.02286e-07
2.37152e-07
5.83787e-07
1.39701e-06
3.26438e-06
7.50236e-06
1.6745e-05
3.63334e-05
7.63512e-05
0.000154247
0.000297265
0.000516151
0.000872544
0.00146632
0.00242443
0.00383153
0.00576493
0.00829147
0.0112601
0.0147799
0.0187922
0.0231928
0.0278572
0.0326729
0.0374764
0.0421376
0.0465413
0.0506858
0.0544663
0.0579143
0.0610104
0.0637386
0.0661364
0.0681152
0.0697958
0.0711965
0.0722808
0.0729106
0.072763
0.0710303
0.0661225
0.0562459
0.0424016
0.0295134
0.0193199
0.0120381
0.00720189
0.0043536
0.00276324
0.00191682
0.00141494
0.00106425
0.000787777
0.000558531
0.000366018
0.000205177
6.01851e-05
3.93815e-28
2.06236e-27
7.32526e-27
2.384e-26
7.56442e-26
2.38277e-25
7.48259e-25
2.34789e-24
7.35888e-24
2.30493e-23
7.19984e-23
2.30269e-22
7.16133e-22
2.24335e-21
7.05366e-21
2.18559e-20
6.82484e-20
2.14516e-19
6.63286e-19
2.03311e-18
6.27091e-18
1.92056e-17
5.8756e-17
1.77555e-16
5.32884e-16
1.58666e-15
4.68273e-15
1.36963e-14
3.97015e-14
1.13187e-13
3.35925e-13
9.51076e-13
2.64951e-12
7.40345e-12
2.02707e-11
5.45614e-11
1.45399e-10
3.85145e-10
1.01266e-09
2.62126e-09
6.62751e-09
1.63112e-08
4.01602e-08
9.94142e-08
2.32016e-07
5.33571e-07
1.29555e-06
3.04244e-06
6.97821e-06
1.57314e-05
3.43522e-05
7.26697e-05
0.000148427
0.000292619
0.000509996
0.000863532
0.00145688
0.00241661
0.00382955
0.00577369
0.00831425
0.0113013
0.0148462
0.0188874
0.0233139
0.0279852
0.0328214
0.0376122
0.0422703
0.046665
0.0508018
0.0545702
0.0580031
0.0610899
0.0638107
0.0661958
0.0681663
0.0698397
0.0712355
0.0723147
0.0729412
0.0727903
0.0710553
0.0661508
0.0562901
0.0424585
0.029572
0.0193715
0.0120782
0.00722805
0.00436918
0.00277051
0.00192033
0.00141689
0.00106562
0.00078885
0.00055938
0.000366639
0.000205564
6.03123e-05
2.93467e-28
1.54082e-27
5.45586e-27
1.77788e-26
5.66103e-26
1.78692e-25
5.62241e-25
1.76742e-24
5.55465e-24
1.74668e-23
5.50071e-23
1.72813e-22
5.44181e-22
1.71069e-21
5.40661e-21
1.69161e-20
5.26408e-20
1.67951e-19
5.20227e-19
1.62331e-18
5.01295e-18
1.52774e-17
4.68138e-17
1.41858e-16
4.34428e-16
1.27994e-15
3.86409e-15
1.12862e-14
3.29116e-14
9.71082e-14
2.82124e-13
8.05053e-13
2.22984e-12
6.34264e-12
1.73902e-11
4.78721e-11
1.27228e-10
3.45822e-10
9.1374e-10
2.34761e-09
5.96036e-09
1.48841e-08
3.64214e-08
8.95962e-08
2.21823e-07
5.3502e-07
1.22362e-06
2.80154e-06
6.50045e-06
1.46765e-05
3.24964e-05
6.9525e-05
0.000143493
0.000285814
0.00050137
0.000851991
0.00144226
0.00240094
0.00381699
0.00576974
0.00832521
0.0113324
0.014905
0.0189681
0.0234057
0.0280969
0.0329352
0.0377322
0.0423913
0.046785
0.0509213
0.0546794
0.0580981
0.0611687
0.0638759
0.0662492
0.0682139
0.0698843
0.0712782
0.0723557
0.0729834
0.0728371
0.0711165
0.0662456
0.0564508
0.0426361
0.0297335
0.0195018
0.0121738
0.00728771
0.00440438
0.00278773
0.00192934
0.00142231
0.00106948
0.000791803
0.000561588
0.00036818
0.000206487
6.06057e-05
1.98617e-28
1.0544e-27
3.77173e-27
1.20992e-26
3.88915e-26
1.22039e-25
3.83752e-25
1.20772e-24
3.8105e-24
1.2041e-23
3.80975e-23
1.20555e-22
3.8256e-22
1.2217e-21
3.88655e-21
1.23427e-20
3.90883e-20
1.23292e-19
3.86948e-19
1.20913e-18
3.7148e-18
1.17338e-17
3.53858e-17
1.10383e-16
3.39298e-16
1.02223e-15
3.05927e-15
9.08429e-15
2.67692e-14
7.83739e-14
2.29564e-13
6.63582e-13
1.87823e-12
5.3332e-12
1.47787e-11
4.04182e-11
1.10097e-10
2.93387e-10
8.08345e-10
2.0971e-09
5.31822e-09
1.31242e-08
3.27329e-08
7.80691e-08
1.95618e-07
4.87489e-07
1.18381e-06
2.58632e-06
6.05095e-06
1.38035e-05
3.07589e-05
6.63165e-05
0.000138018
0.000277174
0.000489074
0.000835488
0.00142156
0.00237701
0.00379348
0.00575202
0.00831991
0.0113427
0.014933
0.0190153
0.0234763
0.0281844
0.0330365
0.0378536
0.0425018
0.0468923
0.0510168
0.0547668
0.058178
0.0612405
0.0639388
0.0663032
0.068264
0.0699329
0.071327
0.0724066
0.0730403
0.0729082
0.0712224
0.0664221
0.0567546
0.0429636
0.0300238
0.0197312
0.0123394
0.00739013
0.00446471
0.00281772
0.00194537
0.00143209
0.00107641
0.000797012
0.000565455
0.000370857
0.000208075
6.11061e-05
1.27159e-28
6.69384e-28
2.36372e-27
7.68025e-27
2.44165e-26
7.70684e-26
2.42943e-25
7.68078e-25
2.46113e-24
7.83931e-24
2.51163e-23
8.04061e-23
2.57907e-22
8.1949e-22
2.66728e-21
8.47895e-21
2.68707e-20
8.65333e-20
2.74883e-19
8.67237e-19
2.75307e-18
8.63348e-18
2.68212e-17
8.30735e-17
2.56853e-16
7.79451e-16
2.34784e-15
7.13497e-15
2.12151e-14
6.20085e-14
1.85303e-13
5.34296e-13
1.5247e-12
4.36144e-12
1.23177e-11
3.35228e-11
9.28902e-11
2.51042e-10
6.76477e-10
1.80896e-09
4.61528e-09
1.1621e-08
2.87462e-08
7.16242e-08
1.74885e-07
4.43263e-07
1.12365e-06
2.5268e-06
5.57901e-06
1.26618e-05
2.8376e-05
6.23929e-05
0.000131298
0.000265719
0.000470649
0.000813514
0.00139979
0.00235109
0.00376429
0.00572338
0.00830094
0.0113383
0.0149486
0.019054
0.0235385
0.0282687
0.0331498
0.0379664
0.0426302
0.0470082
0.0511155
0.0548588
0.0582612
0.0613132
0.0640025
0.0663601
0.0683191
0.069988
0.0713845
0.07247
0.0731155
0.0730083
0.0713802
0.066693
0.0572237
0.0434671
0.0304672
0.0200794
0.0125896
0.00754517
0.00455627
0.00286358
0.00197004
0.00144715
0.00108698
0.000804961
0.000571347
0.000374922
0.00021048
6.18611e-05
7.04643e-29
3.70008e-28
1.28307e-27
4.08215e-27
1.27578e-26
4.00084e-26
1.26104e-25
4.0139e-25
1.291e-24
4.18834e-24
1.36845e-23
4.49251e-23
1.47733e-22
4.83074e-22
1.60464e-21
5.25103e-21
1.72688e-20
5.61733e-20
1.83142e-19
5.88626e-19
1.88609e-18
6.00709e-18
1.89915e-17
5.96547e-17
1.86158e-16
5.76022e-16
1.76815e-15
5.39784e-15
1.6243e-14
4.83161e-14
1.42209e-13
4.15898e-13
1.19846e-12
3.51124e-12
9.98927e-12
2.71155e-11
7.82816e-11
2.12947e-10
5.75059e-10
1.49844e-09
3.94269e-09
9.91312e-09
2.47049e-08
6.23022e-08
1.53076e-07
3.95681e-07
9.84177e-07
2.42722e-06
5.33888e-06
1.15006e-05
2.61127e-05
5.75249e-05
0.000123536
0.000253386
0.000453812
0.000787024
0.00136515
0.00231223
0.00372415
0.00568544
0.00827345
0.0113273
0.0149604
0.0190928
0.0236035
0.0283661
0.0332656
0.0381067
0.0427629
0.0471396
0.0512388
0.0549709
0.0583636
0.0614083
0.0640883
0.0664336
0.0683856
0.0700537
0.0714541
0.0725486
0.0732113
0.0731397
0.0715921
0.0670619
0.0578656
0.0441608
0.0310789
0.02056
0.0129354
0.00776107
0.00468428
0.00292829
0.00200498
0.00146851
0.00110201
0.000816315
0.000579725
0.000380678
0.000213873
6.29252e-05
4.63754e-29
2.47983e-28
8.42354e-28
2.59773e-27
7.88939e-27
2.42008e-26
7.57669e-26
2.42802e-25
7.93765e-25
2.61672e-24
8.5579e-24
2.94923e-23
9.79389e-23
3.33459e-22
1.1082e-21
3.67954e-21
1.21386e-20
3.97442e-20
1.29347e-19
4.18926e-19
1.35447e-18
4.34406e-18
1.38505e-17
4.31625e-17
1.38672e-16
4.2924e-16
1.32262e-15
4.01454e-15
1.22311e-14
3.6425e-14
1.07987e-13
3.26412e-13
9.49149e-13
2.77539e-12
7.92528e-12
2.23419e-11
6.23526e-11
1.7116e-10
4.68403e-10
1.25642e-09
3.26474e-09
8.36782e-09
2.10074e-08
5.2803e-08
1.33965e-07
3.44756e-07
8.71938e-07
2.12239e-06
5.09393e-06
1.11239e-05
2.37631e-05
5.27192e-05
0.000113226
0.0002302
0.00044058
0.000761955
0.00132617
0.00226121
0.00366751
0.00563125
0.00823155
0.0113052
0.0149694
0.0191417
0.0237039
0.0285027
0.0334135
0.0382797
0.0429307
0.0473002
0.0513825
0.0551055
0.0584864
0.0615188
0.0641905
0.0664952
0.0684531
0.0701262
0.0715336
0.0726411
0.0733262
0.0732992
0.0718508
0.0675132
0.0586566
0.0450324
0.031852
0.0211687
0.0133745
0.00804218
0.00485203
0.00301519
0.00205194
0.00149712
0.00112224
0.000831376
0.000590791
0.000388256
0.000218326
6.43217e-05
6.98482e-29
3.65327e-28
1.21475e-27
3.62939e-27
1.0427e-26
2.99275e-26
8.54201e-26
2.42e-25
7.09525e-25
2.18446e-24
6.91163e-24
2.23279e-23
7.29918e-23
2.43935e-22
8.05517e-22
2.66076e-21
8.77917e-21
2.89061e-20
9.50214e-20
3.0961e-19
1.00228e-18
3.22417e-18
1.03163e-17
3.27734e-17
1.03448e-16
3.23044e-16
9.99088e-16
3.0602e-15
9.28879e-15
2.79945e-14
8.36222e-14
2.50909e-13
7.39059e-13
2.15441e-12
6.22266e-12
1.76809e-11
4.9688e-11
1.35224e-10
3.80302e-10
1.03814e-09
2.70998e-09
7.01509e-09
1.77415e-08
4.49071e-08
1.1264e-07
2.92297e-07
7.50248e-07
1.86764e-06
4.46284e-06
1.02637e-05
2.08783e-05
4.64991e-05
9.91883e-05
0.000206771
0.000405
0.000741306
0.00129031
0.00220976
0.00360972
0.00557771
0.00819413
0.0112948
0.0149947
0.0192042
0.0238081
0.0286499
0.0335908
0.0384754
0.0431356
0.047504
0.0515782
0.055277
0.0586374
0.0616513
0.0643064
0.066588
0.0685396
0.070212
0.0716243
0.0727447
0.0734543
0.0734776
0.072142
0.0680364
0.0595547
0.0460354
0.0327393
0.0218548
0.0138418
0.00842036
0.00507379
0.00312779
0.00211198
0.00153296
0.00114713
0.000849647
0.000604214
0.000397483
0.000223753
6.60305e-05
1.28484e-28
6.8551e-28
2.53908e-27
8.6469e-27
2.84475e-26
9.12475e-26
2.83479e-25
8.48902e-25
2.45568e-24
6.93683e-24
1.94216e-23
5.43045e-23
1.52749e-22
4.35127e-22
1.2518e-21
3.59725e-21
1.10687e-20
3.31382e-20
1.00573e-19
3.09174e-19
9.46268e-19
2.90529e-18
8.91358e-18
2.69868e-17
8.47904e-17
2.57895e-16
7.82882e-16
2.41076e-15
7.26022e-15
2.1836e-14
6.55051e-14
1.9452e-13
5.5955e-13
1.66214e-12
4.84054e-12
1.40315e-11
3.97203e-11
1.10349e-10
3.05238e-10
8.289e-10
2.2183e-09
5.65357e-09
1.44584e-08
3.66544e-08
9.40668e-08
2.40409e-07
6.15314e-07
1.53324e-06
3.69355e-06
8.59646e-06
1.98679e-05
4.08797e-05
8.8753e-05
0.000185924
0.000369579
0.000709001
0.00124874
0.00215306
0.0035452
0.00551031
0.00814298
0.0112742
0.0150236
0.0193027
0.0239664
0.0288652
0.0338741
0.038761
0.0433956
0.0477349
0.0517807
0.0554662
0.0588039
0.0617974
0.0644321
0.0667014
0.0686372
0.0703026
0.0717148
0.0728424
0.0735701
0.0736312
0.0723769
0.0685543
0.0604174
0.0470372
0.033641
0.0225662
0.0143617
0.00878419
0.00529891
0.00324887
0.00217592
0.00157095
0.00117408
0.000869723
0.000618836
0.000407527
0.000229619
6.78731e-05
1.27764e-28
7.36072e-28
3.05043e-27
1.15158e-26
4.0749e-26
1.38343e-25
4.38973e-25
1.33504e-24
3.96132e-24
1.16158e-23
3.40838e-23
9.26482e-23
2.4872e-22
6.82595e-22
1.8561e-21
5.16601e-21
1.45044e-20
4.11347e-20
1.17561e-19
3.39077e-19
9.84974e-19
2.87899e-18
8.44969e-18
2.48932e-17
7.42406e-17
2.20933e-16
6.56245e-16
1.95097e-15
5.76625e-15
1.69963e-14
5.00393e-14
1.47618e-13
4.28523e-13
1.24664e-12
3.64576e-12
1.0318e-11
2.97915e-11
8.38302e-11
2.30742e-10
6.50408e-10
1.72437e-09
4.44501e-09
1.13934e-08
2.84098e-08
6.89509e-08
1.78384e-07
4.64065e-07
1.18467e-06
2.94462e-06
7.15401e-06
1.66468e-05
3.79841e-05
7.69643e-05
0.000161601
0.000333189
0.000644154
0.00116591
0.00205383
0.0034357
0.00543139
0.00809731
0.0112718
0.0150762
0.0194141
0.0241425
0.0291034
0.0341481
0.0390317
0.043665
0.048003
0.0519946
0.0556496
0.0589635
0.0619263
0.064535
0.0667834
0.0687092
0.0703686
0.0717792
0.0729104
0.0736498
0.0737384
0.0725485
0.068864
0.0609612
0.0477179
0.0342843
0.0231082
0.0147697
0.00906006
0.00546882
0.00334085
0.00222506
0.00159989
0.00119452
0.000886585
0.000632209
0.000416796
0.000235028
6.96087e-05
)
;

boundaryField
{
    fuel
    {
        type            fixedValue;
        value           uniform 0;
    }
    air
    {
        type            fixedValue;
        value           uniform 0;
    }
    outlet
    {
        type            inletOutlet;
        inletValue      uniform 0;
        value           nonuniform List<scalar> 
200
(
0
0
0
0
0
0
0
0
0
0
3.30184e-23
9.04437e-23
2.44334e-22
6.61871e-22
1.80758e-21
4.97257e-21
1.3753e-20
3.95333e-20
1.12244e-19
3.22088e-19
9.28556e-19
2.654e-18
8.12713e-18
2.38801e-17
7.11726e-17
2.11624e-16
6.22023e-16
1.88396e-15
5.55976e-15
1.6407e-14
4.84151e-14
1.42647e-13
4.15771e-13
1.20448e-12
3.47085e-12
9.67027e-12
2.7339e-11
7.84521e-11
2.19515e-10
6.08255e-10
1.62788e-09
4.27602e-09
1.09923e-08
2.75855e-08
6.75035e-08
1.73098e-07
4.5155e-07
1.16021e-06
2.9028e-06
7.01571e-06
1.63039e-05
3.69502e-05
7.51115e-05
0.000158871
0.000324918
0.000630588
0.00114403
0.00202145
0.0033848
0.00535836
0.00800527
0.0111675
0.0149651
0.0193029
0.0240397
0.0290057
0.0340593
0.0389525
0.0435924
0.047933
0.051945
0.0556082
0.0589338
0.0619074
0.0645203
0.0667758
0.0687088
0.0703747
0.0717916
0.0729316
0.0736795
0.0737831
0.0726256
0.068999
0.0611869
0.0479902
0.0345249
0.023289
0.0148998
0.00914563
0.00552068
0.00336933
0.00224153
0.00161011
0.00120164
0.000891791
0.000635969
0.000419339
0.000236507
7.00634e-05
0
0
0
0
0
0
0
0
0
0
3.40838e-23
9.26482e-23
2.4872e-22
6.82595e-22
1.8561e-21
5.16601e-21
1.45044e-20
4.11347e-20
1.17561e-19
3.39077e-19
9.84974e-19
2.87899e-18
8.44969e-18
2.48932e-17
7.42406e-17
2.20933e-16
6.56245e-16
1.95097e-15
5.76625e-15
1.69963e-14
5.00393e-14
1.47618e-13
4.28523e-13
1.24664e-12
3.64576e-12
1.0318e-11
2.97915e-11
8.38302e-11
2.30742e-10
6.50408e-10
1.72437e-09
4.44501e-09
1.13934e-08
2.84098e-08
6.89509e-08
1.78384e-07
4.64065e-07
1.18467e-06
2.94462e-06
7.15401e-06
1.66468e-05
3.79841e-05
7.69643e-05
0.000161601
0.000333189
0.000644154
0.00116591
0.00205383
0.0034357
0.00543139
0.00809731
0.0112718
0.0150762
0.0194141
0.0241425
0.0291034
0.0341481
0.0390317
0.043665
0.048003
0.0519946
0.0556496
0.0589635
0.0619263
0.064535
0.0667834
0.0687092
0.0703686
0.0717792
0.0729104
0.0736498
0.0737384
0.0725485
0.068864
0.0609612
0.0477179
0.0342843
0.0231082
0.0147697
0.00906006
0.00546882
0.00334085
0.00222506
0.00159989
0.00119452
0.000886585
0.000632209
0.000416796
0.000235028
6.96087e-05
)
;
    }
    frontAndBack
    {
        type            empty;
    }
    internal
    {
        type            internal;
    }
}


// ************************************************************************* //
