/*--------------------------------*- C++ -*----------------------------------*\
  =========                 |
  \\      /  F ield         | OpenFOAM: The Open Source CFD Toolbox
   \\    /   O peration     | Website:  https://openfoam.org
    \\  /    A nd           | Version:  10
     \\/     M anipulation  |
\*---------------------------------------------------------------------------*/
FoamFile
{
    format      ascii;
    class       volScalarField;
    location    "1";
    object      CO2;
}
// * * * * * * * * * * * * * * * * * * * * * * * * * * * * * * * * * * * * * //

dimensions      [0 0 0 0 0 0 0];

internalField   nonuniform List<scalar> 
4000
(
1.52232e-28
9.43252e-28
4.09478e-27
1.55609e-26
5.52508e-26
1.8361e-25
5.79655e-25
1.76333e-24
5.22522e-24
1.52829e-23
4.4811e-23
1.22812e-22
3.31987e-22
8.99878e-22
2.45923e-21
6.77016e-21
1.87331e-20
5.38899e-20
1.53101e-19
4.39677e-19
1.26865e-18
3.63021e-18
1.11144e-17
3.26833e-17
9.74959e-17
2.90134e-16
8.53315e-16
2.58675e-15
7.6398e-15
2.25642e-14
6.66388e-14
1.96504e-13
5.73342e-13
1.66249e-12
4.79579e-12
1.33729e-11
3.78482e-11
1.0867e-10
3.04369e-10
8.44225e-10
2.26114e-09
5.94356e-09
1.52872e-08
3.83962e-08
9.40737e-08
2.41337e-07
6.30019e-07
1.6199e-06
4.05561e-06
9.80781e-06
2.28095e-05
5.17308e-05
0.00010522
0.000222686
0.000455659
0.000884661
0.00160541
0.00283728
0.00475143
0.00752225
0.0112379
0.0156758
0.0210038
0.0270871
0.0337265
0.040683
0.0477565
0.0545989
0.06108
0.0671357
0.0727266
0.0778305
0.0824706
0.0866494
0.0903868
0.0937157
0.0966673
0.0992822
0.101609
0.103726
0.105765
0.108
0.11095
0.115243
0.120956
0.127536
0.130831
0.129308
0.123234
0.113557
0.101412
0.0874619
0.073632
0.0602368
0.0477694
0.0364498
0.0263385
0.0174745
0.00988096
0.00292875
1.53367e-28
8.9058e-28
3.28292e-27
1.11987e-26
3.68153e-26
1.17425e-25
3.64726e-25
1.1071e-24
3.19964e-24
9.04019e-24
2.52927e-23
7.07515e-23
1.99125e-22
5.6681e-22
1.63617e-21
4.80083e-21
1.42436e-20
4.28387e-20
1.30212e-19
3.97651e-19
1.22153e-18
3.7762e-18
1.16522e-17
3.59245e-17
1.10768e-16
3.39122e-16
1.03504e-15
3.14694e-15
9.48079e-15
2.82804e-14
8.40182e-14
2.6037e-13
7.66754e-13
2.21454e-12
6.35637e-12
1.79869e-11
5.16234e-11
1.43677e-10
3.99364e-10
1.0841e-09
2.90777e-09
7.55695e-09
1.94407e-08
4.86741e-08
1.23883e-07
3.22462e-07
8.31091e-07
2.09614e-06
5.17248e-06
1.24703e-05
2.69391e-05
5.51139e-05
0.000119035
0.000246712
0.000498234
0.000967814
0.00170995
0.00296141
0.00488906
0.00762023
0.0112907
0.0156682
0.020918
0.0269149
0.0334559
0.0403364
0.0473589
0.0542294
0.0607161
0.066792
0.0724358
0.0775907
0.0822672
0.0864949
0.0902844
0.093656
0.0966408
0.0992827
0.101632
0.103769
0.105824
0.108084
0.111077
0.115424
0.121185
0.127689
0.130755
0.128956
0.1226
0.11271
0.100418
0.086405
0.0725836
0.0592787
0.0469127
0.0357006
0.0257344
0.0170555
0.00963726
0.00285108
9.14978e-29
4.7169e-28
1.5774e-27
4.74258e-27
1.37633e-26
3.92641e-26
1.11049e-25
3.16236e-25
9.28321e-25
2.85511e-24
9.0296e-24
2.9187e-23
9.57317e-23
3.15644e-22
1.04242e-21
3.44044e-21
1.13189e-20
3.65711e-20
1.23627e-19
4.01248e-19
1.30362e-18
4.20653e-18
1.34672e-17
4.27118e-17
1.34158e-16
4.17869e-16
1.29564e-15
4.02069e-15
1.21933e-14
3.67086e-14
1.12729e-13
3.3442e-13
9.69436e-13
2.83637e-12
8.23664e-12
2.33787e-11
6.52279e-11
1.8076e-10
4.9641e-10
1.32984e-09
3.52138e-09
8.81015e-09
2.35162e-08
5.78601e-08
1.51711e-07
3.85973e-07
9.95195e-07
2.48574e-06
5.94233e-06
1.40591e-05
3.022e-05
6.22479e-05
0.000133672
0.000280591
0.00054897
0.0010114
0.00176072
0.00302606
0.00496227
0.00770191
0.0113501
0.0156849
0.0208673
0.0267714
0.0332305
0.0400385
0.0469986
0.0538237
0.0603509
0.0664663
0.0721764
0.0773629
0.0820787
0.0863437
0.090179
0.0935991
0.0966231
0.0992969
0.101673
0.103836
0.105918
0.10821
0.111263
0.115702
0.121549
0.127922
0.130646
0.128448
0.121741
0.11153
0.0990581
0.0850106
0.0712744
0.0580962
0.0459061
0.0348651
0.0251034
0.0166145
0.00937769
0.00276964
6.39283e-29
3.23548e-28
1.09518e-27
3.37686e-27
1.02018e-26
3.1024e-26
9.62392e-26
3.13704e-25
1.02365e-24
3.37003e-24
1.13274e-23
3.7954e-23
1.28856e-22
4.3107e-22
1.43856e-21
4.77874e-21
1.5796e-20
5.19169e-20
1.69457e-19
5.49574e-19
1.76919e-18
5.67705e-18
1.8051e-17
5.697e-17
1.80499e-16
5.60887e-16
1.73011e-15
5.2832e-15
1.5641e-14
4.88789e-14
1.44973e-13
4.2866e-13
1.25014e-12
3.63111e-12
1.04508e-11
2.94614e-11
8.15824e-11
2.25673e-10
6.05271e-10
1.64776e-09
4.32273e-09
1.103e-08
2.84924e-08
7.01104e-08
1.75802e-07
4.56188e-07
1.16055e-06
2.83981e-06
6.892e-06
1.50006e-05
3.183e-05
7.10182e-05
0.000152686
0.000310461
0.000597132
0.00104119
0.00181197
0.00309328
0.00504456
0.0077685
0.0113891
0.015682
0.0208094
0.0266551
0.0330478
0.0397889
0.0466885
0.0535079
0.0600402
0.0661768
0.0719139
0.077138
0.0819056
0.0862152
0.0900789
0.0935883
0.0966338
0.0993333
0.101734
0.103919
0.106019
0.108335
0.111433
0.116069
0.121994
0.128191
0.130564
0.128002
0.120991
0.11034
0.0977533
0.0837291
0.0700333
0.0569637
0.0449174
0.0340829
0.0245083
0.0162004
0.00913361
0.00269303
9.38827e-29
4.80444e-28
1.66641e-27
5.29703e-27
1.65019e-26
5.15016e-26
1.62099e-25
5.14464e-25
1.64064e-24
5.37981e-24
1.75047e-23
5.74622e-23
1.90808e-22
6.26986e-22
2.08716e-21
6.83459e-21
2.22996e-20
7.35775e-20
2.38952e-19
7.71068e-19
2.47485e-18
7.85289e-18
2.47559e-17
7.7499e-17
2.41133e-16
7.43901e-16
2.27746e-15
6.9989e-15
2.10848e-14
6.28945e-14
1.86144e-13
5.59066e-13
1.61561e-12
4.6549e-12
1.31901e-11
3.68792e-11
1.01311e-10
2.71932e-10
7.43954e-10
1.97594e-09
5.12876e-09
1.30785e-08
3.25853e-08
8.21849e-08
2.0429e-07
5.24794e-07
1.30676e-06
3.22832e-06
7.2436e-06
1.5542e-05
3.53173e-05
7.78368e-05
0.000167587
0.0003443
0.000616824
0.00107376
0.00186201
0.00315198
0.00510291
0.0078292
0.0114323
0.015696
0.0207793
0.0265712
0.032902
0.0395727
0.0464504
0.053268
0.0598157
0.0659591
0.0717223
0.0769795
0.0817746
0.08611
0.0900082
0.0935586
0.0966358
0.0993625
0.101787
0.103991
0.106116
0.108465
0.111628
0.116344
0.122356
0.128391
0.130452
0.127557
0.120254
0.109396
0.0966886
0.0826622
0.0690068
0.0560344
0.044119
0.0334379
0.0240184
0.0158604
0.00893311
0.00263031
1.63937e-28
8.64933e-28
3.05532e-27
9.92493e-27
3.15243e-26
9.96766e-26
3.15324e-25
1.00023e-24
3.18106e-24
1.01488e-23
3.23522e-23
1.02968e-22
3.34274e-22
1.06911e-21
3.41684e-21
1.10308e-20
3.52606e-20
1.12616e-19
3.59609e-19
1.13595e-18
3.62315e-18
1.12977e-17
3.49446e-17
1.07447e-16
3.30879e-16
1.02079e-15
3.07938e-15
9.18408e-15
2.7739e-14
8.14841e-14
2.36235e-13
7.14062e-13
2.03285e-12
5.75541e-12
1.59464e-11
4.47757e-11
1.20796e-10
3.18319e-10
8.82585e-10
2.39484e-09
6.06701e-09
1.51259e-08
3.77252e-08
9.36902e-08
2.35459e-07
5.8722e-07
1.49319e-06
3.40682e-06
7.5514e-06
1.7066e-05
3.84772e-05
8.46083e-05
0.00017848
0.000362598
0.000645215
0.00111059
0.00190257
0.00320838
0.00515753
0.00787514
0.0114591
0.0156934
0.0207392
0.0264894
0.0327829
0.0394264
0.0462647
0.0530496
0.0595977
0.065771
0.0715695
0.0768481
0.0816651
0.0860316
0.0899564
0.0935334
0.0966338
0.0993811
0.101824
0.104047
0.10619
0.108565
0.111774
0.116545
0.122624
0.128525
0.130339
0.12718
0.11965
0.108646
0.0958437
0.0818393
0.0682222
0.0553332
0.0435278
0.0329537
0.0236475
0.0156016
0.00877987
0.00258238
2.65923e-28
1.37105e-27
4.89095e-27
1.57871e-26
4.95902e-26
1.57706e-25
4.94736e-25
1.55869e-24
4.92465e-24
1.55776e-23
4.93564e-23
1.56579e-22
4.96888e-22
1.57578e-21
5.00369e-21
1.59195e-20
5.06564e-20
1.59829e-19
5.03218e-19
1.59126e-18
4.96694e-18
1.53777e-17
4.6727e-17
1.45781e-16
4.3993e-16
1.32138e-15
3.95578e-15
1.14528e-14
3.50653e-14
1.03333e-13
2.99743e-13
8.62322e-13
2.47091e-12
6.97925e-12
1.92756e-11
5.34797e-11
1.47003e-10
3.83652e-10
1.05688e-09
2.7576e-09
7.00461e-09
1.75504e-08
4.30583e-08
1.06105e-07
2.60498e-07
6.53424e-07
1.58767e-06
3.46049e-06
8.09226e-06
1.84402e-05
4.09975e-05
8.90619e-05
0.000186267
0.000375324
0.000664281
0.00113879
0.001936
0.0032455
0.00519752
0.00790733
0.0114713
0.0156799
0.0206923
0.0264071
0.0326663
0.039286
0.0461062
0.0528705
0.0594265
0.0656112
0.0714307
0.0767276
0.0815667
0.0859541
0.089901
0.0935021
0.0966217
0.099387
0.101846
0.104084
0.10624
0.108633
0.111874
0.116681
0.122805
0.128604
0.130238
0.126889
0.119196
0.108089
0.0952192
0.0812384
0.0676499
0.0548205
0.043092
0.0325995
0.0233769
0.015413
0.00866814
0.00254747
3.85568e-28
1.99678e-27
7.08356e-27
2.30604e-26
7.32253e-26
2.30907e-25
7.26866e-25
2.28846e-24
7.20885e-24
2.27181e-23
7.15718e-23
2.25655e-22
7.12528e-22
2.24954e-21
7.0752e-21
2.22543e-20
6.99788e-20
2.19158e-19
6.8433e-19
2.13157e-18
6.61184e-18
2.03436e-17
6.21932e-17
1.88746e-16
5.69114e-16
1.70566e-15
5.06527e-15
1.48203e-14
4.2827e-14
1.23972e-13
3.62923e-13
1.05445e-12
2.98506e-12
8.33444e-12
2.27357e-11
6.23115e-11
1.69745e-10
4.3863e-10
1.18781e-09
3.14113e-09
7.93715e-09
1.96091e-08
4.87003e-08
1.18535e-07
2.91774e-07
7.23633e-07
1.65179e-06
3.74903e-06
8.712e-06
1.9714e-05
4.37715e-05
9.38474e-05
0.000194116
0.000387542
0.000681545
0.00116115
0.00196313
0.00327557
0.00522451
0.00792286
0.0114654
0.0156482
0.0206278
0.0263145
0.0325387
0.0391143
0.045934
0.0526905
0.0592588
0.0654507
0.0712873
0.0766029
0.0814588
0.0858665
0.0898344
0.0934586
0.0965961
0.099377
0.10185
0.1041
0.106267
0.10867
0.111929
0.116758
0.122907
0.128641
0.130158
0.126682
0.118879
0.107705
0.0947888
0.0808252
0.0672556
0.0544661
0.0427892
0.0323536
0.0231891
0.0152819
0.00859046
0.00252321
5.10211e-28
2.65285e-27
9.44485e-27
3.07937e-26
9.79338e-26
3.08821e-25
9.70608e-25
3.04866e-24
9.57922e-24
3.02223e-23
9.48965e-23
2.97615e-22
9.33263e-22
2.93818e-21
9.18841e-21
2.86964e-20
8.96326e-20
2.78844e-19
8.63636e-19
2.70324e-18
8.32173e-18
2.52342e-17
7.77334e-17
2.33604e-16
7.01143e-16
2.10511e-15
6.23496e-15
1.831e-14
5.31795e-14
1.52068e-13
4.35094e-13
1.24626e-12
3.50182e-12
9.73831e-12
2.67312e-11
7.21961e-11
1.93618e-10
4.96011e-10
1.33444e-09
3.4782e-09
8.8189e-09
2.19321e-08
5.3864e-08
1.31851e-07
3.09075e-07
7.11638e-07
1.72887e-06
4.06432e-06
9.33454e-06
2.10709e-05
4.60961e-05
9.7805e-05
0.000200601
0.000397518
0.000694515
0.00117764
0.00198277
0.00329546
0.0052386
0.00792162
0.0114385
0.0155857
0.0205293
0.0261673
0.0323608
0.0389322
0.0457177
0.0524875
0.0590519
0.0652623
0.0711054
0.0764431
0.0813302
0.0857637
0.0897551
0.0934024
0.0965565
0.0993515
0.101837
0.104099
0.106272
0.10868
0.111946
0.116782
0.122943
0.128643
0.130096
0.126548
0.11868
0.107463
0.0945177
0.0805637
0.0670046
0.0542391
0.0425941
0.032194
0.023067
0.0151966
0.00853987
0.00250741
6.14458e-28
3.37364e-27
1.18507e-26
3.84679e-26
1.23478e-25
3.89209e-25
1.22689e-24
3.85721e-24
1.211e-23
3.79774e-23
1.19146e-22
3.74719e-22
1.17151e-21
3.66317e-21
1.1446e-20
3.53897e-20
1.12747e-19
3.4864e-19
1.07648e-18
3.30594e-18
1.00639e-17
3.10517e-17
9.38708e-17
2.82258e-16
8.42633e-16
2.50255e-15
7.38259e-15
2.15651e-14
6.3345e-14
1.82872e-13
5.20681e-13
1.4602e-12
4.05056e-12
1.11469e-11
3.01888e-11
8.07041e-11
2.13129e-10
5.48479e-10
1.49253e-09
3.8228e-09
9.50646e-09
2.35409e-08
5.75246e-08
1.36115e-07
3.15413e-07
7.7739e-07
1.86061e-06
4.34828e-06
9.99094e-06
2.22904e-05
4.83549e-05
0.000101758
0.000206738
0.000404089
0.000703599
0.00119073
0.00199629
0.00330635
0.00524071
0.00790828
0.0114021
0.0155193
0.0204155
0.0260164
0.0321738
0.0387122
0.0454946
0.0522779
0.058853
0.0650684
0.0709348
0.0762929
0.0812003
0.0856519
0.0896575
0.0933271
0.0964982
0.0993085
0.101807
0.104081
0.10626
0.108669
0.111932
0.116767
0.122927
0.128619
0.13005
0.126472
0.118574
0.107333
0.0943706
0.0804198
0.0668646
0.0541109
0.0424829
0.0321027
0.0229966
0.015147
0.00851032
0.00249817
7.44252e-28
4.05721e-27
1.43167e-26
4.66712e-26
1.48445e-25
4.6812e-25
1.47208e-24
4.62253e-24
1.44841e-23
4.54272e-23
1.44139e-22
4.51215e-22
1.40984e-21
4.42158e-21
1.38269e-20
4.29495e-20
1.34746e-19
4.15159e-19
1.27463e-18
3.91484e-18
1.18236e-17
3.6422e-17
1.09665e-16
3.28271e-16
9.68142e-16
2.89656e-15
8.46099e-15
2.46822e-14
7.21727e-14
2.08072e-13
5.91012e-13
1.65431e-12
4.55939e-12
1.25688e-11
3.37488e-11
8.9766e-11
2.36022e-10
6.06842e-10
1.63171e-09
4.12843e-09
1.02052e-08
2.48867e-08
5.95326e-08
1.39861e-07
3.42986e-07
8.3582e-07
1.99538e-06
4.66893e-06
1.06423e-05
2.36493e-05
5.1179e-05
0.00010756
0.000219725
0.000405915
0.000710401
0.00120007
0.00200399
0.00330892
0.00523149
0.00787551
0.0113366
0.0154197
0.0202981
0.0258625
0.0319892
0.038504
0.0452723
0.0520474
0.0586481
0.064883
0.0707595
0.0761357
0.0810563
0.0855266
0.0895556
0.0932504
0.0964356
0.0992592
0.101768
0.104052
0.106234
0.108641
0.111894
0.11672
0.12287
0.128575
0.130017
0.126441
0.118538
0.107287
0.0943165
0.0803636
0.0668069
0.0540558
0.0424334
0.032061
0.0229638
0.0151237
0.00849631
0.00249377
8.95974e-28
4.68803e-27
1.66396e-26
5.42123e-26
1.72215e-25
5.42646e-25
1.70688e-24
5.37135e-24
1.687e-23
5.33228e-23
1.67727e-22
5.25981e-22
1.64463e-21
5.15963e-21
1.61741e-20
5.02756e-20
1.55741e-19
4.81219e-19
1.47891e-18
4.52311e-18
1.3751e-17
4.1517e-17
1.25453e-16
3.74381e-16
1.10988e-15
3.26336e-15
9.5416e-15
2.74274e-14
8.04384e-14
2.29346e-13
6.35507e-13
1.82701e-12
5.0574e-12
1.36748e-11
3.76937e-11
9.9051e-11
2.56398e-10
6.57508e-10
1.72414e-09
4.44847e-09
1.08929e-08
2.63743e-08
6.28471e-08
1.49673e-07
3.66267e-07
8.88675e-07
2.11512e-06
4.92913e-06
1.11867e-05
2.47437e-05
5.33146e-05
0.000111573
0.000226296
0.000406007
0.000716405
0.0012077
0.0020081
0.00330632
0.00521634
0.00784472
0.0112792
0.0153321
0.0201635
0.0257004
0.0318018
0.038298
0.0450588
0.0518233
0.0584346
0.0647019
0.0705597
0.0759611
0.0809083
0.0854028
0.0894525
0.0931672
0.0963677
0.0992021
0.101721
0.104015
0.1062
0.108602
0.11184
0.11665
0.122783
0.128515
0.129992
0.126442
0.118552
0.107301
0.0943287
0.0803698
0.0668079
0.0540527
0.0424279
0.0320547
0.0229579
0.0151191
0.00849333
0.00249281
9.86861e-28
5.27653e-27
1.87978e-26
6.11792e-26
1.94403e-25
6.13244e-25
1.93141e-24
6.08068e-24
1.91927e-23
6.05192e-23
1.90398e-22
5.97242e-22
1.86643e-21
5.87003e-21
1.824e-20
5.63661e-20
1.70993e-19
5.46167e-19
1.66735e-18
5.10155e-18
1.54989e-17
4.68147e-17
1.40552e-16
4.13704e-16
1.24513e-15
3.62589e-15
1.04861e-14
3.01519e-14
8.6829e-14
2.54075e-13
7.08987e-13
2.00469e-12
5.51031e-12
1.51171e-11
4.039e-11
1.05944e-10
2.72753e-10
6.9682e-10
1.82262e-09
4.72272e-09
1.16013e-08
2.81708e-08
6.64309e-08
1.6116e-07
3.85772e-07
9.3389e-07
2.21694e-06
5.12529e-06
1.15536e-05
2.53956e-05
5.43827e-05
0.000113137
0.000227993
0.000405854
0.000723183
0.00121353
0.00200894
0.00329879
0.0051953
0.00780376
0.0112203
0.0152441
0.0200397
0.0255409
0.0316136
0.0380893
0.0448437
0.0516005
0.0582213
0.0645029
0.0703745
0.0758029
0.0807687
0.0852796
0.0893432
0.0930785
0.0962925
0.0991402
0.101669
0.103973
0.106158
0.108554
0.111774
0.116567
0.122679
0.128446
0.129973
0.126465
0.118602
0.107358
0.0943875
0.080418
0.0668479
0.0540842
0.042452
0.0320727
0.0229708
0.0151275
0.00849815
0.00249428
1.05677e-27
5.94019e-27
2.10182e-26
6.83913e-26
2.17626e-25
6.88388e-25
2.17394e-24
6.84337e-24
2.15112e-23
6.755e-23
2.11735e-22
6.61435e-22
2.09139e-21
6.44303e-21
2.00813e-20
6.26795e-20
1.95615e-19
6.00985e-19
1.84021e-18
5.59227e-18
1.68533e-17
4.99927e-17
1.54232e-16
4.56149e-16
1.34527e-15
3.92803e-15
1.15227e-14
3.31334e-14
9.51724e-14
2.70441e-13
7.54167e-13
2.15343e-12
5.82791e-12
1.60393e-11
4.25874e-11
1.11828e-10
2.88676e-10
7.23605e-10
1.92303e-09
4.99205e-09
1.21034e-08
2.91858e-08
6.98541e-08
1.6983e-07
4.02666e-07
9.72723e-07
2.29151e-06
5.26752e-06
1.18144e-05
2.58434e-05
5.50756e-05
0.000114131
0.000228804
0.000405496
0.000728054
0.00121766
0.00200796
0.00329023
0.00517524
0.00776322
0.0111507
0.0151466
0.0199217
0.02539
0.031438
0.0378942
0.0446373
0.0514058
0.0580241
0.0643173
0.0702027
0.0756459
0.0806326
0.0851626
0.0892416
0.0929913
0.0962185
0.0990775
0.101615
0.103927
0.106114
0.108504
0.111704
0.116476
0.122566
0.128374
0.129959
0.1265
0.118671
0.107437
0.0944727
0.080493
0.0669143
0.0541397
0.0424964
0.0321067
0.0229955
0.0151443
0.00850781
0.00249726
1.24308e-27
6.45819e-27
2.29422e-26
7.48382e-26
2.37988e-25
7.51766e-25
2.38227e-24
7.47746e-24
2.33681e-23
7.25814e-23
2.30273e-22
7.31168e-22
2.27143e-21
6.99612e-21
2.22218e-20
6.83554e-20
2.09658e-19
6.52461e-19
1.98738e-18
5.9738e-18
1.84958e-17
5.5462e-17
1.6597e-16
4.89961e-16
1.4559e-15
4.22923e-15
1.22885e-14
3.52137e-14
1.00478e-13
2.88891e-13
8.14043e-13
2.2696e-12
6.14159e-12
1.68273e-11
4.41202e-11
1.14558e-10
3.02872e-10
7.56319e-10
1.99416e-09
5.0927e-09
1.28185e-08
3.07987e-08
7.38434e-08
1.73732e-07
4.16336e-07
1.00066e-06
2.34793e-06
5.3769e-06
1.20168e-05
2.61971e-05
5.5634e-05
0.000114774
0.000229264
0.000405118
0.000731119
0.00121972
0.00200443
0.00327878
0.00515057
0.00772378
0.0110883
0.0150574
0.0198029
0.0252501
0.0312749
0.0377127
0.0444453
0.0512087
0.0578337
0.0641441
0.0700454
0.075505
0.0805077
0.0850515
0.0891464
0.0929094
0.0961486
0.0990173
0.101563
0.103884
0.106072
0.108455
0.111637
0.11639
0.122457
0.128305
0.129948
0.12654
0.118745
0.107525
0.0945664
0.080576
0.0669885
0.0542026
0.0425475
0.0321466
0.023025
0.0151643
0.00851949
0.00250087
1.33754e-27
6.95495e-27
2.47198e-26
8.06918e-26
2.5736e-25
8.12844e-25
2.5609e-24
8.05706e-24
2.52964e-23
7.91584e-23
2.47839e-22
7.78359e-22
2.43202e-21
7.59187e-21
2.36678e-20
7.33396e-20
2.25207e-19
6.9669e-19
2.12016e-18
6.43812e-18
1.95943e-17
5.89415e-17
1.76448e-16
5.23829e-16
1.5374e-15
4.46621e-15
1.29816e-14
3.70558e-14
1.04637e-13
3.01289e-13
8.40436e-13
2.34822e-12
6.45625e-12
1.74014e-11
4.62399e-11
1.21624e-10
3.14663e-10
8.16041e-10
2.09277e-09
5.41039e-09
1.31936e-08
3.13228e-08
7.53312e-08
1.77404e-07
4.26935e-07
1.02234e-06
2.39084e-06
5.4579e-06
1.21606e-05
2.64304e-05
5.59857e-05
0.000115202
0.000229553
0.000404705
0.000733075
0.00122063
0.00200017
0.00326643
0.00512713
0.00768415
0.0110312
0.014981
0.0197056
0.0251352
0.0311381
0.0375595
0.0442841
0.0510466
0.0576709
0.0639937
0.0699092
0.0753829
0.0803989
0.084957
0.0890648
0.092839
0.0960883
0.0989656
0.101518
0.103846
0.106035
0.108412
0.111578
0.116313
0.122359
0.128243
0.129939
0.126578
0.118817
0.107609
0.0946581
0.080657
0.0670613
0.0542644
0.0425978
0.0321859
0.0230542
0.0151843
0.00853114
0.00250448
1.31766e-27
7.3481e-27
2.60377e-26
8.49259e-26
2.70295e-25
8.54529e-25
2.69759e-24
8.50203e-24
2.66863e-23
8.34673e-23
2.62547e-22
8.19862e-22
2.55844e-21
7.9788e-21
2.48329e-20
7.70704e-20
2.39583e-19
7.35427e-19
2.24269e-18
6.80673e-18
2.06771e-17
6.1802e-17
1.85659e-16
5.48725e-16
1.61105e-15
4.68932e-15
1.35192e-14
3.85196e-14
1.09539e-13
3.1337e-13
8.76212e-13
2.46382e-12
6.71016e-12
1.80454e-11
4.7913e-11
1.26392e-10
3.2839e-10
8.40495e-10
2.14052e-09
5.45903e-09
1.33858e-08
3.21449e-08
7.54131e-08
1.79631e-07
4.35431e-07
1.03907e-06
2.42354e-06
5.5197e-06
1.22708e-05
2.66107e-05
5.62508e-05
0.000115509
0.000229731
0.000404383
0.000734204
0.00122077
0.00199609
0.00325677
0.00510951
0.00765573
0.0109895
0.0149201
0.0196243
0.0250328
0.0310223
0.037433
0.0441519
0.0509117
0.0575378
0.0638722
0.069801
0.0752871
0.0803151
0.084883
0.0890004
0.0927831
0.0960402
0.0989242
0.101482
0.103815
0.106005
0.108378
0.11153
0.11625
0.12228
0.128192
0.129933
0.126611
0.118877
0.107681
0.0947361
0.080726
0.0671234
0.0543173
0.0426412
0.0322199
0.0230795
0.0152016
0.00854126
0.00250761
1.44157e-27
7.52152e-27
2.67228e-26
8.80636e-26
2.79897e-25
8.83711e-25
2.78477e-24
8.77453e-24
2.76231e-23
8.66929e-23
2.71561e-22
8.49533e-22
2.65687e-21
8.31409e-21
2.59857e-20
8.0631e-20
2.49002e-19
7.65193e-19
2.33835e-18
7.10162e-18
2.14277e-17
6.41757e-17
1.90838e-16
5.61268e-16
1.66511e-15
4.8449e-15
1.40299e-14
4.01016e-14
1.15331e-13
3.23721e-13
9.00799e-13
2.4798e-12
6.85697e-12
1.84026e-11
4.94072e-11
1.30381e-10
3.35926e-10
8.45971e-10
2.16739e-09
5.49552e-09
1.34404e-08
3.21359e-08
7.61781e-08
1.81686e-07
4.41484e-07
1.05108e-06
2.44687e-06
5.56373e-06
1.235e-05
2.67449e-05
5.64407e-05
0.00011574
0.000229869
0.000404174
0.00073489
0.00122074
0.00199312
0.00324964
0.00509642
0.00763464
0.0109587
0.0148777
0.019569
0.0249653
0.030945
0.0373473
0.0440619
0.0508211
0.0574458
0.0637885
0.0697263
0.0752198
0.0802548
0.0848307
0.088955
0.0927435
0.0960061
0.0988948
0.101457
0.103793
0.105983
0.108353
0.111495
0.116205
0.122222
0.128156
0.129928
0.126635
0.118922
0.107734
0.0947934
0.0807768
0.0671692
0.0543564
0.0426731
0.0322451
0.0230982
0.0152144
0.00854875
0.00250994
1.46563e-27
7.7689e-27
2.75063e-26
8.96764e-26
2.85775e-25
9.0562e-25
2.85684e-24
9.00211e-24
2.83536e-23
8.9193e-23
2.79899e-22
8.76453e-22
2.73867e-21
8.54436e-21
2.66433e-20
8.2577e-20
2.5472e-19
7.8208e-19
2.38e-18
7.1982e-18
2.17171e-17
6.50327e-17
1.95168e-16
5.74153e-16
1.69856e-15
4.92716e-15
1.42666e-14
4.11874e-14
1.17138e-13
3.30155e-13
9.20763e-13
2.58029e-12
6.97621e-12
1.8709e-11
5.01658e-11
1.30598e-10
3.39725e-10
8.583e-10
2.253e-09
5.65671e-09
1.36167e-08
3.26329e-08
7.61927e-08
1.84672e-07
4.44724e-07
1.05836e-06
2.46218e-06
5.59295e-06
1.24019e-05
2.68297e-05
5.65635e-05
0.000115891
0.000229989
0.000404118
0.000735414
0.00122093
0.00199179
0.00324621
0.00508983
0.00762367
0.0109421
0.0148553
0.0195405
0.0249306
0.0309046
0.0373027
0.044015
0.050773
0.0573975
0.0637441
0.0696858
0.0751841
0.0802233
0.0848031
0.088931
0.0927226
0.0959881
0.0988792
0.101443
0.103781
0.105971
0.108339
0.111476
0.11618
0.122191
0.128136
0.129926
0.126648
0.118946
0.107764
0.094825
0.0808048
0.0671944
0.054378
0.0426907
0.0322588
0.0231084
0.0152213
0.00855282
0.0025112
1.44912e-27
7.75816e-27
2.80076e-26
9.09908e-26
2.89557e-25
9.14459e-25
2.88095e-24
9.07579e-24
2.86155e-23
9.0468e-23
2.83933e-22
8.88644e-22
2.76561e-21
8.50695e-21
2.71755e-20
8.38356e-20
2.5821e-19
7.91783e-19
2.41671e-18
7.31716e-18
2.2225e-17
6.66235e-17
1.98486e-16
5.85661e-16
1.7072e-15
5.02427e-15
1.44875e-14
4.16815e-14
1.19719e-13
3.3909e-13
9.43336e-13
2.58277e-12
7.11735e-12
1.93089e-11
5.10306e-11
1.32716e-10
3.44967e-10
8.6261e-10
2.27035e-09
5.62352e-09
1.3831e-08
3.29177e-08
7.77404e-08
1.84937e-07
4.46596e-07
1.06276e-06
2.47118e-06
5.61039e-06
1.2434e-05
2.68855e-05
5.66538e-05
0.000116017
0.000230136
0.000404224
0.00073601
0.0012215
0.00199202
0.0032459
0.00508872
0.00762147
0.0109386
0.0148504
0.0195343
0.0249233
0.0308964
0.037294
0.0440062
0.0507643
0.0573889
0.0637365
0.0696793
0.0751784
0.0802184
0.0847989
0.0889275
0.0927196
0.0959855
0.098877
0.101441
0.103779
0.105969
0.108337
0.111473
0.116176
0.122186
0.128133
0.129925
0.12665
0.11895
0.107767
0.094829
0.0808083
0.0671975
0.0543805
0.0426927
0.0322603
0.0231094
0.015222
0.0085532
0.00251131
1.44669e-27
7.89995e-27
2.8064e-26
9.15256e-26
2.91675e-25
9.22891e-25
2.91273e-24
9.18036e-24
2.88981e-23
9.08246e-23
2.84973e-22
8.92471e-22
2.78586e-21
8.64816e-21
2.72563e-20
8.42245e-20
2.58908e-19
7.87402e-19
2.43955e-18
7.3837e-18
2.23828e-17
6.71997e-17
2.00565e-16
5.94439e-16
1.74314e-15
5.05831e-15
1.4418e-14
4.24363e-14
1.20381e-13
3.4008e-13
9.52017e-13
2.62597e-12
7.20833e-12
1.93235e-11
5.14985e-11
1.33662e-10
3.47185e-10
8.72647e-10
2.28261e-09
5.65534e-09
1.39e-08
3.26378e-08
7.86501e-08
1.85477e-07
4.46528e-07
1.06446e-06
2.47473e-06
5.61777e-06
1.24494e-05
2.69172e-05
5.6717e-05
0.000116138
0.000230358
0.000404587
0.000736833
0.00122281
0.00199461
0.00325013
0.00509516
0.00763083
0.0109516
0.0148676
0.0195561
0.0249497
0.0309269
0.0373276
0.0440416
0.0508002
0.0574246
0.0637694
0.0697091
0.0752052
0.0802422
0.0848198
0.0889457
0.0927354
0.0959992
0.0988889
0.101452
0.103788
0.105978
0.108347
0.111487
0.116194
0.122209
0.128147
0.129927
0.126639
0.11893
0.107744
0.094804
0.0807859
0.0671771
0.0543628
0.0426781
0.0322487
0.0231008
0.015216
0.00854967
0.00251022
1.46221e-27
7.83224e-27
2.76925e-26
9.04567e-26
2.88738e-25
9.15107e-25
2.89123e-24
9.11366e-24
2.86624e-23
8.99166e-23
2.81293e-22
8.77815e-22
2.73645e-21
8.53666e-21
2.66237e-20
8.24249e-20
2.52714e-19
7.7782e-19
2.39485e-18
7.26259e-18
2.18319e-17
6.63698e-17
1.97405e-16
5.89675e-16
1.72439e-15
4.9927e-15
1.4369e-14
4.17459e-14
1.18477e-13
3.34672e-13
9.33155e-13
2.56808e-12
7.18047e-12
1.91236e-11
4.96062e-11
1.30647e-10
3.40536e-10
8.46323e-10
2.19838e-09
5.69614e-09
1.35364e-08
3.29078e-08
7.66449e-08
1.85905e-07
4.46276e-07
1.06278e-06
2.47171e-06
5.61346e-06
1.24455e-05
2.69203e-05
5.67467e-05
0.000116242
0.000230636
0.000405196
0.000737919
0.0012249
0.00199962
0.00325893
0.005109
0.00765125
0.0109803
0.0149059
0.0196046
0.0250082
0.0309941
0.0374014
0.0441187
0.0508781
0.0575018
0.0638403
0.0697732
0.0752625
0.080293
0.0848645
0.0889847
0.0927694
0.0960287
0.0989145
0.101474
0.103808
0.105998
0.108369
0.111518
0.116234
0.122259
0.128179
0.12993
0.126617
0.11889
0.107696
0.094751
0.0807387
0.0671341
0.0543259
0.0426477
0.0322247
0.0230827
0.0152036
0.00854237
0.00250795
1.47884e-27
7.66951e-27
2.72065e-26
8.76786e-26
2.84725e-25
8.96376e-25
2.82595e-24
8.89916e-24
2.79792e-23
8.78434e-23
2.75387e-22
8.61724e-22
2.69061e-21
8.38564e-21
2.60416e-20
8.03724e-20
2.50349e-19
7.66955e-19
2.34171e-18
7.11758e-18
2.1568e-17
6.52071e-17
1.94693e-16
5.76194e-16
1.6907e-15
4.91874e-15
1.41931e-14
4.07213e-14
1.17174e-13
3.3067e-13
9.24236e-13
2.5437e-12
7.00601e-12
1.88119e-11
5.00727e-11
1.31478e-10
3.38222e-10
8.46276e-10
2.2063e-09
5.64127e-09
1.3622e-08
3.22723e-08
7.61698e-08
1.85647e-07
4.43996e-07
1.05778e-06
2.46279e-06
5.59884e-06
1.24251e-05
2.69007e-05
5.67556e-05
0.000116353
0.000231023
0.000406127
0.000739401
0.001228
0.00200744
0.00327299
0.00513147
0.00768469
0.011027
0.014968
0.0196827
0.0251013
0.0311
0.0375172
0.0442393
0.0509995
0.0576226
0.0639504
0.0698724
0.075351
0.0803716
0.0849329
0.0890439
0.0928208
0.0960729
0.0989528
0.101508
0.103837
0.106026
0.108402
0.111563
0.116293
0.122335
0.128227
0.129935
0.126584
0.118829
0.107623
0.0946725
0.0806687
0.0670706
0.0542714
0.0426028
0.0321892
0.0230562
0.0151853
0.00853164
0.00250462
1.38312e-27
7.4114e-27
2.63109e-26
8.60978e-26
2.73534e-25
8.62431e-25
2.72073e-24
8.60264e-24
2.70381e-23
8.48144e-23
2.65572e-22
8.30383e-22
2.59598e-21
8.13813e-21
2.52344e-20
7.79018e-20
2.39614e-19
7.33791e-19
2.24082e-18
6.84074e-18
2.07886e-17
6.1723e-17
1.8758e-16
5.50187e-16
1.64376e-15
4.77706e-15
1.37878e-14
3.94708e-14
1.13619e-13
3.23053e-13
8.87662e-13
2.5205e-12
6.83253e-12
1.83854e-11
4.90346e-11
1.28193e-10
3.32543e-10
8.39525e-10
2.1379e-09
5.42276e-09
1.3465e-08
3.19933e-08
7.48896e-08
1.83152e-07
4.40465e-07
1.05003e-06
2.44755e-06
5.57141e-06
1.23817e-05
2.68465e-05
5.67225e-05
0.000116439
0.000231474
0.000407338
0.000741099
0.00123173
0.00201738
0.00329123
0.00516099
0.00772903
0.0110896
0.0150522
0.0197909
0.0252274
0.0312411
0.0376701
0.0443981
0.0511596
0.0577795
0.0640949
0.0700006
0.0754645
0.0804714
0.0850203
0.08912
0.0928868
0.0961299
0.0990022
0.101551
0.103874
0.106063
0.108445
0.111622
0.11637
0.122431
0.128287
0.129942
0.126541
0.118752
0.107532
0.0945732
0.0805803
0.0669907
0.0542027
0.0425462
0.0321445
0.0230228
0.0151624
0.00851816
0.00250043
1.35416e-27
7.04518e-27
2.51165e-26
8.19225e-26
2.5993e-25
8.18534e-25
2.59328e-24
8.13246e-24
2.54947e-23
8.06603e-23
2.51931e-22
7.86167e-22
2.452e-21
7.65973e-21
2.40417e-20
7.43299e-20
2.28704e-19
7.01528e-19
2.15228e-18
6.46128e-18
1.98977e-17
5.95276e-17
1.78055e-16
5.29019e-16
1.56186e-15
4.5549e-15
1.32491e-14
3.80008e-14
1.09602e-13
3.08132e-13
8.57982e-13
2.40441e-12
6.581e-12
1.77491e-11
4.6275e-11
1.23391e-10
3.19378e-10
8.11201e-10
2.09421e-09
5.40176e-09
1.29954e-08
3.20327e-08
7.51235e-08
1.80149e-07
4.33513e-07
1.03748e-06
2.42455e-06
5.52996e-06
1.23143e-05
2.67507e-05
5.66313e-05
0.000116472
0.000231957
0.000408775
0.000742548
0.00123581
0.00202893
0.00331267
0.00519588
0.00778136
0.0111628
0.0151484
0.0199095
0.0253701
0.0314059
0.0378513
0.044588
0.0513478
0.0579615
0.0642597
0.07015
0.0755981
0.0805896
0.0851242
0.0892103
0.0929652
0.0961974
0.0990603
0.101602
0.103918
0.106106
0.108494
0.111691
0.116459
0.122544
0.128358
0.129949
0.126492
0.118662
0.107427
0.0944593
0.0804784
0.0668982
0.0541235
0.0424814
0.0320935
0.0229848
0.0151362
0.00850284
0.00249568
1.27462e-27
6.62178e-27
2.35734e-26
7.68767e-26
2.43626e-25
7.62785e-25
2.44333e-24
7.65102e-24
2.39586e-23
7.49033e-23
2.33666e-22
7.28475e-22
2.2814e-21
7.10694e-21
2.21123e-20
6.9022e-20
2.12178e-19
6.51132e-19
2.00045e-18
6.07397e-18
1.84235e-17
5.53197e-17
1.68214e-16
4.99098e-16
1.47306e-15
4.29261e-15
1.26707e-14
3.65451e-14
1.04502e-13
2.94641e-13
8.39827e-13
2.31643e-12
6.30409e-12
1.70343e-11
4.53789e-11
1.19417e-10
3.11717e-10
7.90855e-10
2.05244e-09
5.29209e-09
1.28517e-08
3.12317e-08
7.42799e-08
1.76274e-07
4.25196e-07
1.02005e-06
2.39099e-06
5.47e-06
1.22079e-05
2.65973e-05
5.64402e-05
0.000116355
0.000232243
0.000410076
0.00074329
0.00123899
0.00204013
0.00333489
0.00523308
0.00783793
0.0112424
0.0152534
0.0200392
0.0255285
0.0315859
0.0380448
0.0447824
0.0515423
0.0581549
0.0644408
0.0703159
0.0757478
0.0807235
0.085243
0.0893126
0.0930531
0.0962727
0.099125
0.101658
0.103966
0.106153
0.108549
0.111767
0.116557
0.122667
0.128434
0.129957
0.12644
0.118568
0.107315
0.0943389
0.080371
0.0668017
0.0540412
0.0424136
0.0320402
0.022945
0.015109
0.00848686
0.00249073
1.17607e-27
6.09572e-27
2.16341e-26
7.0397e-26
2.23137e-25
7.10974e-25
2.23918e-24
7.04156e-24
2.20951e-23
6.91899e-23
2.16117e-22
6.72093e-22
2.11936e-21
6.55854e-21
2.05144e-20
6.30194e-20
1.97032e-19
6.04079e-19
1.8571e-18
5.64798e-18
1.7152e-17
5.21258e-17
1.56392e-16
4.6546e-16
1.37799e-15
4.0518e-15
1.18083e-14
3.4046e-14
9.93251e-14
2.80317e-13
7.85299e-13
2.17051e-12
6.01222e-12
1.62829e-11
4.36319e-11
1.14518e-10
2.94237e-10
7.37835e-10
1.95555e-09
5.01199e-09
1.24728e-08
3.01248e-08
7.07153e-08
1.7133e-07
4.13967e-07
9.97076e-07
2.34504e-06
5.38362e-06
1.20602e-05
2.63452e-05
5.61294e-05
0.000116079
0.000232404
0.000411415
0.000743203
0.00124148
0.00205167
0.00335782
0.00527206
0.00789857
0.0113295
0.0153701
0.0201869
0.0257042
0.0317859
0.0382642
0.0450145
0.0517635
0.058374
0.0646389
0.0704971
0.0759101
0.0808661
0.0853657
0.0894219
0.0931451
0.0963519
0.0991932
0.101717
0.104015
0.106202
0.108605
0.111845
0.116658
0.122794
0.128514
0.129967
0.12639
0.118474
0.107207
0.0942212
0.0802661
0.0667075
0.0539612
0.0423486
0.0319893
0.0229073
0.0150832
0.00847179
0.00248607
1.0539e-27
5.47006e-27
1.94957e-26
6.38793e-26
2.03305e-25
6.4231e-25
2.02474e-24
6.3742e-24
2.0034e-23
6.28593e-23
1.9691e-22
6.15693e-22
1.91752e-21
5.94728e-21
1.84344e-20
5.76571e-20
1.78755e-19
5.49834e-19
1.6825e-18
5.11676e-18
1.55367e-17
4.68853e-17
1.41278e-16
4.19942e-16
1.26145e-15
3.70378e-15
1.08054e-14
3.13777e-14
8.94217e-14
2.52296e-13
7.18124e-13
2.04061e-12
5.55076e-12
1.54644e-11
4.11768e-11
1.088e-10
2.84023e-10
7.07474e-10
1.87551e-09
4.83731e-09
1.18047e-08
2.87134e-08
6.74228e-08
1.6487e-07
3.98959e-07
9.62994e-07
2.28092e-06
5.26466e-06
1.18499e-05
2.60009e-05
5.55998e-05
0.00011555
0.000232388
0.00041302
0.0007412
0.00124223
0.00206219
0.00338476
0.0053213
0.00797545
0.0114375
0.0155098
0.020352
0.0258925
0.0319931
0.0384836
0.0452343
0.051987
0.0585816
0.0648205
0.0707112
0.0760967
0.0810255
0.0855054
0.0895388
0.09324
0.0964333
0.0992635
0.101777
0.104066
0.10625
0.108661
0.111922
0.116755
0.122916
0.12859
0.129979
0.126347
0.118394
0.107114
0.094123
0.0801775
0.0666285
0.0538947
0.0422949
0.0319479
0.0228768
0.0150625
0.00845977
0.00248235
9.01143e-28
4.84078e-27
1.71955e-26
5.61205e-26
1.78333e-25
5.62954e-25
1.78023e-24
5.60522e-24
1.76029e-23
5.51981e-23
1.72691e-22
5.37755e-22
1.66747e-21
5.28732e-21
1.64194e-20
5.0949e-20
1.57219e-19
4.87104e-19
1.49808e-18
4.59776e-18
1.39799e-17
4.2115e-17
1.25986e-16
3.77066e-16
1.10947e-15
3.30459e-15
9.71825e-15
2.81401e-14
8.10895e-14
2.28417e-13
6.61375e-13
1.86144e-12
5.24673e-12
1.42845e-11
3.82652e-11
1.03747e-10
2.67897e-10
6.86546e-10
1.79313e-09
4.59967e-09
1.12834e-08
2.75251e-08
6.5447e-08
1.56181e-07
3.79988e-07
9.21959e-07
2.19044e-06
5.09985e-06
1.15562e-05
2.55141e-05
5.48465e-05
0.000114576
0.000231815
0.000414309
0.000736422
0.00123903
0.00206561
0.00339685
0.00534633
0.00801939
0.0115037
0.0156047
0.0204904
0.0260658
0.0321945
0.0387041
0.0454633
0.0522154
0.0587936
0.0650267
0.0708936
0.0762577
0.081168
0.0856317
0.0896529
0.0933328
0.0965111
0.099327
0.101831
0.10411
0.106294
0.108711
0.111992
0.116844
0.123026
0.128661
0.129996
0.126319
0.118337
0.107051
0.0940568
0.0801219
0.0665817
0.0538572
0.0422658
0.0319256
0.0228606
0.0150517
0.00845357
0.00248046
7.75518e-28
4.20367e-27
1.48759e-26
4.84923e-26
1.54116e-25
4.85825e-25
1.52663e-24
4.79014e-24
1.50203e-23
4.71074e-23
1.47709e-22
4.62431e-22
1.44731e-21
4.5465e-21
1.41852e-20
4.41679e-20
1.37758e-19
4.20648e-19
1.32033e-18
4.02749e-18
1.22623e-17
3.71744e-17
1.12336e-16
3.36051e-16
9.97393e-16
2.94562e-15
8.66088e-15
2.53195e-14
7.36972e-14
2.08647e-13
6.02153e-13
1.70899e-12
4.74395e-12
1.3124e-11
3.48439e-11
9.46347e-11
2.49024e-10
6.37812e-10
1.68555e-09
4.30254e-09
1.0668e-08
2.60714e-08
6.22729e-08
1.45786e-07
3.57766e-07
8.73181e-07
2.0885e-06
4.88772e-06
1.11444e-05
2.47648e-05
5.35999e-05
0.000112662
0.000229646
0.000414938
0.000728925
0.00123257
0.00206446
0.00340396
0.005368
0.00806136
0.0115755
0.015716
0.0206412
0.0262415
0.032392
0.0389173
0.0456812
0.052452
0.0590189
0.0652203
0.07107
0.0764123
0.081305
0.0857473
0.08975
0.0934103
0.096576
0.0993825
0.101877
0.104146
0.106328
0.108752
0.112048
0.116916
0.123115
0.128721
0.130021
0.126318
0.118322
0.107036
0.0940435
0.0801137
0.0665789
0.0538586
0.0422697
0.0319307
0.0228656
0.0150556
0.00845608
0.00248127
6.66581e-28
3.48307e-27
1.23409e-26
4.00118e-26
1.25553e-25
4.04661e-25
1.26897e-24
3.99179e-24
1.25397e-23
3.93494e-23
1.23341e-22
3.88621e-22
1.21931e-21
3.82438e-21
1.19408e-20
3.69381e-20
1.16763e-19
3.60662e-19
1.11247e-18
3.39819e-18
1.03333e-17
3.18722e-17
9.5738e-17
2.90403e-16
8.56332e-16
2.56991e-15
7.53099e-15
2.17997e-14
6.45918e-14
1.86093e-13
5.35068e-13
1.51068e-12
4.25431e-12
1.16878e-11
3.16514e-11
8.51412e-11
2.24563e-10
5.87617e-10
1.52519e-09
3.9475e-09
9.89675e-09
2.43681e-08
6.03943e-08
1.4223e-07
3.30022e-07
8.13097e-07
1.94741e-06
4.55432e-06
1.04752e-05
2.33994e-05
5.08143e-05
0.000106871
0.000216082
0.000416739
0.000723961
0.00122434
0.00205823
0.00340407
0.00538093
0.00809743
0.0116475
0.0158189
0.0207649
0.026403
0.0325868
0.0391415
0.0459091
0.0526598
0.0592114
0.065403
0.0712344
0.0765628
0.0814424
0.0858662
0.0898464
0.0934839
0.0966355
0.0994294
0.101914
0.104173
0.106352
0.108777
0.112082
0.116958
0.123165
0.128761
0.130053
0.12635
0.118361
0.107085
0.0941013
0.0801727
0.0666389
0.0539155
0.0423204
0.0319732
0.0228988
0.0150793
0.00847025
0.00248572
5.2909e-28
2.7722e-27
9.84964e-27
3.20682e-26
1.01799e-25
3.20823e-25
1.00802e-24
3.16486e-24
9.92618e-24
3.11121e-23
9.72832e-23
3.1123e-22
9.68878e-22
3.03728e-21
9.55792e-21
2.96409e-20
9.2649e-20
2.91416e-19
9.02088e-19
2.76753e-18
8.54327e-18
2.61903e-17
8.01875e-17
2.42524e-16
7.28562e-16
2.17123e-15
6.41401e-15
1.87786e-14
5.44885e-14
1.55516e-13
4.61845e-13
1.30927e-12
3.65093e-12
1.02111e-11
2.79899e-11
7.5404e-11
2.01111e-10
5.33133e-10
1.40297e-09
3.63453e-09
9.19657e-09
2.26579e-08
5.58257e-08
1.38301e-07
3.23043e-07
7.43479e-07
1.80667e-06
4.24635e-06
9.74766e-06
2.19914e-05
4.80593e-05
0.000101744
0.000207963
0.000410254
0.000715356
0.00121173
0.00204505
0.0033932
0.00537828
0.00810992
0.0116797
0.0158771
0.0208583
0.026537
0.0327569
0.039321
0.0461165
0.0528487
0.0593949
0.0655725
0.0713917
0.0767014
0.0815579
0.0859664
0.0899341
0.0935513
0.0966869
0.0994661
0.101939
0.104187
0.106361
0.108785
0.112091
0.116967
0.123173
0.128781
0.130099
0.12643
0.118474
0.107222
0.0942557
0.080323
0.0667844
0.054048
0.0424349
0.0320666
0.0229709
0.0151299
0.00850042
0.00249515
3.94438e-28
2.07145e-27
7.33623e-27
2.39139e-26
7.61805e-26
2.40589e-25
7.57408e-25
2.38234e-24
7.49205e-24
2.35751e-23
7.43026e-23
2.33605e-22
7.36253e-22
2.31607e-21
7.32608e-21
2.29391e-20
7.14733e-20
2.28189e-19
7.07423e-19
2.20954e-18
6.82961e-18
2.08387e-17
6.38887e-17
1.93873e-16
5.93933e-16
1.75227e-15
5.29243e-15
1.5474e-14
4.51621e-14
1.33395e-13
3.87954e-13
1.10849e-12
3.0737e-12
8.75055e-12
2.40273e-11
6.61762e-11
1.76006e-10
4.78875e-10
1.26677e-09
3.25718e-09
8.27492e-09
2.06788e-08
5.06556e-08
1.24711e-07
3.0894e-07
7.4586e-07
1.70715e-06
3.91155e-06
9.08348e-06
2.05247e-05
4.54781e-05
9.73659e-05
0.000201081
0.000400746
0.000703286
0.00119557
0.00202457
0.00337127
0.00536074
0.00810447
0.0116952
0.0159207
0.0209407
0.0266498
0.032885
0.0394763
0.0462742
0.0530137
0.0595591
0.0657327
0.0715475
0.0768396
0.0816735
0.0860569
0.0900026
0.0935989
0.0967194
0.0994859
0.101947
0.104184
0.106351
0.10877
0.112067
0.116933
0.123127
0.128773
0.130162
0.12657
0.118683
0.107474
0.0945366
0.0805934
0.067043
0.0542813
0.0426352
0.0322308
0.0230959
0.0152171
0.00855203
0.00251125
2.66938e-28
1.41764e-27
5.07231e-27
1.62761e-26
5.23407e-26
1.64322e-25
5.17008e-25
1.62801e-24
5.13975e-24
1.62525e-23
5.14624e-23
1.62972e-22
5.17517e-22
1.65391e-21
5.26564e-21
1.67374e-20
5.30591e-20
1.67519e-19
5.26244e-19
1.64592e-18
5.06304e-18
1.60011e-17
4.83213e-17
1.50782e-16
4.63972e-16
1.39907e-15
4.19099e-15
1.24572e-14
3.67449e-14
1.07684e-13
3.1574e-13
9.13766e-13
2.58942e-12
7.35984e-12
2.04186e-11
5.5895e-11
1.52377e-10
4.06275e-10
1.12066e-09
2.91001e-09
7.38614e-09
1.82473e-08
4.55281e-08
1.08699e-07
2.72539e-07
6.79768e-07
1.6521e-06
3.61198e-06
8.45711e-06
1.93068e-05
4.30521e-05
9.28817e-05
0.000193422
0.000388646
0.000686054
0.00117243
0.00199555
0.00333771
0.00532777
0.00807963
0.0116878
0.015935
0.0209796
0.0267153
0.0329827
0.0395968
0.0464126
0.053178
0.0597063
0.065872
0.071667
0.0769436
0.0817621
0.0861289
0.0900563
0.0936323
0.0967368
0.099489
0.101938
0.104163
0.106321
0.108727
0.112004
0.116847
0.123013
0.128732
0.130245
0.126785
0.11901
0.107869
0.0949773
0.0810159
0.0674448
0.0546414
0.0429419
0.0324792
0.0232857
0.0153495
0.00863049
0.00253575
1.70923e-28
9.00139e-28
3.17922e-27
1.03337e-26
3.2867e-26
1.03797e-25
3.2739e-25
1.0356e-24
3.32023e-24
1.05828e-23
3.39316e-23
1.08703e-22
3.48948e-22
1.10953e-21
3.61446e-21
1.15013e-20
3.64865e-20
1.17583e-19
3.73894e-19
1.18072e-18
3.75139e-18
1.17745e-17
3.6611e-17
1.13492e-16
3.51265e-16
1.06689e-15
3.21621e-15
9.78394e-15
2.91205e-14
8.52366e-14
2.5488e-13
7.35849e-13
2.10214e-12
6.01898e-12
1.70172e-11
4.63738e-11
1.28549e-10
3.47685e-10
9.38197e-10
2.51005e-09
6.4109e-09
1.61543e-08
3.9993e-08
9.97237e-08
2.43737e-07
6.18249e-07
1.5684e-06
3.52984e-06
7.79875e-06
1.77121e-05
3.97213e-05
8.73922e-05
0.000184012
0.000372597
0.000660229
0.00114162
0.00196501
0.00330133
0.00528678
0.00803936
0.0116609
0.0159284
0.0210008
0.0267682
0.0330678
0.0397114
0.0465652
0.0533278
0.0598733
0.0660184
0.0717855
0.0770465
0.0818462
0.0861919
0.0900986
0.0936533
0.0967397
0.0994752
0.101909
0.104121
0.106265
0.108654
0.111896
0.116702
0.12282
0.128648
0.130348
0.127084
0.119476
0.108436
0.0956111
0.0816247
0.068023
0.0551574
0.0433775
0.0328336
0.0235571
0.0155389
0.00874273
0.00257081
9.47952e-29
4.97724e-28
1.72633e-27
5.49366e-27
1.71747e-26
5.38881e-26
1.6994e-25
5.41231e-25
1.74186e-24
5.65517e-24
1.84911e-23
6.0749e-23
1.99944e-22
6.5435e-22
2.17493e-21
7.12312e-21
2.34522e-20
7.63618e-20
2.49164e-19
8.01537e-19
2.57047e-18
8.194e-18
2.59277e-17
8.15114e-17
2.54575e-16
7.88429e-16
2.42254e-15
7.40277e-15
2.23008e-14
6.64102e-14
1.95665e-13
5.72818e-13
1.65241e-12
4.84601e-12
1.37994e-11
3.75065e-11
1.08328e-10
2.94965e-10
7.97463e-10
2.08035e-09
5.4763e-09
1.37815e-08
3.43811e-08
8.6753e-08
2.13391e-07
5.51999e-07
1.37402e-06
3.39141e-06
7.46463e-06
1.60899e-05
3.65568e-05
8.05827e-05
0.00017315
0.000355326
0.000636631
0.00110447
0.00191641
0.00324678
0.00523038
0.00798593
0.011622
0.0159123
0.0210162
0.0268207
0.0331556
0.0398423
0.046719
0.0535116
0.0600426
0.0661799
0.0719281
0.077166
0.0819426
0.0862655
0.0901458
0.0936689
0.0967311
0.0994462
0.101862
0.104058
0.106185
0.108548
0.111741
0.116492
0.122544
0.128514
0.130468
0.127471
0.120091
0.109195
0.096464
0.0824526
0.0688136
0.0558665
0.0439794
0.0333256
0.0239322
0.0157999
0.00889701
0.00261902
6.25627e-29
3.34257e-28
1.13534e-27
3.5019e-27
1.06371e-26
3.26357e-26
1.02205e-25
3.27671e-25
1.07183e-24
3.5358e-24
1.15748e-23
3.98931e-23
1.32604e-22
4.51847e-22
1.5028e-21
4.99445e-21
1.64918e-20
5.40475e-20
1.76046e-19
5.70627e-19
1.84658e-18
5.92684e-18
1.89146e-17
5.90186e-17
1.89676e-16
5.87702e-16
1.81264e-15
5.50857e-15
1.67957e-14
5.00702e-14
1.48602e-13
4.49556e-13
1.30862e-12
3.8299e-12
1.09465e-11
3.08927e-11
8.62921e-11
2.37209e-10
6.4952e-10
1.74383e-09
4.53526e-09
1.16354e-08
2.92455e-08
7.35321e-08
1.86741e-07
4.81001e-07
1.21743e-06
2.96559e-06
7.12302e-06
1.55646e-05
3.32694e-05
7.3854e-05
0.000158707
0.000322815
0.000618082
0.00106932
0.00186171
0.00317515
0.00515078
0.00790959
0.0115626
0.0158802
0.0210266
0.0268855
0.03329
0.0400248
0.0469148
0.0537378
0.0602563
0.0663773
0.0720946
0.0773108
0.0820615
0.0863576
0.0902154
0.0936602
0.0967077
0.099404
0.101801
0.103978
0.106084
0.108415
0.111547
0.116226
0.122191
0.128325
0.130591
0.127928
0.120841
0.110147
0.0975372
0.083522
0.0698406
0.056794
0.0447755
0.0339682
0.0244207
0.016139
0.00909702
0.00268156
9.43776e-29
4.93763e-28
1.64205e-27
4.90747e-27
1.41012e-26
4.04726e-26
1.1552e-25
3.27298e-25
9.5973e-25
2.95587e-24
9.35724e-24
3.02499e-23
9.89415e-23
3.30914e-22
1.09347e-21
3.61477e-21
1.19363e-20
3.93323e-20
1.2942e-19
4.22045e-19
1.36732e-18
4.40166e-18
1.40948e-17
4.48152e-17
1.41583e-16
4.42535e-16
1.36992e-15
4.19997e-15
1.27594e-14
3.84898e-14
1.1508e-13
3.45644e-13
1.01892e-12
2.97212e-12
8.59481e-12
2.4446e-11
6.87619e-11
1.87382e-10
5.2746e-10
1.44063e-09
3.7648e-09
9.75337e-09
2.46903e-08
6.25414e-08
1.57034e-07
4.07823e-07
1.04752e-06
2.60948e-06
6.23978e-06
1.43593e-05
2.92253e-05
6.51278e-05
0.000138996
0.000289904
0.000568104
0.0010403
0.00181134
0.00310285
0.00506948
0.00783406
0.0115093
0.0158642
0.02106
0.02697
0.0334309
0.0402229
0.047151
0.0539949
0.0605189
0.0666297
0.072325
0.0774997
0.0822115
0.0864695
0.0902889
0.0936875
0.0967012
0.0993684
0.101739
0.103893
0.105972
0.108265
0.111323
0.115902
0.121768
0.128075
0.130689
0.128393
0.121604
0.111345
0.0988493
0.0848046
0.0710782
0.0579151
0.0457365
0.0347389
0.0250086
0.0165494
0.0093395
0.00275772
1.73815e-28
9.27544e-28
3.43584e-27
1.17022e-26
3.85037e-26
1.2352e-25
3.83809e-25
1.14965e-24
3.32684e-24
9.40175e-24
2.63375e-23
7.3689e-23
2.07402e-22
5.91158e-22
1.70179e-21
4.89586e-21
1.50625e-20
4.51333e-20
1.37113e-19
4.21768e-19
1.29189e-18
3.96944e-18
1.21882e-17
3.69431e-17
1.16102e-16
3.53509e-16
1.07421e-15
3.31031e-15
9.97781e-15
3.00353e-14
9.01883e-14
2.68053e-13
7.72114e-13
2.29463e-12
6.686e-12
1.9399e-11
5.4969e-11
1.52873e-10
4.23258e-10
1.15021e-09
3.08157e-09
7.86085e-09
2.01185e-08
5.10504e-08
1.31089e-07
3.35334e-07
8.58892e-07
2.14172e-06
5.16288e-06
1.20241e-05
2.78079e-05
5.72478e-05
0.000124358
0.000260644
0.000518379
0.000994922
0.00175292
0.00302312
0.00497864
0.00773893
0.0114365
0.0158336
0.0210973
0.0271025
0.033645
0.0405136
0.0475315
0.0543738
0.0608576
0.0669225
0.0725704
0.0777162
0.0823866
0.0866041
0.0903814
0.0937419
0.0967169
0.0993514
0.101695
0.103825
0.105883
0.108149
0.111164
0.115551
0.121346
0.127813
0.130782
0.128879
0.122456
0.112522
0.100211
0.0862056
0.0724055
0.0591268
0.0468022
0.0356011
0.0256569
0.0170001
0.00960344
0.00284036
1.73733e-28
1.00067e-27
4.14714e-27
1.56563e-26
5.53813e-26
1.88002e-25
5.96583e-25
1.81415e-24
5.38201e-24
1.57785e-23
4.62899e-23
1.2591e-22
3.38187e-22
9.28645e-22
2.52603e-21
7.03528e-21
1.97632e-20
5.60851e-20
1.60389e-19
4.62929e-19
1.34571e-18
3.93638e-18
1.15621e-17
3.40852e-17
1.01731e-16
3.02984e-16
9.00688e-16
2.67986e-15
7.92726e-15
2.33842e-14
6.89062e-14
2.03539e-13
5.91364e-13
1.72104e-12
5.0363e-12
1.42614e-11
4.12179e-11
1.16106e-10
3.19959e-10
9.02554e-10
2.39464e-09
6.17766e-09
1.58496e-08
3.95482e-08
9.60816e-08
2.48738e-07
6.47561e-07
1.65435e-06
4.11504e-06
1.00047e-05
2.32959e-05
5.31911e-05
0.000107836
0.00022655
0.000467335
0.00090389
0.00163657
0.00288364
0.00482455
0.00762757
0.0113714
0.0158286
0.0211684
0.0272548
0.0338858
0.0408388
0.0479037
0.0547369
0.061213
0.0672687
0.0728373
0.0779345
0.0825642
0.0867338
0.0904689
0.0937927
0.0967384
0.0993479
0.10167
0.103782
0.105822
0.108066
0.111038
0.115359
0.121097
0.127651
0.130864
0.129258
0.123109
0.113384
0.101216
0.0872662
0.0734462
0.0600783
0.047638
0.0363445
0.026258
0.0174178
0.0098469
0.00291796
)
;

boundaryField
{
    fuel
    {
        type            fixedValue;
        value           uniform 0;
    }
    air
    {
        type            fixedValue;
        value           uniform 0;
    }
    outlet
    {
        type            inletOutlet;
        inletValue      uniform 0;
        value           nonuniform List<scalar> 
200
(
0
0
0
0
0
0
0
0
0
0
4.4811e-23
1.22812e-22
3.31987e-22
8.99878e-22
2.45923e-21
6.77016e-21
1.87331e-20
5.38899e-20
1.53101e-19
4.39677e-19
1.26865e-18
3.63021e-18
1.11144e-17
3.26833e-17
9.74959e-17
2.90134e-16
8.53315e-16
2.58675e-15
7.6398e-15
2.25642e-14
6.66388e-14
1.96504e-13
5.73342e-13
1.66249e-12
4.79579e-12
1.33729e-11
3.78482e-11
1.0867e-10
3.04369e-10
8.44225e-10
2.26114e-09
5.94356e-09
1.52872e-08
3.83962e-08
9.40737e-08
2.41337e-07
6.30019e-07
1.6199e-06
4.05561e-06
9.80781e-06
2.28095e-05
5.17308e-05
0.00010522
0.000222686
0.000455659
0.000884661
0.00160541
0.00283728
0.00475143
0.00752225
0.0112379
0.0156758
0.0210038
0.0270871
0.0337265
0.040683
0.0477565
0.0545989
0.06108
0.0671357
0.0727266
0.0778305
0.0824706
0.0866494
0.0903868
0.0937157
0.0966673
0.0992822
0.101609
0.103726
0.105765
0.108
0.11095
0.115243
0.120956
0.127536
0.130831
0.129308
0.123234
0.113557
0.101412
0.0874619
0.073632
0.0602368
0.0477694
0.0364498
0.0263385
0.0174745
0.00988096
0.00292875
0
0
0
0
0
0
0
0
0
0
4.62899e-23
1.2591e-22
3.38187e-22
9.28645e-22
2.52603e-21
7.03528e-21
1.97632e-20
5.60851e-20
1.60389e-19
4.62929e-19
1.34571e-18
3.93638e-18
1.15621e-17
3.40852e-17
1.01731e-16
3.02984e-16
9.00688e-16
2.67986e-15
7.92726e-15
2.33842e-14
6.89062e-14
2.03539e-13
5.91364e-13
1.72104e-12
5.0363e-12
1.42614e-11
4.12179e-11
1.16106e-10
3.19959e-10
9.02554e-10
2.39464e-09
6.17766e-09
1.58496e-08
3.95482e-08
9.60816e-08
2.48738e-07
6.47561e-07
1.65435e-06
4.11504e-06
1.00047e-05
2.32959e-05
5.31911e-05
0.000107836
0.00022655
0.000467335
0.00090389
0.00163657
0.00288364
0.00482455
0.00762757
0.0113714
0.0158286
0.0211684
0.0272548
0.0338858
0.0408388
0.0479037
0.0547369
0.061213
0.0672687
0.0728373
0.0779345
0.0825642
0.0867338
0.0904689
0.0937927
0.0967384
0.0993479
0.10167
0.103782
0.105822
0.108066
0.111038
0.115359
0.121097
0.127651
0.130864
0.129258
0.123109
0.113384
0.101216
0.0872662
0.0734462
0.0600783
0.047638
0.0363445
0.026258
0.0174178
0.0098469
0.00291796
)
;
    }
    frontAndBack
    {
        type            empty;
    }
    internal
    {
        type            internal;
    }
}


// ************************************************************************* //
