/*--------------------------------*- C++ -*----------------------------------*\
  =========                 |
  \\      /  F ield         | OpenFOAM: The Open Source CFD Toolbox
   \\    /   O peration     | Website:  https://openfoam.org
    \\  /    A nd           | Version:  10
     \\/     M anipulation  |
\*---------------------------------------------------------------------------*/
FoamFile
{
    format      ascii;
    class       volScalarField;
    location    "1";
    object      H;
}
// * * * * * * * * * * * * * * * * * * * * * * * * * * * * * * * * * * * * * //

dimensions      [0 0 0 0 0 0 0];

internalField   nonuniform List<scalar> 
4000
(
5.96399e-33
1.49941e-32
2.56896e-32
4.10811e-32
6.34833e-32
8.6757e-32
1.15436e-31
1.48516e-31
1.88318e-31
2.343e-31
2.80429e-31
3.07656e-31
3.28761e-31
3.41932e-31
3.57835e-31
3.74278e-31
3.83384e-31
3.90464e-31
4.07319e-31
4.27304e-31
4.44109e-31
4.70958e-31
5.14685e-31
5.67168e-31
6.87895e-31
9.36036e-31
1.59107e-30
3.40368e-30
8.50285e-30
2.31992e-29
6.59966e-29
1.9064e-28
5.50191e-28
1.58283e-27
4.54706e-27
1.26601e-26
3.58736e-26
1.03442e-25
2.92083e-25
8.19588e-25
2.23126e-24
6.01111e-24
1.60141e-23
4.23674e-23
1.12118e-22
3.2604e-22
1.02102e-21
3.36627e-21
1.15556e-20
4.03234e-20
1.38465e-19
4.66657e-19
1.3499e-18
4.21508e-18
1.31206e-17
4.1358e-17
1.31394e-16
4.5864e-16
1.66781e-15
6.20256e-15
2.34298e-14
8.59832e-14
3.29262e-13
1.31166e-12
5.74872e-12
2.69969e-11
1.22552e-10
4.93911e-10
1.75178e-09
5.52659e-09
1.57669e-08
4.11124e-08
9.80478e-08
2.12575e-07
4.22214e-07
7.93495e-07
1.52496e-06
2.88923e-06
5.23497e-06
8.97947e-06
1.46254e-05
2.28195e-05
3.37299e-05
4.76163e-05
6.63689e-05
8.26195e-05
7.78406e-05
6.26766e-05
4.54855e-05
3.03808e-05
1.87636e-05
1.03806e-05
5.25409e-06
2.37712e-06
9.56767e-07
3.42897e-07
1.09339e-07
3.07057e-08
7.52194e-09
1.14231e-09
2.18953e-33
1.51448e-32
2.59162e-32
5.03611e-32
7.45045e-32
9.15169e-32
1.11823e-31
1.32473e-31
1.62968e-31
1.97598e-31
2.23379e-31
2.49063e-31
2.72241e-31
2.85623e-31
3.01593e-31
3.19142e-31
3.30605e-31
3.44763e-31
3.5988e-31
3.81684e-31
4.02468e-31
4.24833e-31
4.70776e-31
5.25023e-31
6.4858e-31
8.91363e-31
1.54026e-30
3.44452e-30
9.00959e-30
2.5434e-29
7.39129e-29
2.27027e-28
6.66334e-28
1.93101e-27
5.573e-27
1.58934e-26
4.60466e-26
1.29701e-25
3.65496e-25
1.01012e-24
2.77394e-24
7.43112e-24
1.99466e-23
5.30054e-23
1.47592e-22
4.3879e-22
1.37752e-21
4.54532e-21
1.57075e-20
5.56187e-20
1.72593e-19
5.02307e-19
1.59507e-18
4.85156e-18
1.49118e-17
4.73093e-17
1.44869e-16
4.91119e-16
1.74154e-15
6.29594e-15
2.33492e-14
8.42727e-14
3.16851e-13
1.23762e-12
5.32251e-12
2.48217e-11
1.12969e-10
4.61683e-10
1.6543e-09
5.27655e-09
1.52341e-08
4.00915e-08
9.64107e-08
2.10967e-07
4.22521e-07
7.98363e-07
1.53842e-06
2.92166e-06
5.30569e-06
9.1205e-06
1.48745e-05
2.32419e-05
3.43769e-05
4.85568e-05
6.77141e-05
8.28885e-05
7.73046e-05
6.18139e-05
4.45623e-05
2.9586e-05
1.81505e-05
9.96196e-06
4.99644e-06
2.24265e-06
8.95135e-07
3.1791e-07
1.00478e-07
2.8069e-08
6.85424e-09
1.03818e-09
1.26228e-32
2.31893e-32
4.04227e-32
5.92488e-32
9.27097e-32
1.05145e-31
1.18891e-31
1.36807e-31
1.59872e-31
1.71241e-31
1.89828e-31
2.03411e-31
2.16856e-31
2.29056e-31
2.37012e-31
2.49525e-31
2.57107e-31
2.71471e-31
2.96389e-31
3.20352e-31
3.49429e-31
3.83837e-31
4.31473e-31
5.0079e-31
6.20161e-31
9.03769e-31
1.60164e-30
3.72991e-30
1.00706e-29
2.91708e-29
8.89628e-29
2.64684e-28
7.75682e-28
2.29606e-27
6.76043e-27
1.94772e-26
5.52667e-26
1.5596e-25
4.37321e-25
1.19935e-24
3.2653e-24
8.45216e-24
2.36865e-23
6.22229e-23
1.80515e-22
5.30576e-22
1.68933e-21
5.59103e-21
1.88574e-20
6.55995e-20
2.02546e-19
5.95484e-19
1.87315e-18
5.78345e-18
1.70647e-17
5.04556e-17
1.51716e-16
5.09009e-16
1.78476e-15
6.38662e-15
2.33608e-14
8.31333e-14
3.0695e-13
1.17275e-12
4.96822e-12
2.30177e-11
1.04888e-10
4.32147e-10
1.57164e-09
5.06729e-09
1.48067e-08
3.92416e-08
9.51772e-08
2.10081e-07
4.24491e-07
8.07754e-07
1.56125e-06
2.97266e-06
5.413e-06
9.3288e-06
1.52546e-05
2.38578e-05
3.53055e-05
4.99892e-05
6.98502e-05
8.33048e-05
7.65242e-05
6.05512e-05
4.33077e-05
2.84821e-05
1.73064e-05
9.40216e-06
4.67085e-06
2.07536e-06
8.21224e-07
2.88966e-07
9.0741e-08
2.51989e-08
6.12466e-09
9.25337e-10
7.30291e-33
1.68641e-32
3.23709e-32
4.46738e-32
5.81903e-32
7.11172e-32
7.63859e-32
8.32553e-32
1.01084e-31
1.19294e-31
1.36343e-31
1.47794e-31
1.61021e-31
1.77659e-31
1.93832e-31
2.12655e-31
2.34046e-31
2.54078e-31
2.76223e-31
2.95171e-31
3.26266e-31
3.83043e-31
4.40027e-31
4.88943e-31
6.16574e-31
9.33349e-31
1.77614e-30
4.29087e-30
1.16848e-29
3.57002e-29
1.06404e-28
3.19023e-28
9.46114e-28
2.79983e-27
8.21861e-27
2.36539e-26
6.69125e-26
1.89401e-25
5.20329e-25
1.45386e-24
3.93483e-24
1.04248e-23
2.83613e-23
7.47909e-23
2.08183e-22
6.32317e-22
2.00936e-21
6.60037e-21
2.28321e-20
7.08233e-20
2.16941e-19
7.17712e-19
2.25311e-18
6.69003e-18
1.93998e-17
5.2437e-17
1.5831e-16
5.26628e-16
1.82741e-15
6.44399e-15
2.32958e-14
8.19826e-14
2.99063e-13
1.12803e-12
4.71393e-12
2.16945e-11
9.8959e-11
4.11017e-10
1.50732e-09
4.90254e-09
1.44473e-08
3.85796e-08
9.43208e-08
2.09706e-07
4.26553e-07
8.2379e-07
1.5931e-06
3.03883e-06
5.54257e-06
9.56499e-06
1.56463e-05
2.44672e-05
3.61859e-05
5.17528e-05
7.23448e-05
8.38069e-05
7.58102e-05
5.94307e-05
4.22323e-05
2.73462e-05
1.64854e-05
8.8911e-06
4.37217e-06
1.92257e-06
7.52324e-07
2.62915e-07
8.1993e-08
2.26297e-08
5.47505e-09
8.2501e-10
4.97858e-33
1.21067e-32
1.82976e-32
2.85044e-32
3.92802e-32
4.74561e-32
6.06908e-32
6.95928e-32
8.34304e-32
9.95795e-32
1.13329e-31
1.2784e-31
1.43103e-31
1.59886e-31
1.83034e-31
2.1017e-31
2.33636e-31
2.50384e-31
2.76743e-31
2.99354e-31
3.29677e-31
3.83319e-31
4.26382e-31
4.90415e-31
6.31725e-31
9.91432e-31
2.05038e-30
5.22259e-30
1.47949e-29
4.38628e-29
1.31495e-28
4.02282e-28
1.18695e-27
3.49731e-27
1.0139e-26
2.90194e-26
8.1572e-26
2.24334e-25
6.30082e-25
1.72214e-24
4.61441e-24
1.22381e-23
3.21213e-23
8.72675e-23
2.41717e-22
7.31701e-22
2.29915e-21
7.64567e-21
2.40031e-20
7.37852e-20
2.5042e-19
8.15873e-19
2.57423e-18
7.7886e-18
2.02665e-17
5.48359e-17
1.65092e-16
5.42672e-16
1.86113e-15
6.5107e-15
2.33173e-14
8.13469e-14
2.93701e-13
1.09488e-12
4.52733e-12
2.07435e-11
9.50986e-11
3.97138e-10
1.46656e-09
4.79761e-09
1.42366e-08
3.82341e-08
9.40011e-08
2.10306e-07
4.30558e-07
8.36116e-07
1.62035e-06
3.09688e-06
5.65633e-06
9.77292e-06
1.60142e-05
2.50665e-05
3.70879e-05
5.30954e-05
7.43013e-05
8.41215e-05
7.51195e-05
5.83808e-05
4.11904e-05
2.64977e-05
1.58543e-05
8.48883e-06
4.13749e-06
1.80331e-06
6.99716e-07
2.42842e-07
7.52702e-08
2.06621e-08
4.97577e-09
7.48131e-10
2.51371e-33
7.81834e-33
1.59376e-32
2.67459e-32
3.58788e-32
4.5282e-32
5.61421e-32
6.61564e-32
7.14147e-32
8.12753e-32
9.51097e-32
1.14564e-31
1.31812e-31
1.45903e-31
1.67817e-31
1.96359e-31
2.18981e-31
2.49211e-31
2.78347e-31
3.22372e-31
3.84471e-31
4.23071e-31
4.76244e-31
5.38582e-31
7.00173e-31
1.14352e-30
2.48679e-30
6.49984e-30
1.88893e-29
5.55269e-29
1.63598e-28
5.05211e-28
1.47198e-27
4.26789e-27
1.21125e-26
3.48384e-26
9.63172e-26
2.60183e-25
7.40962e-25
2.07109e-24
5.41809e-24
1.40485e-23
3.69389e-23
9.89895e-23
2.78837e-22
8.24516e-22
2.66962e-21
8.11931e-21
2.51849e-20
8.3541e-20
2.8039e-19
9.07967e-19
2.78802e-18
8.32725e-18
2.15381e-17
5.75447e-17
1.70448e-16
5.57108e-16
1.88806e-15
6.54393e-15
2.32503e-14
8.05634e-14
2.88747e-13
1.06806e-12
4.38827e-12
2.00582e-11
9.19565e-11
3.85271e-10
1.4321e-09
4.71675e-09
1.40787e-08
3.79595e-08
9.37393e-08
2.10736e-07
4.3346e-07
8.45279e-07
1.64052e-06
3.13941e-06
5.74241e-06
9.93536e-06
1.62957e-05
2.55186e-05
3.77453e-05
5.40519e-05
7.56793e-05
8.42755e-05
7.45319e-05
5.75324e-05
4.03602e-05
2.58418e-05
1.53672e-05
8.18711e-06
3.96353e-06
1.71615e-06
6.62229e-07
2.28569e-07
7.04954e-08
1.92664e-08
4.62397e-09
6.93906e-10
1.95241e-33
7.05368e-33
1.23823e-32
1.93564e-32
2.50207e-32
3.22506e-32
4.14879e-32
5.22354e-32
6.96855e-32
8.49387e-32
1.02636e-31
1.19289e-31
1.35416e-31
1.54702e-31
1.71292e-31
1.92768e-31
2.14572e-31
2.36621e-31
2.57955e-31
2.88083e-31
3.34078e-31
3.84369e-31
4.25891e-31
5.21071e-31
7.57669e-31
1.34577e-30
3.02269e-30
7.89751e-30
2.34925e-29
6.96451e-29
2.05629e-28
6.04788e-28
1.77444e-27
5.13627e-27
1.45377e-26
4.13426e-26
1.16547e-25
3.11981e-25
8.83343e-25
2.37281e-24
6.22692e-24
1.62429e-23
4.20016e-23
1.11738e-22
3.07495e-22
9.13546e-22
2.81425e-21
8.14079e-21
2.73968e-20
9.22675e-20
3.04361e-19
9.70554e-19
2.94645e-18
8.70991e-18
2.2397e-17
5.96017e-17
1.74717e-16
5.6606e-16
1.90496e-15
6.5532e-15
2.3123e-14
7.96684e-14
2.83863e-13
1.04372e-12
4.26521e-12
1.94653e-11
8.93524e-11
3.7524e-10
1.40222e-09
4.6397e-09
1.39109e-08
3.7639e-08
9.33023e-08
2.10583e-07
4.34838e-07
8.50798e-07
1.6535e-06
3.16753e-06
5.80047e-06
1.00469e-05
1.64904e-05
2.5829e-05
3.81935e-05
5.46894e-05
7.65767e-05
8.43338e-05
7.40856e-05
5.69114e-05
3.97579e-05
2.53705e-05
1.50181e-05
7.97361e-06
3.84106e-06
1.65499e-06
6.35822e-07
2.18587e-07
6.71729e-08
1.82997e-08
4.3811e-09
6.56541e-10
4.26444e-33
9.24889e-33
1.72694e-32
2.89983e-32
3.81789e-32
4.90576e-32
5.75214e-32
6.82529e-32
7.98306e-32
9.29593e-32
1.06123e-31
1.26877e-31
1.48203e-31
1.6933e-31
1.85172e-31
2.07398e-31
2.35778e-31
2.5855e-31
2.83246e-31
3.18506e-31
3.46841e-31
3.82811e-31
4.35156e-31
5.44782e-31
8.22814e-31
1.55728e-30
3.70174e-30
9.9763e-30
2.83676e-29
8.288e-29
2.47403e-28
7.35542e-28
2.13294e-27
6.10193e-27
1.70572e-26
4.79295e-26
1.33924e-25
3.54917e-25
9.87857e-25
2.69013e-24
7.02768e-24
1.80811e-23
4.74564e-23
1.24966e-22
3.46394e-22
1.02588e-21
2.94127e-21
8.98503e-21
3.00913e-20
1.00664e-19
3.31077e-19
1.03764e-18
3.10501e-18
9.07249e-18
2.31565e-17
6.11757e-17
1.77897e-16
5.7194e-16
1.91007e-15
6.52473e-15
2.28823e-14
7.84736e-14
2.78162e-13
1.01783e-12
4.13336e-12
1.88063e-11
8.66741e-11
3.65047e-10
1.37114e-09
4.554e-09
1.37068e-08
3.72106e-08
9.25404e-08
2.09635e-07
4.34426e-07
8.52569e-07
1.6581e-06
3.17949e-06
5.82868e-06
1.01082e-05
1.66018e-05
2.6011e-05
3.84594e-05
5.50661e-05
7.71007e-05
8.43472e-05
7.37855e-05
5.65022e-05
3.93614e-05
2.50602e-05
1.47875e-05
7.83282e-06
3.76028e-06
1.61463e-06
6.18348e-07
2.11993e-07
6.49819e-08
1.76627e-08
4.22114e-09
6.31939e-10
4.17445e-33
1.24667e-32
2.22708e-32
3.50378e-32
4.21104e-32
5.1909e-32
6.18335e-32
7.53168e-32
8.87775e-32
1.05446e-31
1.10576e-31
1.24195e-31
1.45572e-31
1.64371e-31
1.8897e-31
2.09826e-31
2.34568e-31
2.64501e-31
2.91231e-31
3.09666e-31
3.38523e-31
3.85251e-31
4.44029e-31
5.79406e-31
9.05824e-31
1.81235e-30
4.41905e-30
1.21584e-29
3.49453e-29
1.01177e-28
2.95368e-28
8.65958e-28
2.49232e-27
7.1042e-27
1.9987e-26
5.53487e-26
1.52194e-25
3.99741e-25
1.10521e-24
2.96633e-24
7.77507e-24
2.01636e-23
5.23757e-23
1.38921e-22
3.65232e-22
9.92465e-22
3.0807e-21
9.9111e-21
3.282e-20
1.09462e-19
3.53587e-19
1.09343e-18
3.23505e-18
9.36053e-18
2.37023e-17
6.22547e-17
1.79807e-16
5.73942e-16
1.90288e-15
6.4558e-15
2.24894e-14
7.66293e-14
2.70358e-13
9.82572e-13
3.97224e-12
1.80627e-11
8.32147e-11
3.52853e-10
1.33045e-09
4.44276e-09
1.34175e-08
3.65889e-08
9.14073e-08
2.07881e-07
4.32327e-07
8.50855e-07
1.65536e-06
3.17685e-06
5.83029e-06
1.01259e-05
1.66422e-05
2.60868e-05
3.85795e-05
5.52416e-05
7.73481e-05
8.43482e-05
7.36217e-05
5.62747e-05
3.9137e-05
2.48815e-05
1.46529e-05
7.74992e-06
3.71222e-06
1.59043e-06
6.07814e-07
2.07989e-07
6.36476e-08
1.72738e-08
4.12334e-09
6.16884e-10
4.05232e-33
1.25348e-32
2.15518e-32
3.03141e-32
3.76572e-32
4.69682e-32
5.96086e-32
7.33575e-32
8.85077e-32
1.03081e-31
1.17764e-31
1.40339e-31
1.59591e-31
1.78336e-31
2.06544e-31
2.34368e-31
2.59205e-31
2.80557e-31
3.18376e-31
3.5086e-31
3.71277e-31
4.02153e-31
4.72936e-31
6.20684e-31
1.01465e-30
2.06152e-30
5.14216e-30
1.42186e-29
4.14617e-29
1.21327e-28
3.52509e-28
1.01153e-27
2.87341e-27
8.10089e-27
2.24834e-26
6.15974e-26
1.66745e-25
4.40158e-25
1.23131e-24
3.2469e-24
8.34365e-24
2.15403e-23
5.56595e-23
1.42445e-22
3.70371e-22
1.09286e-21
3.35531e-21
1.0774e-20
3.57496e-20
1.17701e-19
3.7621e-19
1.15021e-18
3.35873e-18
9.54229e-18
2.40623e-17
6.30243e-17
1.80693e-16
5.72922e-16
1.88758e-15
6.36898e-15
2.2075e-14
7.48083e-14
2.61982e-13
9.47587e-13
3.80811e-12
1.72779e-11
7.98921e-11
3.40364e-10
1.28873e-09
4.31951e-09
1.31042e-08
3.58964e-08
9.00008e-08
2.05369e-07
4.2839e-07
8.45695e-07
1.64562e-06
3.16126e-06
5.80982e-06
1.01082e-05
1.66263e-05
2.60794e-05
3.85874e-05
5.52652e-05
7.73912e-05
8.43463e-05
7.35673e-05
5.61913e-05
3.90477e-05
2.48049e-05
1.45918e-05
7.71109e-06
3.68894e-06
1.57839e-06
6.02475e-07
2.05939e-07
6.29561e-08
1.70703e-08
4.07177e-09
6.08915e-10
4.19972e-33
1.31879e-32
2.44469e-32
3.07341e-32
3.76833e-32
4.59636e-32
5.30103e-32
6.14999e-32
7.28147e-32
8.6055e-32
1.06736e-31
1.282e-31
1.47399e-31
1.7048e-31
1.83643e-31
2.00761e-31
2.16408e-31
2.33976e-31
2.68055e-31
3.16293e-31
3.54416e-31
3.95498e-31
4.70961e-31
6.52497e-31
1.1052e-30
2.34747e-30
5.86667e-30
1.62025e-29
4.71235e-29
1.37694e-28
3.99178e-28
1.14311e-27
3.22554e-27
9.10781e-27
2.50469e-26
6.82575e-26
1.83987e-25
4.85192e-25
1.34177e-24
3.49229e-24
8.92069e-24
2.26704e-23
5.73281e-23
1.45811e-22
4.04868e-22
1.18608e-21
3.65169e-21
1.1791e-20
3.8898e-20
1.27651e-19
4.0678e-19
1.24154e-18
3.65749e-18
9.54869e-18
2.4292e-17
6.34541e-17
1.80579e-16
5.68689e-16
1.86106e-15
6.22928e-15
2.14682e-14
7.25306e-14
2.54004e-13
9.13761e-13
3.6512e-12
1.65251e-11
7.65584e-11
3.2744e-10
1.24774e-09
4.19956e-09
1.27774e-08
3.51243e-08
8.83355e-08
2.02343e-07
4.23693e-07
8.38884e-07
1.63199e-06
3.13789e-06
5.77414e-06
1.00646e-05
1.65684e-05
2.60097e-05
3.8511e-05
5.51742e-05
7.72794e-05
8.43437e-05
7.35972e-05
5.62166e-05
3.90603e-05
2.48049e-05
1.45859e-05
7.70508e-06
3.68396e-06
1.5753e-06
6.00934e-07
2.05298e-07
6.27274e-08
1.70001e-08
4.05343e-09
6.06033e-10
3.11449e-33
9.67927e-33
2.16857e-32
2.91854e-32
3.47086e-32
4.49674e-32
5.93598e-32
7.54631e-32
8.5036e-32
9.73334e-32
1.12943e-31
1.30885e-31
1.4483e-31
1.60294e-31
1.75873e-31
1.94991e-31
2.16953e-31
2.4175e-31
2.57434e-31
2.86027e-31
3.22843e-31
3.84571e-31
4.90463e-31
6.95469e-31
1.22105e-30
2.61435e-30
6.54033e-30
1.79009e-29
5.23298e-29
1.51315e-28
4.28027e-28
1.2591e-27
3.57084e-27
9.89316e-27
2.7939e-26
7.52228e-26
1.99521e-25
5.24629e-25
1.41341e-24
3.75363e-24
9.49623e-24
2.39649e-23
6.04098e-23
1.5617e-22
4.34151e-22
1.27117e-21
3.91941e-21
1.26451e-20
4.15987e-20
1.35863e-19
4.30484e-19
1.30538e-18
3.79976e-18
9.48743e-18
2.4476e-17
6.36838e-17
1.79809e-16
5.63037e-16
1.83198e-15
6.11391e-15
2.09567e-14
7.04766e-14
2.45326e-13
8.80687e-13
3.5024e-12
1.58183e-11
7.34361e-11
3.15156e-10
1.20796e-09
4.09027e-09
1.24174e-08
3.42955e-08
8.6611e-08
1.99158e-07
4.18371e-07
8.30417e-07
1.61539e-06
3.108e-06
5.7273e-06
1.00023e-05
1.64814e-05
2.58963e-05
3.83742e-05
5.4999e-05
7.70516e-05
8.43435e-05
7.36931e-05
5.6325e-05
3.91475e-05
2.48601e-05
1.46196e-05
7.72281e-06
3.69222e-06
1.57862e-06
6.021e-07
2.05655e-07
6.28242e-08
1.70232e-08
4.05831e-09
6.06707e-10
2.02151e-33
6.26043e-33
1.67399e-32
2.45233e-32
3.47656e-32
4.72899e-32
6.74618e-32
8.2698e-32
9.04696e-32
1.06736e-31
1.23869e-31
1.37395e-31
1.54444e-31
1.70529e-31
1.88371e-31
2.12987e-31
2.22306e-31
2.35364e-31
2.63495e-31
2.97405e-31
3.51514e-31
4.01775e-31
5.00032e-31
7.0956e-31
1.26427e-30
2.76648e-30
7.05567e-30
1.95147e-29
5.62078e-29
1.67212e-28
4.76641e-28
1.37952e-27
3.88434e-27
1.09175e-26
2.98798e-26
8.02828e-26
2.11753e-25
5.54661e-25
1.49077e-24
3.97822e-24
1.00998e-23
2.55737e-23
6.37782e-23
1.68444e-22
4.57884e-22
1.34041e-21
4.12672e-21
1.32203e-20
4.32089e-20
1.40122e-19
4.40519e-19
1.32494e-18
3.82011e-18
9.42838e-18
2.47179e-17
6.38217e-17
1.78636e-16
5.55626e-16
1.79955e-15
5.9802e-15
2.0469e-14
6.85287e-14
2.37456e-13
8.48511e-13
3.35603e-12
1.51173e-11
7.03055e-11
3.02606e-10
1.16567e-09
3.96433e-09
1.20807e-08
3.35053e-08
8.48666e-08
1.95751e-07
4.12384e-07
8.20853e-07
1.59632e-06
3.07438e-06
5.67332e-06
9.92622e-06
1.63694e-05
2.57458e-05
3.81889e-05
5.47616e-05
7.67352e-05
8.43341e-05
7.3825e-05
5.64848e-05
3.92861e-05
2.49545e-05
1.46817e-05
7.7563e-06
3.70901e-06
1.58608e-06
6.0502e-07
2.06682e-07
6.31446e-08
1.71114e-08
4.07949e-09
6.09877e-10
2.58147e-33
1.18244e-32
1.66359e-32
2.50973e-32
3.35284e-32
4.26506e-32
5.88714e-32
7.14868e-32
8.32188e-32
1.00501e-31
1.14177e-31
1.32736e-31
1.53224e-31
1.77679e-31
2.06894e-31
2.30603e-31
2.44466e-31
2.47329e-31
2.74368e-31
2.96396e-31
3.6128e-31
4.11045e-31
4.86692e-31
6.79998e-31
1.241e-30
2.84431e-30
7.615e-30
2.12756e-29
6.13342e-29
1.77451e-28
5.06008e-28
1.47897e-27
4.10057e-27
1.1559e-26
3.14502e-26
8.45954e-26
2.23779e-25
5.74965e-25
1.57045e-24
4.19727e-24
1.05128e-23
2.64215e-23
6.69758e-23
1.77433e-22
4.77598e-22
1.39622e-21
4.27105e-21
1.36177e-20
4.42892e-20
1.42837e-19
4.46353e-19
1.33477e-18
3.82073e-18
9.36681e-18
2.4868e-17
6.38478e-17
1.77389e-16
5.49036e-16
1.77068e-15
5.85122e-15
1.99278e-14
6.65449e-14
2.30304e-13
8.19214e-13
3.22357e-12
1.44792e-11
6.74335e-11
2.91499e-10
1.12573e-09
3.84532e-09
1.17612e-08
3.27247e-08
8.31894e-08
1.92513e-07
4.06665e-07
8.10949e-07
1.57669e-06
3.03899e-06
5.61485e-06
9.84288e-06
1.62483e-05
2.55806e-05
3.79803e-05
5.44863e-05
7.63644e-05
8.43123e-05
7.397e-05
5.66667e-05
3.94465e-05
2.50664e-05
1.47566e-05
7.79859e-06
3.73119e-06
1.59629e-06
6.09131e-07
2.08141e-07
6.36049e-08
1.72395e-08
4.11053e-09
6.14556e-10
4.68745e-33
1.25718e-32
2.05101e-32
3.13456e-32
3.95081e-32
4.39512e-32
5.04991e-32
5.88661e-32
7.3582e-32
9.64831e-32
1.18855e-31
1.42654e-31
1.66344e-31
1.86773e-31
2.01207e-31
2.20918e-31
2.42617e-31
2.64596e-31
2.73835e-31
2.87017e-31
3.11147e-31
3.61661e-31
4.66246e-31
6.78151e-31
1.28217e-30
2.99179e-30
7.97995e-30
2.24219e-29
6.45076e-29
1.89047e-28
5.45052e-28
1.55699e-27
4.31568e-27
1.21103e-26
3.25235e-26
8.6498e-26
2.34455e-25
6.00039e-25
1.62558e-24
4.27208e-24
1.11246e-23
2.78732e-23
7.08172e-23
1.81072e-22
4.9333e-22
1.43582e-21
4.37872e-21
1.39173e-20
4.51044e-20
1.44887e-19
4.50691e-19
1.34009e-18
3.81628e-18
9.31284e-18
2.49266e-17
6.37023e-17
1.75727e-16
5.41596e-16
1.73904e-15
5.73393e-15
1.94551e-14
6.47491e-14
2.23442e-13
7.93099e-13
3.10478e-12
1.39045e-11
6.48261e-11
2.81075e-10
1.08974e-09
3.73838e-09
1.14735e-08
3.20192e-08
8.16302e-08
1.89427e-07
4.01273e-07
8.01547e-07
1.55799e-06
3.00507e-06
5.55972e-06
9.76316e-06
1.61307e-05
2.54181e-05
3.77724e-05
5.42092e-05
7.59846e-05
8.42833e-05
7.41119e-05
5.68491e-05
3.96092e-05
2.51814e-05
1.48345e-05
7.84253e-06
3.75435e-06
1.60702e-06
6.13502e-07
2.09711e-07
6.41045e-08
1.73796e-08
4.14472e-09
6.19728e-10
3.6961e-33
1.21777e-32
2.2072e-32
3.16076e-32
3.95136e-32
4.92724e-32
5.81901e-32
6.39505e-32
7.46946e-32
8.48718e-32
9.82995e-32
1.24432e-31
1.38568e-31
1.5272e-31
1.76436e-31
2.018e-31
2.26702e-31
2.59689e-31
2.78478e-31
3.00407e-31
3.22571e-31
3.75679e-31
4.8969e-31
7.26918e-31
1.37667e-30
3.16714e-30
8.43409e-30
2.35868e-29
6.71243e-29
1.96964e-28
5.61999e-28
1.60842e-27
4.53097e-27
1.25113e-26
3.40657e-26
9.18135e-26
2.43396e-25
6.47469e-25
1.70574e-24
4.53779e-24
1.14323e-23
2.82747e-23
7.20278e-23
1.84473e-22
5.05372e-22
1.46601e-21
4.45889e-21
1.4134e-20
4.5669e-20
1.46205e-19
4.53287e-19
1.343e-18
3.81029e-18
9.26643e-18
2.49449e-17
6.35108e-17
1.74154e-16
5.34276e-16
1.71057e-15
5.62321e-15
1.90469e-14
6.32737e-14
2.17956e-13
7.72e-13
3.00792e-12
1.34362e-11
6.27007e-11
2.7257e-10
1.05942e-09
3.64804e-09
1.12296e-08
3.14174e-08
8.02919e-08
1.86812e-07
3.96629e-07
7.93408e-07
1.54183e-06
2.97576e-06
5.51141e-06
9.69234e-06
1.60255e-05
2.52715e-05
3.7582e-05
5.39529e-05
7.5629e-05
8.42502e-05
7.42386e-05
5.70155e-05
3.97593e-05
2.52885e-05
1.49081e-05
7.88403e-06
3.77634e-06
1.61727e-06
6.17687e-07
2.11217e-07
6.45851e-08
1.75146e-08
4.17775e-09
6.24731e-10
2.53541e-33
1.18323e-32
2.07924e-32
2.43955e-32
3.16836e-32
4.26966e-32
5.69528e-32
7.61369e-32
8.65531e-32
9.57296e-32
1.07123e-31
1.23454e-31
1.38803e-31
1.56166e-31
1.83369e-31
2.05652e-31
2.16713e-31
2.3981e-31
2.66732e-31
3.09961e-31
3.52992e-31
4.14588e-31
5.41741e-31
7.82785e-31
1.46299e-30
3.37879e-30
8.81399e-30
2.45254e-29
7.0246e-29
2.04738e-28
5.85493e-28
1.68679e-27
4.70581e-27
1.2968e-26
3.52809e-26
9.53849e-26
2.53984e-25
6.66355e-25
1.74236e-24
4.56955e-24
1.15754e-23
2.89693e-23
7.19226e-23
1.86461e-22
5.14982e-22
1.48914e-21
4.51954e-21
1.4298e-20
4.60969e-20
1.47208e-19
4.55208e-19
1.34501e-18
3.8056e-18
9.23211e-18
2.49395e-17
6.33191e-17
1.72816e-16
5.28868e-16
1.68976e-15
5.54395e-15
1.87428e-14
6.20874e-14
2.13404e-13
7.54152e-13
2.93028e-12
1.30645e-11
6.10116e-11
2.65778e-10
1.03564e-09
3.57723e-09
1.10398e-08
3.09511e-08
7.92571e-08
1.84742e-07
3.92916e-07
7.86859e-07
1.52882e-06
2.95208e-06
5.47217e-06
9.63421e-06
1.59388e-05
2.51499e-05
3.74233e-05
5.37373e-05
7.53274e-05
8.42193e-05
7.43421e-05
5.71534e-05
3.98843e-05
2.53782e-05
1.49699e-05
7.91893e-06
3.79488e-06
1.62593e-06
6.21224e-07
2.12493e-07
6.49935e-08
1.76297e-08
4.20593e-09
6.29004e-10
5.06658e-33
1.70424e-32
2.89147e-32
4.04358e-32
4.48951e-32
4.77556e-32
5.6164e-32
7.14082e-32
7.28365e-32
7.75543e-32
8.81869e-32
1.02168e-31
1.20698e-31
1.38357e-31
1.6632e-31
2.0288e-31
2.34653e-31
2.59207e-31
2.95722e-31
3.27967e-31
3.68928e-31
4.17874e-31
5.31939e-31
7.88002e-31
1.47699e-30
3.416e-30
9.07979e-30
2.5484e-29
7.39248e-29
2.11425e-28
6.01581e-28
1.69577e-27
4.80426e-27
1.32081e-26
3.63405e-26
9.82631e-26
2.59393e-25
6.69492e-25
1.76107e-24
4.59452e-24
1.15989e-23
2.89029e-23
7.25651e-23
1.88356e-22
5.21816e-22
1.50584e-21
4.56336e-21
1.44171e-20
4.64124e-20
1.47974e-19
4.56656e-19
1.34676e-18
3.80317e-18
9.20972e-18
2.49333e-17
6.31837e-17
1.71905e-16
5.25014e-16
1.67478e-15
5.48709e-15
1.85275e-14
6.12872e-14
2.1038e-13
7.42446e-13
2.87835e-12
1.28131e-11
5.98632e-11
2.61144e-10
1.019e-09
3.52793e-09
1.09074e-08
3.06202e-08
7.85147e-08
1.8328e-07
3.9028e-07
7.82183e-07
1.51953e-06
2.93514e-06
5.44398e-06
9.59215e-06
1.58757e-05
2.50608e-05
3.73068e-05
5.35786e-05
7.51042e-05
8.41934e-05
7.44156e-05
5.72528e-05
3.9975e-05
2.54436e-05
1.5015e-05
7.94441e-06
3.80845e-06
1.63227e-06
6.23818e-07
2.13431e-07
6.52939e-08
1.77143e-08
4.22669e-09
6.32152e-10
2.93964e-33
8.72639e-33
1.581e-32
2.55137e-32
3.16427e-32
3.84398e-32
4.78691e-32
6.36975e-32
7.07443e-32
8.01181e-32
9.09844e-32
1.05421e-31
1.21633e-31
1.39355e-31
1.60108e-31
1.80998e-31
2.048e-31
2.36821e-31
2.79608e-31
3.28317e-31
3.71325e-31
4.172e-31
5.197e-31
7.92746e-31
1.5018e-30
3.49291e-30
9.24297e-30
2.6192e-29
7.5007e-29
2.154e-28
6.14547e-28
1.76408e-27
4.88535e-27
1.3423e-26
3.68875e-26
9.83629e-26
2.62279e-25
6.79084e-25
1.83122e-24
4.72935e-24
1.17544e-23
2.93461e-23
7.25041e-23
1.91504e-22
5.25464e-22
1.51619e-21
4.59277e-21
1.44981e-20
4.66258e-20
1.48485e-19
4.57678e-19
1.34819e-18
3.80292e-18
9.1997e-18
2.49392e-17
6.31325e-17
1.71478e-16
5.23144e-16
1.66725e-15
5.45773e-15
1.8414e-14
6.08746e-14
2.08834e-13
7.36414e-13
2.85131e-12
1.26821e-11
5.92614e-11
2.58692e-10
1.01025e-09
3.50169e-09
1.0836e-08
3.04452e-08
7.8123e-08
1.82497e-07
3.88863e-07
7.79658e-07
1.51451e-06
2.92598e-06
5.42868e-06
9.56913e-06
1.58411e-05
2.50116e-05
3.72419e-05
5.34899e-05
7.4979e-05
8.4178e-05
7.44557e-05
5.73075e-05
4.00248e-05
2.54796e-05
1.50398e-05
7.95842e-06
3.8159e-06
1.63576e-06
6.25248e-07
2.13946e-07
6.54584e-08
1.77607e-08
4.23803e-09
6.33873e-10
2.82362e-33
1.24619e-32
2.11229e-32
3.08369e-32
3.66362e-32
4.37471e-32
5.79917e-32
7.60999e-32
8.7267e-32
9.49866e-32
1.12275e-31
1.23998e-31
1.36921e-31
1.40584e-31
1.5233e-31
1.7624e-31
1.94016e-31
2.26322e-31
2.51689e-31
3.03293e-31
3.56569e-31
4.11928e-31
5.4026e-31
8.25669e-31
1.51682e-30
3.51989e-30
9.35544e-30
2.64586e-29
7.67684e-29
2.21509e-28
6.30138e-28
1.76701e-27
4.98696e-27
1.38722e-26
3.75725e-26
1.00093e-25
2.66558e-25
6.82727e-25
1.84451e-24
4.69815e-24
1.1941e-23
2.96152e-23
7.4055e-23
1.9174e-22
5.27711e-22
1.52282e-21
4.61127e-21
1.45505e-20
4.67712e-20
1.48864e-19
4.58571e-19
1.34994e-18
3.80549e-18
9.20106e-18
2.49661e-17
6.31669e-17
1.71462e-16
5.22871e-16
1.66585e-15
5.4518e-15
1.83905e-14
6.07866e-14
2.08511e-13
7.35209e-13
2.84613e-12
1.26578e-11
5.91522e-11
2.58255e-10
1.00869e-09
3.49714e-09
1.08239e-08
3.04157e-08
7.80579e-08
1.82368e-07
3.88633e-07
7.7925e-07
1.51371e-06
2.92453e-06
5.42629e-06
9.56554e-06
1.58357e-05
2.50041e-05
3.7232e-05
5.34764e-05
7.49599e-05
8.41755e-05
7.44614e-05
5.73153e-05
4.00318e-05
2.54845e-05
1.50431e-05
7.9603e-06
3.81688e-06
1.63621e-06
6.25428e-07
2.1401e-07
6.54783e-08
1.77661e-08
4.23934e-09
6.34069e-10
2.09705e-33
1.04731e-32
2.35053e-32
3.44463e-32
4.22563e-32
5.09266e-32
6.19702e-32
7.69214e-32
9.31952e-32
1.00135e-31
1.02608e-31
1.1424e-31
1.22115e-31
1.41471e-31
1.62453e-31
1.80996e-31
2.06897e-31
2.29625e-31
2.54701e-31
2.93264e-31
3.49476e-31
4.14701e-31
5.38916e-31
8.21547e-31
1.54445e-30
3.55658e-30
9.3464e-30
2.69986e-29
7.72498e-29
2.2227e-28
6.363e-28
1.7972e-27
5.05429e-27
1.38841e-26
3.79253e-26
1.00845e-25
2.68298e-25
6.90994e-25
1.85529e-24
4.72751e-24
1.20016e-23
2.93463e-23
7.49688e-23
1.92487e-22
5.2783e-22
1.52614e-21
4.62113e-21
1.45812e-20
4.6869e-20
1.49169e-19
4.59481e-19
1.35253e-18
3.81262e-18
9.21841e-18
2.50267e-17
6.333e-17
1.72035e-16
5.24816e-16
1.67258e-15
5.47576e-15
1.84781e-14
6.11021e-14
2.09675e-13
7.39669e-13
2.8659e-12
1.27529e-11
5.95861e-11
2.60002e-10
1.01489e-09
3.51579e-09
1.08746e-08
3.05414e-08
7.83402e-08
1.82931e-07
3.89653e-07
7.81061e-07
1.51733e-06
2.93118e-06
5.43742e-06
9.58226e-06
1.5861e-05
2.504e-05
3.72795e-05
5.35414e-05
7.5052e-05
8.41868e-05
7.44314e-05
5.7274e-05
3.99938e-05
2.54571e-05
1.5024e-05
7.94942e-06
3.81103e-06
1.63344e-06
6.24285e-07
2.13594e-07
6.53444e-08
1.77282e-08
4.22999e-09
6.32648e-10
2.47067e-33
7.04744e-33
1.40553e-32
2.26946e-32
3.47457e-32
4.51512e-32
5.01965e-32
6.4903e-32
8.13679e-32
8.94793e-32
9.90797e-32
1.10711e-31
1.2223e-31
1.45711e-31
1.62126e-31
1.92111e-31
2.17991e-31
2.22556e-31
2.39374e-31
2.77052e-31
3.34483e-31
4.12854e-31
5.33017e-31
8.12159e-31
1.5043e-30
3.49781e-30
9.28691e-30
2.65302e-29
7.59944e-29
2.18686e-28
6.23501e-28
1.75639e-27
5.0324e-27
1.37228e-26
3.64512e-26
9.82954e-26
2.62698e-25
6.69107e-25
1.78598e-24
4.76257e-24
1.16856e-23
2.96077e-23
7.29684e-23
1.93056e-22
5.27995e-22
1.52512e-21
4.61998e-21
1.45848e-20
4.69044e-20
1.49358e-19
4.60303e-19
1.35564e-18
3.82344e-18
9.25057e-18
2.51213e-17
6.36233e-17
1.73195e-16
5.28944e-16
1.68717e-15
5.52825e-15
1.86724e-14
6.18055e-14
2.12268e-13
7.4958e-13
2.90957e-12
1.29619e-11
6.05364e-11
2.6383e-10
1.02844e-09
3.55645e-09
1.0985e-08
3.08155e-08
7.8954e-08
1.84162e-07
3.91882e-07
7.85017e-07
1.52523e-06
2.94564e-06
5.4616e-06
9.61855e-06
1.59157e-05
2.51177e-05
3.73819e-05
5.36812e-05
7.52494e-05
8.42099e-05
7.43659e-05
5.7185e-05
3.99124e-05
2.53981e-05
1.49832e-05
7.92628e-06
3.79862e-06
1.62761e-06
6.21892e-07
2.12725e-07
6.50648e-08
1.7649e-08
4.21051e-09
6.29688e-10
5.97222e-33
1.20239e-32
1.71282e-32
2.54743e-32
3.3845e-32
4.12975e-32
5.05771e-32
6.29005e-32
7.64286e-32
8.85965e-32
1.034e-31
1.12806e-31
1.28107e-31
1.4744e-31
1.73504e-31
2.04043e-31
2.28989e-31
2.60246e-31
2.83012e-31
3.12763e-31
3.42435e-31
3.93502e-31
5.02384e-31
7.66955e-31
1.50107e-30
3.51468e-30
9.23466e-30
2.59269e-29
7.52306e-29
2.16195e-28
6.17899e-28
1.74052e-27
4.91062e-27
1.3502e-26
3.68155e-26
9.90338e-26
2.61127e-25
6.69876e-25
1.79443e-24
4.72347e-24
1.17774e-23
2.90634e-23
7.26182e-23
1.9306e-22
5.25917e-22
1.51988e-21
4.60929e-21
1.45661e-20
4.68932e-20
1.49484e-19
4.61206e-19
1.3598e-18
3.83956e-18
9.3009e-18
2.52591e-17
6.40718e-17
1.75034e-16
5.35611e-16
1.71102e-15
5.61444e-15
1.89896e-14
6.295e-14
2.16458e-13
7.65421e-13
2.97906e-12
1.32938e-11
6.20418e-11
2.69869e-10
1.0498e-09
3.61996e-09
1.11568e-08
3.12401e-08
7.99046e-08
1.86037e-07
3.95256e-07
7.90993e-07
1.53716e-06
2.96745e-06
5.498e-06
9.67294e-06
1.59975e-05
2.52334e-05
3.75333e-05
5.3887e-05
7.55379e-05
8.42398e-05
7.42661e-05
5.70514e-05
3.97908e-05
2.53104e-05
1.49226e-05
7.89188e-06
3.78023e-06
1.61898e-06
6.18339e-07
2.11437e-07
6.46512e-08
1.75321e-08
4.18178e-09
6.25325e-10
3.26502e-33
1.05586e-32
1.85717e-32
2.44067e-32
2.78951e-32
3.35935e-32
4.36084e-32
5.65183e-32
6.70835e-32
7.92928e-32
9.88866e-32
1.17066e-31
1.42231e-31
1.67766e-31
1.87517e-31
2.10865e-31
2.37753e-31
2.71174e-31
2.96164e-31
3.20843e-31
3.5847e-31
4.01009e-31
5.11498e-31
7.79884e-31
1.48661e-30
3.41807e-30
9.00188e-30
2.51861e-29
7.29978e-29
2.11504e-28
5.94025e-28
1.72693e-27
4.79552e-27
1.32214e-26
3.61307e-26
9.67673e-26
2.57274e-25
6.65754e-25
1.74037e-24
4.54199e-24
1.16578e-23
2.88511e-23
7.14289e-23
1.90636e-22
5.22571e-22
1.51099e-21
4.58725e-21
1.45158e-20
4.68049e-20
1.49462e-19
4.61983e-19
1.3646e-18
3.86048e-18
9.36961e-18
2.54342e-17
6.46454e-17
1.77439e-16
5.44448e-16
1.74297e-15
5.73106e-15
1.94236e-14
6.45331e-14
2.22299e-13
7.86944e-13
3.07252e-12
1.37386e-11
6.40502e-11
2.77892e-10
1.07788e-09
3.70369e-09
1.13797e-08
3.17899e-08
8.11275e-08
1.88469e-07
3.99626e-07
7.98727e-07
1.55259e-06
2.99562e-06
5.54487e-06
9.7426e-06
1.61021e-05
2.53799e-05
3.77244e-05
5.41457e-05
7.5899e-05
8.42744e-05
7.4137e-05
5.68804e-05
3.96355e-05
2.51987e-05
1.48455e-05
7.84822e-06
3.75701e-06
1.60808e-06
6.1386e-07
2.09814e-07
6.41301e-08
1.73849e-08
4.14563e-09
6.19836e-10
3.47441e-33
9.42821e-33
1.93567e-32
2.51812e-32
3.19201e-32
4.28027e-32
5.90991e-32
6.37103e-32
7.27495e-32
8.47306e-32
1.01688e-31
1.22276e-31
1.42527e-31
1.58184e-31
1.67645e-31
1.90008e-31
2.23661e-31
2.52872e-31
2.82296e-31
3.13805e-31
3.51173e-31
4.28434e-31
5.37072e-31
8.1202e-31
1.48135e-30
3.34413e-30
8.75305e-30
2.43558e-29
7.05192e-29
2.01873e-28
5.74629e-28
1.64906e-27
4.62349e-27
1.27776e-26
3.41207e-26
9.32778e-26
2.4744e-25
6.44315e-25
1.70812e-24
4.53496e-24
1.12663e-23
2.89666e-23
7.19316e-23
1.87964e-22
5.15235e-22
1.49536e-21
4.5504e-21
1.44267e-20
4.66186e-20
1.49213e-19
4.62399e-19
1.36948e-18
3.88526e-18
9.45268e-18
2.56122e-17
6.53191e-17
1.80309e-16
5.55027e-16
1.78122e-15
5.86987e-15
1.99338e-14
6.63599e-14
2.2893e-13
8.12434e-13
3.18597e-12
1.42803e-11
6.64898e-11
2.87506e-10
1.11134e-09
3.80332e-09
1.16494e-08
3.24534e-08
8.2599e-08
1.91379e-07
4.0482e-07
8.07874e-07
1.57081e-06
3.02875e-06
5.59963e-06
9.82296e-06
1.62217e-05
2.55477e-05
3.79426e-05
5.44389e-05
7.63038e-05
8.43058e-05
7.39828e-05
5.66802e-05
3.94551e-05
2.50698e-05
1.4757e-05
7.79792e-06
3.73009e-06
1.59546e-06
6.08695e-07
2.07948e-07
6.35325e-08
1.72163e-08
4.1043e-09
6.13566e-10
4.90972e-33
1.1685e-32
1.69141e-32
2.46433e-32
3.15802e-32
4.14351e-32
5.66826e-32
6.49775e-32
7.66925e-32
9.29744e-32
1.05612e-31
1.22707e-31
1.39718e-31
1.56881e-31
1.79634e-31
2.06352e-31
2.30937e-31
2.70548e-31
3.06786e-31
3.37734e-31
3.7032e-31
4.10755e-31
5.03478e-31
7.56252e-31
1.38247e-30
3.16847e-30
8.42306e-30
2.35515e-29
6.75304e-29
1.93552e-28
5.63945e-28
1.59206e-27
4.43857e-27
1.22955e-26
3.35982e-26
9.06869e-26
2.42539e-25
6.30097e-25
1.67822e-24
4.45286e-24
1.11763e-23
2.8313e-23
7.13374e-23
1.84267e-22
5.06315e-22
1.47258e-21
4.49273e-21
1.42828e-20
4.62654e-20
1.48569e-19
4.61833e-19
1.37225e-18
3.906e-18
9.53466e-18
2.57597e-17
6.59279e-17
1.83259e-16
5.66416e-16
1.82323e-15
6.02402e-15
2.05039e-14
6.84098e-14
2.36398e-13
8.41373e-13
3.31316e-12
1.48822e-11
6.91774e-11
2.98305e-10
1.1496e-09
3.91837e-09
1.19597e-08
3.32171e-08
8.42935e-08
1.94716e-07
4.10672e-07
8.18097e-07
1.59115e-06
3.06564e-06
5.66033e-06
9.91124e-06
1.63528e-05
2.57297e-05
3.81767e-05
5.47486e-05
7.67215e-05
8.43273e-05
7.381e-05
5.64614e-05
3.92596e-05
2.49309e-05
1.46621e-05
7.74407e-06
3.70165e-06
1.58222e-06
6.03266e-07
2.05987e-07
6.29046e-08
1.70393e-08
4.06092e-09
6.0699e-10
4.38173e-33
1.09357e-32
1.77486e-32
2.32174e-32
3.17276e-32
4.09802e-32
5.50103e-32
6.66786e-32
7.78643e-32
8.90189e-32
9.89305e-32
1.14049e-31
1.3141e-31
1.46436e-31
1.70582e-31
2.05515e-31
2.41468e-31
2.60633e-31
2.93732e-31
3.28949e-31
3.68535e-31
4.20823e-31
5.08973e-31
7.32302e-31
1.32826e-30
3.02136e-30
7.90525e-30
2.20468e-29
6.43241e-29
1.84525e-28
5.28193e-28
1.49414e-27
4.24056e-27
1.17663e-26
3.23087e-26
8.68963e-26
2.28739e-25
5.87596e-25
1.60045e-24
4.22365e-24
1.08661e-23
2.73599e-23
6.79421e-23
1.7947e-22
4.94e-22
1.4416e-21
4.41041e-21
1.40648e-20
4.57295e-20
1.47346e-19
4.60236e-19
1.37358e-18
3.92798e-18
9.63013e-18
2.5887e-17
6.65628e-17
1.86547e-16
5.7876e-16
1.86928e-15
6.19639e-15
2.11539e-14
7.07803e-14
2.45165e-13
8.74923e-13
3.46267e-12
1.5596e-11
7.23745e-11
3.10598e-10
1.19282e-09
4.04477e-09
1.22996e-08
3.40437e-08
8.61005e-08
1.98227e-07
4.17029e-07
8.28869e-07
1.61271e-06
3.10466e-06
5.72411e-06
1.00026e-05
1.64872e-05
2.59131e-05
3.84064e-05
5.50515e-05
7.7131e-05
8.43385e-05
7.36291e-05
5.62378e-05
3.90618e-05
2.47916e-05
1.45669e-05
7.69018e-06
3.67317e-06
1.56899e-06
5.97887e-07
2.04055e-07
6.22891e-08
1.68666e-08
4.01872e-09
6.00603e-10
4.31187e-33
8.50778e-33
1.58047e-32
2.3715e-32
3.01061e-32
3.74997e-32
4.69756e-32
5.87081e-32
7.01131e-32
8.95726e-32
1.06093e-31
1.16038e-31
1.26206e-31
1.48069e-31
1.69147e-31
1.95681e-31
2.16808e-31
2.41405e-31
2.6795e-31
3.10068e-31
3.60233e-31
4.12291e-31
4.87996e-31
6.95812e-31
1.25305e-30
2.77943e-30
7.24044e-30
2.0348e-29
5.80777e-29
1.66332e-28
4.83604e-28
1.40759e-27
3.92267e-27
1.11947e-26
3.05414e-26
8.26898e-26
2.21275e-25
5.64883e-25
1.53821e-24
4.08557e-24
1.03042e-23
2.61299e-23
6.49331e-23
1.73086e-22
4.76864e-22
1.3943e-21
4.29148e-21
1.37494e-20
4.49156e-20
1.45459e-19
4.5667e-19
1.37176e-18
3.94857e-18
9.74207e-18
2.59289e-17
6.71187e-17
1.90014e-16
5.94522e-16
1.93001e-15
6.41969e-15
2.19665e-14
7.36137e-14
2.54929e-13
9.10643e-13
3.61726e-12
1.63189e-11
7.55536e-11
3.23169e-10
1.23447e-09
4.16558e-09
1.27054e-08
3.49778e-08
8.80944e-08
2.02106e-07
4.2363e-07
8.39766e-07
1.63472e-06
3.14457e-06
5.78867e-06
1.00928e-05
1.66175e-05
2.60881e-05
3.86231e-05
5.53298e-05
7.74953e-05
8.43372e-05
7.34553e-05
5.60286e-05
3.88793e-05
2.46652e-05
1.44829e-05
7.64218e-06
3.64789e-06
1.55729e-06
5.93151e-07
2.02367e-07
6.17549e-08
1.67175e-08
3.98249e-09
5.95136e-10
4.86897e-33
1.0465e-32
1.8052e-32
2.17591e-32
2.86438e-32
4.05766e-32
5.10606e-32
6.30573e-32
7.31575e-32
9.00807e-32
1.025e-31
1.16077e-31
1.32053e-31
1.50439e-31
1.666e-31
1.90267e-31
2.13396e-31
2.60511e-31
3.02285e-31
3.42164e-31
3.87793e-31
4.50119e-31
5.23324e-31
7.15446e-31
1.22269e-30
2.67187e-30
6.73186e-30
1.85079e-29
5.29867e-29
1.51085e-28
4.46931e-28
1.28708e-27
3.71642e-27
1.03666e-26
2.84533e-26
7.90655e-26
2.09179e-25
5.49704e-25
1.47469e-24
3.89511e-24
9.88002e-24
2.51461e-23
6.32831e-23
1.64205e-22
4.54416e-22
1.33392e-21
4.11551e-21
1.32903e-20
4.36991e-20
1.42496e-19
4.50375e-19
1.3629e-18
3.95719e-18
9.8459e-18
2.5803e-17
6.72512e-17
1.91952e-16
6.03163e-16
1.96528e-15
6.56237e-15
2.25251e-14
7.58107e-14
2.64059e-13
9.46993e-13
3.78205e-12
1.71025e-11
7.90247e-11
3.36646e-10
1.27914e-09
4.30047e-09
1.30558e-08
3.58221e-08
8.99428e-08
2.05707e-07
4.30007e-07
8.49899e-07
1.65466e-06
3.1795e-06
5.84497e-06
1.01711e-05
1.67324e-05
2.62409e-05
3.88078e-05
5.55625e-05
7.77944e-05
8.43251e-05
7.33037e-05
5.58525e-05
3.87283e-05
2.45629e-05
1.44157e-05
7.60554e-06
3.62944e-06
1.54907e-06
5.89911e-07
2.01222e-07
6.13957e-08
1.66182e-08
3.95854e-09
5.91541e-10
1.77259e-33
5.85104e-33
1.22646e-32
1.87302e-32
2.7553e-32
3.66138e-32
5.06622e-32
6.10903e-32
7.29619e-32
8.13537e-32
9.86148e-32
1.13411e-31
1.27348e-31
1.43991e-31
1.58526e-31
1.78955e-31
2.14909e-31
2.41712e-31
2.71788e-31
3.08559e-31
3.5105e-31
4.00135e-31
4.87258e-31
6.76204e-31
1.11786e-30
2.35652e-30
5.99016e-30
1.66701e-29
4.82619e-29
1.38461e-28
4.07977e-28
1.18495e-27
3.36899e-27
9.54443e-27
2.5959e-26
7.22722e-26
1.94915e-25
5.12066e-25
1.39001e-24
3.65399e-24
9.36826e-24
2.38765e-23
6.03271e-23
1.53134e-22
4.27057e-22
1.25794e-21
3.89765e-21
1.26361e-20
4.18053e-20
1.37369e-19
4.38047e-19
1.33744e-18
3.92729e-18
9.93333e-18
2.55286e-17
6.70961e-17
1.93197e-16
6.1094e-16
2.00249e-15
6.71749e-15
2.31805e-14
7.84406e-14
2.74074e-13
9.84634e-13
3.95102e-12
1.79051e-11
8.25739e-11
3.50887e-10
1.32529e-09
4.42977e-09
1.34071e-08
3.66158e-08
9.16312e-08
2.08798e-07
4.35165e-07
8.5811e-07
1.67112e-06
3.20922e-06
5.89152e-06
1.02323e-05
1.68181e-05
2.63522e-05
3.89417e-05
5.57291e-05
7.80011e-05
8.43107e-05
7.31985e-05
5.57386e-05
3.86377e-05
2.45061e-05
1.43811e-05
7.58708e-06
3.62081e-06
1.54556e-06
5.88662e-07
2.00834e-07
6.1288e-08
1.65918e-08
3.95279e-09
5.90732e-10
4.80494e-33
1.2193e-32
1.83832e-32
2.60425e-32
3.88309e-32
5.65216e-32
6.47209e-32
7.31256e-32
8.58362e-32
9.64328e-32
1.0572e-31
1.24554e-31
1.39336e-31
1.58653e-31
1.86347e-31
2.05346e-31
2.30166e-31
2.54433e-31
2.84401e-31
3.06613e-31
3.34884e-31
3.7869e-31
4.55378e-31
6.18031e-31
1.01247e-30
2.10774e-30
5.29123e-30
1.45003e-29
4.25099e-29
1.23961e-28
3.63556e-28
1.0498e-27
3.02853e-27
8.5224e-27
2.36478e-26
6.5197e-26
1.76265e-25
4.73226e-25
1.26227e-24
3.36416e-24
8.72014e-24
2.23953e-23
5.8793e-23
1.50051e-22
3.91804e-22
1.16031e-21
3.5803e-21
1.15492e-20
3.84688e-20
1.26972e-19
4.06307e-19
1.2404e-18
3.59893e-18
1.00623e-17
2.53965e-17
6.67858e-17
1.93716e-16
6.16658e-16
2.03425e-15
6.87152e-15
2.38659e-14
8.0922e-14
2.82929e-13
1.02179e-12
4.12219e-12
1.87135e-11
8.5978e-11
3.63378e-10
1.36666e-09
4.55195e-09
1.37262e-08
3.73806e-08
9.32562e-08
2.11716e-07
4.39666e-07
8.64721e-07
1.68408e-06
3.2313e-06
5.92467e-06
1.02714e-05
1.6869e-05
2.64114e-05
3.9003e-05
5.57985e-05
7.80802e-05
8.43038e-05
7.31707e-05
5.57188e-05
3.86302e-05
2.45099e-05
1.43896e-05
7.59436e-06
3.6264e-06
1.54891e-06
5.90296e-07
2.01503e-07
6.15244e-08
1.66638e-08
3.9715e-09
5.93663e-10
2.37299e-33
7.98924e-33
1.53505e-32
2.929e-32
4.07414e-32
4.70194e-32
5.30412e-32
6.37058e-32
7.92971e-32
8.99437e-32
1.01049e-31
1.16422e-31
1.32253e-31
1.56688e-31
1.84835e-31
2.16559e-31
2.42794e-31
2.67685e-31
2.99587e-31
3.24894e-31
3.49167e-31
4.1167e-31
4.93907e-31
6.30102e-31
9.55499e-31
1.87996e-30
4.59369e-30
1.25563e-29
3.60377e-29
1.03931e-28
3.14653e-28
9.12591e-28
2.60596e-27
7.47025e-27
2.09887e-26
5.79497e-26
1.585e-25
4.31243e-25
1.16632e-24
3.11215e-24
8.14551e-24
2.09261e-23
5.45512e-23
1.46856e-22
3.8566e-22
1.05098e-21
3.27614e-21
1.05711e-20
3.50527e-20
1.16919e-19
3.77104e-19
1.16253e-18
3.4268e-18
9.88307e-18
2.50543e-17
6.60307e-17
1.92827e-16
6.17699e-16
2.04975e-15
6.95851e-15
2.42575e-14
8.26147e-14
2.90435e-13
1.05545e-12
4.28183e-12
1.94509e-11
8.93389e-11
3.75061e-10
1.40526e-09
4.66075e-09
1.40087e-08
3.80183e-08
9.45102e-08
2.13952e-07
4.43095e-07
8.69099e-07
1.69214e-06
3.24375e-06
5.94044e-06
1.02821e-05
1.68752e-05
2.64059e-05
3.89798e-05
5.57564e-05
7.80151e-05
8.43088e-05
7.32392e-05
5.58176e-05
3.87321e-05
2.45947e-05
1.4456e-05
7.63611e-06
3.65111e-06
1.56155e-06
5.95855e-07
2.03618e-07
6.22347e-08
1.6872e-08
4.02412e-09
6.01786e-10
2.36014e-33
7.89279e-33
1.7326e-32
2.88469e-32
4.16095e-32
5.10908e-32
5.81111e-32
6.83313e-32
7.76171e-32
8.93197e-32
1.02913e-31
1.15938e-31
1.33773e-31
1.60442e-31
1.86957e-31
2.24532e-31
2.42644e-31
2.64342e-31
2.9613e-31
3.49325e-31
3.64316e-31
4.0184e-31
4.67185e-31
5.71928e-31
8.47377e-31
1.62328e-30
3.92457e-30
1.05035e-29
3.00817e-29
8.95762e-29
2.65492e-28
7.75826e-28
2.20192e-27
6.42622e-27
1.80926e-26
5.10763e-26
1.39293e-25
3.89208e-25
1.05797e-24
2.79958e-24
7.35367e-24
1.91578e-23
4.96055e-23
1.3251e-22
3.71253e-22
1.06837e-21
3.08197e-21
9.55827e-21
3.20357e-20
1.07054e-19
3.5129e-19
1.09894e-18
3.28446e-18
9.59891e-18
2.45226e-17
6.48988e-17
1.90543e-16
6.14252e-16
2.05153e-15
7.00659e-15
2.45631e-14
8.40995e-14
2.97304e-13
1.08425e-12
4.41278e-12
2.00972e-11
9.20704e-11
3.85678e-10
1.43989e-09
4.75915e-09
1.42604e-08
3.85589e-08
9.54994e-08
2.15378e-07
4.44604e-07
8.69902e-07
1.69303e-06
3.24308e-06
5.93331e-06
1.02566e-05
1.68238e-05
2.63167e-05
3.88456e-05
5.55672e-05
7.77577e-05
8.43241e-05
7.34271e-05
5.60676e-05
3.89743e-05
2.47845e-05
1.45977e-05
7.72292e-06
3.70102e-06
1.58652e-06
6.06676e-07
2.07726e-07
6.35978e-08
1.72678e-08
4.1234e-09
6.17045e-10
3.0403e-33
9.10615e-33
1.74756e-32
2.45627e-32
3.22319e-32
4.16563e-32
5.40705e-32
6.70439e-32
8.1461e-32
9.40042e-32
1.09233e-31
1.24231e-31
1.38707e-31
1.55871e-31
1.74753e-31
2.00176e-31
2.20828e-31
2.53604e-31
2.80599e-31
3.09582e-31
3.46234e-31
3.86631e-31
4.2799e-31
5.23878e-31
7.661e-31
1.39378e-30
3.21552e-30
8.60531e-30
2.46967e-29
7.27955e-29
2.1722e-28
6.42834e-28
1.86525e-27
5.43211e-27
1.54474e-26
4.33357e-26
1.21169e-25
3.31409e-25
9.40352e-25
2.51313e-24
6.59177e-24
1.69486e-23
4.46433e-23
1.14899e-22
3.2437e-22
9.61502e-22
2.97592e-21
8.6656e-21
2.92707e-20
9.88641e-20
3.26924e-19
1.0336e-18
3.12418e-18
9.22541e-18
2.37252e-17
6.31555e-17
1.86714e-16
6.06094e-16
2.03841e-15
7.00605e-15
2.46998e-14
8.49295e-14
3.01491e-13
1.10534e-12
4.52477e-12
2.0644e-11
9.44878e-11
3.95048e-10
1.4668e-09
4.8314e-09
1.44212e-08
3.88872e-08
9.60362e-08
2.15912e-07
4.44301e-07
8.67012e-07
1.68608e-06
3.22707e-06
5.89871e-06
1.01867e-05
1.67011e-05
2.61218e-05
3.85686e-05
5.51837e-05
7.72386e-05
8.43372e-05
7.37578e-05
5.65038e-05
3.93916e-05
2.51069e-05
1.48353e-05
7.86756e-06
3.78351e-06
1.62752e-06
6.24329e-07
2.14359e-07
6.57961e-08
1.79057e-08
4.28331e-09
6.41618e-10
2.64924e-33
7.78851e-33
1.48237e-32
2.53472e-32
3.71388e-32
4.9478e-32
5.72029e-32
6.50772e-32
7.75002e-32
9.42922e-32
1.1338e-31
1.37022e-31
1.54746e-31
1.62532e-31
1.694e-31
1.80701e-31
1.98139e-31
2.17448e-31
2.50503e-31
2.76257e-31
3.08128e-31
3.39208e-31
3.92604e-31
4.92521e-31
6.76618e-31
1.18341e-30
2.62457e-30
6.97339e-30
1.9895e-29
5.82742e-29
1.76943e-28
5.21892e-28
1.52534e-27
4.47361e-27
1.29599e-26
3.61883e-26
1.02794e-25
2.8535e-25
7.91379e-25
2.17846e-24
5.74936e-24
1.50852e-23
3.94232e-23
1.06293e-22
2.90749e-22
8.79646e-22
2.84761e-21
8.53125e-21
2.64091e-20
8.83174e-20
2.94652e-19
9.54964e-19
2.92748e-18
8.72556e-18
2.25166e-17
6.0793e-17
1.82406e-16
5.95799e-16
2.01517e-15
6.96551e-15
2.47068e-14
8.53913e-14
3.04912e-13
1.12536e-12
4.63383e-12
2.11942e-11
9.69847e-11
4.03665e-10
1.49445e-09
4.8961e-09
1.45477e-08
3.91122e-08
9.62632e-08
2.15644e-07
4.42169e-07
8.60151e-07
1.67052e-06
3.19414e-06
5.83338e-06
1.00658e-05
1.64944e-05
2.57993e-05
3.81126e-05
5.45472e-05
7.63622e-05
8.43151e-05
7.42398e-05
5.71528e-05
4.00133e-05
2.55887e-05
1.519e-05
8.08384e-06
3.90699e-06
1.68889e-06
6.5061e-07
2.24264e-07
6.90875e-08
1.88628e-08
4.52366e-09
6.78584e-10
4.72307e-33
1.77498e-32
3.14036e-32
4.29805e-32
4.88446e-32
6.12831e-32
7.21654e-32
8.16211e-32
9.00118e-32
9.46553e-32
1.04016e-31
1.16605e-31
1.36898e-31
1.53701e-31
1.75586e-31
1.89708e-31
2.06166e-31
2.22963e-31
2.50172e-31
2.69111e-31
2.93477e-31
3.3482e-31
3.84753e-31
4.74693e-31
6.49023e-31
1.04023e-30
2.19098e-30
5.5668e-30
1.57438e-29
4.64253e-29
1.3833e-28
4.12739e-28
1.21678e-27
3.6523e-27
1.06402e-26
2.95996e-26
8.76073e-26
2.44465e-25
6.78294e-25
1.81895e-24
4.9434e-24
1.29374e-23
3.40169e-23
9.27081e-23
2.54562e-22
7.78723e-22
2.45343e-21
8.20863e-21
2.51278e-20
7.77813e-20
2.64013e-19
8.60156e-19
2.70867e-18
8.19965e-18
2.14017e-17
5.78739e-17
1.75505e-16
5.80198e-16
1.98135e-15
6.90051e-15
2.46512e-14
8.57358e-14
3.08305e-13
1.14708e-12
4.75398e-12
2.1821e-11
9.9658e-11
4.13823e-10
1.52247e-09
4.96568e-09
1.46801e-08
3.93036e-08
9.63083e-08
2.14712e-07
4.38085e-07
8.48572e-07
1.64616e-06
3.144e-06
5.73593e-06
9.89056e-06
1.61965e-05
2.53338e-05
3.7448e-05
5.36022e-05
7.50247e-05
8.42064e-05
7.48626e-05
5.80252e-05
4.08589e-05
2.62513e-05
1.56798e-05
8.38553e-06
4.08061e-06
1.77588e-06
6.88183e-07
2.38559e-07
7.3858e-08
2.02534e-08
4.87343e-09
7.32435e-10
6.0708e-33
2.07522e-32
3.6891e-32
4.97401e-32
6.70665e-32
7.68102e-32
8.76538e-32
9.52871e-32
1.06733e-31
1.21029e-31
1.37139e-31
1.59489e-31
1.78306e-31
1.88816e-31
2.00954e-31
2.16183e-31
2.34514e-31
2.49815e-31
2.72298e-31
2.92512e-31
3.29697e-31
3.67412e-31
4.08007e-31
4.8428e-31
6.3008e-31
9.6326e-31
1.86277e-30
4.51796e-30
1.25698e-29
3.66321e-29
1.09197e-28
3.35073e-28
9.93167e-28
2.96251e-27
8.63193e-27
2.48875e-26
7.101e-26
1.99733e-25
5.59758e-25
1.54401e-24
4.14092e-24
1.10378e-23
2.91525e-23
7.88037e-23
2.22701e-22
6.72599e-22
2.13291e-21
6.98903e-21
2.39951e-20
7.50054e-20
2.3156e-19
7.60662e-19
2.38778e-18
7.10362e-18
2.05336e-17
5.51212e-17
1.67463e-16
5.58524e-16
1.92952e-15
6.79427e-15
2.45129e-14
8.60223e-14
3.12778e-13
1.17789e-12
4.93539e-12
2.2696e-11
1.03276e-10
4.27746e-10
1.56209e-09
5.064e-09
1.48751e-08
3.96495e-08
9.66807e-08
2.14469e-07
4.35527e-07
8.32862e-07
1.61483e-06
3.08016e-06
5.61228e-06
9.66791e-06
1.58156e-05
2.47325e-05
3.65769e-05
5.23435e-05
7.31822e-05
8.39599e-05
7.55884e-05
5.90948e-05
4.19124e-05
2.71026e-05
1.6312e-05
8.78617e-06
4.31371e-06
1.89393e-06
7.40107e-07
2.58318e-07
8.0467e-08
2.21855e-08
5.36324e-09
8.07818e-10
7.83399e-33
2.56638e-32
4.61435e-32
7.02475e-32
8.63817e-32
9.0142e-32
1.00503e-31
1.15181e-31
1.38113e-31
1.596e-31
1.78473e-31
1.96765e-31
2.07678e-31
2.1469e-31
2.21636e-31
2.36205e-31
2.51602e-31
2.74805e-31
2.96031e-31
3.25952e-31
3.54936e-31
3.82484e-31
4.19004e-31
5.03271e-31
6.23706e-31
8.91713e-31
1.67064e-30
3.89985e-30
1.05419e-29
3.05874e-29
9.08577e-29
2.74511e-28
8.15554e-28
2.40631e-27
7.07095e-27
2.04051e-26
5.83904e-26
1.62082e-25
4.65547e-25
1.30225e-24
3.4997e-24
9.38309e-24
2.49344e-23
6.75529e-23
1.87056e-22
5.63603e-22
1.78975e-21
5.90724e-21
1.9841e-20
6.64379e-20
1.92163e-19
6.36365e-19
1.98311e-18
6.08542e-18
1.80724e-17
5.30332e-17
1.60473e-16
5.38257e-16
1.88202e-15
6.70584e-15
2.44597e-14
8.67299e-14
3.18824e-13
1.2144e-12
5.14606e-12
2.38013e-11
1.08149e-10
4.46079e-10
1.61786e-09
5.20514e-09
1.51679e-08
4.01254e-08
9.71326e-08
2.13845e-07
4.3092e-07
8.19006e-07
1.58308e-06
3.01269e-06
5.47821e-06
9.42104e-06
1.53844e-05
2.40327e-05
3.55226e-05
5.07359e-05
7.08353e-05
8.35275e-05
7.63341e-05
6.0243e-05
4.29982e-05
2.82349e-05
1.71306e-05
9.29403e-06
4.60962e-06
2.04455e-06
8.06716e-07
2.83614e-07
8.89608e-08
2.46819e-08
5.99525e-09
9.05495e-10
4.63036e-33
1.64492e-32
3.62593e-32
5.75807e-32
8.06866e-32
1.0146e-31
1.28266e-31
1.62616e-31
1.85087e-31
2.12459e-31
2.33419e-31
2.46924e-31
2.63009e-31
2.79669e-31
2.96947e-31
3.13389e-31
3.33565e-31
3.57038e-31
3.84267e-31
4.19639e-31
4.42949e-31
4.71814e-31
4.97162e-31
5.47028e-31
6.56749e-31
9.09104e-31
1.61671e-30
3.65755e-30
9.52625e-30
2.70312e-29
7.93312e-29
2.33636e-28
6.73485e-28
2.00526e-27
5.86568e-27
1.71594e-26
4.90286e-26
1.38106e-25
3.87927e-25
1.07339e-24
2.943e-24
7.7376e-24
2.06103e-23
5.5571e-23
1.55887e-22
4.54855e-22
1.41646e-21
4.60634e-21
1.54607e-20
5.25414e-20
1.80831e-19
5.31612e-19
1.70003e-18
5.24428e-18
1.58403e-17
4.96321e-17
1.52131e-16
5.14717e-16
1.82407e-15
6.58233e-15
2.43548e-14
8.76171e-14
3.28164e-13
1.27854e-12
5.50016e-12
2.56118e-11
1.16338e-10
4.73492e-10
1.69464e-09
5.39417e-09
1.55644e-08
4.08802e-08
9.81219e-08
2.14209e-07
4.28097e-07
8.08333e-07
1.55846e-06
2.95841e-06
5.3672e-06
9.21167e-06
1.5021e-05
2.34527e-05
3.46767e-05
4.90347e-05
6.84207e-05
8.3027e-05
7.70716e-05
6.14378e-05
4.42203e-05
2.93198e-05
1.79631e-05
9.84724e-06
4.93316e-06
2.21154e-06
8.82805e-07
3.13078e-07
9.88531e-08
2.75868e-08
6.73062e-09
1.01899e-09
6.69946e-33
2.05161e-32
3.78061e-32
5.87275e-32
8.01613e-32
1.06325e-31
1.36514e-31
1.74439e-31
2.15831e-31
2.56617e-31
2.96729e-31
3.20263e-31
3.35031e-31
3.51766e-31
3.70965e-31
3.88397e-31
4.02275e-31
4.24259e-31
4.4186e-31
4.71284e-31
4.97576e-31
5.2639e-31
5.47345e-31
6.01129e-31
7.22691e-31
1.00023e-30
1.66363e-30
3.5515e-30
8.81103e-30
2.39897e-29
6.82319e-29
1.98022e-28
5.67571e-28
1.6392e-27
4.7747e-27
1.34916e-26
3.90859e-26
1.10559e-25
3.07312e-25
8.75955e-25
2.36199e-24
6.23843e-24
1.65855e-23
4.35388e-23
1.14358e-22
3.35253e-22
1.04635e-21
3.43291e-21
1.17494e-20
4.13776e-20
1.42834e-19
4.85487e-19
1.3969e-18
4.3308e-18
1.36559e-17
4.29679e-17
1.36693e-16
4.76923e-16
1.73684e-15
6.45925e-15
2.43546e-14
8.90841e-14
3.39707e-13
1.34881e-12
5.9077e-12
2.77433e-11
1.25685e-10
5.05592e-10
1.7903e-09
5.63982e-09
1.60416e-08
4.17882e-08
9.94963e-08
2.15405e-07
4.27427e-07
8.03228e-07
1.54441e-06
2.9252e-06
5.29611e-06
9.07249e-06
1.47716e-05
2.30388e-05
3.40407e-05
4.80495e-05
6.69702e-05
8.27392e-05
7.76392e-05
6.23738e-05
4.51839e-05
3.01348e-05
1.85851e-05
1.02679e-05
5.18836e-06
2.34443e-06
9.42494e-07
3.37453e-07
1.07507e-07
3.01663e-08
7.38482e-09
1.12107e-09
)
;

boundaryField
{
    fuel
    {
        type            fixedValue;
        value           uniform 0;
    }
    air
    {
        type            fixedValue;
        value           uniform 0;
    }
    outlet
    {
        type            inletOutlet;
        inletValue      uniform 0;
        value           nonuniform List<scalar> 
200
(
0
0
0
0
0
0
0
0
0
0
2.80429e-31
3.07656e-31
3.28761e-31
3.41932e-31
3.57835e-31
3.74278e-31
3.83384e-31
3.90464e-31
4.07319e-31
4.27304e-31
4.44109e-31
4.70958e-31
5.14685e-31
5.67168e-31
6.87895e-31
9.36036e-31
1.59107e-30
3.40368e-30
8.50285e-30
2.31992e-29
6.59966e-29
1.9064e-28
5.50191e-28
1.58283e-27
4.54706e-27
1.26601e-26
3.58736e-26
1.03442e-25
2.92083e-25
8.19588e-25
2.23126e-24
6.01111e-24
1.60141e-23
4.23674e-23
1.12118e-22
3.2604e-22
1.02102e-21
3.36627e-21
1.15556e-20
4.03234e-20
1.38465e-19
4.66657e-19
1.3499e-18
4.21508e-18
1.31206e-17
4.1358e-17
1.31394e-16
4.5864e-16
1.66781e-15
6.20256e-15
2.34298e-14
8.59832e-14
3.29262e-13
1.31166e-12
5.74872e-12
2.69969e-11
1.22552e-10
4.93911e-10
1.75178e-09
5.52659e-09
1.57669e-08
4.11124e-08
9.80478e-08
2.12575e-07
4.22214e-07
7.93495e-07
1.52496e-06
2.88923e-06
5.23497e-06
8.97947e-06
1.46254e-05
2.28195e-05
3.37299e-05
4.76163e-05
6.63689e-05
8.26195e-05
7.78406e-05
6.26766e-05
4.54855e-05
3.03808e-05
1.87636e-05
1.03806e-05
5.25409e-06
2.37712e-06
9.56767e-07
3.42897e-07
1.09339e-07
3.07057e-08
7.52194e-09
1.14231e-09
0
0
0
0
0
0
0
0
0
0
2.96729e-31
3.20263e-31
3.35031e-31
3.51766e-31
3.70965e-31
3.88397e-31
4.02275e-31
4.24259e-31
4.4186e-31
4.71284e-31
4.97576e-31
5.2639e-31
5.47345e-31
6.01129e-31
7.22691e-31
1.00023e-30
1.66363e-30
3.5515e-30
8.81103e-30
2.39897e-29
6.82319e-29
1.98022e-28
5.67571e-28
1.6392e-27
4.7747e-27
1.34916e-26
3.90859e-26
1.10559e-25
3.07312e-25
8.75955e-25
2.36199e-24
6.23843e-24
1.65855e-23
4.35388e-23
1.14358e-22
3.35253e-22
1.04635e-21
3.43291e-21
1.17494e-20
4.13776e-20
1.42834e-19
4.85487e-19
1.3969e-18
4.3308e-18
1.36559e-17
4.29679e-17
1.36693e-16
4.76923e-16
1.73684e-15
6.45925e-15
2.43546e-14
8.90841e-14
3.39707e-13
1.34881e-12
5.9077e-12
2.77433e-11
1.25685e-10
5.05592e-10
1.7903e-09
5.63982e-09
1.60416e-08
4.17882e-08
9.94963e-08
2.15405e-07
4.27427e-07
8.03228e-07
1.54441e-06
2.9252e-06
5.29611e-06
9.07249e-06
1.47716e-05
2.30388e-05
3.40407e-05
4.80495e-05
6.69702e-05
8.27392e-05
7.76392e-05
6.23738e-05
4.51839e-05
3.01348e-05
1.85851e-05
1.02679e-05
5.18836e-06
2.34443e-06
9.42494e-07
3.37453e-07
1.07507e-07
3.01663e-08
7.38482e-09
1.12107e-09
)
;
    }
    frontAndBack
    {
        type            empty;
    }
    internal
    {
        type            internal;
    }
}


// ************************************************************************* //
