/*--------------------------------*- C++ -*----------------------------------*\
  =========                 |
  \\      /  F ield         | OpenFOAM: The Open Source CFD Toolbox
   \\    /   O peration     | Website:  https://openfoam.org
    \\  /    A nd           | Version:  10
     \\/     M anipulation  |
\*---------------------------------------------------------------------------*/
FoamFile
{
    format      ascii;
    class       volScalarField;
    location    "1";
    object      H2O;
}
// * * * * * * * * * * * * * * * * * * * * * * * * * * * * * * * * * * * * * //

dimensions      [0 0 0 0 0 0 0];

internalField   nonuniform List<scalar> 
4000
(
7.76305e-22
5.53904e-22
6.04938e-22
2.14062e-22
5.62729e-22
5.00921e-22
6.09803e-22
8.05008e-22
8.37106e-22
1.12078e-21
1.41289e-21
1.23551e-21
1.94796e-21
2.45272e-21
3.97996e-21
9.30596e-21
1.9601e-20
4.77516e-20
1.33603e-19
3.80155e-19
1.08994e-18
3.11717e-18
9.53812e-18
2.80347e-17
8.36074e-17
2.48709e-16
7.31264e-16
2.21603e-15
6.54287e-15
1.93184e-14
5.70356e-14
1.68132e-13
4.90402e-13
1.42154e-12
4.09947e-12
1.14277e-11
3.23331e-11
9.28023e-11
2.59848e-10
7.20522e-10
1.9293e-09
5.06994e-09
1.30368e-08
3.27358e-08
8.01852e-08
2.05656e-07
5.3674e-07
1.37974e-06
3.45357e-06
8.35012e-06
1.94155e-05
4.40247e-05
8.95306e-05
0.000189449
0.000387593
0.000752423
0.00136531
0.0024128
0.00404047
0.00639666
0.00955654
0.0133312
0.0178634
0.023039
0.0286887
0.0346095
0.0406315
0.0464588
0.0519807
0.0571428
0.0619112
0.0662659
0.0702262
0.0737913
0.0769766
0.0798102
0.082316
0.0845223
0.0864433
0.088059
0.0892579
0.0898188
0.0893128
0.0873522
0.0841112
0.0795454
0.0738376
0.0674061
0.060619
0.0537196
0.0468765
0.0399885
0.0335867
0.0275178
0.0218677
0.0167091
0.0120826
0.00801898
0.00453498
0.00134424
8.88009e-22
1.61366e-21
3.71632e-22
2.34364e-21
2.886e-21
2.3577e-21
2.42933e-21
8.10211e-22
7.52473e-22
2.37241e-21
1.50118e-21
1.28329e-21
2.80174e-21
2.7044e-21
4.17228e-21
6.70624e-21
1.61437e-20
4.01183e-20
1.16616e-19
3.4748e-19
1.05356e-18
3.24435e-18
1.0005e-17
3.08226e-17
9.50079e-17
2.90757e-16
8.87115e-16
2.69632e-15
8.12045e-15
2.42145e-14
7.19175e-14
2.22791e-13
6.55881e-13
1.89369e-12
5.43362e-12
1.53711e-11
4.41009e-11
1.22703e-10
3.4095e-10
9.25271e-10
2.48103e-09
6.44613e-09
1.65787e-08
4.14978e-08
1.0559e-07
2.74775e-07
7.08016e-07
1.78531e-06
4.40448e-06
1.06165e-05
2.293e-05
4.69035e-05
0.000101283
0.000209885
0.000423799
0.000823123
0.00145418
0.00251827
0.00415732
0.0064797
0.00960101
0.0133239
0.0177892
0.0228906
0.0284556
0.0343107
0.040288
0.0461377
0.051662
0.0568387
0.0616496
0.0660454
0.0700331
0.0736376
0.0768656
0.0797328
0.0822626
0.0844866
0.0864197
0.0880423
0.0892399
0.0897843
0.089234
0.0872126
0.0839088
0.0792653
0.0734886
0.0670032
0.0601589
0.0532336
0.0463793
0.0394992
0.0331155
0.0270882
0.0214807
0.0163685
0.011807
0.00782749
0.00442349
0.00130869
2.75278e-21
2.10392e-21
1.48687e-21
2.78375e-21
6.64732e-21
2.0443e-21
5.44529e-22
5.53497e-22
2.81674e-21
2.30814e-21
3.42279e-21
2.5019e-21
1.78954e-21
3.79333e-21
3.50362e-21
5.32956e-21
1.22392e-20
3.34684e-20
1.09318e-19
3.46107e-19
1.12282e-18
3.61347e-18
1.15612e-17
3.66562e-17
1.15092e-16
3.58349e-16
1.11067e-15
3.4455e-15
1.04454e-14
3.14352e-14
9.64988e-14
2.86174e-13
8.29306e-13
2.42553e-12
7.04125e-12
1.9979e-11
5.57243e-11
1.54373e-10
4.23819e-10
1.13503e-09
3.00462e-09
7.51522e-09
2.0054e-08
4.93296e-08
1.29306e-07
3.28888e-07
8.47799e-07
2.11709e-06
5.0599e-06
1.19687e-05
2.57219e-05
5.29733e-05
0.000113735
0.000238703
0.000466951
0.000860182
0.00149733
0.00257319
0.00421946
0.00654888
0.00965095
0.0133372
0.0177445
0.022766
0.0282604
0.0340524
0.039975
0.0457833
0.0513403
0.0565484
0.0614135
0.0658325
0.0698494
0.0734804
0.0767428
0.0796461
0.082203
0.0844473
0.0863944
0.0880239
0.0892177
0.089738
0.0891251
0.0870109
0.0836091
0.0788529
0.072978
0.066414
0.0595328
0.0525581
0.0456989
0.0388523
0.0325255
0.0265568
0.0210254
0.0159884
0.011519
0.0076259
0.00430476
0.00127143
1.51093e-21
5.46393e-22
8.76496e-22
1.73018e-21
1.79729e-21
3.04249e-21
2.76785e-21
1.73457e-21
2.39557e-21
2.94469e-21
4.43171e-21
4.35232e-21
2.32011e-21
3.17262e-21
3.44587e-21
7.11731e-21
1.63934e-20
4.63898e-20
1.49279e-19
4.76213e-19
1.5227e-18
4.88468e-18
1.5512e-17
4.89052e-17
1.54879e-16
4.81076e-16
1.48336e-15
4.52802e-15
1.34006e-14
4.18598e-14
1.2411e-13
3.66839e-13
1.06948e-12
3.10533e-12
8.93443e-12
2.5178e-11
6.96979e-11
1.92735e-10
5.16766e-10
1.40637e-09
3.68845e-09
9.4087e-09
2.4298e-08
5.97728e-08
1.4984e-07
3.88717e-07
9.88656e-07
2.4186e-06
5.8684e-06
1.27702e-05
2.70921e-05
6.04351e-05
0.00012991
0.000264108
0.000507907
0.000885508
0.00154089
0.00263029
0.00428929
0.00660525
0.00968368
0.013334
0.017694
0.0226653
0.028102
0.0338358
0.0397047
0.0455062
0.0510647
0.0562876
0.0611712
0.0656184
0.0696768
0.073342
0.0766219
0.0795922
0.0821589
0.0844153
0.0863731
0.088009
0.0891993
0.0896968
0.089028
0.0867732
0.0832872
0.0784334
0.072484
0.0658817
0.0589871
0.0518742
0.0450449
0.0382572
0.0319655
0.0260469
0.0205776
0.0156323
0.0112473
0.00743656
0.0041931
0.00123637
6.02073e-22
3.61995e-22
6.36516e-22
1.28049e-21
8.45803e-22
4.50708e-22
2.90974e-21
1.20613e-21
3.90835e-22
1.78375e-21
2.15004e-21
2.40025e-21
2.53883e-21
3.12228e-21
6.33701e-21
1.00372e-20
2.34661e-20
6.64923e-20
2.12058e-19
6.69107e-19
2.13294e-18
6.75856e-18
2.1267e-17
6.65368e-17
2.06929e-16
6.38113e-16
1.95284e-15
5.99889e-15
1.80652e-14
5.38665e-14
1.59363e-13
4.78456e-13
1.38215e-12
3.98093e-12
1.12765e-11
3.15179e-11
8.65531e-11
2.32246e-10
6.35186e-10
1.68655e-09
4.37632e-09
1.11566e-08
2.77894e-08
7.00684e-08
1.74123e-07
4.47179e-07
1.11321e-06
2.74951e-06
6.16781e-06
1.32311e-05
3.00596e-05
6.62361e-05
0.000142584
0.000292886
0.000524649
0.000913191
0.00158341
0.00268015
0.0043388
0.00665665
0.00972001
0.0133451
0.0176673
0.0225922
0.0279753
0.0336475
0.0394965
0.0452953
0.0508648
0.0560904
0.0609928
0.065465
0.069542
0.0732227
0.0765264
0.0795267
0.0821144
0.0843854
0.086354
0.0879947
0.0891798
0.0896517
0.0889195
0.0865835
0.0830098
0.0780632
0.0720396
0.0653869
0.0584606
0.051342
0.0445177
0.0377647
0.0315033
0.0256287
0.020216
0.0153387
0.0110237
0.00728118
0.0041014
0.00120767
2.11764e-22
6.54629e-22
4.37601e-22
2.11466e-21
2.16156e-21
2.45148e-21
2.31668e-21
2.79534e-21
1.25222e-21
2.0046e-22
5.23616e-22
1.34339e-21
2.81187e-21
2.60936e-21
7.0969e-21
1.4699e-20
3.48589e-20
1.02184e-19
3.15673e-19
9.83752e-19
3.12699e-18
9.71595e-18
3.00287e-17
9.22581e-17
2.83973e-16
8.75699e-16
2.64064e-15
7.8724e-15
2.3768e-14
6.97921e-14
2.02259e-13
6.1112e-13
1.73915e-12
4.92217e-12
1.36332e-11
3.82667e-11
1.03202e-10
2.71873e-10
7.53538e-10
2.0441e-09
5.17696e-09
1.29032e-08
3.21737e-08
7.98791e-08
2.00691e-07
5.00378e-07
1.27204e-06
2.90155e-06
6.43001e-06
1.45284e-05
3.27489e-05
7.19979e-05
0.000151852
0.000308449
0.00054879
0.000944506
0.00161788
0.00272805
0.00438514
0.00669552
0.00974247
0.0133424
0.0176323
0.0225212
0.0278721
0.0335204
0.0393343
0.0451033
0.0506711
0.0559206
0.0608511
0.0653385
0.0694305
0.0731351
0.0764573
0.0794744
0.0820766
0.0843594
0.0863361
0.0879805
0.089162
0.0896141
0.0888331
0.0864356
0.0827899
0.0777682
0.0716837
0.0649891
0.0580378
0.0509235
0.0441021
0.0373859
0.0311503
0.0253131
0.0199483
0.0151183
0.0108545
0.00716293
0.00403134
0.00118575
2.53786e-23
8.70606e-22
6.47282e-22
1.48582e-21
1.46762e-21
5.10771e-22
9.17814e-23
7.11038e-23
5.64953e-22
1.7723e-21
3.65794e-21
3.13454e-21
4.61136e-21
5.68483e-21
7.09077e-21
1.65511e-20
4.54526e-20
1.41801e-19
4.36843e-19
1.36776e-18
4.27378e-18
1.32213e-17
4.01388e-17
1.25165e-16
3.77577e-16
1.13362e-15
3.39235e-15
9.81759e-15
3.0046e-14
8.85081e-14
2.56639e-13
7.38042e-13
2.11397e-12
5.96913e-12
1.64797e-11
4.57068e-11
1.25598e-10
3.27692e-10
9.02393e-10
2.35379e-09
5.97714e-09
1.49718e-08
3.67229e-08
9.04651e-08
2.22039e-07
5.56807e-07
1.35256e-06
2.94737e-06
6.89065e-06
1.56984e-05
3.48941e-05
7.57877e-05
0.000158476
0.000319272
0.000565002
0.000968475
0.00164629
0.00275958
0.00441906
0.00672273
0.00975256
0.0133305
0.0175917
0.0224501
0.0277713
0.0333988
0.0391966
0.0449467
0.0505198
0.0557774
0.0607238
0.0652245
0.0693328
0.073052
0.0763897
0.0794235
0.0820366
0.0843297
0.0863142
0.0879635
0.0891439
0.0895833
0.0887678
0.0863269
0.0826288
0.077552
0.0714223
0.0646962
0.0577261
0.0506163
0.0437969
0.0371103
0.0308932
0.0250826
0.0197511
0.0149573
0.0107311
0.00707683
0.00398032
0.0011698
1.30042e-22
3.85794e-22
1.64846e-21
3.00283e-21
1.81877e-21
2.14809e-21
1.59031e-21
2.66458e-21
1.23177e-21
2.02207e-21
3.50493e-22
2.27834e-21
3.20072e-21
4.82846e-21
8.04892e-21
2.3625e-20
6.73986e-20
1.94128e-19
5.93792e-19
1.84098e-18
5.68911e-18
1.74866e-17
5.34197e-17
1.6206e-16
4.8847e-16
1.46337e-15
4.34396e-15
1.27047e-14
3.66988e-14
1.06193e-13
3.10739e-13
9.02502e-13
2.55397e-12
7.12824e-12
1.94386e-11
5.3257e-11
1.45032e-10
3.74655e-10
1.01423e-09
2.68123e-09
6.77322e-09
1.67286e-08
4.15348e-08
1.01065e-07
2.48705e-07
6.16648e-07
1.40724e-06
3.1932e-06
7.41851e-06
1.6783e-05
3.72557e-05
7.98609e-05
0.000165155
0.000329666
0.000579684
0.000987488
0.00166934
0.00278511
0.00444193
0.00673579
0.00974728
0.0133031
0.0175363
0.0223705
0.0276615
0.0332507
0.0390475
0.0447901
0.0503727
0.0556348
0.0605943
0.065109
0.0692295
0.0729637
0.0763166
0.0793671
0.0819921
0.0842946
0.0862867
0.0879425
0.0891248
0.0895586
0.0887231
0.0862551
0.0825225
0.0774087
0.0712476
0.0644989
0.0575147
0.0504071
0.0435882
0.0369216
0.0307167
0.0249237
0.0196144
0.0148458
0.0106457
0.00701712
0.00394491
0.00115874
3.25508e-22
1.61691e-22
1.53024e-21
3.34854e-21
3.97789e-21
2.62214e-21
1.36326e-21
1.8758e-21
2.08658e-21
3.12779e-21
9.8353e-22
2.34993e-21
2.48305e-21
3.64919e-21
1.01525e-20
2.71254e-20
8.02925e-20
2.46318e-19
7.49772e-19
2.32743e-18
7.15453e-18
2.16891e-17
6.67755e-17
2.0059e-16
6.01808e-16
1.80614e-15
5.34725e-15
1.56967e-14
4.55711e-14
1.30261e-13
3.7255e-13
1.06671e-12
2.99615e-12
8.32903e-12
2.28549e-11
6.17062e-11
1.65433e-10
4.23682e-10
1.1395e-09
2.96915e-09
7.52591e-09
1.87113e-08
4.59397e-08
1.12425e-07
2.63468e-07
6.06472e-07
1.47299e-06
3.46187e-06
7.94888e-06
1.79388e-05
3.92353e-05
8.32301e-05
0.000170674
0.000338153
0.000590715
0.00100151
0.00168602
0.00280199
0.00445384
0.00673462
0.00972419
0.0132496
0.017452
0.0222444
0.0275088
0.0330943
0.0388612
0.0446143
0.0501924
0.0554691
0.0604324
0.0649645
0.0691104
0.0728652
0.0762364
0.0793045
0.0819413
0.0842531
0.0862528
0.0879167
0.0891039
0.0895388
0.0886966
0.0862149
0.0824629
0.0773269
0.0711457
0.0643815
0.0573868
0.0502783
0.0434583
0.0368032
0.030605
0.0248224
0.0195267
0.0147737
0.0105904
0.00697844
0.00392193
0.00115156
2.68502e-22
9.84029e-22
8.11944e-22
1.46868e-21
9.28898e-22
1.10119e-21
1.58063e-21
8.7349e-22
2.60444e-21
4.1236e-21
2.0755e-21
3.92387e-21
5.60179e-21
7.34973e-21
1.65533e-20
3.87302e-20
1.03146e-19
3.03294e-19
9.33626e-19
2.8524e-18
8.66192e-18
2.66959e-17
8.06494e-17
2.42382e-16
7.23284e-16
2.14718e-15
6.33163e-15
1.84876e-14
5.42827e-14
1.56647e-13
4.45841e-13
1.24984e-12
3.46576e-12
9.53414e-12
2.58121e-11
6.8981e-11
1.8211e-10
4.68519e-10
1.27452e-09
3.2634e-09
8.11298e-09
2.00847e-08
4.90661e-08
1.16069e-07
2.68891e-07
6.62547e-07
1.58532e-06
3.70393e-06
8.50831e-06
1.89779e-05
4.11593e-05
8.65964e-05
0.000175898
0.000343745
0.000598441
0.00101264
0.00169751
0.00281123
0.00445559
0.00672319
0.00969314
0.0131929
0.0173548
0.0221155
0.027349
0.0329059
0.0386697
0.0444338
0.0500202
0.0553002
0.0602825
0.064831
0.0689929
0.0727615
0.0761429
0.0792282
0.0818776
0.084201
0.0862113
0.087886
0.0890809
0.0895228
0.0886846
0.0862001
0.0824408
0.0772944
0.0711018
0.0643273
0.0573245
0.0502122
0.0433897
0.0367392
0.0305435
0.0247659
0.0194773
0.0147328
0.0105588
0.00695613
0.00390861
0.00114738
3.06567e-23
1.11878e-21
1.83025e-21
1.14165e-21
1.23284e-21
1.28934e-21
7.94513e-22
3.22451e-22
6.73284e-22
1.30389e-21
1.5391e-21
2.08455e-21
2.86086e-21
8.03935e-21
1.43802e-20
3.94093e-20
1.17228e-19
3.57283e-19
1.09852e-18
3.37182e-18
1.01749e-17
3.13085e-17
9.42119e-17
2.81907e-16
8.3105e-16
2.4853e-15
7.25663e-15
2.116e-14
6.18483e-14
1.78237e-13
5.06075e-13
1.41603e-12
3.90124e-12
1.07508e-11
2.88573e-11
7.67303e-11
2.01681e-10
5.18392e-10
1.39346e-09
3.52461e-09
8.71008e-09
2.12347e-08
5.07826e-08
1.19274e-07
2.92415e-07
7.12385e-07
1.70024e-06
3.97729e-06
9.06345e-06
2.01355e-05
4.35641e-05
9.15344e-05
0.000186947
0.000345301
0.000604227
0.00102058
0.00170405
0.00281339
0.00444772
0.00669525
0.00963724
0.013108
0.0172547
0.0219842
0.0271914
0.0327279
0.0384794
0.0442361
0.0498438
0.0551398
0.06013
0.064693
0.0688651
0.0726487
0.0760496
0.0791553
0.0818157
0.0841494
0.0861681
0.0878533
0.0890573
0.0895101
0.0886838
0.0862045
0.082447
0.0772989
0.0711013
0.0643205
0.0573116
0.0501931
0.0433669
0.0367157
0.0305193
0.0247425
0.019456
0.0147147
0.0105444
0.00694588
0.00390243
0.00114544
5.3191e-22
1.99781e-22
1.89854e-21
2.61188e-21
1.26259e-21
8.92882e-22
1.79564e-21
3.86251e-21
2.47543e-21
3.31225e-21
2.70031e-21
3.35044e-21
3.36158e-21
7.38891e-21
1.74816e-20
4.67151e-20
1.38634e-19
4.17711e-19
1.27229e-18
3.88859e-18
1.18203e-17
3.56844e-17
1.07785e-16
3.21505e-16
9.52717e-16
2.80009e-15
8.18372e-15
2.35147e-14
6.8935e-14
1.96471e-13
5.44213e-13
1.56388e-12
4.32754e-12
1.16974e-11
3.2232e-11
8.4672e-11
2.1911e-10
5.61715e-10
1.4725e-09
3.79812e-09
9.29773e-09
2.25057e-08
5.36135e-08
1.27649e-07
3.12275e-07
7.57457e-07
1.80231e-06
4.199e-06
9.52704e-06
2.10671e-05
4.53812e-05
9.49483e-05
0.000192537
0.000345379
0.000609333
0.00102707
0.00170755
0.00281117
0.00443481
0.00666903
0.00958837
0.0130334
0.01714
0.0218461
0.0270316
0.0325521
0.038297
0.0440443
0.0496606
0.0549837
0.0599576
0.0645415
0.0687357
0.0725395
0.0759573
0.0790793
0.0817522
0.0840945
0.0861222
0.0878186
0.0890331
0.0894996
0.088691
0.0862231
0.0824745
0.0773314
0.0711337
0.0643489
0.0573344
0.0502077
0.0433767
0.0367212
0.0305217
0.0247427
0.0194548
0.0147128
0.0105424
0.00694416
0.00390131
0.00114507
3.21011e-22
1.21651e-22
2.00784e-21
2.06873e-21
2.27392e-21
1.5958e-21
2.32143e-21
3.25471e-21
1.88575e-21
3.46399e-21
3.00954e-21
1.69566e-21
6.08719e-21
8.57729e-21
1.6496e-20
5.20564e-20
1.47205e-19
4.68209e-19
1.43389e-18
4.39041e-18
1.33358e-17
4.02455e-17
1.2076e-16
3.5529e-16
1.06883e-15
3.11124e-15
8.99407e-15
2.58516e-14
7.44156e-14
2.17667e-13
6.07159e-13
1.7161e-12
4.71543e-12
1.2932e-11
3.45399e-11
9.05695e-11
2.33099e-10
5.95329e-10
1.55671e-09
4.03245e-09
9.90279e-09
2.40394e-08
5.6673e-08
1.37447e-07
3.28907e-07
7.95996e-07
1.88905e-06
4.366e-06
9.83919e-06
2.16215e-05
4.62894e-05
9.62774e-05
0.000193978
0.000345249
0.000615096
0.00103202
0.00170826
0.00280477
0.0044169
0.00663417
0.00953827
0.0129584
0.0170346
0.0217102
0.0268712
0.0323742
0.0381135
0.0438539
0.0494781
0.054813
0.0597982
0.0644048
0.0686145
0.0724319
0.0758612
0.0790003
0.0816843
0.0840379
0.0860751
0.0877827
0.0890078
0.0894898
0.0887032
0.0862506
0.0825154
0.0773818
0.0711873
0.064401
0.0573824
0.0502461
0.0434097
0.0367461
0.0305418
0.0247586
0.019467
0.014722
0.010549
0.00694852
0.00390377
0.00114582
4.88638e-23
1.25667e-21
3.39436e-22
1.67138e-21
1.72558e-21
1.05091e-21
2.18028e-21
1.95458e-21
1.94563e-21
3.30827e-21
4.25105e-21
5.22851e-21
8.30464e-21
1.33359e-20
2.66335e-20
6.4605e-20
1.75269e-19
5.21795e-19
1.5878e-18
4.81207e-18
1.4503e-17
4.29759e-17
1.32508e-16
3.91728e-16
1.15482e-15
3.37056e-15
9.88356e-15
2.84089e-14
8.15694e-14
2.31697e-13
6.45896e-13
1.84355e-12
4.9875e-12
1.37213e-11
3.6421e-11
9.56057e-11
2.46719e-10
6.18252e-10
1.64251e-09
4.2625e-09
1.03317e-08
2.49059e-08
5.95932e-08
1.44837e-07
3.43307e-07
8.29073e-07
1.95253e-06
4.48701e-06
1.00611e-05
2.20023e-05
4.68784e-05
9.71223e-05
0.000194668
0.000344944
0.000619238
0.00103554
0.00170743
0.00279749
0.00439984
0.00659968
0.00947903
0.0128755
0.0169341
0.0215818
0.0267217
0.032208
0.0379374
0.0436878
0.0493096
0.0546541
0.0596508
0.0642697
0.0684971
0.0723305
0.0757727
0.0789238
0.0816189
0.0839822
0.0860273
0.087746
0.0889825
0.089481
0.0887179
0.086283
0.0825629
0.077441
0.0712514
0.0644649
0.0574429
0.0502972
0.0434554
0.0367832
0.0305737
0.0247852
0.0194884
0.0147384
0.010561
0.00695661
0.00390845
0.00114725
3.87474e-22
2.96519e-22
6.01791e-23
1.13555e-21
1.20744e-21
7.21116e-22
1.01002e-21
1.73489e-22
1.46532e-21
4.77044e-21
6.05166e-21
7.753e-21
8.96571e-21
1.3209e-20
2.34802e-20
6.35466e-20
1.86085e-19
5.6921e-19
1.71567e-18
5.14184e-18
1.58996e-17
4.76647e-17
1.42591e-16
4.20772e-16
1.24978e-15
3.62903e-15
1.05404e-14
3.01924e-14
8.61163e-14
2.47508e-13
6.97169e-13
1.94307e-12
5.25615e-12
1.43959e-11
3.77329e-11
9.79416e-11
2.58857e-10
6.46208e-10
1.70329e-09
4.34842e-09
1.09419e-08
2.62817e-08
6.29945e-08
1.4816e-07
3.54947e-07
8.52852e-07
2.00053e-06
4.58003e-06
1.02332e-05
2.23029e-05
4.73529e-05
9.76686e-05
0.000195058
0.000344621
0.000621844
0.00103729
0.00170442
0.00278775
0.00437886
0.00656614
0.00942593
0.0127996
0.0168331
0.0214627
0.0265828
0.0320534
0.0377739
0.0435198
0.0491472
0.0545062
0.0595162
0.0641489
0.0683898
0.0722348
0.0756904
0.0788529
0.0815581
0.0839298
0.0859832
0.0877123
0.0889593
0.0894732
0.0887326
0.0863153
0.0826108
0.0775012
0.0713174
0.0645313
0.0575066
0.0503519
0.0435049
0.0368238
0.030609
0.024815
0.0195128
0.0147575
0.0105751
0.00696619
0.00391402
0.00114897
3.7724e-23
8.60473e-22
7.42368e-22
2.46719e-21
1.61037e-21
1.36687e-21
1.85722e-21
1.04945e-21
1.82835e-21
8.06214e-22
1.06215e-21
4.75067e-21
4.89546e-21
9.13571e-21
2.40831e-20
6.44937e-20
1.96417e-19
6.06456e-19
1.82666e-18
5.5406e-18
1.68452e-17
5.06563e-17
1.51588e-16
4.49848e-16
1.31975e-15
3.83236e-15
1.1135e-14
3.17718e-14
8.96805e-14
2.58128e-13
7.19778e-13
2.01041e-12
5.52543e-12
1.48874e-11
3.95461e-11
1.03981e-10
2.68927e-10
6.97207e-10
1.78746e-09
4.61963e-09
1.12618e-08
2.67283e-08
6.42616e-08
1.51289e-07
3.6397e-07
8.71303e-07
2.03703e-06
4.6489e-06
1.03553e-05
2.25011e-05
4.76517e-05
9.8032e-05
0.000195303
0.00034427
0.000623507
0.00103806
0.0017008
0.00277725
0.00435892
0.00653243
0.00937737
0.0127346
0.0167503
0.021365
0.0264664
0.031923
0.0376366
0.0433817
0.0490084
0.0543778
0.0593999
0.0640445
0.0682965
0.0721537
0.0756203
0.0787923
0.0815061
0.0838853
0.0859457
0.0876834
0.0889395
0.0894668
0.0887461
0.0863448
0.0826546
0.0775565
0.0713785
0.0645934
0.0575667
0.0504044
0.043553
0.0368631
0.0306434
0.0248442
0.0195366
0.0147762
0.0105889
0.00697566
0.00391954
0.00115068
8.11361e-22
9.18787e-22
1.12888e-21
2.18439e-22
1.29448e-21
2.08055e-21
3.22615e-21
4.8342e-21
4.49301e-21
2.40161e-21
2.60101e-21
2.90987e-21
4.38221e-21
8.70705e-21
2.55974e-20
6.90389e-20
2.0684e-19
6.3375e-19
1.93092e-18
5.86053e-18
1.77853e-17
5.31199e-17
1.5951e-16
4.71232e-16
1.38297e-15
4.02381e-15
1.15958e-14
3.30274e-14
9.38832e-14
2.68475e-13
7.50409e-13
2.10932e-12
5.74261e-12
1.54379e-11
4.09758e-11
1.08057e-10
2.80661e-10
7.18109e-10
1.82826e-09
4.66108e-09
1.14257e-08
2.7429e-08
6.43302e-08
1.53184e-07
3.71204e-07
8.85537e-07
2.06484e-06
4.70145e-06
1.0449e-05
2.26544e-05
4.78769e-05
9.82929e-05
0.000195454
0.000343995
0.000624466
0.00103818
0.00169733
0.00276903
0.00434394
0.00650826
0.00934193
0.0126828
0.0166811
0.0212778
0.0263679
0.0318154
0.0375241
0.0432668
0.048895
0.0542743
0.0593075
0.0639626
0.0682248
0.0720905
0.0755652
0.0787445
0.081465
0.0838501
0.0859158
0.0876603
0.0889235
0.0894616
0.0887572
0.0863693
0.0826909
0.0776026
0.0714296
0.0646456
0.0576173
0.0504487
0.0435938
0.0368965
0.0306726
0.0248691
0.0195571
0.0147923
0.0106009
0.00698385
0.00392433
0.00115216
7.11701e-22
1.63535e-21
2.98106e-21
3.42757e-21
2.54953e-21
2.08433e-21
2.25764e-21
4.58787e-21
2.46708e-21
3.36922e-22
4.60309e-22
1.64788e-21
3.08361e-21
7.20479e-21
2.52795e-20
7.39945e-20
2.195e-19
6.64071e-19
2.01953e-18
6.11561e-18
1.84335e-17
5.51619e-17
1.63957e-16
4.82012e-16
1.42937e-15
4.1573e-15
1.2034e-14
3.4383e-14
9.88464e-14
2.77342e-13
7.71455e-13
2.12299e-12
5.86822e-12
1.57432e-11
4.22523e-11
1.11464e-10
2.87093e-10
7.22758e-10
1.85113e-09
4.6922e-09
1.14718e-08
2.74205e-08
6.49794e-08
1.54934e-07
3.76358e-07
8.95754e-07
2.08468e-06
4.73889e-06
1.05164e-05
2.27684e-05
4.80382e-05
9.84896e-05
0.000195571
0.000343817
0.000625049
0.00103815
0.0016948
0.00276297
0.00433281
0.00649033
0.00931576
0.0126467
0.0166341
0.0212204
0.0263022
0.0317425
0.0374475
0.0431897
0.0488165
0.0542029
0.0592438
0.0639051
0.0681733
0.0720458
0.0755264
0.0787108
0.0814361
0.0838253
0.0858947
0.087644
0.0889122
0.089458
0.0887653
0.086387
0.0827173
0.0776361
0.0714669
0.0646836
0.0576543
0.0504813
0.0436237
0.0369211
0.0306941
0.0248874
0.0195722
0.0148042
0.0106098
0.00698991
0.00392787
0.00115326
2.74506e-22
1.57472e-22
6.11608e-22
1.33288e-21
1.39641e-21
1.99892e-21
9.83259e-22
1.84316e-21
2.01651e-21
2.13017e-21
1.3122e-21
1.8645e-21
3.81585e-21
8.45609e-21
2.54515e-20
7.25586e-20
2.18624e-19
6.75593e-19
2.05126e-18
6.19848e-18
1.86791e-17
5.59026e-17
1.67683e-16
4.93083e-16
1.45812e-15
4.22798e-15
1.22373e-14
3.53151e-14
1.00397e-13
2.82862e-13
7.88557e-13
2.20901e-12
5.97023e-12
1.60054e-11
4.29007e-11
1.11647e-10
2.90335e-10
7.33273e-10
1.9242e-09
4.82969e-09
1.16223e-08
2.78444e-08
6.49922e-08
1.57477e-07
3.79116e-07
9.01949e-07
2.0977e-06
4.76373e-06
1.05605e-05
2.28406e-05
4.81427e-05
9.86173e-05
0.000195674
0.000343769
0.000625495
0.00103831
0.00169367
0.00276004
0.00432721
0.00648099
0.00930165
0.0126277
0.0166098
0.0211909
0.0262678
0.0317045
0.0374075
0.0431486
0.0487754
0.054165
0.0592093
0.0638746
0.0681464
0.0720222
0.075506
0.0786929
0.0814207
0.0838121
0.0858836
0.0876353
0.0889062
0.0894561
0.0887698
0.0863969
0.0827319
0.0776547
0.0714875
0.0647047
0.0576747
0.0504993
0.0436402
0.0369346
0.030706
0.0248975
0.0195804
0.0148106
0.0106146
0.00699319
0.00392979
0.00115385
3.07116e-23
9.69132e-22
1.12838e-21
1.23273e-21
1.17876e-21
1.65393e-21
1.98352e-21
3.97666e-21
2.71359e-21
1.3382e-21
4.57811e-21
4.88581e-21
5.84027e-21
7.37053e-21
2.30085e-20
7.41449e-20
2.24873e-19
6.84961e-19
2.08204e-18
6.30173e-18
1.91195e-17
5.7271e-17
1.70542e-16
5.02981e-16
1.46558e-15
4.31142e-15
1.2427e-14
3.5739e-14
1.02611e-13
2.90525e-13
8.07923e-13
2.21119e-12
6.091e-12
1.65186e-11
4.36411e-11
1.1346e-10
2.94821e-10
7.3699e-10
1.93907e-09
4.8014e-09
1.18053e-08
2.80879e-08
6.6312e-08
1.57704e-07
3.80707e-07
9.05698e-07
2.10537e-06
4.77856e-06
1.05878e-05
2.2888e-05
4.82194e-05
9.8725e-05
0.000195798
0.000343859
0.000626001
0.0010388
0.00169386
0.00275978
0.00432626
0.00647912
0.00929867
0.0126235
0.0166045
0.0211847
0.0262608
0.031697
0.0374
0.0431412
0.048768
0.0541585
0.0592036
0.0638697
0.0681421
0.0720185
0.0755028
0.0786902
0.0814184
0.0838101
0.0858819
0.0876341
0.0889054
0.0894559
0.0887705
0.0863984
0.0827341
0.0776574
0.0714905
0.0647076
0.0576775
0.0505017
0.0436423
0.0369363
0.0307075
0.0248987
0.0195814
0.0148114
0.0106151
0.00699352
0.00392997
0.00115391
6.36018e-23
6.71806e-23
1.6687e-21
1.97967e-21
1.55884e-21
1.18512e-21
1.54597e-21
2.96269e-21
4.40739e-21
4.3067e-21
1.29047e-21
3.17531e-21
2.38152e-21
7.5847e-21
2.56344e-20
7.27883e-20
2.2529e-19
6.79584e-19
2.10084e-18
6.35641e-18
1.92542e-17
5.77659e-17
1.72324e-16
5.10523e-16
1.49646e-15
4.3407e-15
1.23678e-14
3.63871e-14
1.0318e-13
2.91376e-13
8.1534e-13
2.24811e-12
6.1688e-12
1.65307e-11
4.40404e-11
1.14267e-10
2.96708e-10
7.45548e-10
1.94947e-09
4.82859e-09
1.18641e-08
2.78487e-08
6.70864e-08
1.58161e-07
3.80648e-07
9.0714e-07
2.10838e-06
4.78483e-06
1.06009e-05
2.29149e-05
4.82731e-05
9.88279e-05
0.000195987
0.000344168
0.0006267
0.00103991
0.00169607
0.00276338
0.00433173
0.00648707
0.00930968
0.0126381
0.0166231
0.0212071
0.0262866
0.0317256
0.0374301
0.0431716
0.0487983
0.0541863
0.0592289
0.0638923
0.0681622
0.0720361
0.0755181
0.0787034
0.0814298
0.0838199
0.0858902
0.0876405
0.0889098
0.0894573
0.0887672
0.0863912
0.0827233
0.0776436
0.0714749
0.0646915
0.0576617
0.0504877
0.0436293
0.0369255
0.0306979
0.0248905
0.0195745
0.0148059
0.010611
0.0069907
0.00392831
0.00115339
4.11108e-23
1.83297e-23
3.4069e-22
7.82495e-22
1.37713e-21
2.11938e-21
8.27317e-22
2.10081e-21
2.25478e-21
1.54497e-21
1.31344e-21
1.79919e-21
5.91135e-22
8.18661e-21
2.40475e-20
7.28894e-20
2.21011e-19
6.68513e-19
2.05992e-18
6.24769e-18
1.87745e-17
5.70511e-17
1.6961e-16
5.06438e-16
1.48035e-15
4.28437e-15
1.23255e-14
3.57944e-14
1.01547e-13
2.86735e-13
7.99193e-13
2.19858e-12
6.14507e-12
1.63602e-11
4.24237e-11
1.11691e-10
2.91039e-10
7.23076e-10
1.8776e-09
4.86334e-09
1.15539e-08
2.80788e-08
6.53774e-08
1.58525e-07
3.80433e-07
9.05708e-07
2.10581e-06
4.78116e-06
1.05975e-05
2.29175e-05
4.82984e-05
9.89156e-05
0.000196223
0.000344686
0.000627623
0.00104169
0.00170032
0.00277086
0.0043435
0.00650443
0.00933408
0.0126707
0.0166643
0.0212568
0.0263437
0.0317883
0.0374955
0.0432378
0.0488639
0.0542465
0.0592832
0.063941
0.0682052
0.0720739
0.075551
0.078732
0.0814544
0.083841
0.0859082
0.0876544
0.0889195
0.0894603
0.0887601
0.0863754
0.0826998
0.0776136
0.0714415
0.0646572
0.0576281
0.0504579
0.0436018
0.0369028
0.0306778
0.0248732
0.0195602
0.0147946
0.0106025
0.00698485
0.00392487
0.00115233
7.0221e-22
1.05794e-21
6.53843e-22
2.1091e-21
2.22959e-21
1.8879e-21
2.30174e-21
2.13082e-21
1.30522e-21
1.34293e-21
1.46659e-22
6.68922e-22
2.67794e-21
7.88183e-21
2.47858e-20
7.47088e-20
2.21702e-19
6.66176e-19
2.01995e-18
6.1266e-18
1.85462e-17
5.60442e-17
1.67274e-16
4.9485e-16
1.45143e-15
4.22097e-15
1.21747e-14
3.49158e-14
1.0043e-13
2.83306e-13
7.91551e-13
2.17771e-12
5.99589e-12
1.60939e-11
4.28229e-11
1.12405e-10
2.89062e-10
7.23035e-10
1.8844e-09
4.8165e-09
1.16268e-08
2.75369e-08
6.49734e-08
1.58306e-07
3.78491e-07
9.01447e-07
2.09821e-06
4.76872e-06
1.05802e-05
2.29009e-05
4.83059e-05
9.90103e-05
0.000196552
0.000345478
0.000628884
0.00104432
0.00170697
0.00278281
0.0043626
0.00653285
0.00937378
0.0127234
0.0167307
0.0213359
0.0264338
0.0318867
0.037598
0.043341
0.0489665
0.0543401
0.0593675
0.0640161
0.068272
0.0721318
0.0756011
0.0787753
0.0814915
0.0838728
0.0859352
0.0876753
0.0889339
0.0894648
0.0887493
0.0863519
0.0826647
0.0775688
0.0713915
0.0646059
0.0575781
0.0504137
0.0435609
0.0368691
0.030648
0.0248477
0.0195391
0.0147779
0.01059
0.00697624
0.00391982
0.00115076
5.90113e-22
2.13358e-22
1.37502e-21
2.24763e-21
1.70934e-21
1.1826e-21
1.61906e-21
2.36025e-21
8.84873e-22
2.69575e-22
1.58649e-21
3.23822e-21
6.54414e-21
1.17225e-20
2.52208e-20
7.14913e-20
2.12503e-19
6.39501e-19
1.93347e-18
5.88936e-18
1.78792e-17
5.30473e-17
1.61156e-16
4.72517e-16
1.41112e-15
4.09935e-15
1.18271e-14
3.38443e-14
9.73836e-14
2.76781e-13
7.60241e-13
2.15782e-12
5.84734e-12
1.57289e-11
4.19351e-11
1.09596e-10
2.8421e-10
7.17278e-10
1.82596e-09
4.63004e-09
1.14928e-08
2.7299e-08
6.38817e-08
1.56181e-07
3.75484e-07
8.94855e-07
2.08524e-06
4.74539e-06
1.05433e-05
2.28548e-05
4.82778e-05
9.90836e-05
0.000196935
0.000346507
0.000630327
0.00104749
0.00171542
0.00279831
0.00438769
0.00657055
0.009427
0.0127951
0.0168227
0.0214431
0.0265537
0.0320167
0.0377331
0.0434771
0.0491
0.054463
0.0594766
0.0641127
0.0683568
0.0722061
0.0756655
0.0788311
0.0815395
0.083914
0.0859701
0.0877023
0.0889525
0.0894705
0.0887353
0.0863216
0.0826197
0.0775117
0.0713279
0.0645408
0.0575146
0.0503577
0.0435093
0.0368264
0.0306105
0.0248155
0.0195125
0.0147568
0.0105742
0.0069654
0.00391346
0.00114879
2.52649e-23
1.09056e-22
1.14879e-21
1.2271e-21
6.15305e-22
1.40121e-21
4.33037e-21
2.26169e-21
1.6579e-21
8.73813e-22
2.25926e-21
3.35951e-21
6.89467e-21
9.38741e-21
1.94253e-20
6.42415e-20
1.98825e-19
6.05574e-19
1.85557e-18
5.56368e-18
1.71114e-17
5.11723e-17
1.52978e-16
4.54329e-16
1.34079e-15
3.90858e-15
1.13644e-14
3.25822e-14
9.39369e-14
2.63992e-13
7.34813e-13
2.0584e-12
5.63206e-12
1.51845e-11
3.95754e-11
1.05491e-10
2.7296e-10
6.93097e-10
1.78867e-09
4.61212e-09
1.10926e-08
2.73327e-08
6.40808e-08
1.53624e-07
3.69561e-07
8.84167e-07
2.06567e-06
4.71013e-06
1.04859e-05
2.27733e-05
4.82003e-05
9.91122e-05
0.000197346
0.000347729
0.000631558
0.00105096
0.00172524
0.00281654
0.00441735
0.00661503
0.00948918
0.0128768
0.0169236
0.0215645
0.0266939
0.0321708
0.0378945
0.0436372
0.0492548
0.0546033
0.0596038
0.0642265
0.0684575
0.0722945
0.0757424
0.0788976
0.0815966
0.0839629
0.0860115
0.0877339
0.088974
0.0894767
0.0887185
0.0862862
0.0825671
0.0774453
0.0712542
0.0644655
0.0574413
0.0502933
0.0434499
0.0367772
0.030567
0.0247784
0.019482
0.0147327
0.0105562
0.00695305
0.00390623
0.00114655
8.97054e-24
3.5939e-22
3.21777e-22
8.1301e-22
9.8524e-22
9.4537e-22
2.2641e-21
1.37757e-21
8.59873e-22
1.82774e-21
2.39823e-21
1.30925e-21
3.11709e-21
6.36172e-21
2.05781e-20
6.17185e-20
1.85506e-19
5.65592e-19
1.72392e-18
5.22954e-18
1.58479e-17
4.75498e-17
1.44517e-16
4.28626e-16
1.26455e-15
3.68353e-15
1.08683e-14
3.13344e-14
8.95667e-14
2.52435e-13
7.19235e-13
1.98307e-12
5.39493e-12
1.45727e-11
3.88079e-11
1.02091e-10
2.66404e-10
6.75682e-10
1.75298e-09
4.5185e-09
1.09699e-08
2.66499e-08
6.33639e-08
1.5032e-07
3.62479e-07
8.69333e-07
2.03711e-06
4.65913e-06
1.03954e-05
2.2643e-05
4.80379e-05
9.90125e-05
0.00019759
0.000348835
0.00063219
0.00105366
0.00173477
0.00283543
0.00444897
0.00666313
0.00955686
0.0129661
0.0170338
0.0216992
0.0268469
0.0323354
0.03806
0.0438028
0.0494195
0.0547576
0.0597452
0.0643542
0.0685719
0.072396
0.0758298
0.0789728
0.0816609
0.0840179
0.086058
0.0877694
0.0889981
0.0894838
0.0887001
0.0862477
0.0825106
0.0773736
0.0711749
0.0643846
0.0573629
0.0502248
0.0433871
0.0367252
0.0305216
0.0247396
0.0194499
0.0147074
0.0105374
0.00694013
0.00389867
0.00114421
6.97141e-22
9.28095e-22
8.4817e-22
1.46609e-22
1.15254e-21
1.34256e-21
1.53579e-21
1.72098e-21
2.07255e-21
4.23327e-21
2.09413e-21
2.9493e-21
2.40816e-21
5.52158e-21
1.89153e-20
5.62275e-20
1.72862e-19
5.22039e-19
1.60185e-18
4.86314e-18
1.47537e-17
4.48074e-17
1.34368e-16
3.99732e-16
1.18293e-15
3.47685e-15
1.01287e-14
2.91921e-14
8.51286e-14
2.40158e-13
6.72533e-13
1.85811e-12
5.14507e-12
1.39295e-11
3.73133e-11
9.79012e-11
2.51462e-10
6.30363e-10
1.67021e-09
4.27937e-09
1.06463e-08
2.5706e-08
6.0325e-08
1.46108e-07
3.52916e-07
8.49776e-07
1.99802e-06
4.58566e-06
1.02699e-05
2.24286e-05
4.77738e-05
9.87784e-05
0.000197727
0.000349975
0.000632116
0.00105578
0.00174457
0.00285492
0.00448212
0.00671469
0.009631
0.0130653
0.0171594
0.0218486
0.0270171
0.032522
0.0382576
0.0439912
0.0496062
0.0549266
0.0599001
0.0644931
0.0686941
0.0725014
0.0759238
0.0790521
0.0817295
0.0840769
0.086108
0.0878077
0.0890243
0.0894919
0.0886818
0.0862089
0.0824527
0.0773007
0.071095
0.064304
0.0572851
0.0501576
0.0433254
0.0366743
0.0304771
0.0247018
0.0194191
0.0146832
0.0105194
0.00692786
0.00389151
0.001142
4.35031e-22
9.40108e-23
1.19013e-21
8.47717e-22
3.89263e-22
1.10675e-21
1.11958e-21
4.05816e-22
1.50259e-22
2.39909e-21
3.40271e-21
4.04842e-21
1.61606e-21
7.12287e-21
1.65205e-20
5.02747e-20
1.53884e-19
4.74048e-19
1.44942e-18
4.40241e-18
1.336e-17
4.0294e-17
1.21371e-16
3.60626e-16
1.08286e-15
3.17815e-15
9.26823e-15
2.69034e-14
7.66398e-14
2.16149e-13
6.15001e-13
1.74689e-12
4.75017e-12
1.32291e-11
3.52129e-11
9.30105e-11
2.42729e-10
6.04431e-10
1.60183e-09
4.13021e-09
1.00763e-08
2.45015e-08
5.75169e-08
1.40602e-07
3.40134e-07
8.20758e-07
1.94345e-06
4.48447e-06
1.00911e-05
2.2136e-05
4.73237e-05
9.83287e-05
0.000197715
0.000351339
0.000630412
0.00105642
0.00175352
0.00287783
0.00452399
0.00678007
0.00972281
0.0131842
0.0172999
0.0220089
0.0271935
0.0327089
0.0384448
0.0441817
0.0497835
0.055082
0.0600833
0.0646532
0.0688314
0.072622
0.0760252
0.0791351
0.0818012
0.0841392
0.0861609
0.0878478
0.0890515
0.0895008
0.0886646
0.0861728
0.0823996
0.0772347
0.0710228
0.0642315
0.057216
0.0500992
0.0432732
0.0366308
0.0304393
0.02467
0.0193933
0.0146632
0.0105047
0.0069179
0.00388572
0.00114022
3.05447e-22
7.00375e-22
1.85205e-21
1.41803e-21
5.24033e-22
1.76563e-21
2.81959e-22
1.46393e-21
2.17288e-22
1.37555e-21
3.24081e-21
2.81206e-21
2.60117e-21
6.4331e-21
1.39214e-20
4.41095e-20
1.36631e-19
4.27459e-19
1.29623e-18
3.96274e-18
1.20242e-17
3.61982e-17
1.08227e-16
3.23795e-16
9.52346e-16
2.83552e-15
8.33557e-15
2.41269e-14
6.94975e-14
1.95686e-13
5.66393e-13
1.5935e-12
4.4898e-12
1.22194e-11
3.27221e-11
8.86888e-11
2.2894e-10
5.86528e-10
1.53144e-09
3.92725e-09
9.63104e-09
2.34873e-08
5.58308e-08
1.33195e-07
3.23965e-07
7.85802e-07
1.86642e-06
4.34421e-06
9.84118e-06
2.1722e-05
4.66833e-05
9.75004e-05
0.000197227
0.000352437
0.000626349
0.00105369
0.00175643
0.00288812
0.00454529
0.00681745
0.00977917
0.013265
0.0174177
0.0221564
0.027365
0.0328968
0.0386402
0.0443768
0.0499648
0.0552588
0.0602401
0.0647921
0.0689548
0.0727322
0.0761254
0.0792176
0.0818712
0.084197
0.0862092
0.0878844
0.0890771
0.0895098
0.0886504
0.0861427
0.0823552
0.0771802
0.0709647
0.0641748
0.0571634
0.0500569
0.0432365
0.0366024
0.0304161
0.0246514
0.0193787
0.014652
0.0104966
0.00691247
0.00388261
0.00113927
7.09114e-22
1.83451e-22
3.69839e-23
5.16099e-23
9.17385e-22
5.02295e-22
1.47483e-21
1.05979e-21
2.03809e-21
1.05828e-21
2.00411e-21
1.4145e-21
2.5041e-21
3.54048e-21
7.89586e-21
3.39038e-20
1.16966e-19
3.6374e-19
1.13924e-18
3.46992e-18
1.05488e-17
3.19489e-17
9.65019e-17
2.88559e-16
8.56097e-16
2.52732e-15
7.42814e-15
2.17076e-14
6.31586e-14
1.7874e-13
5.1565e-13
1.46292e-12
4.05942e-12
1.12261e-11
2.97947e-11
8.08951e-11
2.128e-10
5.4487e-10
1.43945e-09
3.67337e-09
9.10534e-09
2.22462e-08
5.31214e-08
1.24329e-07
3.05017e-07
7.44227e-07
1.77957e-06
4.16361e-06
9.49079e-06
2.10847e-05
4.56234e-05
9.58741e-05
0.000195384
0.000352972
0.000619974
0.00104821
0.00175545
0.00289417
0.00456373
0.00685318
0.00984027
0.0133597
0.0175461
0.0223061
0.0275334
0.0330787
0.0388263
0.0445793
0.0501581
0.0554254
0.0603926
0.0649264
0.0690746
0.0728341
0.0762122
0.0792883
0.0819318
0.0842501
0.0862539
0.0879179
0.0891003
0.0895192
0.0886419
0.0861229
0.0823265
0.0771464
0.0709314
0.0641455
0.0571398
0.0500418
0.0432261
0.036596
0.0304128
0.0246505
0.0193793
0.0146534
0.0104982
0.00691383
0.00388352
0.00113957
1.10231e-22
4.41458e-22
4.18511e-22
5.19361e-22
1.00995e-21
3.47303e-21
1.96631e-21
2.53807e-21
3.14569e-21
4.01354e-21
1.0129e-21
1.59874e-21
1.85865e-21
4.29491e-21
1.18173e-20
3.28527e-20
1.02843e-19
3.13189e-19
9.63229e-19
2.92757e-18
8.88936e-18
2.73893e-17
8.22317e-17
2.49344e-16
7.34973e-16
2.2048e-15
6.45858e-15
1.86886e-14
5.53511e-14
1.59411e-13
4.58168e-13
1.29308e-12
3.64017e-12
9.99704e-12
2.70635e-11
7.27747e-11
1.91884e-10
5.01948e-10
1.30245e-09
3.37004e-09
8.44655e-09
2.07916e-08
5.15149e-08
1.21287e-07
2.81352e-07
6.92992e-07
1.6593e-06
3.87949e-06
8.9208e-06
1.99222e-05
4.32527e-05
9.09467e-05
0.000183846
0.000354503
0.000615753
0.00104121
0.00175017
0.00289429
0.00457476
0.00688392
0.00990166
0.0134474
0.0176516
0.0224438
0.0276997
0.0332704
0.0390214
0.0447576
0.0503239
0.0555835
0.0605357
0.0650587
0.0691967
0.0729413
0.0763008
0.0793584
0.081991
0.0842995
0.086295
0.0879487
0.0891224
0.0895312
0.0886432
0.08612
0.0823225
0.0771446
0.0709347
0.0641551
0.0571554
0.0500631
0.0432509
0.0366208
0.0304381
0.0246747
0.0194011
0.014672
0.0105128
0.00692424
0.00388978
0.00114154
1.93669e-22
7.08132e-22
7.35246e-22
1.67815e-21
3.44585e-21
1.91429e-21
1.16412e-21
2.46882e-22
2.04132e-21
2.00843e-21
1.29858e-21
1.92277e-21
1.81081e-21
6.79483e-21
1.20094e-20
2.89285e-20
8.33665e-20
2.51724e-19
7.80073e-19
2.38738e-18
7.34496e-18
2.25104e-17
6.88776e-17
2.08228e-16
6.25273e-16
1.86267e-15
5.50032e-15
1.60972e-14
4.66902e-14
1.3321e-13
3.95442e-13
1.1206e-12
3.12366e-12
8.73344e-12
2.39309e-11
6.44468e-11
1.71831e-10
4.55372e-10
1.19797e-09
3.10257e-09
7.84828e-09
1.93308e-08
4.76148e-08
1.17925e-07
2.75378e-07
6.33619e-07
1.5393e-06
3.61697e-06
8.30077e-06
1.87227e-05
4.09065e-05
8.65823e-05
0.000176936
0.000348984
0.000608434
0.00103049
0.00173896
0.00288507
0.00457255
0.00689463
0.00992919
0.0134972
0.0177314
0.0225584
0.0278453
0.0334242
0.0391996
0.0449206
0.050483
0.0557315
0.0606742
0.0651823
0.0693017
0.0730349
0.0763856
0.0794277
0.0820483
0.0843455
0.086332
0.0879762
0.0891432
0.0895465
0.0886565
0.0861377
0.0823488
0.0771823
0.0709842
0.0642148
0.0572228
0.0501334
0.0433232
0.0366879
0.0305022
0.0247333
0.0194521
0.0147138
0.0105452
0.00694708
0.00390339
0.0011458
2.27091e-22
6.647e-23
1.11493e-21
1.33649e-21
2.73576e-21
3.23953e-21
1.0171e-21
2.10235e-21
3.65146e-22
1.3559e-21
1.71746e-21
1.66499e-21
3.20303e-21
4.07093e-21
8.64094e-21
2.49711e-20
6.57307e-20
1.9907e-19
6.10037e-19
1.90655e-18
5.87195e-18
1.79084e-17
5.48795e-17
1.66451e-16
5.09704e-16
1.50323e-15
4.53833e-15
1.3264e-14
3.86968e-14
1.14256e-13
3.32163e-13
9.48721e-13
2.62969e-12
7.48388e-12
2.0542e-11
5.65564e-11
1.50372e-10
4.09003e-10
1.08159e-09
2.78021e-09
7.06114e-09
1.76407e-08
4.32028e-08
1.06332e-07
2.63341e-07
6.35591e-07
1.45441e-06
3.33163e-06
7.73484e-06
1.74732e-05
3.8708e-05
8.28544e-05
0.000171079
0.000340895
0.000598169
0.00101675
0.00172156
0.00286645
0.00455771
0.00689012
0.00994256
0.0135346
0.0178021
0.0226552
0.0279553
0.0335579
0.0393357
0.0450637
0.0506266
0.0558731
0.060814
0.0653085
0.06941
0.073123
0.0764566
0.0794829
0.082093
0.0843821
0.0863615
0.0879985
0.0891619
0.0895658
0.0886853
0.0861819
0.082414
0.0772709
0.0710934
0.0643395
0.0573576
0.0502676
0.043458
0.0368106
0.0306174
0.0248375
0.0195423
0.014788
0.0106019
0.00698664
0.00392685
0.00115312
3.77621e-22
1.43086e-22
2.24807e-23
7.17674e-22
1.28827e-22
8.80524e-23
1.2767e-21
1.57325e-21
1.41784e-21
1.60041e-21
2.2843e-21
3.05323e-21
6.08191e-21
6.24868e-21
9.18395e-21
2.19251e-20
4.99549e-20
1.50244e-19
4.61163e-19
1.4205e-18
4.35895e-18
1.37521e-17
4.15026e-17
1.29444e-16
3.98165e-16
1.20015e-15
3.59369e-15
1.06776e-14
3.14835e-14
9.22302e-14
2.70324e-13
7.82026e-13
2.21529e-12
6.29424e-12
1.74559e-11
4.77674e-11
1.30179e-10
3.46977e-10
9.56802e-10
2.4838e-09
6.30253e-09
1.55661e-08
3.88273e-08
9.2676e-08
2.323e-07
5.79252e-07
1.40744e-06
3.07637e-06
7.20127e-06
1.6436e-05
3.66426e-05
7.90378e-05
0.000164562
0.000330602
0.000583515
0.00099708
0.00169691
0.00283795
0.00452975
0.00686913
0.00993646
0.0135471
0.0178358
0.0227118
0.0280397
0.0336622
0.039456
0.0452072
0.0507564
0.0559977
0.0609231
0.0654062
0.0694968
0.073198
0.0765185
0.0795306
0.0821306
0.0844113
0.086384
0.0880158
0.0891786
0.0895903
0.0887328
0.0862583
0.082527
0.0774222
0.0712764
0.064545
0.0575766
0.0504827
0.0436718
0.0370036
0.0307976
0.0249992
0.0196809
0.0149008
0.0106883
0.007047
0.00396264
0.0011643
2.97485e-22
1.78444e-22
3.51612e-22
1.50694e-21
2.66495e-22
1.53772e-21
1.21772e-21
1.04139e-21
9.0301e-22
2.66558e-21
4.5991e-21
5.79546e-21
5.96364e-21
3.43337e-21
4.71915e-21
9.52971e-21
3.20022e-20
1.00017e-19
3.22927e-19
1.01787e-18
3.22627e-18
1.01154e-17
3.14414e-17
9.74279e-17
3.01423e-16
9.15149e-16
2.75769e-15
8.38592e-15
2.49499e-14
7.30028e-14
2.18209e-13
6.29742e-13
1.79834e-12
5.14736e-12
1.45477e-11
3.96313e-11
1.0982e-10
2.96936e-10
8.01015e-10
2.14235e-09
5.47021e-09
1.37799e-08
3.41053e-08
8.50197e-08
2.07742e-07
5.26804e-07
1.33607e-06
3.00627e-06
6.64056e-06
1.50782e-05
3.38073e-05
7.43662e-05
0.000156557
0.000316952
0.000561554
0.000970883
0.00167095
0.00280705
0.00449497
0.00683505
0.00991394
0.013542
0.0178544
0.0227578
0.0281136
0.0337619
0.0395894
0.0453391
0.0509051
0.05613
0.0610331
0.0655055
0.0695827
0.0732685
0.0765746
0.0795729
0.0821624
0.0844343
0.0864003
0.0880285
0.0891939
0.0896209
0.0888014
0.0863719
0.0826949
0.0776463
0.071546
0.0648457
0.0578955
0.0507953
0.0439815
0.037283
0.0310574
0.0252313
0.019878
0.015062
0.010812
0.00713348
0.00401391
0.00118032
2.69991e-22
7.06276e-22
1.03402e-21
2.86812e-21
1.80514e-21
2.93557e-21
2.01211e-21
1.74121e-21
2.81805e-21
1.85326e-21
7.59382e-22
9.76039e-22
4.16507e-21
5.93734e-21
5.33971e-21
7.14888e-21
2.06068e-20
6.70617e-20
2.205e-19
6.92908e-19
2.21071e-18
7.0433e-18
2.22615e-17
6.99632e-17
2.18432e-16
6.76228e-16
2.07701e-15
6.34448e-15
1.91054e-14
5.68732e-14
1.67503e-13
4.90196e-13
1.41355e-12
4.14413e-12
1.17965e-11
3.20525e-11
9.2543e-11
2.51905e-10
6.80836e-10
1.7756e-09
4.67263e-09
1.17556e-08
2.93197e-08
7.39586e-08
1.81874e-07
4.70343e-07
1.17046e-06
2.88827e-06
6.35587e-06
1.36972e-05
3.11138e-05
6.85712e-05
0.000147314
0.00030226
0.000541486
0.000939296
0.00162964
0.00276071
0.00444711
0.00678981
0.00988115
0.0135288
0.0178684
0.0228037
0.0281902
0.0338763
0.0397246
0.0455016
0.0510567
0.0562774
0.0611675
0.0656231
0.0696842
0.0733556
0.0766443
0.0796206
0.0821938
0.0844542
0.0864125
0.088038
0.0892086
0.0896579
0.0888911
0.086524
0.0829203
0.0779476
0.0719084
0.0652499
0.0583243
0.0512178
0.0444005
0.0376639
0.0314131
0.0255505
0.0201507
0.015286
0.0109832
0.00725276
0.00408445
0.00120237
6.8566e-22
2.19789e-21
4.22831e-21
3.79281e-21
4.72635e-21
4.51056e-21
3.08628e-21
2.25005e-21
1.45912e-21
2.72781e-21
4.20661e-21
5.8599e-21
6.04767e-21
5.74704e-21
7.50645e-21
9.69025e-21
1.7747e-20
4.95755e-20
1.54882e-19
4.91024e-19
1.59246e-18
5.09273e-18
1.62405e-17
5.06576e-17
1.62731e-16
5.04018e-16
1.55394e-15
4.72067e-15
1.43878e-14
4.28763e-14
1.27205e-13
3.84688e-13
1.11941e-12
3.27503e-12
9.35734e-12
2.6399e-11
7.37161e-11
2.02581e-10
5.54509e-10
1.48834e-09
3.86965e-09
9.92489e-09
2.49397e-08
6.26868e-08
1.59158e-07
4.09842e-07
1.03707e-06
2.52562e-06
6.06486e-06
1.32498e-05
2.8316e-05
6.28459e-05
0.000135028
0.000274609
0.000525713
0.000909412
0.00158316
0.00269986
0.00437954
0.00672512
0.00983106
0.0135023
0.0178784
0.0228609
0.0283078
0.034036
0.0398964
0.0457013
0.0512477
0.056457
0.0613236
0.0657641
0.0698067
0.073459
0.0767328
0.079649
0.0822174
0.08447
0.0864217
0.0880458
0.0892237
0.0897008
0.0889986
0.086709
0.0831965
0.0783189
0.0723559
0.0657492
0.0588558
0.051753
0.0449309
0.0381572
0.0318756
0.025968
0.0205113
0.0155785
0.0112062
0.00740775
0.00417593
0.00123099
3.39576e-23
1.76561e-21
2.02143e-21
3.54406e-21
4.87502e-21
3.34736e-21
2.03746e-21
3.71203e-21
5.40571e-21
5.93019e-21
4.94652e-21
4.75173e-21
4.52853e-21
2.72714e-21
2.23415e-21
4.57887e-21
1.1908e-20
3.95171e-20
1.15251e-19
3.66951e-19
1.1787e-18
3.77959e-18
1.20957e-17
3.84562e-17
1.21442e-16
3.79447e-16
1.17421e-15
3.59869e-15
1.09288e-14
3.29566e-14
9.85028e-14
2.95751e-13
8.71538e-13
2.54137e-12
7.34675e-12
2.08895e-11
5.87401e-11
1.60024e-10
4.50307e-10
1.22953e-09
3.21224e-09
8.31956e-09
2.10547e-08
5.33166e-08
1.33839e-07
3.47491e-07
8.92335e-07
2.22239e-06
5.31301e-06
1.2224e-05
2.4875e-05
5.54225e-05
0.000118263
0.000246621
0.000483216
0.000884752
0.00154035
0.00263845
0.00431055
0.00666115
0.00978621
0.0134894
0.017908
0.0229344
0.0284301
0.0342082
0.0401028
0.0459273
0.0514814
0.0566853
0.0615371
0.0659451
0.0699585
0.073583
0.07683
0.0797115
0.0822591
0.0844961
0.0864369
0.0880573
0.089242
0.0897492
0.0891198
0.0869278
0.0835121
0.0787372
0.0728533
0.0662918
0.0594081
0.0524389
0.0455873
0.0387524
0.0324339
0.0264727
0.0209466
0.0159294
0.0114746
0.00759534
0.00428685
0.00126584
5.69504e-23
1.35674e-21
2.10918e-21
7.44042e-22
3.21023e-21
2.61124e-21
4.46491e-21
4.76796e-21
3.41985e-21
3.26571e-21
3.09148e-21
2.32694e-21
2.13151e-21
2.94686e-21
4.6624e-21
6.97813e-21
1.60727e-20
4.22313e-20
1.2304e-19
3.70628e-19
1.11635e-18
3.41265e-18
1.04596e-17
3.16914e-17
9.95666e-17
3.03049e-16
9.20563e-16
2.83591e-15
8.54501e-15
2.57138e-14
7.71867e-14
2.29336e-13
6.60396e-13
1.96193e-12
5.71481e-12
1.65758e-11
4.69548e-11
1.30546e-10
3.61331e-10
9.81645e-10
2.62927e-09
6.70531e-09
1.71563e-08
4.35227e-08
1.11729e-07
2.8574e-07
7.31691e-07
1.82411e-06
4.39629e-06
1.02366e-05
2.3669e-05
4.87186e-05
0.000105811
0.000221735
0.000440933
0.000846174
0.00149071
0.00257073
0.00423346
0.00658056
0.00972486
0.0134643
0.0179413
0.0230497
0.0286159
0.0344605
0.0404336
0.0462586
0.05178
0.0569467
0.0617611
0.0661484
0.0701302
0.0737249
0.0769414
0.0797982
0.0823178
0.084534
0.0864603
0.0880731
0.0892608
0.0897898
0.089214
0.08716
0.0838287
0.0791572
0.0733595
0.0668581
0.0600246
0.0531097
0.0462663
0.0394013
0.0330317
0.0270172
0.0214285
0.0163215
0.0117704
0.00780133
0.00440757
0.00130365
1.14872e-21
1.9311e-21
1.76528e-21
1.65424e-21
1.31532e-21
1.57358e-21
1.35296e-21
1.64333e-21
1.60481e-21
1.59913e-21
1.6096e-21
1.57986e-21
1.28723e-21
2.04955e-21
4.11839e-21
8.2634e-21
1.89405e-20
5.18908e-20
1.40991e-19
4.02865e-19
1.16009e-18
3.38193e-18
9.92047e-18
2.92317e-17
8.72235e-17
2.59688e-16
7.71725e-16
2.29545e-15
6.78805e-15
2.00176e-14
5.89673e-14
1.74122e-13
5.05742e-13
1.47141e-12
4.30451e-12
1.21856e-11
3.5207e-11
9.91472e-11
2.73149e-10
7.70288e-10
2.04318e-09
5.26959e-09
1.35162e-08
3.37173e-08
8.18973e-08
2.11962e-07
5.51685e-07
1.40908e-06
3.50418e-06
8.51771e-06
1.98294e-05
4.52671e-05
9.17566e-05
0.000192737
0.000397526
0.000768778
0.00139181
0.00245222
0.00410263
0.00648616
0.00967001
0.0134609
0.0180031
0.0231811
0.0288234
0.0347409
0.0407553
0.0465742
0.0520913
0.0572529
0.0620009
0.066349
0.0702991
0.0738552
0.0770382
0.0798667
0.0823664
0.0845666
0.0864815
0.0880877
0.089277
0.0898223
0.08929
0.087302
0.0840393
0.07945
0.0737278
0.0672935
0.0605025
0.0536059
0.0467694
0.0398925
0.0334995
0.0274439
0.0218061
0.0166595
0.0120447
0.00799227
0.00451893
0.00133916
)
;

boundaryField
{
    fuel
    {
        type            fixedValue;
        value           uniform 0;
    }
    air
    {
        type            fixedValue;
        value           uniform 0;
    }
    outlet
    {
        type            inletOutlet;
        inletValue      uniform 0;
        value           nonuniform List<scalar> 
200
(
0
0
0
0
0
0
0
0
0
0
1.41289e-21
1.23551e-21
1.94796e-21
2.45272e-21
3.97996e-21
9.30596e-21
1.9601e-20
4.77516e-20
1.33603e-19
3.80155e-19
1.08994e-18
3.11717e-18
9.53812e-18
2.80347e-17
8.36074e-17
2.48709e-16
7.31264e-16
2.21603e-15
6.54287e-15
1.93184e-14
5.70356e-14
1.68132e-13
4.90402e-13
1.42154e-12
4.09947e-12
1.14277e-11
3.23331e-11
9.28023e-11
2.59848e-10
7.20522e-10
1.9293e-09
5.06994e-09
1.30368e-08
3.27358e-08
8.01852e-08
2.05656e-07
5.3674e-07
1.37974e-06
3.45357e-06
8.35012e-06
1.94155e-05
4.40247e-05
8.95306e-05
0.000189449
0.000387593
0.000752423
0.00136531
0.0024128
0.00404047
0.00639666
0.00955654
0.0133312
0.0178634
0.023039
0.0286887
0.0346095
0.0406315
0.0464588
0.0519807
0.0571428
0.0619112
0.0662659
0.0702262
0.0737913
0.0769766
0.0798102
0.082316
0.0845223
0.0864433
0.088059
0.0892579
0.0898188
0.0893128
0.0873522
0.0841112
0.0795454
0.0738376
0.0674061
0.060619
0.0537196
0.0468765
0.0399885
0.0335867
0.0275178
0.0218677
0.0167091
0.0120826
0.00801898
0.00453498
0.00134424
0
0
0
0
0
0
0
0
0
0
1.6096e-21
1.57986e-21
1.28723e-21
2.04955e-21
4.11839e-21
8.2634e-21
1.89405e-20
5.18908e-20
1.40991e-19
4.02865e-19
1.16009e-18
3.38193e-18
9.92047e-18
2.92317e-17
8.72235e-17
2.59688e-16
7.71725e-16
2.29545e-15
6.78805e-15
2.00176e-14
5.89673e-14
1.74122e-13
5.05742e-13
1.47141e-12
4.30451e-12
1.21856e-11
3.5207e-11
9.91472e-11
2.73149e-10
7.70288e-10
2.04318e-09
5.26959e-09
1.35162e-08
3.37173e-08
8.18973e-08
2.11962e-07
5.51685e-07
1.40908e-06
3.50418e-06
8.51771e-06
1.98294e-05
4.52671e-05
9.17566e-05
0.000192737
0.000397526
0.000768778
0.00139181
0.00245222
0.00410263
0.00648616
0.00967001
0.0134609
0.0180031
0.0231811
0.0288234
0.0347409
0.0407553
0.0465742
0.0520913
0.0572529
0.0620009
0.066349
0.0702991
0.0738552
0.0770382
0.0798667
0.0823664
0.0845666
0.0864815
0.0880877
0.089277
0.0898223
0.08929
0.087302
0.0840393
0.07945
0.0737278
0.0672935
0.0605025
0.0536059
0.0467694
0.0398925
0.0334995
0.0274439
0.0218061
0.0166595
0.0120447
0.00799227
0.00451893
0.00133916
)
;
    }
    frontAndBack
    {
        type            empty;
    }
    internal
    {
        type            internal;
    }
}


// ************************************************************************* //
