/*--------------------------------*- C++ -*----------------------------------*\
  =========                 |
  \\      /  F ield         | OpenFOAM: The Open Source CFD Toolbox
   \\    /   O peration     | Website:  https://openfoam.org
    \\  /    A nd           | Version:  10
     \\/     M anipulation  |
\*---------------------------------------------------------------------------*/
FoamFile
{
    format      ascii;
    class       volScalarField;
    location    "1";
    object      HO2;
}
// * * * * * * * * * * * * * * * * * * * * * * * * * * * * * * * * * * * * * //

dimensions      [0 0 0 0 0 0 0];

internalField   nonuniform List<scalar> 
4000
(
8.57972e-36
5.43612e-35
2.41394e-34
9.35021e-34
3.37924e-33
1.1423e-32
3.66751e-32
1.13457e-31
3.42007e-31
1.01799e-30
3.04075e-30
8.52492e-30
2.3661e-29
6.60777e-29
1.86644e-28
5.32689e-28
1.53289e-27
4.60685e-27
1.37043e-26
4.13449e-26
1.2568e-25
3.79838e-25
1.23634e-24
3.86851e-24
1.23152e-23
3.91845e-23
1.23457e-22
4.0282e-22
1.28108e-21
4.08392e-21
1.30459e-20
4.16997e-20
1.32126e-19
4.16744e-19
1.31083e-18
3.98678e-18
1.23588e-17
3.91037e-17
1.20727e-16
3.69545e-16
1.09266e-15
3.18115e-15
9.0785e-15
2.53274e-14
6.90114e-14
1.99116e-13
5.85275e-13
1.69169e-12
4.75266e-12
1.28579e-11
3.32531e-11
8.33013e-11
1.84053e-10
4.2477e-10
9.50289e-10
2.05012e-09
4.24022e-09
8.96242e-09
1.89717e-08
4.00017e-08
8.24972e-08
1.56738e-07
2.71198e-07
3.9999e-07
5.21232e-07
6.39428e-07
7.49207e-07
8.34007e-07
8.81653e-07
8.92664e-07
8.92135e-07
9.03674e-07
8.88454e-07
7.982e-07
6.36787e-07
4.47618e-07
3.67561e-07
3.70675e-07
3.74586e-07
3.58089e-07
3.42091e-07
3.53257e-07
4.27791e-07
6.17872e-07
9.75943e-07
1.58093e-06
2.35289e-06
3.13429e-06
3.83442e-06
4.42997e-06
4.91504e-06
5.2782e-06
5.47095e-06
5.49176e-06
5.29943e-06
4.78661e-06
3.86579e-06
2.62488e-06
1.45735e-06
4.42246e-07
7.13193e-36
4.24502e-35
1.60949e-34
5.63419e-34
1.89593e-33
6.18377e-33
1.96301e-32
6.08309e-32
1.79131e-31
5.1517e-31
1.46739e-30
4.18752e-30
1.20715e-29
3.53731e-29
1.05684e-28
3.22719e-28
1.00166e-27
3.16778e-27
1.01664e-26
3.29094e-26
1.07548e-25
3.54846e-25
1.1717e-24
3.87591e-24
1.28524e-23
4.23971e-23
1.39716e-22
4.59457e-22
1.49953e-21
4.85308e-21
1.56675e-20
5.31346e-20
1.70585e-19
5.38798e-19
1.69513e-18
5.26138e-18
1.66458e-17
5.10173e-17
1.5677e-16
4.71009e-16
1.40248e-15
4.04904e-15
1.16083e-14
3.23864e-14
9.23024e-14
2.69811e-13
7.83121e-13
2.22392e-12
6.17112e-12
1.66732e-11
3.96809e-11
8.85062e-11
2.08921e-10
4.70632e-10
1.03628e-09
2.22917e-09
4.48625e-09
9.3165e-09
1.94766e-08
4.05223e-08
8.29562e-08
1.5674e-07
2.70147e-07
3.98092e-07
5.18616e-07
6.36682e-07
7.47669e-07
8.35857e-07
8.87755e-07
9.02113e-07
9.02474e-07
9.14661e-07
9.03347e-07
8.15173e-07
6.5205e-07
4.5861e-07
3.74085e-07
3.76324e-07
3.80277e-07
3.635e-07
3.47169e-07
3.59203e-07
4.37066e-07
6.33361e-07
1.00114e-06
1.61948e-06
2.39862e-06
3.18118e-06
3.88169e-06
4.4745e-06
4.95456e-06
5.30816e-06
5.48975e-06
5.49512e-06
5.28181e-06
4.74013e-06
3.79138e-06
2.55353e-06
1.41214e-06
4.26782e-07
3.34664e-36
1.77976e-35
6.15221e-35
1.90455e-34
5.65126e-34
1.63645e-33
4.65285e-33
1.32114e-32
3.86654e-32
1.19801e-31
3.85075e-31
1.278e-30
4.34861e-30
1.50197e-29
5.23839e-29
1.83783e-28
6.45872e-28
2.23615e-27
8.15332e-27
2.85482e-26
1.00251e-25
3.50076e-25
1.21413e-24
4.17538e-24
1.42382e-23
4.82365e-23
1.62839e-22
5.5105e-22
1.82252e-21
5.99577e-21
2.0185e-20
6.55153e-20
2.08207e-19
6.69493e-19
2.14242e-18
6.70186e-18
2.06494e-17
6.33108e-17
1.92678e-16
5.72444e-16
1.68354e-15
4.67405e-15
1.40274e-14
3.85607e-14
1.14061e-13
3.26371e-13
9.49175e-13
2.67071e-12
7.17672e-12
1.8999e-11
4.48709e-11
1.00703e-10
2.35455e-10
5.34334e-10
1.1361e-09
2.32161e-09
4.61365e-09
9.52357e-09
1.98108e-08
4.10644e-08
8.36236e-08
1.57301e-07
2.70059e-07
3.97273e-07
5.17347e-07
6.35429e-07
7.47813e-07
8.39797e-07
8.95732e-07
9.13095e-07
9.13895e-07
9.27468e-07
9.19952e-07
8.35204e-07
6.71108e-07
4.72769e-07
3.83011e-07
3.84263e-07
3.88228e-07
3.71021e-07
3.54619e-07
3.67682e-07
4.50123e-07
6.56033e-07
1.03895e-06
1.67637e-06
2.46518e-06
3.24921e-06
3.94502e-06
4.53462e-06
5.00595e-06
5.34388e-06
5.5084e-06
5.4942e-06
5.2552e-06
4.68102e-06
3.70458e-06
2.46778e-06
1.36e-06
4.09422e-07
1.30173e-36
6.74697e-36
2.34679e-35
7.39929e-35
2.27584e-34
7.05455e-34
2.24848e-33
7.63539e-33
2.63521e-32
9.2789e-32
3.36154e-31
1.2185e-30
4.48869e-30
1.63092e-29
5.92047e-29
2.14186e-28
7.71637e-28
2.76584e-27
9.85277e-27
3.48961e-26
1.22788e-25
4.30517e-25
1.49689e-24
5.16879e-24
1.79369e-23
6.10192e-23
2.06312e-22
6.90189e-22
2.23675e-21
7.7068e-21
2.51123e-20
8.16366e-20
2.61955e-19
8.39214e-19
2.66929e-18
8.32082e-18
2.5484e-17
7.82215e-17
2.32401e-16
7.04749e-16
2.05974e-15
5.86698e-15
1.70121e-14
4.68549e-14
1.32316e-13
3.88335e-13
1.11606e-12
3.0824e-12
8.41667e-12
2.02697e-11
4.73247e-11
1.1595e-10
2.70408e-10
5.93339e-10
1.23957e-09
2.37814e-09
4.73271e-09
9.72218e-09
2.01371e-08
4.14686e-08
8.40624e-08
1.5753e-07
2.6972e-07
3.96585e-07
5.16493e-07
6.34831e-07
7.48809e-07
8.43958e-07
9.0438e-07
9.25402e-07
9.28524e-07
9.431e-07
9.3783e-07
8.54755e-07
6.90889e-07
4.85609e-07
3.92696e-07
3.93855e-07
3.97868e-07
3.79809e-07
3.62492e-07
3.7613e-07
4.62406e-07
6.82449e-07
1.07988e-06
1.73445e-06
2.52955e-06
3.31035e-06
3.99964e-06
4.593e-06
5.05219e-06
5.37291e-06
5.52213e-06
5.48969e-06
5.22522e-06
4.62269e-06
3.62047e-06
2.39086e-06
1.31151e-06
3.93179e-07
1.05264e-36
5.58031e-36
2.04855e-35
6.98997e-35
2.35912e-34
8.02962e-34
2.76964e-33
9.66449e-33
3.39545e-32
1.22944e-31
4.41126e-31
1.59681e-30
5.8414e-30
2.11101e-29
7.73288e-29
2.78212e-28
9.97636e-28
3.62107e-27
1.29192e-26
4.5796e-26
1.61444e-25
5.62927e-25
1.95012e-24
6.71077e-24
2.29552e-23
7.78726e-23
2.62434e-22
8.88166e-22
2.94405e-21
9.67173e-21
3.15613e-20
1.04656e-19
3.33603e-19
1.06259e-18
3.33099e-18
1.03039e-17
3.13275e-17
9.32848e-17
2.84404e-16
8.41968e-16
2.43513e-15
6.94437e-15
1.93925e-14
5.50563e-14
1.54213e-13
4.48551e-13
1.26441e-12
3.52178e-12
8.81873e-12
2.09768e-11
5.289e-11
1.27762e-10
2.98184e-10
6.60877e-10
1.27554e-09
2.44374e-09
4.84974e-09
9.89727e-09
2.03906e-08
4.18859e-08
8.45989e-08
1.5807e-07
2.69948e-07
3.96526e-07
5.16343e-07
6.35085e-07
7.50485e-07
8.47884e-07
9.11578e-07
9.35987e-07
9.40928e-07
9.56439e-07
9.54428e-07
8.74638e-07
7.09781e-07
4.99373e-07
4.01876e-07
4.02485e-07
4.06284e-07
3.87372e-07
3.69734e-07
3.84557e-07
4.75652e-07
7.04588e-07
1.11617e-06
1.7858e-06
2.58693e-06
3.36646e-06
4.05169e-06
4.63876e-06
5.08936e-06
5.39661e-06
5.53278e-06
5.48475e-06
5.19831e-06
4.5706e-06
3.54895e-06
2.32713e-06
1.27057e-06
3.79819e-07
1.56492e-36
8.63136e-36
3.27403e-35
1.1616e-34
4.06516e-34
1.42193e-33
4.98327e-33
1.75129e-32
6.16685e-32
2.17686e-31
7.66966e-31
2.69645e-30
9.67893e-30
3.41611e-29
1.20423e-28
4.28979e-28
1.51139e-27
5.32126e-27
1.87234e-26
6.51125e-26
2.2889e-25
7.8527e-25
2.67241e-24
9.04926e-24
3.07295e-23
1.04602e-22
3.47722e-22
1.14277e-21
3.80921e-21
1.23337e-20
3.93981e-20
1.32106e-19
4.15531e-19
1.3009e-18
3.98311e-18
1.24059e-17
3.70876e-17
1.0839e-16
3.36412e-16
1.02069e-15
2.87993e-15
8.01972e-15
2.24315e-14
6.27379e-14
1.78296e-13
5.03877e-13
1.45269e-12
3.71402e-12
9.18837e-12
2.31701e-11
5.78093e-11
1.38854e-10
3.16584e-10
6.92632e-10
1.32716e-09
2.51636e-09
4.94071e-09
1.00554e-08
2.06036e-08
4.21723e-08
8.49271e-08
1.58282e-07
2.69846e-07
3.96282e-07
5.16124e-07
6.35214e-07
7.51884e-07
8.51783e-07
9.18774e-07
9.4517e-07
9.50864e-07
9.67457e-07
9.68042e-07
8.89135e-07
7.23532e-07
5.10287e-07
4.09285e-07
4.09295e-07
4.13114e-07
3.93808e-07
3.75822e-07
3.91541e-07
4.86354e-07
7.22293e-07
1.14547e-06
1.82684e-06
2.63278e-06
3.41151e-06
4.09359e-06
4.67493e-06
5.11869e-06
5.41476e-06
5.5407e-06
5.48058e-06
5.17752e-06
4.53022e-06
3.49414e-06
2.2791e-06
1.24084e-06
3.69946e-07
2.43869e-36
1.31536e-35
5.04908e-35
1.78211e-34
6.17493e-34
2.17754e-33
7.57432e-33
2.6462e-32
9.2649e-32
3.24546e-31
1.13804e-30
3.99275e-30
1.40037e-29
4.90678e-29
1.72146e-28
6.04947e-28
2.1241e-27
7.39052e-27
2.56752e-26
8.95725e-26
3.08115e-25
1.05078e-24
3.51235e-24
1.20969e-23
4.02134e-23
1.33116e-22
4.39225e-22
1.39956e-21
4.74988e-21
1.5472e-20
4.95936e-20
1.5774e-19
5.00159e-19
1.564e-18
4.78578e-18
1.47531e-17
4.51097e-17
1.30731e-16
4.03529e-16
1.17471e-15
3.33161e-15
9.34071e-15
2.56581e-14
7.11985e-14
1.97309e-13
5.59842e-13
1.53723e-12
3.74669e-12
9.87452e-12
2.51297e-11
6.1709e-11
1.462e-10
3.29929e-10
7.14856e-10
1.36144e-09
2.57057e-09
5.01226e-09
1.01546e-08
2.07503e-08
4.23503e-08
8.5056e-08
1.58249e-07
2.69488e-07
3.95831e-07
5.157e-07
6.35046e-07
7.52579e-07
8.54286e-07
9.23755e-07
9.52407e-07
9.59123e-07
9.76614e-07
9.79071e-07
9.01981e-07
7.36024e-07
5.20011e-07
4.15843e-07
4.1523e-07
4.19091e-07
3.99362e-07
3.80957e-07
3.97145e-07
4.946e-07
7.35552e-07
1.1672e-06
1.857e-06
2.66647e-06
3.44481e-06
4.12477e-06
4.70192e-06
5.14065e-06
5.42841e-06
5.54691e-06
5.47796e-06
5.16248e-06
4.50096e-06
3.45487e-06
2.2447e-06
1.21961e-06
3.62911e-07
3.48963e-36
1.89132e-35
7.21886e-35
2.57119e-34
9.00698e-34
3.14418e-33
1.09687e-32
3.82737e-32
1.33569e-31
4.66075e-31
1.62507e-30
5.66862e-30
1.97934e-29
6.90765e-29
2.40073e-28
8.34291e-28
2.89678e-27
1.00115e-26
3.44925e-26
1.18529e-25
4.05379e-25
1.37467e-24
4.63202e-24
1.54959e-23
5.15152e-23
1.70238e-22
5.57357e-22
1.79758e-21
5.72703e-21
1.83138e-20
5.94044e-20
1.91264e-19
5.99487e-19
1.85414e-18
5.60567e-18
1.70785e-17
5.17944e-17
1.48635e-16
4.50853e-16
1.33568e-15
3.77555e-15
1.04467e-14
2.91648e-14
7.9929e-14
2.22423e-13
6.25203e-13
1.60126e-12
4.08242e-12
1.06777e-11
2.69534e-11
6.59805e-11
1.53982e-10
3.43083e-10
7.35489e-10
1.39103e-09
2.61103e-09
5.06446e-09
1.02205e-08
2.0819e-08
4.23794e-08
8.49315e-08
1.5783e-07
2.68645e-07
3.94996e-07
5.14879e-07
6.34367e-07
7.52797e-07
8.56131e-07
9.27837e-07
9.58712e-07
9.66331e-07
9.84427e-07
9.8898e-07
9.13788e-07
7.47852e-07
5.29527e-07
4.21582e-07
4.20158e-07
4.2411e-07
4.0405e-07
3.85164e-07
4.01423e-07
5.00414e-07
7.44546e-07
1.18172e-06
1.87711e-06
2.68916e-06
3.46757e-06
4.14645e-06
4.72104e-06
5.15655e-06
5.43879e-06
5.55229e-06
5.47719e-06
5.15269e-06
4.48128e-06
3.42781e-06
2.22132e-06
1.20523e-06
3.58156e-07
4.57429e-36
2.48962e-35
9.5377e-35
3.40185e-34
1.19312e-33
4.16214e-33
1.44883e-32
5.04194e-32
1.75531e-31
6.13369e-31
2.131e-30
7.3911e-30
2.56287e-29
8.92065e-29
3.08258e-28
1.06373e-27
3.66975e-27
1.2602e-26
4.30683e-26
1.48936e-25
5.05513e-25
1.68814e-24
5.74074e-24
1.9021e-23
6.30011e-23
2.08808e-22
6.82388e-22
2.21136e-21
7.08757e-21
2.23558e-20
7.07201e-20
2.24393e-19
6.98534e-19
2.15511e-18
6.56797e-18
1.97025e-17
5.87756e-17
1.67368e-16
5.04799e-16
1.47321e-15
4.18871e-15
1.17059e-14
3.23278e-14
8.91532e-14
2.34908e-13
6.08267e-13
1.67479e-12
4.44756e-12
1.14808e-11
2.8869e-11
6.95271e-11
1.60341e-10
3.537e-10
7.51595e-10
1.41182e-09
2.63797e-09
5.0945e-09
1.02446e-08
2.08062e-08
4.22486e-08
8.44946e-08
1.56807e-07
2.67046e-07
3.93259e-07
5.1331e-07
6.33159e-07
7.5228e-07
8.57418e-07
9.3167e-07
9.64677e-07
9.73739e-07
9.92134e-07
9.98158e-07
9.24854e-07
7.59122e-07
5.3885e-07
4.26732e-07
4.24206e-07
4.28316e-07
4.0803e-07
3.88607e-07
4.04575e-07
5.04109e-07
7.49848e-07
1.19002e-06
1.88871e-06
2.70263e-06
3.48158e-06
4.16032e-06
4.73383e-06
5.16771e-06
5.44681e-06
5.55743e-06
5.47864e-06
5.14862e-06
4.47016e-06
3.4115e-06
2.20701e-06
1.19638e-06
3.55217e-07
5.46295e-36
3.14277e-35
1.18724e-34
4.21493e-34
1.49312e-33
5.20702e-33
1.81811e-32
6.33083e-32
2.20092e-31
7.64063e-31
2.65297e-30
9.23118e-30
3.1912e-29
1.10341e-28
3.81011e-28
1.30095e-27
4.58844e-27
1.56623e-26
5.33671e-26
1.80781e-25
6.06887e-25
2.0677e-24
6.89167e-24
2.28488e-23
7.52391e-23
2.46651e-22
8.03455e-22
2.59188e-21
8.41791e-21
2.68335e-20
8.43543e-20
2.61434e-19
8.02534e-19
2.4481e-18
7.35259e-18
2.1826e-17
6.41864e-17
1.84222e-16
5.63807e-16
1.61511e-15
4.49644e-15
1.2513e-14
3.44022e-14
9.15082e-14
2.38607e-13
6.67809e-13
1.8103e-12
4.77819e-12
1.2328e-11
3.06018e-11
7.29855e-11
1.66678e-10
3.63684e-10
7.61613e-10
1.42516e-09
2.65634e-09
5.1064e-09
1.02346e-08
2.07326e-08
4.20197e-08
8.39179e-08
1.55603e-07
2.64921e-07
3.91069e-07
5.1119e-07
6.31172e-07
7.51068e-07
8.57728e-07
9.34124e-07
9.69484e-07
9.79976e-07
9.98141e-07
1.00586e-06
9.35099e-07
7.70907e-07
5.49154e-07
4.31946e-07
4.27789e-07
4.31955e-07
4.11486e-07
3.91462e-07
4.0683e-07
5.06092e-07
7.52175e-07
1.1933e-06
1.89351e-06
2.70882e-06
3.48873e-06
4.16809e-06
4.74175e-06
5.17529e-06
5.45311e-06
5.5624e-06
5.48165e-06
5.14837e-06
4.46577e-06
3.40368e-06
2.19979e-06
1.19183e-06
3.53683e-07
6.57546e-36
3.7553e-35
1.42559e-34
5.08304e-34
1.78241e-33
6.21738e-33
2.1652e-32
7.52991e-32
2.61246e-31
9.07744e-31
3.19051e-30
1.1045e-29
3.81694e-29
1.32403e-28
4.57701e-28
1.57003e-27
5.4451e-27
1.85171e-26
6.27367e-26
2.12643e-25
7.08039e-25
2.41033e-24
8.00385e-24
2.6409e-23
8.58078e-23
2.83636e-22
9.14523e-22
2.9483e-21
9.53231e-21
3.03609e-20
9.52661e-20
2.94703e-19
8.98447e-19
2.74717e-18
8.18128e-18
2.4184e-17
7.08604e-17
2.03491e-16
6.14538e-16
1.73792e-15
4.81249e-15
1.31786e-14
3.5462e-14
9.37924e-14
2.6095e-13
7.21807e-13
1.95212e-12
5.15711e-12
1.31912e-11
3.25866e-11
7.74323e-11
1.76361e-10
3.86741e-10
7.61634e-10
1.43318e-09
2.66562e-09
5.10111e-09
1.01901e-08
2.05866e-08
4.15971e-08
8.29445e-08
1.53813e-07
2.62621e-07
3.88623e-07
5.08826e-07
6.28933e-07
7.49465e-07
8.57545e-07
9.35982e-07
9.73135e-07
9.84518e-07
1.00283e-06
1.01262e-06
9.44614e-07
7.81361e-07
5.58213e-07
4.36212e-07
4.30442e-07
4.34863e-07
4.14383e-07
3.93788e-07
4.08365e-07
5.06754e-07
7.52229e-07
1.19277e-06
1.89317e-06
2.70953e-06
3.49072e-06
4.17128e-06
4.74604e-06
5.18023e-06
5.45816e-06
5.56731e-06
5.48595e-06
5.15121e-06
4.46641e-06
3.40216e-06
2.19779e-06
1.19043e-06
3.5318e-07
7.87845e-36
4.31249e-35
1.64617e-34
5.86445e-34
2.05353e-33
7.15807e-33
2.49451e-32
8.69937e-32
3.02726e-31
1.0605e-30
3.69309e-30
1.28126e-29
4.43029e-29
1.53717e-28
5.32584e-28
1.82849e-27
6.25544e-27
2.13424e-26
7.24071e-26
2.44428e-25
8.2001e-25
2.73103e-24
9.10654e-24
2.99667e-23
9.79585e-23
3.17674e-22
1.02491e-21
3.25158e-21
1.05583e-20
3.32426e-20
1.01546e-19
3.23984e-19
9.9394e-19
2.97747e-18
9.13314e-18
2.66534e-17
7.68195e-17
2.20094e-16
6.47196e-16
1.87287e-15
5.13691e-15
1.39704e-14
3.7475e-14
1.00731e-13
2.79862e-13
7.70863e-13
2.07879e-12
5.4683e-12
1.39193e-11
3.42e-11
8.08313e-11
1.83089e-10
3.97821e-10
7.58254e-10
1.43954e-09
2.66929e-09
5.08396e-09
1.01293e-08
2.04141e-08
4.12198e-08
8.20637e-08
1.52135e-07
2.59838e-07
3.8589e-07
5.06256e-07
6.26492e-07
7.4762e-07
8.56967e-07
9.37491e-07
9.76388e-07
9.88391e-07
1.00669e-06
1.01808e-06
9.52657e-07
7.9087e-07
5.67142e-07
4.40111e-07
4.32635e-07
4.37312e-07
4.16896e-07
3.95717e-07
4.09364e-07
5.06451e-07
7.50607e-07
1.18939e-06
1.88897e-06
2.70612e-06
3.4889e-06
4.17117e-06
4.74773e-06
5.18332e-06
5.46245e-06
5.57231e-06
5.49124e-06
5.15631e-06
4.47063e-06
3.40507e-06
2.19946e-06
1.19124e-06
3.53401e-07
8.62784e-36
4.82942e-35
1.85103e-34
6.58499e-34
2.30579e-33
8.04469e-33
2.80694e-32
9.79869e-32
3.42886e-31
1.19765e-30
4.1704e-30
1.44701e-29
4.99868e-29
1.73826e-28
5.96567e-28
2.03522e-27
6.80607e-27
2.40949e-26
8.12136e-26
2.74362e-25
9.19996e-25
3.06622e-24
1.01514e-23
3.28998e-23
1.09379e-22
3.51109e-22
1.11979e-21
3.55488e-21
1.13345e-20
3.6769e-20
1.13322e-19
3.55165e-19
1.0813e-18
3.29195e-18
9.75639e-18
2.84187e-17
8.14523e-17
2.32808e-16
6.84048e-16
1.99096e-15
5.48389e-15
1.49691e-14
3.96718e-14
1.08947e-13
2.95343e-13
8.1167e-13
2.18148e-12
5.68941e-12
1.43784e-11
3.50856e-11
8.23486e-11
1.85244e-10
3.99428e-10
7.54655e-10
1.44772e-09
2.67019e-09
5.05934e-09
1.00466e-08
2.02129e-08
4.07574e-08
8.11809e-08
1.50449e-07
2.57215e-07
3.83068e-07
5.03513e-07
6.23818e-07
7.45479e-07
8.55923e-07
9.38294e-07
9.7903e-07
9.918e-07
1.00977e-06
1.02264e-06
9.60037e-07
8.00308e-07
5.76122e-07
4.43918e-07
4.34469e-07
4.39401e-07
4.19134e-07
3.97447e-07
4.10075e-07
5.05549e-07
7.47934e-07
1.18422e-06
1.88229e-06
2.70001e-06
3.48449e-06
4.16871e-06
4.74757e-06
5.18502e-06
5.46595e-06
5.57706e-06
5.49696e-06
5.16278e-06
4.47739e-06
3.41121e-06
2.20382e-06
1.19368e-06
3.54145e-07
9.21697e-36
5.42747e-35
2.06555e-34
7.34937e-34
2.57813e-33
9.02069e-33
3.15399e-32
1.09938e-31
3.82664e-31
1.33037e-30
4.61503e-30
1.59494e-29
5.58059e-29
1.89648e-28
6.52772e-28
2.25269e-27
7.7748e-27
2.63682e-26
8.90889e-26
2.9861e-25
9.92334e-25
3.24411e-24
1.10715e-23
3.61057e-23
1.17458e-22
3.78609e-22
1.22756e-21
3.89861e-21
1.23876e-20
3.89253e-20
1.19935e-19
3.80027e-19
1.13813e-18
3.4821e-18
1.02613e-17
2.99551e-17
8.61246e-17
2.40868e-16
7.20542e-16
2.10345e-15
5.70984e-15
1.54761e-14
4.17493e-14
1.14955e-13
3.08292e-13
8.45132e-13
2.25386e-12
5.84469e-12
1.46937e-11
3.56678e-11
8.32648e-11
1.86393e-10
3.99536e-10
7.50905e-10
1.45232e-09
2.66811e-09
5.03322e-09
9.97113e-09
2.00273e-08
4.02952e-08
8.01504e-08
1.48608e-07
2.54695e-07
3.80327e-07
5.00875e-07
6.21208e-07
7.43241e-07
8.54758e-07
9.38602e-07
9.81042e-07
9.94542e-07
1.01238e-06
1.02654e-06
9.66481e-07
8.08604e-07
5.8449e-07
4.47335e-07
4.35976e-07
4.41239e-07
4.21184e-07
3.98966e-07
4.10551e-07
5.04302e-07
7.44687e-07
1.17816e-06
1.87436e-06
2.6925e-06
3.47867e-06
4.16493e-06
4.74622e-06
5.18576e-06
5.46892e-06
5.58162e-06
5.50284e-06
5.16972e-06
4.48538e-06
3.41905e-06
2.20962e-06
1.19699e-06
3.55183e-07
1.08352e-35
5.88956e-35
2.24986e-34
8.02236e-34
2.81104e-33
9.81991e-33
3.44492e-32
1.19633e-31
4.13653e-31
1.42047e-30
4.9923e-30
1.75651e-29
6.03047e-29
2.04986e-28
7.20607e-28
2.44643e-27
8.2826e-27
2.84855e-26
9.57305e-26
3.17244e-25
1.08653e-24
3.59512e-24
1.18685e-23
3.86108e-23
1.26617e-22
4.05577e-22
1.30108e-21
4.12077e-21
1.30175e-20
4.14848e-20
1.29453e-19
3.99526e-19
1.19563e-18
3.63877e-18
1.05809e-17
3.05469e-17
9.02328e-17
2.51364e-16
7.45424e-16
2.13804e-15
6.06206e-15
1.63823e-14
4.42812e-14
1.17415e-13
3.18633e-13
8.68922e-13
2.30816e-12
5.96284e-12
1.49348e-11
3.61166e-11
8.39723e-11
1.87057e-10
3.99258e-10
7.47655e-10
1.45354e-09
2.66183e-09
5.0003e-09
9.8874e-09
1.98217e-08
3.98645e-08
7.9224e-08
1.46895e-07
2.52116e-07
3.77733e-07
4.98381e-07
6.18743e-07
7.41111e-07
8.53354e-07
9.37738e-07
9.82423e-07
9.96719e-07
1.01443e-06
1.02977e-06
9.72229e-07
8.1603e-07
5.9207e-07
4.50357e-07
4.37178e-07
4.42723e-07
4.22896e-07
4.0023e-07
4.10858e-07
5.02962e-07
7.4138e-07
1.17204e-06
1.86626e-06
2.68468e-06
3.47243e-06
4.16061e-06
4.74425e-06
5.18584e-06
5.47128e-06
5.58565e-06
5.50841e-06
5.17694e-06
4.49356e-06
3.42727e-06
2.21581e-06
1.20057e-06
3.56309e-07
1.16295e-35
6.32682e-35
2.41825e-34
8.62966e-34
3.03291e-33
1.05882e-32
3.69137e-32
1.28532e-31
4.46521e-31
1.54631e-30
5.36058e-30
1.86374e-29
6.44194e-29
2.22351e-28
7.6572e-28
2.61777e-27
8.86681e-27
3.02858e-26
1.01669e-25
3.40828e-25
1.14566e-24
3.80374e-24
1.25643e-23
4.11274e-23
1.33046e-22
4.2632e-22
1.36871e-21
4.31614e-21
1.3476e-20
4.30203e-20
1.32846e-19
4.11718e-19
1.25619e-18
3.76022e-18
1.11133e-17
3.25675e-17
9.40775e-17
2.73532e-16
7.8565e-16
2.28141e-15
6.23226e-15
1.65931e-14
4.50296e-14
1.197e-13
3.26604e-13
8.87218e-13
2.34903e-12
6.04936e-12
1.51041e-11
3.64089e-11
8.44038e-11
1.87441e-10
3.98838e-10
7.44838e-10
1.4533e-09
2.65457e-09
4.9695e-09
9.80406e-09
1.96345e-08
3.94495e-08
7.84e-08
1.45435e-07
2.49976e-07
3.75544e-07
4.96218e-07
6.16579e-07
7.39244e-07
8.52278e-07
9.37869e-07
9.83728e-07
9.98512e-07
1.01605e-06
1.03233e-06
9.76843e-07
8.22166e-07
5.9843e-07
4.52854e-07
4.38078e-07
4.4387e-07
4.24268e-07
4.01237e-07
4.1104e-07
5.01692e-07
7.38334e-07
1.16645e-06
1.8588e-06
2.67738e-06
3.46649e-06
4.15638e-06
4.74212e-06
5.18557e-06
5.47313e-06
5.58907e-06
5.51329e-06
5.18341e-06
4.50111e-06
3.43498e-06
2.22166e-06
1.20396e-06
3.57383e-07
1.13893e-35
6.65468e-35
2.53659e-34
9.04824e-34
3.17518e-33
1.11053e-32
3.88178e-32
1.35419e-31
4.70274e-31
1.62756e-30
5.66815e-30
1.95836e-29
6.76026e-29
2.33091e-28
8.01474e-28
2.74714e-27
9.42919e-27
3.19259e-26
1.07377e-25
3.59582e-25
1.20554e-24
3.97371e-24
1.318e-23
4.29715e-23
1.39206e-22
4.47149e-22
1.42272e-21
4.47419e-21
1.40734e-20
4.46679e-20
1.38507e-19
4.32434e-19
1.3064e-18
3.9027e-18
1.153e-17
3.3903e-17
9.82758e-17
2.8112e-16
8.00726e-16
2.29024e-15
6.29674e-15
1.70033e-14
4.49236e-14
1.21003e-13
3.32945e-13
9.01236e-13
2.37999e-12
6.11499e-12
1.52328e-11
3.66325e-11
8.47242e-11
1.87706e-10
3.98491e-10
7.42721e-10
1.4523e-09
2.64772e-09
4.94298e-09
9.74136e-09
1.9494e-08
3.91447e-08
7.77766e-08
1.44245e-07
2.48161e-07
3.73549e-07
4.94327e-07
6.14694e-07
7.3755e-07
8.51135e-07
9.37686e-07
9.84566e-07
9.99683e-07
1.0171e-06
1.03411e-06
9.80275e-07
8.26863e-07
6.03369e-07
4.54773e-07
4.38716e-07
4.44712e-07
4.25312e-07
4.02007e-07
4.11157e-07
5.00628e-07
7.35802e-07
1.16181e-06
1.85258e-06
2.67124e-06
3.46145e-06
4.15272e-06
4.74019e-06
5.18516e-06
5.47448e-06
5.59169e-06
5.51702e-06
5.18823e-06
4.50721e-06
3.4414e-06
2.22659e-06
1.20683e-06
3.58294e-07
1.24315e-35
6.78677e-35
2.5937e-34
9.3546e-34
3.27769e-33
1.14481e-32
3.99578e-32
1.39477e-31
4.8624e-31
1.68944e-30
5.85835e-30
2.02849e-29
7.02e-29
2.42941e-28
8.38796e-28
2.87295e-27
9.79045e-27
3.31891e-26
1.11851e-25
3.74584e-25
1.24638e-24
4.11685e-24
1.35018e-23
4.38003e-23
1.43613e-22
4.61614e-22
1.47722e-21
4.66635e-21
1.48596e-20
4.61479e-20
1.42219e-19
4.33623e-19
1.33254e-18
3.97617e-18
1.18937e-17
3.49439e-17
1.00209e-16
2.81442e-16
8.0759e-16
2.29455e-15
6.29419e-15
1.69353e-14
4.53186e-14
1.22277e-13
3.37449e-13
9.11294e-13
2.40211e-12
6.16194e-12
1.53261e-11
3.68004e-11
8.49581e-11
1.87918e-10
3.9829e-10
7.41287e-10
1.45141e-09
2.64269e-09
4.92449e-09
9.69563e-09
1.93905e-08
3.89208e-08
7.73221e-08
1.43416e-07
2.46911e-07
3.722e-07
4.93022e-07
6.13359e-07
7.36324e-07
8.50281e-07
9.37463e-07
9.85084e-07
1.00058e-06
1.01785e-06
1.03533e-06
9.82627e-07
8.30103e-07
6.06803e-07
4.56096e-07
4.39126e-07
4.45269e-07
4.26023e-07
4.0253e-07
4.1122e-07
4.99845e-07
7.33958e-07
1.15845e-06
1.84804e-06
2.66676e-06
3.45775e-06
4.15001e-06
4.73872e-06
5.1848e-06
5.47541e-06
5.59358e-06
5.51979e-06
5.19192e-06
4.51169e-06
3.44608e-06
2.23019e-06
1.20893e-06
3.5896e-07
1.26141e-35
6.99942e-35
2.66603e-34
9.5102e-34
3.34361e-33
1.17265e-32
4.09775e-32
1.43068e-31
4.99181e-31
1.73883e-30
6.03988e-30
2.09258e-29
7.23152e-29
2.49407e-28
8.59113e-28
2.93898e-27
1.00014e-26
3.38579e-26
1.13562e-25
3.78664e-25
1.26008e-24
4.1643e-24
1.37894e-23
4.47364e-23
1.46273e-22
4.6889e-22
1.50205e-21
4.79742e-21
1.50908e-20
4.70586e-20
1.45277e-19
4.51683e-19
1.35405e-18
4.03489e-18
1.204e-17
3.4888e-17
1.01264e-16
2.85786e-16
8.43182e-16
2.37046e-15
6.38504e-15
1.72138e-14
4.52665e-14
1.24401e-13
3.39843e-13
9.17446e-13
2.41672e-12
6.19329e-12
1.53878e-11
3.69087e-11
8.51151e-11
1.88073e-10
3.98234e-10
7.40563e-10
1.45114e-09
2.64027e-09
4.91516e-09
9.67224e-09
1.93363e-08
3.88013e-08
7.70745e-08
1.42975e-07
2.46253e-07
3.7148e-07
4.9231e-07
6.12629e-07
7.35643e-07
8.49775e-07
9.37281e-07
9.85274e-07
1.00089e-06
1.01817e-06
1.0359e-06
9.83824e-07
8.31784e-07
6.08601e-07
4.56782e-07
4.39327e-07
4.4555e-07
4.2639e-07
4.02801e-07
4.11241e-07
4.99404e-07
7.32933e-07
1.15659e-06
1.84553e-06
2.66426e-06
3.45569e-06
4.14851e-06
4.73789e-06
5.18459e-06
5.47591e-06
5.59459e-06
5.5213e-06
5.19399e-06
4.51414e-06
3.44862e-06
2.23214e-06
1.21006e-06
3.59322e-07
1.24597e-35
6.98239e-35
2.71624e-34
9.65363e-34
3.38794e-33
1.18391e-32
4.13184e-32
1.44238e-31
5.03808e-31
1.76448e-30
6.12848e-30
2.12146e-29
7.29473e-29
2.47681e-28
8.76129e-28
2.98251e-27
1.01364e-26
3.42997e-26
1.15524e-25
3.85801e-25
1.29338e-24
4.27598e-24
1.40496e-23
4.57204e-23
1.47078e-22
4.7883e-22
1.52677e-21
4.86321e-21
1.54671e-20
4.84615e-20
1.49151e-19
4.51845e-19
1.38354e-18
4.17334e-18
1.2248e-17
3.54247e-17
1.02706e-16
2.86485e-16
8.48235e-16
2.35211e-15
6.50123e-15
1.73924e-14
4.63041e-14
1.24546e-13
3.41278e-13
9.21254e-13
2.42553e-12
6.21256e-12
1.54273e-11
3.69831e-11
8.52399e-11
1.8824e-10
3.98369e-10
7.40477e-10
1.45176e-09
2.64035e-09
4.91337e-09
9.66672e-09
1.9323e-08
3.87718e-08
7.70141e-08
1.42865e-07
2.46088e-07
3.71298e-07
4.92127e-07
6.12443e-07
7.35466e-07
8.4963e-07
9.37191e-07
9.85254e-07
1.0009e-06
1.01817e-06
1.03595e-06
9.83981e-07
8.32024e-07
6.08869e-07
4.5688e-07
4.39351e-07
4.45588e-07
4.26443e-07
4.0284e-07
4.11244e-07
4.99337e-07
7.32778e-07
1.15631e-06
1.84516e-06
2.66391e-06
3.45541e-06
4.14831e-06
4.7378e-06
5.18459e-06
5.47599e-06
5.59474e-06
5.5215e-06
5.19422e-06
4.51444e-06
3.44893e-06
2.23237e-06
1.21019e-06
3.59361e-07
1.24586e-35
7.12732e-35
2.72586e-34
9.7304e-34
3.42127e-33
1.19808e-32
4.18862e-32
1.4624e-31
5.09793e-31
1.77386e-30
6.16022e-30
2.13446e-29
7.36566e-29
2.52602e-28
8.80259e-28
3.00203e-27
1.01816e-26
3.41471e-26
1.16932e-25
3.90478e-25
1.30637e-24
4.32721e-24
1.42506e-23
4.65992e-23
1.50777e-22
4.82959e-22
1.51939e-21
4.95897e-21
1.55608e-20
4.86488e-20
1.50768e-19
4.60493e-19
1.40263e-18
4.17325e-18
1.23679e-17
3.57038e-17
1.03544e-16
2.90464e-16
8.53746e-16
2.36718e-15
6.53623e-15
1.72108e-14
4.69034e-14
1.25002e-13
3.41282e-13
9.22924e-13
2.42951e-12
6.22196e-12
1.54493e-11
3.70331e-11
8.53489e-11
1.88466e-10
3.98821e-10
7.41287e-10
1.45378e-09
2.6441e-09
4.92233e-09
9.68591e-09
1.93638e-08
3.88579e-08
7.71874e-08
1.43174e-07
2.46543e-07
3.71772e-07
4.92578e-07
6.12897e-07
7.35874e-07
8.4989e-07
9.37202e-07
9.85e-07
1.00059e-06
1.01786e-06
1.03546e-06
9.83045e-07
8.30751e-07
6.07531e-07
4.56366e-07
4.392e-07
4.45383e-07
4.26178e-07
4.02646e-07
4.11232e-07
4.99664e-07
7.33534e-07
1.15769e-06
1.84703e-06
2.66578e-06
3.45698e-06
4.1495e-06
4.73847e-06
5.18481e-06
5.47568e-06
5.59404e-06
5.52042e-06
5.19273e-06
4.51251e-06
3.44685e-06
2.23075e-06
1.20924e-06
3.5906e-07
1.26039e-35
7.07375e-35
2.69261e-34
9.6296e-34
3.39247e-33
1.19012e-32
4.1647e-32
1.45373e-31
5.06036e-31
1.75619e-30
6.07603e-30
2.09696e-29
7.23037e-29
2.49409e-28
8.59127e-28
2.93446e-27
9.92742e-27
3.3751e-26
1.14797e-25
3.84246e-25
1.27348e-24
4.27392e-24
1.40194e-23
4.62365e-23
1.49115e-22
4.7639e-22
1.51514e-21
4.87168e-21
1.52827e-20
4.77985e-20
1.4763e-19
4.50138e-19
1.39841e-18
4.12472e-18
1.18466e-17
3.47557e-17
1.01111e-16
2.80198e-16
8.18173e-16
2.38651e-15
6.34241e-15
1.73704e-14
4.55508e-14
1.25369e-13
3.41248e-13
9.21858e-13
2.42755e-12
6.21964e-12
1.54504e-11
3.70522e-11
8.5431e-11
1.88728e-10
3.99542e-10
7.42953e-10
1.45725e-09
2.65162e-09
4.94208e-09
9.72959e-09
1.94574e-08
3.90551e-08
7.75858e-08
1.43888e-07
2.47591e-07
3.72875e-07
4.9363e-07
6.13952e-07
7.36824e-07
8.50524e-07
9.37294e-07
9.84488e-07
9.99827e-07
1.01718e-06
1.03441e-06
9.81046e-07
8.28009e-07
6.04638e-07
4.55259e-07
4.38873e-07
4.44937e-07
4.25601e-07
4.02227e-07
4.11207e-07
5.00375e-07
7.35179e-07
1.16068e-06
1.85109e-06
2.66983e-06
3.46036e-06
4.152e-06
4.73989e-06
5.18525e-06
5.47497e-06
5.59247e-06
5.51812e-06
5.18972e-06
4.50852e-06
3.44254e-06
2.22739e-06
1.20727e-06
3.5843e-07
1.279e-35
6.94229e-35
2.64907e-34
9.32662e-34
3.34703e-33
1.16586e-32
4.07105e-32
1.41984e-31
4.94211e-31
1.71717e-30
5.95555e-30
2.06101e-29
7.11532e-29
2.45102e-28
8.40704e-28
2.86442e-27
9.85982e-27
3.33458e-26
1.12411e-25
3.7723e-25
1.26203e-24
4.21063e-24
1.38655e-23
4.52647e-23
1.46563e-22
4.70811e-22
1.50109e-21
4.76155e-21
1.5164e-20
4.73251e-20
1.4637e-19
4.46354e-19
1.3649e-18
4.07004e-18
1.20463e-17
3.52028e-17
1.00836e-16
2.81481e-16
8.25215e-16
2.36902e-15
6.40299e-15
1.70351e-14
4.53196e-14
1.25325e-13
3.39718e-13
9.18134e-13
2.42036e-12
6.20727e-12
1.54345e-11
3.70497e-11
8.55082e-11
1.89076e-10
4.00641e-10
7.45645e-10
1.4625e-09
2.66352e-09
4.97409e-09
9.80123e-09
1.96119e-08
3.93813e-08
7.82392e-08
1.45053e-07
2.4929e-07
3.74636e-07
4.95297e-07
6.15612e-07
7.38307e-07
8.51499e-07
9.37425e-07
9.83699e-07
9.98675e-07
1.01621e-06
1.0328e-06
9.77975e-07
8.23826e-07
6.00243e-07
4.53581e-07
4.38364e-07
4.44248e-07
4.24723e-07
4.01591e-07
4.1117e-07
5.01445e-07
7.37648e-07
1.16517e-06
1.85714e-06
2.67585e-06
3.46536e-06
4.15571e-06
4.74197e-06
5.18586e-06
5.47386e-06
5.5901e-06
5.51453e-06
5.18479e-06
4.50245e-06
3.43611e-06
2.22242e-06
1.20436e-06
3.57503e-07
1.19798e-35
6.72085e-35
2.56696e-34
9.18774e-34
3.21704e-33
1.12205e-32
3.92219e-32
1.37386e-31
4.78054e-31
1.65969e-30
5.74917e-30
1.98789e-29
6.8703e-29
2.38004e-28
8.14756e-28
2.77688e-27
9.4308e-27
3.18955e-26
1.0761e-25
3.62962e-25
1.21794e-24
3.98603e-24
1.33952e-23
4.33252e-23
1.43051e-22
4.58746e-22
1.46218e-21
4.62631e-21
1.47395e-20
4.63081e-20
1.40449e-19
4.43186e-19
1.33246e-18
3.98269e-18
1.18111e-17
3.43631e-17
9.94397e-17
2.801e-16
7.98653e-16
2.27289e-15
6.3412e-15
1.69075e-14
4.4532e-14
1.23665e-13
3.37329e-13
9.12144e-13
2.40721e-12
6.18165e-12
1.53933e-11
3.70086e-11
8.55498e-11
1.89463e-10
4.02074e-10
7.49365e-10
1.46931e-09
2.67901e-09
5.01629e-09
9.89656e-09
1.98189e-08
3.98208e-08
7.91258e-08
1.46646e-07
2.51641e-07
3.76995e-07
4.9748e-07
6.17749e-07
7.40176e-07
8.52681e-07
9.37508e-07
9.82571e-07
9.97105e-07
1.01487e-06
1.03067e-06
9.73961e-07
8.18369e-07
5.94521e-07
4.51393e-07
4.37668e-07
4.43321e-07
4.23564e-07
4.00753e-07
4.11114e-07
5.0282e-07
7.40816e-07
1.17094e-06
1.86487e-06
2.68349e-06
3.4717e-06
4.16038e-06
4.74454e-06
5.18655e-06
5.47235e-06
5.58697e-06
5.50989e-06
5.17849e-06
4.4947e-06
3.42794e-06
2.21611e-06
1.20067e-06
3.5633e-07
1.17791e-35
6.41324e-35
2.45881e-34
8.76375e-34
3.06241e-33
1.06632e-32
3.7414e-32
1.29883e-31
4.50784e-31
1.57958e-30
5.45731e-30
1.88365e-29
6.49726e-29
2.24455e-28
7.78712e-28
2.65817e-27
9.03129e-27
3.06002e-26
1.0368e-25
3.43136e-25
1.16893e-24
3.86102e-24
1.27547e-23
4.18302e-23
1.36331e-22
4.38917e-22
1.41019e-21
4.4656e-21
1.42415e-20
4.42212e-20
1.36069e-19
4.22632e-19
1.2831e-18
3.84117e-18
1.11113e-17
3.30695e-17
9.54964e-17
2.71113e-16
7.85505e-16
2.27596e-15
6.11983e-15
1.70091e-14
4.49059e-14
1.21858e-13
3.32351e-13
9.02131e-13
2.38666e-12
6.14084e-12
1.53232e-11
3.69159e-11
8.55253e-11
1.89835e-10
4.03777e-10
7.53905e-10
1.47635e-09
2.69742e-09
5.06666e-09
1.00099e-08
2.0064e-08
4.03368e-08
8.01528e-08
1.4845e-07
2.54196e-07
3.79617e-07
4.99954e-07
6.20137e-07
7.42191e-07
8.53924e-07
9.38265e-07
9.81329e-07
9.95222e-07
1.0132e-06
1.02798e-06
9.6902e-07
8.11744e-07
5.87634e-07
4.48751e-07
4.36774e-07
4.4216e-07
4.22162e-07
3.99758e-07
4.11048e-07
5.04438e-07
7.44527e-07
1.1777e-06
1.87384e-06
2.69232e-06
3.47898e-06
4.16569e-06
4.74738e-06
5.18719e-06
5.47046e-06
5.58318e-06
5.50432e-06
5.17098e-06
4.48562e-06
3.41846e-06
2.20884e-06
1.19643e-06
3.54983e-07
1.1144e-35
6.05737e-35
2.31846e-34
8.26032e-34
2.88153e-33
9.96654e-33
3.53788e-32
1.22548e-31
4.24515e-31
1.46812e-30
5.06676e-30
1.74776e-29
6.05603e-29
2.08531e-28
7.1681e-28
2.47286e-27
8.39271e-27
2.84422e-26
9.6525e-26
3.23749e-25
1.08484e-24
3.59747e-24
1.20991e-23
3.96445e-23
1.29197e-22
4.15346e-22
1.35598e-21
4.31955e-21
1.36433e-20
4.24832e-20
1.34065e-19
4.08928e-19
1.23261e-18
3.69862e-18
1.0962e-17
3.21426e-17
9.37134e-17
2.65536e-16
7.73115e-16
2.24018e-15
6.08772e-15
1.66374e-14
4.45594e-14
1.19364e-13
3.26368e-13
8.87937e-13
2.35587e-12
6.0794e-12
1.52053e-11
3.67436e-11
8.53555e-11
1.89982e-10
4.05178e-10
7.58406e-10
1.48236e-09
2.71431e-09
5.11851e-09
1.01311e-08
2.03297e-08
4.09e-08
8.12771e-08
1.50424e-07
2.56978e-07
3.82498e-07
5.02647e-07
6.22718e-07
7.4432e-07
8.55154e-07
9.38124e-07
9.79661e-07
9.9296e-07
1.01116e-06
1.02469e-06
9.63107e-07
8.04034e-07
5.79752e-07
4.45701e-07
4.3565e-07
4.4074e-07
4.20502e-07
3.98576e-07
4.10917e-07
5.06174e-07
7.48531e-07
1.18497e-06
1.88351e-06
2.70178e-06
3.4867e-06
4.17125e-06
4.75024e-06
5.18766e-06
5.46822e-06
5.57894e-06
5.49821e-06
5.16284e-06
4.47583e-06
3.40831e-06
2.20107e-06
1.19191e-06
3.53552e-07
1.03356e-35
5.60282e-35
2.13688e-34
7.5951e-34
2.65207e-33
9.35032e-33
3.25885e-32
1.13415e-31
3.93794e-31
1.3644e-30
4.71356e-30
1.62047e-29
5.65381e-29
1.93291e-28
6.68336e-28
2.26581e-27
7.83455e-27
2.65254e-26
9.00729e-26
3.02597e-25
1.01572e-24
3.4114e-24
1.13048e-23
3.71695e-23
1.2156e-22
3.94715e-22
1.27074e-21
4.04319e-21
1.30487e-20
4.06611e-20
1.25844e-19
3.84806e-19
1.18174e-18
3.54861e-18
1.05704e-17
3.086e-17
8.82345e-17
2.46704e-16
7.35953e-16
2.11784e-15
5.91628e-15
1.60438e-14
4.23171e-14
1.16131e-13
3.18126e-13
8.6887e-13
2.31286e-12
5.98906e-12
1.50361e-11
3.64443e-11
8.50238e-11
1.89953e-10
4.06639e-10
7.63666e-10
1.48774e-09
2.73228e-09
5.17658e-09
1.02617e-08
2.06173e-08
4.15178e-08
8.25264e-08
1.52633e-07
2.60134e-07
3.85648e-07
5.05608e-07
6.25605e-07
7.46781e-07
8.56419e-07
9.37714e-07
9.7759e-07
9.9027e-07
1.00873e-06
1.02089e-06
9.56687e-07
7.95501e-07
5.71291e-07
4.42361e-07
4.34281e-07
4.39042e-07
4.18578e-07
3.97188e-07
4.10659e-07
5.07859e-07
7.52566e-07
1.19244e-06
1.89333e-06
2.71123e-06
3.49428e-06
4.17656e-06
4.75275e-06
5.18771e-06
5.46556e-06
5.57424e-06
5.49165e-06
5.15434e-06
4.46586e-06
3.39816e-06
2.19339e-06
1.18746e-06
3.52147e-07
9.31871e-36
5.06017e-35
1.93915e-34
6.94324e-34
2.4341e-33
8.50097e-33
2.96559e-32
1.03331e-31
3.59382e-31
1.24746e-30
4.32164e-30
1.49358e-29
5.13875e-29
1.76054e-28
6.0315e-28
2.08529e-27
7.14076e-27
2.42468e-26
8.18945e-26
2.74939e-25
9.22319e-25
3.07658e-24
1.02469e-23
3.36441e-23
1.11756e-22
3.62207e-22
1.16679e-21
3.73889e-21
1.17542e-20
3.66243e-20
1.1545e-19
3.63982e-19
1.09498e-18
3.39185e-18
1.00262e-17
2.94564e-17
8.56458e-17
2.37274e-16
7.07047e-16
2.04787e-15
5.59269e-15
1.5298e-14
4.03673e-14
1.11828e-13
3.06794e-13
8.40156e-13
2.25204e-12
5.86226e-12
1.47888e-11
3.6015e-11
8.43904e-11
1.89574e-10
4.07976e-10
7.69842e-10
1.49001e-09
2.74833e-09
5.23667e-09
1.04237e-08
2.09829e-08
4.22904e-08
8.40459e-08
1.55233e-07
2.63597e-07
3.88919e-07
5.08557e-07
6.28355e-07
7.48935e-07
8.57447e-07
9.36941e-07
9.75151e-07
9.87015e-07
1.00566e-06
1.01619e-06
9.48907e-07
7.86024e-07
5.62264e-07
4.38707e-07
4.32591e-07
4.37004e-07
4.16363e-07
3.95583e-07
4.10221e-07
5.09335e-07
7.56232e-07
1.19926e-06
1.90215e-06
2.71966e-06
3.50088e-06
4.18095e-06
4.75442e-06
5.18706e-06
5.46239e-06
5.56921e-06
5.48496e-06
5.14603e-06
4.45654e-06
3.38898e-06
2.18656e-06
1.18355e-06
3.50921e-07
8.00849e-36
4.50398e-35
1.72006e-34
6.13225e-34
2.14582e-33
7.48798e-33
2.6209e-32
9.13229e-32
3.17383e-31
1.1011e-30
3.80867e-30
1.3104e-29
4.49117e-29
1.57658e-28
5.40886e-28
1.85314e-27
6.31171e-27
2.16081e-26
7.34292e-26
2.48884e-25
8.35082e-25
2.77578e-24
9.16452e-24
3.02828e-23
9.83393e-23
3.24039e-22
1.05303e-21
3.36705e-21
1.07209e-20
3.33468e-20
1.07011e-19
3.33577e-19
1.04334e-18
3.14819e-18
9.3582e-18
2.82569e-17
8.11292e-17
2.31821e-16
6.78339e-16
1.95281e-15
5.37054e-15
1.47245e-14
3.93389e-14
1.05907e-13
2.92118e-13
8.04224e-13
2.16356e-12
5.68214e-12
1.44325e-11
3.53767e-11
8.33852e-11
1.88473e-10
4.08428e-10
7.75623e-10
1.486e-09
2.75365e-09
5.27171e-09
1.05129e-08
2.1192e-08
4.27682e-08
8.50298e-08
1.57052e-07
2.66477e-07
3.91842e-07
5.11338e-07
6.31008e-07
7.51018e-07
8.58268e-07
9.35804e-07
9.721e-07
9.83489e-07
1.00235e-06
1.01129e-06
9.41139e-07
7.76095e-07
5.52986e-07
4.34824e-07
4.30668e-07
4.34826e-07
4.14078e-07
3.93854e-07
4.09578e-07
5.10411e-07
7.59195e-07
1.20492e-06
1.90937e-06
2.72625e-06
3.50569e-06
4.18369e-06
4.75471e-06
5.18535e-06
5.45875e-06
5.5642e-06
5.47886e-06
5.13903e-06
4.44911e-06
3.38212e-06
2.18164e-06
1.18079e-06
3.50071e-07
6.94133e-36
3.93814e-35
1.49792e-34
5.33439e-34
1.86664e-33
6.50073e-33
2.25956e-32
7.84585e-32
2.72315e-31
9.45312e-31
3.27967e-30
1.13579e-29
3.93305e-29
1.36664e-28
4.71294e-28
1.62128e-27
5.58445e-27
1.87972e-26
6.52562e-26
2.1964e-25
7.37948e-25
2.46951e-24
8.23867e-24
2.72058e-23
8.91648e-23
2.9096e-22
9.45818e-22
3.05498e-21
9.8254e-21
3.07009e-20
9.80865e-20
3.0805e-19
9.46149e-19
2.90376e-18
8.53965e-18
2.58166e-17
7.56468e-17
2.15884e-16
6.39959e-16
1.83068e-15
5.08735e-15
1.39497e-14
3.74133e-14
9.85168e-14
2.74382e-13
7.59874e-13
2.05819e-12
5.43593e-12
1.39015e-11
3.43247e-11
8.15416e-11
1.85684e-10
4.05999e-10
7.80508e-10
1.4763e-09
2.75161e-09
5.29531e-09
1.05927e-08
2.14072e-08
4.32658e-08
8.61299e-08
1.59149e-07
2.69488e-07
3.94639e-07
5.13903e-07
6.33404e-07
7.52784e-07
8.58769e-07
9.34244e-07
9.68784e-07
9.78743e-07
9.98196e-07
1.00571e-06
9.33299e-07
7.67003e-07
5.4477e-07
4.312e-07
4.28514e-07
4.32394e-07
4.11621e-07
3.91988e-07
4.08651e-07
5.10811e-07
7.60939e-07
1.20848e-06
1.91373e-06
2.72975e-06
3.50756e-06
4.18383e-06
4.75301e-06
5.18225e-06
5.45447e-06
5.55919e-06
5.47351e-06
5.13383e-06
4.44475e-06
3.37903e-06
2.17982e-06
1.17987e-06
3.49817e-07
6.0096e-36
3.28284e-35
1.24955e-34
4.42394e-34
1.52792e-33
5.45732e-33
1.89452e-32
6.5996e-32
2.29519e-31
7.97135e-31
2.76488e-30
9.64261e-30
3.34626e-29
1.1601e-28
4.0004e-28
1.3657e-27
4.77403e-27
1.62721e-26
5.53735e-26
1.86517e-25
6.25908e-25
2.13249e-24
7.06433e-24
2.36664e-23
7.6953e-23
2.55426e-22
8.267e-22
2.64032e-21
8.65993e-21
2.75629e-20
8.76023e-20
2.73545e-19
8.53068e-19
2.59567e-18
7.79743e-18
2.33044e-17
6.84115e-17
1.99924e-16
5.80055e-16
1.68174e-15
4.72595e-15
1.30537e-14
3.64467e-14
9.64155e-14
2.51675e-13
7.0386e-13
1.90849e-12
5.03832e-12
1.30055e-11
3.23002e-11
7.7052e-11
1.75684e-10
3.81148e-10
7.87571e-10
1.47183e-09
2.74515e-09
5.30629e-09
1.06482e-08
2.15734e-08
4.3707e-08
8.71652e-08
1.60944e-07
2.71785e-07
3.96985e-07
5.16144e-07
6.35487e-07
7.54106e-07
8.58583e-07
9.32103e-07
9.64815e-07
9.74166e-07
9.93362e-07
9.98793e-07
9.23893e-07
7.569e-07
5.36141e-07
4.27117e-07
4.25853e-07
4.29523e-07
4.08818e-07
3.89753e-07
4.07164e-07
5.10107e-07
7.60736e-07
1.20873e-06
1.91369e-06
2.7287e-06
3.5053e-06
4.18047e-06
4.74864e-06
5.1773e-06
5.4495e-06
5.55443e-06
5.46941e-06
5.13124e-06
4.44437e-06
3.38077e-06
2.18195e-06
1.18134e-06
3.5034e-07
4.80605e-36
2.63408e-35
1.00607e-34
3.57984e-34
1.25219e-33
4.36379e-33
1.5181e-32
5.27876e-32
1.83315e-31
6.35958e-31
2.19791e-30
7.78918e-30
2.67872e-29
9.28102e-29
3.22627e-28
1.10405e-27
3.81184e-27
1.32484e-26
4.52291e-26
1.53048e-25
5.21695e-25
1.76547e-24
5.96958e-24
1.9932e-23
6.60962e-23
2.17425e-22
7.08898e-22
2.29042e-21
7.33618e-21
2.31158e-20
7.6133e-20
2.38452e-19
7.35287e-19
2.28124e-18
6.93669e-18
2.07556e-17
6.16647e-17
1.82602e-16
5.37391e-16
1.55805e-15
4.41529e-15
1.21834e-14
3.37306e-14
9.42652e-14
2.47312e-13
6.39864e-13
1.76159e-12
4.67423e-12
1.2051e-11
3.0263e-11
7.27451e-11
1.67256e-10
3.67525e-10
7.77697e-10
1.45913e-09
2.72685e-09
5.29285e-09
1.06533e-08
2.16342e-08
4.39051e-08
8.76389e-08
1.61917e-07
2.73372e-07
3.98652e-07
5.17718e-07
6.3674e-07
7.54718e-07
8.57524e-07
9.29e-07
9.59974e-07
9.68588e-07
9.87524e-07
9.91451e-07
9.14183e-07
7.45912e-07
5.26774e-07
4.22296e-07
4.22448e-07
4.26043e-07
4.05542e-07
3.87032e-07
4.04947e-07
5.08004e-07
7.58112e-07
1.2049e-06
1.9082e-06
2.72185e-06
3.49764e-06
4.17235e-06
4.74058e-06
5.16974e-06
5.44339e-06
5.54977e-06
5.46685e-06
5.13209e-06
4.44937e-06
3.38913e-06
2.18954e-06
1.18609e-06
3.51933e-07
3.61418e-36
1.98626e-35
7.56657e-35
2.69815e-34
9.47807e-34
3.31098e-33
1.15424e-32
4.0209e-32
1.40004e-31
4.87562e-31
1.69962e-30
5.90833e-30
2.05877e-29
7.15879e-29
2.50143e-28
8.6439e-28
2.9694e-27
1.04829e-26
3.58626e-26
1.23625e-25
4.21324e-25
1.41589e-24
4.79033e-24
1.60336e-23
5.42842e-23
1.76502e-22
5.8948e-22
1.90232e-21
6.13568e-21
2.00636e-20
6.45057e-20
2.03431e-19
6.22479e-19
1.96753e-18
5.98704e-18
1.83473e-17
5.42877e-17
1.6512e-16
4.87099e-16
1.39686e-15
3.96942e-15
1.11164e-14
3.05385e-14
8.47502e-14
2.37519e-13
6.47325e-13
1.66267e-12
4.28295e-12
1.1185e-11
2.817e-11
6.87679e-11
1.60144e-10
3.56085e-10
7.62003e-10
1.43901e-09
2.69839e-09
5.25555e-09
1.0611e-08
2.16045e-08
4.39402e-08
8.78674e-08
1.6252e-07
2.74455e-07
3.9961e-07
5.18475e-07
6.37309e-07
7.54507e-07
8.55878e-07
9.25132e-07
9.5398e-07
9.61283e-07
9.79769e-07
9.82118e-07
9.03536e-07
7.35445e-07
5.18383e-07
4.17494e-07
4.18484e-07
4.21978e-07
4.01746e-07
3.83725e-07
4.01812e-07
5.04117e-07
7.5239e-07
1.19584e-06
1.89568e-06
2.70754e-06
3.48297e-06
4.15804e-06
4.72763e-06
5.15866e-06
5.43567e-06
5.54513e-06
5.46615e-06
5.1373e-06
4.46151e-06
3.4063e-06
2.2044e-06
1.19523e-06
3.54957e-07
2.47999e-36
1.37776e-35
5.30502e-35
1.8601e-34
6.6061e-34
2.29461e-33
7.99813e-33
2.79076e-32
9.76032e-32
3.4167e-31
1.19675e-30
4.19064e-30
1.47171e-29
5.20068e-29
1.82885e-28
6.4159e-28
2.24306e-27
7.80718e-27
2.70366e-26
9.32094e-26
3.15677e-25
1.10168e-24
3.66147e-24
1.26315e-23
4.2931e-23
1.42812e-22
4.72138e-22
1.54893e-21
5.04406e-21
1.63279e-20
5.28923e-20
1.69177e-19
5.29833e-19
1.66877e-18
5.12826e-18
1.55691e-17
4.72157e-17
1.40296e-16
4.32817e-16
1.25177e-15
3.54408e-15
9.76821e-15
2.73494e-14
7.31508e-14
2.07591e-13
5.85574e-13
1.60881e-12
3.93263e-12
1.03709e-11
2.64183e-11
6.49846e-11
1.52752e-10
3.43047e-10
7.41067e-10
1.40821e-09
2.6536e-09
5.19221e-09
1.05196e-08
2.14798e-08
4.37916e-08
8.77569e-08
1.62534e-07
2.7466e-07
3.99828e-07
5.18685e-07
6.37279e-07
7.53678e-07
8.53305e-07
9.20735e-07
9.47627e-07
9.54235e-07
9.72136e-07
9.72638e-07
8.92475e-07
7.24639e-07
5.09925e-07
4.1209e-07
4.13658e-07
4.17116e-07
3.97255e-07
3.79659e-07
3.97533e-07
4.98056e-07
7.42887e-07
1.1804e-06
1.8745e-06
2.68393e-06
3.45951e-06
4.13588e-06
4.70838e-06
5.1429e-06
5.42565e-06
5.54023e-06
5.4674e-06
5.14728e-06
4.48192e-06
3.43412e-06
2.22828e-06
1.20986e-06
3.59783e-07
1.65348e-36
9.10054e-36
3.4511e-35
1.22471e-34
4.28798e-34
1.49611e-33
5.22136e-33
1.82911e-32
6.49548e-32
2.29037e-31
8.12023e-31
2.87458e-30
1.01886e-29
3.57262e-29
1.28577e-28
4.50712e-28
1.57432e-27
5.5951e-27
1.95952e-26
6.81606e-26
2.38797e-25
8.25847e-25
2.82935e-24
9.66869e-24
3.29941e-23
1.10438e-22
3.67251e-22
1.23394e-21
4.05021e-21
1.30557e-20
4.31425e-20
1.37361e-19
4.33522e-19
1.37464e-18
4.30421e-18
1.29728e-17
4.00131e-17
1.20534e-16
3.62088e-16
1.0804e-15
3.07472e-15
8.65976e-15
2.40274e-14
6.74462e-14
1.8548e-13
5.34139e-13
1.53479e-12
3.86122e-12
9.51625e-12
2.41195e-11
5.98145e-11
1.43674e-10
3.26852e-10
7.12869e-10
1.36134e-09
2.59307e-09
5.1209e-09
1.04058e-08
2.12916e-08
4.34908e-08
8.73678e-08
1.62123e-07
2.74395e-07
3.99664e-07
5.18529e-07
6.36837e-07
7.52137e-07
8.50187e-07
9.14598e-07
9.3993e-07
9.46035e-07
9.62965e-07
9.61622e-07
8.80391e-07
7.13275e-07
5.01121e-07
4.05889e-07
4.07786e-07
4.11276e-07
3.91886e-07
3.74657e-07
3.91916e-07
4.89532e-07
7.29081e-07
1.15769e-06
1.84326e-06
2.64933e-06
3.42556e-06
4.10429e-06
4.68132e-06
5.12114e-06
5.41242e-06
5.53461e-06
5.47081e-06
5.1633e-06
4.51222e-06
3.47483e-06
2.26325e-06
1.23132e-06
3.66873e-07
1.07316e-36
5.84023e-36
2.14479e-35
7.32951e-35
2.48331e-34
8.49661e-34
2.93568e-33
1.02818e-32
3.64606e-32
1.30488e-31
4.70199e-31
1.70185e-30
6.16499e-30
2.21925e-29
8.12063e-29
2.92419e-28
1.05831e-27
3.78385e-27
1.35673e-26
4.79512e-26
1.69049e-25
5.92513e-25
2.06198e-24
7.13229e-24
2.45197e-23
8.36096e-23
2.82843e-22
9.51386e-22
3.15299e-21
1.0329e-20
3.35119e-20
1.08149e-19
3.44457e-19
1.11847e-18
3.52261e-18
1.05719e-17
3.40525e-17
1.0292e-16
3.08912e-16
8.93829e-16
2.62578e-15
7.37123e-15
2.05822e-14
5.85369e-14
1.62044e-13
4.74649e-13
1.33645e-12
3.72102e-12
9.11348e-12
2.17781e-11
5.4867e-11
1.3246e-10
3.08367e-10
6.82415e-10
1.31702e-09
2.51678e-09
5.00695e-09
1.02385e-08
2.10354e-08
4.30922e-08
8.6822e-08
1.61514e-07
2.73961e-07
3.99353e-07
5.18216e-07
6.361e-07
7.50248e-07
8.46021e-07
9.07948e-07
9.30668e-07
9.35194e-07
9.51182e-07
9.47463e-07
8.64203e-07
6.9799e-07
4.89894e-07
3.98193e-07
4.00562e-07
4.04209e-07
3.85469e-07
3.68599e-07
3.84886e-07
4.78508e-07
7.10875e-07
1.12753e-06
1.80136e-06
2.60279e-06
3.38001e-06
4.06208e-06
4.64511e-06
5.092e-06
5.39465e-06
5.52721e-06
5.47554e-06
5.18504e-06
4.55351e-06
3.5299e-06
2.31159e-06
1.2612e-06
3.7678e-07
1.28541e-36
7.03063e-36
2.45308e-35
7.73108e-35
2.38829e-34
7.46916e-34
2.40432e-33
8.02717e-33
2.77689e-32
9.79545e-32
3.44996e-31
1.28937e-30
4.6468e-30
1.72336e-29
6.23621e-29
2.25688e-28
8.11648e-28
2.89874e-27
1.02992e-26
3.64617e-26
1.29007e-25
4.52993e-25
1.582e-24
5.3962e-24
1.90363e-23
6.4622e-23
2.1841e-22
7.26914e-22
2.43218e-21
7.96098e-21
2.59645e-20
8.66143e-20
2.77761e-19
8.9669e-19
2.82802e-18
8.82579e-18
2.72879e-17
8.29904e-17
2.52132e-16
7.52857e-16
2.17899e-15
6.23594e-15
1.74897e-14
4.94059e-14
1.41356e-13
4.11217e-13
1.17525e-12
3.22867e-12
8.72366e-12
2.11024e-11
4.9585e-11
1.20701e-10
2.81072e-10
6.16361e-10
1.28124e-09
2.44122e-09
4.8686e-09
1.00057e-08
2.06651e-08
4.25256e-08
8.60238e-08
1.6054e-07
2.73096e-07
3.98779e-07
5.17663e-07
6.35181e-07
7.48165e-07
8.41548e-07
9.00347e-07
9.20395e-07
9.23734e-07
9.38515e-07
9.32253e-07
8.47444e-07
6.82069e-07
4.80564e-07
3.90491e-07
3.92657e-07
3.96311e-07
3.78188e-07
3.6161e-07
3.76634e-07
4.65413e-07
6.89056e-07
1.09108e-06
1.74979e-06
2.54514e-06
3.32355e-06
4.00969e-06
4.5993e-06
5.05491e-06
5.37126e-06
5.51687e-06
5.48089e-06
5.21233e-06
4.60586e-06
3.60145e-06
2.37511e-06
1.30191e-06
3.90052e-07
3.48316e-36
1.87912e-35
6.45657e-35
1.98616e-34
5.83641e-34
1.69902e-33
4.87197e-33
1.37603e-32
4.0248e-32
1.24909e-31
4.0203e-31
1.33438e-30
4.52954e-30
1.58846e-29
5.54563e-29
1.94937e-28
6.87929e-28
2.43204e-27
8.61082e-27
3.02751e-26
1.05969e-25
3.69306e-25
1.28224e-24
4.42583e-24
1.51924e-23
5.16307e-23
1.73932e-22
5.80929e-22
1.92579e-21
6.34867e-21
2.07605e-20
6.84132e-20
2.21133e-19
7.09205e-19
2.26103e-18
7.07955e-18
2.19889e-17
6.60814e-17
2.06388e-16
6.26567e-16
1.81758e-15
5.23887e-15
1.48065e-14
4.19962e-14
1.18234e-13
3.46018e-13
1.00132e-12
2.8056e-12
7.52064e-12
1.92899e-11
4.3031e-11
1.055e-10
2.44755e-10
5.51745e-10
1.17532e-09
2.383e-09
4.74506e-09
9.78269e-09
2.03149e-08
4.2004e-08
8.53415e-08
1.59901e-07
2.72889e-07
3.98927e-07
5.18025e-07
6.35322e-07
7.46871e-07
8.37736e-07
8.92446e-07
9.09012e-07
9.10212e-07
9.24404e-07
9.15264e-07
8.28371e-07
6.63921e-07
4.67849e-07
3.81556e-07
3.84054e-07
3.8773e-07
3.70222e-07
3.53921e-07
3.67542e-07
4.50864e-07
6.63984e-07
1.0503e-06
1.69178e-06
2.48051e-06
3.26145e-06
3.9546e-06
4.54096e-06
5.00873e-06
5.34252e-06
5.50353e-06
5.48575e-06
5.24219e-06
4.66408e-06
3.68491e-06
2.45122e-06
1.34989e-06
4.06117e-07
8.15186e-36
4.45575e-35
1.69622e-34
5.9273e-34
1.99635e-33
6.55126e-33
2.08092e-32
6.36314e-32
1.87658e-31
5.39852e-31
1.53964e-30
4.39395e-30
1.26658e-29
3.71623e-29
1.10704e-28
3.31295e-28
1.06806e-27
3.36557e-27
1.07964e-26
3.52158e-26
1.14757e-25
3.76316e-25
1.23636e-24
4.01666e-24
1.35969e-23
4.45996e-23
1.46286e-22
4.88148e-22
1.59464e-21
5.21394e-21
1.70271e-20
5.50794e-20
1.72964e-19
5.63478e-19
1.80031e-18
5.74723e-18
1.79044e-17
5.48673e-17
1.67596e-16
5.0353e-16
1.49485e-15
4.22408e-15
1.2008e-14
3.40066e-14
9.77093e-14
2.79977e-13
8.0612e-13
2.25918e-12
6.11261e-12
1.59302e-11
4.09494e-11
9.19742e-11
2.18115e-10
4.95833e-10
1.07473e-09
2.28503e-09
4.5914e-09
9.51319e-09
1.98829e-08
4.1337e-08
8.44639e-08
1.59017e-07
2.72572e-07
3.99328e-07
5.1898e-07
6.36307e-07
7.46486e-07
8.33853e-07
8.84794e-07
8.98805e-07
8.99119e-07
9.11671e-07
8.99189e-07
8.09678e-07
6.46026e-07
4.53551e-07
3.72548e-07
3.75969e-07
3.79745e-07
3.62855e-07
3.46964e-07
3.59707e-07
4.39224e-07
6.38601e-07
1.0106e-06
1.63388e-06
2.41459e-06
3.19637e-06
3.89264e-06
4.48159e-06
4.95781e-06
5.30705e-06
5.48493e-06
5.48692e-06
5.2706e-06
4.72544e-06
3.77412e-06
2.53845e-06
1.40285e-06
4.23717e-07
9.85827e-36
5.8069e-35
2.45956e-34
9.4638e-34
3.40682e-33
1.17702e-32
3.79937e-32
1.17502e-31
3.5462e-31
1.05796e-30
3.16151e-30
8.7918e-30
2.42358e-29
6.85912e-29
1.92831e-28
5.57398e-28
1.6298e-27
4.83031e-27
1.44723e-26
4.39154e-26
1.34645e-25
4.16639e-25
1.29812e-24
4.07131e-24
1.29681e-23
4.13038e-23
1.31589e-22
4.20554e-22
1.33938e-21
4.26441e-21
1.35988e-20
4.35745e-20
1.37143e-19
4.34446e-19
1.38784e-18
4.29291e-18
1.36343e-17
4.21445e-17
1.27675e-16
3.97376e-16
1.1618e-15
3.30851e-15
9.41025e-15
2.60412e-14
7.03572e-14
2.04655e-13
5.99125e-13
1.72057e-12
4.80735e-12
1.30897e-11
3.39258e-11
8.55428e-11
1.88174e-10
4.31207e-10
9.71792e-10
2.08905e-09
4.31688e-09
9.11435e-09
1.93074e-08
4.07114e-08
8.38307e-08
1.58745e-07
2.73265e-07
4.00868e-07
5.21208e-07
6.38798e-07
7.47843e-07
8.31829e-07
8.78641e-07
8.89225e-07
8.89696e-07
9.01663e-07
8.86032e-07
7.95011e-07
6.32455e-07
4.43812e-07
3.6646e-07
3.70506e-07
3.7425e-07
3.57701e-07
3.42017e-07
3.53977e-07
4.30241e-07
6.22826e-07
9.8432e-07
1.59364e-06
2.36656e-06
3.14592e-06
3.84377e-06
4.43646e-06
4.91825e-06
5.27744e-06
5.46678e-06
5.48409e-06
5.28824e-06
4.77188e-06
3.84864e-06
2.6098e-06
1.44794e-06
4.39099e-07
)
;

boundaryField
{
    fuel
    {
        type            fixedValue;
        value           uniform 0;
    }
    air
    {
        type            fixedValue;
        value           uniform 0;
    }
    outlet
    {
        type            inletOutlet;
        inletValue      uniform 0;
        value           nonuniform List<scalar> 
200
(
0
0
0
0
0
0
0
0
0
0
3.04075e-30
8.52492e-30
2.3661e-29
6.60777e-29
1.86644e-28
5.32689e-28
1.53289e-27
4.60685e-27
1.37043e-26
4.13449e-26
1.2568e-25
3.79838e-25
1.23634e-24
3.86851e-24
1.23152e-23
3.91845e-23
1.23457e-22
4.0282e-22
1.28108e-21
4.08392e-21
1.30459e-20
4.16997e-20
1.32126e-19
4.16744e-19
1.31083e-18
3.98678e-18
1.23588e-17
3.91037e-17
1.20727e-16
3.69545e-16
1.09266e-15
3.18115e-15
9.0785e-15
2.53274e-14
6.90114e-14
1.99116e-13
5.85275e-13
1.69169e-12
4.75266e-12
1.28579e-11
3.32531e-11
8.33013e-11
1.84053e-10
4.2477e-10
9.50289e-10
2.05012e-09
4.24022e-09
8.96242e-09
1.89717e-08
4.00017e-08
8.24972e-08
1.56738e-07
2.71198e-07
3.9999e-07
5.21232e-07
6.39428e-07
7.49207e-07
8.34007e-07
8.81653e-07
8.92664e-07
8.92135e-07
9.03674e-07
8.88454e-07
7.982e-07
6.36787e-07
4.47618e-07
3.67561e-07
3.70675e-07
3.74586e-07
3.58089e-07
3.42091e-07
3.53257e-07
4.27791e-07
6.17872e-07
9.75943e-07
1.58093e-06
2.35289e-06
3.13429e-06
3.83442e-06
4.42997e-06
4.91504e-06
5.2782e-06
5.47095e-06
5.49176e-06
5.29943e-06
4.78661e-06
3.86579e-06
2.62488e-06
1.45735e-06
4.42246e-07
0
0
0
0
0
0
0
0
0
0
3.16151e-30
8.7918e-30
2.42358e-29
6.85912e-29
1.92831e-28
5.57398e-28
1.6298e-27
4.83031e-27
1.44723e-26
4.39154e-26
1.34645e-25
4.16639e-25
1.29812e-24
4.07131e-24
1.29681e-23
4.13038e-23
1.31589e-22
4.20554e-22
1.33938e-21
4.26441e-21
1.35988e-20
4.35745e-20
1.37143e-19
4.34446e-19
1.38784e-18
4.29291e-18
1.36343e-17
4.21445e-17
1.27675e-16
3.97376e-16
1.1618e-15
3.30851e-15
9.41025e-15
2.60412e-14
7.03572e-14
2.04655e-13
5.99125e-13
1.72057e-12
4.80735e-12
1.30897e-11
3.39258e-11
8.55428e-11
1.88174e-10
4.31207e-10
9.71792e-10
2.08905e-09
4.31688e-09
9.11435e-09
1.93074e-08
4.07114e-08
8.38307e-08
1.58745e-07
2.73265e-07
4.00868e-07
5.21208e-07
6.38798e-07
7.47843e-07
8.31829e-07
8.78641e-07
8.89225e-07
8.89696e-07
9.01663e-07
8.86032e-07
7.95011e-07
6.32455e-07
4.43812e-07
3.6646e-07
3.70506e-07
3.7425e-07
3.57701e-07
3.42017e-07
3.53977e-07
4.30241e-07
6.22826e-07
9.8432e-07
1.59364e-06
2.36656e-06
3.14592e-06
3.84377e-06
4.43646e-06
4.91825e-06
5.27744e-06
5.46678e-06
5.48409e-06
5.28824e-06
4.77188e-06
3.84864e-06
2.6098e-06
1.44794e-06
4.39099e-07
)
;
    }
    frontAndBack
    {
        type            empty;
    }
    internal
    {
        type            internal;
    }
}


// ************************************************************************* //
