/*--------------------------------*- C++ -*----------------------------------*\
  =========                 |
  \\      /  F ield         | OpenFOAM: The Open Source CFD Toolbox
   \\    /   O peration     | Website:  https://openfoam.org
    \\  /    A nd           | Version:  10
     \\/     M anipulation  |
\*---------------------------------------------------------------------------*/
FoamFile
{
    format      ascii;
    class       volScalarField;
    location    "1";
    object      HRR;
}
// * * * * * * * * * * * * * * * * * * * * * * * * * * * * * * * * * * * * * //

dimensions      [1 -1 -3 0 0 0 0];

internalField   nonuniform List<scalar> 
4000
(
-1.31733e-06
-5.43783e-07
-9.02492e-07
3.81034e-07
1.29625e-07
-4.48494e-07
2.85804e-07
3.17837e-08
-3.51738e-07
-4.61308e-07
-1.24253e-07
4.4097e-07
-5.67968e-08
-8.59833e-08
-3.75542e-07
7.18586e-07
2.13862e-07
4.72602e-07
-3.43247e-07
1.95151e-07
4.75821e-07
-3.23424e-07
1.17412e-06
1.85017e-06
-5.53996e-07
2.06637e-07
-8.07225e-07
-5.88776e-07
-6.75391e-08
8.90596e-07
1.18786e-06
-1.23518e-06
-1.68118e-07
-6.15036e-08
1.07431e-06
1.21719e-06
5.95416e-07
-1.68967e-06
-5.46617e-06
-2.16822e-05
-4.83096e-05
-0.000212293
-0.000612187
-0.00171655
-0.00488205
-0.014136
-0.0407102
-0.108735
-0.255114
-0.493965
-0.755545
-0.912773
-0.865742
-0.317269
2.14803
11.3573
40.5093
130.317
373.367
956.88
2138.53
3477.12
1745.81
-3729.13
-11405.9
-23407.7
-47701.7
-118473
-329042
-888697
-2.35281e+06
-6.3186e+06
-1.63795e+07
-3.41537e+07
-4.89803e+07
-3.78667e+07
-2.16215e+07
-1.82662e+07
-2.51922e+07
-3.24236e+07
-2.81935e+07
-7.14538e+06
3.03478e+07
7.96094e+07
1.35152e+08
1.43628e+08
1.34211e+08
1.1184e+08
8.74705e+07
6.5224e+07
4.6141e+07
2.99193e+07
1.80058e+07
9.83157e+06
4.77615e+06
2.08196e+06
809676
278483
83799
10944.9
-7.23385e-07
7.60065e-07
-1.32874e-06
-1.77488e-06
-1.69681e-06
8.66097e-07
9.0421e-07
-5.73706e-07
-8.95707e-07
4.48957e-07
7.89431e-07
-1.34414e-08
-3.13958e-07
-8.05963e-07
-6.56167e-07
2.29618e-07
-1.70189e-06
1.69053e-06
-3.48598e-07
-1.78972e-06
-1.3471e-06
1.558e-06
1.34038e-06
-4.79845e-07
-3.07701e-08
2.0003e-07
1.83462e-06
-1.35967e-06
1.26233e-06
-9.47659e-07
-3.86255e-07
1.15656e-06
-8.54752e-07
-1.60623e-07
1.80447e-06
-1.26266e-06
-2.90589e-08
-9.43965e-07
-8.60272e-06
-2.72256e-05
-6.92197e-05
-0.000257045
-0.000785126
-0.00226586
-0.00667856
-0.0193797
-0.05439
-0.139156
-0.309899
-0.565657
-0.79501
-0.906174
-0.827347
-0.153435
2.7308
13.4612
44.8445
138.213
384.467
962.044
2122.41
3428.9
1778.92
-3577.46
-11038.8
-22694
-45667.6
-112280
-310519
-839423
-2.23821e+06
-6.03062e+06
-1.57916e+07
-3.35739e+07
-4.92204e+07
-3.87882e+07
-2.20463e+07
-1.84086e+07
-2.53226e+07
-3.26117e+07
-2.81846e+07
-6.40753e+06
3.21465e+07
8.24341e+07
1.37439e+08
1.44749e+08
1.34282e+08
1.11384e+08
8.67558e+07
6.43983e+07
4.52791e+07
2.91353e+07
1.73897e+07
9.40795e+06
4.52786e+06
1.95545e+06
753243
258210
77581.7
10032.6
-2.96713e-06
7.51142e-07
-3.39468e-07
1.27862e-06
1.03799e-06
-1.26939e-06
1.36069e-06
-8.48911e-07
3.34406e-08
2.05177e-07
-1.48125e-06
-1.29521e-06
-8.98758e-07
1.54127e-06
-1.8382e-06
9.18118e-07
-9.32117e-08
-1.71198e-06
-1.55676e-06
-1.67229e-06
-1.31398e-06
5.14205e-07
3.61162e-07
-1.46707e-07
9.6143e-07
8.06982e-07
-5.73629e-07
1.59168e-06
1.8026e-06
-1.69891e-06
1.31563e-06
1.81726e-06
6.3384e-07
2.70484e-07
1.63307e-06
-1.43321e-06
-2.34031e-06
-2.0366e-06
-1.15468e-05
-3.24294e-05
-0.000124623
-0.000304208
-0.000980133
-0.00278425
-0.00829542
-0.0236045
-0.0654766
-0.163052
-0.345506
-0.605926
-0.819205
-0.913141
-0.781777
0.0982477
3.47294
14.6026
47.0335
142.542
391.202
968.313
2112.55
3385.51
1781.34
-3458.03
-10745.1
-22109.5
-43960.6
-106105
-293670
-799707
-2.14436e+06
-5.76996e+06
-1.52501e+07
-3.29622e+07
-4.94045e+07
-3.97855e+07
-2.25183e+07
-1.85873e+07
-2.55117e+07
-3.28538e+07
-2.81135e+07
-5.2858e+06
3.46987e+07
8.65713e+07
1.40322e+08
1.4625e+08
1.34194e+08
1.10499e+08
8.5623e+07
6.31303e+07
4.3989e+07
2.80145e+07
1.65619e+07
8.85849e+06
4.2217e+06
1.80609e+06
690604
234766
70734.8
9052.36
-2.14492e-06
-2.85337e-06
-3.34188e-06
1.26576e-06
-1.74544e-07
3.20098e-07
1.57372e-06
-5.04156e-07
-4.91697e-07
-1.8724e-07
-3.57622e-07
-1.33753e-06
-1.15334e-06
1.77132e-07
1.11825e-06
-2.25734e-07
-8.73939e-07
-1.60185e-06
1.20155e-06
-6.51326e-07
-1.52819e-06
1.66075e-06
-6.91989e-08
1.4457e-06
1.17036e-06
-2.56125e-07
7.14588e-07
1.04703e-06
-6.85563e-08
-4.07126e-07
-6.46414e-07
5.8015e-07
6.93771e-07
6.97501e-07
-1.04931e-06
-1.44341e-06
-2.08102e-06
-7.1928e-06
-1.05881e-05
-3.98054e-05
-0.000148708
-0.000398533
-0.0012129
-0.00340917
-0.00965111
-0.0280844
-0.0762435
-0.183846
-0.384413
-0.621891
-0.828982
-0.917482
-0.710459
0.351169
4.25562
15.3266
49.1142
146.694
397.358
970.982
2100.17
3350.14
1801.2
-3357.95
-10510.7
-21644.8
-42619.3
-101628
-280063
-765013
-2.05557e+06
-5.52873e+06
-1.47718e+07
-3.24218e+07
-4.94998e+07
-4.04593e+07
-2.28711e+07
-1.87675e+07
-2.57375e+07
-3.31058e+07
-2.79914e+07
-4.15551e+06
3.69732e+07
9.14126e+07
1.42484e+08
1.47315e+08
1.3371e+08
1.09433e+08
8.44954e+07
6.16072e+07
4.25976e+07
2.69318e+07
1.57784e+07
8.34449e+06
3.93147e+06
1.66878e+06
633597
214575
64557.6
8177.26
-3.01655e-06
3.11707e-06
-3.64699e-06
5.97149e-07
-3.23542e-06
-6.22783e-07
-1.12765e-06
-8.36871e-07
2.94757e-06
2.93284e-06
1.25214e-06
4.81697e-07
9.90478e-07
-9.93872e-07
1.61295e-06
3.19649e-07
1.7821e-06
3.13432e-07
-5.26229e-07
-4.4146e-07
8.57822e-07
2.86981e-07
1.56078e-06
-1.1503e-06
3.78317e-07
4.9983e-07
-5.68314e-08
1.48076e-06
-1.28747e-06
-6.18119e-07
3.65639e-06
1.98945e-06
3.03678e-06
-3.84444e-06
2.85327e-06
-3.58473e-06
-4.62103e-06
-7.9428e-06
-1.67157e-05
-5.01947e-05
-0.000170482
-0.000480755
-0.00135855
-0.00401519
-0.0113091
-0.032361
-0.085551
-0.206712
-0.394418
-0.631277
-0.850736
-0.913075
-0.649325
0.663
4.56155
16.1711
51.2208
150.429
402.319
975.25
2093.31
3321.14
1800.96
-3287.2
-10329.4
-21271.9
-41683.6
-98472.7
-270796
-740371
-1.99376e+06
-5.36654e+06
-1.44152e+07
-3.19988e+07
-4.96493e+07
-4.12346e+07
-2.32458e+07
-1.89428e+07
-2.59443e+07
-3.33288e+07
-2.78573e+07
-2.94317e+06
3.95731e+07
9.53403e+07
1.44297e+08
1.48424e+08
1.33434e+08
1.08556e+08
8.34187e+07
6.05073e+07
4.15434e+07
2.60793e+07
1.51536e+07
7.93547e+06
3.70616e+06
1.56177e+06
589071
198976
59311.8
7529.22
-3.1344e-06
-3.44489e-06
-1.83816e-06
-2.79343e-06
9.96829e-07
3.57393e-06
-3.3994e-06
1.01059e-06
-1.26e-06
1.64077e-06
-1.79086e-06
-2.95838e-06
2.4408e-06
8.50143e-07
-7.65443e-07
2.54242e-06
-1.44897e-06
3.62368e-06
3.14966e-06
-2.50407e-06
2.71778e-06
-3.03219e-07
1.8206e-06
-9.0945e-07
-1.79107e-06
-3.6911e-06
-3.74004e-07
-1.19962e-06
5.43485e-07
-1.21013e-07
8.64287e-07
1.60882e-06
4.61554e-07
-8.12342e-08
-3.61402e-06
-2.10141e-06
1.84567e-06
-9.37166e-06
-1.80248e-05
-4.72561e-05
-0.000206563
-0.00056681
-0.00158933
-0.00461322
-0.0129934
-0.0362588
-0.0966779
-0.213794
-0.406343
-0.659255
-0.864558
-0.904063
-0.598846
0.832551
5.01571
17.1398
52.8786
153.729
406.01
976.145
2082.69
3295.74
1813.25
-3219.78
-10186
-21020.7
-40966.2
-95738.6
-262253
-720132
-1.94671e+06
-5.2384e+06
-1.41425e+07
-3.17038e+07
-4.97291e+07
-4.17925e+07
-2.353e+07
-1.90666e+07
-2.60924e+07
-3.35058e+07
-2.77543e+07
-1.96756e+06
4.16254e+07
9.84221e+07
1.45746e+08
1.49382e+08
1.33304e+08
1.07919e+08
8.25827e+07
5.96595e+07
4.07235e+07
2.54343e+07
1.46841e+07
7.63258e+06
3.5429e+06
1.48468e+06
557059
187701
55899.5
7044.27
1.8555e-07
-3.13364e-06
4.38709e-07
-3.25186e-06
-2.35267e-06
-1.66062e-06
8.09614e-07
4.08437e-07
-1.33337e-06
-4.81337e-07
-9.96713e-07
3.1384e-06
2.58335e-06
-2.56517e-06
-6.23905e-07
-3.02903e-06
4.06591e-07
-7.15124e-07
-1.12974e-06
2.43186e-06
1.01227e-06
2.09746e-06
2.51462e-06
-3.29614e-06
4.85391e-07
-2.65268e-06
-3.1838e-06
2.42105e-06
-2.28972e-06
-7.76871e-07
2.80606e-06
3.24217e-06
2.77071e-06
-2.243e-06
3.0857e-07
-2.81138e-07
-6.16055e-06
-6.23266e-06
-2.4125e-05
-5.76485e-05
-0.00021784
-0.000664893
-0.00184209
-0.00514658
-0.0145256
-0.0401046
-0.101946
-0.214916
-0.424428
-0.679098
-0.870389
-0.895831
-0.561346
0.954412
5.32457
17.8758
54.2016
155.751
408.168
974.961
2070.53
3272.46
1832.48
-3149.37
-10041.5
-20780.5
-40365.4
-93559
-255849
-703358
-1.90504e+06
-5.1244e+06
-1.38889e+07
-3.13934e+07
-4.97608e+07
-4.23154e+07
-2.3803e+07
-1.91615e+07
-2.61841e+07
-3.36446e+07
-2.77166e+07
-1.28631e+06
4.31237e+07
1.0068e+08
1.46861e+08
1.50145e+08
1.33271e+08
1.07511e+08
8.20085e+07
5.90649e+07
4.01407e+07
2.49785e+07
1.43526e+07
7.4187e+06
3.42742e+06
1.43035e+06
534454
179846
53513.3
6706.5
9.14746e-07
3.30351e-06
3.0451e-06
-2.52102e-06
2.41135e-08
-3.22006e-06
-3.9481e-07
-3.39214e-06
-2.04623e-06
-2.49231e-06
-3.4889e-06
-3.25045e-06
2.85281e-06
4.72986e-07
1.16061e-06
-3.20348e-06
-4.37722e-07
7.80597e-07
3.57177e-06
1.82972e-06
2.19842e-06
-1.91027e-07
1.92805e-06
-4.06095e-07
-3.45312e-06
4.71472e-07
1.35723e-06
-1.38649e-07
-1.4911e-06
1.1333e-07
-1.63137e-06
1.63761e-06
-6.42845e-07
-7.80873e-07
2.27276e-06
-3.34086e-06
-3.48493e-06
-8.00411e-06
-2.64993e-05
-0.00010055
-0.000245485
-0.00071601
-0.00208689
-0.00580327
-0.0164203
-0.0446202
-0.105846
-0.229935
-0.444643
-0.696761
-0.877154
-0.885667
-0.521658
1.07326
5.60323
18.4452
55.1914
157.045
408.446
970.214
2053.54
3249.55
1865.24
-3070.72
-9883.14
-20483.5
-39721.2
-91444.7
-249519
-686625
-1.86267e+06
-5.00863e+06
-1.36174e+07
-3.1034e+07
-4.97363e+07
-4.28721e+07
-2.40885e+07
-1.92297e+07
-2.62123e+07
-3.37465e+07
-2.77609e+07
-922012
4.40625e+07
1.02159e+08
1.47697e+08
1.50744e+08
1.33355e+08
1.07314e+08
8.16766e+07
5.86998e+07
3.97684e+07
2.46841e+07
1.41355e+07
7.2776e+06
3.35141e+06
1.39413e+06
519554
174593
51916.1
6481.14
-1.09059e-06
6.71053e-07
1.43419e-06
-3.37973e-06
-2.2825e-06
-3.03387e-06
1.89512e-06
8.49799e-07
3.36702e-06
-2.11309e-06
-3.78345e-07
1.95732e-07
2.2729e-06
3.73686e-07
-2.25127e-06
3.78153e-06
-5.02497e-08
2.5556e-06
-1.22121e-06
3.78753e-06
-3.28847e-06
3.68398e-06
-3.44514e-06
3.28171e-06
2.18327e-06
-7.5115e-07
1.60407e-07
4.18391e-07
-7.96845e-07
-3.78792e-06
1.25775e-06
2.3144e-06
3.04075e-06
-2.02891e-06
-1.35835e-06
-3.98119e-06
-2.20437e-06
-1.01227e-05
-2.82544e-05
-0.000110246
-0.000274044
-0.000841403
-0.00231747
-0.00652646
-0.0172341
-0.0434532
-0.110094
-0.245328
-0.46323
-0.711833
-0.879444
-0.876425
-0.488321
1.17002
5.80769
18.8421
55.7959
157.441
406.763
961.625
2029.53
3221.29
1923.21
-2941.28
-9664.02
-20166.4
-38915.8
-89019.1
-241809
-667102
-1.80983e+06
-4.86312e+06
-1.33006e+07
-3.06094e+07
-4.96567e+07
-4.34672e+07
-2.43991e+07
-1.92765e+07
-2.61808e+07
-3.38177e+07
-2.78895e+07
-852382
4.45067e+07
1.02971e+08
1.48307e+08
1.51225e+08
1.33533e+08
1.07305e+08
8.15537e+07
5.85283e+07
3.95726e+07
2.45203e+07
1.40102e+07
7.19383e+06
3.30439e+06
1.3719e+06
510354
171340
50923
6340.92
-3.24745e-06
2.61118e-06
-1.28505e-06
-1.44402e-06
1.15686e-07
-1.33076e-06
2.41083e-06
1.20778e-06
6.74621e-07
9.81413e-07
-3.69578e-07
3.56385e-06
1.22651e-06
7.64526e-07
-1.97433e-08
2.38639e-06
1.82792e-07
-1.77475e-06
3.06827e-07
1.21636e-06
1.69267e-06
-2.48651e-06
-1.2026e-06
2.88713e-06
3.87606e-07
2.70842e-06
-1.87853e-06
-2.52325e-07
-1.04448e-06
-7.78598e-07
3.46089e-06
3.64172e-06
1.93194e-06
-2.48158e-06
2.34583e-07
-1.77713e-06
-1.604e-06
-1.09574e-05
-3.69757e-05
-0.000116925
-0.000324087
-0.000878727
-0.00249916
-0.00670581
-0.0175056
-0.0475044
-0.11782
-0.258787
-0.481348
-0.723762
-0.88156
-0.866673
-0.455581
1.23336
5.94575
19.1322
56.0895
157.136
403.857
951.553
2005.55
3195.33
1988.6
-2808.66
-9428.58
-19779.6
-38101.6
-86598.6
-234509
-647119
-1.72263e+06
-4.73029e+06
-1.29782e+07
-3.01111e+07
-4.94574e+07
-4.41335e+07
-2.47669e+07
-1.93115e+07
-2.60998e+07
-3.38675e+07
-2.80948e+07
-1.03099e+06
4.45465e+07
1.03249e+08
1.48739e+08
1.51639e+08
1.33812e+08
1.07447e+08
8.15987e+07
5.85102e+07
3.95122e+07
2.44581e+07
1.39553e+07
7.15387e+06
3.28109e+06
1.36043e+06
505502
169600
50385.3
6264.39
9.69554e-07
-2.03534e-06
-1.29898e-06
3.54382e-06
2.00635e-06
-3.69168e-06
-3.65434e-06
1.03389e-06
-3.0298e-06
6.0395e-07
-1.23308e-06
9.20176e-07
-2.29414e-06
5.58032e-07
2.30682e-06
6.78902e-07
-3.76613e-06
1.14404e-06
2.14738e-06
2.25651e-06
3.62266e-07
3.71487e-06
1.06178e-06
-3.09775e-06
3.11311e-06
-1.76334e-07
3.70605e-06
-1.84724e-06
1.44543e-07
-1.23077e-06
-2.07329e-06
8.50077e-07
3.64203e-06
-4.98153e-07
5.03738e-07
-4.15944e-06
-5.56092e-06
-1.48534e-05
-3.96026e-05
-0.000129167
-0.000331156
-0.000921678
-0.00255468
-0.00690491
-0.0190945
-0.0511553
-0.125858
-0.273632
-0.499126
-0.73807
-0.886138
-0.853739
-0.381191
1.24444
6.03975
19.3054
56.0842
156.1
399.202
936.061
1971.68
3168.12
2062.8
-2671.38
-9197.49
-19413.3
-37307
-84067.3
-227374
-628810
-1.67434e+06
-4.5939e+06
-1.26289e+07
-2.95722e+07
-4.92549e+07
-4.47927e+07
-2.51359e+07
-1.93358e+07
-2.59817e+07
-3.38867e+07
-2.8341e+07
-1.38787e+06
4.42822e+07
1.03121e+08
1.49042e+08
1.52011e+08
1.34156e+08
1.07705e+08
8.17718e+07
5.86086e+07
3.95566e+07
2.44718e+07
1.39528e+07
7.14622e+06
3.27468e+06
1.35669e+06
503778
168948
50175.3
6233.53
-3.23724e-06
-3.76584e-06
-1.10002e-06
-1.19074e-06
-1.88173e-06
3.25733e-06
1.05849e-06
-1.0199e-06
-1.23694e-07
-1.18883e-06
-2.1128e-06
1.72528e-06
5.73968e-07
1.94811e-06
-1.851e-06
1.34665e-06
2.94636e-06
-1.89851e-06
2.54449e-06
-2.34242e-06
3.06381e-06
2.78462e-06
-4.66409e-07
-3.39854e-06
-3.75771e-06
1.93443e-06
-1.16782e-06
-3.47343e-06
3.49729e-06
-2.64287e-06
-4.11866e-07
1.96825e-06
1.48728e-06
3.55009e-06
-2.68155e-07
-3.96371e-06
-6.37305e-06
-1.4877e-05
-3.88636e-05
-0.000133383
-0.000354605
-0.000963002
-0.00267654
-0.00739864
-0.0204806
-0.0544611
-0.132883
-0.285866
-0.514304
-0.750442
-0.891702
-0.847978
-0.347656
1.2331
6.11496
19.411
55.8791
154.74
394.102
923.449
1943.3
3140.42
2138.87
-2530.2
-8966.12
-19054.4
-36560.9
-81693.1
-220262
-611575
-1.62115e+06
-4.44767e+06
-1.22805e+07
-2.90395e+07
-4.90061e+07
-4.5414e+07
-2.54949e+07
-1.93477e+07
-2.58342e+07
-3.38842e+07
-2.86144e+07
-1.86808e+06
4.37998e+07
1.02691e+08
1.49234e+08
1.52325e+08
1.34564e+08
1.08061e+08
8.2044e+07
5.87936e+07
3.96776e+07
2.45416e+07
1.39888e+07
7.16186e+06
3.2803e+06
1.35842e+06
504249
169057
50194.2
6234.59
1.14561e-06
-2.17749e-06
1.28544e-06
-8.95932e-07
2.02417e-06
1.73641e-06
-9.25334e-07
1.8672e-06
2.45099e-07
-2.36146e-06
1.45428e-06
-9.87108e-07
2.58852e-06
-2.85797e-06
-6.09059e-08
-1.18488e-06
-2.60696e-06
-3.28065e-07
-8.03543e-07
4.55456e-07
-1.95006e-06
-3.34528e-08
1.88993e-06
-3.48267e-06
3.36174e-06
1.27467e-06
-4.15533e-07
2.94132e-06
-1.23152e-06
-3.94559e-07
-4.56361e-07
-2.05667e-06
1.60735e-06
1.07373e-06
1.68445e-06
9.89756e-07
-6.43725e-06
-1.28822e-05
-4.29576e-05
-0.000143348
-0.000380901
-0.0010683
-0.00287808
-0.00798699
-0.0216349
-0.0571967
-0.138654
-0.294306
-0.523299
-0.75626
-0.892948
-0.84465
-0.340093
1.22113
6.2105
19.4811
55.5516
152.954
388.501
908.822
1916.34
3114.78
2210.12
-2388.48
-8732.49
-18687.5
-35813.5
-79363.8
-213070
-592860
-1.57334e+06
-4.31894e+06
-1.19523e+07
-2.84872e+07
-4.86764e+07
-4.60463e+07
-2.58873e+07
-1.93644e+07
-2.56722e+07
-3.38611e+07
-2.89069e+07
-2.45032e+06
4.31545e+07
1.02064e+08
1.49364e+08
1.52614e+08
1.34997e+08
1.08468e+08
8.23805e+07
5.90392e+07
3.98519e+07
2.46468e+07
1.40487e+07
7.19229e+06
3.2937e+06
1.36386e+06
506243
169699
50374.9
6258.14
-2.92909e-06
-3.57083e-06
-2.40736e-06
-1.76063e-06
-3.09039e-06
3.40581e-06
1.81763e-06
-1.23501e-06
-1.42829e-06
3.7381e-06
-1.88431e-06
1.13659e-06
-1.86026e-06
2.06475e-06
3.74764e-06
-1.7396e-06
-2.75107e-06
-2.3133e-06
-1.72906e-06
6.71415e-07
2.3477e-06
1.66879e-06
1.79743e-06
-8.76834e-07
3.08677e-06
-2.36675e-06
-2.06565e-06
3.16131e-06
-3.35134e-06
5.97079e-07
-7.60414e-07
-3.56459e-06
-3.62809e-06
-2.25209e-06
1.89382e-07
-4.36486e-06
-8.13271e-06
-1.75397e-05
-4.36566e-05
-0.000154051
-0.000392886
-0.00109705
-0.00304097
-0.008386
-0.0226229
-0.0594529
-0.14263
-0.300081
-0.529207
-0.75967
-0.893359
-0.84246
-0.33746
1.20763
6.27305
19.509
55.1929
151.374
383.562
894.834
1886.44
3089.82
2278.92
-2254.32
-8518.34
-18352.1
-35130.3
-77428
-206836
-575915
-1.53009e+06
-4.19362e+06
-1.16411e+07
-2.79719e+07
-4.83555e+07
-4.66225e+07
-2.62621e+07
-1.93779e+07
-2.54979e+07
-3.38262e+07
-2.92022e+07
-3.06353e+06
4.24414e+07
1.01331e+08
1.49449e+08
1.52872e+08
1.3543e+08
1.0889e+08
8.27366e+07
5.9306e+07
4.00473e+07
2.47726e+07
1.41242e+07
7.2329e+06
3.31318e+06
1.37171e+06
509192
170670
50653.8
6295.4
2.28837e-06
-3.23784e-06
-1.81325e-06
-3.59065e-06
-2.44495e-06
1.09602e-06
3.33017e-06
-1.02754e-06
-1.51142e-06
-2.07578e-06
3.08587e-06
-9.35658e-07
3.69063e-06
-6.43932e-07
3.71305e-07
3.28177e-06
-1.80185e-06
3.21761e-08
-1.00982e-06
2.28976e-06
-7.82756e-08
9.08959e-07
-3.11379e-06
-3.24217e-06
-3.06488e-06
-3.41455e-06
9.47026e-07
2.02619e-06
-1.48739e-06
1.1378e-06
-3.49833e-06
-3.21976e-06
-2.69136e-07
-3.8807e-06
2.33911e-06
-3.60914e-07
-3.8463e-06
-1.40291e-05
-4.24771e-05
-0.000148046
-0.000415696
-0.0011509
-0.00320004
-0.00862029
-0.0233604
-0.0610484
-0.145586
-0.304422
-0.533618
-0.762226
-0.89341
-0.840828
-0.336543
1.19552
6.30284
19.4772
54.7087
149.6
378.128
882.097
1860.06
3065.49
2344.34
-2130.12
-8320.21
-18042.4
-34510.6
-75546.6
-201357
-560712
-1.4917e+06
-4.08552e+06
-1.13616e+07
-2.74862e+07
-4.80434e+07
-4.71429e+07
-2.66164e+07
-1.9396e+07
-2.53373e+07
-3.37879e+07
-2.94721e+07
-3.64654e+06
4.17431e+07
1.00595e+08
1.49494e+08
1.53083e+08
1.35831e+08
1.09291e+08
8.30817e+07
5.95684e+07
4.02444e+07
2.48988e+07
1.42011e+07
7.27494e+06
3.33254e+06
1.38011e+06
512407
171744
50966.1
6337.58
-7.32852e-07
-5.15092e-07
3.45262e-06
-3.4438e-06
2.407e-06
2.1835e-06
2.70958e-06
3.64394e-06
-2.11802e-06
1.99124e-06
1.3481e-06
2.99479e-07
2.3951e-06
2.61967e-06
-1.86699e-06
-2.23854e-06
2.20872e-07
2.50345e-06
3.32623e-06
-3.65365e-06
3.5553e-06
-3.71545e-06
-1.73748e-08
1.96196e-06
-3.6091e-06
-1.89545e-06
-2.4593e-06
-9.44613e-08
-3.76812e-07
2.31634e-06
-6.73835e-07
1.36339e-06
-7.21273e-07
-2.68558e-06
-1.09809e-06
-3.64656e-06
-4.78964e-06
-1.89734e-05
-3.36618e-05
-0.000165555
-0.00042666
-0.00117127
-0.00329477
-0.00879946
-0.0239129
-0.0622675
-0.147785
-0.307512
-0.536525
-0.763689
-0.893367
-0.839773
-0.336416
1.18473
6.31675
19.4259
54.25
147.85
373.258
870.067
1837.31
3045.13
2396.87
-2027.77
-8154.42
-17781.4
-34001.8
-74049.5
-196646
-547594
-1.45909e+06
-3.99501e+06
-1.1123e+07
-2.70763e+07
-4.77642e+07
-4.75746e+07
-2.6925e+07
-1.94164e+07
-2.5199e+07
-3.37489e+07
-2.9701e+07
-4.15464e+06
4.11165e+07
9.99215e+07
1.4951e+08
1.53249e+08
1.36178e+08
1.09646e+08
8.33901e+07
5.98061e+07
4.0425e+07
2.50165e+07
1.42734e+07
7.3149e+06
3.35138e+06
1.38826e+06
515526
172787
51270
6378.75
2.78324e-06
1.30496e-06
-1.46574e-06
2.25887e-07
-3.25296e-06
1.09327e-06
-4.35818e-07
-3.53431e-06
-3.6993e-06
3.03954e-06
1.59385e-06
8.19562e-07
-1.30231e-06
-2.65971e-06
3.58552e-06
1.16411e-06
1.42854e-06
2.68342e-06
6.95129e-07
-1.81501e-06
1.97828e-06
3.4604e-06
-8.52965e-08
1.75908e-06
9.62901e-07
1.66426e-06
1.83314e-06
-1.63827e-06
4.74302e-07
-2.03145e-06
3.32381e-06
-3.07761e-06
1.49381e-06
1.15909e-06
1.28577e-06
-1.19974e-06
-8.89564e-06
-1.39158e-05
-3.35969e-05
-0.000162054
-0.000427484
-0.00119155
-0.00324996
-0.00891398
-0.0243725
-0.0631726
-0.149431
-0.309827
-0.538742
-0.764771
-0.893303
-0.83902
-0.336482
1.17657
6.32029
19.3702
53.8542
146.551
369.679
861.378
1819.94
3027.07
2438.22
-1936.96
-8015.36
-17564.6
-33580.5
-72807.6
-192684
-537299
-1.43341e+06
-3.92422e+06
-1.0942e+07
-2.67551e+07
-4.75332e+07
-4.79031e+07
-2.71708e+07
-1.94344e+07
-2.50874e+07
-3.37122e+07
-2.9881e+07
-4.5724e+06
4.05987e+07
9.93608e+07
1.49513e+08
1.53371e+08
1.36457e+08
1.09935e+08
8.36431e+07
6.00022e+07
4.05762e+07
2.51139e+07
1.43334e+07
7.34812e+06
3.368e+06
1.39516e+06
518185
173680
51531
6414.21
-1.11955e-10
3.33868e-06
2.41288e-06
-1.29257e-06
3.35054e-06
2.62236e-06
9.75157e-07
-9.96582e-08
7.06157e-07
1.92317e-06
4.18435e-07
-3.03916e-06
2.3478e-06
-2.65432e-06
2.05791e-06
9.95584e-07
-3.12181e-06
2.46432e-06
3.66007e-06
-1.89909e-06
-2.06096e-06
-1.34309e-06
3.59703e-06
7.70605e-07
5.97098e-07
-3.2233e-06
-3.07665e-06
-5.1074e-07
-2.59918e-07
-2.00551e-06
-6.99532e-07
-3.00903e-06
-3.06847e-06
-1.17551e-06
1.14601e-06
-1.4946e-06
-7.26794e-06
-1.68424e-05
-3.30333e-05
-0.000165176
-0.000429918
-0.00118667
-0.00328162
-0.00903716
-0.0246954
-0.0638391
-0.150578
-0.311442
-0.540266
-0.765524
-0.893196
-0.838438
-0.336375
1.1712
6.3213
19.3293
53.5821
145.62
367.087
855.122
1807.64
3015.05
2466.16
-1877.02
-7922.4
-17416.6
-33294.2
-71975.7
-190028
-530366
-1.41664e+06
-3.87689e+06
-1.08131e+07
-2.65292e+07
-4.7367e+07
-4.813e+07
-2.73458e+07
-1.94485e+07
-2.50082e+07
-3.3684e+07
-3.00068e+07
-4.86815e+06
4.02262e+07
9.89532e+07
1.49508e+08
1.53456e+08
1.36655e+08
1.10142e+08
8.38255e+07
6.0144e+07
4.06853e+07
2.51851e+07
1.43773e+07
7.37268e+06
3.37977e+06
1.40023e+06
520139
174338
51723.2
6440.35
3.70572e-07
9.26201e-07
7.41057e-07
-8.83856e-11
-1.29673e-06
3.74914e-07
3.78429e-07
-1.2846e-06
2.45606e-08
3.1942e-06
3.59262e-06
1.13491e-07
-3.15591e-06
3.25144e-06
6.23632e-07
-3.23394e-06
1.16439e-06
-2.46321e-06
-2.01878e-06
-1.15495e-06
-1.27868e-06
2.13647e-06
-1.52116e-06
8.20044e-07
-7.44228e-08
-3.17121e-06
-7.49803e-07
-3.33807e-06
2.34405e-06
-3.65816e-06
-2.1482e-06
2.81269e-06
-2.27933e-06
-3.41706e-06
2.82161e-06
1.07308e-06
-2.77025e-06
-1.86274e-05
-3.17411e-05
-0.000171729
-0.000441962
-0.00120091
-0.00329679
-0.00915604
-0.0248649
-0.064237
-0.151354
-0.312506
-0.541254
-0.765991
-0.89314
-0.838053
-0.336099
1.16881
6.32458
19.3133
53.4516
145.161
365.768
851.857
1801.11
3008.87
2480.5
-1845.95
-7873.55
-17339
-33144.1
-71534.6
-188624
-526628
-1.40689e+06
-3.85081e+06
-1.07461e+07
-2.64095e+07
-4.72768e+07
-4.82479e+07
-2.74387e+07
-1.94562e+07
-2.49653e+07
-3.36675e+07
-3.00735e+07
-5.02922e+06
4.00206e+07
9.87274e+07
1.49504e+08
1.53501e+08
1.36764e+08
1.10256e+08
8.39258e+07
6.02221e+07
4.07452e+07
2.52242e+07
1.44017e+07
7.38614e+06
3.38597e+06
1.40295e+06
521194
174694
51827.8
6454.62
7.41013e-07
1.48235e-06
1.66734e-06
1.4822e-06
1.6675e-06
1.11202e-06
1.8515e-07
3.52433e-06
-2.22314e-06
-1.84877e-06
-3.51141e-06
2.05838e-08
2.25908e-06
-3.28204e-06
2.87226e-06
-2.27057e-06
-3.49457e-06
2.3613e-06
1.77416e-06
2.7326e-06
-1.41559e-06
-3.40773e-06
1.24204e-06
2.56969e-06
2.1183e-06
-3.71341e-06
1.66914e-06
-7.77805e-07
3.55803e-07
-2.97018e-06
-9.9618e-07
-1.3796e-06
2.75726e-06
2.11894e-06
4.89553e-08
-3.51409e-06
-5.15717e-06
-1.44165e-05
-3.34558e-05
-0.000165364
-0.000443089
-0.00121285
-0.00335337
-0.0091847
-0.024964
-0.0644825
-0.151801
-0.313159
-0.541875
-0.766353
-0.893167
-0.837768
-0.33542
1.16918
6.3334
19.3232
53.4403
145.077
365.491
851.142
1799.67
3007.45
2483.54
-1839.31
-7863.21
-17322.9
-33114.5
-71452.5
-188367
-525973
-1.4053e+06
-3.84651e+06
-1.07351e+07
-2.639e+07
-4.7262e+07
-4.82659e+07
-2.74533e+07
-1.94573e+07
-2.49585e+07
-3.36647e+07
-3.00835e+07
-5.05381e+06
3.99892e+07
9.86929e+07
1.49504e+08
1.53508e+08
1.36781e+08
1.10273e+08
8.39408e+07
6.02336e+07
4.07538e+07
2.52296e+07
1.4405e+07
7.38796e+06
3.38704e+06
1.40334e+06
521333
174737
51839.6
6456.16
9.2632e-07
9.26183e-07
1.29684e-06
2.0377e-06
2.03791e-06
1.11141e-06
9.25934e-07
-1.85601e-07
-2.03781e-06
-1.66296e-06
-3.51219e-06
3.54407e-06
-1.63497e-06
6.11931e-07
-9.60968e-08
-1.34445e-06
-2.0123e-06
1.24625e-06
-4.53725e-07
3.46888e-06
8.03281e-07
-3.7879e-06
-3.40439e-06
3.29942e-06
-8.57031e-07
-2.17156e-07
-1.14647e-06
-1.16043e-06
-3.75102e-06
-2.6487e-06
-3.17661e-06
-3.04322e-06
-8.25695e-07
2.29331e-06
-1.94398e-06
-3.13081e-07
-2.74019e-06
-1.50054e-05
-3.46723e-05
-0.000167937
-0.00044603
-0.00121361
-0.00336555
-0.00922229
-0.0249573
-0.0645817
-0.151997
-0.313466
-0.542264
-0.76665
-0.893278
-0.837485
-0.333997
1.17365
6.3518
19.3729
53.6007
145.516
366.586
853.659
1804.49
3011.91
2472.29
-1862.58
-7898.84
-17379
-33223
-71770.1
-189373
-528633
-1.41234e+06
-3.86507e+06
-1.07844e+07
-2.64769e+07
-4.73265e+07
-4.81781e+07
-2.7384e+07
-1.94509e+07
-2.49889e+07
-3.36759e+07
-3.00344e+07
-4.93608e+06
4.01401e+07
9.88593e+07
1.4951e+08
1.53479e+08
1.36704e+08
1.10191e+08
8.3867e+07
6.01755e+07
4.07085e+07
2.51998e+07
1.43862e+07
7.37729e+06
3.38162e+06
1.40104e+06
520444
174438
51751.7
6444.17
5.55809e-07
9.26185e-07
7.40992e-07
5.55735e-07
3.70914e-06
-3.33493e-06
-3.33077e-06
2.79536e-06
7.65298e-07
4.07013e-08
-3.64014e-06
1.04022e-06
-5.62976e-07
3.24801e-06
-2.34938e-06
-1.01556e-06
3.38048e-06
3.03857e-07
-2.03402e-06
-3.22051e-06
1.55805e-07
2.49673e-07
2.63288e-07
2.98894e-06
2.96212e-06
7.7548e-07
2.03516e-06
2.97388e-06
8.46968e-07
-2.6459e-07
-6.90305e-07
-9.96559e-07
4.84441e-07
-9.60133e-08
-2.48661e-06
1.11235e-06
-6.4695e-06
-1.44728e-05
-3.38945e-05
-0.000172171
-0.000435057
-0.00121259
-0.00332172
-0.009217
-0.0249519
-0.0645177
-0.151874
-0.313368
-0.542284
-0.766853
-0.893461
-0.837249
-0.331921
1.18194
6.38018
19.4635
53.9332
146.469
369.006
859.236
1815.23
3021.75
2446.93
-1914.6
-7978.45
-17503.5
-33462.5
-72471.9
-191593
-534484
-1.42688e+06
-3.9049e+06
-1.08906e+07
-2.66661e+07
-4.74661e+07
-4.7986e+07
-2.7235e+07
-1.9438e+07
-2.5056e+07
-3.37003e+07
-2.99274e+07
-4.6794e+06
4.04677e+07
9.92204e+07
1.49522e+08
1.53411e+08
1.36534e+08
1.10011e+08
8.3707e+07
6.00503e+07
4.06113e+07
2.51359e+07
1.43463e+07
7.35485e+06
3.37033e+06
1.39635e+06
518619
173819
51569.4
6419.25
1.85048e-07
1.37957e-10
2.41221e-06
2.60187e-06
1.20257e-08
2.80732e-06
-2.54859e-06
8.53763e-08
-3.74442e-06
-4.88934e-07
3.38174e-06
6.65888e-07
1.04299e-06
-9.95389e-07
2.03689e-06
3.18239e-06
-7.52977e-07
-1.86983e-06
-2.00219e-06
-4.17536e-10
-1.16631e-06
2.30422e-06
-3.3632e-06
-1.41257e-06
1.79468e-06
-2.29025e-06
-2.71097e-06
2.1474e-06
-1.7096e-06
-1.30946e-06
-1.91021e-06
3.65112e-06
2.70859e-06
-2.77172e-06
1.13998e-06
-1.94805e-06
-7.97259e-06
-1.27575e-05
-3.49672e-05
-0.000166642
-0.000435507
-0.00119307
-0.00330761
-0.00922201
-0.0248468
-0.0642504
-0.151477
-0.31293
-0.542068
-0.766997
-0.893729
-0.837023
-0.328924
1.19501
6.42146
19.6029
54.4637
148.013
372.965
868.369
1832.6
3037.12
2404.81
-1997.47
-8104.64
-17699.4
-33841.2
-73581
-195101
-543699
-1.44973e+06
-3.9692e+06
-1.10567e+07
-2.69553e+07
-4.76722e+07
-4.76875e+07
-2.70106e+07
-1.94204e+07
-2.51574e+07
-3.37353e+07
-2.97643e+07
-4.29468e+06
4.09558e+07
9.97587e+07
1.49535e+08
1.53311e+08
1.36279e+08
1.09741e+08
8.3468e+07
5.98633e+07
4.04666e+07
2.50413e+07
1.42872e+07
7.32175e+06
3.35434e+06
1.3894e+06
515925
172908
51301.5
6382.68
2.59787e-06
1.49008e-06
2.79916e-06
1.33791e-06
2.1236e-06
3.3163e-06
-2.29219e-06
-3.72323e-06
1.85783e-06
3.21625e-06
3.61071e-06
1.15388e-06
-2.84617e-06
-6.82745e-07
3.68516e-06
-3.23337e-06
1.89911e-06
2.65483e-06
-3.36945e-06
1.44455e-06
2.79584e-06
-3.27237e-06
2.1926e-06
-2.92645e-06
3.29148e-06
2.29452e-06
-3.76641e-06
1.82345e-06
3.58297e-06
8.2379e-07
7.25787e-07
3.67524e-06
-1.35848e-06
-3.76449e-06
-1.04573e-06
1.24107e-06
-8.42784e-06
-1.92285e-05
-3.08978e-05
-0.000161559
-0.000438044
-0.0011864
-0.00324916
-0.00911471
-0.0246696
-0.0638218
-0.150771
-0.312015
-0.541438
-0.766981
-0.894066
-0.836836
-0.325103
1.21278
6.47329
19.7808
55.1573
150.061
378.259
880.666
1856.13
3057.69
2344.91
-2109.18
-8272.83
-17957.4
-34342.5
-75063.3
-199747
-555985
-1.47985e+06
-4.05309e+06
-1.12722e+07
-2.73306e+07
-4.79335e+07
-4.72953e+07
-2.67252e+07
-1.94017e+07
-2.52892e+07
-3.37774e+07
-2.95487e+07
-3.79481e+06
4.15853e+07
1.00448e+08
1.49545e+08
1.53169e+08
1.35947e+08
1.09394e+08
8.31615e+07
5.9624e+07
4.02811e+07
2.49205e+07
1.42124e+07
7.27983e+06
3.33407e+06
1.38064e+06
512531
171762
50964.9
6336.78
3.16151e-06
4.06756e-08
-3.59483e-06
1.19163e-06
-2.23229e-06
2.3608e-06
-2.66352e-07
1.58221e-06
-1.61067e-06
-2.84691e-07
-2.28997e-06
-1.58037e-06
3.17844e-06
-2.52685e-06
-1.60841e-06
-1.3462e-06
3.32726e-06
-3.15541e-06
1.48105e-06
3.78255e-06
-1.33853e-06
1.80998e-06
-3.41447e-06
3.65698e-06
3.67067e-06
1.65525e-06
3.12684e-06
-1.36463e-06
-1.89872e-06
-1.72309e-06
1.19129e-06
3.01431e-06
-2.06744e-06
-2.61e-06
-4.00027e-07
-3.13969e-06
-5.50523e-06
-1.67581e-05
-3.06404e-05
-0.000161783
-0.00042178
-0.00118736
-0.00326144
-0.00897119
-0.0242927
-0.0631629
-0.149653
-0.310558
-0.540258
-0.766713
-0.894441
-0.836804
-0.320758
1.23426
6.52451
19.9886
55.9848
152.506
384.562
895.151
1883.13
3078.92
2275.12
-2237.28
-8471.15
-18259.9
-34932.8
-76784.6
-204698
-570245
-1.51578e+06
-4.15274e+06
-1.15329e+07
-2.77802e+07
-4.82346e+07
-4.68142e+07
-2.63904e+07
-1.93841e+07
-2.54444e+07
-3.38198e+07
-2.92913e+07
-3.21197e+06
4.23148e+07
1.01244e+08
1.49546e+08
1.52995e+08
1.35556e+08
1.08988e+08
8.28038e+07
5.9346e+07
4.00686e+07
2.47807e+07
1.41254e+07
7.23131e+06
3.31065e+06
1.37053e+06
508632
170451
50581
6284.58
-1.60611e-06
1.58286e-06
-2.1876e-06
-3.78451e-06
-4.2355e-07
1.96085e-06
-1.53193e-06
-2.54613e-08
-1.65002e-06
-3.3068e-07
-2.80493e-06
1.99206e-06
-1.89948e-06
2.46147e-06
3.27965e-06
-2.06436e-07
6.21513e-07
6.12551e-07
-3.22829e-06
-1.39399e-06
-2.58486e-06
-2.13198e-06
9.7375e-07
-7.73929e-07
6.13292e-07
-2.40295e-06
2.43339e-06
1.62644e-06
1.69624e-06
3.02098e-06
3.24516e-06
3.51973e-07
-1.11159e-06
-1.64312e-06
-4.33304e-06
-2.43498e-06
-5.80255e-06
-1.72625e-05
-4.45906e-05
-0.000157823
-0.000422616
-0.00116086
-0.00319563
-0.00881623
-0.0238389
-0.0622194
-0.148011
-0.308383
-0.53832
-0.766092
-0.894798
-0.837193
-0.317536
1.25498
6.56447
20.1731
56.8312
155.129
391.45
911.092
1912.81
3101.25
2196.43
-2379.04
-8689.45
-18588.7
-35571.8
-78703.9
-210782
-586570
-1.55697e+06
-4.27059e+06
-1.18347e+07
-2.82977e+07
-4.85571e+07
-4.62504e+07
-2.60186e+07
-1.93704e+07
-2.56192e+07
-3.38611e+07
-2.89966e+07
-2.56195e+06
4.31187e+07
1.02109e+08
1.49526e+08
1.52784e+08
1.35119e+08
1.0854e+08
8.24119e+07
5.90435e+07
3.98378e+07
2.46299e+07
1.40322e+07
7.17962e+06
3.28602e+06
1.35992e+06
504537
169074
50177.6
6229.82
-1.04378e-06
-1.01009e-06
2.17468e-06
2.79568e-06
-1.47592e-07
3.61013e-06
3.76427e-06
-3.31673e-06
2.13824e-06
1.43021e-07
1.76348e-06
-1.4657e-06
2.59957e-06
-3.62567e-07
-1.64949e-06
-8.71689e-07
-9.06348e-07
3.02065e-06
1.35993e-06
-2.48359e-06
1.76612e-06
-7.90146e-08
1.89736e-06
1.96989e-06
3.38974e-06
8.16522e-08
-9.87806e-07
8.51916e-07
-3.42956e-07
3.04195e-06
1.5983e-06
3.11297e-07
1.60123e-06
-8.90939e-07
1.72485e-07
1.61933e-07
-8.79924e-06
-1.19813e-05
-4.75729e-05
-0.000154504
-0.00040298
-0.00113801
-0.0030804
-0.00854322
-0.0232575
-0.0609442
-0.145684
-0.30514
-0.535377
-0.764719
-0.895236
-0.837957
-0.314574
1.27868
6.59478
20.3608
57.7724
157.968
398.974
928.813
1946.24
3126.04
2105.11
-2535.2
-8934.99
-18968.3
-36355.3
-80958.7
-217890
-604888
-1.60322e+06
-4.40089e+06
-1.2164e+07
-2.88397e+07
-4.88951e+07
-4.5642e+07
-2.56345e+07
-1.93653e+07
-2.58074e+07
-3.38975e+07
-2.86744e+07
-1.87815e+06
4.39326e+07
1.02977e+08
1.4949e+08
1.52533e+08
1.34652e+08
1.0807e+08
8.20064e+07
5.87337e+07
3.9602e+07
2.44775e+07
1.39389e+07
7.12832e+06
3.26167e+06
1.3495e+06
500543
167738
49788
6177.18
-1.94634e-06
-1.59311e-06
-5.96705e-07
-2.08577e-06
3.40787e-06
-1.61222e-06
-2.16949e-06
2.68812e-06
-3.46411e-06
1.75986e-06
3.66551e-06
-1.94961e-06
-7.56203e-07
-3.02391e-06
3.51644e-07
1.82491e-06
-2.40134e-06
3.06839e-06
-1.9367e-06
-1.1095e-06
-1.74356e-06
2.70182e-06
-3.77252e-06
-6.13373e-07
-2.73619e-06
7.60231e-07
-2.70766e-06
3.56804e-07
2.06318e-06
2.90579e-06
-2.6118e-06
6.74108e-07
-3.29545e-06
4.91899e-07
7.41975e-07
2.04658e-06
-3.32532e-06
-1.47202e-05
-3.92316e-05
-0.000148341
-0.000388339
-0.00108317
-0.0029187
-0.00818869
-0.0224563
-0.0590594
-0.142377
-0.300529
-0.530986
-0.762471
-0.895362
-0.83946
-0.312462
1.30599
6.59312
20.5155
58.7484
161.567
408.822
951.464
1986.83
3150.87
1995.65
-2702.61
-9190.47
-19348.5
-37118.5
-83305.2
-224840
-622290
-1.65987e+06
-4.55539e+06
-1.25392e+07
-2.94476e+07
-4.92019e+07
-4.49661e+07
-2.52338e+07
-1.93645e+07
-2.60013e+07
-3.39224e+07
-2.8336e+07
-1.19859e+06
4.47166e+07
1.0378e+08
1.49408e+08
1.52258e+08
1.34185e+08
1.07612e+08
8.16158e+07
5.84404e+07
3.93876e+07
2.43377e+07
1.3854e+07
7.08216e+06
3.24005e+06
1.34039e+06
497095
166596
49458
6132.98
-1.18896e-06
-8.10876e-07
1.21315e-06
-2.91624e-06
3.55837e-06
-1.05764e-06
-3.62886e-06
2.68596e-06
-1.18257e-06
2.71938e-06
2.73179e-06
-8.80623e-07
3.14406e-06
2.97127e-06
2.03507e-06
-2.47607e-06
-5.44421e-07
-4.32949e-07
-2.05609e-06
-2.28466e-06
-2.03271e-06
2.7537e-06
-1.28676e-07
1.05301e-06
1.28605e-06
1.07424e-06
2.21954e-06
-6.68508e-07
3.2208e-06
-2.32598e-06
4.20133e-07
8.41252e-07
1.9172e-06
-1.06357e-06
-2.21529e-06
-2.37076e-06
-5.46167e-06
-1.15697e-05
-3.86084e-05
-0.000143944
-0.000369321
-0.00105256
-0.00284848
-0.00776791
-0.0213644
-0.0566291
-0.137514
-0.293879
-0.52446
-0.75879
-0.894949
-0.841663
-0.313505
1.33104
6.5346
20.5306
59.2878
163.549
414.574
966.042
2015.01
3173.25
1908.36
-2856.15
-9442.43
-19737.4
-37941
-85818.9
-232241
-642465
-1.70962e+06
-4.69421e+06
-1.28868e+07
-3.00196e+07
-4.95116e+07
-4.42881e+07
-2.48448e+07
-1.93616e+07
-2.61716e+07
-3.3937e+07
-2.80221e+07
-586313
4.53951e+07
1.04446e+08
1.49278e+08
1.51961e+08
1.3373e+08
1.07185e+08
8.12614e+07
5.81806e+07
3.92021e+07
2.42237e+07
1.37889e+07
7.04879e+06
3.2252e+06
1.33429e+06
494836
165861
49249.4
6105.6
3.3416e-08
3.58133e-06
-2.09811e-06
-2.63632e-06
-8.73838e-07
-3.20968e-06
3.58929e-06
-4.79922e-07
-3.70554e-06
-3.22774e-06
1.06252e-06
2.49196e-06
-1.44546e-06
-2.72336e-06
-6.15245e-07
-3.45989e-06
-2.69067e-07
1.5404e-06
7.29121e-07
2.22444e-06
5.20549e-09
-4.37266e-07
-3.20192e-06
-3.17667e-06
-1.8031e-06
3.29343e-06
2.76614e-06
1.44434e-06
-1.08777e-06
3.75661e-06
3.13364e-07
5.81495e-08
-2.1983e-06
5.62723e-08
-3.31984e-06
-5.14564e-07
-5.72185e-06
-1.4607e-05
-4.10702e-05
-0.000130971
-0.000349441
-0.000976058
-0.0026745
-0.00723703
-0.0200686
-0.0536393
-0.131618
-0.28434
-0.51378
-0.751517
-0.892902
-0.845379
-0.323838
1.34953
6.42417
20.4463
59.6164
165.335
420.739
982.152
2048.89
3200.12
1811.03
-3009.22
-9689.87
-20117.7
-38757.4
-88543.5
-240386
-662302
-1.7982e+06
-4.82945e+06
-1.32223e+07
-3.05239e+07
-4.9719e+07
-4.36806e+07
-2.45149e+07
-1.9365e+07
-2.632e+07
-3.39325e+07
-2.77455e+07
-105281
4.58865e+07
1.04883e+08
1.49078e+08
1.51622e+08
1.33312e+08
1.06822e+08
8.09858e+07
5.79944e+07
3.90803e+07
2.41535e+07
1.37524e+07
7.03266e+06
3.21926e+06
1.33239e+06
494291
165725
49221.5
6103.26
-1.44961e-06
1.53082e-06
2.35021e-06
7.39159e-07
-3.04836e-06
2.66803e-06
-3.4634e-06
3.19814e-07
3.6562e-06
-5.04159e-07
2.4206e-06
-3.54821e-06
-2.11013e-06
-1.61565e-06
2.93152e-06
-3.15477e-06
-6.42843e-07
1.86487e-06
-4.9544e-07
2.12042e-06
-7.15908e-07
2.31857e-06
-3.31172e-06
-1.20391e-06
1.08198e-06
-3.66707e-06
-1.16362e-06
2.41768e-06
-1.91582e-06
3.71365e-06
3.86667e-07
-2.26192e-07
-3.48578e-06
-1.52623e-06
-1.97154e-07
1.1762e-06
-5.30515e-06
-1.4338e-05
-3.41714e-05
-0.000123992
-0.000338667
-0.000926823
-0.00261676
-0.00705467
-0.0184116
-0.0498743
-0.123218
-0.268867
-0.495538
-0.736665
-0.886692
-0.855881
-0.401969
1.38066
6.36424
20.3087
59.7282
166.665
426.074
998.321
2084.22
3221.9
1725.81
-3153.47
-9936.39
-20513.1
-39599.6
-90972.5
-247513
-681247
-1.84646e+06
-4.96901e+06
-1.35674e+07
-3.10351e+07
-4.98719e+07
-4.3043e+07
-2.41803e+07
-1.93538e+07
-2.64317e+07
-3.39043e+07
-2.75088e+07
219113
4.61089e+07
1.0497e+08
1.48787e+08
1.51275e+08
1.32994e+08
1.06585e+08
8.08276e+07
5.79078e+07
3.90443e+07
2.41445e+07
1.37573e+07
7.04158e+06
3.22619e+06
1.33631e+06
496072
166392
49435.1
6134.45
1.26745e-07
3.36445e-06
7.43251e-07
-3.24757e-07
-2.98622e-06
8.1497e-07
1.99486e-06
-2.74808e-06
1.66785e-06
-1.04254e-06
1.60401e-06
-2.08549e-07
-3.79952e-06
-1.4686e-06
-8.42675e-07
-1.31267e-06
-2.27816e-06
3.79375e-06
-3.36473e-06
-1.87013e-07
1.97368e-06
7.91188e-07
2.54695e-06
2.58329e-06
-2.5458e-06
4.69484e-07
2.91399e-06
-3.62976e-06
2.66008e-06
3.54913e-06
-2.81812e-06
3.63772e-07
1.13959e-06
-3.80319e-06
2.04196e-07
9.89452e-07
-5.1719e-06
-8.15485e-06
-3.21516e-05
-0.00011273
-0.000322969
-0.00086585
-0.00241934
-0.00686202
-0.0180841
-0.0455468
-0.114918
-0.254341
-0.475724
-0.723027
-0.883842
-0.868721
-0.447598
1.31615
6.2307
20.0209
59.4251
166.939
428.886
1007.98
2105.4
3241.29
1665.67
-3272.75
-10149.2
-20828.4
-40386.2
-93229.6
-254420
-699019
-1.89305e+06
-5.09658e+06
-1.38639e+07
-3.14842e+07
-5.00188e+07
-4.24269e+07
-2.38574e+07
-1.9327e+07
-2.64981e+07
-3.38487e+07
-2.73288e+07
340702
4.60037e+07
1.04627e+08
1.48357e+08
1.50882e+08
1.32744e+08
1.06477e+08
8.0811e+07
5.79465e+07
3.91193e+07
2.42158e+07
1.38175e+07
7.08416e+06
3.25057e+06
1.34819e+06
501058
168172
49983.6
6212.23
-1.33237e-06
3.22591e-06
-1.78353e-06
-6.64287e-07
-2.14063e-06
2.28877e-06
2.68478e-06
-1.84603e-06
-1.69336e-06
-2.92271e-06
-5.64659e-07
3.66771e-06
1.01567e-06
-3.21611e-06
9.36864e-07
2.99498e-06
-1.30717e-06
-3.42364e-06
-5.41508e-07
1.43237e-06
-1.36096e-06
-3.48739e-06
1.90728e-06
-2.12857e-06
-9.94678e-07
-1.55645e-06
-2.05106e-06
-3.02885e-06
1.25627e-06
-1.11343e-06
3.18683e-06
-1.64627e-06
-2.74014e-06
2.47111e-06
2.17905e-06
1.33967e-06
-4.06673e-06
-1.20633e-05
-2.78892e-05
-0.000104758
-0.000262002
-0.000766716
-0.00222513
-0.00619607
-0.0174902
-0.0459154
-0.109276
-0.238243
-0.456526
-0.707681
-0.882141
-0.880177
-0.485208
1.21955
6.03129
19.6074
58.7107
166.198
429.589
1014.11
2123.83
3262.83
1616.66
-3366.9
-10303.9
-21094
-40987.9
-95264.4
-260782
-716218
-1.94026e+06
-5.2277e+06
-1.41564e+07
-3.18527e+07
-5.00479e+07
-4.18925e+07
-2.35902e+07
-1.92847e+07
-2.65108e+07
-3.37711e+07
-2.72325e+07
199683
4.54777e+07
1.03733e+08
1.47752e+08
1.50428e+08
1.32619e+08
1.06532e+08
8.09712e+07
5.81447e+07
3.9335e+07
2.43913e+07
1.39496e+07
7.1712e+06
3.29829e+06
1.37102e+06
510461
171482
50991.5
6354.02
-5.08759e-07
3.05971e-06
-1.79587e-06
3.28842e-06
-9.05717e-07
-6.38141e-07
-1.59417e-06
2.3708e-06
3.69824e-06
8.01559e-07
-3.5304e-06
-2.42423e-06
-3.70981e-06
4.65598e-07
-2.35034e-07
-1.02959e-06
-3.20502e-06
1.25476e-06
-1.49701e-06
-3.02146e-06
1.87898e-06
-3.17112e-06
-2.57961e-06
-2.70645e-06
-6.43065e-07
1.21138e-06
-3.60908e-06
1.76595e-06
3.42004e-07
-3.09117e-07
1.64073e-06
-3.08752e-06
3.43778e-06
-1.59258e-08
-3.54317e-06
-3.23852e-06
1.82802e-07
-6.35413e-06
-2.46242e-05
-6.09949e-05
-0.000232456
-0.000678131
-0.00197277
-0.00531721
-0.0152037
-0.0418135
-0.105978
-0.222982
-0.437111
-0.692727
-0.877321
-0.889476
-0.525076
1.09705
5.74003
18.9833
57.5373
164.39
428.007
1015.82
2135.28
3281.28
1598.82
-3421.17
-10421.7
-21297.7
-41519.1
-97291.2
-266482
-731121
-1.97681e+06
-5.3293e+06
-1.43852e+07
-3.21442e+07
-5.0031e+07
-4.14162e+07
-2.33504e+07
-1.92172e+07
-2.64599e+07
-3.36643e+07
-2.7228e+07
-247597
4.44459e+07
1.02164e+08
1.46925e+08
1.49878e+08
1.32603e+08
1.06781e+08
8.1347e+07
5.85389e+07
3.97271e+07
2.46982e+07
1.41734e+07
7.31539e+06
3.37676e+06
1.40757e+06
525452
176752
52592
6579.21
-6.2384e-07
-2.17235e-06
-1.54672e-06
3.33849e-06
2.73566e-06
-1.57557e-06
-2.58445e-06
-8.65981e-07
-1.95661e-06
-3.43531e-07
-3.54946e-06
-2.46899e-06
-1.54371e-06
-1.67376e-06
2.27769e-06
1.73634e-06
5.90644e-07
1.10399e-06
-1.12254e-06
2.91518e-06
1.65934e-06
-3.29877e-06
2.07838e-07
-2.7712e-06
-6.04121e-07
-1.84991e-07
-1.68332e-06
-2.57462e-06
2.62266e-06
5.11816e-07
-1.36108e-06
9.65863e-07
-8.86762e-07
-1.88021e-06
1.0384e-06
-4.14545e-06
-2.90932e-06
-7.70685e-06
-1.87797e-05
-5.3879e-05
-0.000202967
-0.000614206
-0.00171545
-0.00491907
-0.0136079
-0.0382516
-0.101592
-0.219939
-0.414836
-0.669494
-0.869256
-0.901089
-0.572289
0.937935
5.30634
18.1428
56.2226
162.072
424.761
1013.71
2141.41
3300.37
1596.55
-3463.35
-10522.5
-21489.9
-42097.6
-99176
-273011
-746867
-2.01339e+06
-5.43034e+06
-1.46023e+07
-3.23845e+07
-4.99589e+07
-4.09684e+07
-2.31228e+07
-1.91174e+07
-2.63405e+07
-3.35212e+07
-2.73123e+07
-1.022e+06
4.28474e+07
9.98141e+07
1.4583e+08
1.49178e+08
1.32689e+08
1.0724e+08
8.19612e+07
5.91602e+07
4.03265e+07
2.5164e+07
1.451e+07
7.53098e+06
3.49164e+06
1.46159e+06
547655
184584
54969.4
6914.9
-1.20745e-06
3.70172e-06
1.91358e-06
-2.06592e-06
-2.00748e-06
-1.24516e-06
1.03382e-06
3.55991e-06
-1.42213e-06
-2.45593e-06
-7.53387e-07
-2.67697e-07
-1.76874e-06
5.14785e-07
4.63709e-07
-1.78501e-06
1.66634e-07
-1.25547e-06
4.87657e-07
-6.11597e-08
2.56615e-07
1.76367e-06
-3.40169e-07
1.34541e-07
1.31261e-07
1.75539e-06
3.05757e-07
-8.33501e-07
-6.68161e-07
1.01008e-06
4.33343e-07
1.84394e-06
1.53365e-06
-8.92135e-07
-2.53808e-06
7.49322e-07
-3.78399e-06
-9.62676e-06
-1.69207e-05
-3.80713e-05
-0.000185235
-0.000504048
-0.00147965
-0.00425104
-0.0118312
-0.0341459
-0.0897837
-0.213649
-0.403489
-0.641669
-0.857582
-0.911818
-0.625069
0.770955
4.91136
17.1162
54.1154
158.548
419.966
1009.57
2145.59
3321.44
1599.76
-3504.74
-10626.8
-21707.9
-42698.6
-101553
-279879
-764889
-2.05898e+06
-5.55065e+06
-1.4857e+07
-3.26615e+07
-4.98079e+07
-4.03986e+07
-2.28481e+07
-1.89707e+07
-2.61494e+07
-3.33338e+07
-2.74684e+07
-2.10613e+06
4.06786e+07
9.66458e+07
1.44426e+08
1.48273e+08
1.32866e+08
1.0791e+08
8.28224e+07
6.00234e+07
4.11546e+07
2.58105e+07
1.49794e+07
7.83412e+06
3.65548e+06
1.53913e+06
579966
195822
58366.3
7396.46
-3.56359e-06
-2.1561e-07
-1.1511e-06
-1.0847e-06
-1.74882e-06
6.2468e-07
2.686e-07
1.45687e-06
-9.25243e-07
9.44232e-07
9.79588e-07
1.85971e-06
2.71757e-07
4.03964e-07
1.56426e-06
1.73951e-06
-1.44447e-06
-1.23429e-06
2.98989e-07
-1.76723e-06
-4.7084e-07
1.88291e-06
1.37908e-06
1.78367e-06
1.06188e-06
2.54195e-07
-8.23919e-07
5.33205e-07
1.30111e-06
8.61449e-07
1.53514e-06
5.21307e-08
-3.36726e-07
-1.55195e-07
1.05371e-07
-1.33799e-06
-4.6896e-07
-3.23643e-06
-1.80484e-05
-4.37141e-05
-0.000152636
-0.00042916
-0.00125514
-0.0035279
-0.010361
-0.0296383
-0.0798324
-0.190702
-0.393382
-0.634531
-0.839629
-0.917733
-0.689351
0.456916
4.60661
16.1538
51.6553
153.583
412.369
1001.91
2147.8
3349.4
1614.49
-3557.64
-10788.3
-22014.4
-43495.7
-104647
-288951
-787860
-2.1147e+06
-5.705e+06
-1.51837e+07
-3.30361e+07
-4.96852e+07
-3.99662e+07
-2.26178e+07
-1.881e+07
-2.59149e+07
-3.31123e+07
-2.76688e+07
-3.41536e+06
3.80728e+07
9.28026e+07
1.42662e+08
1.47133e+08
1.33104e+08
1.08764e+08
8.38983e+07
6.11243e+07
4.22121e+07
2.66608e+07
1.56015e+07
8.23954e+06
3.87827e+06
1.64467e+06
623828
211177
63525
8033.75
-3.64298e-06
8.40485e-07
-1.73913e-07
-7.47552e-07
-1.61502e-06
-1.10798e-06
-1.5999e-06
3.27084e-07
-7.63611e-07
-1.32501e-06
-1.70974e-06
-1.0247e-06
-2.85058e-08
5.7449e-07
7.44602e-08
8.2673e-08
1.53955e-06
-1.12241e-06
1.37201e-06
1.54231e-06
-3.35602e-07
1.72669e-06
1.45602e-06
4.14554e-07
1.04935e-06
-2.26293e-07
1.46528e-06
3.39152e-07
-1.17573e-06
-5.08639e-07
-4.92903e-07
-1.42606e-06
-1.88578e-06
1.59748e-06
1.76672e-06
7.59105e-07
5.74301e-07
-5.07195e-06
-1.20975e-05
-3.62097e-05
-0.000132744
-0.000373925
-0.00102881
-0.00300862
-0.00866164
-0.024948
-0.068773
-0.169816
-0.355865
-0.605089
-0.805044
-0.917295
-0.764565
0.170837
3.77236
15.4049
49.4895
148.887
405.508
996.289
2154.84
3381.19
1610.72
-3626.35
-10966.5
-22382.1
-44543.6
-108445
-300842
-818906
-2.19399e+06
-5.91275e+06
-1.56003e+07
-3.34578e+07
-4.94438e+07
-3.9178e+07
-2.2241e+07
-1.86162e+07
-2.56649e+07
-3.28569e+07
-2.78453e+07
-4.82572e+06
3.5061e+07
8.82524e+07
1.40491e+08
1.45913e+08
1.33478e+08
1.09784e+08
8.50049e+07
6.2624e+07
4.35945e+07
2.77368e+07
1.63792e+07
8.74762e+06
4.15978e+06
1.77822e+06
679324
230850
69560.5
8889.14
9.08355e-08
1.58823e-06
-6.88491e-07
1.78949e-06
-1.11287e-06
6.47877e-07
2.78108e-07
4.91412e-07
-7.81047e-07
7.54896e-07
-7.03375e-07
-7.27985e-07
-8.25902e-07
6.50383e-07
5.4635e-07
-7.88498e-07
3.33384e-07
-1.17569e-06
-3.71191e-07
5.08485e-08
1.12478e-06
1.24976e-06
-1.40283e-06
4.21143e-07
1.85213e-06
-2.0189e-07
-3.79324e-07
-1.33598e-07
1.69333e-06
1.19098e-06
9.06337e-08
-2.77821e-07
-9.49314e-07
1.09028e-06
4.42995e-07
-1.34551e-06
-2.08377e-06
-3.2248e-06
-7.39674e-06
-3.07346e-05
-0.000107493
-0.000269774
-0.00079988
-0.00242493
-0.00693436
-0.0201659
-0.0558469
-0.140939
-0.307576
-0.553807
-0.800392
-0.911273
-0.81396
-0.0553957
3.01911
14.1918
46.8712
143.281
396.606
987.303
2161.26
3424.67
1616.89
-3738.46
-11246.3
-22958.7
-46366.9
-114343
-316926
-856792
-2.28718e+06
-6.16516e+06
-1.61062e+07
-3.39962e+07
-4.92655e+07
-3.82267e+07
-2.17874e+07
-1.84346e+07
-2.54635e+07
-3.26178e+07
-2.79315e+07
-5.85399e+06
3.29294e+07
8.35611e+07
1.37981e+08
1.44713e+08
1.33797e+08
1.10742e+08
8.61513e+07
6.38899e+07
4.48743e+07
2.88454e+07
1.71969e+07
9.2941e+06
4.47373e+06
1.93055e+06
743061
254349
76447.7
9873.45
1.24675e-06
-2.95599e-07
3.93126e-07
2.436e-07
3.57875e-07
5.11583e-08
-1.4491e-07
-3.19055e-07
1.89486e-07
2.07767e-07
1.16506e-07
2.12461e-07
1.92363e-07
5.94992e-07
3.85592e-07
-2.34025e-08
8.51511e-07
-8.22298e-07
8.72593e-07
2.93618e-07
1.19629e-08
5.83937e-08
1.14316e-06
-7.66721e-07
4.75229e-09
-1.17859e-06
-6.28433e-07
2.81251e-07
-9.70148e-07
-1.74723e-06
7.36637e-07
-1.12176e-06
-1.86513e-07
-2.67238e-07
-1.62084e-06
-1.12098e-06
1.6495e-07
-2.83444e-06
-7.46925e-06
-2.12593e-05
-5.08817e-05
-0.000203178
-0.000639522
-0.00179612
-0.00497509
-0.0144982
-0.0415853
-0.110267
-0.257209
-0.499741
-0.762124
-0.916619
-0.859735
-0.29354
2.29856
11.8394
41.961
134.261
383.746
979.908
2174.56
3471.87
1594.11
-3869.5
-11574
-23638.2
-48322.9
-120544
-335114
-903950
-2.39139e+06
-6.43163e+06
-1.66265e+07
-3.44894e+07
-4.90602e+07
-3.74438e+07
-2.14232e+07
-1.83087e+07
-2.53377e+07
-3.24442e+07
-2.7959e+07
-6.58157e+06
3.11942e+07
8.06786e+07
1.35747e+08
1.43588e+08
1.33765e+08
1.11293e+08
8.69551e+07
6.47764e+07
4.57711e+07
2.96469e+07
1.78248e+07
9.72121e+06
4.7179e+06
2.05521e+06
798643
274549
82603.9
10773.3
)
;

boundaryField
{
    fuel
    {
        type            calculated;
        value           uniform 0;
    }
    air
    {
        type            calculated;
        value           uniform 0;
    }
    outlet
    {
        type            calculated;
        value           uniform 0;
    }
    frontAndBack
    {
        type            empty;
    }
    internal
    {
        type            internal;
    }
}


// ************************************************************************* //
