/*--------------------------------*- C++ -*----------------------------------*\
  =========                 |
  \\      /  F ield         | OpenFOAM: The Open Source CFD Toolbox
   \\    /   O peration     | Website:  https://openfoam.org
    \\  /    A nd           | Version:  10
     \\/     M anipulation  |
\*---------------------------------------------------------------------------*/
FoamFile
{
    format      ascii;
    class       volScalarField;
    location    "1";
    object      nC3H7;
}
// * * * * * * * * * * * * * * * * * * * * * * * * * * * * * * * * * * * * * //

dimensions      [0 0 0 0 0 0 0];

internalField   nonuniform List<scalar> 
4000
(
8.73692e-23
1.45708e-22
1.87492e-22
2.45027e-22
3.24348e-22
3.94395e-22
4.7821e-22
5.77988e-22
7.13975e-22
9.18624e-22
1.2365e-21
1.54967e-21
1.88152e-21
2.20678e-21
2.57995e-21
2.99119e-21
3.37835e-21
3.78948e-21
4.30184e-21
4.88936e-21
5.50057e-21
6.26343e-21
7.33572e-21
8.66575e-21
1.12313e-20
1.64967e-20
3.00107e-20
6.78972e-20
1.75366e-19
4.87773e-19
1.40297e-18
4.07619e-18
1.17726e-17
3.37876e-17
9.63603e-17
2.6505e-16
7.37569e-16
2.07207e-15
5.66114e-15
1.52403e-14
3.93934e-14
9.91355e-14
2.41782e-13
5.69808e-13
1.29261e-12
2.98249e-12
6.80967e-12
1.48201e-11
3.01354e-11
5.63932e-11
9.68148e-11
1.55174e-10
2.2682e-10
3.36235e-10
5.0598e-10
8.09461e-10
1.43927e-09
3.09053e-09
7.81475e-09
2.1882e-08
6.30572e-08
1.64139e-07
3.54728e-07
4.88606e-07
3.96396e-07
2.42552e-07
1.43015e-07
9.7825e-08
8.33987e-08
8.61577e-08
1.01744e-07
1.28842e-07
1.54235e-07
1.54333e-07
1.17231e-07
6.50605e-08
3.5501e-08
2.04444e-08
1.21825e-08
6.99778e-09
3.81205e-09
2.02221e-09
1.08223e-09
5.87274e-10
3.21191e-10
1.75625e-10
9.52337e-11
5.08263e-11
2.65096e-11
1.34235e-11
6.57263e-12
3.02542e-12
1.39769e-12
7.11095e-13
5.19688e-13
6.60793e-13
9.72709e-13
8.89114e-13
3.75504e-13
6.84341e-14
6.65558e-23
3.01246e-22
4.45151e-22
7.43968e-22
9.99527e-22
1.14789e-21
1.32104e-21
1.4788e-21
1.73141e-21
2.03556e-21
2.318e-21
2.65746e-21
3.00739e-21
3.30134e-21
3.6519e-21
4.04929e-21
4.40968e-21
4.83988e-21
5.32491e-21
5.91688e-21
6.55016e-21
7.27698e-21
8.40876e-21
9.87784e-21
1.27936e-20
1.88276e-20
3.46951e-20
8.05342e-20
2.145e-19
6.08655e-19
1.76827e-18
5.40086e-18
1.57541e-17
4.50476e-17
1.27757e-16
3.56694e-16
1.0053e-15
2.74277e-15
7.42926e-15
1.9564e-14
5.05457e-14
1.2561e-13
3.05729e-13
7.16227e-13
1.67437e-12
3.90863e-12
8.77004e-12
1.85619e-11
3.66926e-11
6.71438e-11
1.08629e-10
1.62534e-10
2.42881e-10
3.54672e-10
5.2821e-10
8.43113e-10
1.4786e-09
3.15218e-09
7.91571e-09
2.1976e-08
6.29118e-08
1.62849e-07
3.51138e-07
4.88051e-07
4.0246e-07
2.49041e-07
1.47012e-07
9.94127e-08
8.37823e-08
8.5788e-08
1.00752e-07
1.27578e-07
1.53663e-07
1.55251e-07
1.19081e-07
6.62773e-08
3.60875e-08
2.07194e-08
1.23165e-08
7.05821e-09
3.83618e-09
2.03194e-09
1.08643e-09
5.88805e-10
3.21505e-10
1.75453e-10
9.49231e-11
5.05265e-11
2.62617e-11
1.32463e-11
6.45736e-12
2.96115e-12
1.36789e-12
7.05911e-13
5.35388e-13
7.00817e-13
1.0208e-12
8.77129e-13
3.64227e-13
6.59283e-14
3.07147e-22
5.45802e-22
8.95978e-22
1.25399e-21
1.85264e-21
2.03607e-21
2.24759e-21
2.52973e-21
2.89683e-21
3.08316e-21
3.39275e-21
3.65106e-21
3.9263e-21
4.19203e-21
4.42876e-21
4.75193e-21
5.00986e-21
5.3841e-21
5.98029e-21
6.63034e-21
7.41566e-21
8.33819e-21
9.59841e-21
1.14524e-20
1.47222e-20
2.24739e-20
4.21147e-20
1.00808e-19
2.73298e-19
7.86163e-19
2.36692e-18
6.94101e-18
1.99446e-17
5.7769e-17
1.65741e-16
4.63871e-16
1.27217e-15
3.45143e-15
9.244e-15
2.40188e-14
6.1323e-14
1.46932e-13
3.68992e-13
8.48477e-13
2.02713e-12
4.61233e-12
1.02966e-11
2.14566e-11
4.08625e-11
7.29394e-11
1.16408e-10
1.73511e-10
2.57408e-10
3.77758e-10
5.54072e-10
8.61319e-10
1.5003e-09
3.19223e-09
7.99706e-09
2.21152e-08
6.2974e-08
1.62286e-07
3.48857e-07
4.87568e-07
4.07521e-07
2.54748e-07
1.50755e-07
1.01333e-07
8.436e-08
8.55813e-08
9.99863e-08
1.26428e-07
1.53164e-07
1.56232e-07
1.21141e-07
6.76552e-08
3.67496e-08
2.10309e-08
1.24669e-08
7.12523e-09
3.86347e-09
2.04308e-09
1.09126e-09
5.89978e-10
3.2138e-10
1.74927e-10
9.43528e-11
5.0041e-11
2.59086e-11
1.29892e-11
6.29284e-12
2.87324e-12
1.32967e-12
6.99871e-13
5.5588e-13
7.49427e-13
1.07524e-12
8.67754e-13
3.53206e-13
6.34947e-14
1.92672e-22
4.33575e-22
8.00789e-22
1.09057e-21
1.39807e-21
1.70638e-21
1.84694e-21
2.05301e-21
2.48717e-21
2.89072e-21
3.26762e-21
3.53945e-21
3.84779e-21
4.24589e-21
4.67171e-21
5.16828e-21
5.71432e-21
6.25426e-21
6.84849e-21
7.42173e-21
8.26329e-21
9.69974e-21
1.12041e-20
1.28346e-20
1.67828e-20
2.65137e-20
5.24863e-20
1.28425e-19
3.4706e-19
1.04144e-18
3.03914e-18
8.90068e-18
2.57402e-17
7.40267e-17
2.10538e-16
5.85172e-16
1.59348e-15
4.3148e-15
1.12965e-14
2.97736e-14
7.52375e-14
1.83185e-13
4.46091e-13
1.02336e-12
2.34221e-12
5.39888e-12
1.18379e-11
2.39961e-11
4.59586e-11
7.72012e-11
1.20779e-10
1.8639e-10
2.76099e-10
3.97823e-10
5.78566e-10
8.66711e-10
1.51357e-09
3.22062e-09
8.04726e-09
2.21601e-08
6.28393e-08
1.61324e-07
3.46264e-07
4.87049e-07
4.11738e-07
2.598e-07
1.54308e-07
1.03028e-07
8.49273e-08
8.54653e-08
9.92697e-08
1.25333e-07
1.52682e-07
1.57074e-07
1.23187e-07
6.8439e-08
3.72012e-08
2.12763e-08
1.25964e-08
7.18423e-09
3.88737e-09
2.05457e-09
1.10008e-09
5.86262e-10
3.19474e-10
1.73775e-10
9.35966e-11
4.95567e-11
2.56469e-11
1.26566e-11
6.10888e-12
2.78681e-12
1.29423e-12
6.96696e-13
5.80342e-13
8.00427e-13
1.13016e-12
8.57919e-13
3.43179e-13
6.13068e-14
1.29808e-22
3.25859e-22
5.06763e-22
7.76195e-22
1.07042e-21
1.31228e-21
1.66387e-21
1.91934e-21
2.27414e-21
2.68722e-21
3.06566e-21
3.448e-21
3.8381e-21
4.26588e-21
4.8706e-21
5.57121e-21
6.20919e-21
6.6901e-21
7.41041e-21
8.10167e-21
8.99312e-21
1.04433e-20
1.1797e-20
1.39622e-20
1.86582e-20
3.06058e-20
6.46578e-20
1.6502e-19
4.60686e-19
1.33487e-18
3.89922e-18
1.16056e-17
3.32656e-17
9.49401e-17
2.65941e-16
7.33593e-16
1.9816e-15
5.20897e-15
1.38786e-14
3.57161e-14
8.93044e-14
2.17186e-13
5.10481e-13
1.19536e-12
2.70865e-12
6.16778e-12
1.3178e-11
2.6926e-11
4.83701e-11
7.96716e-11
1.28907e-10
1.96209e-10
2.88857e-10
4.17979e-10
5.85153e-10
8.75518e-10
1.52954e-09
3.25018e-09
8.10315e-09
2.22572e-08
6.2887e-08
1.60973e-07
3.44842e-07
4.8683e-07
4.15283e-07
2.64508e-07
1.57333e-07
1.0448e-07
8.54326e-08
8.54552e-08
9.88282e-08
1.24634e-07
1.52376e-07
1.5781e-07
1.24754e-07
6.94889e-08
3.77092e-08
2.15268e-08
1.27184e-08
7.23691e-09
3.90771e-09
2.06311e-09
1.10397e-09
5.87978e-10
3.19864e-10
1.73647e-10
9.3312e-11
4.92703e-11
2.54116e-11
1.24983e-11
6.00465e-12
2.73457e-12
1.27365e-12
6.99362e-13
6.06469e-13
8.50293e-13
1.18272e-12
8.54646e-13
3.37885e-13
6.00233e-14
7.8807e-23
2.27894e-22
4.34174e-22
7.05882e-22
9.52564e-22
1.21243e-21
1.52185e-21
1.79648e-21
1.98892e-21
2.29742e-21
2.69099e-21
3.1965e-21
3.64879e-21
4.05631e-21
4.6423e-21
5.41676e-21
6.07003e-21
6.90326e-21
7.76797e-21
8.97265e-21
1.06266e-20
1.18281e-20
1.3506e-20
1.58001e-20
2.14884e-20
3.67929e-20
8.12697e-20
2.10808e-19
6.00733e-19
1.72381e-18
4.94607e-18
1.48175e-17
4.1866e-17
1.17464e-16
3.22022e-16
8.91345e-16
2.36479e-15
6.10568e-15
1.64594e-14
4.32439e-14
1.05528e-13
2.511e-13
5.90704e-13
1.36143e-12
3.10747e-12
6.85932e-12
1.48952e-11
2.83458e-11
5.01975e-11
8.51293e-11
1.36447e-10
2.06875e-10
2.99752e-10
4.28374e-10
5.9547e-10
8.85873e-10
1.53968e-09
3.26824e-09
8.12744e-09
2.2263e-08
6.27259e-08
1.60241e-07
3.43075e-07
4.86528e-07
4.18181e-07
2.67684e-07
1.59627e-07
1.05787e-07
8.5974e-08
8.55085e-08
9.85096e-08
1.24054e-07
1.52072e-07
1.5827e-07
1.25827e-07
7.03054e-08
3.81242e-08
2.17314e-08
1.28213e-08
7.28489e-09
3.92775e-09
2.07212e-09
1.10823e-09
5.90461e-10
3.20923e-10
1.73996e-10
9.33387e-11
4.91761e-11
2.52914e-11
1.24145e-11
5.94303e-12
2.70546e-12
1.26367e-12
7.05315e-13
6.30879e-13
8.94506e-13
1.22882e-12
8.55742e-13
3.34359e-13
5.9157e-14
6.42354e-23
2.05834e-22
3.63686e-22
5.54181e-22
7.28951e-22
9.3842e-22
1.20042e-21
1.49289e-21
1.94783e-21
2.35529e-21
2.8169e-21
3.27435e-21
3.73432e-21
4.29184e-21
4.80044e-21
5.4247e-21
6.07367e-21
6.71423e-21
7.37499e-21
8.28152e-21
9.60317e-21
1.107e-20
1.25834e-20
1.58445e-20
2.37066e-20
4.36986e-20
9.99161e-20
2.58897e-19
7.5459e-19
2.18134e-18
6.26665e-18
1.78993e-17
5.09025e-17
1.42527e-16
3.89307e-16
1.06457e-15
2.87539e-15
7.3512e-15
1.96887e-14
4.97711e-14
1.2161e-13
2.9057e-13
6.728e-13
1.53721e-12
3.4335e-12
7.62935e-12
1.59151e-11
2.90527e-11
5.31809e-11
9.02759e-11
1.42759e-10
2.13891e-10
3.07047e-10
4.35084e-10
6.01442e-10
8.92055e-10
1.5456e-09
3.27496e-09
8.12886e-09
2.22135e-08
6.24342e-08
1.5927e-07
3.41077e-07
4.86207e-07
4.21066e-07
2.70828e-07
1.61663e-07
1.06888e-07
8.63897e-08
8.55294e-08
9.82061e-08
1.23519e-07
1.51786e-07
1.58697e-07
1.26877e-07
7.11051e-08
3.85449e-08
2.19429e-08
1.29327e-08
7.33986e-09
3.95336e-09
2.08445e-09
1.1144e-09
5.93951e-10
3.22624e-10
1.74763e-10
9.36373e-11
4.92556e-11
2.52798e-11
1.23925e-11
5.91703e-12
2.69397e-12
1.2615e-12
7.13242e-13
6.53034e-13
9.32585e-13
1.26846e-12
8.60323e-13
3.33216e-13
5.87764e-14
1.23215e-22
2.6744e-22
4.80654e-22
7.75968e-22
1.02371e-21
1.31469e-21
1.55215e-21
1.84503e-21
2.18053e-21
2.54498e-21
2.92557e-21
3.46822e-21
4.03182e-21
4.61431e-21
5.10973e-21
5.73526e-21
6.51065e-21
7.18795e-21
7.94002e-21
8.96653e-21
9.90011e-21
1.10611e-20
1.28568e-20
1.66553e-20
2.61137e-20
5.12283e-20
1.23159e-19
3.28868e-19
9.16688e-19
2.61257e-18
7.58322e-18
2.18823e-17
6.15032e-17
1.70194e-16
4.5917e-16
1.24085e-15
3.32197e-15
8.41132e-15
2.21582e-14
5.66732e-14
1.37681e-13
3.24106e-13
7.57672e-13
1.70909e-12
3.81836e-12
8.35209e-12
1.64794e-11
3.10245e-11
5.63705e-11
9.48305e-11
1.49553e-10
2.21537e-10
3.14631e-10
4.41628e-10
6.06593e-10
8.95745e-10
1.54639e-09
3.26867e-09
8.09403e-09
2.20641e-08
6.18911e-08
1.57813e-07
3.38401e-07
4.85714e-07
4.24092e-07
2.74691e-07
1.63942e-07
1.08025e-07
8.67899e-08
8.55309e-08
9.78739e-08
1.22943e-07
1.51432e-07
1.59103e-07
1.27999e-07
7.20078e-08
3.90074e-08
2.21761e-08
1.30604e-08
7.40635e-09
3.98688e-09
2.10128e-09
1.12304e-09
5.98659e-10
3.25041e-10
1.75965e-10
9.4203e-11
4.94996e-11
2.53688e-11
1.24252e-11
5.92205e-12
2.69679e-12
1.26535e-12
7.22214e-13
6.72213e-13
9.64444e-13
1.30225e-12
8.67417e-13
3.33919e-13
5.87759e-14
1.14657e-22
3.27849e-22
5.7348e-22
8.81105e-22
1.08817e-21
1.36741e-21
1.65903e-21
2.03574e-21
2.42306e-21
2.89053e-21
3.08818e-21
3.48381e-21
4.07312e-21
4.60145e-21
5.26664e-21
5.8655e-21
6.58968e-21
7.43723e-21
8.21267e-21
8.85331e-21
9.78627e-21
1.1274e-20
1.32951e-20
1.78596e-20
2.91068e-20
6.01489e-20
1.47915e-19
4.02127e-19
1.13222e-18
3.19804e-18
9.08475e-18
2.58578e-17
7.21416e-17
1.98861e-16
5.3979e-16
1.43846e-15
3.79234e-15
9.51567e-15
2.48986e-14
6.28094e-14
1.52896e-13
3.61686e-13
8.35771e-13
1.89506e-12
4.04748e-12
8.29525e-12
1.72141e-11
3.3207e-11
5.95896e-11
9.98624e-11
1.55324e-10
2.27633e-10
3.20502e-10
4.46468e-10
6.09617e-10
8.96714e-10
1.54192e-09
3.24873e-09
8.01995e-09
2.18058e-08
6.10227e-08
1.55431e-07
3.34539e-07
4.84872e-07
4.28311e-07
2.78734e-07
1.66729e-07
1.09278e-07
8.72384e-08
8.54873e-08
9.74032e-08
1.22156e-07
1.5094e-07
1.59478e-07
1.29199e-07
7.30244e-08
3.95309e-08
2.24405e-08
1.32099e-08
7.48733e-09
4.02963e-09
2.12315e-09
1.13439e-09
6.04664e-10
3.28186e-10
1.77589e-10
9.50195e-11
4.98932e-11
2.55471e-11
1.25048e-11
5.95313e-12
2.71137e-12
1.27398e-12
7.3185e-13
6.88724e-13
9.90915e-13
1.33131e-12
8.76486e-13
3.36068e-13
5.90728e-14
1.12382e-22
3.30415e-22
5.66785e-22
8.02096e-22
1.01307e-21
1.27109e-21
1.60816e-21
1.96959e-21
2.38348e-21
2.80041e-21
3.22797e-21
3.81702e-21
4.31252e-21
4.84389e-21
5.59522e-21
6.35967e-21
7.07573e-21
7.76969e-21
8.79114e-21
9.74165e-21
1.04747e-20
1.16301e-20
1.40525e-20
1.92005e-20
3.2646e-20
6.87413e-20
1.72571e-19
4.71187e-19
1.34535e-18
3.84026e-18
1.08633e-17
3.02931e-17
8.34607e-17
2.27677e-16
6.10138e-16
1.60921e-15
4.17657e-15
1.05208e-14
2.78192e-14
6.90108e-14
1.64944e-13
3.88654e-13
8.93215e-13
1.96095e-12
4.13879e-12
8.98654e-12
1.83521e-11
3.51008e-11
6.28521e-11
1.04018e-10
1.60277e-10
2.33115e-10
3.2586e-10
4.49603e-10
6.11066e-10
8.95796e-10
1.53361e-09
3.22033e-09
7.928e-09
2.15101e-08
6.01109e-08
1.53062e-07
3.30017e-07
4.8373e-07
4.3258e-07
2.83722e-07
1.69748e-07
1.10618e-07
8.76615e-08
8.5405e-08
9.6888e-08
1.21403e-07
1.50431e-07
1.59869e-07
1.30618e-07
7.43019e-08
4.01934e-08
2.27703e-08
1.33917e-08
7.58567e-09
4.08208e-09
2.14998e-09
1.14828e-09
6.11844e-10
3.31949e-10
1.79568e-10
9.6044e-11
5.04095e-11
2.57981e-11
1.26219e-11
6.00494e-12
2.73511e-12
1.28621e-12
7.41704e-13
7.02497e-13
1.01246e-12
1.35642e-12
8.87009e-13
3.39311e-13
5.95949e-14
1.17877e-22
3.50661e-22
6.39669e-22
8.19418e-22
1.0225e-21
1.2628e-21
1.47723e-21
1.73814e-21
2.05359e-21
2.42245e-21
2.96691e-21
3.55106e-21
4.06038e-21
4.67361e-21
5.07921e-21
5.61479e-21
6.13841e-21
6.71736e-21
7.66319e-21
8.91759e-21
1.00812e-20
1.14667e-20
1.40829e-20
2.02411e-20
3.56393e-20
7.81748e-20
1.96809e-19
5.37786e-19
1.53198e-18
4.36805e-18
1.23297e-17
3.43199e-17
9.39612e-17
2.56709e-16
6.8177e-16
1.78852e-15
4.62146e-15
1.16253e-14
3.04169e-14
7.45174e-14
1.77019e-13
4.10976e-13
9.2471e-13
2.01501e-12
4.46753e-12
9.57899e-12
1.94552e-11
3.71258e-11
6.5751e-11
1.07964e-10
1.65413e-10
2.39633e-10
3.3524e-10
4.49865e-10
6.11127e-10
8.93066e-10
1.52134e-09
3.18016e-09
7.79747e-09
2.10548e-08
5.87335e-08
1.49785e-07
3.25434e-07
4.824e-07
4.36707e-07
2.88438e-07
1.72739e-07
1.12119e-07
8.81611e-08
8.53797e-08
9.64469e-08
1.20621e-07
1.49824e-07
1.60201e-07
1.31969e-07
7.55357e-08
4.08364e-08
2.30887e-08
1.35745e-08
7.68821e-09
4.13842e-09
2.17919e-09
1.16355e-09
6.19726e-10
3.36178e-10
1.818e-10
9.72121e-11
5.10106e-11
2.61014e-11
1.27665e-11
6.07201e-12
2.76555e-12
1.30101e-12
7.51631e-13
7.14101e-13
1.03019e-12
1.37843e-12
8.98516e-13
3.43329e-13
6.02776e-14
9.68659e-23
2.84275e-22
5.95401e-22
8.01591e-22
9.7406e-22
1.25484e-21
1.64156e-21
2.05792e-21
2.34255e-21
2.67986e-21
3.09826e-21
3.5821e-21
3.96844e-21
4.41698e-21
4.89558e-21
5.47232e-21
6.13702e-21
6.8673e-21
7.39585e-21
8.28659e-21
9.41965e-21
1.13079e-20
1.46849e-20
2.16233e-20
3.94553e-20
8.70688e-20
2.20027e-19
5.95725e-19
1.70517e-18
4.81241e-18
1.3264e-17
3.78859e-17
1.04191e-16
2.79449e-16
7.61374e-16
1.97412e-15
5.02223e-15
1.2598e-14
3.2146e-14
8.02097e-14
1.88714e-13
4.34936e-13
9.74328e-13
2.14786e-12
4.74397e-12
1.01117e-11
2.04279e-11
3.87396e-11
6.81544e-11
1.11157e-10
1.69305e-10
2.44133e-10
3.40179e-10
4.49292e-10
6.10698e-10
8.88833e-10
1.50658e-09
3.13889e-09
7.66813e-09
2.06924e-08
5.7595e-08
1.46925e-07
3.2009e-07
4.80749e-07
4.40805e-07
2.93163e-07
1.75666e-07
1.13593e-07
8.86999e-08
8.53853e-08
9.59562e-08
1.19747e-07
1.49154e-07
1.60463e-07
1.33281e-07
7.68466e-08
4.15051e-08
2.34269e-08
1.37678e-08
7.79761e-09
4.19849e-09
2.21029e-09
1.17979e-09
6.28091e-10
3.40687e-10
1.84247e-10
9.85243e-11
5.16997e-11
2.64508e-11
1.29329e-11
6.15071e-12
2.80138e-12
1.31796e-12
7.61637e-13
7.24015e-13
1.04487e-12
1.39785e-12
9.10506e-13
3.4782e-13
6.10621e-14
6.93002e-23
1.98753e-22
4.65487e-22
6.85124e-22
9.54598e-22
1.27893e-21
1.77954e-21
2.17883e-21
2.41669e-21
2.86209e-21
3.33287e-21
3.72529e-21
4.20144e-21
4.66439e-21
5.19504e-21
5.86195e-21
6.20303e-21
6.69423e-21
7.50011e-21
8.48384e-21
9.98267e-21
1.16505e-20
1.49349e-20
2.22164e-20
4.14169e-20
9.31559e-20
2.38471e-19
6.51153e-19
1.83582e-18
5.32364e-18
1.47797e-17
4.15506e-17
1.13486e-16
3.08656e-16
8.15951e-16
2.11169e-15
5.34373e-15
1.33466e-14
3.39506e-14
8.50546e-14
2.00639e-13
4.63494e-13
1.02851e-12
2.30177e-12
4.98197e-12
1.05866e-11
2.13337e-11
4.01412e-11
7.01214e-11
1.13639e-10
1.72075e-10
2.46822e-10
3.421e-10
4.48798e-10
6.11103e-10
8.85135e-10
1.49145e-09
3.09119e-09
7.5313e-09
2.02789e-08
5.64975e-08
1.44135e-07
3.15233e-07
4.78957e-07
4.44803e-07
2.97973e-07
1.78663e-07
1.15083e-07
8.92202e-08
8.5368e-08
9.55228e-08
1.18969e-07
1.48518e-07
1.60714e-07
1.34654e-07
7.82565e-08
4.22373e-08
2.37844e-08
1.39685e-08
7.91135e-09
4.2628e-09
2.24408e-09
1.19752e-09
6.37029e-10
3.45471e-10
1.8682e-10
9.99001e-11
5.24262e-11
2.68293e-11
1.31162e-11
6.239e-12
2.84051e-12
1.33585e-12
7.71406e-13
7.3261e-13
1.05756e-12
1.41591e-12
9.23292e-13
3.52834e-13
6.19495e-14
7.95526e-23
3.25826e-22
4.74093e-22
7.08066e-22
9.41981e-22
1.19091e-21
1.5985e-21
1.95365e-21
2.29343e-21
2.76345e-21
3.1591e-21
3.64946e-21
4.19169e-21
4.82235e-21
5.58169e-21
6.26808e-21
6.74367e-21
6.97134e-21
7.77808e-21
8.53536e-21
1.02929e-20
1.20098e-20
1.49549e-20
2.21054e-20
4.19568e-20
9.7534e-20
2.58907e-19
7.11887e-19
2.00744e-18
5.66257e-18
1.57216e-17
4.46261e-17
1.20052e-16
3.27387e-16
8.60318e-16
2.22828e-15
5.65459e-15
1.38722e-14
3.58342e-14
8.98766e-14
2.09456e-13
4.80427e-13
1.08027e-12
2.42163e-12
5.19601e-12
1.10196e-11
2.20387e-11
4.12199e-11
7.16296e-11
1.15527e-10
1.74133e-10
2.48955e-10
3.43362e-10
4.48222e-10
6.10892e-10
8.81318e-10
1.47772e-09
3.05102e-09
7.40928e-09
1.98751e-08
5.52586e-08
1.41179e-07
3.10649e-07
4.77111e-07
4.48466e-07
3.02518e-07
1.81629e-07
1.16448e-07
8.97327e-08
8.53556e-08
9.51144e-08
1.1819e-07
1.47866e-07
1.60895e-07
1.35877e-07
7.96402e-08
4.29496e-08
2.41343e-08
1.41703e-08
8.02764e-09
4.32768e-09
2.27788e-09
1.21517e-09
6.46011e-10
3.50266e-10
1.89392e-10
1.01275e-10
5.31522e-11
2.72063e-11
1.32982e-11
6.32689e-12
2.88013e-12
1.35406e-12
7.80885e-13
7.39962e-13
1.06803e-12
1.43166e-12
9.35573e-13
3.57786e-13
6.28351e-14
1.30807e-22
3.44898e-22
5.58419e-22
8.36669e-22
1.06504e-21
1.212e-21
1.41547e-21
1.66957e-21
2.07335e-21
2.65575e-21
3.24128e-21
3.85302e-21
4.47605e-21
5.01568e-21
5.44952e-21
6.04837e-21
6.7247e-21
7.40349e-21
7.82333e-21
8.37107e-21
9.29258e-21
1.10644e-20
1.46758e-20
2.23534e-20
4.37559e-20
1.03136e-19
2.72874e-19
7.52875e-19
2.11576e-18
6.04163e-18
1.69477e-17
4.70407e-17
1.26552e-16
3.43668e-16
8.91757e-16
2.28398e-15
5.93261e-15
1.44998e-14
3.71698e-14
9.17783e-14
2.21434e-13
5.05792e-13
1.13866e-12
2.47956e-12
5.3713e-12
1.13361e-11
2.25776e-11
4.20596e-11
7.28223e-11
1.17081e-10
1.75961e-10
2.50533e-10
3.44203e-10
4.47626e-10
6.10022e-10
8.76871e-10
1.46271e-09
3.00958e-09
7.28241e-09
1.95129e-08
5.41709e-08
1.38473e-07
3.05962e-07
4.75218e-07
4.51826e-07
3.06821e-07
1.84464e-07
1.17961e-07
9.06522e-08
8.54789e-08
9.4791e-08
1.17504e-07
1.47261e-07
1.61037e-07
1.36987e-07
8.09413e-08
4.36193e-08
2.44667e-08
1.43581e-08
8.13521e-09
4.38794e-09
2.30931e-09
1.23155e-09
6.54293e-10
3.54698e-10
1.91778e-10
1.02554e-10
5.38294e-11
2.75592e-11
1.34689e-11
6.40942e-12
2.91698e-12
1.37076e-12
7.89268e-13
7.46036e-13
1.07639e-12
1.44483e-12
9.46674e-13
3.62357e-13
6.36581e-14
1.09617e-22
3.25518e-22
5.72449e-22
8.15361e-22
1.0303e-21
1.2987e-21
1.56775e-21
1.75557e-21
2.06042e-21
2.37864e-21
2.77181e-21
3.45445e-21
3.86964e-21
4.27799e-21
4.94227e-21
5.67425e-21
6.40021e-21
7.31573e-21
7.98395e-21
8.76298e-21
9.64893e-21
1.1488e-20
1.5373e-20
2.38062e-20
4.65334e-20
1.08867e-19
2.88275e-19
7.92549e-19
2.20516e-18
6.30493e-18
1.75092e-17
4.86728e-17
1.3296e-16
3.55284e-16
9.33754e-16
2.42157e-15
6.15278e-15
1.55946e-14
3.89498e-14
9.73182e-14
2.28031e-13
5.15702e-13
1.16381e-12
2.53407e-12
5.50842e-12
1.15846e-11
2.29951e-11
4.27e-11
7.37066e-11
1.18154e-10
1.77168e-10
2.51646e-10
3.44835e-10
4.47131e-10
6.09107e-10
8.72869e-10
1.4498e-09
2.97061e-09
7.17101e-09
1.91762e-08
5.32297e-08
1.36209e-07
3.02098e-07
4.73512e-07
4.54538e-07
3.10453e-07
1.86871e-07
1.19171e-07
9.11471e-08
8.55106e-08
9.44928e-08
1.16901e-07
1.46718e-07
1.61131e-07
1.37919e-07
8.20684e-08
4.41987e-08
2.47515e-08
1.45191e-08
8.2279e-09
4.44004e-09
2.33648e-09
1.24576e-09
6.61476e-10
3.58548e-10
1.93852e-10
1.03668e-10
5.44212e-11
2.78687e-11
1.3619e-11
6.48298e-12
2.94968e-12
1.38549e-12
7.96475e-13
7.5094e-13
1.08303e-12
1.45567e-12
9.56272e-13
3.66354e-13
6.43805e-14
7.97513e-23
3.21973e-22
5.57105e-22
6.73452e-22
8.67275e-22
1.1485e-21
1.52888e-21
2.01293e-21
2.30897e-21
2.58751e-21
2.92236e-21
3.37651e-21
3.83435e-21
4.35207e-21
5.11454e-21
5.77698e-21
6.20175e-21
6.94532e-21
7.78708e-21
9.01312e-21
1.03399e-20
1.23427e-20
1.64988e-20
2.51478e-20
4.89977e-20
1.1524e-19
3.00652e-19
8.24227e-19
2.30877e-18
6.55775e-18
1.82443e-17
5.10415e-17
1.38098e-16
3.68265e-16
9.66929e-16
2.515e-15
6.42087e-15
1.60749e-14
3.98836e-14
9.838e-14
2.31799e-13
5.29433e-13
1.16724e-12
2.56902e-12
5.61916e-12
1.17778e-11
2.33156e-11
4.31929e-11
7.43938e-11
1.19007e-10
1.78119e-10
2.52499e-10
3.45287e-10
4.46778e-10
6.083e-10
8.69708e-10
1.43944e-09
2.94266e-09
7.09003e-09
1.89341e-08
5.25287e-08
1.34399e-07
2.98891e-07
4.71897e-07
4.56733e-07
3.13418e-07
1.8882e-07
1.2015e-07
9.15172e-08
8.55271e-08
9.42578e-08
1.16437e-07
1.46298e-07
1.61195e-07
1.38643e-07
8.29675e-08
4.46611e-08
2.49786e-08
1.46474e-08
8.30195e-09
4.48179e-09
2.35824e-09
1.2571e-09
6.67202e-10
3.61618e-10
1.9551e-10
1.0456e-10
5.4896e-11
2.81176e-11
1.37399e-11
6.54214e-12
2.97596e-12
1.3973e-12
8.02117e-13
7.54511e-13
1.08792e-12
1.46395e-12
9.63926e-13
3.69573e-13
6.49638e-14
1.3751e-22
4.37614e-22
7.39937e-22
1.05005e-21
1.20143e-21
1.32004e-21
1.56314e-21
1.9536e-21
2.04649e-21
2.21708e-21
2.53812e-21
2.95514e-21
3.49514e-21
4.03068e-21
4.79644e-21
5.78153e-21
6.65827e-21
7.40637e-21
8.43292e-21
9.42103e-21
1.07079e-20
1.24529e-20
1.63942e-20
2.5487e-20
4.98817e-20
1.17481e-19
3.10492e-19
8.56445e-19
2.42785e-18
6.77112e-18
1.87527e-17
5.13826e-17
1.41098e-16
3.75304e-16
9.96208e-16
2.59292e-15
6.56941e-15
1.61982e-14
4.04185e-14
9.92425e-14
2.33141e-13
5.30199e-13
1.18e-12
2.59989e-12
5.69814e-12
1.19171e-11
2.35462e-11
4.35472e-11
7.48913e-11
1.19651e-10
1.78806e-10
2.53151e-10
3.45639e-10
4.46579e-10
6.07765e-10
8.6757e-10
1.43254e-09
2.92288e-09
7.03201e-09
1.87607e-08
5.20293e-08
1.33159e-07
2.96698e-07
4.70763e-07
4.58143e-07
3.15409e-07
1.9014e-07
1.208e-07
9.17648e-08
8.55335e-08
9.40934e-08
1.16104e-07
1.45988e-07
1.61229e-07
1.39145e-07
8.36048e-08
4.49888e-08
2.51395e-08
1.47381e-08
8.35446e-09
4.51149e-09
2.37384e-09
1.26522e-09
6.71296e-10
3.63811e-10
1.96693e-10
1.05196e-10
5.52344e-11
2.82951e-11
1.38263e-11
6.58444e-12
2.99472e-12
1.40571e-12
8.06115e-13
7.57008e-13
1.09124e-12
1.46966e-12
9.6933e-13
3.71857e-13
6.53786e-14
8.44204e-23
2.37551e-22
4.31926e-22
6.92811e-22
8.82379e-22
1.08839e-21
1.36541e-21
1.79563e-21
2.01324e-21
2.29547e-21
2.6012e-21
3.0088e-21
3.48882e-21
4.00303e-21
4.59672e-21
5.22218e-21
5.92405e-21
6.83181e-21
8.03008e-21
9.36525e-21
1.07247e-20
1.2391e-20
1.6113e-20
2.56728e-20
5.07023e-20
1.19947e-19
3.15985e-19
8.79726e-19
2.46388e-18
6.90021e-18
1.91653e-17
5.34338e-17
1.4355e-16
3.8168e-16
1.01235e-15
2.59891e-15
6.64549e-15
1.64279e-14
4.19413e-14
1.01966e-13
2.36105e-13
5.38058e-13
1.18122e-12
2.64028e-12
5.74071e-12
1.20012e-11
2.3697e-11
4.37826e-11
7.52184e-11
1.20056e-10
1.79243e-10
2.53554e-10
3.45902e-10
4.46542e-10
6.07581e-10
8.66578e-10
1.42919e-09
2.91313e-09
7.00266e-09
1.86711e-08
5.1766e-08
1.32517e-07
2.9557e-07
4.70159e-07
4.58861e-07
3.16434e-07
1.90823e-07
1.21143e-07
9.18925e-08
8.55343e-08
9.40016e-08
1.15927e-07
1.45822e-07
1.61244e-07
1.39408e-07
8.39439e-08
4.51632e-08
2.5225e-08
1.47863e-08
8.38246e-09
4.52738e-09
2.38219e-09
1.26959e-09
6.73503e-10
3.64997e-10
1.97333e-10
1.05541e-10
5.54182e-11
2.83915e-11
1.38732e-11
6.60738e-12
3.00489e-12
1.41026e-12
8.08268e-13
7.58348e-13
1.09297e-12
1.47265e-12
9.72207e-13
3.73079e-13
6.56008e-14
8.1956e-23
3.27194e-22
5.49926e-22
8.09288e-22
9.89428e-22
1.20833e-21
1.57665e-21
2.03596e-21
2.34508e-21
2.60315e-21
3.08305e-21
3.45322e-21
3.86234e-21
4.07061e-21
4.46788e-21
5.15371e-21
5.72472e-21
6.63007e-21
7.4337e-21
8.813e-21
1.03724e-20
1.2291e-20
1.65516e-20
2.64425e-20
5.1054e-20
1.21205e-19
3.20086e-19
8.88763e-19
2.51885e-18
7.08893e-18
1.96344e-17
5.35238e-17
1.4646e-16
3.94126e-16
1.03105e-15
2.64548e-15
6.75741e-15
1.65351e-14
4.22864e-14
1.01416e-13
2.39428e-13
5.42269e-13
1.2031e-12
2.64473e-12
5.76475e-12
1.20511e-11
2.37831e-11
4.39168e-11
7.54079e-11
1.203e-10
1.79531e-10
2.53848e-10
3.46145e-10
4.46669e-10
6.07774e-10
8.66585e-10
1.42869e-09
2.91137e-09
6.99707e-09
1.86535e-08
5.17129e-08
1.32381e-07
2.95327e-07
4.7002e-07
4.58993e-07
3.1663e-07
1.9095e-07
1.21204e-07
9.19145e-08
8.55337e-08
9.39857e-08
1.15897e-07
1.45796e-07
1.61246e-07
1.39449e-07
8.39968e-08
4.519e-08
2.5238e-08
1.47936e-08
8.38666e-09
4.52974e-09
2.38342e-09
1.27023e-09
6.73824e-10
3.65168e-10
1.97425e-10
1.0559e-10
5.54443e-11
2.84051e-11
1.38797e-11
6.61054e-12
3.0063e-12
1.41089e-12
8.0857e-13
7.58546e-13
1.09328e-12
1.47315e-12
9.72614e-13
3.73243e-13
6.56301e-14
6.99976e-23
2.88898e-22
6.18578e-22
9.09816e-22
1.12937e-21
1.35852e-21
1.64758e-21
2.03703e-21
2.4783e-21
2.70793e-21
2.85007e-21
3.19064e-21
3.49524e-21
4.0786e-21
4.69144e-21
5.27764e-21
6.04764e-21
6.76701e-21
7.55064e-21
8.67791e-21
1.03054e-20
1.24655e-20
1.6653e-20
2.64219e-20
5.18782e-20
1.22103e-19
3.19227e-19
9.05879e-19
2.5341e-18
7.11122e-18
1.98179e-17
5.44091e-17
1.48395e-16
3.94674e-16
1.04094e-15
2.66589e-15
6.79935e-15
1.67223e-14
4.25113e-14
1.01988e-13
2.40573e-13
5.38386e-13
1.216e-12
2.65067e-12
5.76365e-12
1.20678e-11
2.38113e-11
4.39613e-11
7.54753e-11
1.20396e-10
1.79664e-10
2.5403e-10
3.464e-10
4.47032e-10
6.08489e-10
8.6794e-10
1.43209e-09
2.92034e-09
7.02232e-09
1.87269e-08
5.19206e-08
1.32882e-07
2.96191e-07
4.70453e-07
4.58418e-07
3.15831e-07
1.90418e-07
1.20939e-07
9.18136e-08
8.55274e-08
9.40481e-08
1.16024e-07
1.45915e-07
1.61233e-07
1.39253e-07
8.37471e-08
4.50615e-08
2.51748e-08
1.47579e-08
8.36604e-09
4.51805e-09
2.37728e-09
1.26701e-09
6.72204e-10
3.64298e-10
1.96955e-10
1.05336e-10
5.53087e-11
2.83336e-11
1.38449e-11
6.59344e-12
2.99869e-12
1.40749e-12
8.06995e-13
7.57646e-13
1.09208e-12
1.47097e-12
9.70408e-13
3.72297e-13
6.54576e-14
7.78529e-23
2.14359e-22
4.04566e-22
6.29777e-22
9.45802e-22
1.22367e-21
1.39959e-21
1.79543e-21
2.23829e-21
2.49353e-21
2.78642e-21
3.1275e-21
3.49353e-21
4.15062e-21
4.67784e-21
5.53918e-21
6.29558e-21
6.61553e-21
7.22375e-21
8.35716e-21
1.00014e-20
1.24363e-20
1.65312e-20
2.62656e-20
5.09427e-20
1.20409e-19
3.17492e-19
8.90639e-19
2.49431e-18
6.99872e-18
1.94224e-17
5.31747e-17
1.47694e-16
3.90178e-16
1.00218e-15
2.60168e-15
6.66684e-15
1.62276e-14
4.101e-14
1.02654e-13
2.34762e-13
5.42501e-13
1.18805e-12
2.65544e-12
5.75817e-12
1.2044e-11
2.3771e-11
4.39035e-11
7.5404e-11
1.20324e-10
1.79622e-10
2.5407e-10
3.46623e-10
4.47583e-10
6.09689e-10
8.70589e-10
1.43925e-09
2.9396e-09
7.07695e-09
1.88867e-08
5.23768e-08
1.33992e-07
2.98102e-07
4.71402e-07
4.57145e-07
3.14084e-07
1.89269e-07
1.20369e-07
9.1599e-08
8.55182e-08
9.41855e-08
1.16303e-07
1.46172e-07
1.61202e-07
1.38827e-07
8.32073e-08
4.47836e-08
2.50384e-08
1.4681e-08
8.32149e-09
4.49281e-09
2.36404e-09
1.2601e-09
6.68718e-10
3.62427e-10
1.95943e-10
1.04791e-10
5.50177e-11
2.81805e-11
1.37703e-11
6.5568e-12
2.98247e-12
1.40023e-12
8.03637e-13
7.55735e-13
1.08952e-12
1.46632e-12
9.65739e-13
3.70296e-13
6.50929e-14
1.63328e-22
3.40542e-22
4.85804e-22
7.03916e-22
9.28529e-22
1.14305e-21
1.40386e-21
1.75329e-21
2.11984e-21
2.45738e-21
2.87771e-21
3.19347e-21
3.65894e-21
4.23348e-21
4.96951e-21
5.80517e-21
6.51356e-21
7.39864e-21
8.138e-21
9.11722e-21
1.02105e-20
1.20311e-20
1.58604e-20
2.51904e-20
5.06768e-20
1.2032e-19
3.15173e-19
8.69972e-19
2.46675e-18
6.91419e-18
1.92396e-17
5.26671e-17
1.44078e-16
3.83413e-16
1.00928e-15
2.61374e-15
6.61337e-15
1.62054e-14
4.10813e-14
1.01631e-13
2.35952e-13
5.32095e-13
1.18033e-12
2.65023e-12
5.72574e-12
1.198e-11
2.36681e-11
4.37531e-11
7.52092e-11
1.20104e-10
1.79429e-10
2.54004e-10
3.46868e-10
4.48389e-10
6.11476e-10
8.74732e-10
1.45072e-09
2.97079e-09
7.16601e-09
1.91479e-08
5.31184e-08
1.3579e-07
3.01169e-07
4.7285e-07
4.55091e-07
3.11336e-07
1.87473e-07
1.19483e-07
9.12638e-08
8.5504e-08
9.43991e-08
1.16727e-07
1.46566e-07
1.6115e-07
1.38175e-07
8.23942e-08
4.43657e-08
2.48332e-08
1.45651e-08
8.25452e-09
4.4549e-09
2.34411e-09
1.2497e-09
6.63475e-10
3.59614e-10
1.94423e-10
1.03972e-10
5.45811e-11
2.79511e-11
1.36587e-11
6.502e-12
2.95815e-12
1.38935e-12
7.98547e-13
7.52705e-13
1.08558e-12
1.45927e-12
9.58766e-13
3.67318e-13
6.45507e-14
9.42002e-23
2.93379e-22
5.0542e-22
6.7124e-22
8.01798e-22
9.89024e-22
1.26654e-21
1.61958e-21
1.93035e-21
2.28984e-21
2.80806e-21
3.29041e-21
3.95808e-21
4.67122e-21
5.27441e-21
5.94407e-21
6.69859e-21
7.64333e-21
8.47239e-21
9.3433e-21
1.06115e-20
1.22075e-20
1.60537e-20
2.53114e-20
4.9917e-20
1.16869e-19
3.06696e-19
8.44351e-19
2.3921e-18
6.75946e-18
1.84927e-17
5.22025e-17
1.40589e-16
3.75077e-16
9.89478e-16
2.55117e-15
6.5033e-15
1.60722e-14
3.98471e-14
9.77579e-14
2.33037e-13
5.27366e-13
1.16108e-12
2.61451e-12
5.67672e-12
1.18843e-11
2.3504e-11
4.34989e-11
7.48614e-11
1.19699e-10
1.79044e-10
2.53789e-10
3.47104e-10
4.49457e-10
6.13861e-10
8.80225e-10
1.46598e-09
3.01253e-09
7.28581e-09
1.95012e-08
5.41281e-08
1.38255e-07
3.05405e-07
4.74675e-07
4.5225e-07
3.07673e-07
1.85097e-07
1.183e-07
9.08027e-08
8.54713e-08
9.46704e-08
1.17275e-07
1.4706e-07
1.61068e-07
1.37322e-07
8.13512e-08
4.38291e-08
2.45695e-08
1.44158e-08
8.16825e-09
4.406e-09
2.3186e-09
1.23639e-09
6.56763e-10
3.56012e-10
1.92479e-10
1.02925e-10
5.40228e-11
2.76578e-11
1.35161e-11
6.43209e-12
2.9271e-12
1.37548e-12
7.91999e-13
7.4872e-13
1.08032e-12
1.45001e-12
9.49791e-13
3.63501e-13
6.38565e-14
9.85578e-23
2.67406e-22
5.30746e-22
7.01251e-22
9.01245e-22
1.19091e-21
1.61354e-21
1.78799e-21
2.06177e-21
2.40422e-21
2.87531e-21
3.44266e-21
4.01257e-21
4.49744e-21
4.85044e-21
5.50859e-21
6.4307e-21
7.29289e-21
8.19116e-21
9.18465e-21
1.04012e-20
1.27408e-20
1.646e-20
2.57871e-20
4.91224e-20
1.13539e-19
2.97126e-19
8.14991e-19
2.30885e-18
6.44733e-18
1.78729e-17
4.98324e-17
1.35486e-16
3.62426e-16
9.35021e-16
2.45775e-15
6.2509e-15
1.55278e-14
3.89899e-14
9.72223e-14
2.25036e-13
5.2667e-13
1.1607e-12
2.56885e-12
5.58324e-12
1.17327e-11
2.32635e-11
4.31348e-11
7.43708e-11
1.191e-10
1.7844e-10
2.53379e-10
3.4726e-10
4.50681e-10
6.16447e-10
8.86951e-10
1.48439e-09
3.06246e-09
7.42832e-09
1.99179e-08
5.53036e-08
1.41057e-07
3.09972e-07
4.76481e-07
4.48725e-07
3.03246e-07
1.82178e-07
1.16763e-07
8.98448e-08
8.53292e-08
9.49686e-08
1.17925e-07
1.47636e-07
1.60947e-07
1.36288e-07
8.01214e-08
4.31963e-08
2.42583e-08
1.42394e-08
8.06682e-09
4.34915e-09
2.28888e-09
1.22082e-09
6.4888e-10
3.51761e-10
1.90184e-10
1.01689e-10
5.33648e-11
2.73125e-11
1.33485e-11
6.35002e-12
2.89052e-12
1.35898e-12
7.84118e-13
7.43752e-13
1.0737e-12
1.43864e-12
9.39121e-13
3.58997e-13
6.30391e-14
1.31366e-22
3.17084e-22
4.64671e-22
6.68901e-22
8.6638e-22
1.13986e-21
1.53741e-21
1.79808e-21
2.13781e-21
2.59005e-21
2.96447e-21
3.45484e-21
3.9402e-21
4.44307e-21
5.08293e-21
5.82553e-21
6.53911e-21
7.62531e-21
8.69229e-21
9.67358e-21
1.07788e-20
1.22967e-20
1.56758e-20
2.43522e-20
4.63401e-20
1.0773e-19
2.85384e-19
7.85967e-19
2.20592e-18
6.16999e-18
1.74962e-17
4.80183e-17
1.29875e-16
3.48082e-16
9.17771e-16
2.38314e-15
6.10689e-15
1.51382e-14
3.81815e-14
9.50704e-14
2.22004e-13
5.12627e-13
1.14541e-12
2.51248e-12
5.47135e-12
1.1525e-11
2.29205e-11
4.26308e-11
7.36495e-11
1.18271e-10
1.77557e-10
2.52685e-10
3.47205e-10
4.51853e-10
6.18917e-10
8.93547e-10
1.50407e-09
3.11712e-09
7.5855e-09
2.03794e-08
5.66068e-08
1.44153e-07
3.14949e-07
4.78334e-07
4.44849e-07
2.98618e-07
1.79329e-07
1.15381e-07
8.93203e-08
8.5322e-08
9.53494e-08
1.18659e-07
1.48274e-07
1.60781e-07
1.35094e-07
7.87532e-08
4.24929e-08
2.39119e-08
1.40425e-08
7.95376e-09
4.28569e-09
2.25572e-09
1.20338e-09
6.40055e-10
3.47066e-10
1.87646e-10
1.00323e-10
5.26373e-11
2.69312e-11
1.31634e-11
6.2596e-12
2.85021e-12
1.34092e-12
7.75384e-13
7.37981e-13
1.06584e-12
1.42545e-12
9.27185e-13
3.53998e-13
6.21342e-14
1.18266e-22
2.94299e-22
4.7161e-22
6.28567e-22
8.58591e-22
1.1132e-21
1.4744e-21
1.79522e-21
2.11204e-21
2.44108e-21
2.76224e-21
3.20321e-21
3.7118e-21
4.1809e-21
4.86346e-21
5.80837e-21
6.78719e-21
7.41682e-21
8.38599e-21
9.43746e-21
1.06991e-20
1.24713e-20
1.56691e-20
2.35543e-20
4.43205e-20
1.02522e-19
2.67255e-19
7.34327e-19
2.09718e-18
5.87025e-18
1.63626e-17
4.49858e-17
1.23812e-16
3.32525e-16
8.81139e-16
2.28112e-15
5.76146e-15
1.41336e-14
3.63879e-14
9.017e-14
2.15336e-13
4.94862e-13
1.09274e-12
2.44048e-12
5.32315e-12
1.12566e-11
2.24625e-11
4.19247e-11
7.27035e-11
1.17001e-10
1.76304e-10
2.51646e-10
3.46964e-10
4.53192e-10
6.2156e-10
9.01285e-10
1.52719e-09
3.17785e-09
7.76018e-09
2.08975e-08
5.80846e-08
1.47681e-07
3.20667e-07
4.80248e-07
4.4053e-07
2.93511e-07
1.76033e-07
1.13858e-07
8.87755e-08
8.53372e-08
9.57838e-08
1.19472e-07
1.48948e-07
1.6057e-07
1.33771e-07
7.73357e-08
4.17599e-08
2.35485e-08
1.38342e-08
7.8339e-09
4.21829e-09
2.22053e-09
1.18513e-09
6.30828e-10
3.42082e-10
1.84946e-10
9.88743e-11
5.18688e-11
2.65298e-11
1.29689e-11
6.16451e-12
2.80766e-12
1.32161e-12
7.65785e-13
7.31228e-13
1.0565e-12
1.41044e-12
9.14342e-13
3.4869e-13
6.11776e-14
1.19038e-22
2.43116e-22
4.38049e-22
6.43113e-22
8.27547e-22
1.04688e-21
1.31954e-21
1.64468e-21
1.96851e-21
2.4541e-21
2.89054e-21
3.22209e-21
3.56855e-21
4.1878e-21
4.81094e-21
5.57372e-21
6.23888e-21
7.00018e-21
7.83828e-21
9.06861e-21
1.05707e-20
1.23551e-20
1.51984e-20
2.24735e-20
4.18155e-20
9.44202e-20
2.44825e-19
6.77183e-19
1.89202e-18
5.28799e-18
1.49603e-17
4.22721e-17
1.14309e-16
3.1543e-16
8.30739e-16
2.1647e-15
5.55363e-15
1.355e-14
3.48991e-14
8.6992e-14
2.04067e-13
4.71598e-13
1.04213e-12
2.34879e-12
5.12933e-12
1.08634e-11
2.18305e-11
4.09749e-11
7.1407e-11
1.15419e-10
1.74429e-10
2.5008e-10
3.46413e-10
4.54711e-10
6.239e-10
9.09656e-10
1.55357e-09
3.25832e-09
7.99192e-09
2.15676e-08
5.99375e-08
1.5195e-07
3.27069e-07
4.82066e-07
4.35915e-07
2.884e-07
1.72972e-07
1.12369e-07
8.82724e-08
8.53732e-08
9.63356e-08
1.20415e-07
1.49676e-07
1.60301e-07
1.32341e-07
7.58942e-08
4.10121e-08
2.31731e-08
1.36172e-08
7.70955e-09
4.14909e-09
2.18458e-09
1.16637e-09
6.21361e-10
3.37038e-10
1.8225e-10
9.74268e-11
5.11014e-11
2.61298e-11
1.27758e-11
6.0716e-12
2.76549e-12
1.30221e-12
7.55691e-13
7.23418e-13
1.04549e-12
1.39367e-12
9.01067e-13
3.43313e-13
6.02147e-14
1.31571e-22
2.86501e-22
4.89917e-22
6.09472e-22
7.97738e-22
1.10109e-21
1.39162e-21
1.73127e-21
2.0349e-21
2.48801e-21
2.84932e-21
3.2685e-21
3.75613e-21
4.31393e-21
4.8158e-21
5.48782e-21
6.17184e-21
7.44006e-21
8.64416e-21
9.87695e-21
1.13166e-20
1.32741e-20
1.59532e-20
2.26266e-20
3.99016e-20
8.88905e-20
2.25528e-19
6.13262e-19
1.72112e-18
4.79243e-18
1.37871e-17
3.8568e-17
1.07939e-16
2.91355e-16
7.71949e-16
2.06256e-15
5.23417e-15
1.31267e-14
3.33452e-14
8.26485e-14
1.94618e-13
4.51411e-13
1.00949e-12
2.22688e-12
4.88987e-12
1.0411e-11
2.0976e-11
3.9705e-11
6.96781e-11
1.13348e-10
1.72166e-10
2.47911e-10
3.4528e-10
4.55933e-10
6.24691e-10
9.15237e-10
1.57179e-09
3.30709e-09
8.13341e-09
2.20008e-08
6.11727e-08
1.54986e-07
3.32381e-07
4.83431e-07
4.31354e-07
2.83383e-07
1.69882e-07
1.10902e-07
8.7793e-08
8.54165e-08
9.67929e-08
1.21224e-07
1.50294e-07
1.59977e-07
1.30863e-07
7.44752e-08
4.02791e-08
2.28171e-08
1.34155e-08
7.59533e-09
4.08452e-09
2.15069e-09
1.14862e-09
6.12366e-10
3.32202e-10
1.79647e-10
9.60325e-11
5.03642e-11
2.57453e-11
1.25897e-11
5.98192e-12
2.72559e-12
1.28394e-12
7.45733e-13
7.14706e-13
1.03262e-12
1.37524e-12
8.87912e-13
3.38139e-13
5.92979e-14
6.28104e-23
1.8697e-22
3.69331e-22
5.58256e-22
7.97979e-22
1.04451e-21
1.40431e-21
1.70011e-21
2.03417e-21
2.30586e-21
2.79194e-21
3.2278e-21
3.65689e-21
4.15961e-21
4.6173e-21
5.21841e-21
6.17517e-21
6.96516e-21
7.89222e-21
8.98046e-21
1.03015e-20
1.19462e-20
1.48668e-20
2.13176e-20
3.6658e-20
7.9137e-20
2.01105e-19
5.51863e-19
1.56436e-18
4.38006e-18
1.2554e-17
3.54179e-17
9.76428e-17
2.67608e-16
7.02928e-16
1.88174e-15
4.86394e-15
1.21943e-14
3.13176e-14
7.7294e-14
1.83983e-13
4.27901e-13
9.61324e-13
2.08539e-12
4.6188e-12
9.89944e-12
2.00953e-11
3.82528e-11
6.75728e-11
1.10646e-10
1.69153e-10
2.44869e-10
3.43024e-10
4.56834e-10
6.2432e-10
9.19641e-10
1.58848e-09
3.35833e-09
8.2944e-09
2.24868e-08
6.26354e-08
1.58682e-07
3.38265e-07
4.84693e-07
4.26852e-07
2.78625e-07
1.67067e-07
1.09485e-07
8.73226e-08
8.55021e-08
9.73417e-08
1.22025e-07
1.50886e-07
1.59674e-07
1.29589e-07
7.32992e-08
3.96695e-08
2.25043e-08
1.32336e-08
7.4921e-09
4.02758e-09
2.12101e-09
1.1328e-09
6.04154e-10
3.27759e-10
1.7724e-10
9.47468e-11
4.96908e-11
2.54045e-11
1.24276e-11
5.9053e-12
2.69063e-12
1.2674e-12
7.35925e-13
7.04944e-13
1.01817e-12
1.35614e-12
8.76124e-13
3.3372e-13
5.85259e-14
1.30883e-22
3.34164e-22
5.04823e-22
7.16214e-22
1.05007e-21
1.50129e-21
1.73464e-21
1.99128e-21
2.34606e-21
2.66171e-21
2.96243e-21
3.4747e-21
3.92437e-21
4.47385e-21
5.19169e-21
5.74423e-21
6.43565e-21
7.15037e-21
8.03367e-21
8.80057e-21
9.8017e-21
1.13209e-20
1.39154e-20
1.94884e-20
3.3043e-20
7.05088e-20
1.7682e-19
4.78315e-19
1.37422e-18
3.91001e-18
1.11603e-17
3.13032e-17
8.75379e-17
2.38343e-16
6.38231e-16
1.69286e-15
4.38653e-15
1.1223e-14
2.83598e-14
7.09812e-14
1.70802e-13
4.00304e-13
9.31116e-13
2.03311e-12
4.29026e-12
9.29475e-12
1.895e-11
3.61652e-11
6.46085e-11
1.06712e-10
1.64224e-10
2.38747e-10
3.33628e-10
4.58801e-10
6.25564e-10
9.23874e-10
1.60431e-09
3.40641e-09
8.44581e-09
2.29844e-08
6.41797e-08
1.62153e-07
3.42979e-07
4.85525e-07
4.22246e-07
2.7356e-07
1.64009e-07
1.0815e-07
8.68959e-08
8.55556e-08
9.77862e-08
1.22792e-07
1.51438e-07
1.59301e-07
1.28271e-07
7.21584e-08
3.90766e-08
2.22079e-08
1.30635e-08
7.39731e-09
3.97575e-09
2.09422e-09
1.11891e-09
5.96999e-10
3.23956e-10
1.75219e-10
9.36835e-11
4.9142e-11
2.51271e-11
1.22952e-11
5.84393e-12
2.6626e-12
1.25365e-12
7.26511e-13
6.93709e-13
1.00099e-12
1.33503e-12
8.6526e-13
3.29952e-13
5.78872e-14
7.65647e-23
2.31456e-22
4.251e-22
7.75445e-22
1.06967e-21
1.24755e-21
1.45323e-21
1.76474e-21
2.20215e-21
2.52955e-21
2.87768e-21
3.32763e-21
3.79069e-21
4.43448e-21
5.20533e-21
6.07818e-21
6.84396e-21
7.58496e-21
8.48829e-21
9.30088e-21
1.01482e-20
1.19904e-20
1.4645e-20
1.9309e-20
3.06351e-20
6.22297e-20
1.52849e-19
4.13453e-19
1.16262e-18
3.27154e-18
9.62969e-18
2.71326e-17
7.51218e-17
2.08185e-16
5.64349e-16
1.49877e-15
3.92599e-15
1.01751e-14
2.60518e-14
6.52692e-14
1.58555e-13
3.71998e-13
8.61594e-13
1.97258e-12
4.19457e-12
8.57914e-12
1.77681e-11
3.4191e-11
6.11842e-11
1.02259e-10
1.58726e-10
2.32304e-10
3.26924e-10
4.55692e-10
6.24496e-10
9.25216e-10
1.61311e-09
3.436e-09
8.54032e-09
2.32809e-08
6.50306e-08
1.64277e-07
3.46504e-07
4.85965e-07
4.1808e-07
2.6958e-07
1.61337e-07
1.06965e-07
8.64842e-08
8.55843e-08
9.81838e-08
1.23461e-07
1.5185e-07
1.58892e-07
1.26953e-07
7.10419e-08
3.84976e-08
2.19227e-08
1.29046e-08
7.31155e-09
3.9301e-09
2.07086e-09
1.1068e-09
5.907e-10
3.20634e-10
1.73477e-10
9.27867e-11
4.86929e-11
2.49108e-11
1.21944e-11
5.7999e-12
2.64231e-12
1.24295e-12
7.17416e-13
6.80513e-13
9.80354e-13
1.31138e-12
8.55734e-13
3.27091e-13
5.74322e-14
7.57986e-23
2.24498e-22
4.5204e-22
7.33788e-22
1.05982e-21
1.32977e-21
1.57226e-21
1.88244e-21
2.18411e-21
2.511e-21
2.90153e-21
3.29724e-21
3.82572e-21
4.55436e-21
5.27715e-21
6.27411e-21
6.87832e-21
7.57595e-21
8.49806e-21
9.91243e-21
1.0526e-20
1.17014e-20
1.38031e-20
1.74858e-20
2.70295e-20
5.32227e-20
1.29753e-19
3.44433e-19
9.66856e-19
2.80703e-18
8.09245e-18
2.29745e-17
6.32598e-17
1.78378e-16
4.84526e-16
1.31453e-15
3.43386e-15
9.13239e-15
2.35285e-14
5.85631e-14
1.42896e-13
3.39839e-13
7.83994e-13
1.78563e-12
4.00221e-12
8.54519e-12
1.68702e-11
3.19321e-11
5.78745e-11
9.7067e-11
1.52606e-10
2.2573e-10
3.20605e-10
4.50845e-10
6.21525e-10
9.23814e-10
1.61563e-09
3.44962e-09
8.59364e-09
2.34768e-08
6.56981e-08
1.66087e-07
3.49753e-07
4.86308e-07
4.14943e-07
2.66096e-07
1.59301e-07
1.05972e-07
8.61346e-08
8.56214e-08
9.85803e-08
1.24126e-07
1.52257e-07
1.58514e-07
1.25875e-07
7.01831e-08
3.80539e-08
2.16951e-08
1.27764e-08
7.24301e-09
3.89433e-09
2.05263e-09
1.09736e-09
5.85652e-10
3.17998e-10
1.72126e-10
9.21158e-11
4.83759e-11
2.47721e-11
1.21335e-11
5.77762e-12
2.63173e-12
1.23608e-12
7.08667e-13
6.64669e-13
9.54749e-13
1.28396e-12
8.47816e-13
3.25383e-13
5.72128e-14
9.09928e-23
2.60675e-22
4.77945e-22
6.77451e-22
9.10231e-22
1.1863e-21
1.53609e-21
1.90718e-21
2.30702e-21
2.65994e-21
3.07232e-21
3.48664e-21
3.90555e-21
4.41891e-21
4.97846e-21
5.68659e-21
6.32422e-21
7.25038e-21
8.03366e-21
8.89296e-21
9.97367e-21
1.12429e-20
1.27145e-20
1.59692e-20
2.40602e-20
4.52402e-20
1.05622e-19
2.80511e-19
7.89725e-19
2.27009e-18
6.59007e-18
1.8934e-17
5.32609e-17
1.49941e-16
4.11356e-16
1.11008e-15
2.97226e-15
7.74658e-15
2.07959e-14
5.23031e-14
1.27672e-13
3.01034e-13
7.06727e-13
1.56987e-12
3.56697e-12
7.86974e-12
1.63748e-11
2.99049e-11
5.46622e-11
9.27266e-11
1.46944e-10
2.19094e-10
3.13675e-10
4.44586e-10
6.16309e-10
9.19191e-10
1.61143e-09
3.44622e-09
8.60075e-09
2.35431e-08
6.60099e-08
1.67002e-07
3.5135e-07
4.86374e-07
4.12459e-07
2.6343e-07
1.57566e-07
1.04975e-07
8.57762e-08
8.56059e-08
9.88459e-08
1.24595e-07
1.52508e-07
1.58121e-07
1.24909e-07
6.94509e-08
3.76749e-08
2.15024e-08
1.26718e-08
7.18967e-09
3.86814e-09
2.03959e-09
1.09071e-09
5.81948e-10
3.1612e-10
1.71215e-10
9.17049e-11
4.82133e-11
2.47251e-11
1.21203e-11
5.7818e-12
2.63306e-12
1.23406e-12
7.00577e-13
6.46072e-13
9.24138e-13
1.25225e-12
8.4199e-13
3.25142e-13
5.72925e-14
8.49637e-23
2.34714e-22
4.23962e-22
6.99032e-22
1.01431e-21
1.34107e-21
1.578e-21
1.81966e-21
2.17841e-21
2.62168e-21
3.13238e-21
3.74823e-21
4.24855e-21
4.55383e-21
4.80412e-21
5.15779e-21
5.67957e-21
6.25564e-21
7.14446e-21
7.922e-21
8.888e-21
9.88074e-21
1.15284e-20
1.4648e-20
2.08473e-20
3.76589e-20
8.47641e-20
2.2427e-19
6.29434e-19
1.80106e-18
5.32093e-18
1.52491e-17
4.3215e-17
1.22553e-16
3.42542e-16
9.21004e-16
2.50526e-15
6.62754e-15
1.74284e-14
4.51188e-14
1.10914e-13
2.6638e-13
6.21333e-13
1.43616e-12
3.19815e-12
7.14899e-12
1.54709e-11
2.90731e-11
5.12603e-11
8.7057e-11
1.38804e-10
2.10522e-10
3.05119e-10
4.36421e-10
6.07711e-10
9.10971e-10
1.60256e-09
3.42975e-09
8.56954e-09
2.34981e-08
6.60342e-08
1.67326e-07
3.52302e-07
4.86387e-07
4.10304e-07
2.60939e-07
1.55637e-07
1.04051e-07
8.53641e-08
8.55596e-08
9.90856e-08
1.25037e-07
1.52719e-07
1.57725e-07
1.2403e-07
6.88089e-08
3.7341e-08
2.13325e-08
1.25843e-08
7.14837e-09
3.85013e-09
2.03119e-09
1.08661e-09
5.79499e-10
3.14977e-10
1.70745e-10
9.15641e-11
4.82159e-11
2.47785e-11
1.21615e-11
5.81662e-12
2.64849e-12
1.23796e-12
6.93596e-13
6.24842e-13
8.8752e-13
1.21488e-12
8.38646e-13
3.26711e-13
5.77443e-14
1.28384e-22
4.55664e-22
7.9158e-22
1.08363e-21
1.26313e-21
1.58482e-21
1.87117e-21
2.12163e-21
2.36648e-21
2.54808e-21
2.83644e-21
3.18805e-21
3.71563e-21
4.18985e-21
4.7689e-21
5.18108e-21
5.6674e-21
6.17529e-21
6.95162e-21
7.55264e-21
8.30408e-21
9.47307e-21
1.09141e-20
1.35014e-20
1.88153e-20
3.15187e-20
6.80711e-20
1.74154e-19
4.87122e-19
1.40698e-18
4.08815e-18
1.18661e-17
3.39528e-17
9.86136e-17
2.77508e-16
7.44239e-16
2.10793e-15
5.61728e-15
1.48039e-14
3.74688e-14
9.47995e-14
2.2768e-13
5.36096e-13
1.2527e-12
2.81018e-12
6.42892e-12
1.37103e-11
2.78741e-11
4.92921e-11
8.12914e-11
1.31324e-10
1.99873e-10
2.94172e-10
4.26148e-10
5.98571e-10
8.99423e-10
1.5872e-09
3.40238e-09
8.51505e-09
2.33954e-08
6.59197e-08
1.6742e-07
3.53073e-07
4.86428e-07
4.08112e-07
2.58088e-07
1.53728e-07
1.02947e-07
8.49511e-08
8.55328e-08
9.93852e-08
1.25537e-07
1.52918e-07
1.57166e-07
1.22893e-07
6.80687e-08
3.69855e-08
2.11602e-08
1.25022e-08
7.11405e-09
3.83805e-09
2.02642e-09
1.0846e-09
5.78125e-10
3.1449e-10
1.70691e-10
9.16868e-11
4.8385e-11
2.49358e-11
1.22616e-11
5.88554e-12
2.68031e-12
1.24904e-12
6.88113e-13
6.00582e-13
8.43817e-13
1.1703e-12
8.38409e-13
3.30524e-13
5.86575e-14
1.48023e-22
4.99336e-22
8.83618e-22
1.18925e-21
1.57312e-21
1.7852e-21
2.04214e-21
2.24513e-21
2.5443e-21
2.90464e-21
3.27995e-21
3.76879e-21
4.22225e-21
4.52665e-21
4.85801e-21
5.27987e-21
5.771e-21
6.21187e-21
6.83042e-21
7.44413e-21
8.41504e-21
9.46378e-21
1.06577e-20
1.27803e-20
1.70359e-20
2.70609e-20
5.44549e-20
1.34078e-19
3.71508e-19
1.06519e-18
3.10906e-18
9.30925e-18
2.68645e-17
7.78502e-17
2.1987e-16
6.11693e-16
1.67837e-15
4.52174e-15
1.20585e-14
3.13675e-14
7.85289e-14
1.92308e-13
4.56984e-13
1.06654e-12
2.46946e-12
5.64898e-12
1.23065e-11
2.48064e-11
4.6907e-11
7.86975e-11
1.23677e-10
1.90216e-10
2.81581e-10
4.06543e-10
5.92081e-10
8.88697e-10
1.56526e-09
3.35486e-09
8.4137e-09
2.31968e-08
6.56151e-08
1.67218e-07
3.53758e-07
4.86382e-07
4.04664e-07
2.54102e-07
1.51327e-07
1.01663e-07
8.44859e-08
8.55416e-08
9.9778e-08
1.26186e-07
1.53177e-07
1.5648e-07
1.21379e-07
6.76845e-08
3.67442e-08
2.10234e-08
1.24344e-08
7.08669e-09
3.83039e-09
2.02416e-09
1.08395e-09
5.77536e-10
3.14522e-10
1.70987e-10
9.20442e-11
4.87053e-11
2.51877e-11
1.24261e-11
5.99257e-12
2.73327e-12
1.26993e-12
6.85706e-13
5.74825e-13
7.94942e-13
1.11943e-12
8.42181e-13
3.35958e-13
5.9957e-14
1.91608e-22
5.88776e-22
1.00929e-21
1.4519e-21
1.71145e-21
1.74245e-21
1.89739e-21
2.12923e-21
2.4976e-21
2.86332e-21
3.18666e-21
3.52506e-21
3.77467e-21
3.9773e-21
4.19508e-21
4.55593e-21
4.96149e-21
5.52409e-21
6.08351e-21
6.81507e-21
7.58365e-21
8.40166e-21
9.47801e-21
1.16188e-20
1.49275e-20
2.24788e-20
4.38576e-20
1.04997e-19
2.85338e-19
8.21927e-19
2.41076e-18
7.16051e-18
2.09029e-17
6.03212e-17
1.72402e-16
4.83423e-16
1.33603e-15
3.56861e-15
9.78396e-15
2.58751e-14
6.51527e-14
1.61198e-13
3.85536e-13
9.08836e-13
2.08991e-12
4.83725e-12
1.07518e-11
2.23507e-11
4.27136e-11
7.49736e-11
1.14962e-10
1.77882e-10
2.62976e-10
3.84787e-10
5.66512e-10
8.8087e-10
1.54832e-09
3.31757e-09
8.33877e-09
2.30617e-08
6.54943e-08
1.67579e-07
3.55368e-07
4.86605e-07
4.01364e-07
2.50126e-07
1.48669e-07
1.00364e-07
8.40515e-08
8.56634e-08
1.00411e-07
1.27082e-07
1.53537e-07
1.55677e-07
1.19738e-07
6.66919e-08
3.62628e-08
2.0791e-08
1.23253e-08
7.04188e-09
3.81579e-09
2.01922e-09
1.08222e-09
5.77089e-10
3.14906e-10
1.71587e-10
9.26066e-11
4.91302e-11
2.54338e-11
1.27472e-11
6.17256e-12
2.8182e-12
1.30487e-12
6.88947e-13
5.51036e-13
7.45043e-13
1.0662e-12
8.52054e-13
3.45865e-13
6.21144e-14
1.0274e-22
3.07359e-22
5.83682e-22
8.38145e-22
1.07743e-21
1.25809e-21
1.48348e-21
1.75767e-21
1.91762e-21
2.15729e-21
2.38964e-21
2.6135e-21
2.9096e-21
3.24366e-21
3.61482e-21
4.01063e-21
4.48574e-21
5.037e-21
5.66791e-21
6.46375e-21
7.15955e-21
7.96295e-21
8.84901e-21
1.02599e-20
1.30651e-20
1.9284e-20
3.61949e-20
8.50671e-20
2.25945e-19
6.44815e-19
1.89191e-18
5.55224e-18
1.58437e-17
4.65514e-17
1.33925e-16
3.82824e-16
1.06598e-15
2.90354e-15
7.83833e-15
2.0654e-14
5.33285e-14
1.30203e-13
3.15576e-13
7.47954e-13
1.76265e-12
4.05529e-12
9.06108e-12
1.90281e-11
3.69759e-11
6.59159e-11
1.10682e-10
1.65552e-10
2.4813e-10
3.65249e-10
5.41304e-10
8.62212e-10
1.52044e-09
3.25959e-09
8.2188e-09
2.28374e-08
6.52205e-08
1.67715e-07
3.57109e-07
4.86876e-07
3.96555e-07
2.44698e-07
1.44752e-07
9.85537e-08
8.35301e-08
8.58825e-08
1.01178e-07
1.28183e-07
1.53986e-07
1.54767e-07
1.17865e-07
6.53351e-08
3.56066e-08
2.04798e-08
1.21757e-08
6.97716e-09
3.79036e-09
2.00775e-09
1.07377e-09
5.81316e-10
3.17187e-10
1.72994e-10
9.35355e-11
4.97476e-11
2.58412e-11
1.30258e-11
6.34529e-12
2.9088e-12
1.34401e-12
6.94984e-13
5.2961e-13
6.95798e-13
1.01171e-12
8.61852e-13
3.57034e-13
6.45722e-14
8.14651e-23
1.73986e-22
2.4837e-22
3.21788e-22
3.87664e-22
4.63936e-22
5.48592e-22
6.60601e-22
7.96172e-22
9.82923e-22
1.28243e-21
1.58532e-21
1.89425e-21
2.25573e-21
2.66006e-21
3.09586e-21
3.54797e-21
4.09697e-21
4.65981e-21
5.37098e-21
6.10637e-21
6.92866e-21
7.74634e-21
9.14267e-21
1.17861e-20
1.75334e-20
3.14123e-20
7.06714e-20
1.81532e-19
5.03885e-19
1.4471e-18
4.21679e-18
1.21243e-17
3.48916e-17
1.0083e-16
2.81365e-16
7.98567e-16
2.2039e-15
5.92816e-15
1.62177e-14
4.15307e-14
1.0269e-13
2.49969e-13
5.85436e-13
1.31642e-12
3.0672e-12
6.99444e-12
1.51346e-11
3.05392e-11
5.72533e-11
9.79123e-11
1.57349e-10
2.29824e-10
3.39783e-10
5.14491e-10
8.25376e-10
1.47592e-09
3.1865e-09
8.08831e-09
2.26724e-08
6.51884e-08
1.68629e-07
3.60119e-07
4.87239e-07
3.9123e-07
2.38756e-07
1.41124e-07
9.70446e-08
8.31689e-08
8.62354e-08
1.02044e-07
1.29325e-07
1.54477e-07
1.53966e-07
1.16239e-07
6.42836e-08
3.50857e-08
2.02299e-08
1.20529e-08
6.92216e-09
3.7681e-09
1.99872e-09
1.06996e-09
5.80617e-10
3.1748e-10
1.73529e-10
9.40509e-11
5.01688e-11
2.6148e-11
1.32299e-11
6.47222e-12
2.97748e-12
1.37518e-12
7.0086e-13
5.14706e-13
6.56945e-13
9.65412e-13
8.74906e-13
3.68539e-13
6.70997e-14
)
;

boundaryField
{
    fuel
    {
        type            fixedValue;
        value           uniform 0;
    }
    air
    {
        type            fixedValue;
        value           uniform 0;
    }
    outlet
    {
        type            inletOutlet;
        inletValue      uniform 0;
        value           nonuniform List<scalar> 
200
(
0
0
0
0
0
0
0
0
0
0
1.2365e-21
1.54967e-21
1.88152e-21
2.20678e-21
2.57995e-21
2.99119e-21
3.37835e-21
3.78948e-21
4.30184e-21
4.88936e-21
5.50057e-21
6.26343e-21
7.33572e-21
8.66575e-21
1.12313e-20
1.64967e-20
3.00107e-20
6.78972e-20
1.75366e-19
4.87773e-19
1.40297e-18
4.07619e-18
1.17726e-17
3.37876e-17
9.63603e-17
2.6505e-16
7.37569e-16
2.07207e-15
5.66114e-15
1.52403e-14
3.93934e-14
9.91355e-14
2.41782e-13
5.69808e-13
1.29261e-12
2.98249e-12
6.80967e-12
1.48201e-11
3.01354e-11
5.63932e-11
9.68148e-11
1.55174e-10
2.2682e-10
3.36235e-10
5.0598e-10
8.09461e-10
1.43927e-09
3.09053e-09
7.81475e-09
2.1882e-08
6.30572e-08
1.64139e-07
3.54728e-07
4.88606e-07
3.96396e-07
2.42552e-07
1.43015e-07
9.7825e-08
8.33987e-08
8.61577e-08
1.01744e-07
1.28842e-07
1.54235e-07
1.54333e-07
1.17231e-07
6.50605e-08
3.5501e-08
2.04444e-08
1.21825e-08
6.99778e-09
3.81205e-09
2.02221e-09
1.08223e-09
5.87274e-10
3.21191e-10
1.75625e-10
9.52337e-11
5.08263e-11
2.65096e-11
1.34235e-11
6.57263e-12
3.02542e-12
1.39769e-12
7.11095e-13
5.19688e-13
6.60793e-13
9.72709e-13
8.89114e-13
3.75504e-13
6.84341e-14
0
0
0
0
0
0
0
0
0
0
1.28243e-21
1.58532e-21
1.89425e-21
2.25573e-21
2.66006e-21
3.09586e-21
3.54797e-21
4.09697e-21
4.65981e-21
5.37098e-21
6.10637e-21
6.92866e-21
7.74634e-21
9.14267e-21
1.17861e-20
1.75334e-20
3.14123e-20
7.06714e-20
1.81532e-19
5.03885e-19
1.4471e-18
4.21679e-18
1.21243e-17
3.48916e-17
1.0083e-16
2.81365e-16
7.98567e-16
2.2039e-15
5.92816e-15
1.62177e-14
4.15307e-14
1.0269e-13
2.49969e-13
5.85436e-13
1.31642e-12
3.0672e-12
6.99444e-12
1.51346e-11
3.05392e-11
5.72533e-11
9.79123e-11
1.57349e-10
2.29824e-10
3.39783e-10
5.14491e-10
8.25376e-10
1.47592e-09
3.1865e-09
8.08831e-09
2.26724e-08
6.51884e-08
1.68629e-07
3.60119e-07
4.87239e-07
3.9123e-07
2.38756e-07
1.41124e-07
9.70446e-08
8.31689e-08
8.62354e-08
1.02044e-07
1.29325e-07
1.54477e-07
1.53966e-07
1.16239e-07
6.42836e-08
3.50857e-08
2.02299e-08
1.20529e-08
6.92216e-09
3.7681e-09
1.99872e-09
1.06996e-09
5.80617e-10
3.1748e-10
1.73529e-10
9.40509e-11
5.01688e-11
2.6148e-11
1.32299e-11
6.47222e-12
2.97748e-12
1.37518e-12
7.0086e-13
5.14706e-13
6.56945e-13
9.65412e-13
8.74906e-13
3.68539e-13
6.70997e-14
)
;
    }
    frontAndBack
    {
        type            empty;
    }
    internal
    {
        type            internal;
    }
}


// ************************************************************************* //
