/*--------------------------------*- C++ -*----------------------------------*\
  =========                 |
  \\      /  F ield         | OpenFOAM: The Open Source CFD Toolbox
   \\    /   O peration     | Website:  https://openfoam.org
    \\  /    A nd           | Version:  10
     \\/     M anipulation  |
\*---------------------------------------------------------------------------*/
FoamFile
{
    format      ascii;
    class       volScalarField;
    location    "1";
    object      O;
}
// * * * * * * * * * * * * * * * * * * * * * * * * * * * * * * * * * * * * * //

dimensions      [0 0 0 0 0 0 0];

internalField   nonuniform List<scalar> 
4000
(
3.39813e-26
0
0
0
0
3.87577e-26
4.7724e-25
2.58678e-25
4.30891e-25
6.50933e-26
9.6128e-26
1.39583e-25
6.07856e-25
1.32961e-25
3.79215e-26
2.91572e-25
7.73361e-25
1.54665e-25
8.04702e-26
6.59477e-25
1.2036e-24
1.6248e-25
9.1823e-26
0
1.16481e-24
0
0
7.61744e-26
1.53277e-24
2.51226e-25
2.45968e-25
2.31055e-25
0
9.12196e-24
0
0
0
0
3.44252e-25
7.90777e-24
1.01095e-24
4.64305e-25
8.17745e-24
1.43139e-24
7.77346e-24
2.66434e-23
2.03457e-22
1.30148e-21
8.11518e-21
4.76222e-20
2.62042e-19
1.39311e-18
6.03994e-18
2.86741e-17
1.2789e-16
5.19652e-16
1.87335e-15
6.5733e-15
2.13923e-14
6.41593e-14
1.76972e-13
4.34155e-13
1.014e-12
2.42306e-12
7.61186e-12
3.23409e-11
1.46785e-10
6.08218e-10
2.24029e-09
7.38245e-09
2.20623e-08
6.05168e-08
1.54286e-07
3.69091e-07
8.35458e-07
1.79999e-06
3.71352e-06
7.36765e-06
1.41238e-05
2.63021e-05
4.7597e-05
8.40586e-05
0.000145275
0.000246741
0.0004135
0.000678799
0.000931816
0.0010651
0.00105268
0.000923549
0.000726512
0.0005025
0.000309296
0.00016668
7.85034e-05
3.27123e-05
1.25097e-05
4.66312e-06
1.74145e-06
4.39958e-07
4.93845e-25
4.47629e-26
1.23154e-26
1.3182e-26
1.91573e-26
5.42292e-25
1.06042e-25
3.12978e-26
1.66316e-25
8.16282e-26
7.96544e-26
3.84629e-25
7.71754e-25
1.79333e-25
6.41068e-25
0
8.47089e-27
3.13809e-26
2.30739e-25
1.20284e-24
2.17209e-25
2.1447e-25
1.47191e-24
2.71943e-25
0
0
7.43594e-26
8.40926e-25
0
0
1.30136e-25
5.28286e-24
7.66091e-25
0
1.39693e-23
2.66727e-23
5.10697e-23
5.99137e-24
7.57241e-25
0
6.35662e-25
1.07579e-24
1.39109e-24
4.66232e-24
6.37246e-24
5.00899e-23
3.36068e-22
2.13068e-21
1.30234e-20
7.61917e-20
3.59711e-19
1.56209e-18
7.65411e-18
3.48506e-17
1.51128e-16
6.08442e-16
2.07437e-15
7.00387e-15
2.2174e-14
6.48901e-14
1.76638e-13
4.29333e-13
9.93906e-13
2.34476e-12
7.21721e-12
3.03703e-11
1.38173e-10
5.80758e-10
2.16382e-09
7.21212e-09
2.18123e-08
6.03193e-08
1.5485e-07
3.72508e-07
8.46882e-07
1.83093e-06
3.78817e-06
7.53086e-06
1.44587e-05
2.6959e-05
4.87928e-05
8.62424e-05
0.000149087
0.000252979
0.000423413
0.000692195
0.000941948
0.00106793
0.00104769
0.000912552
0.000712216
0.000488045
0.000297327
0.000158761
7.40888e-05
3.06148e-05
1.16685e-05
4.37027e-06
1.64451e-06
4.17167e-07
6.81574e-27
3.84029e-26
8.21326e-25
9.80872e-25
6.55605e-25
5.54716e-25
3.46665e-25
6.27289e-26
1.40272e-25
3.1644e-26
1.68695e-25
3.36718e-25
9.16567e-26
3.61372e-25
8.80908e-25
1.01121e-24
2.09391e-25
3.02317e-25
4.85077e-26
3.28689e-26
3.58924e-25
1.41081e-26
1.23776e-26
7.57297e-26
5.09687e-25
1.54143e-24
1.2285e-24
1.73602e-25
9.09104e-26
6.72544e-25
4.74376e-25
7.6227e-24
2.46222e-24
2.86819e-25
0
1.17528e-24
2.93568e-23
3.45789e-24
4.90723e-24
1.18788e-24
1.76803e-23
4.35419e-24
4.6345e-25
8.66955e-25
1.02972e-23
7.44518e-23
4.7633e-22
2.95554e-21
1.69887e-20
9.60048e-20
4.51602e-19
1.98791e-18
9.62446e-18
4.43738e-17
1.79521e-16
6.55673e-16
2.17753e-15
7.2449e-15
2.26495e-14
6.56352e-14
1.76841e-13
4.26481e-13
9.79017e-13
2.28058e-12
6.91962e-12
2.8913e-11
1.31816e-10
5.59298e-10
2.11128e-09
7.10964e-09
2.17501e-08
6.05911e-08
1.56671e-07
3.79271e-07
8.66448e-07
1.88143e-06
3.90293e-06
7.77322e-06
1.49504e-05
2.79142e-05
5.0595e-05
8.94008e-05
0.000154524
0.000262312
0.000438673
0.000711946
0.000956409
0.00107171
0.00104038
0.000896568
0.000692076
0.000468558
0.000282213
0.000148928
6.88447e-05
2.82265e-05
1.07632e-05
4.06012e-06
1.53904e-06
3.92186e-07
4.69975e-25
3.98864e-25
6.26914e-26
2.14035e-25
3.42177e-25
2.66817e-25
2.37067e-25
4.61849e-26
5.61747e-27
0
2.64216e-26
5.78179e-26
2.41e-25
8.05928e-26
9.40212e-25
1.39136e-25
2.81037e-26
1.64095e-25
4.60703e-26
6.333e-26
1.42784e-24
2.05921e-25
3.27551e-26
2.79639e-26
5.23395e-25
6.64128e-25
7.47533e-25
1.61252e-25
9.39854e-25
0
2.52501e-24
2.48714e-24
2.13773e-24
7.62024e-25
9.78098e-26
1.87432e-25
3.62887e-27
0
7.18008e-24
1.11228e-24
1.11427e-23
1.23181e-24
3.83905e-25
7.56003e-24
1.40048e-23
9.85299e-23
6.38167e-22
3.8401e-21
2.25651e-20
1.08071e-19
5.00341e-19
2.58485e-18
1.2453e-17
5.40096e-17
2.11044e-16
6.86298e-16
2.27682e-15
7.4787e-15
2.31051e-14
6.60972e-14
1.76576e-13
4.23213e-13
9.66579e-13
2.23894e-12
6.72862e-12
2.79968e-11
1.28075e-10
5.4797e-10
2.08741e-09
7.08838e-09
2.18721e-08
6.12957e-08
1.59249e-07
3.8706e-07
8.87745e-07
1.95475e-06
4.05125e-06
8.07513e-06
1.55333e-05
2.89854e-05
5.2436e-05
9.24875e-05
0.000159553
0.000273762
0.000456081
0.00073251
0.000970531
0.00107495
0.00103361
0.000879512
0.000672161
0.000450526
0.000268098
0.000139795
6.38809e-05
2.60639e-05
9.94174e-06
3.77146e-06
1.44128e-06
3.68946e-07
0
1.79487e-25
2.26953e-26
1.18825e-26
1.92097e-25
7.93895e-27
2.20927e-25
9.20736e-26
8.45616e-29
1.98444e-25
2.93907e-26
5.0881e-27
1.63849e-26
3.96806e-25
7.90024e-26
1.55296e-25
2.34689e-26
5.19831e-26
1.20733e-24
1.41236e-25
2.60677e-27
7.00376e-25
9.74264e-26
6.36804e-27
3.62717e-25
2.45445e-24
3.94005e-25
1.33207e-24
1.93231e-25
2.96988e-24
0
1.9785e-24
9.69461e-24
5.36513e-24
6.07971e-25
0
0
0
1.94672e-25
6.23971e-26
1.14633e-25
5.22021e-26
2.19949e-25
5.1368e-24
1.3475e-23
1.38689e-22
8.09541e-22
4.80648e-21
2.45946e-20
1.15456e-19
6.12779e-19
3.10026e-18
1.50117e-17
6.61457e-17
2.23179e-16
7.22703e-16
2.37732e-15
7.68971e-15
2.34677e-14
6.66452e-14
1.76788e-13
4.21641e-13
9.58788e-13
2.21047e-12
6.60486e-12
2.74454e-11
1.26211e-10
5.4288e-10
2.08328e-09
7.12102e-09
2.21262e-08
6.23034e-08
1.62664e-07
3.97224e-07
9.13644e-07
2.01643e-06
4.18484e-06
8.35356e-06
1.60735e-05
2.99903e-05
5.42924e-05
9.57822e-05
0.000165249
0.000283182
0.000471398
0.000750077
0.000982215
0.00107694
0.00102647
0.000866179
0.00065616
0.000435822
0.000256721
0.000132532
6.00366e-05
2.43727e-05
9.30102e-06
3.547e-06
1.3697e-06
3.51668e-07
8.83865e-28
2.1385e-27
2.06134e-27
6.49067e-27
1.6613e-25
0
8.95397e-26
1.55273e-26
2.80153e-25
4.22924e-26
2.79352e-25
3.84387e-26
0
0
1.50225e-25
2.08942e-26
0
0
3.38579e-26
7.46647e-25
0
0
4.21401e-25
9.98485e-25
1.34081e-25
5.55529e-26
1.9143e-24
1.96259e-25
1.93558e-24
4.97918e-24
6.96187e-25
5.88031e-24
9.63117e-25
7.51353e-24
1.20584e-24
2.89186e-24
6.85637e-23
7.38917e-24
1.49807e-23
2.09916e-24
3.64179e-24
3.73208e-25
6.14832e-25
1.44079e-23
2.41704e-23
1.57337e-22
1.04375e-21
5.39545e-21
2.66503e-20
1.38242e-19
7.21905e-19
3.62009e-18
1.68367e-17
7.25016e-17
2.41027e-16
7.63658e-16
2.45646e-15
7.87822e-15
2.37527e-14
6.69157e-14
1.76484e-13
4.19378e-13
9.5095e-13
2.18641e-12
6.51139e-12
2.70514e-11
1.24714e-10
5.38719e-10
2.08031e-09
7.15023e-09
2.23385e-08
6.31545e-08
1.65458e-07
4.04887e-07
9.33681e-07
2.06588e-06
4.29153e-06
8.57319e-06
1.65117e-05
3.08286e-05
5.58116e-05
9.84579e-05
0.000169786
0.00029063
0.000483655
0.000763758
0.000991085
0.00107812
0.00102047
0.000855607
0.000643536
0.000424616
0.00024818
0.000127175
5.72826e-05
2.31623e-05
8.84096e-06
3.38326e-06
1.31265e-06
3.37923e-07
4.89798e-27
1.37959e-25
2.29521e-25
2.8826e-26
2.73104e-25
2.2727e-25
3.20718e-26
4.3304e-27
3.18807e-27
1.18502e-26
2.34258e-25
4.22441e-26
1.09667e-26
1.71118e-26
3.62933e-25
0
0
3.31315e-25
0
4.88743e-26
9.98186e-25
6.28376e-26
1.19592e-26
3.10864e-26
6.53065e-25
1.76428e-24
1.46144e-25
2.12966e-26
6.94061e-26
1.84597e-25
5.58921e-24
6.1981e-25
0
0
8.1827e-24
9.39714e-24
3.86698e-24
1.27308e-24
8.89955e-25
1.53227e-23
1.53021e-24
1.53435e-25
0
5.86192e-24
3.6241e-23
2.01501e-22
1.15803e-21
5.5243e-21
3.03606e-20
1.6006e-19
8.14078e-19
3.98704e-18
1.82162e-17
7.70788e-17
2.5324e-16
7.94938e-16
2.5194e-15
7.99449e-15
2.39305e-14
6.69909e-14
1.75837e-13
4.1663e-13
9.4265e-13
2.16229e-12
6.41549e-12
2.66357e-11
1.23082e-10
5.33459e-10
2.0708e-09
7.1497e-09
2.24321e-08
6.36319e-08
1.67189e-07
4.1026e-07
9.48022e-07
2.10152e-06
4.37243e-06
8.74021e-06
1.68426e-05
3.14573e-05
5.69483e-05
0.000100442
0.000173148
0.000296088
0.000492606
0.000773565
0.000997345
0.0010788
0.00101596
0.000847854
0.000634331
0.00041658
0.000242091
0.000123371
5.53196e-05
2.23081e-05
8.51885e-06
3.26828e-06
1.27218e-06
3.281e-07
1.64104e-28
3.58423e-27
7.61998e-26
2.53419e-25
3.37266e-26
2.16643e-26
4.41041e-25
8.56808e-26
2.06215e-26
2.71261e-25
5.96502e-26
6.33632e-25
1.04675e-25
1.84281e-25
2.51381e-26
2.63773e-26
6.45821e-25
8.05012e-26
4.98456e-26
8.72487e-25
1.26933e-25
3.1555e-25
4.44385e-26
5.19478e-27
0
0
0
0
0
1.16905e-25
2.94776e-26
0
0
1.63703e-26
1.21525e-24
3.37098e-23
1.28292e-22
2.79632e-23
3.52228e-24
6.39796e-25
1.96671e-24
7.73986e-25
5.30137e-24
9.54297e-24
3.67531e-23
2.34454e-22
1.24977e-21
6.43974e-21
3.49502e-20
1.81899e-19
9.20395e-19
4.3943e-18
1.96347e-17
8.1492e-17
2.64135e-16
8.18958e-16
2.56616e-15
8.06945e-15
2.39794e-14
6.67571e-14
1.74547e-13
4.12769e-13
9.32306e-13
2.13424e-12
6.29753e-12
2.60794e-11
1.20953e-10
5.25968e-10
2.05206e-09
7.11314e-09
2.23967e-08
6.37281e-08
1.67875e-07
4.12881e-07
9.55849e-07
2.12284e-06
4.42096e-06
8.84483e-06
1.70529e-05
3.18665e-05
5.76882e-05
0.000101735
0.000175336
0.000299631
0.000498401
0.000779909
0.0010014
0.0010792
0.00101294
0.000842676
0.000628163
0.000411209
0.000238022
0.000120826
5.4e-05
2.17352e-05
8.30161e-06
3.19063e-06
1.24477e-06
3.21424e-07
0
0
2.64885e-25
2.82339e-27
4.89919e-26
6.89799e-27
3.79026e-26
3.4895e-25
6.55876e-26
8.48353e-27
0
1.98817e-25
4.34855e-25
5.44878e-26
1.53697e-26
7.6767e-27
6.38059e-27
3.09624e-26
6.22958e-25
5.55528e-26
4.67625e-25
6.65104e-26
4.69447e-25
5.71866e-26
8.75432e-26
8.79737e-25
9.64865e-25
6.31092e-25
8.19688e-26
8.5708e-26
0
5.86294e-24
6.87705e-25
0
0
0
0
0
1.68183e-23
1.68608e-24
6.14486e-25
1.12313e-23
1.07097e-23
1.04236e-23
3.56483e-23
2.29025e-22
1.3662e-21
7.51821e-21
3.98736e-20
2.06048e-19
1.01388e-18
4.74347e-18
2.08261e-17
8.50552e-17
2.72045e-16
8.35485e-16
2.59402e-15
8.09277e-15
2.38934e-14
6.61929e-14
1.72414e-13
4.0657e-13
9.17464e-13
2.09238e-12
6.13453e-12
2.53426e-11
1.17584e-10
5.14644e-10
2.01637e-09
7.0236e-09
2.21905e-08
6.33755e-08
1.6745e-07
4.12799e-07
9.57453e-07
2.13054e-06
4.44107e-06
8.89181e-06
1.71528e-05
3.20776e-05
5.80738e-05
0.000102415
0.000176495
0.000301516
0.000501471
0.000783377
0.00100371
0.0010795
0.00101124
0.000839668
0.00062451
0.000407992
0.000235557
0.000119273
5.31928e-05
2.13812e-05
8.16673e-06
3.14214e-06
1.22755e-06
3.17215e-07
3.67487e-28
1.21872e-27
3.78436e-26
4.77649e-27
2.31072e-27
5.47403e-26
2.1172e-26
3.93288e-25
4.80999e-26
0
3.50631e-27
2.69518e-25
9.62271e-27
8.30469e-26
6.13296e-25
4.10319e-25
5.20463e-27
4.08375e-25
5.14609e-26
1.25804e-26
1.6582e-25
1.77314e-26
7.89683e-25
1.03521e-25
2.43646e-25
0
1.94198e-24
4.62754e-25
2.90251e-25
4.29352e-24
4.64184e-25
2.39999e-25
3.69208e-24
7.79924e-25
9.68307e-25
2.17381e-23
2.48311e-22
2.41707e-23
1.20113e-23
8.77871e-24
9.64782e-25
1.98238e-25
1.76104e-25
9.31423e-24
4.25186e-23
2.75795e-22
1.57581e-21
8.56629e-21
4.53664e-20
2.2928e-19
1.10991e-18
5.1056e-18
2.19672e-17
8.73315e-17
2.77334e-16
8.47322e-16
2.60655e-15
8.07568e-15
2.37185e-14
6.5474e-14
1.70127e-13
4.00391e-13
9.00707e-13
2.04802e-12
5.95439e-12
2.44905e-11
1.13949e-10
5.0101e-10
1.97127e-09
6.893e-09
2.1866e-08
6.26857e-08
1.66098e-07
4.10336e-07
9.53344e-07
2.12616e-06
4.43653e-06
8.89038e-06
1.71613e-05
3.21255e-05
5.81692e-05
0.000102597
0.000176818
0.000302061
0.000502343
0.00078455
0.00100466
0.00107975
0.00101063
0.000838368
0.000622803
0.000406429
0.000234316
0.000118468
5.27653e-05
2.11921e-05
8.09379e-06
3.11565e-06
1.21806e-06
3.14887e-07
9.6366e-29
3.16799e-27
2.02261e-27
1.15435e-25
2.61995e-26
2.62177e-25
2.75512e-26
1.52964e-26
2.50262e-25
2.11349e-25
0
0
1.74165e-26
4.72029e-25
6.75457e-26
2.19749e-25
7.30536e-25
3.8316e-25
5.1114e-26
3.89392e-26
5.67257e-25
6.2965e-26
0
2.82392e-25
1.67055e-24
1.25048e-24
2.81887e-24
4.28411e-25
3.09694e-24
6.14912e-25
1.10814e-25
9.96456e-25
6.88768e-24
5.94345e-25
0
0
4.47927e-24
0
8.52718e-25
1.9011e-23
7.1577e-24
5.00382e-26
2.4016e-24
3.99772e-24
5.3039e-23
3.18401e-22
1.80013e-21
9.82423e-21
5.12742e-20
2.57369e-19
1.24082e-18
5.69822e-18
2.4745e-17
8.75416e-17
2.80829e-16
8.54021e-16
2.60428e-15
8.01617e-15
2.34224e-14
6.43118e-14
1.66675e-13
3.92198e-13
8.84238e-13
2.00318e-12
5.77167e-12
2.36123e-11
1.10005e-10
4.85558e-10
1.92156e-09
6.7455e-09
2.14595e-08
6.17226e-08
1.63953e-07
4.06022e-07
9.45372e-07
2.11328e-06
4.41356e-06
8.85278e-06
1.71008e-05
3.2048e-05
5.80424e-05
0.000102397
0.0001765
0.000301579
0.000501533
0.000783998
0.00100461
0.00107998
0.00101085
0.000838368
0.000622575
0.000406106
0.000233982
0.000118216
5.2617e-05
2.11219e-05
8.06554e-06
3.10506e-06
1.21419e-06
3.13926e-07
5.62044e-28
2.38933e-27
8.77799e-26
2.56049e-26
3.70583e-25
4.6529e-26
1.53481e-26
0
1.09049e-26
2.61117e-25
0
6.34655e-25
8.00704e-26
1.3363e-26
5.94119e-26
1.12707e-26
2.83665e-26
1.48598e-25
4.27114e-25
7.21648e-25
6.62773e-25
8.65371e-26
3.90832e-26
2.68286e-25
0
2.17859e-26
9.63661e-25
2.53068e-25
1.0056e-25
1.128e-24
1.85718e-25
1.78225e-24
2.90605e-24
6.94371e-24
1.47402e-24
1.85706e-23
1.34191e-22
5.15784e-23
4.85275e-24
1.34025e-24
5.39115e-25
8.52553e-24
1.13968e-24
9.93225e-24
6.3574e-23
3.61222e-22
2.01747e-21
1.08932e-20
5.6396e-20
2.80617e-19
1.34162e-18
6.10169e-18
2.60096e-17
8.69809e-17
2.83709e-16
8.57736e-16
2.59225e-15
7.93787e-15
2.30938e-14
6.33478e-14
1.63765e-13
3.84863e-13
8.6564e-13
1.95789e-12
5.59296e-12
2.27577e-11
1.0616e-10
4.7022e-10
1.87138e-09
6.60605e-09
2.09614e-08
6.05608e-08
1.61384e-07
4.00666e-07
9.34712e-07
2.09381e-06
4.37795e-06
8.78878e-06
1.69913e-05
3.18813e-05
5.77606e-05
0.000101929
0.000175727
0.000300356
0.000499495
0.00078216
0.00100381
0.0010802
0.00101166
0.000839298
0.000623403
0.000406676
0.000234301
0.000118358
5.26671e-05
2.11358e-05
8.06867e-06
3.10561e-06
1.21425e-06
3.13925e-07
8.01548e-26
1.56532e-26
1.2708e-25
9.77571e-26
1.19997e-25
1.66395e-26
1.96168e-27
8.92985e-28
0
1.52344e-28
2.61883e-27
4.36033e-26
4.70145e-25
0
2.15658e-25
0
4.378e-25
6.61831e-26
4.68533e-25
1.11627e-24
6.5248e-25
7.34068e-25
9.72543e-25
0
1.83681e-27
2.9837e-25
4.21283e-26
5.37367e-26
8.53273e-25
1.42693e-25
7.42586e-25
0
0
0
6.24737e-24
5.50016e-24
1.26154e-22
1.28163e-23
6.80596e-25
0
1.92937e-24
2.18325e-25
4.67101e-25
1.52934e-23
6.9243e-23
3.91787e-22
2.1994e-21
1.17033e-20
5.9789e-20
2.93937e-19
1.38852e-18
6.23905e-18
2.62337e-17
8.63962e-17
2.87267e-16
8.59813e-16
2.57404e-15
7.83532e-15
2.27285e-14
6.22143e-14
1.60962e-13
3.77792e-13
8.48579e-13
1.91252e-12
5.41061e-12
2.18728e-11
1.02103e-10
4.53521e-10
1.81385e-09
6.42908e-09
2.04728e-08
5.93704e-08
1.5858e-07
3.945e-07
9.21904e-07
2.07003e-06
4.33306e-06
8.70849e-06
1.68501e-05
3.16526e-05
5.73614e-05
0.000101263
0.000174638
0.000298657
0.000496671
0.000779488
0.00100252
0.00108041
0.00101292
0.0008409
0.000624989
0.000407834
0.000235041
0.000118756
5.28469e-05
2.12065e-05
8.09349e-06
3.11396e-06
1.21708e-06
3.146e-07
1.35938e-25
1.99187e-25
1.93868e-26
9.46312e-26
1.71986e-26
1.00474e-25
0
1.30241e-25
1.58584e-26
8.48073e-27
1.4865e-25
6.59886e-26
2.31567e-26
2.24963e-26
1.01245e-26
1.37447e-26
3.24171e-25
5.84156e-26
5.54716e-25
1.1685e-25
9.24587e-25
1.08312e-25
1.03515e-26
0
0
3.2846e-25
1.49839e-25
8.38275e-27
0
1.01042e-24
5.8096e-26
4.11157e-26
2.64274e-26
8.27075e-25
1.41588e-23
5.41992e-24
1.67719e-22
1.64244e-23
2.09229e-24
1.84951e-25
1.17387e-25
8.27158e-26
0
1.02367e-23
7.76592e-23
4.28058e-22
2.34076e-21
1.22962e-20
6.22019e-20
3.02946e-19
1.41773e-18
6.31616e-18
2.62798e-17
8.57817e-17
2.89516e-16
8.60157e-16
2.55466e-15
7.7441e-15
2.24032e-14
6.11217e-14
1.57794e-13
3.70373e-13
8.32795e-13
1.87039e-12
5.24188e-12
2.10461e-11
9.82725e-11
4.38218e-10
1.75724e-09
6.25561e-09
1.99917e-08
5.81528e-08
1.55778e-07
3.88388e-07
9.09133e-07
2.04426e-06
4.28454e-06
8.61988e-06
1.66908e-05
3.13923e-05
5.69156e-05
0.000100517
0.000173409
0.000296713
0.000493477
0.000776398
0.00100095
0.00108057
0.00101432
0.000842793
0.000626926
0.00040934
0.000236058
0.000119328
5.31136e-05
2.13138e-05
8.13186e-06
3.12711e-06
1.22159e-06
3.15688e-07
1.22933e-27
2.16411e-27
2.73044e-27
2.84317e-26
2.48431e-25
4.95183e-26
6.53476e-27
2.17542e-27
2.13307e-26
1.02841e-25
1.54943e-26
2.7387e-26
5.97031e-25
3.74565e-25
4.67341e-26
4.1657e-26
0
0
0
9.44849e-25
1.04495e-25
0
0
9.67253e-27
1.86802e-26
3.40273e-26
7.60969e-25
3.65497e-26
1.53769e-26
2.8705e-26
1.75593e-24
1.69314e-25
0
1.57167e-23
1.72139e-24
7.08182e-25
4.36507e-23
3.09997e-24
2.98882e-25
2.19851e-25
5.16851e-24
4.4794e-24
3.07173e-24
1.21573e-23
7.73085e-23
4.36768e-22
2.44469e-21
1.27567e-20
6.40863e-20
3.10029e-19
1.44051e-18
6.36206e-18
2.62739e-17
8.52389e-17
2.90474e-16
8.57956e-16
2.52933e-15
7.64231e-15
2.2046e-14
6.01247e-14
1.55021e-13
3.63637e-13
8.17301e-13
1.83233e-12
5.08901e-12
2.02929e-11
9.47487e-11
4.23699e-10
1.70516e-09
6.09634e-09
1.95481e-08
5.70238e-08
1.53115e-07
3.82463e-07
8.96881e-07
2.01934e-06
4.23727e-06
8.53296e-06
1.65369e-05
3.11382e-05
5.64776e-05
9.9783e-05
0.000172198
0.000294797
0.000490318
0.00077329
0.000999329
0.0010807
0.00101573
0.000844739
0.00062895
0.000410916
0.000237132
0.00011994
5.3408e-05
2.14335e-05
8.17507e-06
3.142e-06
1.22673e-06
3.16926e-07
7.20247e-26
1.24267e-25
2.03521e-25
2.6369e-26
4.71676e-27
9.22761e-28
0
0
0
1.74248e-26
2.96584e-25
2.17615e-25
2.45446e-25
2.801e-26
3.50872e-25
6.88479e-26
7.23077e-25
5.57832e-25
3.96331e-26
1.4168e-26
4.30605e-27
0
2.74065e-26
8.15676e-25
5.2529e-25
0
9.88259e-25
1.07968e-25
9.39444e-26
1.48804e-24
4.64748e-27
0
9.3471e-27
7.85285e-25
0
2.11956e-24
0
0
0
0
1.84174e-26
1.77745e-25
7.63273e-24
1.38039e-23
7.98424e-23
4.6232e-22
2.51609e-21
1.3098e-20
6.5426e-20
3.14692e-19
1.45466e-18
6.39009e-18
2.62481e-17
8.47622e-17
2.90826e-16
8.55022e-16
2.50537e-15
7.54187e-15
2.17244e-14
5.91749e-14
1.52595e-13
3.58012e-13
8.04745e-13
1.80124e-12
4.96348e-12
1.96755e-11
9.186e-11
4.11794e-10
1.66123e-09
5.96094e-09
1.91674e-08
5.60463e-08
1.50793e-07
3.77354e-07
8.86188e-07
1.99749e-06
4.19575e-06
8.45654e-06
1.64002e-05
3.09102e-05
5.6084e-05
9.91221e-05
0.000171104
0.000293064
0.000487465
0.000770444
0.000997816
0.00108079
0.00101702
0.000846548
0.000630859
0.000412406
0.000238156
0.000120528
5.36906e-05
2.15491e-05
8.21699e-06
3.1565e-06
1.23174e-06
3.18136e-07
2.0259e-25
3.05089e-26
1.69744e-25
2.16321e-26
2.83811e-27
3.12232e-27
7.44887e-26
3.7478e-25
1.03154e-25
9.60871e-26
2.51049e-25
4.20274e-26
3.02699e-25
6.42862e-25
1.04339e-25
0
2.71263e-28
3.0941e-25
4.32147e-25
1.68733e-25
6.27911e-25
1.22178e-24
0
2.25264e-27
3.82264e-27
1.13454e-26
0
6.81136e-26
8.26725e-26
1.64036e-24
2.5065e-24
2.86039e-25
2.37514e-26
0
1.07634e-24
3.08368e-23
0
1.02897e-23
1.02897e-24
9.24388e-26
1.36059e-26
4.64186e-26
1.12178e-23
2.43122e-23
8.48326e-23
4.8986e-22
2.57752e-21
1.33635e-20
6.64596e-20
3.18294e-19
1.46528e-18
6.40988e-18
2.62249e-17
8.44065e-17
2.90811e-16
8.52075e-16
2.48497e-15
7.46753e-15
2.14881e-14
5.84921e-14
1.50786e-13
3.53472e-13
7.94249e-13
1.77463e-12
4.8622e-12
1.91815e-11
8.95426e-11
4.0219e-10
1.62647e-09
5.85319e-09
1.88665e-08
5.52765e-08
1.48968e-07
3.73261e-07
8.77572e-07
1.97983e-06
4.16209e-06
8.39444e-06
1.6289e-05
3.07236e-05
5.5762e-05
9.85824e-05
0.00017021
0.000291641
0.000485123
0.000768086
0.000996547
0.00108085
0.00101809
0.000848062
0.000632466
0.00041366
0.000239019
0.000121023
5.39272e-05
2.16466e-05
8.25254e-06
3.16886e-06
1.23603e-06
3.19174e-07
1.2784e-25
7.0766e-26
1.87132e-25
1.74684e-25
2.45556e-26
1.36404e-26
2.86553e-25
4.61001e-26
2.09812e-25
0
8.03812e-28
2.09677e-26
5.27702e-25
4.82114e-25
1.00593e-24
3.16311e-25
4.02352e-26
6.11088e-26
0
9.98335e-25
5.24236e-25
1.23866e-24
1.40998e-25
1.40983e-26
0
1.09864e-24
4.96408e-26
8.13372e-26
1.29863e-24
2.41063e-24
2.80851e-25
2.48541e-24
1.7108e-24
4.58515e-25
2.34112e-25
3.1236e-24
9.3474e-23
9.06406e-24
4.92092e-26
1.17797e-25
1.99976e-26
1.78769e-26
9.26668e-24
6.52082e-24
9.67825e-23
4.89845e-22
2.6275e-21
1.35507e-20
6.72149e-20
3.21019e-19
1.47311e-18
6.42582e-18
2.62145e-17
8.41708e-17
2.90748e-16
8.49946e-16
2.47096e-15
7.41427e-15
2.13172e-14
5.8e-14
1.49494e-13
3.50384e-13
7.87205e-13
1.75701e-12
4.79376e-12
1.88437e-11
8.79483e-11
3.95546e-10
1.60178e-09
5.77717e-09
1.86542e-08
5.47251e-08
1.47648e-07
3.70336e-07
8.71395e-07
1.9671e-06
4.13778e-06
8.34945e-06
1.62082e-05
3.05873e-05
5.55269e-05
9.81875e-05
0.000169561
0.00029061
0.000483429
0.000766366
0.000995611
0.00108088
0.00101885
0.000849161
0.000633634
0.000414576
0.000239652
0.000121388
5.41028e-05
2.17189e-05
8.27886e-06
3.178e-06
1.2392e-06
3.19939e-07
0
0
3.13186e-28
0
1.60589e-25
3.48934e-26
0
2.68527e-25
4.38586e-26
2.74838e-25
0
1.12553e-26
3.02314e-25
4.26106e-25
3.64049e-25
5.26065e-26
2.31679e-25
0
0
1.42762e-26
4.23246e-25
5.81547e-26
7.90514e-27
3.03827e-26
7.05467e-25
1.18265e-25
0
1.86611e-24
2.73691e-26
8.5758e-27
0
1.80933e-25
5.4574e-26
0
8.67744e-25
2.36286e-23
1.77405e-22
1.49788e-23
1.97913e-24
1.0751e-23
1.13813e-24
5.28767e-24
1.49429e-23
8.5588e-24
8.57014e-23
4.90349e-22
2.65817e-21
1.36846e-20
6.77174e-20
3.22794e-19
1.47839e-18
6.43738e-18
2.62181e-17
8.40644e-17
2.90826e-16
8.49068e-16
2.46421e-15
7.38792e-15
2.12302e-14
5.77436e-14
1.48807e-13
3.48779e-13
7.83576e-13
1.74784e-12
4.75784e-12
1.86666e-11
8.71074e-11
3.92013e-10
1.5887e-09
5.73642e-09
1.85388e-08
5.44289e-08
1.46941e-07
3.68752e-07
8.68045e-07
1.96019e-06
4.12454e-06
8.32493e-06
1.6164e-05
3.05126e-05
5.53977e-05
9.79702e-05
0.000169202
0.00029004
0.000482494
0.000765413
0.00099509
0.00108089
0.00101927
0.000849765
0.000634275
0.000415078
0.000239999
0.000121589
5.42004e-05
2.17588e-05
8.29332e-06
3.18299e-06
1.24093e-06
3.20356e-07
0
0
0
1.73724e-25
1.70808e-25
0
3.74369e-27
1.91036e-25
1.06535e-25
3.02036e-25
3.54956e-25
2.99115e-25
0
0
0
0
5.43662e-27
3.29052e-25
4.89885e-25
1.26146e-25
3.56322e-26
5.05482e-25
0
0
8.41749e-27
0
1.28897e-24
1.4841e-25
1.52008e-26
0
6.91562e-25
0
1.72791e-24
5.51089e-24
4.51166e-26
1.22072e-23
1.9547e-22
2.55828e-23
2.83319e-23
1.72707e-24
1.56877e-25
4.00564e-25
8.49419e-24
1.30321e-23
8.80894e-23
5.00153e-22
2.68095e-21
1.37639e-20
6.80429e-20
3.24024e-19
1.48262e-18
6.44932e-18
2.62421e-17
8.40771e-17
2.91169e-16
8.49445e-16
2.46354e-15
7.38313e-15
2.12121e-14
5.7688e-14
1.48657e-13
3.48421e-13
7.8278e-13
1.74594e-12
4.75088e-12
1.86335e-11
8.69543e-11
3.9138e-10
1.58636e-09
5.72933e-09
1.85191e-08
5.43789e-08
1.46822e-07
3.68491e-07
8.67501e-07
1.95907e-06
4.12243e-06
8.32106e-06
1.61571e-05
3.05009e-05
5.53777e-05
9.79369e-05
0.000169147
0.000289954
0.000482353
0.000765269
0.000995013
0.00108089
0.00101933
0.000849846
0.000634359
0.000415145
0.000240044
0.000121614
5.42115e-05
2.17633e-05
8.29493e-06
3.18354e-06
1.24111e-06
3.204e-07
6.50039e-29
5.48615e-29
2.97134e-28
1.31597e-27
3.11387e-27
0
0
0
0
9.34071e-27
2.60325e-27
0
2.25416e-25
0
3.66359e-26
4.87416e-26
1.19739e-24
4.04862e-25
0
0
2.23928e-27
3.61648e-27
1.27097e-27
4.03122e-26
2.89661e-26
6.02001e-25
7.31442e-26
8.46555e-27
0
0
0
0
0
0
1.5372e-26
1.11806e-25
1.24345e-24
3.76469e-25
2.22351e-25
0
1.07974e-23
5.12661e-25
2.24282e-25
1.26964e-23
9.08307e-23
5.04222e-22
2.69096e-21
1.38022e-20
6.82235e-20
3.24854e-19
1.48629e-18
6.46459e-18
2.63012e-17
8.426e-17
2.91949e-16
8.51713e-16
2.47158e-15
7.40817e-15
2.1285e-14
5.78884e-14
1.49172e-13
3.49618e-13
7.85445e-13
1.75251e-12
4.77644e-12
1.87592e-11
8.75476e-11
3.93848e-10
1.59543e-09
5.7577e-09
1.85996e-08
5.4587e-08
1.47322e-07
3.69611e-07
8.6988e-07
1.96398e-06
4.1319e-06
8.33871e-06
1.6189e-05
3.0555e-05
5.54717e-05
9.80954e-05
0.00016941
0.000290371
0.00048304
0.000765975
0.000995401
0.00108088
0.00101901
0.000849384
0.000633863
0.000414751
0.000239769
0.000121454
5.41339e-05
2.1731e-05
8.28303e-06
3.17938e-06
1.23966e-06
3.20048e-07
8.11232e-27
0
0
0
2.84746e-25
3.62197e-26
2.87404e-26
1.6429e-25
0
0
0
0
1.55908e-27
4.57447e-27
2.52369e-27
4.22211e-26
9.72635e-25
2.68293e-25
5.14276e-25
4.7977e-26
5.03971e-25
6.25534e-26
3.2005e-27
0
0
1.85655e-26
1.52231e-26
9.84071e-27
7.61656e-26
1.99382e-24
2.85762e-24
3.15792e-25
4.61209e-26
1.29891e-26
0
1.41294e-24
3.66341e-23
0
2.96677e-25
6.65391e-24
1.23655e-24
3.10724e-25
4.46947e-24
1.516e-23
8.5903e-23
4.9691e-22
2.68543e-21
1.37938e-20
6.82305e-20
3.25168e-19
1.48899e-18
6.48147e-18
2.63891e-17
8.46039e-17
2.93181e-16
8.55913e-16
2.48833e-15
7.4626e-15
2.14459e-14
5.83323e-14
1.50319e-13
3.52301e-13
7.91401e-13
1.76716e-12
4.83296e-12
1.90355e-11
8.88471e-11
3.99255e-10
1.61528e-09
5.81968e-09
1.87748e-08
5.50417e-08
1.48412e-07
3.72067e-07
8.75096e-07
1.97475e-06
4.15262e-06
8.37726e-06
1.62587e-05
3.0673e-05
5.56764e-05
9.84403e-05
0.000169981
0.000291279
0.000484535
0.000767502
0.000996237
0.00108086
0.00101832
0.000848393
0.000632804
0.000413917
0.000239187
0.000121117
5.39724e-05
2.16639e-05
8.25841e-06
3.17076e-06
1.23665e-06
3.19319e-07
0
1.36572e-25
1.63201e-26
0
1.22775e-25
2.16719e-26
1.73484e-25
2.32815e-25
3.09189e-26
4.10667e-27
6.8018e-28
2.3454e-27
2.70534e-26
6.75238e-25
4.6103e-26
6.69067e-25
3.38358e-26
0
2.3568e-25
5.40556e-25
7.04583e-26
0
0
5.42541e-25
7.25614e-25
2.10455e-24
2.16812e-24
1.10575e-24
1.26443e-25
4.56741e-26
0
8.09296e-26
1.67592e-24
5.81897e-25
4.28998e-24
6.68538e-24
4.59687e-23
2.50141e-24
2.63372e-25
7.74612e-26
0
2.17375e-27
9.20484e-25
1.34762e-23
8.28235e-23
4.94077e-22
2.67268e-21
1.37397e-20
6.8096e-20
3.25116e-19
1.49144e-18
6.50319e-18
2.65196e-17
8.51459e-17
2.94987e-16
8.62412e-16
2.51512e-15
7.55099e-15
2.17096e-14
5.90613e-14
1.52188e-13
3.56649e-13
8.00994e-13
1.79052e-12
4.92302e-12
1.94754e-11
9.09113e-11
4.0781e-10
1.64666e-09
5.91668e-09
1.90482e-08
5.57464e-08
1.501e-07
3.75814e-07
8.83026e-07
1.9911e-06
4.18403e-06
8.43567e-06
1.63641e-05
3.08514e-05
5.59858e-05
9.89618e-05
0.00017084
0.000292644
0.000486778
0.000769776
0.000997475
0.00108081
0.0010173
0.000846917
0.00063123
0.000412678
0.000238327
0.000120618
5.37301e-05
2.15638e-05
8.22181e-06
3.15801e-06
1.23222e-06
3.18245e-07
6.48187e-26
1.33063e-26
1.0013e-25
2.00565e-25
7.83282e-26
1.99539e-26
1.83515e-25
7.6201e-26
5.23075e-25
1.08722e-26
0
1.62616e-25
3.40163e-25
3.17031e-25
3.7696e-25
4.70517e-25
3.37517e-25
6.07605e-26
0
5.76448e-25
6.59254e-26
1.09119e-26
0
0
7.84369e-25
1.11249e-24
3.2326e-24
2.88182e-25
1.23971e-24
0
1.68699e-25
6.11645e-24
6.60954e-25
7.13346e-25
1.65738e-23
0
1.10454e-24
5.72302e-25
1.87007e-24
0
0
5.0164e-25
1.33617e-23
1.8968e-23
8.70093e-23
4.89889e-22
2.63227e-21
1.36231e-20
6.77512e-20
3.24427e-19
1.49265e-18
6.5267e-18
2.66867e-17
8.58838e-17
2.97275e-16
8.70753e-16
2.55027e-15
7.6684e-15
2.20628e-14
6.00447e-14
1.5473e-13
3.62614e-13
8.14279e-13
1.822e-12
5.04343e-12
2.00613e-11
9.3648e-11
4.19098e-10
1.68763e-09
6.04375e-09
1.9401e-08
5.66552e-08
1.52266e-07
3.80674e-07
8.93309e-07
2.01228e-06
4.22465e-06
8.51109e-06
1.65001e-05
3.10807e-05
5.63838e-05
9.96291e-05
0.000171946
0.000294401
0.000489673
0.000772688
0.000999043
0.00108074
0.00101597
0.000845031
0.000629221
0.000411101
0.000237238
0.000119987
5.34247e-05
2.14376e-05
8.17573e-06
3.14196e-06
1.22664e-06
3.16894e-07
1.97068e-25
2.94164e-26
1.53173e-25
2.03508e-26
2.26158e-27
0
6.31948e-26
2.68652e-25
4.0851e-25
6.09961e-26
2.88829e-25
3.48475e-26
0
4.3449e-25
5.53564e-26
3.58739e-26
6.50087e-25
4.30991e-26
9.20413e-25
1.11691e-25
1.91716e-26
2.33798e-26
2.85169e-26
6.74617e-25
1.12331e-24
2.08385e-24
9.61014e-25
2.17161e-25
3.36665e-25
9.99708e-25
0
7.02567e-26
3.45512e-25
0
3.31985e-24
0
0
0
0
0
3.9239e-27
2.31223e-25
5.08916e-24
1.22415e-23
8.00838e-23
4.73823e-22
2.59852e-21
1.34575e-20
6.7174e-20
3.22905e-19
1.49166e-18
6.5487e-18
2.68822e-17
8.67776e-17
2.99588e-16
8.80571e-16
2.59229e-15
7.8088e-15
2.24842e-14
6.12087e-14
1.57697e-13
3.69434e-13
8.29109e-13
1.859e-12
5.18976e-12
2.07769e-11
9.69837e-11
4.32696e-10
1.73679e-09
6.19484e-09
1.98269e-08
5.7748e-08
1.54866e-07
3.86475e-07
9.05535e-07
2.03737e-06
4.27264e-06
8.59992e-06
1.66598e-05
3.13481e-05
5.68465e-05
0.000100412
0.000173247
0.000296466
0.000493077
0.000776068
0.00100085
0.00108063
0.00101443
0.000842855
0.000626919
0.000409284
0.000235975
0.000119257
5.30726e-05
2.12928e-05
8.12293e-06
3.1236e-06
1.22026e-06
3.1535e-07
1.16383e-25
2.01346e-26
1.34838e-25
1.96511e-26
9.07167e-26
9.86144e-27
0
8.35211e-27
1.75637e-25
2.63785e-25
9.32114e-26
0
0
0
0
0
1.22924e-25
2.9151e-26
2.99973e-25
5.65036e-26
5.86785e-25
0
0
0
0
0
8.66148e-26
0
2.67032e-25
0
1.60247e-24
1.74128e-25
2.67792e-25
6.39565e-24
6.00775e-25
9.04574e-24
2.39005e-22
3.37347e-23
7.45984e-24
6.13017e-25
5.42038e-26
3.30228e-26
6.35101e-25
1.2399e-23
8.11534e-23
4.62058e-22
2.53583e-21
1.32134e-20
6.62195e-20
3.20116e-19
1.48594e-18
6.55579e-18
2.70394e-17
8.76519e-17
3.01467e-16
8.89461e-16
2.63558e-15
7.95991e-15
2.29455e-14
6.24935e-14
1.60983e-13
3.76996e-13
8.45571e-13
1.90056e-12
5.35254e-12
2.1566e-11
1.00629e-10
4.47819e-10
1.79234e-09
6.36805e-09
2.03127e-08
5.89943e-08
1.57829e-07
3.93064e-07
9.1922e-07
2.06528e-06
4.32587e-06
8.69827e-06
1.68363e-05
3.16422e-05
5.73565e-05
0.000101272
0.000174674
0.000298715
0.000496757
0.000779707
0.00100276
0.00108049
0.00101274
0.0008405
0.000624443
0.000407341
0.000234645
0.000118494
5.27038e-05
2.11411e-05
8.06767e-06
3.10437e-06
1.21357e-06
3.13732e-07
0
1.26466e-25
3.35498e-25
4.06635e-26
1.08175e-26
5.73829e-26
1.70491e-25
6.16355e-25
2.72127e-25
5.49449e-26
3.67171e-25
2.44459e-26
0
1.23108e-25
1.43536e-26
0
1.95885e-25
4.36943e-26
5.27973e-25
7.77222e-26
4.25281e-25
0
0
0
1.16554e-24
1.28077e-25
6.91524e-26
3.05927e-25
4.19037e-26
4.92829e-27
5.83784e-26
1.45579e-26
0
1.10997e-25
1.76976e-25
5.24453e-25
1.63985e-23
0
4.27046e-26
0
0
3.1203e-25
6.55083e-24
1.01426e-23
7.78783e-23
4.42245e-22
2.44462e-21
1.28446e-20
6.48629e-20
3.15329e-19
1.47503e-18
6.55083e-18
2.71972e-17
8.86521e-17
3.03016e-16
8.98709e-16
2.68393e-15
8.12376e-15
2.34495e-14
6.39193e-14
1.64685e-13
3.85599e-13
8.64591e-13
1.94795e-12
5.54156e-12
2.24884e-11
1.04893e-10
4.64743e-10
1.85394e-09
6.55512e-09
2.08361e-08
6.03213e-08
1.60948e-07
3.99944e-07
9.33973e-07
2.09428e-06
4.38147e-06
8.80078e-06
1.70196e-05
3.19443e-05
5.7879e-05
0.000102148
0.000176114
0.000301011
0.000500577
0.000783428
0.00100467
0.0010803
0.00101101
0.000838128
0.000621953
0.000405397
0.000233316
0.000117735
5.23411e-05
2.09931e-05
8.01405e-06
3.0858e-06
1.20713e-06
3.12175e-07
7.93945e-26
1.09063e-26
0
0
0
0
2.68804e-25
1.67052e-25
7.59803e-26
1.54309e-25
1.48273e-26
3.00619e-25
2.87912e-25
3.58489e-26
6.33992e-27
3.1357e-26
1.1934e-26
1.86057e-27
6.71829e-27
4.06513e-27
4.36709e-26
4.43475e-26
9.08429e-25
7.25901e-25
9.67146e-26
5.77457e-26
1.20357e-24
1.0397e-24
0
0
5.59885e-24
6.12076e-25
1.93924e-24
9.90615e-25
1.98263e-23
8.16045e-23
2.13175e-21
2.02766e-22
1.76948e-23
1.28001e-25
5.15066e-26
1.48466e-23
5.95954e-24
5.38479e-24
6.77646e-23
4.17665e-22
2.32798e-21
1.23482e-20
6.29208e-20
3.08522e-19
1.45451e-18
6.52345e-18
2.73383e-17
8.98412e-17
3.0332e-16
9.06671e-16
2.73453e-15
8.33112e-15
2.41066e-14
6.57425e-14
1.6925e-13
3.9575e-13
8.85368e-13
1.99718e-12
5.73263e-12
2.34014e-11
1.09029e-10
4.81565e-10
1.91098e-09
6.72543e-09
2.14462e-08
6.17715e-08
1.64277e-07
4.07295e-07
9.48901e-07
2.12287e-06
4.4366e-06
8.90252e-06
1.72e-05
3.22354e-05
5.83781e-05
0.000102981
0.000177487
0.000303163
0.000504122
0.000786795
0.00100636
0.00108007
0.00100939
0.000835987
0.000619775
0.000403676
0.000232146
0.000117072
5.20267e-05
2.08663e-05
7.9685e-06
3.07012e-06
1.20172e-06
3.1087e-07
3.12479e-27
7.48407e-26
1.52919e-26
1.62265e-25
2.45193e-26
1.2678e-25
1.74528e-26
5.29534e-27
0
1.24596e-26
3.08489e-25
2.29822e-26
0
0
7.47746e-26
7.84479e-25
8.91901e-26
0
4.50848e-28
9.28789e-26
1.69383e-26
4.49693e-26
0
6.32407e-27
0
0
7.46872e-25
1.19893e-25
1.02162e-25
0
6.09044e-25
2.98708e-25
7.0202e-24
7.84217e-25
1.78094e-24
3.59929e-23
4.36484e-23
8.2758e-24
1.1873e-24
0
5.39818e-24
8.31454e-25
3.5911e-25
5.21061e-24
6.22004e-23
3.87072e-22
2.16789e-21
1.16579e-20
6.01944e-20
2.98641e-19
1.42264e-18
6.4505e-18
2.7368e-17
9.09247e-17
3.01276e-16
9.08354e-16
2.76301e-15
8.44545e-15
2.4488e-14
6.68984e-14
1.7232e-13
4.03311e-13
9.04197e-13
2.04643e-12
5.93383e-12
2.43768e-11
1.13473e-10
4.99333e-10
1.9715e-09
6.91406e-09
2.19542e-08
6.30441e-08
1.67272e-07
4.13901e-07
9.62805e-07
2.1484e-06
4.48437e-06
8.9877e-06
1.73516e-05
3.24803e-05
5.8808e-05
0.000103699
0.000178662
0.000304999
0.000507169
0.000789623
0.00100771
0.00107981
0.00100803
0.000834249
0.000618055
0.0004024
0.000231326
0.000116628
5.18238e-05
2.07857e-05
7.93998e-06
3.06043e-06
1.19841e-06
3.10075e-07
1.05907e-28
4.09557e-28
0
0
4.38176e-26
7.48367e-27
2.35687e-27
0
0
0
1.48553e-25
3.55195e-25
1.89659e-26
1.10581e-26
2.54596e-25
3.24002e-26
0
4.03486e-25
1.83556e-25
5.97507e-25
8.38811e-26
4.33478e-25
3.77346e-25
1.17921e-24
1.13449e-24
7.27475e-26
0
2.65649e-24
9.06113e-25
9.97554e-26
1.27925e-25
2.85017e-24
4.74902e-25
1.55375e-24
3.14539e-25
3.92783e-24
0
0
0
1.0932e-25
4.2646e-25
7.93221e-24
5.61264e-24
1.3329e-23
6.25015e-23
3.50683e-22
1.97283e-21
1.07756e-20
5.63285e-20
2.82992e-19
1.36612e-18
6.27475e-18
2.70519e-17
9.18147e-17
2.97116e-16
9.05654e-16
2.7813e-15
8.54872e-15
2.48914e-14
6.81469e-14
1.75889e-13
4.12333e-13
9.24533e-13
2.09604e-12
6.13434e-12
2.53434e-11
1.17843e-10
5.17198e-10
2.03055e-09
7.08334e-09
2.24251e-08
6.4156e-08
1.69791e-07
4.19109e-07
9.73182e-07
2.16731e-06
4.52009e-06
9.05283e-06
1.7464e-05
3.26508e-05
5.90999e-05
0.00010419
0.000179483
0.000306285
0.000509298
0.000791513
0.00100851
0.00107957
0.00100718
0.000833295
0.000617201
0.000401802
0.000230988
0.000116474
5.17674e-05
2.0769e-05
7.93571e-06
3.05944e-06
1.19819e-06
3.10035e-07
0
0
2.14101e-26
2.77143e-26
1.13036e-26
2.00196e-25
2.40605e-26
6.35396e-27
8.93199e-26
2.78407e-25
3.68988e-26
0
0
0
3.65616e-27
1.92085e-27
0
1.39792e-25
4.56854e-25
6.22872e-26
0
6.66436e-26
0
4.88138e-25
0
8.6667e-25
7.20535e-25
1.21336e-24
8.2996e-25
0
1.15972e-26
9.16545e-26
4.21766e-25
7.96675e-24
1.65834e-24
6.32925e-25
0
0
0
9.10052e-24
5.12021e-24
6.78554e-25
2.0145e-24
1.04818e-23
5.50009e-23
3.04434e-22
1.72315e-21
9.41324e-21
5.00016e-20
2.53501e-19
1.22997e-18
5.64656e-18
2.40255e-17
9.31622e-17
2.94858e-16
9.00456e-16
2.78867e-15
8.62433e-15
2.52302e-14
6.93652e-14
1.79593e-13
4.20737e-13
9.4177e-13
2.14323e-12
6.32873e-12
2.62668e-11
1.21802e-10
5.3188e-10
2.07976e-09
7.23049e-09
2.28135e-08
6.50916e-08
1.71848e-07
4.23211e-07
9.80704e-07
2.17948e-06
4.54125e-06
9.08682e-06
1.7518e-05
3.27158e-05
5.92054e-05
0.000104353
0.000179735
0.000306662
0.000509937
0.000791898
0.00100847
0.00107934
0.00100702
0.000833374
0.000617507
0.000402177
0.000231354
0.000116742
5.19219e-05
2.08413e-05
7.96458e-06
3.07022e-06
1.20212e-06
3.11011e-07
7.2362e-29
1.96641e-25
2.41083e-25
3.44588e-26
1.11792e-25
7.7248e-26
0
6.98854e-27
2.24389e-25
5.40866e-25
6.6057e-26
7.00124e-27
5.3383e-28
0
0
0
3.13212e-25
4.40045e-25
8.71946e-25
4.46486e-25
5.12585e-26
0
6.57525e-28
8.10015e-26
1.77065e-24
1.16554e-24
8.09354e-25
2.00267e-25
2.04343e-24
4.42561e-25
3.20736e-24
2.27242e-24
0
4.01366e-26
0
0
7.95772e-25
2.14316e-23
1.14566e-23
4.46366e-24
5.24353e-25
0
0
7.34307e-24
5.05878e-23
2.55622e-22
1.49486e-21
8.21893e-21
4.35632e-20
2.24927e-19
1.10468e-18
5.14527e-18
2.24341e-17
9.08721e-17
2.89711e-16
8.88573e-16
2.77526e-15
8.63845e-15
2.53956e-14
7.00492e-14
1.81644e-13
4.26181e-13
9.55782e-13
2.18405e-12
6.49969e-12
2.70542e-11
1.25412e-10
5.44161e-10
2.11981e-09
7.3408e-09
2.30913e-08
6.56773e-08
1.72927e-07
4.25101e-07
9.83623e-07
2.1816e-06
4.54142e-06
9.08035e-06
1.74957e-05
3.2644e-05
5.90697e-05
0.000104105
0.000179304
0.000305952
0.000508798
0.000790483
0.00100742
0.00107913
0.00100776
0.000834831
0.000619367
0.000403853
0.000232665
0.000117582
5.23647e-05
2.10353e-05
8.03915e-06
3.09727e-06
1.21181e-06
3.13391e-07
2.54253e-25
1.33577e-26
2.25617e-25
1.48305e-26
9.41028e-27
1.49982e-25
1.83787e-26
0
0
1.86346e-27
5.20715e-27
1.28588e-26
2.70743e-25
9.12134e-26
1.48999e-26
6.56916e-25
0
3.2081e-27
0
0
1.1534e-26
6.17214e-25
0
7.32247e-25
1.33327e-24
1.13199e-24
2.15944e-24
8.40773e-25
0
0
6.43761e-26
6.79183e-26
0
0
0
1.34849e-23
1.86024e-24
1.38998e-23
5.67986e-25
4.49563e-24
3.23517e-25
5.4773e-26
0
4.02868e-24
3.99661e-23
2.60337e-22
1.33701e-21
7.01976e-21
3.80347e-20
1.97413e-19
9.95533e-19
4.74039e-18
2.1114e-17
8.73189e-17
2.81928e-16
8.71063e-16
2.74128e-15
8.59376e-15
2.54138e-14
7.04151e-14
1.83203e-13
4.30831e-13
9.68205e-13
2.21618e-12
6.62426e-12
2.76501e-11
1.27843e-10
5.53264e-10
2.1468e-09
7.40798e-09
2.32301e-08
6.58695e-08
1.73003e-07
4.24403e-07
9.80385e-07
2.17082e-06
4.51537e-06
9.02252e-06
1.73764e-05
3.24004e-05
5.86286e-05
0.000103332
0.000177995
0.000303838
0.000505353
0.000786704
0.00100498
0.0010789
0.00100965
0.000838054
0.00062323
0.000407225
0.000235224
0.000119184
5.3195e-05
2.13984e-05
8.1769e-06
3.14669e-06
1.22934e-06
3.17677e-07
4.31186e-26
5.5824e-27
0
0
0
1.3761e-26
2.31889e-25
2.46761e-25
5.11176e-25
3.98103e-25
5.03373e-25
3.87533e-25
6.8731e-26
7.06825e-27
0
2.42367e-26
7.79365e-26
2.65489e-26
4.62563e-25
7.89045e-26
5.11105e-25
7.97626e-25
7.65557e-25
1.33161e-24
1.44355e-24
1.50319e-24
2.37961e-26
5.57721e-26
5.27935e-27
0
0
0
0
0
8.8479e-26
5.75776e-25
8.80091e-25
6.13848e-25
2.55529e-24
1.30225e-24
0
4.92865e-24
2.57304e-24
4.63096e-24
4.01991e-23
2.17575e-22
1.25839e-21
6.02381e-21
3.31884e-20
1.75652e-19
8.96786e-19
4.33772e-18
1.96614e-17
8.27331e-17
2.70426e-16
8.44362e-16
2.68466e-15
8.48751e-15
2.52734e-14
7.0396e-14
1.83864e-13
4.33292e-13
9.75012e-13
2.23681e-12
6.71513e-12
2.80604e-11
1.29514e-10
5.58939e-10
2.15867e-09
7.42192e-09
2.31909e-08
6.55922e-08
1.71889e-07
4.20849e-07
9.7059e-07
2.1457e-06
4.45899e-06
8.90432e-06
1.71423e-05
3.19525e-05
5.78224e-05
0.00010193
0.000175627
0.000300022
0.000499108
0.000780007
0.0010008
0.00107859
0.0010129
0.000843468
0.000629612
0.000412752
0.000239381
0.000121766
5.45213e-05
2.19724e-05
8.39441e-06
3.22451e-06
1.25687e-06
3.2439e-07
1.25896e-25
2.08722e-26
1.54455e-25
1.268e-25
2.65382e-26
2.93784e-25
4.02979e-26
5.87024e-26
1.02012e-26
0
6.07225e-27
4.3017e-27
0
1.52418e-26
4.23819e-25
5.22277e-26
0
0
1.07746e-26
2.3364e-25
0
0
0
2.57439e-25
1.14306e-24
1.29377e-25
9.44749e-26
2.19204e-24
1.22313e-24
1.50159e-25
2.64233e-25
3.23249e-24
0
8.67421e-26
4.88402e-24
2.7431e-23
1.18335e-22
1.09829e-23
9.29201e-25
0
2.73695e-25
7.0935e-24
3.43457e-24
9.97275e-24
3.27847e-23
1.76739e-22
1.15126e-21
5.79023e-21
2.84296e-20
1.48909e-19
7.70908e-19
3.8684e-18
1.79233e-17
7.67052e-17
2.53285e-16
8.08655e-16
2.62127e-15
8.35256e-15
2.50227e-14
7.00552e-14
1.83816e-13
4.34426e-13
9.79878e-13
2.25372e-12
6.78706e-12
2.83765e-11
1.30703e-10
5.61803e-10
2.16092e-09
7.39832e-09
2.30204e-08
6.4908e-08
1.69664e-07
4.14546e-07
9.5425e-07
2.10552e-06
4.37001e-06
8.72082e-06
1.67833e-05
3.12787e-05
5.661e-05
9.98229e-05
0.000172068
0.00029427
0.000489674
0.00076986
0.00099447
0.00107805
0.00101765
0.000851447
0.000639002
0.000420914
0.00024553
0.000125586
5.6476e-05
2.28212e-05
8.71644e-06
3.33944e-06
1.29735e-06
3.34224e-07
8.65212e-28
1.03337e-27
4.06316e-27
8.52901e-26
6.87127e-26
0
0
1.31676e-25
1.61497e-26
3.84647e-27
0
1.4319e-26
5.16461e-25
3.71336e-25
0
0
7.14815e-25
3.94505e-26
0
8.37542e-25
1.03694e-25
0
1.06958e-25
3.44327e-26
4.38021e-26
8.59429e-27
0
0
1.19229e-26
0
5.07869e-25
6.4653e-25
5.11985e-24
6.25132e-25
3.5486e-25
1.75152e-24
5.49117e-24
4.54888e-23
5.99566e-24
9.40524e-25
1.11478e-23
1.37141e-24
1.00373e-24
7.52565e-25
1.86632e-23
1.36355e-22
8.96068e-22
5.38325e-21
2.61732e-20
1.23851e-19
6.57201e-19
3.32476e-18
1.6037e-17
7.04808e-17
2.37604e-16
7.64603e-16
2.51993e-15
8.1495e-15
2.46619e-14
6.95239e-14
1.83428e-13
4.35107e-13
9.84262e-13
2.26989e-12
6.85166e-12
2.86479e-11
1.31514e-10
5.63227e-10
2.15403e-09
7.3383e-09
2.27143e-08
6.38143e-08
1.66201e-07
4.04727e-07
9.2939e-07
2.04692e-06
4.2482e-06
8.47293e-06
1.62999e-05
3.0381e-05
5.49941e-05
9.70117e-05
0.000167314
0.000286547
0.00047698
0.000755944
0.000985603
0.00107703
0.00102388
0.000862205
0.000651764
0.000432164
0.00025409
0.000130955
5.92493e-05
2.40375e-05
9.1758e-06
3.50287e-06
1.35432e-06
3.47961e-07
1.14604e-26
7.89291e-26
0
1.22635e-25
0
8.38329e-26
2.10242e-26
2.39529e-25
6.62841e-26
1.27934e-26
5.75351e-27
1.26763e-26
2.50907e-25
7.81237e-25
2.5149e-28
1.01639e-27
4.90916e-26
9.23178e-25
1.24975e-25
0
1.17448e-26
8.36069e-26
2.09006e-24
6.01299e-25
1.15911e-24
1.83589e-25
5.12665e-26
4.6099e-27
0
2.02758e-24
2.98534e-24
1.86984e-25
3.69757e-25
5.39726e-24
6.01963e-24
7.37771e-25
0
1.5767e-24
4.6625e-25
1.9761e-24
6.36432e-25
1.26856e-25
2.05464e-25
5.44064e-24
1.90926e-23
1.05248e-22
7.03289e-22
4.17419e-21
2.411e-20
1.16525e-19
5.45895e-19
2.79364e-18
1.34407e-17
5.82326e-17
2.25299e-16
7.22603e-16
2.40073e-15
7.86572e-15
2.41092e-14
6.86649e-14
1.82568e-13
4.35367e-13
9.89734e-13
2.29349e-12
6.96093e-12
2.91042e-11
1.33055e-10
5.67716e-10
2.15598e-09
7.30233e-09
2.24682e-08
6.28649e-08
1.6317e-07
3.96332e-07
9.08343e-07
1.976e-06
4.10298e-06
8.17768e-06
1.57233e-05
2.93059e-05
5.30506e-05
9.36219e-05
0.000161575
0.000277222
0.000461581
0.000738458
0.000974077
0.00107523
0.00103124
0.000875691
0.000667896
0.000446871
0.000265425
0.000138162
6.3051e-05
2.57052e-05
9.80714e-06
3.7242e-06
1.42508e-06
3.65067e-07
1.42488e-25
0
0
0
0
0
5.43754e-27
2.96228e-27
0
5.21161e-25
6.49453e-25
3.08897e-25
6.16123e-25
1.41109e-25
5.35297e-25
9.1752e-26
8.50879e-26
1.55108e-24
2.52871e-25
0
0
5.8156e-26
1.65221e-24
2.44877e-25
0
5.12853e-25
2.46939e-24
2.8284e-24
4.43905e-25
4.57266e-25
1.91696e-25
3.83091e-26
0
3.23515e-24
3.62875e-26
0
0
8.06981e-24
6.17907e-25
7.05519e-25
1.38421e-23
1.23733e-24
0
1.87635e-24
1.29026e-23
8.09532e-23
5.18858e-22
3.24151e-21
1.84831e-20
9.85441e-20
4.21347e-19
2.17287e-18
1.03808e-17
4.73251e-17
1.92062e-16
6.9082e-16
2.29642e-15
7.59917e-15
2.36048e-14
6.79533e-14
1.82179e-13
4.37093e-13
9.98467e-13
2.32499e-12
7.10747e-12
2.97995e-11
1.35727e-10
5.76102e-10
2.16954e-09
7.29025e-09
2.22458e-08
6.1882e-08
1.59715e-07
3.85979e-07
8.80612e-07
1.91021e-06
3.95612e-06
7.87231e-06
1.51197e-05
2.81686e-05
5.09727e-05
8.99468e-05
0.000155228
0.000266494
0.000444319
0.000718191
0.000960233
0.00107221
0.00103822
0.000892866
0.000687892
0.000464874
0.000279452
0.000147176
6.78464e-05
2.78075e-05
1.06064e-05
4.00584e-06
1.52085e-06
3.87903e-07
6.26431e-26
2.001e-25
7.56244e-26
8.46142e-25
9.38653e-25
3.83144e-25
7.72336e-25
1.36063e-25
1.0448e-25
1.50795e-24
1.92339e-25
9.05167e-26
7.69646e-25
4.56617e-25
0
0
1.50425e-26
1.9101e-25
1.80133e-24
2.17884e-25
5.91003e-25
9.82809e-26
0
0
4.12843e-25
0
8.36065e-26
1.0993e-25
2.06943e-25
2.03955e-24
2.87033e-24
7.88879e-26
2.06578e-25
6.37621e-24
8.49154e-25
1.51996e-25
8.02888e-26
2.82661e-25
0
9.01835e-24
1.07004e-24
2.42738e-24
3.48994e-25
0
1.06695e-23
5.43912e-23
3.52179e-22
2.2029e-21
1.27961e-20
7.03794e-20
3.8348e-19
1.68682e-18
8.35329e-18
3.86271e-17
1.62498e-16
6.39814e-16
2.17139e-15
7.28407e-15
2.29748e-14
6.6954e-14
1.81461e-13
4.38983e-13
1.01176e-12
2.38618e-12
7.39484e-12
3.12046e-11
1.41866e-10
5.94541e-10
2.21218e-09
7.35921e-09
2.22288e-08
6.13806e-08
1.57357e-07
3.7806e-07
8.58378e-07
1.85376e-06
3.83377e-06
7.61675e-06
1.46145e-05
2.72172e-05
4.92701e-05
8.70363e-05
0.000150475
0.000255587
0.000427747
0.000697753
0.000945774
0.00106878
0.00104574
0.000908937
0.000708047
0.000484347
0.000294626
0.000157095
7.33141e-05
3.02599e-05
1.15329e-05
4.32204e-06
1.62767e-06
4.13157e-07
3.74767e-26
7.36611e-25
2.42516e-25
1.15987e-24
3.05356e-25
2.55281e-25
7.86579e-26
1.51882e-27
2.30806e-25
8.48458e-26
2.85127e-27
6.72533e-26
2.02659e-25
6.08239e-26
6.19602e-26
5.43515e-25
5.17009e-25
0
9.61792e-26
6.55662e-25
2.14865e-25
1.38744e-24
2.80643e-25
2.66425e-25
3.84681e-24
5.18158e-25
1.55623e-24
2.62974e-25
0
0
0
4.01388e-24
2.00503e-25
5.15123e-26
9.00304e-24
2.33461e-24
2.83735e-23
1.82698e-24
0
3.04347e-25
4.30146e-24
4.42007e-24
3.5673e-25
1.17078e-25
2.38531e-24
2.88612e-23
2.08182e-22
1.34937e-21
8.31272e-21
4.93251e-20
2.73004e-19
1.4692e-18
6.3203e-18
2.96663e-17
1.34112e-16
5.40736e-16
1.94301e-15
6.78983e-15
2.20635e-14
6.60013e-14
1.81355e-13
4.42904e-13
1.02987e-12
2.4592e-12
7.76807e-12
3.31186e-11
1.50202e-10
6.21555e-10
2.28633e-09
7.5248e-09
2.24391e-08
6.14915e-08
1.56625e-07
3.74388e-07
8.46645e-07
1.82296e-06
3.75913e-06
7.45507e-06
1.42867e-05
2.65822e-05
4.80941e-05
8.49242e-05
0.000146765
0.000249151
0.000417288
0.000683818
0.000935314
0.00106584
0.00105095
0.000920224
0.00072257
0.00049888
0.000306478
0.000164929
7.75884e-05
3.23099e-05
1.23575e-05
4.61046e-06
1.72371e-06
4.35797e-07
)
;

boundaryField
{
    fuel
    {
        type            fixedValue;
        value           uniform 0;
    }
    air
    {
        type            fixedValue;
        value           uniform 0;
    }
    outlet
    {
        type            inletOutlet;
        inletValue      uniform 0;
        value           nonuniform List<scalar> 
200
(
0
0
0
0
0
0
0
0
0
0
9.6128e-26
1.39583e-25
6.07856e-25
1.32961e-25
3.79215e-26
2.91572e-25
7.73361e-25
1.54665e-25
8.04702e-26
6.59477e-25
1.2036e-24
1.6248e-25
9.1823e-26
0
1.16481e-24
0
0
7.61744e-26
1.53277e-24
2.51226e-25
2.45968e-25
2.31055e-25
0
9.12196e-24
0
0
0
0
3.44252e-25
7.90777e-24
1.01095e-24
4.64305e-25
8.17745e-24
1.43139e-24
7.77346e-24
2.66434e-23
2.03457e-22
1.30148e-21
8.11518e-21
4.76222e-20
2.62042e-19
1.39311e-18
6.03994e-18
2.86741e-17
1.2789e-16
5.19652e-16
1.87335e-15
6.5733e-15
2.13923e-14
6.41593e-14
1.76972e-13
4.34155e-13
1.014e-12
2.42306e-12
7.61186e-12
3.23409e-11
1.46785e-10
6.08218e-10
2.24029e-09
7.38245e-09
2.20623e-08
6.05168e-08
1.54286e-07
3.69091e-07
8.35458e-07
1.79999e-06
3.71352e-06
7.36765e-06
1.41238e-05
2.63021e-05
4.7597e-05
8.40586e-05
0.000145275
0.000246741
0.0004135
0.000678799
0.000931816
0.0010651
0.00105268
0.000923549
0.000726512
0.0005025
0.000309296
0.00016668
7.85034e-05
3.27123e-05
1.25097e-05
4.66312e-06
1.74145e-06
4.39958e-07
0
0
0
0
0
0
0
0
0
0
2.85127e-27
6.72533e-26
2.02659e-25
6.08239e-26
6.19602e-26
5.43515e-25
5.17009e-25
0
9.61792e-26
6.55662e-25
2.14865e-25
1.38744e-24
2.80643e-25
2.66425e-25
3.84681e-24
5.18158e-25
1.55623e-24
2.62974e-25
0
0
0
4.01388e-24
2.00503e-25
5.15123e-26
9.00304e-24
2.33461e-24
2.83735e-23
1.82698e-24
0
3.04347e-25
4.30146e-24
4.42007e-24
3.5673e-25
1.17078e-25
2.38531e-24
2.88612e-23
2.08182e-22
1.34937e-21
8.31272e-21
4.93251e-20
2.73004e-19
1.4692e-18
6.3203e-18
2.96663e-17
1.34112e-16
5.40736e-16
1.94301e-15
6.78983e-15
2.20635e-14
6.60013e-14
1.81355e-13
4.42904e-13
1.02987e-12
2.4592e-12
7.76807e-12
3.31186e-11
1.50202e-10
6.21555e-10
2.28633e-09
7.5248e-09
2.24391e-08
6.14915e-08
1.56625e-07
3.74388e-07
8.46645e-07
1.82296e-06
3.75913e-06
7.45507e-06
1.42867e-05
2.65822e-05
4.80941e-05
8.49242e-05
0.000146765
0.000249151
0.000417288
0.000683818
0.000935314
0.00106584
0.00105095
0.000920224
0.00072257
0.00049888
0.000306478
0.000164929
7.75884e-05
3.23099e-05
1.23575e-05
4.61046e-06
1.72371e-06
4.35797e-07
)
;
    }
    frontAndBack
    {
        type            empty;
    }
    internal
    {
        type            internal;
    }
}


// ************************************************************************* //
