/*--------------------------------*- C++ -*----------------------------------*\
  =========                 |
  \\      /  F ield         | OpenFOAM: The Open Source CFD Toolbox
   \\    /   O peration     | Website:  https://openfoam.org
    \\  /    A nd           | Version:  10
     \\/     M anipulation  |
\*---------------------------------------------------------------------------*/
FoamFile
{
    format      ascii;
    class       volScalarField;
    location    "1";
    object      pC4H9;
}
// * * * * * * * * * * * * * * * * * * * * * * * * * * * * * * * * * * * * * //

dimensions      [0 0 0 0 0 0 0];

internalField   nonuniform List<scalar> 
4000
(
1.64599e-22
2.70988e-22
3.45785e-22
4.54886e-22
6.11717e-22
7.47215e-22
9.11756e-22
1.10953e-21
1.38244e-21
1.79617e-21
2.4376e-21
3.0692e-21
3.74162e-21
4.39813e-21
5.1572e-21
5.99778e-21
6.78297e-21
7.61621e-21
8.66768e-21
9.88147e-21
1.1143e-20
1.27253e-20
1.49506e-20
1.76604e-20
2.2816e-20
3.31367e-20
5.93857e-20
1.32333e-19
3.38903e-19
9.39124e-19
2.69869e-18
7.84211e-18
2.26624e-17
6.50912e-17
1.85751e-16
5.11252e-16
1.42324e-15
3.99993e-15
1.09259e-14
2.93908e-14
7.58949e-14
1.90654e-13
4.63716e-13
1.08813e-12
2.45232e-12
5.60376e-12
1.26044e-11
2.68236e-11
5.27062e-11
9.34982e-11
1.47677e-10
2.07685e-10
2.55046e-10
2.87564e-10
2.99322e-10
3.14145e-10
3.97052e-10
7.44461e-10
2.09416e-09
7.64271e-09
3.10776e-08
1.16831e-07
3.73871e-07
8.62925e-07
1.61063e-06
2.7379e-06
4.32396e-06
6.25607e-06
8.25602e-06
1.02053e-05
1.26223e-05
1.60663e-05
1.89121e-05
1.78282e-05
1.18917e-05
5.54782e-06
2.63214e-06
1.3149e-06
6.71856e-07
3.41298e-07
1.75546e-07
9.21974e-08
4.936e-08
2.68144e-08
1.46837e-08
8.03831e-09
4.36359e-09
2.33132e-09
1.21738e-09
6.17712e-10
3.04159e-10
1.43026e-10
7.09634e-11
3.74978e-11
1.78834e-11
7.48132e-12
2.65017e-12
7.54928e-13
1.81235e-13
2.72201e-14
9.53028e-23
5.53544e-22
8.23692e-22
1.4381e-21
1.96115e-21
2.24934e-21
2.59265e-21
2.90253e-21
3.41967e-21
4.04914e-21
4.62709e-21
5.32629e-21
6.04735e-21
6.64386e-21
7.36066e-21
8.17752e-21
8.91027e-21
9.78992e-21
1.07883e-20
1.20128e-20
1.33205e-20
1.48205e-20
1.71753e-20
2.01731e-20
2.60378e-20
3.78375e-20
6.84598e-20
1.56599e-19
4.13764e-19
1.1708e-18
3.39773e-18
1.03859e-17
3.03122e-17
8.67466e-17
2.46249e-16
6.87838e-16
1.94012e-15
5.29194e-15
1.43369e-14
3.77307e-14
9.73681e-14
2.41458e-13
5.85802e-13
1.36603e-12
3.171e-12
7.32706e-12
1.61805e-11
3.34255e-11
6.3618e-11
1.09589e-10
1.62968e-10
2.16231e-10
2.64707e-10
2.92181e-10
2.99671e-10
3.13188e-10
3.99104e-10
7.54811e-10
2.1177e-09
7.65221e-09
3.08106e-08
1.14733e-07
3.64568e-07
8.40382e-07
1.56419e-06
2.65945e-06
4.21071e-06
6.13761e-06
8.14567e-06
1.0105e-05
1.24911e-05
1.59215e-05
1.88893e-05
1.80233e-05
1.21647e-05
5.68714e-06
2.6914e-06
1.34112e-06
6.83848e-07
3.46758e-07
1.78035e-07
9.33875e-08
4.99441e-08
2.70881e-08
1.48025e-08
8.0843e-09
4.37697e-09
2.33151e-09
1.21323e-09
6.13182e-10
3.00696e-10
1.41117e-10
7.02567e-11
3.70207e-11
1.74088e-11
7.21529e-12
2.52389e-12
7.10161e-13
1.69763e-13
2.54163e-14
6.1186e-22
1.05986e-21
1.76421e-21
2.49279e-21
3.75136e-21
4.11017e-21
4.53122e-21
5.1057e-21
5.86775e-21
6.23166e-21
6.86355e-21
7.38382e-21
7.93985e-21
8.47433e-21
8.9408e-21
9.59519e-21
1.01032e-20
1.08598e-20
1.2094e-20
1.34419e-20
1.50821e-20
1.70048e-20
1.96344e-20
2.3445e-20
2.99871e-20
4.52162e-20
8.30318e-20
1.95729e-19
5.26618e-19
1.51123e-18
4.54752e-18
1.33424e-17
3.83643e-17
1.11225e-16
3.19446e-16
8.94551e-16
2.45434e-15
6.66093e-15
1.78366e-14
4.63219e-14
1.18081e-13
2.82307e-13
7.06868e-13
1.61722e-12
3.8351e-12
8.63077e-12
1.89446e-11
3.84791e-11
7.04246e-11
1.17974e-10
1.72317e-10
2.25575e-10
2.71413e-10
2.95538e-10
2.99185e-10
3.12691e-10
4.00861e-10
7.62346e-10
2.13767e-09
7.68324e-09
3.06786e-08
1.13314e-07
3.57161e-07
8.19065e-07
1.52253e-06
2.58887e-06
4.10565e-06
6.00885e-06
8.0398e-06
1.00169e-05
1.23833e-05
1.57862e-05
1.8867e-05
1.82207e-05
1.24658e-05
5.84449e-06
2.7583e-06
1.3708e-06
6.97428e-07
3.53031e-07
1.81112e-07
9.48958e-08
5.06774e-08
2.74081e-08
1.49374e-08
8.13431e-09
4.38977e-09
2.32973e-09
1.20726e-09
6.06531e-10
2.95757e-10
1.38589e-10
6.94018e-11
3.64178e-11
1.68645e-11
6.91973e-12
2.39285e-12
6.64734e-13
1.57994e-13
2.35843e-14
3.58186e-22
8.0501e-22
1.53361e-21
2.10325e-21
2.71262e-21
3.32878e-21
3.57864e-21
3.96955e-21
4.85947e-21
5.68848e-21
6.46175e-21
7.00273e-21
7.621e-21
8.43774e-21
9.31663e-21
1.03507e-20
1.14941e-20
1.26178e-20
1.38555e-20
1.50413e-20
1.68007e-20
1.98466e-20
2.29939e-20
2.62598e-20
3.40931e-20
5.30836e-20
1.03056e-19
2.4865e-19
6.67633e-19
1.99986e-18
5.83548e-18
1.71015e-17
4.94929e-17
1.42502e-16
4.05686e-16
1.12834e-15
3.07352e-15
8.32511e-15
2.17835e-14
5.74122e-14
1.44855e-13
3.51987e-13
8.54248e-13
1.94977e-12
4.42875e-12
1.00886e-11
2.17329e-11
4.2878e-11
7.87047e-11
1.24626e-10
1.78043e-10
2.35966e-10
2.79876e-10
2.98503e-10
2.9903e-10
3.11627e-10
4.01561e-10
7.67582e-10
2.14931e-09
7.68005e-09
3.04587e-08
1.11737e-07
3.50434e-07
8.03207e-07
1.49008e-06
2.53097e-06
4.01639e-06
5.90822e-06
7.94739e-06
9.93681e-06
1.22794e-05
1.56555e-05
1.88401e-05
1.8387e-05
1.27638e-05
5.93783e-06
2.80438e-06
1.39399e-06
7.09108e-07
3.58793e-07
1.83991e-07
9.64081e-08
5.16011e-08
2.75041e-08
1.49923e-08
8.15726e-09
4.3949e-09
2.32792e-09
1.20566e-09
5.96217e-10
2.89824e-10
1.36077e-10
6.86105e-11
3.58321e-11
1.63558e-11
6.65328e-12
2.27537e-12
6.24799e-13
1.47695e-13
2.19822e-14
2.20566e-22
5.68405e-22
8.84779e-22
1.39785e-21
1.96863e-21
2.43083e-21
3.13314e-21
3.6251e-21
4.33512e-21
5.17768e-21
5.94791e-21
6.72808e-21
7.52468e-21
8.40522e-21
9.67003e-21
1.11443e-20
1.24873e-20
1.34853e-20
1.50011e-20
1.64433e-20
1.83118e-20
2.13837e-20
2.4175e-20
2.85337e-20
3.77688e-20
6.08882e-20
1.26409e-19
3.18635e-19
8.84989e-19
2.56129e-18
7.48315e-18
2.22917e-17
6.3954e-17
1.82721e-16
5.12288e-16
1.41375e-15
3.82043e-15
1.00455e-14
2.67695e-14
6.88482e-14
1.71899e-13
4.17177e-13
9.77335e-13
2.27633e-12
5.1182e-12
1.15129e-11
2.41498e-11
4.79821e-11
8.28359e-11
1.2848e-10
1.87551e-10
2.44041e-10
2.8482e-10
2.99562e-10
2.98729e-10
3.11139e-10
4.0298e-10
7.73685e-10
2.16458e-09
7.70507e-09
3.03784e-08
1.10826e-07
3.45789e-07
7.90581e-07
1.4632e-06
2.48094e-06
3.94911e-06
5.83344e-06
7.88251e-06
9.88083e-06
1.22105e-05
1.55721e-05
1.88284e-05
1.8533e-05
1.29949e-05
6.05826e-06
2.85598e-06
1.41784e-06
7.20229e-07
3.6395e-07
1.86515e-07
9.76872e-08
5.22535e-08
2.7831e-08
1.5142e-08
8.22131e-09
4.41857e-09
2.33373e-09
1.20443e-09
5.93629e-10
2.87382e-10
1.35059e-10
6.84167e-11
3.55269e-11
1.60408e-11
6.46889e-12
2.19138e-12
5.96169e-13
1.40221e-13
2.0818e-14
1.09727e-22
3.53625e-22
7.23998e-22
1.24021e-21
1.70382e-21
2.19881e-21
2.80605e-21
3.33805e-21
3.69048e-21
4.29552e-21
5.09173e-21
6.13502e-21
7.06345e-21
7.89522e-21
9.1138e-21
1.07446e-20
1.21146e-20
1.38771e-20
1.57067e-20
1.82694e-20
2.18134e-20
2.4338e-20
2.78008e-20
3.23236e-20
4.33761e-20
7.27309e-20
1.57978e-19
4.05987e-19
1.15286e-18
3.30552e-18
9.48581e-18
2.84556e-17
8.04784e-17
2.26011e-16
6.19955e-16
1.71752e-15
4.55858e-15
1.17707e-14
3.17434e-14
8.33448e-14
2.03111e-13
4.82272e-13
1.13058e-12
2.59167e-12
5.86829e-12
1.27913e-11
2.72505e-11
5.04771e-11
8.58415e-11
1.36243e-10
1.96438e-10
2.53561e-10
2.91271e-10
3.02113e-10
2.98652e-10
3.10579e-10
4.03583e-10
7.77352e-10
2.17086e-09
7.69532e-09
3.01917e-08
1.09692e-07
3.41181e-07
7.79669e-07
1.44278e-06
2.44781e-06
3.89644e-06
5.76609e-06
7.82235e-06
9.83595e-06
1.21582e-05
1.55023e-05
1.88115e-05
1.86286e-05
1.31528e-05
6.14954e-06
2.89685e-06
1.43674e-06
7.29252e-07
3.68352e-07
1.88709e-07
9.88157e-08
5.28285e-08
2.81468e-08
1.52996e-08
8.29586e-09
4.45082e-09
2.34552e-09
1.20709e-09
5.93812e-10
2.86592e-10
1.34933e-10
6.85954e-11
3.54391e-11
1.5885e-11
6.36116e-12
2.13893e-12
5.77877e-13
1.354e-13
2.00619e-14
7.70045e-23
3.04983e-22
5.69631e-22
9.0838e-22
1.21439e-21
1.59622e-21
2.09418e-21
2.66187e-21
3.58639e-21
4.40874e-21
5.35114e-21
6.28712e-21
7.23021e-21
8.38827e-21
9.43876e-21
1.07414e-20
1.20975e-20
1.34347e-20
1.48158e-20
1.67264e-20
1.95333e-20
2.26127e-20
2.56687e-20
3.2141e-20
4.75241e-20
8.6017e-20
1.93556e-19
4.97716e-19
1.44714e-18
4.18133e-18
1.20191e-17
3.43605e-17
9.7824e-17
2.7413e-16
7.49308e-16
2.05103e-15
5.54247e-15
1.41729e-14
3.79665e-14
9.58984e-14
2.34023e-13
5.57864e-13
1.28706e-12
2.92519e-12
6.47988e-12
1.422e-11
2.91154e-11
5.17887e-11
9.068e-11
1.43661e-10
2.04087e-10
2.5992e-10
2.95268e-10
3.03387e-10
2.98272e-10
3.09851e-10
4.03632e-10
7.78601e-10
2.17039e-09
7.66369e-09
2.99358e-08
1.08396e-07
3.36487e-07
7.6941e-07
1.4238e-06
2.4176e-06
3.85306e-06
5.71085e-06
7.7729e-06
9.7952e-06
1.21093e-05
1.54376e-05
1.87933e-05
1.87179e-05
1.33082e-05
6.23881e-06
2.93761e-06
1.45585e-06
7.38577e-07
3.72868e-07
1.90978e-07
9.9983e-08
5.34324e-08
2.84779e-08
1.547e-08
8.3807e-09
4.49087e-09
2.36287e-09
1.21351e-09
5.9624e-10
2.87134e-10
1.35428e-10
6.90166e-11
3.551e-11
1.58358e-11
6.30869e-12
2.10985e-12
5.67243e-13
1.32537e-13
1.96094e-14
2.05922e-22
4.41447e-22
8.29031e-22
1.3957e-21
1.85996e-21
2.42008e-21
2.86573e-21
3.43307e-21
4.0935e-21
4.82035e-21
5.58306e-21
6.70062e-21
7.86627e-21
9.07957e-21
1.01039e-20
1.14086e-20
1.30393e-20
1.44556e-20
1.60356e-20
1.82099e-20
2.01644e-20
2.25567e-20
2.61649e-20
3.36499e-20
5.20228e-20
1.0022e-19
2.37902e-19
6.3135e-19
1.75637e-18
5.00571e-18
1.45385e-17
4.19978e-17
1.18165e-16
3.2735e-16
8.83945e-16
2.39045e-15
6.40204e-15
1.62119e-14
4.27071e-14
1.09181e-13
2.64853e-13
6.22069e-13
1.44883e-12
3.2505e-12
7.19892e-12
1.55427e-11
3.0117e-11
5.51482e-11
9.57582e-11
1.50093e-10
2.12122e-10
2.6683e-10
2.99618e-10
3.04887e-10
2.98041e-10
3.09125e-10
4.02913e-10
7.76834e-10
2.15873e-09
7.58996e-09
2.95325e-08
1.06708e-07
3.31003e-07
7.58763e-07
1.40384e-06
2.38206e-06
3.80731e-06
5.65548e-06
7.72309e-06
9.75205e-06
1.20565e-05
1.53675e-05
1.87669e-05
1.88064e-05
1.34754e-05
6.33921e-06
2.98203e-06
1.4767e-06
7.4889e-07
3.77848e-07
1.93485e-07
1.01274e-07
5.41064e-08
2.88421e-08
1.5661e-08
8.47894e-09
4.53974e-09
2.386e-09
1.22366e-09
6.00735e-10
2.88865e-10
1.36419e-10
6.96281e-11
3.57131e-11
1.58697e-11
6.29963e-12
2.09904e-12
5.62466e-13
1.31165e-13
1.93867e-14
1.87778e-22
5.71763e-22
1.02914e-21
1.62437e-21
2.00168e-21
2.53454e-21
3.09659e-21
3.84638e-21
4.62436e-21
5.57831e-21
5.94451e-21
6.74103e-21
7.96076e-21
9.0514e-21
1.04403e-20
1.16893e-20
1.32078e-20
1.50012e-20
1.66329e-20
1.79623e-20
1.98965e-20
2.29793e-20
2.70188e-20
3.60061e-20
5.7789e-20
1.17393e-19
2.85257e-19
7.71485e-19
2.16872e-18
6.12604e-18
1.74194e-17
4.96338e-17
1.38604e-16
3.82408e-16
1.03894e-15
2.76998e-15
7.30656e-15
1.8337e-14
4.79832e-14
1.20954e-13
2.94105e-13
6.94148e-13
1.59776e-12
3.60226e-12
7.63073e-12
1.54506e-11
3.14434e-11
5.88821e-11
1.00891e-10
1.57298e-10
2.19076e-10
2.72295e-10
3.02818e-10
3.05839e-10
2.97646e-10
3.08242e-10
4.01356e-10
7.71773e-10
2.13426e-09
7.46559e-09
2.89095e-08
1.04117e-07
3.23435e-07
7.43396e-07
1.37864e-06
2.34604e-06
3.75059e-06
5.59238e-06
7.65864e-06
9.69588e-06
1.19829e-05
1.52701e-05
1.87241e-05
1.88948e-05
1.36563e-05
6.45201e-06
3.03184e-06
1.50004e-06
7.60648e-07
3.8353e-07
1.96345e-07
1.02746e-07
5.48765e-08
2.92506e-08
1.58771e-08
8.59212e-09
4.59775e-09
2.41476e-09
1.23728e-09
6.07064e-10
2.91618e-10
1.37821e-10
7.03969e-11
3.60304e-11
1.59786e-11
6.32778e-12
2.10329e-12
5.62389e-13
1.30977e-13
1.93458e-14
1.83485e-22
5.77131e-22
1.01413e-21
1.4505e-21
1.83308e-21
2.32167e-21
2.98385e-21
3.70115e-21
4.53589e-21
5.37982e-21
6.24553e-21
7.46646e-21
8.48289e-21
9.57986e-21
1.11589e-20
1.27668e-20
1.42652e-20
1.57174e-20
1.7888e-20
1.98972e-20
2.13958e-20
2.37274e-20
2.85772e-20
3.86528e-20
6.46807e-20
1.33834e-19
3.32479e-19
9.03724e-19
2.57675e-18
7.35619e-18
2.08239e-17
5.81246e-17
1.60304e-16
4.37744e-16
1.17392e-15
3.09824e-15
8.04573e-15
2.0273e-14
5.36225e-14
1.32904e-13
3.17233e-13
7.45688e-13
1.70746e-12
3.72776e-12
7.80337e-12
1.67207e-11
3.34757e-11
6.21044e-11
1.06056e-10
1.63104e-10
2.24639e-10
2.76625e-10
3.05256e-10
3.0648e-10
2.97248e-10
3.07231e-10
3.99237e-10
7.64889e-10
2.10487e-09
7.32912e-09
2.82786e-08
1.01604e-07
3.15269e-07
7.28402e-07
1.35296e-06
2.30454e-06
3.69479e-06
5.52805e-06
7.59357e-06
9.62949e-06
1.18907e-05
1.51721e-05
1.86755e-05
1.89839e-05
1.38683e-05
6.59269e-06
3.09437e-06
1.5291e-06
7.74878e-07
3.90247e-07
1.99666e-07
1.0443e-07
5.57517e-08
2.9705e-08
1.61165e-08
8.71873e-09
4.66373e-09
2.44833e-09
1.25381e-09
6.14898e-10
2.95199e-10
1.39546e-10
7.12889e-11
3.64363e-11
1.61384e-11
6.38267e-12
2.11865e-12
5.65784e-13
1.31665e-13
1.94397e-14
1.9432e-22
6.20093e-22
1.17144e-21
1.48756e-21
1.85476e-21
2.30373e-21
2.69872e-21
3.19706e-21
3.81617e-21
4.55241e-21
5.67089e-21
6.8812e-21
7.93096e-21
9.20982e-21
1.00323e-20
1.11402e-20
1.22192e-20
1.34187e-20
1.5415e-20
1.80754e-20
2.05118e-20
2.33239e-20
2.85362e-20
4.06401e-20
7.04754e-20
1.52142e-19
3.79116e-19
1.03107e-18
2.93348e-18
8.36485e-18
2.36287e-17
6.58342e-17
1.80406e-16
4.93442e-16
1.31161e-15
3.44349e-15
8.90343e-15
2.241e-14
5.86185e-14
1.43523e-13
3.40488e-13
7.88589e-13
1.76782e-12
3.82999e-12
8.4178e-12
1.78064e-11
3.54335e-11
6.55279e-11
1.10542e-10
1.68304e-10
2.29744e-10
2.80502e-10
3.07135e-10
3.07104e-10
2.96842e-10
3.06132e-10
3.96464e-10
7.55134e-10
2.06323e-09
7.12825e-09
2.73957e-08
9.84573e-08
3.07505e-07
7.13904e-07
1.32882e-06
2.26656e-06
3.64059e-06
5.46046e-06
7.53169e-06
9.57436e-06
1.18203e-05
1.50745e-05
1.8618e-05
1.90721e-05
1.40762e-05
6.73028e-06
3.15523e-06
1.5571e-06
7.88992e-07
3.97026e-07
2.03058e-07
1.06165e-07
5.66618e-08
3.01778e-08
1.63711e-08
8.85354e-09
4.73449e-09
2.48486e-09
1.27231e-09
6.23778e-10
2.99371e-10
1.41495e-10
7.22643e-11
3.69073e-11
1.63369e-11
6.45763e-12
2.14226e-12
5.71738e-13
1.32999e-13
1.96325e-14
1.48482e-22
4.7543e-22
1.0754e-21
1.44889e-21
1.74982e-21
2.28948e-21
3.06318e-21
3.9027e-21
4.45288e-21
5.11871e-21
5.96121e-21
6.9518e-21
7.73126e-21
8.64764e-21
9.63e-21
1.08251e-20
1.2214e-20
1.37419e-20
1.4825e-20
1.66853e-20
1.90378e-20
2.29305e-20
2.9743e-20
4.33706e-20
7.79514e-20
1.69381e-19
4.23463e-19
1.14158e-18
3.26377e-18
9.21239e-18
2.5405e-17
7.26781e-17
2.00054e-16
5.36963e-16
1.46489e-15
3.80049e-15
9.67461e-15
2.42795e-14
6.19481e-14
1.54475e-13
3.62977e-13
8.3452e-13
1.86243e-12
4.08137e-12
8.93414e-12
1.87817e-11
3.71585e-11
6.82436e-11
1.14245e-10
1.72518e-10
2.33631e-10
2.83179e-10
3.0837e-10
3.07773e-10
2.96409e-10
3.04881e-10
3.93361e-10
7.45362e-10
2.02313e-09
6.96528e-09
2.66485e-08
9.56312e-08
2.98809e-07
6.99251e-07
1.30531e-06
2.2303e-06
3.5898e-06
5.396e-06
7.46903e-06
9.52277e-06
1.17419e-05
1.49646e-05
1.85507e-05
1.91479e-05
1.42779e-05
6.87626e-06
3.21868e-06
1.58689e-06
8.03934e-07
4.04193e-07
2.06602e-07
1.07963e-07
5.76029e-08
3.06651e-08
1.66342e-08
8.99649e-09
4.81121e-09
2.52516e-09
1.29275e-09
6.33549e-10
3.04007e-10
1.4364e-10
7.33214e-11
3.74319e-11
1.65646e-11
6.5467e-12
2.17151e-12
5.79428e-13
1.34769e-13
1.98925e-14
8.90833e-23
2.89817e-22
7.93453e-22
1.19429e-21
1.70561e-21
2.33848e-21
3.359e-21
4.16142e-21
4.61066e-21
5.5127e-21
6.47156e-21
7.26438e-21
8.24598e-21
9.19571e-21
1.02924e-20
1.16909e-20
1.2372e-20
1.33753e-20
1.50566e-20
1.71149e-20
2.02565e-20
2.36441e-20
3.01855e-20
4.44006e-20
8.14101e-20
1.80478e-19
4.58082e-19
1.24646e-18
3.51273e-18
1.01909e-17
2.83107e-17
7.96938e-17
2.1789e-16
5.93246e-16
1.56947e-15
4.06471e-15
1.0292e-14
2.5721e-14
6.54233e-14
1.63796e-13
3.85876e-13
8.89136e-13
1.96538e-12
4.37306e-12
9.37898e-12
1.96536e-11
3.87796e-11
7.06501e-11
1.17395e-10
1.76074e-10
2.36991e-10
2.85793e-10
3.10063e-10
3.08656e-10
2.96057e-10
3.03805e-10
3.90228e-10
7.34202e-10
1.98104e-09
6.78756e-09
2.59451e-08
9.29561e-08
2.90997e-07
6.84911e-07
1.28194e-06
2.19407e-06
3.53924e-06
5.33182e-06
7.40494e-06
9.46479e-06
1.16708e-05
1.48652e-05
1.84841e-05
1.92187e-05
1.44885e-05
7.03296e-06
3.28784e-06
1.61838e-06
8.19477e-07
4.11604e-07
2.10332e-07
1.09877e-07
5.86079e-08
3.1175e-08
1.69075e-08
9.14347e-09
4.8898e-09
2.56663e-09
1.31431e-09
6.44013e-10
3.09048e-10
1.45892e-10
7.43963e-11
3.7974e-11
1.68048e-11
6.64495e-12
2.20506e-12
5.88514e-13
1.36897e-13
2.02073e-14
1.11453e-22
5.66205e-22
8.10939e-22
1.24414e-21
1.67847e-21
2.14599e-21
2.96052e-21
3.66455e-21
4.33732e-21
5.29304e-21
6.09145e-21
7.09669e-21
8.21718e-21
9.53592e-21
1.11399e-20
1.25841e-20
1.35606e-20
1.39905e-20
1.56706e-20
1.72243e-20
2.09172e-20
2.43944e-20
3.01311e-20
4.38903e-20
8.19593e-20
1.88242e-19
4.96719e-19
1.36183e-18
3.83912e-18
1.08368e-17
3.0108e-17
8.55918e-17
2.30425e-16
6.2924e-16
1.65458e-15
4.28914e-15
1.089e-14
2.67277e-14
6.90403e-14
1.73074e-13
4.02769e-13
9.21582e-13
2.06402e-12
4.59971e-12
9.77987e-12
2.04522e-11
4.00468e-11
7.25102e-11
1.19833e-10
1.78847e-10
2.39636e-10
2.88222e-10
3.11701e-10
3.09619e-10
2.95863e-10
3.02876e-10
3.87443e-10
7.24588e-10
1.94253e-09
6.61192e-09
2.51739e-08
9.02268e-08
2.83849e-07
6.71722e-07
1.26078e-06
2.16108e-06
3.49206e-06
5.2766e-06
7.34542e-06
9.40921e-06
1.16033e-05
1.47656e-05
1.84144e-05
1.92774e-05
1.46768e-05
7.18713e-06
3.35527e-06
1.64921e-06
8.35051e-07
4.19128e-07
2.14059e-07
1.11768e-07
5.95969e-08
3.16811e-08
1.71779e-08
9.28865e-09
4.96733e-09
2.6075e-09
1.33549e-09
6.54249e-10
3.13977e-10
1.48121e-10
7.547e-11
3.85283e-11
1.70521e-11
6.74633e-12
2.23989e-12
5.98017e-13
1.39133e-13
2.0539e-14
2.21807e-22
6.07272e-22
9.94869e-22
1.52666e-21
1.94975e-21
2.19491e-21
2.56322e-21
3.04182e-21
3.84948e-21
5.0522e-21
6.26405e-21
7.53487e-21
8.83482e-21
9.95284e-21
1.08433e-20
1.20933e-20
1.351e-20
1.49267e-20
1.57655e-20
1.68556e-20
1.871e-20
2.22804e-20
2.94385e-20
4.42226e-20
8.52321e-20
1.98652e-19
5.22643e-19
1.43931e-18
4.04512e-18
1.15585e-17
3.24606e-17
9.01964e-17
2.42866e-16
6.604e-16
1.71496e-15
4.39587e-15
1.14237e-14
2.79301e-14
7.1612e-14
1.76713e-13
4.2584e-13
9.70284e-13
2.17571e-12
4.70897e-12
1.0108e-11
2.10351e-11
4.10138e-11
7.3956e-11
1.21761e-10
1.81143e-10
2.42066e-10
2.90167e-10
3.13022e-10
3.10389e-10
2.95705e-10
3.01979e-10
3.84517e-10
7.14853e-10
1.90377e-09
6.4563e-09
2.45006e-08
8.77496e-08
2.76825e-07
6.5977e-07
1.24158e-06
2.13126e-06
3.44987e-06
5.22485e-06
7.29806e-06
9.36118e-06
1.15434e-05
1.46764e-05
1.83487e-05
1.93289e-05
1.48495e-05
7.33312e-06
3.41898e-06
1.6786e-06
8.49647e-07
4.26125e-07
2.17523e-07
1.13523e-07
6.05118e-08
3.21457e-08
1.74268e-08
9.4225e-09
5.03898e-09
2.64538e-09
1.35517e-09
6.63766e-10
3.1856e-10
1.50166e-10
7.64417e-11
3.90326e-11
1.72827e-11
6.84171e-12
2.27295e-12
6.07115e-13
1.41284e-13
2.08591e-14
1.76223e-22
5.67299e-22
1.02681e-21
1.47885e-21
1.87209e-21
2.3832e-21
2.8976e-21
3.23424e-21
3.8263e-21
4.44833e-21
5.23703e-21
6.65982e-21
7.50074e-21
8.32689e-21
9.71263e-21
1.12465e-20
1.2772e-20
1.47068e-20
1.60894e-20
1.76978e-20
1.94798e-20
2.31892e-20
3.09058e-20
4.72131e-20
9.08275e-20
2.09775e-19
5.52189e-19
1.51493e-18
4.21462e-18
1.20628e-17
3.35354e-17
9.33304e-17
2.55208e-16
6.82705e-16
1.79597e-15
4.66207e-15
1.18548e-14
3.0058e-14
7.50318e-14
1.87386e-13
4.38455e-13
9.88991e-13
2.22358e-12
4.8127e-12
1.03644e-11
2.14925e-11
4.17631e-11
7.50611e-11
1.23199e-10
1.82745e-10
2.43698e-10
2.9159e-10
3.14117e-10
3.11038e-10
2.95609e-10
3.01245e-10
3.82042e-10
7.05831e-10
1.86989e-09
6.31468e-09
2.39272e-08
8.57136e-08
2.71176e-07
6.49982e-07
1.22555e-06
2.10627e-06
3.41468e-06
5.182e-06
7.25355e-06
9.31866e-06
1.14916e-05
1.45987e-05
1.82893e-05
1.93687e-05
1.49951e-05
7.46032e-06
3.47439e-06
1.70392e-06
8.62235e-07
4.32174e-07
2.20518e-07
1.15037e-07
6.13034e-08
3.25477e-08
1.76422e-08
9.53853e-09
5.1012e-09
2.67834e-09
1.37234e-09
6.72098e-10
3.22622e-10
1.51967e-10
7.72915e-11
3.9475e-11
1.74851e-11
6.92595e-12
2.30232e-12
6.15234e-13
1.43209e-13
2.11459e-14
1.12853e-22
5.5845e-22
9.93352e-22
1.17109e-21
1.51695e-21
2.05391e-21
2.81023e-21
3.79364e-21
4.37055e-21
4.90691e-21
5.56582e-21
6.48614e-21
7.41957e-21
8.48518e-21
1.00839e-20
1.14647e-20
1.23238e-20
1.38739e-20
1.56362e-20
1.82199e-20
2.09698e-20
2.50286e-20
3.33095e-20
5.00038e-20
9.57951e-20
2.22453e-19
5.76156e-19
1.57512e-18
4.41217e-18
1.25458e-17
3.49471e-17
9.78765e-17
2.65127e-16
7.07733e-16
1.86022e-15
4.84285e-15
1.23707e-14
3.09825e-14
7.68341e-14
1.89419e-13
4.45657e-13
1.0154e-12
2.23027e-12
4.87869e-12
1.05716e-11
2.18483e-11
4.23382e-11
7.59109e-11
1.24316e-10
1.84024e-10
2.44999e-10
2.927e-10
3.14918e-10
3.11524e-10
2.95563e-10
3.00711e-10
3.80102e-10
6.99325e-10
1.84508e-09
6.21156e-09
2.3495e-08
8.40762e-08
2.66456e-07
6.41319e-07
1.21212e-06
2.08554e-06
3.38501e-06
5.14425e-06
7.21352e-06
9.28279e-06
1.14492e-05
1.45383e-05
1.82426e-05
1.93976e-05
1.51085e-05
7.56222e-06
3.51877e-06
1.72417e-06
8.72292e-07
4.37013e-07
2.22913e-07
1.16244e-07
6.19322e-08
3.28667e-08
1.78134e-08
9.63085e-09
5.1508e-09
2.70468e-09
1.3861e-09
6.78777e-10
3.25872e-10
1.53406e-10
7.79685e-11
3.98269e-11
1.76439e-11
6.99273e-12
2.32581e-12
6.21761e-13
1.44761e-13
2.13776e-14
2.37593e-22
8.11786e-22
1.39577e-21
1.99601e-21
2.25021e-21
2.4332e-21
2.88832e-21
3.66831e-21
3.79825e-21
4.09415e-21
4.71923e-21
5.55561e-21
6.66403e-21
7.7652e-21
9.36944e-21
1.14557e-20
1.33031e-20
1.48713e-20
1.70433e-20
1.91126e-20
2.17796e-20
2.52709e-20
3.30558e-20
5.06701e-20
9.7421e-20
2.26481e-19
5.948e-19
1.63736e-18
4.64194e-18
1.29557e-17
3.59198e-17
9.85155e-17
2.7087e-16
7.21303e-16
1.9163e-15
4.99126e-15
1.26526e-14
3.12138e-14
7.7867e-14
1.91032e-13
4.48231e-13
1.01696e-12
2.25419e-12
4.93695e-12
1.07196e-11
2.21046e-11
4.27516e-11
7.65216e-11
1.25124e-10
1.84989e-10
2.45933e-10
2.93537e-10
3.15496e-10
3.11881e-10
2.95557e-10
3.00371e-10
3.78819e-10
6.9475e-10
1.82749e-09
6.1388e-09
2.31928e-08
8.29731e-08
2.63307e-07
6.35648e-07
1.20316e-06
2.07142e-06
3.36466e-06
5.11845e-06
7.18518e-06
9.25789e-06
1.14219e-05
1.44957e-05
1.82082e-05
1.9417e-05
1.51877e-05
7.63474e-06
3.55032e-06
1.73855e-06
8.79426e-07
4.40449e-07
2.24615e-07
1.17108e-07
6.23816e-08
3.30943e-08
1.79353e-08
9.69655e-09
5.18608e-09
2.7234e-09
1.39589e-09
6.83534e-10
3.28188e-10
1.54428e-10
7.84482e-11
4.00777e-11
1.77585e-11
7.0408e-12
2.34269e-12
6.26455e-13
1.45877e-13
2.15441e-14
1.2138e-22
3.73757e-22
7.19408e-22
1.21151e-21
1.54785e-21
1.92105e-21
2.45003e-21
3.31555e-21
3.72084e-21
4.26385e-21
4.85735e-21
5.67293e-21
6.64799e-21
7.7002e-21
8.92813e-21
1.0227e-20
1.1692e-20
1.3606e-20
1.61513e-20
1.89785e-20
2.18013e-20
2.51203e-20
3.24103e-20
5.09877e-20
9.90167e-20
2.31415e-19
6.05627e-19
1.68248e-18
4.71125e-18
1.32017e-17
3.66972e-17
1.02453e-16
2.7554e-16
7.33437e-16
1.94717e-15
5.00323e-15
1.2799e-14
3.16523e-14
8.08036e-14
1.96297e-13
4.53834e-13
1.03196e-12
2.25655e-12
5.01309e-12
1.0799e-11
2.22587e-11
4.30211e-11
7.6926e-11
1.25653e-10
1.85591e-10
2.46519e-10
2.94032e-10
3.15866e-10
3.12122e-10
2.95585e-10
3.00226e-10
3.78213e-10
6.92514e-10
1.81865e-09
6.10148e-09
2.30356e-08
8.24085e-08
2.61706e-07
6.3274e-07
1.19849e-06
2.06409e-06
3.354e-06
5.10459e-06
7.16998e-06
9.24392e-06
1.14047e-05
1.44724e-05
1.81896e-05
1.94267e-05
1.52293e-05
7.67343e-06
3.56713e-06
1.7462e-06
8.83219e-07
4.42279e-07
2.25522e-07
1.17568e-07
6.26224e-08
3.32164e-08
1.80009e-08
9.73196e-09
5.20512e-09
2.73352e-09
1.40118e-09
6.86105e-10
3.29439e-10
1.54978e-10
7.87057e-11
4.02128e-11
1.78213e-11
7.06702e-12
2.35189e-12
6.29011e-13
1.46485e-13
2.16349e-14
1.16389e-22
5.70654e-22
9.77475e-22
1.46651e-21
1.78351e-21
2.18628e-21
2.91412e-21
3.84614e-21
4.45066e-21
4.94428e-21
5.92292e-21
6.6607e-21
7.48358e-21
7.86664e-21
8.65958e-21
1.00829e-20
1.12605e-20
1.31626e-20
1.48394e-20
1.7754e-20
2.10103e-20
2.48788e-20
3.33408e-20
5.26037e-20
9.97396e-20
2.33631e-19
6.13331e-19
1.69987e-18
4.81742e-18
1.35655e-17
3.76105e-17
1.02605e-16
2.81216e-16
7.57431e-16
1.98326e-15
5.09308e-15
1.30149e-14
3.18536e-14
8.14723e-14
1.95242e-13
4.60301e-13
1.03998e-12
2.29818e-12
5.02121e-12
1.08435e-11
2.23497e-11
4.3174e-11
7.71537e-11
1.25953e-10
1.8594e-10
2.46879e-10
2.94345e-10
3.16099e-10
3.12281e-10
2.95643e-10
3.00243e-10
3.78156e-10
6.92182e-10
1.81713e-09
6.09457e-09
2.30054e-08
8.22947e-08
2.61382e-07
6.32169e-07
1.1976e-06
2.06273e-06
3.35207e-06
5.10213e-06
7.16725e-06
9.24151e-06
1.1402e-05
1.44685e-05
1.81865e-05
1.94281e-05
1.52357e-05
7.67947e-06
3.56971e-06
1.74735e-06
8.83785e-07
4.42549e-07
2.25653e-07
1.17634e-07
6.26564e-08
3.32335e-08
1.801e-08
9.73686e-09
5.20774e-09
2.73491e-09
1.4019e-09
6.86451e-10
3.29607e-10
1.55053e-10
7.87407e-11
4.02308e-11
1.78289e-11
7.07022e-12
2.353e-12
6.29315e-13
1.46556e-13
2.16454e-14
9.05652e-23
4.85684e-22
1.12638e-21
1.68523e-21
2.08814e-21
2.51301e-21
3.07038e-21
3.84977e-21
4.7443e-21
5.17682e-21
5.41568e-21
6.08522e-21
6.67647e-21
7.87663e-21
9.14232e-21
1.03513e-20
1.19608e-20
1.34599e-20
1.50946e-20
1.74616e-20
2.08619e-20
2.5253e-20
3.35521e-20
5.25172e-20
1.0135e-19
2.35385e-19
6.11655e-19
1.7328e-18
4.84658e-18
1.36087e-17
3.79591e-17
1.04317e-16
2.84898e-16
7.58494e-16
2.00236e-15
5.13152e-15
1.30966e-14
3.22107e-14
8.1893e-14
1.96332e-13
4.62542e-13
1.03236e-12
2.32286e-12
5.03242e-12
1.08409e-11
2.23794e-11
4.3222e-11
7.72239e-11
1.26048e-10
1.86051e-10
2.46991e-10
2.94442e-10
3.16169e-10
3.12342e-10
2.95728e-10
3.00465e-10
3.78836e-10
6.9438e-10
1.82506e-09
6.12606e-09
2.31325e-08
8.27451e-08
2.62639e-07
6.34412e-07
1.20116e-06
2.06828e-06
3.36007e-06
5.11225e-06
7.17814e-06
9.25142e-06
1.14144e-05
1.44852e-05
1.81998e-05
1.94205e-05
1.52047e-05
7.65088e-06
3.55726e-06
1.74167e-06
8.80961e-07
4.41188e-07
2.24978e-07
1.17292e-07
6.24774e-08
3.31428e-08
1.79613e-08
9.71055e-09
5.19357e-09
2.72736e-09
1.39794e-09
6.84526e-10
3.28665e-10
1.54637e-10
7.85467e-11
4.0129e-11
1.77825e-11
7.05045e-12
2.34597e-12
6.27343e-13
1.46085e-13
2.15749e-14
1.07326e-22
3.23965e-22
6.59681e-22
1.07317e-21
1.68641e-21
2.2182e-21
2.52789e-21
3.31719e-21
4.21074e-21
4.6992e-21
5.26679e-21
5.93909e-21
6.66657e-21
8.03244e-21
9.11678e-21
1.09274e-20
1.2512e-20
1.31359e-20
1.43791e-20
1.67528e-20
2.01899e-20
2.51868e-20
3.32954e-20
5.21911e-20
9.93808e-20
2.31983e-19
6.08147e-19
1.70286e-18
4.76915e-18
1.33922e-17
3.72015e-17
1.01969e-16
2.83482e-16
7.49513e-16
1.92601e-15
5.00594e-15
1.28344e-14
3.12499e-14
7.89741e-14
1.97637e-13
4.5128e-13
1.04034e-12
2.26933e-12
5.04167e-12
1.08303e-11
2.23344e-11
4.31462e-11
7.71157e-11
1.25911e-10
1.85897e-10
2.46836e-10
2.943e-10
3.16062e-10
3.12289e-10
2.95828e-10
3.00873e-10
3.80218e-10
6.99007e-10
1.84203e-09
6.19414e-09
2.34106e-08
8.37369e-08
2.65402e-07
6.39335e-07
1.20893e-06
2.08036e-06
3.37735e-06
5.13419e-06
7.2016e-06
9.27225e-06
1.14384e-05
1.4521e-05
1.8228e-05
1.94037e-05
1.51374e-05
7.58925e-06
3.53042e-06
1.72943e-06
8.74883e-07
4.38259e-07
2.23527e-07
1.16556e-07
6.20936e-08
3.29484e-08
1.7857e-08
9.65419e-09
5.16325e-09
2.71122e-09
1.38948e-09
6.8041e-10
3.26657e-10
1.53754e-10
7.8133e-11
3.99127e-11
1.76848e-11
7.00888e-12
2.33121e-12
6.23209e-13
1.45097e-13
2.14271e-14
2.93373e-22
6.00024e-22
8.38319e-22
1.23666e-21
1.64865e-21
2.04078e-21
2.53377e-21
3.22178e-21
3.94987e-21
4.61689e-21
5.46195e-21
6.08131e-21
7.02717e-21
8.2121e-21
9.74668e-21
1.15007e-20
1.29837e-20
1.48469e-20
1.63843e-20
1.84221e-20
2.06536e-20
2.43032e-20
3.18359e-20
4.99013e-20
9.89766e-20
2.32232e-19
6.0416e-19
1.66394e-18
4.71702e-18
1.32298e-17
3.68426e-17
1.00966e-16
2.76519e-16
7.36637e-16
1.94078e-15
5.02926e-15
1.27305e-14
3.12061e-14
7.91356e-14
1.95621e-13
4.53575e-13
1.02041e-12
2.25439e-12
5.03132e-12
1.07696e-11
2.22151e-11
4.29573e-11
7.68449e-11
1.25567e-10
1.85503e-10
2.46438e-10
2.93942e-10
3.15789e-10
3.12128e-10
2.95947e-10
3.01495e-10
3.82413e-10
7.06471e-10
1.86966e-09
6.30539e-09
2.38631e-08
8.53458e-08
2.69849e-07
6.47116e-07
1.22114e-06
2.09922e-06
3.40427e-06
5.16815e-06
7.23797e-06
9.30442e-06
1.14755e-05
1.45754e-05
1.82711e-05
1.9377e-05
1.50344e-05
7.49673e-06
3.49015e-06
1.71107e-06
8.65762e-07
4.3387e-07
2.2135e-07
1.1545e-07
6.15168e-08
3.26563e-08
1.77002e-08
9.56961e-09
5.11776e-09
2.68704e-09
1.37682e-09
6.74257e-10
3.23656e-10
1.52431e-10
7.75142e-11
3.95882e-11
1.75353e-11
6.94592e-12
2.30899e-12
6.17007e-13
1.43619e-13
2.12063e-14
1.43628e-22
4.95726e-22
8.80699e-22
1.16504e-21
1.37191e-21
1.70215e-21
2.23154e-21
2.92935e-21
3.53417e-21
4.24798e-21
5.31011e-21
6.2932e-21
7.68029e-21
9.16874e-21
1.04194e-20
1.18148e-20
1.33907e-20
1.53786e-20
1.71124e-20
1.89206e-20
2.15372e-20
2.47045e-20
3.22918e-20
5.03145e-20
9.75987e-20
2.25539e-19
5.87991e-19
1.615e-18
4.57443e-18
1.2933e-17
3.54108e-17
1.00092e-16
2.69847e-16
7.20645e-16
1.90282e-15
4.90972e-15
1.2522e-14
3.09545e-14
7.67411e-14
1.88212e-13
4.48004e-13
1.01126e-12
2.2179e-12
4.96395e-12
1.0677e-11
2.20376e-11
4.26588e-11
7.63948e-11
1.2497e-10
1.84822e-10
2.45751e-10
2.93329e-10
3.15321e-10
3.11846e-10
2.96091e-10
3.02316e-10
3.85331e-10
7.16468e-10
1.90699e-09
6.45682e-09
2.44837e-08
8.75679e-08
2.76028e-07
6.57555e-07
1.23723e-06
2.12386e-06
3.43913e-06
5.2117e-06
7.28345e-06
9.34534e-06
1.15231e-05
1.4646e-05
1.83252e-05
1.93414e-05
1.49008e-05
7.37869e-06
3.4387e-06
1.68756e-06
8.54067e-07
4.28241e-07
2.1855e-07
1.14037e-07
6.07795e-08
3.22827e-08
1.74998e-08
9.46146e-09
5.05961e-09
2.65613e-09
1.36064e-09
6.66399e-10
3.19827e-10
1.50741e-10
7.67227e-11
3.91726e-11
1.73442e-11
6.8654e-12
2.2806e-12
6.09093e-13
1.41733e-13
2.09247e-14
1.51926e-22
4.39048e-22
9.3435e-22
1.2294e-21
1.58959e-21
2.14536e-21
2.99294e-21
3.30041e-21
3.82444e-21
4.49974e-21
5.45795e-21
6.62819e-21
7.80573e-21
8.79673e-21
9.49551e-21
1.08584e-20
1.27971e-20
1.46068e-20
1.64937e-20
1.85752e-20
2.10872e-20
2.58977e-20
3.32577e-20
5.15006e-20
9.63759e-20
2.19624e-19
5.70315e-19
1.55921e-18
4.41528e-18
1.23371e-17
3.42296e-17
9.55341e-17
2.60076e-16
6.9628e-16
1.79792e-15
4.72993e-15
1.20366e-14
2.99102e-14
7.50976e-14
1.87156e-13
4.32575e-13
1.00997e-12
2.21725e-12
4.87709e-12
1.05012e-11
2.17564e-11
4.22227e-11
7.57553e-11
1.24143e-10
1.83852e-10
2.44761e-10
2.92439e-10
3.14609e-10
3.11418e-10
2.96256e-10
3.03344e-10
3.88851e-10
7.28421e-10
1.95145e-09
6.63618e-09
2.52111e-08
9.0123e-08
2.82896e-07
6.69471e-07
1.256e-06
2.15239e-06
3.47853e-06
5.2572e-06
7.32309e-06
9.38829e-06
1.15786e-05
1.47303e-05
1.83878e-05
1.92953e-05
1.47396e-05
7.24035e-06
3.37833e-06
1.65993e-06
8.40308e-07
4.2164e-07
2.15294e-07
1.12387e-07
5.99155e-08
3.18435e-08
1.72629e-08
9.33371e-09
4.99097e-09
2.61966e-09
1.34158e-09
6.57152e-10
3.15327e-10
1.48746e-10
7.57794e-11
3.8678e-11
1.71175e-11
6.77038e-12
2.24724e-12
5.99825e-13
1.39529e-13
2.05958e-14
2.22955e-22
5.48252e-22
7.90686e-22
1.15788e-21
1.51087e-21
2.03204e-21
2.82489e-21
3.32036e-21
3.98795e-21
4.90435e-21
5.653e-21
6.65439e-21
7.64424e-21
8.67329e-21
1.00032e-20
1.15588e-20
1.30502e-20
1.53537e-20
1.76085e-20
1.96684e-20
2.19428e-20
2.49695e-20
3.1608e-20
4.85502e-20
9.08181e-20
2.08444e-19
5.48094e-19
1.50458e-18
4.21986e-18
1.18083e-17
3.35165e-17
9.20772e-17
2.49305e-16
6.68989e-16
1.76583e-15
4.58908e-15
1.17674e-14
2.91709e-14
7.35509e-14
1.83052e-13
4.26716e-13
9.83196e-13
2.1882e-12
4.77018e-12
1.02911e-11
2.13721e-11
4.16022e-11
7.48751e-11
1.22942e-10
1.8255e-10
2.43427e-10
2.91266e-10
3.13763e-10
3.10915e-10
2.96439e-10
3.04412e-10
3.92677e-10
7.41603e-10
2.00093e-09
6.83691e-09
2.60272e-08
9.29867e-08
2.90557e-07
6.82865e-07
1.27687e-06
2.18386e-06
3.52164e-06
5.31074e-06
7.37945e-06
9.44088e-06
1.16425e-05
1.48242e-05
1.8456e-05
1.92378e-05
1.45542e-05
7.08722e-06
3.31152e-06
1.62932e-06
8.2505e-07
4.14325e-07
2.1167e-07
1.10549e-07
5.89491e-08
3.13522e-08
1.70014e-08
9.19251e-09
4.91507e-09
2.57936e-09
1.32054e-09
6.46937e-10
3.10363e-10
1.46542e-10
7.47425e-11
3.81366e-11
1.68694e-11
6.66641e-12
2.2108e-12
5.89724e-13
1.3713e-13
2.0238e-14
1.95392e-22
4.99348e-22
8.06621e-22
1.07077e-21
1.49585e-21
1.97486e-21
2.68841e-21
3.31799e-21
3.93918e-21
4.58602e-21
5.21526e-21
6.10822e-21
7.14728e-21
8.10471e-21
9.52709e-21
1.15242e-20
1.35981e-20
1.49087e-20
1.69456e-20
1.91475e-20
2.17675e-20
2.53647e-20
3.16693e-20
4.70053e-20
8.69685e-20
1.98491e-19
5.13548e-19
1.40592e-18
4.01296e-18
1.12354e-17
3.13424e-17
8.62561e-17
2.37618e-16
6.38886e-16
1.6948e-15
4.39084e-15
1.10941e-14
2.72242e-14
7.0097e-14
1.73558e-13
4.13958e-13
9.48994e-13
2.0876e-12
4.63421e-12
1.0013e-11
2.08764e-11
4.07764e-11
7.36471e-11
1.21385e-10
1.80595e-10
2.41611e-10
2.89685e-10
3.12612e-10
3.10211e-10
2.96658e-10
3.05723e-10
3.9719e-10
7.56302e-10
2.05636e-09
7.06469e-09
2.69637e-08
9.62931e-08
2.99464e-07
6.97983e-07
1.30079e-06
2.22081e-06
3.57449e-06
5.37297e-06
7.4448e-06
9.49917e-06
1.17135e-05
1.49275e-05
1.85271e-05
1.91729e-05
1.43505e-05
6.92945e-06
3.24232e-06
1.59742e-06
8.09054e-07
4.06639e-07
2.07844e-07
1.08604e-07
5.79402e-08
3.08392e-08
1.67241e-08
9.04227e-09
4.83457e-09
2.53674e-09
1.29834e-09
6.36178e-10
3.05125e-10
1.44203e-10
7.36273e-11
3.75551e-11
1.6605e-11
6.5565e-12
2.17257e-12
5.79187e-13
1.34635e-13
1.98666e-14
1.96545e-22
3.871e-22
7.33297e-22
1.10073e-21
1.42539e-21
1.82843e-21
2.34812e-21
2.98437e-21
3.62088e-21
4.61233e-21
5.49592e-21
6.15282e-21
6.8399e-21
8.12417e-21
9.41711e-21
1.10183e-20
1.2411e-20
1.40041e-20
1.57567e-20
1.83499e-20
2.15012e-20
2.51507e-20
3.07358e-20
4.49157e-20
8.21871e-20
1.82831e-19
4.70288e-19
1.29639e-18
3.61934e-18
1.01202e-17
2.86632e-17
8.10767e-17
2.1937e-16
6.06269e-16
1.59799e-15
4.16707e-15
1.06958e-14
2.60984e-14
6.7229e-14
1.67475e-13
3.92258e-13
9.04558e-13
1.99075e-12
4.45988e-12
9.65006e-12
2.01502e-11
3.9636e-11
7.19976e-11
1.19262e-10
1.78214e-10
2.39026e-10
2.87557e-10
3.1114e-10
3.09397e-10
2.97031e-10
3.0732e-10
4.02498e-10
7.75722e-10
2.12927e-09
7.35756e-09
2.8134e-08
1.00277e-07
3.09464e-07
7.14127e-07
1.32558e-06
2.25798e-06
3.62542e-06
5.43686e-06
7.50752e-06
9.55425e-06
1.17996e-05
1.50463e-05
1.86012e-05
1.90921e-05
1.41297e-05
6.76928e-06
3.17194e-06
1.56461e-06
7.92498e-07
3.98692e-07
2.0391e-07
1.0661e-07
5.68984e-08
3.03106e-08
1.64422e-08
8.89159e-09
4.75372e-09
2.49394e-09
1.27608e-09
6.25422e-10
2.99966e-10
1.41857e-10
7.24931e-11
3.69641e-11
1.63369e-11
6.44637e-12
2.13465e-12
5.68822e-13
1.32193e-13
1.9504e-14
2.24875e-22
4.81796e-22
8.47283e-22
1.0289e-21
1.35981e-21
1.94597e-21
2.50486e-21
3.17656e-21
3.76876e-21
4.68797e-21
5.40955e-21
6.25491e-21
7.25109e-21
8.40301e-21
9.43459e-21
1.08365e-20
1.22656e-20
1.49661e-20
1.75231e-20
2.01318e-20
2.31537e-20
2.72003e-20
3.24877e-20
4.55209e-20
7.88951e-20
1.73093e-19
4.34424e-19
1.17569e-18
3.29465e-18
9.17383e-18
2.64151e-17
7.39809e-17
2.07275e-16
5.59947e-16
1.48475e-15
3.97117e-15
1.00829e-14
2.52921e-14
6.42433e-14
1.59131e-13
3.74202e-13
8.65774e-13
1.92847e-12
4.22889e-12
9.2014e-12
1.93168e-11
3.80984e-11
6.9797e-11
1.16447e-10
1.75151e-10
2.3609e-10
2.85027e-10
3.09405e-10
3.08432e-10
2.97369e-10
3.08617e-10
4.06266e-10
7.87704e-10
2.17523e-09
7.55437e-09
2.89567e-08
1.03315e-07
3.18426e-07
7.29736e-07
1.35082e-06
2.2968e-06
3.67999e-06
5.50325e-06
7.57163e-06
9.61508e-06
1.1873e-05
1.51489e-05
1.86637e-05
1.90097e-05
1.39059e-05
6.6127e-06
3.10307e-06
1.53345e-06
7.77057e-07
3.91345e-07
2.00207e-07
1.0471e-07
5.59027e-08
2.98032e-08
1.6169e-08
8.74447e-09
4.67494e-09
2.45232e-09
1.25442e-09
6.1491e-10
2.94902e-10
1.39587e-10
7.14049e-11
3.64123e-11
1.60914e-11
6.34564e-12
2.10018e-12
5.59472e-13
1.3e-13
1.91795e-14
7.50818e-23
2.63138e-22
5.81093e-22
9.15217e-22
1.36102e-21
1.82291e-21
2.53451e-21
3.10831e-21
3.76635e-21
4.28833e-21
5.28196e-21
6.16758e-21
7.04151e-21
8.07366e-21
9.00797e-21
1.02585e-20
1.22797e-20
1.39415e-20
1.58931e-20
1.81921e-20
2.09691e-20
2.43519e-20
3.02216e-20
4.29331e-20
7.25058e-20
1.53895e-19
3.87279e-19
1.05785e-18
2.99516e-18
8.38702e-18
2.40616e-17
6.79459e-17
1.87472e-16
5.14446e-16
1.35223e-15
3.62297e-15
9.37128e-15
2.34966e-14
6.03519e-14
1.48849e-13
3.53801e-13
8.20723e-13
1.83683e-12
3.96193e-12
8.69423e-12
1.83772e-11
3.65278e-11
6.73208e-11
1.13106e-10
1.71332e-10
2.32544e-10
2.82253e-10
3.07668e-10
3.0754e-10
2.97849e-10
3.09955e-10
4.09921e-10
8.00488e-10
2.22766e-09
7.77763e-09
2.99346e-08
1.0698e-07
3.28341e-07
7.45759e-07
1.37619e-06
2.3356e-06
3.73418e-06
5.57507e-06
7.64347e-06
9.68167e-06
1.19694e-05
1.52527e-05
1.87223e-05
1.8931e-05
1.37125e-05
6.48309e-06
3.04603e-06
1.5063e-06
7.63269e-07
3.84721e-07
1.96911e-07
1.03021e-07
5.49995e-08
2.93312e-08
1.5913e-08
8.60557e-09
4.60065e-09
2.41338e-09
1.23471e-09
6.05494e-10
2.90434e-10
1.37515e-10
7.03822e-11
3.59031e-11
1.58698e-11
6.25886e-12
2.07165e-12
5.51967e-13
1.28271e-13
1.89254e-14
2.22288e-22
5.85034e-22
8.77064e-22
1.25945e-21
1.91277e-21
2.82534e-21
3.26418e-21
3.7544e-21
4.45605e-21
5.07259e-21
5.65973e-21
6.71335e-21
7.63117e-21
8.76633e-21
1.0273e-20
1.14221e-20
1.2871e-20
1.43701e-20
1.62341e-20
1.78336e-20
1.99172e-20
2.30371e-20
2.82583e-20
3.92228e-20
6.54588e-20
1.37272e-19
3.408e-19
9.17429e-19
2.63254e-18
7.48968e-18
2.1392e-17
6.00673e-17
1.68125e-16
4.58235e-16
1.22816e-15
3.25986e-15
8.45151e-15
2.16305e-14
5.46433e-14
1.36672e-13
3.28467e-13
7.67807e-13
1.77903e-12
3.86222e-12
8.08115e-12
1.72706e-11
3.44984e-11
6.38004e-11
1.08531e-10
1.66169e-10
2.2773e-10
2.78942e-10
3.06327e-10
3.06884e-10
2.98273e-10
3.1128e-10
4.13483e-10
8.12496e-10
2.27735e-09
8.00597e-09
3.09567e-08
1.10461e-07
3.36888e-07
7.61377e-07
1.40239e-06
2.37713e-06
3.78978e-06
5.63636e-06
7.70236e-06
9.73707e-06
1.2039e-05
1.53484e-05
1.87726e-05
1.88391e-05
1.35125e-05
6.35679e-06
2.99018e-06
1.48039e-06
7.50247e-07
3.78501e-07
1.93804e-07
1.01436e-07
5.41743e-08
2.89037e-08
1.5685e-08
8.48402e-09
4.53653e-09
2.38018e-09
1.21786e-09
5.97391e-10
2.86627e-10
1.35722e-10
6.9478e-11
3.54671e-11
1.56862e-11
6.1898e-12
2.05001e-12
5.46529e-13
1.27057e-13
1.87501e-14
1.0493e-22
3.61771e-22
7.03645e-22
1.39058e-21
1.95923e-21
2.2726e-21
2.64905e-21
3.25484e-21
4.13784e-21
4.78339e-21
5.47619e-21
6.39076e-21
7.33734e-21
8.68038e-21
1.03029e-20
1.2153e-20
1.37663e-20
1.53269e-20
1.72419e-20
1.89528e-20
2.07083e-20
2.45641e-20
2.99826e-20
3.91591e-20
6.09905e-20
1.21539e-19
2.94912e-19
7.93267e-19
2.22696e-18
6.26569e-18
1.84646e-17
5.20638e-17
1.44304e-16
4.00333e-16
1.08603e-15
2.88657e-15
7.56562e-15
1.9614e-14
5.02077e-14
1.2569e-13
3.04887e-13
7.13471e-13
1.64629e-12
3.74686e-12
7.90023e-12
1.59585e-11
3.23951e-11
6.04638e-11
1.03178e-10
1.6011e-10
2.21907e-10
2.74467e-10
3.03928e-10
3.06251e-10
2.9869e-10
3.12348e-10
4.15749e-10
8.19854e-10
2.30824e-09
8.14588e-09
3.1568e-08
1.12824e-07
3.43971e-07
7.75239e-07
1.4264e-06
2.41207e-06
3.8427e-06
5.69293e-06
7.75717e-06
9.78532e-06
1.21011e-05
1.54319e-05
1.88093e-05
1.87509e-05
1.33182e-05
6.2347e-06
2.93586e-06
1.45545e-06
7.37941e-07
3.72682e-07
1.90915e-07
9.99656e-08
5.34092e-08
2.8504e-08
1.5473e-08
8.37219e-09
4.47844e-09
2.35076e-09
1.20345e-09
5.90564e-10
2.83521e-10
1.34207e-10
6.86848e-11
3.51109e-11
1.55479e-11
6.14345e-12
2.03748e-12
5.43874e-13
1.26538e-13
1.86812e-14
1.02465e-22
3.45465e-22
7.62167e-22
1.29961e-21
1.9363e-21
2.45339e-21
2.90945e-21
3.51583e-21
4.10237e-21
4.74552e-21
5.52891e-21
6.32529e-21
7.41487e-21
8.94236e-21
1.04604e-20
1.25833e-20
1.38492e-20
1.53164e-20
1.72726e-20
2.02991e-20
2.15625e-20
2.39941e-20
2.8275e-20
3.54905e-20
5.39396e-20
1.04324e-19
2.5107e-19
6.61743e-19
1.8535e-18
5.37926e-18
1.55189e-17
4.40916e-17
1.21514e-16
3.43016e-16
9.32247e-16
2.53209e-15
6.61881e-15
1.76053e-14
4.53373e-14
1.12765e-13
2.74794e-13
6.52004e-13
1.49817e-12
3.3925e-12
7.53803e-12
1.58847e-11
3.07839e-11
5.66166e-11
9.79514e-11
1.52811e-10
2.14768e-10
2.68846e-10
3.00661e-10
3.05264e-10
2.99007e-10
3.13112e-10
4.1694e-10
8.23521e-10
2.32684e-09
8.24603e-09
3.20807e-08
1.1496e-07
3.5074e-07
7.87491e-07
1.44557e-06
2.44372e-06
3.88463e-06
5.74421e-06
7.80719e-06
9.83084e-06
1.21615e-05
1.55129e-05
1.88417e-05
1.86658e-05
1.31573e-05
6.13977e-06
2.89377e-06
1.43544e-06
7.27885e-07
3.67834e-07
1.88473e-07
9.87077e-08
5.27509e-08
2.81521e-08
1.5287e-08
8.27514e-09
4.42903e-09
2.32651e-09
1.19216e-09
5.85334e-10
2.81286e-10
1.33038e-10
6.80281e-11
3.4852e-11
1.5466e-11
6.12572e-12
2.03661e-12
5.4482e-13
1.26924e-13
1.87508e-14
1.35904e-22
4.2424e-22
8.18746e-22
1.17759e-21
1.60934e-21
2.13796e-21
2.82875e-21
3.56996e-21
4.37444e-21
5.08138e-21
5.9171e-21
6.75649e-21
7.60969e-21
8.66773e-21
9.82857e-21
1.13167e-20
1.26492e-20
1.46177e-20
1.62762e-20
1.80925e-20
2.03798e-20
2.30329e-20
2.60023e-20
3.24445e-20
4.82205e-20
8.89948e-20
2.04744e-19
5.39494e-19
1.51442e-18
4.35151e-18
1.26391e-17
3.63462e-17
1.0233e-16
2.88361e-16
7.91714e-16
2.13805e-15
5.72848e-15
1.49382e-14
4.00838e-14
1.00735e-13
2.45546e-13
5.77533e-13
1.35136e-12
2.98517e-12
6.72581e-12
1.46502e-11
2.99029e-11
5.31694e-11
9.28426e-11
1.46683e-10
2.08215e-10
2.63246e-10
2.97173e-10
3.0417e-10
2.99351e-10
3.1372e-10
4.1702e-10
8.2305e-10
2.33019e-09
8.28563e-09
3.23483e-08
1.16174e-07
3.54672e-07
7.9582e-07
1.4618e-06
2.47019e-06
3.92321e-06
5.79523e-06
7.84967e-06
9.8664e-06
1.22043e-05
1.55701e-05
1.88576e-05
1.85846e-05
1.3015e-05
6.05857e-06
2.85737e-06
1.41825e-06
7.19386e-07
3.63718e-07
1.86394e-07
9.7634e-08
5.21911e-08
2.78457e-08
1.5127e-08
8.19355e-09
4.38904e-09
2.30804e-09
1.18442e-09
5.81969e-10
2.80086e-10
1.32285e-10
6.75325e-11
3.4707e-11
1.54506e-11
6.14257e-12
2.04998e-12
5.5023e-13
1.28438e-13
1.89939e-14
1.22649e-22
3.68568e-22
7.03165e-22
1.22703e-21
1.83954e-21
2.4828e-21
2.92808e-21
3.38724e-21
4.10322e-21
5.00725e-21
6.06082e-21
7.34654e-21
8.38098e-21
8.99075e-21
9.47918e-21
1.0191e-20
1.12695e-20
1.24685e-20
1.43516e-20
1.5988e-20
1.80264e-20
2.00877e-20
2.34847e-20
2.97886e-20
4.18817e-20
7.43928e-20
1.64894e-19
4.32124e-19
1.20802e-18
3.45251e-18
1.02074e-17
2.92737e-17
8.30372e-17
2.35724e-16
6.59418e-16
1.77363e-15
4.82925e-15
1.27807e-14
3.35899e-14
8.69291e-14
2.13361e-13
5.11288e-13
1.1883e-12
2.73155e-12
6.03274e-12
1.33115e-11
2.82464e-11
5.16683e-11
8.74159e-11
1.38681e-10
1.98554e-10
2.55558e-10
2.92656e-10
3.02943e-10
2.99971e-10
3.14387e-10
4.16335e-10
8.1949e-10
2.32151e-09
8.277e-09
3.24392e-08
1.16877e-07
3.57795e-07
8.03671e-07
1.4774e-06
2.49715e-06
3.9669e-06
5.84155e-06
7.89575e-06
9.90091e-06
1.22444e-05
1.56236e-05
1.88681e-05
1.85046e-05
1.28863e-05
5.98692e-06
2.82472e-06
1.40273e-06
7.11849e-07
3.60044e-07
1.84542e-07
9.66788e-08
5.16988e-08
2.7571e-08
1.4987e-08
8.12504e-09
4.35768e-09
2.29523e-09
1.18031e-09
5.80617e-10
2.80041e-10
1.32011e-10
6.72206e-11
3.46929e-11
1.55218e-11
6.20312e-12
2.08145e-12
5.61405e-13
1.31416e-13
1.94628e-14
2.17555e-22
8.49303e-22
1.50656e-21
2.07481e-21
2.39891e-21
3.03365e-21
3.59437e-21
4.07746e-21
4.55185e-21
4.88822e-21
5.45664e-21
6.1656e-21
7.26291e-21
8.24466e-21
9.45106e-21
1.02972e-20
1.13033e-20
1.23556e-20
1.39903e-20
1.52407e-20
1.68091e-20
1.92645e-20
2.22434e-20
2.74977e-20
3.80424e-20
6.26543e-20
1.33064e-19
3.3641e-19
9.35995e-19
2.69909e-18
7.84369e-18
2.27859e-17
6.52586e-17
1.89726e-16
5.3441e-16
1.43371e-15
4.0645e-15
1.08332e-14
2.85419e-14
7.21777e-14
1.82432e-13
4.37168e-13
1.02559e-12
2.384e-12
5.30415e-12
1.19839e-11
2.50814e-11
4.95428e-11
8.41805e-11
1.30521e-10
1.89821e-10
2.4623e-10
2.86354e-10
3.0042e-10
2.99871e-10
3.14654e-10
4.14916e-10
8.13538e-10
2.30568e-09
8.24458e-09
3.24519e-08
1.17414e-07
3.60809e-07
8.12132e-07
1.4944e-06
2.52895e-06
4.01238e-06
5.89991e-06
7.94384e-06
9.94032e-06
1.22928e-05
1.56833e-05
1.88731e-05
1.83963e-05
1.27206e-05
5.9019e-06
2.78825e-06
1.38615e-06
7.04141e-07
3.56375e-07
1.82729e-07
9.57586e-08
5.12348e-08
2.7312e-08
1.48598e-08
8.06648e-09
4.33372e-09
2.28766e-09
1.17977e-09
5.8138e-10
2.81262e-10
1.32303e-10
6.71218e-11
3.48259e-11
1.56966e-11
6.31834e-12
2.1361e-12
5.80125e-13
1.36318e-13
2.02292e-14
2.61175e-22
9.50562e-22
1.71933e-21
2.32069e-21
3.09633e-21
3.50105e-21
4.00463e-21
4.39033e-21
4.98618e-21
5.71951e-21
6.48715e-21
7.5011e-21
8.44049e-21
9.05546e-21
9.72631e-21
1.05948e-20
1.16104e-20
1.2518e-20
1.38071e-20
1.50843e-20
1.71364e-20
1.93419e-20
2.18152e-20
2.61501e-20
3.46309e-20
5.4176e-20
1.06936e-19
2.59735e-19
7.1485e-19
2.04485e-18
5.96755e-18
1.7884e-17
5.16514e-17
1.49837e-16
4.23561e-16
1.17909e-15
3.23671e-15
8.71908e-15
2.32572e-14
6.04547e-14
1.51148e-13
3.69327e-13
8.74424e-13
2.03096e-12
4.66515e-12
1.05441e-11
2.25602e-11
4.42404e-11
8.01029e-11
1.26413e-10
1.80923e-10
2.38419e-10
2.81409e-10
2.99277e-10
2.99949e-10
3.14817e-10
4.1233e-10
8.03218e-10
2.27652e-09
8.17625e-09
3.23814e-08
1.17882e-07
3.64658e-07
8.23827e-07
1.52131e-06
2.57344e-06
4.07038e-06
5.97249e-06
8.00581e-06
9.99102e-06
1.2354e-05
1.57608e-05
1.88812e-05
1.8264e-05
1.24991e-05
5.85209e-06
2.76196e-06
1.37253e-06
6.97388e-07
3.52945e-07
1.80973e-07
9.48476e-08
5.07741e-08
2.70587e-08
1.47393e-08
8.01464e-09
4.31548e-09
2.28438e-09
1.18222e-09
5.84465e-10
2.83926e-10
1.33394e-10
6.73647e-11
3.51588e-11
1.60167e-11
6.50375e-12
2.21981e-12
6.08429e-13
1.43689e-13
2.13761e-14
3.56401e-22
1.15428e-21
2.01429e-21
2.92891e-21
3.45177e-21
3.47445e-21
3.76824e-21
4.23174e-21
4.99233e-21
5.74655e-21
6.40977e-21
7.10699e-21
7.60891e-21
8.00299e-21
8.4241e-21
9.15605e-21
9.98434e-21
1.11538e-20
1.23143e-20
1.38461e-20
1.54575e-20
1.71613e-20
1.93909e-20
2.38172e-20
3.04239e-20
4.5125e-20
8.64525e-20
2.03887e-19
5.49705e-19
1.57887e-18
4.62942e-18
1.37595e-17
4.02054e-17
1.16157e-16
3.32219e-16
9.32113e-16
2.57736e-15
6.88275e-15
1.88692e-14
4.98876e-14
1.2543e-13
3.09687e-13
7.38118e-13
1.7313e-12
3.95128e-12
9.04133e-12
1.9755e-11
4.00164e-11
7.34996e-11
1.21354e-10
1.71283e-10
2.28929e-10
2.738e-10
2.96629e-10
3.00108e-10
3.15378e-10
4.10672e-10
7.95559e-10
2.25622e-09
8.13881e-09
3.24355e-08
1.18872e-07
3.69687e-07
8.36425e-07
1.5475e-06
2.62071e-06
4.14037e-06
6.05633e-06
8.08482e-06
1.00607e-05
1.24441e-05
1.58656e-05
1.88927e-05
1.81043e-05
1.2258e-05
5.73579e-06
2.71176e-06
1.34974e-06
6.86906e-07
3.47997e-07
1.78578e-07
9.36577e-08
5.01875e-08
2.67697e-08
1.46149e-08
7.96735e-09
4.30218e-09
2.28375e-09
1.18333e-09
5.94353e-10
2.89726e-10
1.35858e-10
6.8153e-11
3.57498e-11
1.65085e-11
6.76442e-12
2.3345e-12
6.47279e-13
1.53718e-13
2.29369e-14
1.71882e-22
5.67855e-22
1.12637e-21
1.64202e-21
2.12948e-21
2.48847e-21
2.9458e-21
3.51167e-21
3.82895e-21
4.31776e-21
4.78652e-21
5.2322e-21
5.83239e-21
6.51247e-21
7.27072e-21
8.08254e-21
9.06206e-21
1.02089e-20
1.15269e-20
1.32037e-20
1.46576e-20
1.63359e-20
1.81591e-20
2.10278e-20
2.66345e-20
3.87858e-20
7.15455e-20
1.65601e-19
4.35999e-19
1.24006e-18
3.6356e-18
1.06742e-17
3.04703e-17
8.96335e-17
2.58161e-16
7.38453e-16
2.057e-15
5.60295e-15
1.5123e-14
3.98293e-14
1.02689e-13
2.50205e-13
6.04589e-13
1.42609e-12
3.33723e-12
7.59824e-12
1.67119e-11
3.42685e-11
6.41935e-11
1.08011e-10
1.65407e-10
2.18383e-10
2.66643e-10
2.93987e-10
3.00698e-10
3.158e-10
4.07817e-10
7.8407e-10
2.22471e-09
8.07162e-09
3.24451e-08
1.19962e-07
3.76558e-07
8.57433e-07
1.5885e-06
2.69129e-06
4.25204e-06
6.17669e-06
8.18355e-06
1.01414e-05
1.25504e-05
1.59943e-05
1.89106e-05
1.79239e-05
1.19896e-05
5.58472e-06
2.64664e-06
1.32043e-06
6.73405e-07
3.41811e-07
1.75629e-07
9.21637e-08
4.92972e-08
2.6707e-08
1.45842e-08
7.9605e-09
4.30755e-09
2.29307e-09
1.19246e-09
6.02297e-10
2.95183e-10
1.38571e-10
6.90977e-11
3.64088e-11
1.70977e-11
7.07422e-12
2.4701e-12
6.93687e-13
1.6567e-13
2.47922e-14
1.50638e-22
3.31776e-22
4.77737e-22
6.2187e-22
7.48953e-22
8.981e-22
1.06435e-21
1.28895e-21
1.56139e-21
1.93667e-21
2.53787e-21
3.14661e-21
3.76737e-21
4.49965e-21
5.32556e-21
6.21835e-21
7.14636e-21
8.28359e-21
9.44923e-21
1.0937e-20
1.2472e-20
1.41897e-20
1.58652e-20
1.87149e-20
2.40319e-20
3.53642e-20
6.22283e-20
1.37913e-19
3.50781e-19
9.6977e-19
2.78265e-18
8.1081e-18
2.3328e-17
6.7214e-17
1.9442e-16
5.42998e-16
1.54169e-15
4.25463e-15
1.14393e-14
3.12766e-14
8.00047e-14
1.97463e-13
4.79226e-13
1.11762e-12
2.49698e-12
5.76064e-12
1.29429e-11
2.73873e-11
5.33918e-11
9.48078e-11
1.48904e-10
2.09275e-10
2.56426e-10
2.88252e-10
3.00214e-10
3.16641e-10
4.05054e-10
7.70919e-10
2.19117e-09
8.02995e-09
3.26012e-08
1.21723e-07
3.84964e-07
8.78052e-07
1.63094e-06
2.76609e-06
4.35861e-06
6.29203e-06
8.28781e-06
1.02374e-05
1.2666e-05
1.6126e-05
1.89309e-05
1.77589e-05
1.1754e-05
5.46628e-06
2.59501e-06
1.29707e-06
6.62577e-07
3.36862e-07
1.73309e-07
9.1053e-08
4.87658e-08
2.64915e-08
1.45023e-08
7.93536e-09
4.30525e-09
2.2987e-09
1.19949e-09
6.08162e-10
2.99233e-10
1.40706e-10
6.98889e-11
3.69278e-11
1.75732e-11
7.34238e-12
2.59625e-12
7.38094e-13
1.77036e-13
2.65773e-14
)
;

boundaryField
{
    fuel
    {
        type            fixedValue;
        value           uniform 0;
    }
    air
    {
        type            fixedValue;
        value           uniform 0;
    }
    outlet
    {
        type            inletOutlet;
        inletValue      uniform 0;
        value           nonuniform List<scalar> 
200
(
0
0
0
0
0
0
0
0
0
0
2.4376e-21
3.0692e-21
3.74162e-21
4.39813e-21
5.1572e-21
5.99778e-21
6.78297e-21
7.61621e-21
8.66768e-21
9.88147e-21
1.1143e-20
1.27253e-20
1.49506e-20
1.76604e-20
2.2816e-20
3.31367e-20
5.93857e-20
1.32333e-19
3.38903e-19
9.39124e-19
2.69869e-18
7.84211e-18
2.26624e-17
6.50912e-17
1.85751e-16
5.11252e-16
1.42324e-15
3.99993e-15
1.09259e-14
2.93908e-14
7.58949e-14
1.90654e-13
4.63716e-13
1.08813e-12
2.45232e-12
5.60376e-12
1.26044e-11
2.68236e-11
5.27062e-11
9.34982e-11
1.47677e-10
2.07685e-10
2.55046e-10
2.87564e-10
2.99322e-10
3.14145e-10
3.97052e-10
7.44461e-10
2.09416e-09
7.64271e-09
3.10776e-08
1.16831e-07
3.73871e-07
8.62925e-07
1.61063e-06
2.7379e-06
4.32396e-06
6.25607e-06
8.25602e-06
1.02053e-05
1.26223e-05
1.60663e-05
1.89121e-05
1.78282e-05
1.18917e-05
5.54782e-06
2.63214e-06
1.3149e-06
6.71856e-07
3.41298e-07
1.75546e-07
9.21974e-08
4.936e-08
2.68144e-08
1.46837e-08
8.03831e-09
4.36359e-09
2.33132e-09
1.21738e-09
6.17712e-10
3.04159e-10
1.43026e-10
7.09634e-11
3.74978e-11
1.78834e-11
7.48132e-12
2.65017e-12
7.54928e-13
1.81235e-13
2.72201e-14
0
0
0
0
0
0
0
0
0
0
2.53787e-21
3.14661e-21
3.76737e-21
4.49965e-21
5.32556e-21
6.21835e-21
7.14636e-21
8.28359e-21
9.44923e-21
1.0937e-20
1.2472e-20
1.41897e-20
1.58652e-20
1.87149e-20
2.40319e-20
3.53642e-20
6.22283e-20
1.37913e-19
3.50781e-19
9.6977e-19
2.78265e-18
8.1081e-18
2.3328e-17
6.7214e-17
1.9442e-16
5.42998e-16
1.54169e-15
4.25463e-15
1.14393e-14
3.12766e-14
8.00047e-14
1.97463e-13
4.79226e-13
1.11762e-12
2.49698e-12
5.76064e-12
1.29429e-11
2.73873e-11
5.33918e-11
9.48078e-11
1.48904e-10
2.09275e-10
2.56426e-10
2.88252e-10
3.00214e-10
3.16641e-10
4.05054e-10
7.70919e-10
2.19117e-09
8.02995e-09
3.26012e-08
1.21723e-07
3.84964e-07
8.78052e-07
1.63094e-06
2.76609e-06
4.35861e-06
6.29203e-06
8.28781e-06
1.02374e-05
1.2666e-05
1.6126e-05
1.89309e-05
1.77589e-05
1.1754e-05
5.46628e-06
2.59501e-06
1.29707e-06
6.62577e-07
3.36862e-07
1.73309e-07
9.1053e-08
4.87658e-08
2.64915e-08
1.45023e-08
7.93536e-09
4.30525e-09
2.2987e-09
1.19949e-09
6.08162e-10
2.99233e-10
1.40706e-10
6.98889e-11
3.69278e-11
1.75732e-11
7.34238e-12
2.59625e-12
7.38094e-13
1.77036e-13
2.65773e-14
)
;
    }
    frontAndBack
    {
        type            empty;
    }
    internal
    {
        type            internal;
    }
}


// ************************************************************************* //
