/*--------------------------------*- C++ -*----------------------------------*\
  =========                 |
  \\      /  F ield         | OpenFOAM: The Open Source CFD Toolbox
   \\    /   O peration     | Website:  https://openfoam.org
    \\  /    A nd           | Version:  10
     \\/     M anipulation  |
\*---------------------------------------------------------------------------*/
FoamFile
{
    format      ascii;
    class       volScalarField;
    location    "1";
    object      PXC12H25;
}
// * * * * * * * * * * * * * * * * * * * * * * * * * * * * * * * * * * * * * //

dimensions      [0 0 0 0 0 0 0];

internalField   nonuniform List<scalar> 
4000
(
4.07237e-22
2.42335e-22
2.63707e-22
9.3346e-23
2.97335e-22
1.38524e-22
1.11048e-22
1.95171e-22
1.34258e-22
1.44645e-22
2.03082e-22
6.40576e-23
2.01909e-22
5.65838e-23
1.59285e-22
9.39765e-22
7.74744e-22
4.63922e-22
3.27566e-22
5.54565e-22
4.07983e-22
4.40127e-22
3.1727e-22
3.32415e-22
1.72777e-21
4.57481e-22
1.82279e-21
8.85322e-22
2.10632e-21
3.77048e-21
1.41803e-20
3.25147e-20
1.18243e-19
4.13258e-19
1.35728e-18
4.49914e-18
1.43187e-17
4.85402e-17
1.60913e-16
5.28442e-16
1.66958e-15
5.16861e-15
1.55605e-14
4.52379e-14
1.26277e-13
3.63654e-13
1.02375e-12
2.66775e-12
6.21454e-12
1.25545e-11
2.18954e-11
3.46797e-11
5.13541e-11
8.08564e-11
1.30075e-10
2.08038e-10
3.32235e-10
5.75668e-10
1.11929e-09
2.46592e-09
5.69446e-09
1.11796e-08
1.42994e-08
9.05964e-09
4.93295e-09
2.87973e-09
2.17162e-09
2.39264e-09
3.44042e-09
5.34685e-09
8.19871e-09
1.18901e-08
1.46406e-08
1.31834e-08
7.63036e-09
3.35597e-09
1.52919e-09
7.22042e-10
3.51846e-10
1.75944e-10
9.0397e-11
4.75108e-11
2.54524e-11
1.38359e-11
7.58151e-12
4.1528e-12
2.25552e-12
1.20553e-12
6.29568e-13
3.19216e-13
1.56585e-13
7.23923e-14
3.39764e-14
1.875e-14
1.79534e-14
3.16339e-14
5.10432e-14
5.20215e-14
1.32644e-14
1.99629e-15
4.10908e-22
2.69008e-22
8.55409e-23
8.05447e-22
7.01086e-22
5.85356e-22
6.58177e-22
1.18239e-22
6.22862e-23
4.98606e-22
1.05142e-22
4.32399e-23
3.06221e-22
6.6703e-23
4.99808e-23
5.82594e-22
1.17939e-21
1.03897e-21
2.38964e-21
2.78175e-21
1.20916e-21
4.54679e-22
1.31506e-21
1.43021e-21
2.86008e-21
2.7145e-21
1.0091e-21
2.0054e-21
6.18334e-22
5.70019e-21
1.30406e-20
4.11664e-20
1.48211e-19
5.26866e-19
1.74041e-18
5.72568e-18
1.94704e-17
6.39067e-17
2.11301e-16
6.81228e-16
2.16987e-15
6.65895e-15
2.01258e-14
5.83761e-14
1.69807e-13
4.91578e-13
1.34963e-12
3.39261e-12
7.60284e-12
1.48243e-11
2.41431e-11
3.59068e-11
5.51615e-11
8.64507e-11
1.38547e-10
2.22953e-10
3.51778e-10
6.05341e-10
1.17096e-09
2.53258e-09
5.76479e-09
1.11976e-08
1.43413e-08
9.21604e-09
5.05157e-09
2.94441e-09
2.18632e-09
2.36139e-09
3.36256e-09
5.22443e-09
8.04237e-09
1.17391e-08
1.46305e-08
1.33926e-08
7.86304e-09
3.45211e-09
1.5695e-09
7.39548e-10
3.5972e-10
1.79577e-10
9.20762e-11
4.83235e-11
2.58581e-11
1.40315e-11
7.67085e-12
4.19102e-12
2.26986e-12
1.20936e-12
6.29333e-13
3.17781e-13
1.55168e-13
7.14612e-14
3.35534e-14
1.88776e-14
1.88597e-14
3.37456e-14
5.3028e-14
4.86718e-14
1.23094e-14
1.84683e-15
1.43778e-21
2.00697e-22
5.6142e-22
8.96519e-22
2.63319e-21
4.12423e-22
7.53986e-23
4.55191e-23
7.29781e-22
1.68561e-22
8.12617e-22
4.01373e-22
9.92499e-23
4.63096e-22
1.32796e-22
8.1865e-22
1.60206e-22
7.39135e-23
9.31549e-22
4.59486e-22
1.2586e-21
2.76057e-22
3.24742e-22
1.62334e-21
2.77874e-21
4.37589e-21
1.42089e-21
2.8518e-21
1.88698e-21
6.9574e-21
1.77059e-20
5.15119e-20
1.82562e-19
6.25096e-19
2.19452e-18
7.29377e-18
2.42414e-17
8.00039e-17
2.6175e-16
8.33828e-16
2.61989e-15
7.71463e-15
2.44697e-14
6.98325e-14
2.10168e-13
5.92039e-13
1.61363e-12
3.96983e-12
8.51325e-12
1.60985e-11
2.57806e-11
3.83581e-11
5.90785e-11
9.41131e-11
1.48449e-10
2.3073e-10
3.61276e-10
6.20952e-10
1.19885e-09
2.58883e-09
5.84063e-09
1.12443e-08
1.43786e-08
9.35664e-09
5.1556e-09
3.00306e-09
2.2021e-09
2.33324e-09
3.29357e-09
5.11782e-09
7.91134e-09
1.15969e-08
1.46184e-08
1.36027e-08
8.12131e-09
3.56093e-09
1.61536e-09
7.59591e-10
3.68814e-10
1.83854e-10
9.42066e-11
4.93775e-11
2.63776e-11
1.427e-11
7.77912e-12
4.2372e-12
2.28712e-12
1.21401e-12
6.28978e-13
3.1564e-13
1.53139e-13
7.02138e-14
3.30354e-14
1.90913e-14
2.01044e-14
3.63768e-14
5.54702e-14
4.50942e-14
1.12973e-14
1.69012e-15
7.88787e-22
1.15905e-22
4.68729e-22
7.34789e-22
5.95705e-22
1.08897e-21
3.65137e-22
1.00752e-22
7.10668e-22
7.30762e-22
1.2184e-21
1.25485e-21
2.59201e-22
3.15719e-22
4.89527e-22
6.34364e-22
9.27905e-22
4.41086e-22
1.10677e-21
8.9652e-22
7.96781e-22
3.17547e-21
2.24518e-21
3.93929e-22
1.45186e-21
2.93582e-21
1.69458e-21
4.48801e-22
3.27604e-21
7.63188e-21
1.21187e-20
7.25376e-20
2.3993e-19
7.97928e-19
2.71396e-18
9.13457e-18
2.98586e-17
9.92785e-17
3.16753e-16
1.03229e-15
3.2252e-15
9.7623e-15
2.98313e-14
8.51351e-14
2.43799e-13
7.00733e-13
1.87184e-12
4.46722e-12
9.56528e-12
1.68078e-11
2.65386e-11
4.12165e-11
6.40467e-11
1.00732e-10
1.57651e-10
2.36199e-10
3.71132e-10
6.37732e-10
1.23133e-09
2.63602e-09
5.89367e-09
1.1263e-08
1.44149e-08
9.47671e-09
5.24599e-09
3.05705e-09
2.22122e-09
2.3155e-09
3.23744e-09
5.02582e-09
7.7831e-09
1.14576e-08
1.4599e-08
1.37781e-08
8.37709e-09
3.63326e-09
1.64958e-09
7.76203e-10
3.77057e-10
1.87985e-10
9.62767e-11
5.04513e-11
2.7005e-11
1.43952e-11
7.84738e-12
4.27002e-12
2.30067e-12
1.21858e-12
6.30904e-13
3.11527e-13
1.50551e-13
6.89521e-14
3.25911e-14
1.94396e-14
2.16322e-14
3.92259e-14
5.82605e-14
4.17696e-14
1.03794e-14
1.54867e-15
1.72731e-22
4.07713e-22
3.15135e-22
1.09294e-22
3.16742e-22
1.00021e-22
1.08838e-21
1.4611e-22
3.32149e-23
2.80695e-22
4.05686e-22
2.99564e-22
5.04419e-23
1.07852e-22
5.74933e-22
1.18223e-22
6.28951e-22
1.70954e-22
2.22049e-21
1.2776e-21
5.41824e-22
4.10217e-21
6.60109e-22
1.71026e-21
1.45942e-21
1.64789e-21
2.12809e-21
3.67851e-21
9.8557e-22
1.15336e-20
2.51292e-20
9.1421e-20
3.13019e-19
1.02063e-18
3.41353e-18
1.13768e-17
3.70445e-17
1.18618e-16
3.89507e-16
1.23843e-15
3.8269e-15
1.15978e-14
3.40678e-14
1.00243e-13
2.83942e-13
8.05258e-13
2.09498e-12
5.00654e-12
9.93294e-12
1.71823e-11
2.81119e-11
4.33749e-11
6.78628e-11
1.08098e-10
1.61556e-10
2.42175e-10
3.80895e-10
6.52595e-10
1.25473e-09
2.6796e-09
5.95089e-09
1.13021e-08
1.44471e-08
9.5703e-09
5.32159e-09
3.10862e-09
2.24074e-09
2.30588e-09
3.20052e-09
4.96149e-09
7.69641e-09
1.13679e-08
1.45936e-08
1.39342e-08
8.58027e-09
3.71742e-09
1.68514e-09
7.92334e-10
3.84553e-10
1.91532e-10
9.80311e-11
5.13442e-11
2.74652e-11
1.46284e-11
7.95871e-12
4.32108e-12
2.32227e-12
1.22637e-12
6.32638e-13
3.1127e-13
1.49701e-13
6.84459e-14
3.24875e-14
1.99503e-14
2.32692e-14
4.20931e-14
6.12834e-14
3.94901e-14
9.74044e-15
1.44977e-15
5.93897e-23
1.24532e-23
1.93481e-23
4.32524e-22
1.18347e-22
1.62574e-22
7.22315e-22
6.80276e-22
9.30471e-23
2.2814e-23
2.01626e-22
6.14659e-22
6.75335e-22
3.54131e-22
1.12326e-21
1.23261e-21
3.08242e-22
3.25327e-22
6.21181e-22
6.52642e-22
3.12319e-21
2.5889e-21
3.86138e-21
1.75089e-21
5.80944e-22
2.84759e-22
3.45711e-21
2.06369e-21
4.73006e-21
1.24604e-20
3.20614e-20
1.11791e-19
3.64955e-19
1.25333e-18
4.07312e-18
1.37472e-17
4.45982e-17
1.3817e-16
4.62678e-16
1.5095e-15
4.54619e-15
1.34349e-14
3.95062e-14
1.14342e-13
3.27863e-13
8.9986e-13
2.37686e-12
5.22764e-12
1.02214e-11
1.8223e-11
2.94663e-11
4.54415e-11
7.06098e-11
1.12079e-10
1.67053e-10
2.48894e-10
3.88919e-10
6.67257e-10
1.27722e-09
2.7138e-09
5.99023e-09
1.13195e-08
1.44805e-08
9.66396e-09
5.38769e-09
3.14518e-09
2.25534e-09
2.29756e-09
3.16784e-09
4.9101e-09
7.63001e-09
1.12931e-08
1.45817e-08
1.40378e-08
8.71929e-09
3.77891e-09
1.71225e-09
8.04626e-10
3.90377e-10
1.94422e-10
9.94844e-11
5.20941e-11
2.78503e-11
1.48383e-11
8.06539e-12
4.37312e-12
2.34607e-12
1.23614e-12
6.35827e-13
3.12198e-13
1.49604e-13
6.83813e-14
3.25945e-14
2.05162e-14
2.48203e-14
4.471e-14
6.41878e-14
3.81267e-14
9.34912e-15
1.38872e-15
1.65362e-23
3.30149e-22
4.59467e-23
9.77876e-23
3.8703e-22
2.53831e-22
4.26477e-23
1.55796e-23
1.00379e-23
2.22663e-22
3.19575e-22
5.40756e-23
2.55815e-22
1.15013e-21
9.32521e-22
1.03013e-21
5.85564e-22
7.17852e-22
8.03913e-22
2.24597e-22
2.71421e-21
2.58264e-21
5.46187e-22
1.55696e-22
2.29538e-21
4.06587e-21
5.57055e-22
1.41624e-21
5.72292e-21
1.32251e-20
4.1452e-20
1.29327e-19
4.4042e-19
1.48877e-18
4.90252e-18
1.63444e-17
5.34541e-17
1.67363e-16
5.58106e-16
1.74402e-15
5.28533e-15
1.57273e-14
4.53409e-14
1.29989e-13
3.62941e-13
9.98175e-13
2.51292e-12
5.27963e-12
1.07585e-11
1.91244e-11
3.04998e-11
4.67641e-11
7.25501e-11
1.14829e-10
1.70741e-10
2.54079e-10
3.95617e-10
6.77111e-10
1.29413e-09
2.73862e-09
6.01188e-09
1.13217e-08
1.4514e-08
9.75755e-09
5.45311e-09
3.18146e-09
2.26888e-09
2.29118e-09
3.1415e-09
4.865e-09
7.56851e-09
1.12233e-08
1.45677e-08
1.41352e-08
8.85705e-09
3.83805e-09
1.73871e-09
8.16735e-10
3.96148e-10
1.97231e-10
1.00901e-10
5.28233e-11
2.82288e-11
1.50446e-11
8.17229e-12
4.42701e-12
2.37205e-12
1.24781e-12
6.40485e-13
3.14064e-13
1.50106e-13
6.86279e-14
3.28364e-14
2.10782e-14
2.62071e-14
4.69956e-14
6.68067e-14
3.74248e-14
9.1369e-15
1.35517e-15
4.86476e-23
3.60458e-23
5.08941e-22
8.88031e-22
3.23196e-22
1.89696e-22
6.39938e-22
7.19719e-22
2.76748e-22
2.1308e-22
3.98751e-23
3.29733e-22
5.61412e-22
6.8761e-23
4.32665e-23
5.53426e-23
7.48053e-22
2.51526e-22
3.95298e-22
1.89924e-21
2.00714e-21
1.36408e-21
2.14008e-22
2.7433e-23
5.38901e-23
8.92384e-22
9.94196e-22
3.34078e-21
8.4805e-21
1.01697e-20
4.25775e-20
1.60125e-19
5.44025e-19
1.76025e-18
5.77048e-18
1.89313e-17
6.21083e-17
1.90586e-16
6.2357e-16
1.98815e-15
6.00961e-15
1.76448e-14
5.17147e-14
1.46144e-13
4.08653e-13
1.10753e-12
2.60104e-12
5.65309e-12
1.13562e-11
1.99085e-11
3.15814e-11
4.81513e-11
7.44759e-11
1.17441e-10
1.74067e-10
2.58214e-10
4.01151e-10
6.8531e-10
1.30601e-09
2.75206e-09
6.01277e-09
1.13002e-08
1.45493e-08
9.85887e-09
5.5225e-09
3.22542e-09
2.28448e-09
2.28524e-09
3.11528e-09
4.81842e-09
7.50306e-09
1.11482e-08
1.45459e-08
1.4233e-08
9.00592e-09
3.90277e-09
1.76675e-09
8.29535e-10
4.02243e-10
2.00151e-10
1.02371e-10
5.35809e-11
2.86245e-11
1.52578e-11
8.28435e-12
4.48488e-12
2.40102e-12
1.26167e-12
6.46662e-13
3.1681e-13
1.51149e-13
6.9126e-14
3.31734e-14
2.15998e-14
2.73632e-14
4.89196e-14
6.90974e-14
3.71848e-14
9.05024e-15
1.34091e-15
1.18153e-22
2.1994e-23
1.70279e-22
5.80574e-22
8.38156e-22
6.13148e-22
2.05249e-22
4.11641e-23
3.49441e-22
4.95646e-22
7.47169e-23
3.07885e-22
1.74082e-22
3.40021e-23
3.04317e-22
1.64029e-22
1.00309e-21
2.64465e-21
2.98037e-21
2.10754e-21
6.25623e-22
2.03737e-21
9.4857e-22
1.90735e-22
1.44756e-21
3.0036e-21
1.64609e-21
4.68831e-21
1.49542e-21
9.15421e-21
5.24415e-20
1.89685e-19
6.23634e-19
2.07022e-18
6.78735e-18
2.21137e-17
7.34049e-17
2.15231e-16
6.99152e-16
2.19448e-15
6.68042e-15
1.98298e-14
5.74368e-14
1.63174e-13
4.31109e-13
1.07888e-12
2.70649e-12
6.05344e-12
1.19297e-11
2.07033e-11
3.24541e-11
4.92758e-11
7.60567e-11
1.1958e-10
1.76592e-10
2.61316e-10
4.05278e-10
6.91e-10
1.31288e-09
2.75397e-09
5.98995e-09
1.12413e-08
1.45888e-08
1.00204e-08
5.62439e-09
3.27372e-09
2.30307e-09
2.27765e-09
3.08113e-09
4.76007e-09
7.41344e-09
1.10439e-08
1.45078e-08
1.43322e-08
9.16759e-09
3.9735e-09
1.79731e-09
8.43445e-10
4.08907e-10
2.03313e-10
1.03961e-10
5.43986e-11
2.90526e-11
1.54847e-11
8.40449e-12
4.54785e-12
2.43334e-12
1.27772e-12
6.5428e-13
3.20341e-13
1.52659e-13
6.98351e-14
3.35883e-14
2.20904e-14
2.83465e-14
5.0524e-14
7.10602e-14
3.72704e-14
9.05257e-15
1.34033e-15
1.37408e-22
5.64551e-22
4.76655e-22
3.65558e-22
1.83499e-22
3.6236e-22
7.24787e-23
1.95985e-23
2.90293e-22
8.83323e-22
4.0968e-22
1.08567e-21
8.31549e-22
2.13353e-22
2.00408e-21
2.36898e-21
1.88527e-21
1.16026e-21
1.89775e-21
3.13037e-21
2.36405e-21
1.81269e-21
1.46283e-21
2.19344e-21
2.272e-21
4.01329e-22
2.74515e-21
4.475e-21
3.84187e-21
2.46127e-20
6.3427e-20
2.15121e-19
7.1907e-19
2.33272e-18
7.54901e-18
2.41159e-17
7.63015e-17
2.36226e-16
7.8258e-16
2.40891e-15
7.17136e-15
2.11979e-14
6.11331e-14
1.67363e-13
4.37541e-13
1.17892e-12
2.89841e-12
6.40106e-12
1.25128e-11
2.13905e-11
3.32753e-11
5.03782e-11
7.75331e-11
1.21e-10
1.78383e-10
2.63829e-10
4.08242e-10
6.94398e-10
1.31487e-09
2.74726e-09
5.95534e-09
1.11755e-08
1.46262e-08
1.01811e-08
5.72815e-09
3.33182e-09
2.32395e-09
2.27024e-09
3.04625e-09
4.69218e-09
7.30204e-09
1.09379e-08
1.44632e-08
1.44319e-08
9.35666e-09
4.05904e-09
1.83457e-09
8.60292e-10
4.1673e-10
2.06913e-10
1.05736e-10
5.52986e-11
2.95202e-11
1.57275e-11
8.53234e-12
4.61546e-12
2.46856e-12
1.29564e-12
6.63098e-13
3.24507e-13
1.54543e-13
7.07047e-14
3.40506e-14
2.25236e-14
2.91109e-14
5.18154e-14
7.27148e-14
3.75833e-14
9.11751e-15
1.34938e-15
7.24408e-23
5.20201e-22
6.4526e-22
2.37744e-22
1.7668e-22
2.17108e-22
3.21601e-23
1.4833e-23
1.18477e-23
1.13719e-22
1.30174e-23
1.51192e-23
5.49297e-23
1.17363e-21
1.98969e-22
1.23943e-21
1.21401e-21
1.20264e-21
1.64245e-21
1.85593e-21
3.4575e-21
1.06793e-21
1.9008e-22
1.126e-21
2.59973e-21
2.51917e-21
3.07533e-21
4.14098e-21
1.11619e-20
2.99364e-20
8.14222e-20
2.58233e-19
7.82963e-19
2.59426e-18
8.21798e-18
2.61148e-17
8.31255e-17
2.59938e-16
8.52454e-16
2.59265e-15
7.68093e-15
2.23289e-14
6.3004e-14
1.71551e-13
4.78065e-13
1.26836e-12
3.09465e-12
6.79315e-12
1.30833e-11
2.2143e-11
3.43002e-11
5.19946e-11
8.05886e-11
1.2147e-10
1.7976e-10
2.6568e-10
4.10084e-10
6.95684e-10
1.31234e-09
2.72762e-09
5.88846e-09
1.10627e-08
1.46494e-08
1.03445e-08
5.83224e-09
3.38749e-09
2.34445e-09
2.26338e-09
3.01449e-09
4.63591e-09
7.21645e-09
1.08336e-08
1.44108e-08
1.45338e-08
9.54503e-09
4.14235e-09
1.87052e-09
8.76335e-10
4.24325e-10
2.1044e-10
1.07493e-10
5.61963e-11
2.99908e-11
1.59718e-11
8.6639e-12
4.68511e-12
2.50512e-12
1.3145e-12
6.72645e-13
3.2908e-13
1.56679e-13
7.16818e-14
3.45422e-14
2.29109e-14
2.9709e-14
5.28617e-14
7.4116e-14
3.80518e-14
9.22566e-15
1.3651e-15
2.06722e-22
5.69243e-23
7.81818e-22
7.55352e-22
3.7957e-22
3.63966e-22
7.24876e-22
1.27102e-21
8.16465e-22
9.22029e-22
2.23552e-22
1.1277e-21
5.21275e-22
3.9024e-22
3.84137e-22
6.75565e-22
1.29529e-21
1.08743e-21
1.48784e-22
3.39605e-22
1.38693e-22
1.31325e-21
1.54419e-21
1.25597e-21
2.5207e-22
2.39058e-21
3.2195e-21
5.19209e-21
1.09276e-20
3.01645e-20
8.65955e-20
2.74097e-19
8.95765e-19
2.87792e-18
9.40145e-18
2.95321e-17
9.14059e-17
2.83437e-16
8.99706e-16
2.80224e-15
8.21873e-15
2.37231e-14
6.67123e-14
1.84537e-13
5.12449e-13
1.34985e-12
3.27019e-12
7.11331e-12
1.35663e-11
2.27713e-11
3.51259e-11
5.32023e-11
8.22917e-11
1.21568e-10
1.80975e-10
2.67239e-10
4.11241e-10
6.95599e-10
1.30747e-09
2.70862e-09
5.82967e-09
1.09676e-08
1.46758e-08
1.05185e-08
5.94027e-09
3.44429e-09
2.36493e-09
2.25701e-09
2.98269e-09
4.58333e-09
7.12018e-09
1.07152e-08
1.43473e-08
1.46218e-08
9.72722e-09
4.22855e-09
1.90716e-09
8.9304e-10
4.32192e-10
2.14076e-10
1.09282e-10
5.71033e-11
3.04653e-11
1.62172e-11
8.79637e-12
4.75708e-12
2.54375e-12
1.3348e-12
6.82941e-13
3.33999e-13
1.59008e-13
7.27502e-14
3.50621e-14
2.32631e-14
3.01781e-14
5.37106e-14
7.53058e-14
3.86184e-14
9.36151e-15
1.38512e-15
8.1497e-23
4.53878e-23
8.62555e-22
6.94187e-22
6.77236e-22
2.65006e-22
4.80464e-22
3.26793e-22
8.05601e-23
8.91017e-22
3.21563e-22
9.20371e-23
1.11315e-21
5.64064e-22
5.44902e-22
6.07726e-22
4.02413e-22
9.77635e-22
2.55409e-22
8.87504e-22
2.54733e-21
2.04031e-21
1.77016e-21
1.08936e-21
1.68283e-21
3.95091e-21
3.42949e-21
3.79014e-21
8.73168e-21
2.92124e-20
9.12243e-20
2.97799e-19
9.76355e-19
3.16164e-18
1.00523e-17
3.14514e-17
9.72433e-17
3.00057e-16
9.53143e-16
2.98801e-15
8.80287e-15
2.5502e-14
7.07646e-14
1.9986e-13
5.40717e-13
1.41829e-12
3.41654e-12
7.34932e-12
1.38856e-11
2.31413e-11
3.55381e-11
5.36793e-11
8.27563e-11
1.21623e-10
1.82343e-10
2.68462e-10
4.11732e-10
6.94279e-10
1.30011e-09
2.68297e-09
5.76852e-09
1.08666e-08
1.46882e-08
1.06889e-08
6.04906e-09
3.50243e-09
2.38611e-09
2.25083e-09
2.94989e-09
4.52409e-09
7.03239e-09
1.0608e-08
1.42841e-08
1.47042e-08
9.91778e-09
4.31959e-09
1.94643e-09
9.10429e-10
4.40242e-10
2.1776e-10
1.11124e-10
5.80479e-11
3.09613e-11
1.64684e-11
8.93102e-12
4.82956e-12
2.58255e-12
1.35529e-12
6.93615e-13
3.39178e-13
1.61506e-13
7.38646e-14
3.55829e-14
2.35804e-14
3.05495e-14
5.44259e-14
7.63657e-14
3.92758e-14
9.52255e-15
1.40898e-15
2.09174e-23
5.609e-22
1.48235e-22
7.71255e-22
4.9907e-22
4.23036e-22
3.80714e-22
5.19976e-22
5.04453e-22
1.55384e-22
8.66502e-22
7.55433e-22
1.10282e-21
1.34736e-21
1.90948e-21
2.53089e-21
1.78872e-21
1.4481e-21
1.93325e-21
7.75046e-22
3.90813e-21
1.80941e-21
1.33421e-21
7.31554e-22
1.24563e-22
1.16952e-21
4.04229e-21
3.34978e-21
6.29365e-21
2.85402e-20
9.84627e-20
3.22596e-19
1.01643e-18
3.33044e-18
1.05541e-17
3.31378e-17
1.03003e-16
3.10146e-16
1.0044e-15
3.16115e-15
9.17002e-15
2.63796e-14
7.45879e-14
2.11057e-13
5.64352e-13
1.47466e-12
3.51909e-12
7.51309e-12
1.41024e-11
2.33842e-11
3.5797e-11
5.39802e-11
8.2992e-11
1.21624e-10
1.83349e-10
2.6937e-10
4.11823e-10
6.92553e-10
1.29296e-09
2.65736e-09
5.69561e-09
1.07498e-08
1.46905e-08
1.08509e-08
6.15255e-09
3.55806e-09
2.40769e-09
2.24639e-09
2.92001e-09
4.46863e-09
6.95009e-09
1.05002e-08
1.4217e-08
1.47738e-08
1.00886e-08
4.4081e-09
1.98426e-09
9.27259e-10
4.48199e-10
2.21441e-10
1.12937e-10
5.89675e-11
3.14421e-11
1.6714e-11
9.06239e-12
4.90016e-12
2.62031e-12
1.37524e-12
7.03972e-13
3.44187e-13
1.63925e-13
7.4961e-14
3.6093e-14
2.38613e-14
3.08173e-14
5.49962e-14
7.72572e-14
3.99453e-14
9.68813e-15
1.43361e-15
9.33177e-23
1.87644e-22
3.81181e-23
4.04419e-22
2.30366e-22
1.25881e-22
4.51256e-22
6.36304e-23
2.59252e-22
6.95954e-22
1.16584e-21
1.33392e-21
1.77318e-21
1.29369e-21
2.29674e-22
6.33892e-22
1.54626e-21
2.01425e-21
2.1382e-21
1.59832e-21
1.99085e-22
1.06023e-22
1.9016e-21
2.26564e-22
6.19911e-23
2.9315e-22
1.55605e-21
3.26493e-21
7.75748e-21
2.98521e-20
9.5754e-20
3.29663e-19
1.07161e-18
3.49643e-18
1.08832e-17
3.38205e-17
1.07723e-16
3.23694e-16
1.03893e-15
3.21056e-15
9.76313e-15
2.79948e-14
7.92445e-14
2.15626e-13
5.83124e-13
1.51431e-12
3.59504e-12
7.63584e-12
1.42652e-11
2.3569e-11
3.59989e-11
5.4171e-11
8.31309e-11
1.21603e-10
1.84013e-10
2.699e-10
4.11409e-10
6.90041e-10
1.28401e-09
2.63234e-09
5.63042e-09
1.0644e-08
1.46898e-08
1.10019e-08
6.25053e-09
3.61129e-09
2.42882e-09
2.24451e-09
2.89967e-09
4.42044e-09
6.87658e-09
1.04037e-08
1.41538e-08
1.48357e-08
1.02461e-08
4.49188e-09
2.01997e-09
9.43292e-10
4.55652e-10
2.24855e-10
1.14615e-10
5.98162e-11
3.18845e-11
1.69382e-11
9.1825e-12
4.96484e-12
2.65498e-12
1.39361e-12
7.13541e-13
3.48819e-13
1.66166e-13
7.59674e-14
3.65567e-14
2.41104e-14
3.10478e-14
5.54495e-14
7.79853e-14
4.0576e-14
9.84533e-15
1.45705e-15
9.92321e-23
2.54225e-22
1.14508e-22
4.78129e-22
2.53054e-22
5.13648e-23
3.45079e-22
7.90772e-23
8.45446e-23
1.8552e-23
1.01349e-22
1.80436e-21
8.66705e-22
1.34626e-22
7.86605e-22
1.22785e-22
5.62541e-22
1.70715e-21
5.46497e-22
1.2155e-21
1.69592e-22
4.48222e-22
6.19123e-22
1.04912e-21
2.44952e-21
3.91005e-22
2.48237e-21
5.01075e-22
5.89066e-21
2.70942e-20
1.04417e-19
3.47176e-19
1.12477e-18
3.63536e-18
1.15512e-17
3.63685e-17
1.12511e-16
3.55331e-16
1.10009e-15
3.43965e-15
1.0042e-14
2.83343e-14
8.05715e-14
2.19842e-13
5.97578e-13
1.54477e-12
3.65199e-12
7.72526e-12
1.43789e-11
2.36888e-11
3.61239e-11
5.42973e-11
8.32221e-11
1.21562e-10
1.84453e-10
2.70199e-10
4.10803e-10
6.87286e-10
1.27541e-09
2.60705e-09
5.56999e-09
1.05502e-08
1.4682e-08
1.11242e-08
6.3327e-09
3.65663e-09
2.44688e-09
2.24227e-09
2.8774e-09
4.37761e-09
6.81295e-09
1.03197e-08
1.40962e-08
1.48841e-08
1.03792e-08
4.56491e-09
2.05104e-09
9.57119e-10
4.62085e-10
2.27805e-10
1.16064e-10
6.05476e-11
3.22667e-11
1.71317e-11
9.28625e-12
5.02076e-12
2.68502e-12
1.40955e-12
7.21872e-13
3.52864e-13
1.68148e-13
7.68523e-14
3.69597e-14
2.4316e-14
3.1219e-14
5.5804e-14
7.85735e-14
4.11368e-14
9.98564e-15
1.47799e-15
3.45639e-22
4.03919e-22
4.97229e-22
3.06444e-22
4.38763e-22
4.435e-22
4.7654e-22
8.43948e-22
9.03002e-22
1.79979e-22
7.53506e-23
4.62534e-23
8.009e-22
2.06907e-22
1.76539e-21
9.82154e-22
2.92769e-22
5.6439e-22
8.31351e-22
2.40377e-21
1.9457e-21
2.82415e-22
1.38891e-21
8.24752e-22
2.36851e-22
3.0818e-21
4.52689e-22
3.12599e-21
1.23851e-20
4.14644e-20
1.12494e-19
3.63101e-19
1.17788e-18
3.79348e-18
1.20873e-17
3.82763e-17
1.19359e-16
3.65709e-16
1.11972e-15
3.44407e-15
1.01273e-14
2.90249e-14
8.03002e-14
2.22229e-13
6.08998e-13
1.56792e-12
3.69474e-12
7.79234e-12
1.44644e-11
2.37796e-11
3.62164e-11
5.43866e-11
8.32789e-11
1.21527e-10
1.84721e-10
2.70327e-10
4.10186e-10
6.85095e-10
1.26896e-09
2.58904e-09
5.52644e-09
1.04761e-08
1.4673e-08
1.12346e-08
6.40339e-09
3.69446e-09
2.46152e-09
2.23999e-09
2.85853e-09
4.34299e-09
6.76234e-09
1.02542e-08
1.40505e-08
1.49193e-08
1.0483e-08
4.62345e-09
2.07595e-09
9.68192e-10
4.67232e-10
2.30166e-10
1.17222e-10
6.11308e-11
3.25702e-11
1.72852e-11
9.36864e-12
5.06524e-12
2.70895e-12
1.42229e-12
7.28545e-13
3.56106e-13
1.69734e-13
7.75588e-14
3.7277e-14
2.44645e-14
3.13124e-14
5.6054e-14
7.90142e-14
4.15924e-14
1.01e-14
1.49509e-15
9.59282e-23
3.8335e-22
1.0133e-21
1.38621e-21
7.14137e-22
6.44892e-22
5.98489e-22
1.2634e-21
5.20775e-22
7.01932e-23
1.01251e-22
1.67206e-22
4.65812e-22
8.18111e-22
9.73119e-22
1.73157e-21
1.26372e-21
1.54386e-21
1.13822e-21
2.39069e-22
2.37431e-21
1.40332e-21
8.9113e-22
1.4003e-21
2.89959e-21
2.39279e-21
1.25607e-21
6.36444e-22
8.87375e-21
3.89751e-20
1.11815e-19
3.63408e-19
1.20009e-18
3.79441e-18
1.2056e-17
3.79286e-17
1.17631e-16
3.61023e-16
1.12402e-15
3.44022e-15
1.01018e-14
2.88713e-14
8.09992e-14
2.24549e-13
6.17076e-13
1.58438e-12
3.72481e-12
7.83922e-12
1.45242e-11
2.38453e-11
3.6281e-11
5.44521e-11
8.33201e-11
1.21503e-10
1.84886e-10
2.70391e-10
4.09724e-10
6.83471e-10
1.26416e-09
2.57564e-09
5.49404e-09
1.04233e-08
1.46642e-08
1.13062e-08
6.45024e-09
3.71996e-09
2.47141e-09
2.23828e-09
2.8453e-09
4.31913e-09
6.728e-09
1.02078e-08
1.40169e-08
1.49433e-08
1.05557e-08
4.66525e-09
2.0937e-09
9.76078e-10
4.70894e-10
2.31845e-10
1.18047e-10
6.15486e-11
3.27874e-11
1.73949e-11
9.42737e-12
5.09692e-12
2.72598e-12
1.43134e-12
7.33291e-13
3.58415e-13
1.70865e-13
7.80624e-14
3.75044e-14
2.45736e-14
3.13875e-14
5.62254e-14
7.93163e-14
4.19188e-14
1.01821e-14
1.50735e-15
1.04939e-22
2.69693e-23
2.25379e-22
2.7433e-22
1.45026e-22
4.25207e-22
3.41e-22
7.69382e-22
5.17019e-22
5.69641e-22
2.35245e-22
3.66008e-22
5.0413e-22
2.9239e-22
7.82822e-22
7.3487e-22
1.76696e-22
3.38475e-23
2.06373e-22
1.41924e-21
1.1539e-21
4.17244e-22
6.80238e-22
2.04419e-21
2.26407e-21
4.475e-21
7.38623e-22
6.90024e-21
1.02238e-20
2.85227e-20
1.13852e-19
3.73012e-19
1.21665e-18
3.88792e-18
1.24612e-17
3.88576e-17
1.21787e-16
3.6994e-16
1.17985e-15
3.56534e-15
1.02605e-14
2.93684e-14
8.08907e-14
2.28482e-13
6.21309e-13
1.59429e-12
3.74441e-12
7.8701e-12
1.45632e-11
2.38865e-11
3.63225e-11
5.44939e-11
8.33529e-11
1.21502e-10
1.85005e-10
2.70462e-10
4.09529e-10
6.827e-10
1.26176e-09
2.5687e-09
5.47651e-09
1.0395e-08
1.46583e-08
1.13424e-08
6.47452e-09
3.73313e-09
2.47647e-09
2.2373e-09
2.83824e-09
4.30614e-09
6.70853e-09
1.01829e-08
1.39988e-08
1.49555e-08
1.0594e-08
4.68759e-09
2.10319e-09
9.80284e-10
4.72845e-10
2.32741e-10
1.18486e-10
6.17713e-11
3.29038e-11
1.74537e-11
9.459e-12
5.114e-12
2.73519e-12
1.43625e-12
7.35859e-13
3.59666e-13
1.71477e-13
7.83347e-14
3.76275e-14
2.46339e-14
3.14325e-14
5.63158e-14
7.94743e-14
4.20938e-14
1.02261e-14
1.51394e-15
2.12675e-23
6.77081e-22
4.01106e-22
7.10873e-22
5.13632e-22
7.33724e-22
3.1756e-22
1.12988e-21
2.82496e-22
1.07421e-22
1.05795e-21
9.91392e-22
1.07545e-21
2.135e-22
5.43071e-22
7.46045e-22
2.05522e-22
8.07568e-22
8.71082e-22
1.13255e-21
1.07187e-21
7.86822e-22
6.88451e-22
6.76439e-22
1.46362e-21
2.83844e-22
7.40012e-22
1.2542e-21
9.53485e-21
3.94387e-20
1.22992e-19
3.89818e-19
1.2838e-18
4.17513e-18
1.32226e-17
4.09923e-17
1.26153e-16
3.74348e-16
1.1895e-15
3.53691e-15
1.0466e-14
2.97007e-14
8.28195e-14
2.28733e-13
6.23819e-13
1.60035e-12
3.75602e-12
7.88865e-12
1.45875e-11
2.39138e-11
3.63528e-11
5.45281e-11
8.33878e-11
1.21527e-10
1.85121e-10
2.70578e-10
4.09598e-10
6.82663e-10
1.26139e-09
2.56734e-09
5.4728e-09
1.03885e-08
1.46561e-08
1.13491e-08
6.4791e-09
3.73559e-09
2.47736e-09
2.23708e-09
2.83692e-09
4.30385e-09
6.70525e-09
1.01787e-08
1.39958e-08
1.49573e-08
1.05999e-08
4.69107e-09
2.10464e-09
9.80918e-10
4.73134e-10
2.32872e-10
1.1855e-10
6.18028e-11
3.29201e-11
1.74619e-11
9.46337e-12
5.11636e-12
2.73645e-12
1.43692e-12
7.3621e-13
3.59833e-13
1.71558e-13
7.83708e-14
3.76429e-14
2.46396e-14
3.14336e-14
5.633e-14
7.95001e-14
4.21162e-14
1.02316e-14
1.51476e-15
1.00385e-22
8.25591e-23
8.10249e-22
7.3081e-22
6.31269e-22
8.22358e-23
1.4746e-23
1.08592e-22
7.28413e-22
8.27568e-22
1.20052e-22
4.79641e-22
6.67489e-23
1.2851e-22
6.98374e-22
4.66812e-22
1.23047e-21
8.9335e-22
1.14856e-22
2.32578e-22
2.49149e-22
4.42223e-22
8.59737e-22
3.39356e-22
2.50079e-21
8.31026e-22
2.37392e-21
3.57532e-21
1.35179e-20
4.13665e-20
1.27765e-19
4.02099e-19
1.31012e-18
4.22659e-18
1.35529e-17
4.18187e-17
1.28162e-16
3.81272e-16
1.19948e-15
3.5622e-15
1.05247e-14
2.93653e-14
8.39102e-14
2.29518e-13
6.23736e-13
1.60289e-12
3.76093e-12
7.89692e-12
1.45996e-11
2.39296e-11
3.63741e-11
5.45594e-11
8.34356e-11
1.21595e-10
1.85261e-10
2.70793e-10
4.10075e-10
6.83698e-10
1.26382e-09
2.57334e-09
5.48638e-09
1.04094e-08
1.46584e-08
1.13196e-08
6.45977e-09
3.72513e-09
2.47322e-09
2.23753e-09
2.84181e-09
4.31303e-09
6.71914e-09
1.01966e-08
1.40087e-08
1.49479e-08
1.05714e-08
4.67451e-09
2.09759e-09
9.77783e-10
4.71676e-10
2.32203e-10
1.18221e-10
6.16365e-11
3.28332e-11
1.74181e-11
9.43983e-12
5.10364e-12
2.72959e-12
1.43326e-12
7.34285e-13
3.58898e-13
1.71098e-13
7.81664e-14
3.75524e-14
2.46007e-14
3.14154e-14
5.62704e-14
7.93866e-14
4.19777e-14
1.01966e-14
1.50951e-15
7.28275e-23
1.54103e-23
8.95441e-23
1.22516e-22
2.9388e-22
3.03217e-22
6.23413e-23
6.44223e-22
3.22581e-22
2.15616e-22
3.85532e-23
3.29728e-22
7.64067e-23
9.93184e-22
6.84487e-22
1.76222e-21
2.48697e-21
6.75057e-22
3.76756e-22
1.02193e-21
1.47006e-21
2.04036e-21
5.54219e-22
2.68156e-21
2.40935e-21
1.46461e-21
2.22479e-21
2.24157e-21
1.47573e-20
4.59371e-20
1.22832e-19
3.78492e-19
1.24459e-18
3.89497e-18
1.19103e-17
3.77088e-17
1.19098e-16
3.58722e-16
1.1384e-15
3.58725e-15
1.01853e-14
2.96383e-14
8.13895e-14
2.30191e-13
6.23625e-13
1.60091e-12
3.7576e-12
7.8931e-12
1.45974e-11
2.39319e-11
3.6384e-11
5.45846e-11
8.34922e-11
1.21704e-10
1.8543e-10
2.71117e-10
4.10973e-10
6.85814e-10
1.26902e-09
2.58642e-09
5.51656e-09
1.04564e-08
1.46642e-08
1.12552e-08
6.41773e-09
3.7025e-09
2.46438e-09
2.23867e-09
2.85256e-09
4.3329e-09
6.74839e-09
1.02354e-08
1.40362e-08
1.49272e-08
1.05095e-08
4.63887e-09
2.08244e-09
9.71047e-10
4.68546e-10
2.30767e-10
1.17516e-10
6.12801e-11
3.26474e-11
1.73243e-11
9.38949e-12
5.07644e-12
2.71494e-12
1.42545e-12
7.30182e-13
3.56899e-13
1.70117e-13
7.77313e-14
3.73589e-14
2.45164e-14
3.13774e-14
5.61434e-14
7.91447e-14
4.16875e-14
1.01233e-14
1.49854e-15
2.97537e-22
6.66815e-22
2.86706e-22
4.50585e-22
3.00442e-22
3.38286e-22
4.06116e-22
8.00614e-23
2.15863e-23
2.67917e-22
3.63292e-23
1.12005e-22
3.3525e-22
4.28152e-22
7.81298e-23
5.37454e-22
1.08914e-21
1.36031e-21
1.40435e-21
1.9675e-21
8.47553e-22
5.11245e-22
1.18306e-21
1.42077e-21
1.74047e-21
3.88327e-21
4.97219e-21
1.13607e-21
1.31833e-20
4.01406e-20
1.20231e-19
3.69296e-19
1.19782e-18
3.76646e-18
1.19015e-17
3.74823e-17
1.17301e-16
3.59145e-16
1.14932e-15
3.56191e-15
1.02924e-14
2.90469e-14
8.09719e-14
2.30126e-13
6.20763e-13
1.59448e-12
3.74689e-12
7.87863e-12
1.45833e-11
2.39234e-11
3.63868e-11
5.46103e-11
8.35689e-11
1.21869e-10
1.85651e-10
2.71583e-10
4.1236e-10
6.8918e-10
1.27746e-09
2.60786e-09
5.56575e-09
1.05322e-08
1.46713e-08
1.11527e-08
6.35172e-09
3.66719e-09
2.45065e-09
2.24053e-09
2.86949e-09
4.3639e-09
6.79381e-09
1.02948e-08
1.40785e-08
1.48946e-08
1.0415e-08
4.5855e-09
2.05975e-09
9.6097e-10
4.63864e-10
2.28621e-10
1.16461e-10
6.07453e-11
3.23688e-11
1.71837e-11
9.31407e-12
5.03571e-12
2.693e-12
1.41376e-12
7.24047e-13
3.53914e-13
1.68653e-13
7.70793e-14
3.70662e-14
2.43803e-14
3.12921e-14
5.59413e-14
7.87763e-14
4.1258e-14
1.0015e-14
1.48232e-15
2.70365e-22
1.66013e-22
5.10908e-22
7.76994e-22
5.2489e-22
1.58559e-22
2.40845e-22
7.02751e-22
3.11179e-22
5.47574e-23
3.93296e-22
5.54187e-22
7.06121e-22
1.28772e-21
1.0843e-21
1.30769e-21
1.35214e-21
1.74947e-21
1.13488e-21
2.02687e-21
2.91406e-21
3.47093e-22
5.19214e-23
9.10106e-23
1.71714e-21
3.77752e-21
3.1715e-21
3.70607e-21
1.27582e-20
3.382e-20
1.13387e-19
3.79877e-19
1.20304e-18
3.82183e-18
1.21903e-17
3.81391e-17
1.19331e-16
3.61747e-16
1.11328e-15
3.41185e-15
1.01971e-14
2.88319e-14
7.95157e-14
2.27004e-13
6.16409e-13
1.58432e-12
3.7279e-12
7.85033e-12
1.45514e-11
2.38974e-11
3.63744e-11
5.46262e-11
8.36529e-11
1.22077e-10
1.85883e-10
2.72123e-10
4.14096e-10
6.93515e-10
1.28851e-09
2.63628e-09
5.63142e-09
1.0633e-08
1.4675e-08
1.10132e-08
6.26391e-09
3.62059e-09
2.43249e-09
2.24273e-09
2.8911e-09
4.40439e-09
6.85255e-09
1.03717e-08
1.41313e-08
1.48516e-08
1.02929e-08
4.51779e-09
2.03092e-09
9.48136e-10
4.5789e-10
2.25881e-10
1.15109e-10
6.00638e-11
3.20136e-11
1.70043e-11
9.21777e-12
4.98371e-12
2.66501e-12
1.39884e-12
7.16216e-13
3.50106e-13
1.66786e-13
7.62471e-14
3.66926e-14
2.4204e-14
3.11775e-14
5.567e-14
7.82902e-14
4.07117e-14
9.87733e-15
1.46173e-15
1.4555e-24
2.28903e-23
6.00867e-22
3.23703e-22
3.6266e-22
3.00311e-22
1.07722e-21
5.36493e-22
4.14289e-22
3.3421e-22
2.1743e-22
4.53065e-22
1.47395e-21
1.25673e-21
1.80278e-22
6.39041e-22
6.09724e-22
9.54898e-23
1.76529e-22
1.26613e-21
2.61789e-22
2.41089e-21
3.85576e-22
3.44218e-21
3.44618e-21
4.39906e-21
3.87725e-21
7.68984e-21
1.04648e-20
3.56334e-20
1.09396e-19
3.52912e-19
1.16325e-18
3.76229e-18
1.17149e-17
3.76765e-17
1.16321e-16
3.53086e-16
1.09902e-15
3.42547e-15
9.83139e-15
2.90444e-14
8.02558e-14
2.23661e-13
6.07331e-13
1.56746e-12
3.69867e-12
7.80652e-12
1.45004e-11
2.38501e-11
3.63408e-11
5.46247e-11
8.37367e-11
1.22319e-10
1.8605e-10
2.72679e-10
4.16089e-10
6.986e-10
1.30162e-09
2.67006e-09
5.70883e-09
1.07486e-08
1.46747e-08
1.08554e-08
6.16224e-09
3.56557e-09
2.40996e-09
2.24281e-09
2.90837e-09
4.44897e-09
6.92154e-09
1.04629e-08
1.41919e-08
1.47961e-08
1.01459e-08
4.43853e-09
1.99713e-09
9.33081e-10
4.50877e-10
2.22669e-10
1.13538e-10
5.92689e-11
3.15975e-11
1.67934e-11
9.10399e-12
4.92229e-12
2.63195e-12
1.38124e-12
7.06987e-13
3.45623e-13
1.64592e-13
7.52654e-14
3.62466e-14
2.39882e-14
3.10245e-14
5.53252e-14
7.76887e-14
4.00737e-14
9.71694e-15
1.43775e-15
4.87379e-24
1.2586e-22
2.60026e-23
1.23525e-22
1.33898e-22
4.09098e-23
5.42232e-22
5.97064e-22
1.10113e-22
8.97919e-22
8.83781e-22
1.29705e-22
5.35277e-22
8.60421e-23
3.38002e-22
8.9914e-22
3.23809e-22
6.07705e-22
7.0807e-22
8.72128e-22
1.64347e-21
1.62166e-21
2.98418e-22
2.73845e-21
1.9325e-21
3.56147e-21
6.1639e-21
7.20594e-21
1.67679e-20
3.7528e-20
1.17092e-19
3.51536e-19
1.1571e-18
3.89597e-18
1.28653e-17
4.12922e-17
1.24755e-16
3.58164e-16
1.09179e-15
3.38166e-15
9.80201e-15
2.84199e-14
7.96832e-14
2.19101e-13
5.96486e-13
1.54375e-12
3.65537e-12
7.74215e-12
1.44185e-11
2.37728e-11
3.62721e-11
5.45809e-11
8.37732e-11
1.22527e-10
1.86077e-10
2.73067e-10
4.17987e-10
7.03855e-10
1.31567e-09
2.70689e-09
5.79371e-09
1.0874e-08
1.46685e-08
1.06818e-08
6.05329e-09
3.50831e-09
2.38871e-09
2.24671e-09
2.93671e-09
4.50197e-09
6.99988e-09
1.05647e-08
1.42574e-08
1.47275e-08
9.97725e-09
4.3506e-09
1.95966e-09
9.16379e-10
4.43091e-10
2.19104e-10
1.11785e-10
5.83809e-11
3.11308e-11
1.65568e-11
8.97808e-12
4.8542e-12
2.59529e-12
1.36173e-12
6.96766e-13
3.40658e-13
1.62166e-13
7.41788e-14
3.57554e-14
2.37444e-14
3.08384e-14
5.49108e-14
7.69829e-14
3.93756e-14
9.54186e-15
1.41159e-15
1.75995e-22
4.97487e-22
4.74166e-22
8.9766e-23
2.63817e-22
4.88041e-22
6.67896e-22
6.16352e-22
9.30311e-22
1.27346e-21
6.31816e-22
8.52635e-22
1.69743e-22
3.91542e-23
3.66083e-22
3.63809e-22
1.00903e-21
1.13982e-21
6.19771e-22
2.56656e-22
1.37845e-21
1.83902e-21
2.6275e-21
4.31358e-22
2.01537e-21
1.28651e-21
2.54319e-21
6.36413e-21
8.41385e-21
2.67044e-20
9.83129e-20
3.34794e-19
1.08065e-18
3.49644e-18
1.13314e-17
3.56327e-17
1.07563e-16
3.21435e-16
1.02976e-15
3.18428e-15
9.51514e-15
2.73666e-14
7.55403e-14
2.13046e-13
5.81522e-13
1.51192e-12
3.59496e-12
7.64737e-12
1.43025e-11
2.36437e-11
3.61592e-11
5.44889e-11
8.37688e-11
1.22722e-10
1.85924e-10
2.73282e-10
4.19868e-10
7.09229e-10
1.33042e-09
2.7466e-09
5.88687e-09
1.10108e-08
1.46522e-08
1.04921e-08
5.93567e-09
3.4463e-09
2.36493e-09
2.252e-09
2.96993e-09
4.5607e-09
7.0865e-09
1.0676e-08
1.43253e-08
1.46512e-08
9.79283e-09
4.2596e-09
1.92066e-09
8.98905e-10
4.34901e-10
2.1534e-10
1.09923e-10
5.74357e-11
3.06405e-11
1.63081e-11
8.84357e-12
4.78126e-12
2.55614e-12
1.34096e-12
6.85921e-13
3.35399e-13
1.59594e-13
7.30224e-14
3.52247e-14
2.34684e-14
3.06014e-14
5.441e-14
7.61634e-14
3.86466e-14
9.35989e-15
1.38445e-15
1.14464e-22
3.35966e-23
4.5884e-22
3.43784e-22
2.05654e-22
4.10938e-22
1.92002e-22
2.19562e-22
5.42719e-23
5.7965e-22
6.00117e-22
1.11322e-21
1.60136e-22
8.38363e-22
1.0943e-22
1.39259e-22
5.16765e-22
8.90579e-22
1.47707e-21
1.38247e-21
4.49753e-22
8.10039e-22
1.61847e-21
8.85687e-22
2.95577e-21
2.23954e-21
3.33176e-21
3.31182e-21
1.33736e-20
2.97866e-20
8.71424e-20
3.13352e-19
9.95377e-19
3.27103e-18
1.04294e-17
3.32721e-17
1.09576e-16
3.06941e-16
9.85858e-16
3.07456e-15
8.9712e-15
2.60508e-14
7.19691e-14
2.0506e-13
5.60916e-13
1.46374e-12
3.50919e-12
7.51424e-12
1.41327e-11
2.34618e-11
3.59632e-11
5.43197e-11
8.3714e-11
1.2296e-10
1.85398e-10
2.73154e-10
4.21508e-10
7.15482e-10
1.34909e-09
2.79733e-09
6.00306e-09
1.11733e-08
1.46218e-08
1.02881e-08
5.81394e-09
3.38434e-09
2.34305e-09
2.2581e-09
3.00186e-09
4.61594e-09
7.19157e-09
1.08037e-08
1.43953e-08
1.45562e-08
9.59268e-09
4.16601e-09
1.8805e-09
8.80742e-10
4.26339e-10
2.11402e-10
1.07987e-10
5.64549e-11
3.01283e-11
1.60488e-11
8.70523e-12
4.70726e-12
2.51639e-12
1.31989e-12
6.74943e-13
3.3009e-13
1.57039e-13
7.18559e-14
3.46789e-14
2.31627e-14
3.02998e-14
5.38066e-14
7.52215e-14
3.79231e-14
9.18055e-15
1.35775e-15
2.59201e-22
1.41863e-22
5.22025e-22
4.92768e-22
2.19432e-22
6.99356e-22
1.03268e-22
4.68529e-22
7.38012e-23
3.64175e-22
1.05457e-21
6.51939e-22
7.89666e-23
2.85762e-23
4.04592e-22
5.29854e-23
1.12042e-22
2.71288e-21
3.18234e-21
3.78129e-21
2.1239e-21
1.86343e-21
2.45251e-22
6.49499e-23
2.41268e-22
4.74168e-21
5.6325e-21
1.13356e-20
1.46543e-20
2.70615e-20
8.7082e-20
2.84892e-19
9.41335e-19
3.03709e-18
9.67597e-18
3.15151e-17
9.85661e-17
2.99167e-16
9.45192e-16
2.93074e-15
8.62042e-15
2.50767e-14
7.01298e-14
1.94035e-13
5.34185e-13
1.40357e-12
3.38347e-12
7.32314e-12
1.38867e-11
2.31945e-11
3.56755e-11
5.40115e-11
8.35126e-11
1.23123e-10
1.84374e-10
2.72352e-10
4.21814e-10
7.18089e-10
1.3584e-09
2.82604e-09
6.07314e-09
1.12761e-08
1.45834e-08
1.01036e-08
5.69987e-09
3.325e-09
2.32183e-09
2.2655e-09
3.03603e-09
4.67909e-09
7.28103e-09
1.09136e-08
1.44535e-08
1.44617e-08
9.39154e-09
4.07351e-09
1.84073e-09
8.63265e-10
4.1823e-10
2.07694e-10
1.0613e-10
5.55033e-11
2.96301e-11
1.57954e-11
8.56881e-12
4.63378e-12
2.47702e-12
1.29907e-12
6.64091e-13
3.24827e-13
1.54501e-13
7.07191e-14
3.41466e-14
2.28393e-14
2.99243e-14
5.3082e-14
7.41453e-14
3.72473e-14
9.01478e-15
1.33318e-15
5.31407e-23
1.94684e-23
8.23916e-24
1.6739e-23
3.20117e-22
5.77716e-23
2.10306e-22
2.37785e-22
7.17012e-22
1.80165e-22
5.44071e-22
8.48344e-23
3.88697e-22
4.28473e-22
6.48237e-23
2.74317e-22
2.51782e-22
5.66593e-22
6.1051e-22
1.82644e-21
2.03722e-21
9.95126e-22
2.05297e-21
4.00941e-21
3.88011e-21
8.09633e-22
3.06142e-21
4.03788e-21
7.73545e-21
2.285e-20
7.36134e-20
2.59595e-19
8.42139e-19
2.79459e-18
8.82735e-18
2.86961e-17
9.11047e-17
2.78379e-16
8.91683e-16
2.74449e-15
8.15608e-15
2.37124e-14
6.65773e-14
1.80217e-13
5.01838e-13
1.32931e-12
3.23529e-12
7.06379e-12
1.35212e-11
2.27588e-11
3.51798e-11
5.34101e-11
8.2904e-11
1.2313e-10
1.82861e-10
2.70989e-10
4.2122e-10
7.19294e-10
1.36596e-09
2.85266e-09
6.14699e-09
1.13923e-08
1.45289e-08
9.91677e-09
5.58909e-09
3.26892e-09
2.30335e-09
2.27532e-09
3.0747e-09
4.74678e-09
7.39711e-09
1.10255e-08
1.45078e-08
1.43712e-08
9.21806e-09
3.99575e-09
1.80727e-09
8.47837e-10
4.10891e-10
2.04291e-10
1.04443e-10
5.46393e-11
2.91681e-11
1.55542e-11
8.43799e-12
4.56279e-12
2.43904e-12
1.27916e-12
6.54011e-13
3.20017e-13
1.52223e-13
6.96728e-14
3.36376e-14
2.24929e-14
2.94613e-14
5.22463e-14
7.29752e-14
3.66921e-14
8.88159e-15
1.31354e-15
1.31554e-23
3.80706e-22
2.90101e-22
7.65681e-23
2.63503e-22
1.1e-21
1.86924e-22
3.34463e-22
6.92157e-22
1.16455e-21
2.39216e-22
4.11131e-22
8.17794e-23
8.47177e-22
1.05178e-22
3.14885e-22
8.37204e-22
7.70977e-22
6.98745e-22
1.87388e-22
2.02691e-21
1.43618e-21
9.55972e-22
2.1496e-21
2.19047e-21
1.82728e-21
3.36063e-21
7.01219e-21
1.11313e-20
2.68078e-20
7.0741e-20
2.30031e-19
7.71664e-19
2.50606e-18
8.03834e-18
2.58302e-17
8.13341e-17
2.57759e-16
8.06709e-16
2.51591e-15
7.56243e-15
2.21553e-14
6.48586e-14
1.76319e-13
4.60604e-13
1.2367e-12
3.02921e-12
6.65568e-12
1.29336e-11
2.19932e-11
3.41406e-11
5.17463e-11
7.96353e-11
1.23378e-10
1.81797e-10
2.69289e-10
4.19583e-10
7.18604e-10
1.36992e-09
2.87502e-09
6.22112e-09
1.15011e-08
1.44811e-08
9.7473e-09
5.48255e-09
3.21079e-09
2.2824e-09
2.28217e-09
3.10653e-09
4.80431e-09
7.48021e-09
1.11266e-08
1.45522e-08
1.42662e-08
9.0387e-09
3.91785e-09
1.77363e-09
8.32716e-10
4.03751e-10
2.00985e-10
1.02799e-10
5.38008e-11
2.8732e-11
1.53285e-11
8.31764e-12
4.49865e-12
2.40522e-12
1.26166e-12
6.45141e-13
3.15758e-13
1.50236e-13
6.87586e-14
3.31737e-14
2.21201e-14
2.88764e-14
5.12306e-14
7.16228e-14
3.62547e-14
8.78093e-15
1.29893e-15
6.95388e-23
2.4101e-22
1.53637e-22
4.38939e-22
1.03275e-21
1.49121e-22
3.19977e-22
7.01283e-23
6.9656e-22
4.56396e-22
5.14616e-22
6.62567e-23
5.18303e-23
8.49056e-22
2.64071e-22
2.94929e-23
1.64799e-23
5.24931e-23
9.8789e-22
2.29867e-21
3.53033e-22
1.51575e-21
6.04203e-22
1.02147e-21
1.44164e-21
2.52297e-22
1.26711e-21
3.16604e-21
1.22998e-20
2.40037e-20
6.33679e-20
1.91489e-19
6.64827e-19
2.21051e-18
7.18533e-18
2.30695e-17
7.34777e-17
2.35825e-16
7.4848e-16
2.33251e-15
7.06676e-15
2.06675e-14
5.99627e-14
1.72455e-13
4.52851e-13
1.12968e-12
2.82361e-12
6.28116e-12
1.22976e-11
2.1215e-11
3.31501e-11
5.03214e-11
7.76885e-11
1.21979e-10
1.80089e-10
2.66841e-10
4.16627e-10
7.15089e-10
1.36753e-09
2.88099e-09
6.25111e-09
1.15543e-08
1.44346e-08
9.60574e-09
5.3892e-09
3.16489e-09
2.26485e-09
2.2888e-09
3.1363e-09
4.85568e-09
7.55578e-09
1.12158e-08
1.45844e-08
1.41685e-08
8.86676e-09
3.8418e-09
1.74047e-09
8.17921e-10
3.96832e-10
1.97786e-10
1.01214e-10
5.29946e-11
2.83124e-11
1.51093e-11
8.20142e-12
4.43734e-12
2.37337e-12
1.24552e-12
6.37238e-13
3.12024e-13
1.48557e-13
6.79806e-14
3.27527e-14
2.17091e-14
2.8134e-14
4.99892e-14
7.00429e-14
3.59844e-14
8.72618e-15
1.29137e-15
1.67655e-22
2.87183e-23
2.19891e-22
5.08484e-22
6.16113e-22
8.66758e-22
1.28333e-22
5.95286e-22
3.23362e-22
7.48218e-22
9.32451e-22
4.31898e-22
6.65306e-22
5.93071e-22
2.04049e-22
1.0486e-21
1.1321e-21
7.10816e-22
1.83693e-22
1.96249e-21
2.55065e-22
2.90221e-22
2.25653e-21
1.4623e-21
7.54858e-22
3.28388e-21
6.74247e-21
7.99544e-21
1.14131e-20
2.00342e-20
5.087e-20
1.71617e-19
5.55596e-19
1.89672e-18
6.17596e-18
2.04307e-17
6.50934e-17
2.13453e-16
6.77348e-16
2.08404e-15
6.33058e-15
1.88098e-14
5.41648e-14
1.54865e-13
4.34967e-13
1.14185e-12
2.68252e-12
5.85995e-12
1.16988e-11
2.03819e-11
3.22094e-11
4.91044e-11
7.60372e-11
1.1996e-10
1.77748e-10
2.63794e-10
4.12291e-10
7.08752e-10
1.35907e-09
2.87416e-09
6.26058e-09
1.15851e-08
1.43791e-08
9.4797e-09
5.31717e-09
3.12479e-09
2.25119e-09
2.29539e-09
3.1636e-09
4.90447e-09
7.62966e-09
1.13021e-08
1.46118e-08
1.40737e-08
8.72401e-09
3.78061e-09
1.71392e-09
8.05683e-10
3.90967e-10
1.94997e-10
9.98096e-11
5.22711e-11
2.79335e-11
1.4907e-11
8.09434e-12
4.38135e-12
2.34477e-12
1.23142e-12
6.30629e-13
3.08967e-13
1.47272e-13
6.73748e-14
3.2386e-14
2.12482e-14
2.71874e-14
4.84333e-14
6.81582e-14
3.59404e-14
8.73371e-15
1.29339e-15
5.96874e-23
6.54043e-24
3.31938e-24
7.32883e-23
1.43861e-23
1.67805e-23
1.38684e-22
4.3721e-22
1.96391e-22
4.62486e-22
4.65108e-22
2.56848e-22
1.08781e-21
1.17406e-21
1.21417e-21
2.14074e-21
6.16979e-22
1.51399e-21
2.56181e-21
1.49291e-21
2.49363e-21
3.08526e-21
2.84503e-21
1.15584e-21
3.43715e-21
3.57946e-21
1.25352e-21
2.57193e-21
1.25143e-21
1.65351e-20
5.11557e-20
1.41824e-19
4.75562e-19
1.61078e-18
5.28878e-18
1.72433e-17
5.63973e-17
1.80716e-16
6.01082e-16
1.8639e-15
5.63447e-15
1.64534e-14
4.83631e-14
1.334e-13
3.80961e-13
1.03938e-12
2.60956e-12
5.47591e-12
1.11035e-11
1.96437e-11
3.12774e-11
4.78101e-11
7.4158e-11
1.1737e-10
1.74422e-10
2.59503e-10
4.06335e-10
6.99495e-10
1.3444e-09
2.85362e-09
6.24364e-09
1.15833e-08
1.43436e-08
9.40515e-09
5.26329e-09
3.09442e-09
2.23996e-09
2.30129e-09
3.18618e-09
4.94398e-09
7.68304e-09
1.13629e-08
1.46235e-08
1.39849e-08
8.59834e-09
3.72672e-09
1.69025e-09
7.94803e-10
3.85758e-10
1.92477e-10
9.8534e-11
5.16116e-11
2.75888e-11
1.47191e-11
7.99581e-12
4.33072e-12
2.31965e-12
1.21959e-12
6.25496e-13
3.06708e-13
1.46457e-13
6.69786e-14
3.20899e-14
2.0736e-14
2.60125e-14
4.65618e-14
6.59592e-14
3.62107e-14
8.827e-15
1.30858e-15
2.31321e-22
1.01933e-22
2.46531e-22
4.03546e-22
6.8193e-23
5.06959e-22
6.89785e-23
1.07111e-22
2.68777e-23
4.16484e-22
7.54523e-22
1.42564e-21
8.59657e-22
3.71067e-22
4.6236e-22
9.12211e-23
1.33958e-22
6.84437e-23
8.47565e-22
1.7393e-22
8.38196e-22
2.06306e-22
1.10146e-21
2.5256e-21
2.66025e-21
1.91763e-21
3.49892e-21
3.72242e-21
4.21274e-21
9.25923e-21
3.17656e-20
1.19288e-19
3.80782e-19
1.32445e-18
4.43027e-18
1.434e-17
4.77385e-17
1.54824e-16
5.00184e-16
1.60267e-15
4.86926e-15
1.45506e-14
4.23843e-14
1.22918e-13
3.4046e-13
9.49289e-13
2.49284e-12
5.3866e-12
1.04594e-11
1.86311e-11
2.99446e-11
4.6195e-11
7.18279e-11
1.13927e-10
1.6946e-10
2.53853e-10
4.00199e-10
6.89739e-10
1.32682e-09
2.82259e-09
6.20464e-09
1.15564e-08
1.43138e-08
9.34206e-09
5.21645e-09
3.06632e-09
2.22727e-09
2.30664e-09
3.2114e-09
4.98364e-09
7.73389e-09
1.14204e-08
1.463e-08
1.38984e-08
8.48511e-09
3.67774e-09
1.6683e-09
7.84583e-10
3.80845e-10
1.90046e-10
9.72995e-11
5.09734e-11
2.72577e-11
1.45364e-11
7.90153e-12
4.28361e-12
2.29728e-12
1.20981e-12
6.2181e-13
3.05288e-13
1.46162e-13
6.68256e-14
3.189e-14
2.01994e-14
2.46605e-14
4.43441e-14
6.34197e-14
3.69202e-14
9.03995e-15
1.34217e-15
2.5773e-22
1.73857e-22
3.43e-23
1.93205e-22
2.99588e-22
2.86843e-22
4.29428e-22
7.5485e-23
1.21969e-22
1.4273e-22
2.92395e-23
6.00441e-23
1.02447e-21
1.24178e-21
1.6865e-22
3.41663e-23
1.69972e-22
2.59312e-22
1.05312e-21
1.48998e-21
1.21018e-21
2.24442e-21
1.87649e-21
9.11366e-22
8.03807e-22
2.53408e-22
2.66002e-21
4.60771e-22
1.40997e-21
1.10738e-20
2.39404e-20
8.72065e-20
3.14768e-19
1.07451e-18
3.65965e-18
1.17462e-17
4.07315e-17
1.32054e-16
4.2551e-16
1.31776e-15
4.14023e-15
1.23312e-14
3.61793e-14
1.0654e-13
2.97854e-13
8.48635e-13
2.19897e-12
5.22039e-12
1.01466e-11
1.75465e-11
2.86193e-11
4.41572e-11
6.91259e-11
1.10214e-10
1.64939e-10
2.47102e-10
3.90539e-10
6.7536e-10
1.30315e-09
2.78255e-09
6.15161e-09
1.15177e-08
1.42871e-08
9.27938e-09
5.16883e-09
3.03443e-09
2.21505e-09
2.31363e-09
3.23761e-09
5.0291e-09
7.79575e-09
1.14849e-08
1.46304e-08
1.37834e-08
8.34018e-09
3.61679e-09
1.64242e-09
7.72989e-10
3.75409e-10
1.87387e-10
9.59725e-11
5.02976e-11
2.69131e-11
1.43476e-11
7.80652e-12
4.23783e-12
2.27677e-12
1.20173e-12
6.19468e-13
3.04734e-13
1.4643e-13
6.69533e-14
3.18078e-14
1.96409e-14
2.31041e-14
4.17484e-14
6.05665e-14
3.82679e-14
9.42551e-15
1.40226e-15
1.10634e-23
3.12672e-22
7.75293e-22
7.98755e-22
9.30658e-22
9.49022e-22
3.42829e-22
3.88165e-22
7.98972e-23
4.74503e-22
5.68822e-22
5.57273e-22
9.87093e-22
9.28656e-22
9.44474e-22
7.58029e-22
5.56614e-22
8.62293e-23
3.17371e-23
1.14645e-22
2.06468e-21
1.52839e-21
2.06689e-21
1.40205e-21
2.50491e-21
2.7945e-21
3.57916e-21
4.44203e-21
6.86752e-21
6.90492e-21
1.8074e-20
6.55306e-20
2.42966e-19
8.78793e-19
2.94865e-18
9.79185e-18
3.26043e-17
1.05847e-16
3.45286e-16
1.10625e-15
3.42074e-15
1.0395e-14
3.06416e-14
8.9713e-14
2.60088e-13
7.3962e-13
1.96e-12
4.64067e-12
9.80088e-12
1.71941e-11
2.71856e-11
4.20833e-11
6.55139e-11
1.03276e-10
1.61359e-10
2.40757e-10
3.79902e-10
6.56958e-10
1.27065e-09
2.72699e-09
6.07461e-09
1.14569e-08
1.42576e-08
9.20392e-09
5.09826e-09
2.99037e-09
2.20013e-09
2.32431e-09
3.27312e-09
5.08749e-09
7.87186e-09
1.15676e-08
1.4633e-08
1.36447e-08
8.14949e-09
3.57258e-09
1.6208e-09
7.62355e-10
3.70135e-10
1.84665e-10
9.45778e-11
4.95776e-11
2.6545e-11
1.41494e-11
7.70843e-12
4.192e-12
2.25736e-12
1.19491e-12
6.18196e-13
3.05164e-13
1.47356e-13
6.74791e-14
3.19178e-14
1.91324e-14
2.1466e-14
3.89231e-14
5.75865e-14
4.04794e-14
1.00448e-14
1.49808e-15
3.16304e-23
9.38891e-22
1.02962e-21
1.20554e-21
1.11281e-21
3.70842e-22
2.04004e-22
9.43165e-22
1.37789e-21
1.2304e-21
8.58856e-22
9.96922e-22
9.49598e-22
2.75129e-22
6.78057e-23
2.71761e-23
4.74993e-23
7.17478e-22
1.28921e-22
2.47299e-22
5.25926e-22
2.23968e-22
1.69481e-22
2.01683e-21
1.18349e-21
3.34041e-22
2.37966e-21
5.00783e-21
2.5832e-21
1.00632e-21
1.12424e-20
6.21862e-20
1.97818e-19
6.74296e-19
2.2981e-18
7.71254e-18
2.59715e-17
8.36777e-17
2.81236e-16
9.16946e-16
2.84036e-15
8.69389e-15
2.5852e-14
7.60921e-14
2.17677e-13
6.26253e-13
1.6947e-12
4.14136e-12
8.84919e-12
1.63498e-11
2.52863e-11
3.92486e-11
6.03739e-11
9.59916e-11
1.51796e-10
2.35412e-10
3.70103e-10
6.38571e-10
1.23786e-09
2.67252e-09
6.00444e-09
1.14152e-08
1.4225e-08
9.11584e-09
5.02974e-09
2.94825e-09
2.18625e-09
2.34071e-09
3.32234e-09
5.16857e-09
7.98355e-09
1.16794e-08
1.46372e-08
1.34757e-08
7.94142e-09
3.48858e-09
1.5849e-09
7.46277e-10
3.62672e-10
1.81041e-10
9.2796e-11
4.86849e-11
2.60967e-11
1.39234e-11
7.6037e-12
4.14629e-12
2.23941e-12
1.18892e-12
6.15948e-13
3.09015e-13
1.49854e-13
6.87083e-14
3.23507e-14
1.87848e-14
1.99591e-14
3.61263e-14
5.4837e-14
4.36916e-14
1.09318e-14
1.63485e-15
3.8206e-23
1.00101e-21
9.64898e-22
4.74389e-22
1.03073e-21
5.27329e-22
8.76589e-22
9.78177e-22
2.40745e-22
6.56881e-22
5.22768e-22
1.14869e-22
7.32144e-23
5.55513e-22
7.33581e-22
1.51731e-22
4.85067e-23
3.80857e-22
9.22686e-22
2.04038e-21
1.68476e-21
1.04798e-21
1.78239e-22
1.46844e-22
1.53582e-21
3.36311e-22
2.00419e-21
4.91391e-22
1.28875e-21
6.16067e-21
1.1739e-20
4.7629e-20
1.41111e-19
5.27564e-19
1.80338e-18
6.09406e-18
2.09484e-17
6.90984e-17
2.26704e-16
7.30339e-16
2.31722e-15
6.94762e-15
2.0803e-14
6.12798e-14
1.79615e-13
5.09616e-13
1.38801e-12
3.44864e-12
7.58213e-12
1.44561e-11
2.45297e-11
3.65818e-11
5.64668e-11
8.93724e-11
1.42097e-10
2.27228e-10
3.59041e-10
6.19042e-10
1.20261e-09
2.60585e-09
5.91185e-09
1.13514e-08
1.41893e-08
8.98713e-09
4.93387e-09
2.89373e-09
2.17005e-09
2.36688e-09
3.38718e-09
5.26646e-09
8.1107e-09
1.18142e-08
1.46454e-08
1.32853e-08
7.7148e-09
3.38598e-09
1.54106e-09
7.2681e-10
3.5374e-10
1.76849e-10
9.07641e-11
4.76535e-11
2.55017e-11
1.3822e-11
7.55119e-12
4.12336e-12
2.23204e-12
1.18857e-12
6.18094e-13
3.11891e-13
1.52177e-13
7.00566e-14
3.28992e-14
1.85636e-14
1.86589e-14
3.34553e-14
5.23728e-14
4.73059e-14
1.19474e-14
1.79178e-15
1.81475e-23
3.76644e-22
3.19358e-22
2.97181e-22
1.15769e-22
2.01595e-22
1.01867e-22
2.2293e-22
1.86525e-22
1.57846e-22
1.31682e-22
1.78605e-22
8.45615e-23
3.72214e-23
6.94271e-23
9.78086e-23
5.70296e-23
5.1396e-22
2.93218e-22
1.46743e-21
1.11052e-21
1.30769e-21
6.16847e-22
6.16541e-22
2.65689e-21
2.00644e-21
8.17242e-22
3.2167e-21
3.87565e-21
1.25616e-21
1.00748e-20
4.2752e-20
1.14974e-19
4.03269e-19
1.39532e-18
4.52184e-18
1.58858e-17
5.2523e-17
1.7052e-16
5.6947e-16
1.77693e-15
5.37238e-15
1.6115e-14
4.64521e-14
1.28524e-13
3.732e-13
1.04604e-12
2.70693e-12
6.26452e-12
1.27001e-11
2.21247e-11
3.51446e-11
5.19807e-11
8.15394e-11
1.32021e-10
2.1091e-10
3.37153e-10
5.85207e-10
1.14357e-09
2.52857e-09
5.82585e-09
1.13167e-08
1.41471e-08
8.85237e-09
4.83199e-09
2.83588e-09
2.15817e-09
2.39861e-09
3.46353e-09
5.38785e-09
8.25111e-09
1.19522e-08
1.46549e-08
1.31095e-08
7.51644e-09
3.30446e-09
1.50614e-09
7.11344e-10
3.46687e-10
1.73579e-10
8.9208e-11
4.69e-11
2.51353e-11
1.3663e-11
7.48399e-12
4.0973e-12
2.224e-12
1.18786e-12
6.19885e-13
3.14049e-13
1.53913e-13
7.11135e-14
3.33677e-14
1.84586e-14
1.77839e-14
3.14162e-14
5.04741e-14
5.0705e-14
1.29065e-14
1.94129e-15
)
;

boundaryField
{
    fuel
    {
        type            fixedValue;
        value           uniform 0;
    }
    air
    {
        type            fixedValue;
        value           uniform 0;
    }
    outlet
    {
        type            inletOutlet;
        inletValue      uniform 0;
        value           nonuniform List<scalar> 
200
(
0
0
0
0
0
0
0
0
0
0
2.03082e-22
6.40576e-23
2.01909e-22
5.65838e-23
1.59285e-22
9.39765e-22
7.74744e-22
4.63922e-22
3.27566e-22
5.54565e-22
4.07983e-22
4.40127e-22
3.1727e-22
3.32415e-22
1.72777e-21
4.57481e-22
1.82279e-21
8.85322e-22
2.10632e-21
3.77048e-21
1.41803e-20
3.25147e-20
1.18243e-19
4.13258e-19
1.35728e-18
4.49914e-18
1.43187e-17
4.85402e-17
1.60913e-16
5.28442e-16
1.66958e-15
5.16861e-15
1.55605e-14
4.52379e-14
1.26277e-13
3.63654e-13
1.02375e-12
2.66775e-12
6.21454e-12
1.25545e-11
2.18954e-11
3.46797e-11
5.13541e-11
8.08564e-11
1.30075e-10
2.08038e-10
3.32235e-10
5.75668e-10
1.11929e-09
2.46592e-09
5.69446e-09
1.11796e-08
1.42994e-08
9.05964e-09
4.93295e-09
2.87973e-09
2.17162e-09
2.39264e-09
3.44042e-09
5.34685e-09
8.19871e-09
1.18901e-08
1.46406e-08
1.31834e-08
7.63036e-09
3.35597e-09
1.52919e-09
7.22042e-10
3.51846e-10
1.75944e-10
9.0397e-11
4.75108e-11
2.54524e-11
1.38359e-11
7.58151e-12
4.1528e-12
2.25552e-12
1.20553e-12
6.29568e-13
3.19216e-13
1.56585e-13
7.23923e-14
3.39764e-14
1.875e-14
1.79534e-14
3.16339e-14
5.10432e-14
5.20215e-14
1.32644e-14
1.99629e-15
0
0
0
0
0
0
0
0
0
0
1.31682e-22
1.78605e-22
8.45615e-23
3.72214e-23
6.94271e-23
9.78086e-23
5.70296e-23
5.1396e-22
2.93218e-22
1.46743e-21
1.11052e-21
1.30769e-21
6.16847e-22
6.16541e-22
2.65689e-21
2.00644e-21
8.17242e-22
3.2167e-21
3.87565e-21
1.25616e-21
1.00748e-20
4.2752e-20
1.14974e-19
4.03269e-19
1.39532e-18
4.52184e-18
1.58858e-17
5.2523e-17
1.7052e-16
5.6947e-16
1.77693e-15
5.37238e-15
1.6115e-14
4.64521e-14
1.28524e-13
3.732e-13
1.04604e-12
2.70693e-12
6.26452e-12
1.27001e-11
2.21247e-11
3.51446e-11
5.19807e-11
8.15394e-11
1.32021e-10
2.1091e-10
3.37153e-10
5.85207e-10
1.14357e-09
2.52857e-09
5.82585e-09
1.13167e-08
1.41471e-08
8.85237e-09
4.83199e-09
2.83588e-09
2.15817e-09
2.39861e-09
3.46353e-09
5.38785e-09
8.25111e-09
1.19522e-08
1.46549e-08
1.31095e-08
7.51644e-09
3.30446e-09
1.50614e-09
7.11344e-10
3.46687e-10
1.73579e-10
8.9208e-11
4.69e-11
2.51353e-11
1.3663e-11
7.48399e-12
4.0973e-12
2.224e-12
1.18786e-12
6.19885e-13
3.14049e-13
1.53913e-13
7.11135e-14
3.33677e-14
1.84586e-14
1.77839e-14
3.14162e-14
5.04741e-14
5.0705e-14
1.29065e-14
1.94129e-15
)
;
    }
    frontAndBack
    {
        type            empty;
    }
    internal
    {
        type            internal;
    }
}


// ************************************************************************* //
